% f evaluations | g evaluations | best noise-free fitness - Fopt (7.135000000000e+01) + sum g_i+ | measured fitness | best measured fitness or single-digit g-values | x1 | x2...
1 0 +1.205674855e+02 +1.919174855e+02 +1.919174855e+02 +0.0000e+00 +0.0000e+00 +0.0000e+00 +0.0000e+00 +0.0000e+00
6 0 +6.982383015e+01 +1.411738302e+02 +1.411738302e+02 +2.1661e-01 -2.7248e-01 -1.4933e-01 +1.8171e-01 -5.0930e-01
42 0 +5.449587278e+01 +1.258458728e+02 +1.258458728e+02 +5.2085e-02 -2.6914e-01 -6.2706e-01 -5.8722e-02 -4.1213e-01
64 0 +4.841705744e+01 +1.197670574e+02 +1.197670574e+02 -2.0947e-01 -2.5631e-01 -9.5121e-01 -2.7897e-01 -2.0832e-01
65 0 +2.187323624e+01 +9.322323624e+01 +9.322323624e+01 -3.9998e-01 +3.0708e-02 -1.0703e+00 +1.4517e-01 -5.1885e-01
185 0 +1.709442344e+01 +8.844442344e+01 +8.844442344e+01 -2.5948e-01 +3.8024e-02 -1.1653e+00 +7.3254e-02 -5.0112e-01
340 0 +1.694465998e+01 +8.829465998e+01 +8.829465998e+01 -3.5532e-01 -1.8972e-02 -1.0719e+00 +1.1513e-01 -4.9683e-01
344 0 +1.639750764e+01 +8.774750764e+01 +8.774750764e+01 -3.6245e-01 -6.7789e-03 -1.0603e+00 +1.4474e-01 -5.2344e-01
358 0 +1.484218088e+01 +8.619218088e+01 +8.619218088e+01 -3.3046e-01 -4.9438e-02 -1.0687e+00 +1.7535e-01 -5.5491e-01
371 0 +1.467298625e+01 +8.602298625e+01 +8.602298625e+01 -3.1359e-01 -6.1960e-02 -1.0702e+00 +1.5837e-01 -5.7969e-01
412 0 +1.373211887e+01 +8.508211887e+01 +8.508211887e+01 -3.3068e-01 -4.2552e-02 -1.0565e+00 +1.7330e-01 -5.7299e-01
417 0 +1.268663654e+01 +8.403663654e+01 +8.403663654e+01 -3.1719e-01 -4.7996e-02 -1.0717e+00 +1.6391e-01 -5.8194e-01
434 0 +1.220218162e+01 +8.355218162e+01 +8.355218162e+01 -2.7425e-01 -7.2219e-02 -1.0773e+00 +2.0437e-01 -6.1150e-01
436 0 +1.131032922e+01 +8.266032922e+01 +8.266032922e+01 -3.0240e-01 -6.4321e-02 -1.0649e+00 +1.8783e-01 -5.8673e-01
480 0 +9.505142204e+00 +8.085514220e+01 +8.085514220e+01 -2.9776e-01 -6.7583e-02 -1.0670e+00 +1.8247e-01 -5.7522e-01
604 0 +9.137419749e+00 +8.048741975e+01 +8.048741975e+01 -2.8690e-01 -6.5446e-02 -1.0794e+00 +1.8193e-01 -5.9161e-01
672 0 +9.041491836e+00 +8.039149184e+01 +8.039149184e+01 -2.8613e-01 -6.6009e-02 -1.0820e+00 +1.8376e-01 -5.8925e-01
738 0 +8.852685708e+00 +8.020268571e+01 +8.020268571e+01 -2.7960e-01 -6.7150e-02 -1.0818e+00 +1.8061e-01 -5.9536e-01
787 0 +8.685512774e+00 +8.003551277e+01 +8.003551277e+01 -2.8106e-01 -6.6633e-02 -1.0827e+00 +1.8234e-01 -5.9606e-01
811 0 +8.408598882e+00 +7.975859888e+01 +7.975859888e+01 -2.8077e-01 -6.7056e-02 -1.0813e+00 +1.8275e-01 -5.9600e-01
905 0 +8.293450248e+00 +7.964345025e+01 +7.964345025e+01 -2.8075e-01 -6.7354e-02 -1.0815e+00 +1.8336e-01 -5.9568e-01
978 0 +8.116389458e+00 +7.946638946e+01 +7.946638946e+01 -2.8210e-01 -6.7844e-02 -1.0802e+00 +1.8371e-01 -5.9399e-01
% f evaluations | g evaluations | best noise-free fitness - Fopt (-3.552200000000e+02) + sum g_i+ | measured fitness | best measured fitness or single-digit g-values | x1 | x2...
1 0 +1.380502722e+02 -2.171697278e+02 -2.171697278e+02 +0.0000e+00 +0.0000e+00 +0.0000e+00 +0.0000e+00 +0.0000e+00
2 0 +1.040129273e+02 -2.512070727e+02 -2.512070727e+02 +4.3379e-01 +3.0692e-02 +9.8026e-02 +3.4094e-01 +2.4727e-01
9 0 +8.267060463e+01 -2.725493954e+02 -2.725493954e+02 +6.4105e-01 +2.7589e-01 +1.3137e-01 +7.7185e-02 +2.3934e-01
17 0 +7.334128553e+01 -2.818787145e+02 -2.818787145e+02 +4.5209e-01 +5.3273e-02 +2.2394e-01 +5.6433e-01 -1.1978e-01
21 0 +4.141117123e+01 -3.138088288e+02 -3.138088288e+02 +1.3411e+00 -1.3747e-01 -5.5506e-02 +3.2337e-01 -4.0047e-01
30 0 +2.782717148e+01 -3.273928285e+02 -3.273928285e+02 +1.4500e+00 +6.0803e-01 -8.7090e-03 +7.7591e-01 -4.4032e-01
64 0 +9.703047045e+00 -3.455169530e+02 -3.455169530e+02 +1.2822e+00 +7.5679e-01 -5.1795e-01 +4.2625e-01 -5.6047e-01
157 0 +7.175640727e+00 -3.480443593e+02 -3.480443593e+02 +1.3364e+00 +6.5082e-01 -5.6224e-01 +4.3572e-01 -6.6932e-01
185 0 +4.981381417e+00 -3.502386186e+02 -3.502386186e+02 +1.2745e+00 +8.2430e-01 -6.4624e-01 +3.1081e-01 -6.7630e-01
254 0 +4.757240533e+00 -3.504627595e+02 -3.504627595e+02 +1.3186e+00 +7.1260e-01 -6.1759e-01 +3.9208e-01 -7.2250e-01
277 0 +4.466118717e+00 -3.507538813e+02 -3.507538813e+02 +1.3177e+00 +7.7849e-01 -7.2360e-01 +3.1054e-01 -7.7152e-01
278 0 +3.847559035e+00 -3.513724410e+02 -3.513724410e+02 +1.2801e+00 +7.9309e-01 -7.0818e-01 +3.6145e-01 -7.4527e-01
293 0 +3.482123822e+00 -3.517378762e+02 -3.517378762e+02 +1.2694e+00 +8.2368e-01 -7.8723e-01 +3.5592e-01 -7.7127e-01
358 0 +3.202908732e+00 -3.520170913e+02 -3.520170913e+02 +1.2979e+00 +7.7047e-01 -7.5290e-01 +3.4687e-01 -7.6589e-01
381 0 +2.984636350e+00 -3.522353637e+02 -3.522353637e+02 +1.2852e+00 +7.8233e-01 -7.5164e-01 +3.5982e-01 -7.5880e-01
450 0 +2.891633110e+00 -3.523283669e+02 -3.523283669e+02 +1.2913e+00 +7.7589e-01 -7.6081e-01 +3.5303e-01 -7.5603e-01
476 0 +2.861024983e+00 -3.523589750e+02 -3.523589750e+02 +1.2957e+00 +7.7514e-01 -7.5605e-01 +3.5104e-01 -7.5308e-01
485 0 +2.665490264e+00 -3.525545097e+02 -3.525545097e+02 +1.3010e+00 +7.6924e-01 -7.6112e-01 +3.4887e-01 -7.4822e-01
845 0 +2.625993823e+00 -3.525940062e+02 -3.525940062e+02 +1.2923e+00 +7.7935e-01 -7.6076e-01 +3.5385e-01 -7.5038e-01
% f evaluations | g evaluations | best noise-free fitness - Fopt (9.917000000000e+01) + sum g_i+ | measured fitness | best measured fitness or single-digit g-values | x1 | x2...
1 0 +1.990461148e+02 +2.982161148e+02 +2.982161148e+02 +0.0000e+00 +0.0000e+00 +0.0000e+00 +0.0000e+00 +0.0000e+00
2 0 +1.168518065e+02 +2.160218065e+02 +2.160218065e+02 +4.3379e-01 +3.0692e-02 +9.8026e-02 +3.4094e-01 +2.4727e-01
3 0 +9.782992030e+01 +1.969999203e+02 +1.969999203e+02 +1.7369e-01 -1.1375e-01 -3.0566e-01 +1.1285e-01 -1.5359e-01
5 0 +9.558736831e+01 +1.947573683e+02 +1.947573683e+02 +5.3256e-02 -2.3477e-01 +7.8699e-02 +1.0710e-01 +2.4729e-01
6 0 +5.486335096e+01 +1.540333510e+02 +1.540333510e+02 +2.1661e-01 -2.7248e-01 -1.4933e-01 +1.8171e-01 -5.0930e-01
13 0 +5.351313363e+01 +1.526831336e+02 +1.526831336e+02 +3.8921e-01 -2.5384e-02 -6.2639e-01 +3.0830e-01 -2.1732e-01
15 0 +4.659109834e+01 +1.457610983e+02 +1.457610983e+02 +2.9892e-01 -4.3669e-01 +1.0571e-02 +4.6226e-01 -4.6185e-01
23 0 +3.368687692e+01 +1.328568769e+02 +1.328568769e+02 +6.9625e-02 -2.2257e-01 -6.1759e-01 -4.1291e-01 +3.8318e-01
204 0 +3.224891298e+01 +1.314189130e+02 +1.314189130e+02 +1.0796e-01 +2.5066e-01 +1.8526e-02 -4.2786e-01 +9.7839e-01
216 0 +3.132890055e+01 +1.304989005e+02 +1.304989005e+02 +1.1426e-01 +2.7061e-01 +1.5868e-01 -5.0656e-01 +9.8206e-01
302 0 +3.014184602e+01 +1.293118460e+02 +1.293118460e+02 +1.5515e-01 +2.1027e-01 +1.6245e-01 -4.2385e-01 +9.3786e-01
329 0 +2.778953566e+01 +1.269595357e+02 +1.269595357e+02 +1.3380e-01 +2.4986e-01 +3.0535e-01 -4.4377e-01 +9.4112e-01
331 0 +2.685995867e+01 +1.260299587e+02 +1.260299587e+02 +9.7833e-02 +2.6693e-01 +2.0055e-01 -5.0528e-01 +9.4862e-01
394 0 +2.592376690e+01 +1.250937669e+02 +1.250937669e+02 +1.0462e-01 +2.5665e-01 +1.4371e-01 -4.5881e-01 +9.5384e-01
414 0 +2.509167905e+01 +1.242616790e+02 +1.242616790e+02 +1.0276e-01 +2.6156e-01 +1.6769e-01 -4.6784e-01 +9.6260e-01
456 0 +2.454457323e+01 +1.237145732e+02 +1.237145732e+02 +9.9401e-02 +2.5893e-01 +1.3799e-01 -4.4279e-01 +9.7093e-01
467 0 +2.328201380e+01 +1.224520138e+02 +1.224520138e+02 +9.2691e-02 +2.6363e-01 +1.5731e-01 -4.5366e-01 +9.7239e-01
487 0 +2.260599705e+01 +1.217759971e+02 +1.217759971e+02 +9.3378e-02 +2.6514e-01 +1.5092e-01 -4.4543e-01 +9.7717e-01
508 0 +2.219354773e+01 +1.213635477e+02 +1.213635477e+02 +8.9810e-02 +2.6880e-01 +1.4439e-01 -4.4995e-01 +9.8181e-01
513 0 +2.152790177e+01 +1.206979018e+02 +1.206979018e+02 +9.3904e-02 +2.6823e-01 +1.6513e-01 -4.4889e-01 +9.7036e-01
593 0 +2.127378286e+01 +1.204437829e+02 +1.204437829e+02 +8.7911e-02 +2.7144e-01 +1.4805e-01 -4.5016e-01 +9.8147e-01
597 0 +2.086474625e+01 +1.200347462e+02 +1.200347462e+02 +9.0532e-02 +2.6947e-01 +1.5124e-01 -4.5068e-01 +9.7913e-01
757 0 +2.036754315e+01 +1.195375432e+02 +1.195375432e+02 +8.9012e-02 +2.7087e-01 +1.5064e-01 -4.5094e-01 +9.8025e-01
% f evaluations | g evaluations | best noise-free fitness - Fopt (-5.179100000000e+02) + sum g_i+ | measured fitness | best measured fitness or single-digit g-values | x1 | x2...
1 0 +7.971953023e+01 -4.381904698e+02 -4.381904698e+02 +0.0000e+00 +0.0000e+00 +0.0000e+00 +0.0000e+00 +0.0000e+00
2 0 +5.452111593e+01 -4.633888841e+02 -4.633888841e+02 +4.3379e-01 +3.0692e-02 +9.8026e-02 +3.4094e-01 +2.4727e-01
5 0 +4.755840383e+01 -4.703515962e+02 -4.703515962e+02 +5.3256e-02 -2.3477e-01 +7.8699e-02 +1.0710e-01 +2.4729e-01
10 0 +2.637455779e+01 -4.915354422e+02 -4.915354422e+02 +4.5710e-01 -1.7981e-01 +2.1122e-01 +1.1312e-01 +6.7240e-01
15 0 +2.178179611e+01 -4.961282039e+02 -4.961282039e+02 +2.6347e-01 -3.0454e-01 +1.5327e-01 +4.2129e-01 -2.0563e-01
30 0 +1.539830131e+01 -5.025116987e+02 -5.025116987e+02 +6.9021e-01 +5.6678e-01 -9.0704e-02 +3.1116e-01 +8.3988e-02
43 0 +5.502383766e+00 -5.124076162e+02 -5.124076162e+02 +8.6757e-01 +4.2868e-01 -5.7740e-01 +1.8492e-01 +1.5252e+00
51 0 +4.968231967e+00 -5.129417680e+02 -5.129417680e+02 +3.1222e-01 +7.6314e-01 -5.8627e-01 -2.1284e-01 +1.2199e+00
108 0 +3.997576825e+00 -5.139124232e+02 -5.139124232e+02 +8.4297e-01 +4.0424e-01 -4.8464e-01 +2.7152e-01 +1.4411e+00
278 0 +3.866170764e+00 -5.140438292e+02 -5.140438292e+02 +4.4752e-01 +4.1631e-01 -3.2478e-01 +3.0136e-01 +1.4444e+00
290 0 +3.592925109e+00 -5.143170749e+02 -5.143170749e+02 +4.1832e-01 +4.1905e-01 -2.6064e-01 +2.5300e-01 +1.3861e+00
316 0 +2.973106092e+00 -5.149368939e+02 -5.149368939e+02 +3.9313e-01 +3.9582e-01 -2.2091e-01 +2.1791e-01 +1.3467e+00
345 0 +2.907801343e+00 -5.150021987e+02 -5.150021987e+02 +4.2160e-01 +4.4776e-01 -2.1385e-01 +1.9850e-01 +1.3580e+00
370 0 +2.875290641e+00 -5.150347094e+02 -5.150347094e+02 +5.1145e-01 +5.1286e-01 -2.1585e-01 +2.4586e-01 +1.4459e+00
391 0 +2.711633632e+00 -5.151983664e+02 -5.151983664e+02 +5.5207e-01 +5.2465e-01 -2.0325e-01 +2.7621e-01 +1.4483e+00
392 0 +2.521332559e+00 -5.153886674e+02 -5.153886674e+02 +5.3875e-01 +5.2729e-01 -2.1085e-01 +2.7783e-01 +1.4408e+00
402 0 +2.470495484e+00 -5.154395045e+02 -5.154395045e+02 +5.6085e-01 +5.4277e-01 -2.2191e-01 +2.9304e-01 +1.4512e+00
439 0 +2.423668571e+00 -5.154863314e+02 -5.154863314e+02 +5.4905e-01 +5.5285e-01 -2.2614e-01 +2.9532e-01 +1.4290e+00
480 0 +2.371816983e+00 -5.155381830e+02 -5.155381830e+02 +5.5573e-01 +5.5610e-01 -2.1777e-01 +2.7650e-01 +1.4429e+00
491 0 +2.264331853e+00 -5.156456681e+02 -5.156456681e+02 +5.3928e-01 +5.5395e-01 -2.1782e-01 +2.6571e-01 +1.4286e+00
513 0 +2.232209358e+00 -5.156777906e+02 -5.156777906e+02 +5.5097e-01 +5.6019e-01 -2.1620e-01 +2.6295e-01 +1.4327e+00
531 0 +2.183745200e+00 -5.157262548e+02 -5.157262548e+02 +5.4835e-01 +5.5780e-01 -2.2036e-01 +2.6282e-01 +1.4344e+00
599 0 +2.127120241e+00 -5.157828798e+02 -5.157828798e+02 +5.4548e-01 +5.6165e-01 -2.2841e-01 +2.5955e-01 +1.4315e+00
637 0 +2.075729989e+00 -5.158342700e+02 -5.158342700e+02 +5.4526e-01 +5.5918e-01 -2.2743e-01 +2.6129e-01 +1.4321e+00
1118 0 +2.039987228e+00 -5.158700128e+02 -5.158700128e+02 +5.4525e-01 +5.5991e-01 -2.2811e-01 +2.6156e-01 +1.4322e+00
% f evaluations | g evaluations | best noise-free fitness - Fopt (-5.721000000000e+01) + sum g_i+ | measured fitness | best measured fitness or single-digit g-values | x1 | x2...
1 0 +1.005348962e+02 +4.332489617e+01 +4.332489617e+01 +0.0000e+00 +0.0000e+00 +0.0000e+00 +0.0000e+00 +0.0000e+00
6 0 +6.810831823e+01 +1.089831823e+01 +1.089831823e+01 +2.1661e-01 -2.7248e-01 -1.4933e-01 +1.8171e-01 -5.0930e-01
18 0 +5.221756852e+01 -4.992431483e+00 -4.992431483e+00 +5.3510e-01 -4.1282e-01 +8.5270e-02 +8.8454e-02 -3.0479e-01
23 0 +3.402968831e+01 -2.318031169e+01 -2.318031169e+01 -6.8861e-02 -3.1624e-01 -5.2759e-01 -2.3828e-01 +3.5595e-01
58 0 +2.721199243e+01 -2.999800757e+01 -2.999800757e+01 +3.6367e-01 -7.3594e-01 -9.3141e-01 -2.1929e-01 +5.8567e-01
75 0 +8.769384774e+00 -4.844061523e+01 -4.844061523e+01 +2.0496e-01 -6.8281e-01 -9.9424e-01 +1.3839e-01 +6.7713e-01
91 0 +7.877406136e+00 -4.933259386e+01 -4.933259386e+01 +9.6054e-02 -4.5770e-01 -3.7556e-01 +2.3546e-01 +9.2100e-01
133 0 +6.186883118e+00 -5.102311688e+01 -5.102311688e+01 +4.9509e-01 -5.8707e-01 -6.6554e-01 +1.2897e-01 +1.1494e+00
166 0 +5.260246439e+00 -5.194975356e+01 -5.194975356e+01 +4.1520e-01 -3.8544e-01 -7.8264e-01 +3.0803e-01 +9.4397e-01
175 0 +3.988273207e+00 -5.322172679e+01 -5.322172679e+01 +3.1359e-01 -5.0973e-01 -8.2771e-01 +2.3124e-01 +9.2838e-01
178 0 +3.904671461e+00 -5.330532854e+01 -5.330532854e+01 +2.3078e-01 -4.8314e-01 -5.8117e-01 +2.4055e-01 +9.9607e-01
179 0 +2.744914397e+00 -5.446508560e+01 -5.446508560e+01 +2.9232e-01 -5.3816e-01 -5.8936e-01 +2.5990e-01 +1.0924e+00
211 0 +1.933405018e+00 -5.527659498e+01 -5.527659498e+01 +2.2834e-01 -4.4994e-01 -6.3614e-01 +2.4855e-01 +9.9023e-01
228 0 +1.867982530e+00 -5.534201747e+01 -5.534201747e+01 +2.0788e-01 -4.3262e-01 -6.7553e-01 +2.8593e-01 +9.7927e-01
248 0 +1.777574272e+00 -5.543242573e+01 -5.543242573e+01 +2.2890e-01 -4.7544e-01 -7.0970e-01 +2.5395e-01 +9.4250e-01
249 0 +1.386179284e+00 -5.582382072e+01 -5.582382072e+01 +2.4481e-01 -4.6618e-01 -6.8358e-01 +2.5100e-01 +9.6821e-01
268 0 +1.312739902e+00 -5.589726010e+01 -5.589726010e+01 +2.4743e-01 -4.6974e-01 -6.1473e-01 +2.7401e-01 +1.0312e+00
290 0 +1.249267695e+00 -5.596073230e+01 -5.596073230e+01 +2.2605e-01 -4.6678e-01 -6.1219e-01 +2.6862e-01 +1.0086e+00
374 0 +1.164807465e+00 -5.604519254e+01 -5.604519254e+01 +2.2531e-01 -4.6632e-01 -6.2737e-01 +2.6540e-01 +1.0057e+00
402 0 +1.135611246e+00 -5.607438875e+01 -5.607438875e+01 +2.2948e-01 -4.6316e-01 -6.0580e-01 +2.7260e-01 +1.0161e+00
404 0 +1.093213431e+00 -5.611678657e+01 -5.611678657e+01 +2.1367e-01 -4.5226e-01 -5.8614e-01 +2.8250e-01 +1.0095e+00
405 0 +1.052186156e+00 -5.615781384e+01 -5.615781384e+01 +2.3280e-01 -4.5986e-01 -6.0559e-01 +2.7214e-01 +1.0223e+00
406 0 +1.013711271e+00 -5.619628873e+01 -5.619628873e+01 +2.2709e-01 -4.5965e-01 -6.1156e-01 +2.8433e-01 +1.0088e+00
436 0 +9.635446652e-01 -5.624645533e+01 -5.624645533e+01 +2.2308e-01 -4.5832e-01 -5.8624e-01 +2.9160e-01 +1.0218e+00
439 0 +9.306584084e-01 -5.627934159e+01 -5.627934159e+01 +2.2692e-01 -4.4673e-01 -5.8796e-01 +3.2258e-01 +1.0204e+00
449 0 +8.928704675e-01 -5.631712953e+01 -5.631712953e+01 +2.3888e-01 -4.5552e-01 -6.1083e-01 +3.1285e-01 +1.0208e+00
450 0 +7.776825295e-01 -5.643231747e+01 -5.643231747e+01 +2.2211e-01 -4.5129e-01 -6.0462e-01 +3.1249e-01 +1.0156e+00
459 0 +7.317943492e-01 -5.647820565e+01 -5.647820565e+01 +2.3216e-01 -4.5080e-01 -5.9253e-01 +3.3715e-01 +1.0328e+00
482 0 +6.598621159e-01 -5.655013788e+01 -5.655013788e+01 +2.3514e-01 -4.5619e-01 -5.9512e-01 +3.1421e-01 +1.0335e+00
510 0 +6.237423573e-01 -5.658625764e+01 -5.658625764e+01 +2.2588e-01 -4.5167e-01 -5.9253e-01 +3.3155e-01 +1.0305e+00
516 0 +6.123095611e-01 -5.659769044e+01 -5.659769044e+01 +2.2200e-01 -4.5465e-01 -6.0100e-01 +3.0952e-01 +1.0241e+00
524 0 +5.849203149e-01 -5.662507969e+01 -5.662507969e+01 +2.2768e-01 -4.5958e-01 -5.9262e-01 +3.1088e-01 +1.0313e+00
586 0 +5.585202233e-01 -5.665147978e+01 -5.665147978e+01 +2.2671e-01 -4.5662e-01 -6.0108e-01 +3.1606e-01 +1.0243e+00
609 0 +5.292024645e-01 -5.668079754e+01 -5.668079754e+01 +2.2536e-01 -4.5686e-01 -6.0453e-01 +3.1706e-01 +1.0228e+00
637 0 +4.990559507e-01 -5.671094405e+01 -5.671094405e+01 +2.2572e-01 -4.5632e-01 -6.0331e-01 +3.1626e-01 +1.0228e+00
670 0 +4.829175815e-01 -5.672708242e+01 -5.672708242e+01 +2.2525e-01 -4.5711e-01 -6.0323e-01 +3.1582e-01 +1.0228e+00
697 0 +4.737412126e-01 -5.673625879e+01 -5.673625879e+01 +2.2576e-01 -4.5711e-01 -6.0392e-01 +3.1517e-01 +1.0225e+00
887 0 +4.652677940e-01 -5.674473221e+01 -5.674473221e+01 +2.2592e-01 -4.5754e-01 -6.0373e-01 +3.1471e-01 +1.0227e+00
1078 0 +4.558914426e-01 -5.675410856e+01 -5.675410856e+01 +2.2593e-01 -4.5757e-01 -6.0381e-01 +3.1476e-01 +1.0227e+00
% f evaluations | g evaluations | best noise-free fitness - Fopt (6.626000000000e+01) + sum g_i+ | measured fitness | best measured fitness or single-digit g-values | x1 | x2...
1 0 +4.013925787e+01 +1.063992579e+02 +1.063992579e+02 +0.0000e+00 +0.0000e+00 +0.0000e+00 +0.0000e+00 +0.0000e+00
2 0 +2.105705371e+01 +8.731705371e+01 +8.731705371e+01 +4.3379e-01 +3.0692e-02 +9.8026e-02 +3.4094e-01 +2.4727e-01
9 0 +1.975355910e+01 +8.601355910e+01 +8.601355910e+01 +6.4105e-01 +2.7589e-01 +1.3137e-01 +7.7185e-02 +2.3934e-01
16 0 +1.584025298e+01 +8.210025298e+01 +8.210025298e+01 +6.0308e-01 +3.9817e-02 -1.4581e-01 -2.2244e-02 -8.4717e-03
21 0 +1.313764535e+01 +7.939764535e+01 +7.939764535e+01 +9.5262e-01 +5.9667e-02 -1.0929e-01 +2.3549e-01 -1.8715e-02
34 0 +8.765886422e+00 +7.502588642e+01 +7.502588642e+01 +9.0212e-01 -9.9405e-02 +2.4148e-01 -3.0125e-01 +6.4011e-02
59 0 +4.570869362e+00 +7.083086936e+01 +7.083086936e+01 +9.7601e-01 -3.6646e-01 +3.0013e-01 -1.0162e+00 -5.6441e-04
210 0 +3.996020112e+00 +7.025602011e+01 +7.025602011e+01 +1.0806e+00 -4.3175e-02 +1.1706e-01 -4.0935e-02 -1.1961e-02
211 0 +3.856113111e+00 +7.011611311e+01 +7.011611311e+01 +1.0595e+00 -3.8883e-02 +8.4489e-02 -2.8676e-02 -4.6725e-02
239 0 +3.164975571e+00 +6.942497557e+01 +6.942497557e+01 +1.0149e+00 +1.2585e-02 +2.5127e-01 +4.1980e-02 +4.2661e-02
245 0 +2.714351548e+00 +6.897435155e+01 +6.897435155e+01 +1.0740e+00 -1.5375e-02 +1.1623e-01 -2.9235e-03 -8.3551e-02
271 0 +2.618492879e+00 +6.887849288e+01 +6.887849288e+01 +1.0633e+00 -8.3154e-03 +1.5676e-01 +1.7273e-02 -4.6317e-02
285 0 +2.349303464e+00 +6.860930346e+01 +6.860930346e+01 +1.0456e+00 +4.8021e-04 +2.2324e-01 +4.6000e-03 -1.7278e-02
362 0 +2.182521220e+00 +6.844252122e+01 +6.844252122e+01 +1.0656e+00 -5.8977e-03 +1.9029e-01 +6.4647e-03 -1.9125e-02
407 0 +2.018973415e+00 +6.827897342e+01 +6.827897342e+01 +1.0626e+00 -5.4829e-03 +2.0180e-01 +5.1983e-03 -7.9373e-03
464 0 +1.989623047e+00 +6.824962305e+01 +6.824962305e+01 +1.0536e+00 -6.0936e-03 +1.9902e-01 +3.5693e-03 -5.4945e-04
491 0 +1.929529661e+00 +6.818952966e+01 +6.818952966e+01 +1.0488e+00 -3.2871e-03 +1.9955e-01 +5.0980e-03 +6.8897e-04
519 0 +1.893799648e+00 +6.815379965e+01 +6.815379965e+01 +1.0468e+00 -3.9139e-03 +1.9886e-01 +2.8922e-03 +3.5419e-03
526 0 +1.824814327e+00 +6.808481433e+01 +6.808481433e+01 +1.0487e+00 -4.5412e-03 +1.9739e-01 +2.4600e-03 +5.8025e-04
528 0 +1.806846974e+00 +6.806684697e+01 +6.806684697e+01 +1.0500e+00 -4.2636e-03 +1.9718e-01 +2.7347e-03 -1.0975e-03
560 0 +1.746630867e+00 +6.800663087e+01 +6.800663087e+01 +1.0482e+00 -3.8954e-03 +1.9870e-01 +2.7649e-03 +2.6668e-03
631 0 +1.714147247e+00 +6.797414725e+01 +6.797414725e+01 +1.0485e+00 -3.4044e-03 +1.9782e-01 +3.8636e-03 +5.8518e-04
684 0 +1.696878780e+00 +6.795687878e+01 +6.795687878e+01 +1.0485e+00 -3.4789e-03 +1.9798e-01 +3.7418e-03 +1.0077e-03
% f evaluations | g evaluations | best noise-free fitness - Fopt (-1.386200000000e+02) + sum g_i+ | measured fitness | best measured fitness or single-digit g-values | x1 | x2...
1 0 +9.648123554e+01 -4.213876446e+01 -4.213876446e+01 +0.0000e+00 +0.0000e+00 +0.0000e+00 +0.0000e+00 +0.0000e+00
3 0 +8.103688521e+01 -5.758311479e+01 -5.758311479e+01 +1.7369e-01 -1.1375e-01 -3.0566e-01 +1.1285e-01 -1.5359e-01
4 0 +5.514099170e+01 -8.347900830e+01 -8.347900830e+01 +2.4817e-01 +6.3376e-02 -2.2359e-01 +8.0318e-02 +2.1275e-01
6 0 +4.481143498e+01 -9.380856502e+01 -9.380856502e+01 +2.1661e-01 -2.7248e-01 -1.4933e-01 +1.8171e-01 -5.0930e-01
29 0 +1.841835959e+01 -1.202016404e+02 -1.202016404e+02 +2.9084e-01 -8.2950e-02 -5.5158e-01 +2.7413e-01 +4.8519e-01
119 0 +1.819295953e+01 -1.204270405e+02 -1.204270405e+02 +1.4748e-01 +2.3970e-01 -7.0180e-01 -2.2316e-01 +6.6482e-01
126 0 +1.456405297e+01 -1.240559470e+02 -1.240559470e+02 +3.3851e-01 -1.7795e-01 -4.5104e-01 +2.1723e-01 +6.2152e-01
142 0 +1.189575185e+01 -1.267242481e+02 -1.267242481e+02 +1.2178e-01 +9.6189e-02 -7.7206e-01 -4.0331e-01 +1.1508e+00
189 0 +1.067981324e+01 -1.279401868e+02 -1.279401868e+02 -3.5450e-01 +1.7619e-01 -2.6954e-01 -3.0906e-01 +9.2412e-01
211 0 +8.798456839e+00 -1.298215432e+02 -1.298215432e+02 -4.7290e-01 +3.0411e-01 -2.1457e-01 -2.9578e-01 +9.8315e-01
213 0 +7.611405041e+00 -1.310085950e+02 -1.310085950e+02 -5.4050e-01 +2.9590e-01 -4.1018e-02 -1.4105e-01 +7.8201e-01
228 0 +7.333685195e+00 -1.312863148e+02 -1.312863148e+02 -6.2046e-01 +3.7174e-01 -2.0337e-01 -2.6093e-01 +9.5542e-01
249 0 +6.832092829e+00 -1.317879072e+02 -1.317879072e+02 -4.3465e-01 +2.8221e-01 -2.1957e-01 -2.7141e-01 +8.9333e-01
275 0 +6.299773189e+00 -1.323202268e+02 -1.323202268e+02 -5.5183e-01 +4.1958e-01 -1.7802e-01 -3.0213e-01 +8.6751e-01
278 0 +5.788617716e+00 -1.328313823e+02 -1.328313823e+02 -5.3314e-01 +3.2296e-01 -1.5838e-01 -3.0013e-01 +9.0843e-01
281 0 +5.577902806e+00 -1.330420972e+02 -1.330420972e+02 -6.1733e-01 +3.5304e-01 -2.9916e-02 -3.5597e-01 +9.9383e-01
289 0 +4.838094713e+00 -1.337819053e+02 -1.337819053e+02 -5.0025e-01 +2.8317e-01 -1.1133e-01 -3.5085e-01 +9.0815e-01
300 0 +4.222090996e+00 -1.343979090e+02 -1.343979090e+02 -5.9634e-01 +3.2121e-01 -3.9870e-02 -3.6338e-01 +9.6563e-01
328 0 +3.938045097e+00 -1.346819549e+02 -1.346819549e+02 -5.6010e-01 +3.4431e-01 -9.4147e-02 -3.4328e-01 +8.7440e-01
339 0 +3.869881393e+00 -1.347501186e+02 -1.347501186e+02 -5.3519e-01 +3.1262e-01 -1.0946e-01 -3.3494e-01 +8.8702e-01
348 0 +3.271686737e+00 -1.353483133e+02 -1.353483133e+02 -4.8642e-01 +3.6382e-01 -1.5100e-01 -3.3182e-01 +8.7504e-01
362 0 +3.206438220e+00 -1.354135618e+02 -1.354135618e+02 -5.2802e-01 +3.4966e-01 -1.2179e-01 -3.3436e-01 +8.7276e-01
407 0 +3.133108060e+00 -1.354868919e+02 -1.354868919e+02 -5.2548e-01 +3.5759e-01 -1.2927e-01 -3.1936e-01 +8.5626e-01
414 0 +2.963388012e+00 -1.356566120e+02 -1.356566120e+02 -5.3589e-01 +3.7212e-01 -1.3466e-01 -3.1317e-01 +8.4936e-01
539 0 +2.867604667e+00 -1.357523953e+02 -1.357523953e+02 -5.1972e-01 +3.5262e-01 -1.5123e-01 -3.1885e-01 +8.6897e-01
552 0 +2.815382675e+00 -1.358046173e+02 -1.358046173e+02 -5.1133e-01 +3.5119e-01 -1.5966e-01 -3.1593e-01 +8.6475e-01
554 0 +2.663884993e+00 -1.359561150e+02 -1.359561150e+02 -5.1502e-01 +3.5173e-01 -1.5614e-01 -3.1676e-01 +8.6580e-01
584 0 +2.609310766e+00 -1.360106892e+02 -1.360106892e+02 -5.0989e-01 +3.4938e-01 -1.5675e-01 -3.1858e-01 +8.6564e-01
740 0 +2.485467481e+00 -1.361345325e+02 -1.361345325e+02 -4.9764e-01 +3.4709e-01 -1.6059e-01 -3.2196e-01 +8.6348e-01
744 0 +2.420509672e+00 -1.361994903e+02 -1.361994903e+02 -4.9773e-01 +3.4689e-01 -1.5998e-01 -3.2214e-01 +8.6321e-01
1186 0 +2.398754929e+00 -1.362212451e+02 -1.362212451e+02 -4.9792e-01 +3.4641e-01 -1.6031e-01 -3.2193e-01 +8.6358e-01
% f evaluations | g evaluations | best noise-free fitness - Fopt (7.313900000000e+02) + sum g_i+ | measured fitness | best measured fitness or single-digit g-values | x1 | x2...
1 0 +2.516315603e+02 +9.830215603e+02 +9.830215603e+02 +0.0000e+00 +0.0000e+00 +0.0000e+00 +0.0000e+00 +0.0000e+00
2 0 +9.077434924e+01 +8.221643492e+02 +8.221643492e+02 +4.3379e-01 +3.0692e-02 +9.8026e-02 +3.4094e-01 +2.4727e-01
9 0 +6.612174052e+01 +7.975117405e+02 +7.975117405e+02 +6.4105e-01 +2.7589e-01 +1.3137e-01 +7.7185e-02 +2.3934e-01
17 0 +3.160712867e+01 +7.629971287e+02 +7.629971287e+02 +4.8314e-01 +1.0519e-01 +2.6059e-01 +6.4203e-01 +1.0160e-01
21 0 +2.682846849e+01 +7.582184685e+02 +7.582184685e+02 +1.3992e+00 +1.9202e-02 -1.5075e-01 +3.8792e-01 +1.4554e-01
28 0 +2.595894872e+01 +7.573489487e+02 +7.573489487e+02 +1.4798e+00 -7.8549e-03 -1.4170e-02 +2.0980e-01 +1.5079e+00
34 0 +1.314013708e+01 +7.445301371e+02 +7.445301371e+02 +1.5623e+00 +2.4601e-01 +3.3327e-01 +4.8166e-02 +5.4221e-01
460 0 +1.278372205e+01 +7.441737221e+02 +7.441737221e+02 +4.0422e+00 -7.0990e-01 +2.2554e-01 -6.3979e-01 +2.0196e+00
462 0 +1.257471164e+01 +7.439647116e+02 +7.439647116e+02 +4.0474e+00 -7.1205e-01 +2.2582e-01 -6.4086e-01 +2.0218e+00
645 0 +1.224670942e+01 +7.436367094e+02 +7.436367094e+02 +4.0469e+00 -7.1080e-01 +2.2569e-01 -6.4162e-01 +2.0201e+00
825 0 +1.200458015e+01 +7.433945802e+02 +7.433945802e+02 +4.0468e+00 -7.0996e-01 +2.2677e-01 -6.4154e-01 +2.0187e+00
% f evaluations | g evaluations | best noise-free fitness - Fopt (7.526000000000e+01) + sum g_i+ | measured fitness | best measured fitness or single-digit g-values | x1 | x2...
1 0 +1.620238425e+02 +2.372838425e+02 +2.372838425e+02 +0.0000e+00 +0.0000e+00 +0.0000e+00 +0.0000e+00 +0.0000e+00
2 0 +5.976220490e+01 +1.350222049e+02 +1.350222049e+02 +4.3379e-01 +3.0692e-02 +9.8026e-02 +3.4094e-01 +2.4727e-01
8 0 +5.267588673e+01 +1.279358867e+02 +1.279358867e+02 -9.0564e-02 +8.4424e-02 -2.8183e-02 -1.8777e-01 +7.4957e-02
29 0 +4.203423476e+01 +1.172942348e+02 +1.172942348e+02 +3.3976e-01 +5.1529e-04 -1.1039e-01 +4.4324e-01 +4.7626e-01
93 0 +4.140198087e+01 +1.166619809e+02 +1.166619809e+02 +3.2319e-01 +9.6708e-02 +4.8315e-02 -5.2576e-01 +3.8232e-01
207 0 +3.624248588e+01 +1.115024859e+02 +1.115024859e+02 +3.5745e-01 +1.8479e-01 +1.8580e-01 -4.3089e-01 +3.4983e-01
220 0 +3.029819648e+01 +1.055581965e+02 +1.055581965e+02 +3.0818e-01 +1.1112e-01 +2.4264e-01 -4.4326e-01 +3.1627e-01
275 0 +3.012606401e+01 +1.053860640e+02 +1.053860640e+02 +3.3582e-01 +2.1554e-01 +1.9034e-01 -4.2786e-01 +3.1822e-01
276 0 +2.923563275e+01 +1.044956327e+02 +1.044956327e+02 +2.9535e-01 +1.6043e-01 +2.3019e-01 -4.4210e-01 +3.0816e-01
279 0 +2.819347109e+01 +1.034534711e+02 +1.034534711e+02 +2.9427e-01 +1.6942e-01 +2.1073e-01 -4.4758e-01 +3.0965e-01
292 0 +2.767748955e+01 +1.029374895e+02 +1.029374895e+02 +3.2058e-01 +1.3914e-01 +1.7890e-01 -4.9898e-01 +3.3462e-01
319 0 +2.698929347e+01 +1.022492935e+02 +1.022492935e+02 +2.9247e-01 +1.3484e-01 +2.0378e-01 -4.6044e-01 +3.1645e-01
324 0 +2.671222597e+01 +1.019722260e+02 +1.019722260e+02 +3.1055e-01 +1.5476e-01 +2.0397e-01 -4.6498e-01 +3.1483e-01
325 0 +2.556219209e+01 +1.008221921e+02 +1.008221921e+02 +2.9466e-01 +1.3409e-01 +1.8813e-01 -4.8453e-01 +3.1109e-01
353 0 +2.434271603e+01 +9.960271603e+01 +9.960271603e+01 +3.0259e-01 +1.4805e-01 +1.8863e-01 -4.7811e-01 +3.1269e-01
364 0 +2.359005063e+01 +9.885005063e+01 +9.885005063e+01 +2.9722e-01 +1.3361e-01 +1.7553e-01 -4.9169e-01 +3.2252e-01
402 0 +2.322848947e+01 +9.848848947e+01 +9.848848947e+01 +3.0363e-01 +1.4301e-01 +1.9294e-01 -4.7290e-01 +3.2032e-01
455 0 +2.288805864e+01 +9.814805864e+01 +9.814805864e+01 +3.0044e-01 +1.3937e-01 +1.8916e-01 -4.7877e-01 +3.2018e-01
467 0 +2.226882601e+01 +9.752882601e+01 +9.752882601e+01 +3.0021e-01 +1.4049e-01 +1.9372e-01 -4.7505e-01 +3.1717e-01
487 0 +2.134492175e+01 +9.660492175e+01 +9.660492175e+01 +3.0088e-01 +1.3898e-01 +1.9255e-01 -4.7607e-01 +3.1818e-01
% f evaluations | g evaluations | best noise-free fitness - Fopt (-4.913000000000e+01) + sum g_i+ | measured fitness | best measured fitness or single-digit g-values | x1 | x2...
1 0 +1.309286653e+02 +8.179866525e+01 +8.179866525e+01 +0.0000e+00 +0.0000e+00 +0.0000e+00 +0.0000e+00 +0.0000e+00
2 0 +7.809406717e+01 +2.896406717e+01 +2.896406717e+01 +4.3379e-01 +3.0692e-02 +9.8026e-02 +3.4094e-01 +2.4727e-01
7 0 +7.204383795e+01 +2.291383795e+01 +2.291383795e+01 +2.3317e-01 -2.5183e-01 -1.2653e-01 +4.3300e-01 -1.9345e-02
9 0 +6.888787966e+01 +1.975787966e+01 +1.975787966e+01 +6.4105e-01 +2.7589e-01 +1.3137e-01 +7.7185e-02 +2.3934e-01
10 0 +5.035088191e+01 +1.220881910e+00 +1.220881910e+00 +5.8483e-01 -2.8378e-01 +1.3347e-01 +2.9028e-01 +4.7924e-01
25 0 +3.719258127e+01 -1.193741873e+01 -1.193741873e+01 +9.0788e-01 +1.5539e-02 +3.9592e-01 -8.4839e-02 +5.4262e-01
41 0 +3.594553990e+01 -1.318446010e+01 -1.318446010e+01 +4.3148e-01 +1.7969e-02 -8.6016e-01 +4.0407e-01 +1.2094e+00
45 0 +1.329703523e+01 -3.583296477e+01 -3.583296477e+01 +1.2468e+00 -1.1750e-01 -2.4849e-02 +5.3816e-02 +1.5266e+00
88 0 +1.080220438e+01 -3.832779562e+01 -3.832779562e+01 +1.9737e+00 +1.9235e-01 -4.0729e-01 +4.5372e-02 +1.6309e+00
519 0 +1.022907820e+01 -3.890092180e+01 -3.890092180e+01 +1.0995e+00 +2.7706e-01 -4.2800e-01 +4.9684e-01 +1.5089e+00
532 0 +9.475309857e+00 -3.965469014e+01 -3.965469014e+01 +1.0963e+00 +2.7267e-01 -4.3184e-01 +4.9461e-01 +1.5109e+00
% f evaluations | g evaluations | best noise-free fitness - Fopt (-1.418900000000e+02) + sum g_i+ | measured fitness | best measured fitness or single-digit g-values | x1 | x2...
1 0 +4.010699916e+01 -1.017830008e+02 -1.017830008e+02 +0.0000e+00 +0.0000e+00 +0.0000e+00 +0.0000e+00 +0.0000e+00
5 0 +2.046207494e+01 -1.214279251e+02 -1.214279251e+02 +5.3256e-02 -2.3477e-01 +7.8699e-02 +1.0710e-01 +2.4729e-01
47 0 +2.035834316e+01 -1.215316568e+02 -1.215316568e+02 +1.0073e+00 +5.5689e-02 +1.4998e-02 -8.2044e-02 +7.2047e-01
50 0 +1.871850139e+01 -1.231714986e+02 -1.231714986e+02 +8.4186e-01 +8.9840e-02 -4.7401e-01 -1.4704e-02 +1.0615e+00
53 0 +1.250904714e+01 -1.293809529e+02 -1.293809529e+02 +7.4039e-01 +1.2545e-02 -5.2801e-01 -2.1282e-02 +9.3819e-01
69 0 +1.052802645e+01 -1.313619736e+02 -1.313619736e+02 +6.0627e-01 -2.1435e-02 -2.6811e-01 +3.5441e-01 +7.0527e-01
81 0 +6.158520388e+00 -1.357314796e+02 -1.357314796e+02 +1.6431e-01 -1.3963e-01 -3.8125e-01 +1.7683e-01 +6.2249e-01
177 0 +5.641713049e+00 -1.362482870e+02 -1.362482870e+02 +5.6366e-01 +3.2616e-02 -2.4151e-01 +4.1573e-01 +9.0025e-01
180 0 +5.317624462e+00 -1.365723755e+02 -1.365723755e+02 +6.9621e-01 -1.4619e-01 -2.3127e-01 +5.1159e-01 +8.6577e-01
187 0 +4.498309647e+00 -1.373916904e+02 -1.373916904e+02 +5.9781e-01 -6.4698e-02 -1.4038e-01 +4.4868e-01 +8.6435e-01
191 0 +3.702863311e+00 -1.381871367e+02 -1.381871367e+02 +6.8659e-01 +5.0147e-02 -6.0562e-02 +4.7183e-01 +9.1940e-01
193 0 +3.094167888e+00 -1.387958321e+02 -1.387958321e+02 +5.9760e-01 -1.4147e-03 -2.1588e-01 +4.6808e-01 +8.7448e-01
281 0 +2.928831403e+00 -1.389611686e+02 -1.389611686e+02 +5.9080e-01 -2.2271e-02 -1.2646e-01 +4.8441e-01 +9.1364e-01
287 0 +2.858323497e+00 -1.390316765e+02 -1.390316765e+02 +5.9715e-01 -3.4589e-02 -1.5100e-01 +4.7227e-01 +8.7953e-01
308 0 +2.502832654e+00 -1.393871673e+02 -1.393871673e+02 +6.1235e-01 -3.1086e-02 -9.8907e-02 +4.8422e-01 +8.8980e-01
347 0 +2.433945129e+00 -1.394560549e+02 -1.394560549e+02 +6.1855e-01 -2.0351e-02 -1.1849e-01 +4.8935e-01 +9.1232e-01
381 0 +2.317851723e+00 -1.395721483e+02 -1.395721483e+02 +6.2219e-01 -1.2052e-02 -1.1592e-01 +4.9337e-01 +9.1482e-01
412 0 +2.023823058e+00 -1.398661769e+02 -1.398661769e+02 +6.2756e-01 -1.1075e-02 -1.0080e-01 +4.9686e-01 +9.1429e-01
463 0 +1.710668370e+00 -1.401793316e+02 -1.401793316e+02 +6.3755e-01 -6.5251e-03 -1.0520e-01 +5.1071e-01 +9.2907e-01
477 0 +1.670925100e+00 -1.402190749e+02 -1.402190749e+02 +6.4311e-01 -1.3803e-03 -1.0270e-01 +5.1578e-01 +9.3994e-01
587 0 +1.656582286e+00 -1.402334177e+02 -1.402334177e+02 +6.4589e-01 +6.9194e-03 -9.1439e-02 +5.2203e-01 +9.5230e-01
595 0 +1.618868620e+00 -1.402711314e+02 -1.402711314e+02 +6.4247e-01 +1.9179e-03 -9.3487e-02 +5.1798e-01 +9.4509e-01
637 0 +1.569590203e+00 -1.403204098e+02 -1.403204098e+02 +6.4251e-01 +2.6364e-03 -9.4873e-02 +5.1764e-01 +9.4608e-01
645 0 +1.546254241e+00 -1.403437458e+02 -1.403437458e+02 +6.4369e-01 +3.4004e-03 -9.5631e-02 +5.1822e-01 +9.4808e-01
720 0 +1.510690958e+00 -1.403793090e+02 -1.403793090e+02 +6.4390e-01 +4.0749e-03 -9.3397e-02 +5.1923e-01 +9.4880e-01
731 0 +1.472948943e+00 -1.404170511e+02 -1.404170511e+02 +6.4502e-01 +4.6431e-03 -9.3223e-02 +5.2069e-01 +9.4998e-01
745 0 +1.438470182e+00 -1.404515298e+02 -1.404515298e+02 +6.4541e-01 +5.0566e-03 -9.2806e-02 +5.2100e-01 +9.5074e-01
757 0 +1.409781254e+00 -1.404802187e+02 -1.404802187e+02 +6.4457e-01 +4.0324e-03 -9.2927e-02 +5.2000e-01 +9.4944e-01
861 0 +1.379895474e+00 -1.405101045e+02 -1.405101045e+02 +6.4455e-01 +4.0258e-03 -9.2917e-02 +5.2023e-01 +9.4956e-01
% f evaluations | g evaluations | best noise-free fitness - Fopt (1.095700000000e+02) + sum g_i+ | measured fitness | best measured fitness or single-digit g-values | x1 | x2...
1 0 +4.266782679e+01 +1.522378268e+02 +1.522378268e+02 +0.0000e+00 +0.0000e+00 +0.0000e+00 +0.0000e+00 +0.0000e+00
33 0 +4.107667395e+01 +1.506466740e+02 +1.506466740e+02 +1.1705e+00 +1.3580e-01 -9.2196e-02 +4.4106e-01 -1.3261e-03
35 0 +1.789345496e+01 +1.274634550e+02 +1.274634550e+02 +1.4141e+00 +3.6756e-01 +3.1446e-02 +5.6928e-01 +1.0022e-01
47 0 +9.686802145e+00 +1.192568021e+02 +1.192568021e+02 +1.6670e+00 +6.5764e-01 +1.4817e-01 +5.0753e-01 +3.1659e-01
140 0 +8.108356982e+00 +1.176783570e+02 +1.176783570e+02 +1.4818e+00 +3.8867e-01 -1.0902e-01 +6.6232e-01 +2.8280e-01
162 0 +6.379473444e+00 +1.159494734e+02 +1.159494734e+02 +1.7461e+00 +6.9446e-01 -3.2060e-02 +6.0211e-01 +3.3738e-01
188 0 +6.237230666e+00 +1.158072307e+02 +1.158072307e+02 +1.6136e+00 +6.2215e-01 -9.2984e-02 +6.7954e-01 +2.8063e-01
208 0 +5.010736057e+00 +1.145807361e+02 +1.145807361e+02 +1.6073e+00 +6.7135e-01 -4.2629e-02 +6.7196e-01 +2.9806e-01
316 0 +4.401023421e+00 +1.139710234e+02 +1.139710234e+02 +1.6304e+00 +6.9646e-01 -3.9907e-02 +6.8648e-01 +3.5388e-01
317 0 +4.264855739e+00 +1.138348557e+02 +1.138348557e+02 +1.6497e+00 +7.0142e-01 -4.5938e-02 +6.6809e-01 +3.5452e-01
339 0 +4.064807218e+00 +1.136348072e+02 +1.136348072e+02 +1.6187e+00 +6.8021e-01 -7.9446e-02 +6.6178e-01 +3.3636e-01
407 0 +3.859214040e+00 +1.134292140e+02 +1.134292140e+02 +1.6657e+00 +7.3558e-01 -7.9083e-02 +6.3081e-01 +3.4822e-01
420 0 +3.759015113e+00 +1.133290151e+02 +1.133290151e+02 +1.6458e+00 +7.0571e-01 -8.4172e-02 +6.2952e-01 +3.4630e-01
422 0 +3.540257093e+00 +1.131102571e+02 +1.131102571e+02 +1.6796e+00 +7.4804e-01 -7.8467e-02 +6.2840e-01 +3.5678e-01
449 0 +3.387343022e+00 +1.129573430e+02 +1.129573430e+02 +1.6675e+00 +7.1512e-01 -1.1070e-01 +6.2353e-01 +3.5461e-01
457 0 +3.146507319e+00 +1.127165073e+02 +1.127165073e+02 +1.6660e+00 +7.2059e-01 -1.2446e-01 +6.0164e-01 +3.5369e-01
565 0 +2.863288729e+00 +1.124332887e+02 +1.124332887e+02 +1.6724e+00 +7.1754e-01 -1.2086e-01 +6.1507e-01 +3.5392e-01
582 0 +2.706593227e+00 +1.122765932e+02 +1.122765932e+02 +1.6835e+00 +7.1748e-01 -1.2588e-01 +6.1147e-01 +3.5218e-01
673 0 +2.652451141e+00 +1.122224511e+02 +1.122224511e+02 +1.6841e+00 +7.2148e-01 -1.3568e-01 +6.0193e-01 +3.5073e-01
683 0 +2.581101685e+00 +1.121511017e+02 +1.121511017e+02 +1.6849e+00 +7.2073e-01 -1.3014e-01 +6.0589e-01 +3.5179e-01
698 0 +2.500919369e+00 +1.120709194e+02 +1.120709194e+02 +1.6828e+00 +7.2289e-01 -1.3125e-01 +6.0422e-01 +3.5199e-01
701 0 +2.439470350e+00 +1.120094704e+02 +1.120094704e+02 +1.6843e+00 +7.1893e-01 -1.2988e-01 +6.0605e-01 +3.5043e-01
736 0 +2.385026049e+00 +1.119550260e+02 +1.119550260e+02 +1.6842e+00 +7.2062e-01 -1.3238e-01 +6.0428e-01 +3.5086e-01
737 0 +2.330987585e+00 +1.119009876e+02 +1.119009876e+02 +1.6825e+00 +7.1938e-01 -1.3278e-01 +6.0500e-01 +3.5100e-01
771 0 +2.255065505e+00 +1.118250655e+02 +1.118250655e+02 +1.6834e+00 +7.1936e-01 -1.3204e-01 +6.0423e-01 +3.5025e-01
797 0 +2.238283652e+00 +1.118082837e+02 +1.118082837e+02 +1.6827e+00 +7.1882e-01 -1.3272e-01 +6.0414e-01 +3.5040e-01
955 0 +2.178801378e+00 +1.117488014e+02 +1.117488014e+02 +1.6838e+00 +7.1913e-01 -1.3176e-01 +6.0480e-01 +3.5012e-01
% f evaluations | g evaluations | best noise-free fitness - Fopt (7.836000000000e+01) + sum g_i+ | measured fitness | best measured fitness or single-digit g-values | x1 | x2...
1 0 +1.000753764e+02 +1.784353764e+02 +1.784353764e+02 +0.0000e+00 +0.0000e+00 +0.0000e+00 +0.0000e+00 +0.0000e+00
3 0 +8.267462853e+01 +1.610346285e+02 +1.610346285e+02 +1.7369e-01 -1.1375e-01 -3.0566e-01 +1.1285e-01 -1.5359e-01
4 0 +7.749146911e+01 +1.558514691e+02 +1.558514691e+02 +2.4817e-01 +6.3376e-02 -2.2359e-01 +8.0318e-02 +2.1275e-01
12 0 +6.858862456e+01 +1.469486246e+02 +1.469486246e+02 -7.8200e-02 +1.4133e-01 -4.1257e-01 +7.1000e-02 -1.4537e-01
13 0 +5.071010996e+01 +1.290701100e+02 +1.290701100e+02 +2.5718e-01 +5.3530e-03 -7.2558e-01 +2.9926e-01 -1.2135e-01
20 0 +4.897334578e+01 +1.273333458e+02 +1.273333458e+02 +3.6371e-01 +2.5860e-01 -6.7286e-01 +4.9162e-01 +5.5910e-02
23 0 +4.067754413e+01 +1.190375441e+02 +1.190375441e+02 -5.1862e-02 -2.6191e-01 -8.2534e-01 -3.3084e-01 +4.6858e-01
29 0 +2.947348342e+01 +1.078334834e+02 +1.078334834e+02 -8.1099e-03 -3.5672e-02 -8.0299e-01 +2.9666e-01 +4.0260e-01
36 0 +1.715014946e+01 +9.551014946e+01 +9.551014946e+01 +8.1545e-02 +3.2893e-03 -8.4889e-01 -2.7918e-01 +4.5080e-01
46 0 +1.669261862e+01 +9.505261862e+01 +9.505261862e+01 +4.9496e-01 +1.9690e-01 -1.0441e+00 -3.0366e-01 +4.1904e-01
49 0 +1.317930320e+01 +9.153930320e+01 +9.153930320e+01 +3.6526e-01 +1.9160e-01 -9.0544e-01 -6.9517e-01 +7.1608e-01
63 0 +1.242968564e+01 +9.078968564e+01 +9.078968564e+01 +5.8215e-01 +6.9145e-01 -9.3429e-01 -1.2337e-01 +8.6481e-01
97 0 +6.460575907e+00 +8.482057591e+01 +8.482057591e+01 +3.7935e-02 +7.2000e-02 -1.2277e+00 +4.1652e-01 -1.8594e-02
129 0 +5.277171368e+00 +8.363717137e+01 +8.363717137e+01 +1.9136e-01 +2.6968e-01 -1.1860e+00 +5.5554e-01 +1.7960e-01
132 0 +4.068630036e+00 +8.242863004e+01 +8.242863004e+01 +3.3219e-01 +3.5253e-01 -1.2796e+00 +3.2243e-01 +3.7570e-01
203 0 +3.951105591e+00 +8.231110559e+01 +8.231110559e+01 +4.3869e-01 +5.0143e-01 -1.1403e+00 +4.9290e-01 +4.1161e-01
219 0 +3.799636741e+00 +8.215963674e+01 +8.215963674e+01 +3.9437e-01 +4.7410e-01 -1.1821e+00 +5.1344e-01 +3.4482e-01
234 0 +3.062166077e+00 +8.142216608e+01 +8.142216608e+01 +4.7868e-01 +5.2329e-01 -1.2519e+00 +4.7990e-01 +3.5671e-01
241 0 +2.625335423e+00 +8.098533542e+01 +8.098533542e+01 +4.6030e-01 +5.1009e-01 -1.2595e+00 +4.5280e-01 +3.4261e-01
245 0 +2.407611234e+00 +8.076761123e+01 +8.076761123e+01 +4.5710e-01 +4.9891e-01 -1.2496e+00 +4.4841e-01 +3.1922e-01
310 0 +2.060631414e+00 +8.042063141e+01 +8.042063141e+01 +4.6465e-01 +5.0022e-01 -1.2438e+00 +4.2593e-01 +3.4532e-01
348 0 +1.793573384e+00 +8.015357338e+01 +8.015357338e+01 +4.9037e-01 +5.3001e-01 -1.2764e+00 +4.2967e-01 +3.4741e-01
395 0 +1.660209071e+00 +8.002020907e+01 +8.002020907e+01 +4.9989e-01 +5.4545e-01 -1.2804e+00 +4.7001e-01 +3.1602e-01
421 0 +1.589486839e+00 +7.994948684e+01 +7.994948684e+01 +4.9644e-01 +5.3701e-01 -1.2785e+00 +4.4916e-01 +3.3329e-01
447 0 +1.509768760e+00 +7.986976876e+01 +7.986976876e+01 +5.0228e-01 +5.4873e-01 -1.2791e+00 +4.5773e-01 +3.3900e-01
461 0 +1.441225809e+00 +7.980122581e+01 +7.980122581e+01 +5.0818e-01 +5.5042e-01 -1.2823e+00 +4.5942e-01 +3.3616e-01
479 0 +1.390684547e+00 +7.975068455e+01 +7.975068455e+01 +5.0523e-01 +5.4938e-01 -1.2787e+00 +4.5694e-01 +3.3720e-01
503 0 +1.269073897e+00 +7.962907390e+01 +7.962907390e+01 +4.9964e-01 +5.4371e-01 -1.2776e+00 +4.5499e-01 +3.4314e-01
594 0 +1.225649779e+00 +7.958564978e+01 +7.958564978e+01 +5.0509e-01 +5.4899e-01 -1.2787e+00 +4.5503e-01 +3.4366e-01
668 0 +1.193471308e+00 +7.955347131e+01 +7.955347131e+01 +5.0609e-01 +5.5011e-01 -1.2791e+00 +4.5420e-01 +3.4553e-01
725 0 +1.161477560e+00 +7.952147756e+01 +7.952147756e+01 +5.0690e-01 +5.5067e-01 -1.2789e+00 +4.5446e-01 +3.4575e-01
764 0 +1.144604600e+00 +7.950460460e+01 +7.950460460e+01 +5.0701e-01 +5.5050e-01 -1.2787e+00 +4.5385e-01 +3.4667e-01
844 0 +1.119376912e+00 +7.947937691e+01 +7.947937691e+01 +5.0680e-01 +5.5015e-01 -1.2787e+00 +4.5391e-01 +3.4629e-01
% f evaluations | g evaluations | best noise-free fitness - Fopt (1.140900000000e+02) + sum g_i+ | measured fitness | best measured fitness or single-digit g-values | x1 | x2...
1 0 +1.423073396e+02 +2.563973396e+02 +2.563973396e+02 +0.0000e+00 +0.0000e+00 +0.0000e+00 +0.0000e+00 +0.0000e+00
2 0 +8.714133504e+01 +2.012313350e+02 +2.012313350e+02 +4.3379e-01 +3.0692e-02 +9.8026e-02 +3.4094e-01 +2.4727e-01
3 0 +6.480570379e+01 +1.788957038e+02 +1.788957038e+02 +1.7369e-01 -1.1375e-01 -3.0566e-01 +1.1285e-01 -1.5359e-01
6 0 +4.344431474e+01 +1.575343147e+02 +1.575343147e+02 +2.1661e-01 -2.7248e-01 -1.4933e-01 +1.8171e-01 -5.0930e-01
11 0 +3.310281933e+01 +1.471928193e+02 +1.471928193e+02 +1.6892e-01 +1.8584e-01 -5.1742e-01 +2.9058e-01 -3.1251e-01
15 0 +2.519423500e+01 +1.392842350e+02 +1.392842350e+02 +2.6391e-01 -5.1863e-01 -1.3636e-01 +5.8003e-01 -5.6019e-01
20 0 +1.333117354e+01 +1.274211735e+02 +1.274211735e+02 +4.8021e-01 +2.0834e-01 -5.5447e-01 +8.3174e-01 -3.1571e-01
21 0 +6.115084601e+00 +1.202050846e+02 +1.202050846e+02 +9.5090e-01 -2.8642e-01 -4.1691e-01 +5.6109e-01 -7.0573e-01
34 0 +3.306756856e+00 +1.173967569e+02 +1.173967569e+02 +9.2731e-01 -1.4081e-01 -2.7902e-01 +3.8152e-01 -6.6929e-01
110 0 +3.080102569e+00 +1.171701026e+02 +1.171701026e+02 +9.3209e-01 -3.2661e-01 -4.3234e-01 +5.3339e-01 -5.9495e-01
119 0 +2.107385801e+00 +1.161973858e+02 +1.161973858e+02 +1.0031e+00 -3.3564e-01 -5.2513e-01 +4.9800e-01 -3.4147e-01
170 0 +1.927531945e+00 +1.160175319e+02 +1.160175319e+02 +8.8510e-01 -1.6904e-01 -5.0599e-01 +6.4732e-01 -4.8068e-01
176 0 +1.296439494e+00 +1.153864395e+02 +1.153864395e+02 +1.0260e+00 -1.3311e-01 -5.5044e-01 +3.4264e-01 -1.5902e-01
199 0 +9.526759014e-01 +1.150426759e+02 +1.150426759e+02 +9.7585e-01 -1.2071e-01 -4.6585e-01 +5.5652e-01 -2.0718e-01
225 0 +8.943631416e-01 +1.149843631e+02 +1.149843631e+02 +8.3636e-01 -1.4023e-01 -4.5553e-01 +7.3258e-01 -3.0273e-01
256 0 +6.205635062e-01 +1.147105635e+02 +1.147105635e+02 +8.5935e-01 -1.0589e-01 -4.5456e-01 +6.3211e-01 -3.6459e-01
278 0 +4.727059004e-01 +1.145627059e+02 +1.145627059e+02 +8.9500e-01 -1.5824e-01 -4.6700e-01 +6.1398e-01 -3.0295e-01
312 0 +3.271051668e-01 +1.144171052e+02 +1.144171052e+02 +9.1324e-01 -1.8919e-01 -4.6426e-01 +5.0758e-01 -3.3862e-01
317 0 +9.825776439e-02 +1.141882578e+02 +1.141882578e+02 +9.1407e-01 -1.7084e-01 -4.5533e-01 +5.1053e-01 -3.5189e-01
461 0 +8.393007620e-02 +1.141739301e+02 +1.141739301e+02 +9.0437e-01 -1.5966e-01 -4.5105e-01 +5.2081e-01 -3.5029e-01
485 0 +7.922986434e-02 +1.141692299e+02 +1.141692299e+02 +9.0466e-01 -1.6105e-01 -4.5073e-01 +5.2103e-01 -3.4798e-01
505 0 +7.216102337e-02 +1.141621610e+02 +1.141621610e+02 +9.0370e-01 -1.6060e-01 -4.5101e-01 +5.1723e-01 -3.5445e-01
525 0 +6.335136152e-02 +1.141533514e+02 +1.141533514e+02 +9.0513e-01 -1.6411e-01 -4.5132e-01 +5.1777e-01 -3.5175e-01
528 0 +5.991244604e-02 +1.141499124e+02 +1.141499124e+02 +9.0533e-01 -1.6366e-01 -4.5089e-01 +5.1723e-01 -3.5281e-01
% f evaluations | g evaluations | best noise-free fitness - Fopt (-5.445900000000e+02) + sum g_i+ | measured fitness | best measured fitness or single-digit g-values | x1 | x2...
1 0 +1.053050307e+02 -4.392849693e+02 -4.392849693e+02 +0.0000e+00 +0.0000e+00 +0.0000e+00 +0.0000e+00 +0.0000e+00
3 0 +9.972307705e+01 -4.448669229e+02 -4.448669229e+02 +1.7369e-01 -1.1375e-01 -3.0566e-01 +1.1285e-01 -1.5359e-01
5 0 +5.770291336e+01 -4.868870866e+02 -4.868870866e+02 +5.3256e-02 -2.3477e-01 +7.8699e-02 +1.0710e-01 +2.4729e-01
14 0 +4.788435088e+01 -4.967056491e+02 -4.967056491e+02 +6.7030e-01 +4.8363e-02 +1.4993e-01 -4.4673e-01 +3.8419e-01
18 0 +2.669798673e+01 -5.178920133e+02 -5.178920133e+02 +6.3156e-01 -3.8079e-01 -1.4906e-01 -2.0134e-01 -2.5552e-01
26 0 +1.152622322e+01 -5.330637768e+02 -5.330637768e+02 +9.2274e-01 -6.8794e-01 -1.3215e-01 -5.8326e-01 -2.5807e-01
46 0 +7.868441520e+00 -5.367215585e+02 -5.367215585e+02 +1.0419e+00 -2.8154e-01 -5.2608e-01 -1.2289e+00 +3.2852e-01
139 0 +6.707354057e+00 -5.378826459e+02 -5.378826459e+02 +1.3581e+00 -4.3946e-01 -3.0404e-01 -5.7592e-01 -2.2130e-01
177 0 +3.672337518e+00 -5.409176625e+02 -5.409176625e+02 +1.0374e+00 -1.0586e-01 -5.2389e-02 -6.5527e-01 +1.7290e-01
191 0 +2.894060345e+00 -5.416959397e+02 -5.416959397e+02 +1.0816e+00 -2.5729e-02 +1.1487e-01 -7.0451e-01 +3.3380e-01
327 0 +2.545012217e+00 -5.420449878e+02 -5.420449878e+02 +1.0103e+00 -1.8109e-02 +1.8969e-01 -8.1720e-01 +5.0402e-01
345 0 +2.452871858e+00 -5.421371281e+02 -5.421371281e+02 +1.0189e+00 -5.5268e-03 +1.1541e-01 -7.9044e-01 +4.2771e-01
351 0 +2.196474037e+00 -5.423935260e+02 -5.423935260e+02 +1.1144e+00 +1.5709e-03 +1.1351e-01 -8.3855e-01 +4.5088e-01
352 0 +2.166726777e+00 -5.424232732e+02 -5.424232732e+02 +1.0687e+00 +1.2574e-02 +1.3798e-01 -8.3584e-01 +4.7932e-01
368 0 +1.329913794e+00 -5.432600862e+02 -5.432600862e+02 +1.1084e+00 +2.4267e-02 +1.7200e-01 -8.3297e-01 +5.0566e-01
391 0 +1.057308698e+00 -5.435326913e+02 -5.435326913e+02 +1.0994e+00 +1.8914e-02 +1.7778e-01 -8.1291e-01 +4.9305e-01
430 0 +1.019996163e+00 -5.435700038e+02 -5.435700038e+02 +1.0681e+00 +2.1516e-02 +1.9291e-01 -8.1736e-01 +5.1550e-01
458 0 +9.879723141e-01 -5.436020277e+02 -5.436020277e+02 +1.0881e+00 +3.6542e-02 +2.0896e-01 -8.3572e-01 +5.4834e-01
464 0 +8.138649064e-01 -5.437761351e+02 -5.437761351e+02 +1.0867e+00 +2.3288e-02 +1.9066e-01 -8.2092e-01 +5.2252e-01
474 0 +7.759207965e-01 -5.438140792e+02 -5.438140792e+02 +1.0907e+00 +3.2394e-02 +2.0459e-01 -8.2584e-01 +5.4510e-01
510 0 +7.429638181e-01 -5.438470362e+02 -5.438470362e+02 +1.0775e+00 +2.7875e-02 +2.0239e-01 -8.2237e-01 +5.3188e-01
517 0 +7.327524964e-01 -5.438572475e+02 -5.438572475e+02 +1.0788e+00 +2.9378e-02 +2.0014e-01 -8.2755e-01 +5.3708e-01
523 0 +7.182967390e-01 -5.438717033e+02 -5.438717033e+02 +1.0863e+00 +3.3896e-02 +2.0376e-01 -8.2931e-01 +5.3812e-01
539 0 +6.941206251e-01 -5.438958794e+02 -5.438958794e+02 +1.0819e+00 +3.1255e-02 +2.0495e-01 -8.2927e-01 +5.4119e-01
575 0 +6.901383607e-01 -5.438998616e+02 -5.438998616e+02 +1.0827e+00 +3.0166e-02 +2.0114e-01 -8.2713e-01 +5.3613e-01
614 0 +6.715274170e-01 -5.439184726e+02 -5.439184726e+02 +1.0883e+00 +3.1612e-02 +2.0100e-01 -8.2473e-01 +5.3479e-01
665 0 +6.554929613e-01 -5.439345070e+02 -5.439345070e+02 +1.0887e+00 +3.4708e-02 +2.0470e-01 -8.2808e-01 +5.4264e-01
697 0 +6.416671754e-01 -5.439483328e+02 -5.439483328e+02 +1.0886e+00 +3.5018e-02 +2.0426e-01 -8.2859e-01 +5.4144e-01
827 0 +6.305580078e-01 -5.439594420e+02 -5.439594420e+02 +1.0889e+00 +3.4939e-02 +2.0396e-01 -8.2857e-01 +5.4094e-01
1025 0 +6.161193498e-01 -5.439738807e+02 -5.439738807e+02 +1.0890e+00 +3.4848e-02 +2.0363e-01 -8.2853e-01 +5.4057e-01
