% f evaluations | g evaluations | best noise-free fitness - Fopt (-6.211100000000e+02) + sum g_i+ | measured fitness | best measured fitness or single-digit g-values | x1 | x2...
1 0 +2.538036525e+08 +2.538030314e+08 +2.538030314e+08 +0.0000e+00 +0.0000e+00
2 0 +2.438907745e+08 +2.438901534e+08 +2.438901534e+08 +4.3379e-01 +3.0692e-02
3 0 +1.587338528e+08 +1.587332317e+08 +1.587332317e+08 +9.8026e-02 +3.4094e-01
11 0 +1.413766248e+08 +1.413760037e+08 +1.413760037e+08 +3.1024e-01 +4.2322e-01
14 0 +1.278818759e+08 +1.278812548e+08 +1.278812548e+08 -1.3656e-01 +4.9199e-01
19 0 +6.832365147e+07 +6.832303036e+07 +6.832303036e+07 +3.9322e-01 +9.1478e-01
27 0 +5.270882034e+07 +5.270819923e+07 +5.270819923e+07 +1.2232e-01 +1.0801e+00
32 0 +3.692792739e+07 +3.692730628e+07 +3.692730628e+07 +6.5897e-01 +1.3016e+00
40 0 +2.283733063e+07 +2.283670952e+07 +2.283670952e+07 +4.6650e-01 +1.5833e+00
48 0 +1.163460632e+07 +1.163398521e+07 +1.163398521e+07 +6.7757e-01 +1.9512e+00
50 0 +6.134851256e+06 +6.134230146e+06 +6.134230146e+06 +6.5415e-01 +2.2680e+00
54 0 +3.528051094e+06 +3.527429984e+06 +3.527429984e+06 +1.0321e+00 +2.5183e+00
57 0 +1.851755203e+03 +1.230645203e+03 +1.230645203e+03 +3.3149e-01 +3.9380e+00
127 0 +1.467094313e+03 +8.459843134e+02 +8.459843134e+02 +7.8615e-01 +3.9478e+00
161 0 +1.374688447e+02 -4.836411553e+02 -4.836411553e+02 +7.1532e-01 +3.9856e+00
179 0 +3.960591281e+00 -6.171494087e+02 -6.171494087e+02 +7.5407e-01 +3.9983e+00
221 0 +2.757904749e+00 -6.183520953e+02 -6.183520953e+02 +7.6526e-01 +3.9993e+00
302 0 +2.739911870e+00 -6.183700881e+02 -6.183700881e+02 +7.4587e-01 +3.9996e+00
332 0 +2.688226702e+00 -6.184217733e+02 -6.184217733e+02 +7.4624e-01 +3.9993e+00
635 0 +2.625440270e+00 -6.184845597e+02 -6.184845597e+02 +7.1838e-01 +3.9990e+00
681 0 +2.553886459e+00 -6.185561135e+02 -6.185561135e+02 +6.9295e-01 +3.9989e+00
687 0 +2.502719872e+00 -6.186072801e+02 -6.186072801e+02 +6.8557e-01 +3.9989e+00
700 0 +2.437821306e+00 -6.186721787e+02 -6.186721787e+02 +6.6160e-01 +3.9988e+00
726 0 +2.388151638e+00 -6.187218484e+02 -6.187218484e+02 +6.1287e-01 +3.9983e+00
734 0 +2.324510367e+00 -6.187854896e+02 -6.187854896e+02 +5.9670e-01 +3.9983e+00
744 0 +2.238258433e+00 -6.188717416e+02 -6.188717416e+02 +5.9962e-01 +3.9985e+00
749 0 +2.158476241e+00 -6.189515238e+02 -6.189515238e+02 +5.6689e-01 +3.9983e+00
773 0 +2.114264266e+00 -6.189957357e+02 -6.189957357e+02 +5.3784e-01 +3.9980e+00
777 0 +2.050438673e+00 -6.190595613e+02 -6.190595613e+02 +5.3852e-01 +3.9982e+00
784 0 +1.808293967e+00 -6.193017060e+02 -6.193017060e+02 +4.4786e-01 +3.9980e+00
789 0 +1.771573514e+00 -6.193384265e+02 -6.193384265e+02 +4.0561e-01 +3.9979e+00
846 0 +1.721054195e+00 -6.193889458e+02 -6.193889458e+02 +4.1984e-01 +3.9977e+00
850 0 +1.627389039e+00 -6.194826110e+02 -6.194826110e+02 +3.7463e-01 +3.9973e+00
860 0 +1.414411716e+00 -6.196955883e+02 -6.196955883e+02 +2.9622e-01 +3.9972e+00
863 0 +1.371665666e+00 -6.197383343e+02 -6.197383343e+02 +2.6289e-01 +3.9967e+00
870 0 +1.235009368e+00 -6.198749906e+02 -6.198749906e+02 +1.9932e-01 +3.9964e+00
871 0 +1.010908574e+00 -6.200990914e+02 -6.200990914e+02 +8.2531e-02 +3.9958e+00
879 0 +5.156307058e-01 -6.205943693e+02 -6.205943693e+02 -2.1142e-01 +3.9948e+00
899 0 +4.338226470e-01 -6.206761774e+02 -6.206761774e+02 -2.3792e-01 +3.9945e+00
902 0 +3.230989608e-01 -6.207869010e+02 -6.207869010e+02 -3.2394e-01 +3.9940e+00
904 0 +1.568076390e-01 -6.209531924e+02 -6.209531924e+02 -5.5793e-01 +3.9926e+00
907 0 +6.732549809e-02 -6.210426745e+02 -6.210426745e+02 -6.4600e-01 +3.9925e+00
911 0 +3.695553541e-02 -6.210730445e+02 -6.210730445e+02 -7.0233e-01 +3.9921e+00
958 0 +2.336272373e-02 -6.210866373e+02 -6.210866373e+02 -7.5667e-01 +3.9919e+00
964 0 +7.745547129e-03 -6.211022545e+02 -6.211022545e+02 -9.3763e-01 +3.9909e+00
976 0 +7.205362216e-03 -6.211027946e+02 -6.211027946e+02 -9.7591e-01 +3.9908e+00
985 0 +7.068212320e-03 -6.211029318e+02 -6.211029318e+02 -9.7447e-01 +3.9908e+00
1004 0 +2.010252385e-03 -6.211079897e+02 -6.211079897e+02 -9.0160e-01 +3.9912e+00
1007 0 +1.029283131e-03 -6.211089707e+02 -6.211089707e+02 -9.2159e-01 +3.9911e+00
1012 0 +3.637150135e-04 -6.211096363e+02 -6.211096363e+02 -8.7487e-01 +3.9913e+00
1018 0 +1.410911727e-04 -6.211098589e+02 -6.211098589e+02 -8.8602e-01 +3.9912e+00
1075 0 +6.890105124e-05 -6.211099311e+02 -6.211099311e+02 -8.9736e-01 +3.9912e+00
1080 0 +7.689067502e-06 -6.211099923e+02 -6.211099923e+02 -8.8923e-01 +3.9912e+00
1107 0 +7.075043300e-06 -6.211099929e+02 -6.211099929e+02 -8.9174e-01 +3.9912e+00
1127 0 +3.325025546e-06 -6.211099967e+02 -6.211099967e+02 -8.9022e-01 +3.9912e+00
1132 0 +1.512713766e-06 -6.211099985e+02 -6.211099985e+02 -8.9077e-01 +3.9912e+00
1140 0 +9.024145129e-07 -6.211099991e+02 -6.211099991e+02 -8.9126e-01 +3.9912e+00
1141 0 +1.978253295e-07 -6.211099998e+02 -6.211099998e+02 -8.9232e-01 +3.9912e+00
1151 0 +8.456083833e-08 -6.211099999e+02 -6.211099999e+02 -8.9222e-01 +3.9912e+00
1201 0 +8.082599834e-08 -6.211099999e+02 -6.211099999e+02 -8.9228e-01 +3.9912e+00
1203 0 +5.662843705e-08 -6.211099999e+02 -6.211099999e+02 -8.9222e-01 +3.9912e+00
1215 0 +3.402647053e-08 -6.211100000e+02 -6.211100000e+02 -8.9202e-01 +3.9912e+00
1217 0 +7.831999937e-09 -6.211100000e+02 -6.211100000e+02 -8.9191e-01 +3.9912e+00
1414 0 +0.000000000e+00 -6.211100000e+02 -6.211100000e+02 -8.9200e-01 +3.9912e+00
% f evaluations | g evaluations | best noise-free fitness - Fopt (-2.548200000000e+02) + sum g_i+ | measured fitness | best measured fitness or single-digit g-values | x1 | x2...
1 0 +2.881702870e+08 +2.881700322e+08 +2.881700322e+08 +0.0000e+00 +0.0000e+00
2 0 +1.901373667e+08 +1.901371119e+08 +1.901371119e+08 +4.3379e-01 +3.0692e-02
9 0 +1.582239152e+08 +1.582236603e+08 +1.582236603e+08 +4.7684e-01 +2.4785e-01
11 0 +1.529945652e+08 +1.529943104e+08 +1.529943104e+08 +3.8582e-01 +4.2141e-01
16 0 +1.094792296e+08 +1.094789748e+08 +1.094789748e+08 +8.8811e-01 +2.3743e-01
19 0 +9.854632673e+07 +9.854607191e+07 +9.854607191e+07 +5.8824e-01 +7.7287e-01
20 0 +7.552500595e+07 +7.552475113e+07 +7.552475113e+07 +9.8169e-01 +6.3391e-01
24 0 +6.780490262e+07 +6.780464780e+07 +6.780464780e+07 +1.2194e+00 +4.8887e-01
31 0 +6.428956609e+07 +6.428931127e+07 +6.428931127e+07 +1.2793e+00 +4.8854e-01
32 0 +1.664233144e+07 +1.664207662e+07 +1.664207662e+07 +2.1861e+00 +1.1847e+00
40 0 +1.020475786e+07 +1.020450304e+07 +1.020450304e+07 +2.4607e+00 +1.4693e+00
41 0 +7.111028939e+06 +7.110774119e+06 +7.110774119e+06 +3.3640e+00 +1.3154e+00
48 0 +1.781401044e+06 +1.781146224e+06 +1.781146224e+06 +4.4912e+00 +2.4261e+00
50 0 +1.209727775e+06 +1.209472955e+06 +1.209472955e+06 +4.1680e+00 +2.6344e+00
54 0 +4.621404247e+04 +4.595922247e+04 +4.595922247e+04 +7.7607e+00 +3.9757e+00
61 0 +3.577721149e+04 +3.552239149e+04 +3.552239149e+04 +5.9627e+00 +3.9499e+00
84 0 +1.326861203e+02 -1.221338797e+02 -1.221338797e+02 +7.0764e+00 +3.7498e+00
170 0 +3.303584586e+01 -2.217841541e+02 -2.217841541e+02 +9.4208e+00 +3.7599e+00
171 0 +2.501700919e+01 -2.298029908e+02 -2.298029908e+02 +8.4532e+00 +3.7625e+00
208 0 +2.410559277e+01 -2.307144072e+02 -2.307144072e+02 +8.2764e+00 +3.7627e+00
209 0 +2.145016625e+01 -2.333698337e+02 -2.333698337e+02 +8.3630e+00 +3.7611e+00
316 0 +2.119021312e+01 -2.336297869e+02 -2.336297869e+02 +8.2739e+00 +3.7600e+00
317 0 +2.085758062e+01 -2.339624194e+02 -2.339624194e+02 +8.2945e+00 +3.7605e+00
333 0 +2.036209584e+01 -2.344579042e+02 -2.344579042e+02 +8.2027e+00 +3.7601e+00
342 0 +1.967197935e+01 -2.351480206e+02 -2.351480206e+02 +8.1735e+00 +3.7610e+00
346 0 +1.814026709e+01 -2.366797329e+02 -2.366797329e+02 +7.9844e+00 +3.7612e+00
355 0 +1.633971754e+01 -2.384802825e+02 -2.384802825e+02 +7.7434e+00 +3.7614e+00
363 0 +1.589962415e+01 -2.389203758e+02 -2.389203758e+02 +7.7277e+00 +3.7607e+00
364 0 +1.116978548e+01 -2.436502145e+02 -2.436502145e+02 +6.4767e+00 +3.7589e+00
370 0 +4.403958311e+00 -2.504160417e+02 -2.504160417e+02 +5.7472e+00 +3.7614e+00
372 0 +4.360061314e+00 -2.504599387e+02 -2.504599387e+02 +5.8272e+00 +3.7609e+00
390 0 +3.256068539e+00 -2.515639315e+02 -2.515639315e+02 +2.6188e+00 +3.7575e+00
395 0 +2.610191551e+00 -2.522098084e+02 -2.522098084e+02 +4.0878e+00 +3.7592e+00
432 0 +1.702768045e+00 -2.531172320e+02 -2.531172320e+02 +5.0056e+00 +3.7611e+00
440 0 +3.768891753e-01 -2.544431108e+02 -2.544431108e+02 +4.3538e+00 +3.7608e+00
444 0 +1.180171813e-01 -2.547019828e+02 -2.547019828e+02 +4.0537e+00 +3.7609e+00
483 0 +1.261408057e-02 -2.548073859e+02 -2.548073859e+02 +3.8467e+00 +3.7608e+00
490 0 +8.345351685e-03 -2.548116546e+02 -2.548116546e+02 +3.7557e+00 +3.7609e+00
529 0 +3.987609586e-03 -2.548160124e+02 -2.548160124e+02 +3.7517e+00 +3.7609e+00
531 0 +2.096806209e-03 -2.548179032e+02 -2.548179032e+02 +3.7750e+00 +3.7608e+00
537 0 +2.868493578e-04 -2.548197132e+02 -2.548197132e+02 +3.7531e+00 +3.7608e+00
570 0 +5.958488066e-05 -2.548199404e+02 -2.548199404e+02 +3.7410e+00 +3.7608e+00
681 0 +4.624984135e-05 -2.548199538e+02 -2.548199538e+02 +3.7466e+00 +3.7608e+00
693 0 +4.006895082e-05 -2.548199599e+02 -2.548199599e+02 +3.7469e+00 +3.7608e+00
734 0 +3.568574706e-05 -2.548199643e+02 -2.548199643e+02 +3.7468e+00 +3.7608e+00
761 0 +3.194141610e-05 -2.548199681e+02 -2.548199681e+02 +3.7459e+00 +3.7608e+00
763 0 +2.598865160e-05 -2.548199740e+02 -2.548199740e+02 +3.7459e+00 +3.7608e+00
766 0 +2.079296829e-05 -2.548199792e+02 -2.548199792e+02 +3.7452e+00 +3.7608e+00
768 0 +1.296759118e-05 -2.548199870e+02 -2.548199870e+02 +3.7438e+00 +3.7608e+00
773 0 +1.258085285e-05 -2.548199874e+02 -2.548199874e+02 +3.7438e+00 +3.7608e+00
776 0 +1.001924770e-05 -2.548199900e+02 -2.548199900e+02 +3.7440e+00 +3.7608e+00
777 0 +8.740857879e-06 -2.548199913e+02 -2.548199913e+02 +3.7429e+00 +3.7608e+00
785 0 +6.601436098e-06 -2.548199934e+02 -2.548199934e+02 +3.7428e+00 +3.7608e+00
789 0 +2.878008530e-06 -2.548199971e+02 -2.548199971e+02 +3.7412e+00 +3.7608e+00
823 0 +1.386419996e-06 -2.548199986e+02 -2.548199986e+02 +3.7420e+00 +3.7608e+00
878 0 +1.260584298e-06 -2.548199987e+02 -2.548199987e+02 +3.7417e+00 +3.7608e+00
879 0 +1.890139174e-07 -2.548199998e+02 -2.548199998e+02 +3.7407e+00 +3.7608e+00
897 0 +4.000048648e-08 -2.548200000e+02 -2.548200000e+02 +3.7410e+00 +3.7608e+00
955 0 +8.287969422e-09 -2.548200000e+02 -2.548200000e+02 +3.7408e+00 +3.7608e+00
1388 0 +0.000000000e+00 -2.548200000e+02 -2.548200000e+02 +3.7408e+00 +3.7608e+00
% f evaluations | g evaluations | best noise-free fitness - Fopt (5.661000000000e+01) + sum g_i+ | measured fitness | best measured fitness or single-digit g-values | x1 | x2...
1 0 +1.170257328e+08 +1.170257894e+08 +1.170257894e+08 +0.0000e+00 +0.0000e+00
5 0 +7.510859215e+07 +7.510864876e+07 +7.510864876e+07 -1.1375e-01 -3.0566e-01
30 0 +5.820102959e+07 +5.820108620e+07 +5.820108620e+07 +7.5367e-02 -5.7981e-01
33 0 +4.245025878e+07 +4.245031539e+07 +4.245031539e+07 +1.8510e-01 -8.6904e-01
42 0 +2.961727865e+07 +2.961733526e+07 +2.961733526e+07 +5.9219e-01 -1.3219e+00
47 0 +2.335263973e+07 +2.335269634e+07 +2.335269634e+07 +4.6083e-02 -1.2663e+00
52 0 +1.612316110e+07 +1.612321771e+07 +1.612321771e+07 +4.3372e-01 -1.7280e+00
56 0 +7.656937406e+06 +7.656994016e+06 +7.656994016e+06 +2.8051e-01 -2.2478e+00
59 0 +5.698386865e+06 +5.698443475e+06 +5.698443475e+06 +1.3622e-01 -2.4135e+00
63 0 +3.832881600e+06 +3.832938210e+06 +3.832938210e+06 +1.0144e+00 -3.3865e+00
71 0 +2.475849333e+06 +2.475905943e+06 +2.475905943e+06 +7.6795e-01 -3.8011e+00
76 0 +1.505073323e+06 +1.505129933e+06 +1.505129933e+06 +2.6807e+00 -5.6984e+00
77 0 +3.972448521e+05 +3.973014621e+05 +3.973014621e+05 +2.6169e+00 -6.3989e+00
78 0 +5.646276797e+04 +5.651937797e+04 +5.651937797e+04 +1.0806e+00 -5.7258e+00
82 0 +2.380805812e+03 +2.437415812e+03 +2.437415812e+03 +2.4877e+00 -7.1525e+00
109 0 +2.114853067e+03 +2.171463067e+03 +2.171463067e+03 +2.3827e+00 -6.9554e+00
131 0 +1.797565470e+03 +1.854175470e+03 +1.854175470e+03 +2.1598e+00 -6.8955e+00
161 0 +1.352929115e+03 +1.409539115e+03 +1.409539115e+03 +2.2344e+00 -6.8546e+00
173 0 +6.794008734e+02 +7.360108734e+02 +7.360108734e+02 +2.4204e+00 -7.0721e+00
178 0 +8.875964175e+01 +1.453696417e+02 +1.453696417e+02 +2.4419e+00 -7.0508e+00
211 0 +7.050944827e+01 +1.271194483e+02 +1.271194483e+02 +2.4496e+00 -7.0666e+00
218 0 +6.795843963e+01 +1.245684396e+02 +1.245684396e+02 +2.4952e+00 -7.0950e+00
243 0 +6.494521268e+01 +1.215552127e+02 +1.215552127e+02 +2.4980e+00 -7.0984e+00
254 0 +6.375631793e+01 +1.203663179e+02 +1.203663179e+02 +2.4844e+00 -7.0886e+00
266 0 +6.256706564e+01 +1.191770656e+02 +1.191770656e+02 +2.4449e+00 -7.0599e+00
463 0 +6.131905314e+01 +1.179290531e+02 +1.179290531e+02 +2.3854e+00 -7.0142e+00
468 0 +6.011951217e+01 +1.167295122e+02 +1.167295122e+02 +2.3248e+00 -6.9685e+00
478 0 +5.670304608e+01 +1.133130461e+02 +1.133130461e+02 +2.1467e+00 -6.8331e+00
499 0 +5.459876398e+01 +1.112087640e+02 +1.112087640e+02 +1.9862e+00 -6.7102e+00
508 0 +5.226925767e+01 +1.088792577e+02 +1.088792577e+02 +1.8677e+00 -6.6204e+00
524 0 +4.581693007e+01 +1.024269301e+02 +1.024269301e+02 +1.5038e+00 -6.3442e+00
535 0 +4.487678338e+01 +1.014867834e+02 +1.014867834e+02 +1.4844e+00 -6.3304e+00
548 0 +4.378126951e+01 +1.003912695e+02 +1.003912695e+02 +1.4123e+00 -6.2754e+00
552 0 +4.137235791e+01 +9.798235791e+01 +9.798235791e+01 +1.2723e+00 -6.1695e+00
554 0 +3.922388540e+01 +9.583388540e+01 +9.583388540e+01 +1.1338e+00 -6.0647e+00
561 0 +3.295678098e+01 +8.956678098e+01 +8.956678098e+01 +6.1785e-01 -5.6713e+00
568 0 +2.983265054e+01 +8.644265054e+01 +8.644265054e+01 +4.6360e-01 -5.5548e+00
574 0 +2.343423254e+01 +8.004423254e+01 +8.004423254e+01 -4.3327e-02 -5.1700e+00
579 0 +2.189719626e+01 +7.850719626e+01 +7.850719626e+01 -2.0209e-01 -5.0493e+00
580 0 +1.912079437e+01 +7.573079437e+01 +7.573079437e+01 -5.1513e-01 -4.8113e+00
585 0 +1.655615555e+01 +7.316615555e+01 +7.316615555e+01 -6.2923e-01 -4.7257e+00
586 0 +1.558139885e+01 +7.219139885e+01 +7.219139885e+01 -7.6595e-01 -4.6215e+00
587 0 +9.740686903e+00 +6.635068690e+01 +6.635068690e+01 -1.4223e+00 -4.1235e+00
594 0 +5.987887209e+00 +6.259788721e+01 +6.259788721e+01 -2.6301e+00 -3.2052e+00
597 0 +5.746613952e+00 +6.235661395e+01 +6.235661395e+01 -3.0895e+00 -2.8562e+00
598 0 +2.876589138e+00 +5.948658914e+01 +5.948658914e+01 -3.4851e+00 -2.5566e+00
600 0 +1.589170941e+00 +5.819917094e+01 +5.819917094e+01 -3.7137e+00 -2.3836e+00
631 0 +2.958497608e-02 +5.663958498e+01 +5.663958498e+01 -3.8663e+00 -2.2673e+00
717 0 +1.037139793e-03 +5.661103714e+01 +5.661103714e+01 -3.8642e+00 -2.2696e+00
837 0 +8.874396019e-04 +5.661088744e+01 +5.661088744e+01 -3.8385e+00 -2.2904e+00
843 0 +3.436452386e-04 +5.661034365e+01 +5.661034365e+01 -3.8460e+00 -2.2847e+00
849 0 +1.241029405e-04 +5.661012410e+01 +5.661012410e+01 -3.8458e+00 -2.2849e+00
859 0 +8.017841407e-05 +5.661008018e+01 +5.661008018e+01 -3.8514e+00 -2.2807e+00
864 0 +4.591450917e-05 +5.661004591e+01 +5.661004591e+01 -3.8463e+00 -2.2845e+00
917 0 +1.255560674e-05 +5.661001256e+01 +5.661001256e+01 -3.8502e+00 -2.2816e+00
944 0 +6.525418875e-06 +5.661000653e+01 +5.661000653e+01 -3.8492e+00 -2.2823e+00
1005 0 +4.248038437e-06 +5.661000425e+01 +5.661000425e+01 -3.8496e+00 -2.2820e+00
1009 0 +1.531586463e-06 +5.661000153e+01 +5.661000153e+01 -3.8509e+00 -2.2810e+00
1018 0 +5.283107143e-07 +5.661000053e+01 +5.661000053e+01 -3.8509e+00 -2.2810e+00
1093 0 +5.206877489e-07 +5.661000052e+01 +5.661000052e+01 -3.8507e+00 -2.2812e+00
1133 0 +1.088303492e-07 +5.661000011e+01 +5.661000011e+01 -3.8511e+00 -2.2808e+00
1148 0 +8.377428884e-08 +5.661000008e+01 +5.661000008e+01 -3.8511e+00 -2.2809e+00
1149 0 +1.484642098e-08 +5.661000001e+01 +5.661000001e+01 -3.8512e+00 -2.2808e+00
1151 0 +2.778087094e-09 +5.661000000e+01 +5.661000000e+01 -3.8512e+00 -2.2808e+00
1653 0 +0.000000000e+00 +5.661000000e+01 +5.661000000e+01 -3.8512e+00 -2.2808e+00
% f evaluations | g evaluations | best noise-free fitness - Fopt (-1.810000000000e+01) + sum g_i+ | measured fitness | best measured fitness or single-digit g-values | x1 | x2...
1 0 +3.264899073e+05 +3.264718073e+05 +3.264718073e+05 +0.0000e+00 +0.0000e+00
2 0 +2.013928772e+05 +2.013747772e+05 +2.013747772e+05 +4.3379e-01 +3.0692e-02
3 0 +4.725670395e+04 +4.723860395e+04 +4.723860395e+04 +9.8026e-02 +3.4094e-01
11 0 +5.977560769e+03 +5.959460769e+03 +5.959460769e+03 +3.8582e-01 +4.2141e-01
16 0 +2.113788031e+03 +2.095688031e+03 +2.095688031e+03 +7.3666e-01 +3.7681e-01
23 0 +1.692894587e+03 +1.674794587e+03 +1.674794587e+03 +4.2230e-01 +4.5047e-01
24 0 +2.503640184e+00 -1.559635982e+01 -1.559635982e+01 +7.2382e-01 +4.2584e-01
86 0 +1.256872927e+00 -1.684312707e+01 -1.684312707e+01 +4.6741e-01 +4.8289e-01
324 0 +1.169884360e+00 -1.693011564e+01 -1.693011564e+01 +4.2783e-01 +4.9154e-01
327 0 +1.110500678e+00 -1.698949932e+01 -1.698949932e+01 +3.8351e-01 +5.0131e-01
366 0 +1.031563052e+00 -1.706843695e+01 -1.706843695e+01 +3.6917e-01 +5.0432e-01
367 0 +9.948428053e-01 -1.710515719e+01 -1.710515719e+01 +3.1545e-01 +5.1623e-01
378 0 +9.440240400e-01 -1.715597596e+01 -1.715597596e+01 +3.0649e-01 +5.1813e-01
383 0 +8.228866692e-01 -1.727711333e+01 -1.727711333e+01 +2.6282e-01 +5.2730e-01
391 0 +8.126636840e-01 -1.728733632e+01 -1.728733632e+01 +2.6483e-01 +5.2704e-01
393 0 +7.427004364e-01 -1.735729956e+01 -1.735729956e+01 +2.1935e-01 +5.3681e-01
394 0 +6.418814784e-01 -1.745811852e+01 -1.745811852e+01 +1.5873e-01 +5.5031e-01
398 0 +6.200764948e-01 -1.747992351e+01 -1.747992351e+01 +1.3833e-01 +5.5481e-01
402 0 +5.846028298e-01 -1.751539717e+01 -1.751539717e+01 +3.0889e-02 +5.7853e-01
410 0 +3.483535385e-01 -1.775164646e+01 -1.775164646e+01 -3.7962e-02 +5.9320e-01
413 0 +2.984458251e-01 -1.780155417e+01 -1.780155417e+01 -1.1443e-01 +6.1010e-01
421 0 +7.088629302e-02 -1.802911371e+01 -1.802911371e+01 -4.5767e-01 +6.8472e-01
423 0 +5.241956634e-02 -1.804758043e+01 -1.804758043e+01 -3.9074e-01 +6.7031e-01
425 0 +2.233676641e-02 -1.807766323e+01 -1.807766323e+01 -5.2909e-01 +7.0043e-01
433 0 +8.207721429e-04 -1.809917923e+01 -1.809917923e+01 -5.8928e-01 +7.1372e-01
561 0 +6.187430617e-04 -1.809938126e+01 -1.809938126e+01 -5.9502e-01 +7.1495e-01
575 0 +4.426554103e-04 -1.809955734e+01 -1.809955734e+01 -6.0364e-01 +7.1683e-01
584 0 +1.478636476e-04 -1.809985214e+01 -1.809985214e+01 -6.0252e-01 +7.1660e-01
596 0 +4.436298109e-05 -1.809995564e+01 -1.809995564e+01 -6.1721e-01 +7.1977e-01
628 0 +2.995137953e-05 -1.809997005e+01 -1.809997005e+01 -6.1315e-01 +7.1892e-01
644 0 +1.649029404e-05 -1.809998351e+01 -1.809998351e+01 -6.1101e-01 +7.1846e-01
662 0 +1.572264211e-05 -1.809998428e+01 -1.809998428e+01 -6.1053e-01 +7.1835e-01
667 0 +7.928783667e-06 -1.809999207e+01 -1.809999207e+01 -6.1462e-01 +7.1925e-01
669 0 +6.250277291e-06 -1.809999375e+01 -1.809999375e+01 -6.1441e-01 +7.1920e-01
675 0 +2.321903207e-06 -1.809999768e+01 -1.809999768e+01 -6.1292e-01 +7.1888e-01
682 0 +3.510588087e-07 -1.809999965e+01 -1.809999965e+01 -6.1495e-01 +7.1931e-01
712 0 +1.817956772e-07 -1.809999982e+01 -1.809999982e+01 -6.1402e-01 +7.1912e-01
732 0 +1.221859911e-07 -1.809999988e+01 -1.809999988e+01 -6.1417e-01 +7.1915e-01
738 0 +7.195268381e-09 -1.809999999e+01 -1.809999999e+01 -6.1436e-01 +7.1919e-01
1507 0 +0.000000000e+00 -1.810000000e+01 -1.810000000e+01 -6.1440e-01 +7.1920e-01
% f evaluations | g evaluations | best noise-free fitness - Fopt (3.777000000000e+01) + sum g_i+ | measured fitness | best measured fitness or single-digit g-values | x1 | x2...
1 0 +4.240305599e+06 +4.240343369e+06 +4.240343369e+06 +0.0000e+00 +0.0000e+00
2 0 +4.114848561e+06 +4.114886331e+06 +4.114886331e+06 +4.3379e-01 +3.0692e-02
3 0 +2.952422992e+06 +2.952460762e+06 +2.952460762e+06 +9.8026e-02 +3.4094e-01
11 0 +2.676427290e+06 +2.676465060e+06 +2.676465060e+06 +3.1024e-01 +4.2322e-01
14 0 +2.456155628e+06 +2.456193398e+06 +2.456193398e+06 -1.3656e-01 +4.9199e-01
19 0 +1.408053103e+06 +1.408090873e+06 +1.408090873e+06 +3.9322e-01 +9.1478e-01
21 0 +1.366390612e+06 +1.366428382e+06 +1.366428382e+06 +2.4267e-01 +9.0901e-01
27 0 +1.009359574e+06 +1.009397344e+06 +1.009397344e+06 +1.2232e-01 +1.0801e+00
32 0 +6.859438333e+05 +6.859816033e+05 +6.859816033e+05 +6.5897e-01 +1.3016e+00
40 0 +2.925969992e+05 +2.926347692e+05 +2.926347692e+05 +4.6650e-01 +1.5833e+00
48 0 +3.424560102e+03 +3.462330102e+03 +3.462330102e+03 +6.7757e-01 +1.9512e+00
53 0 +1.589519068e+03 +1.627289068e+03 +1.627289068e+03 +5.5954e-01 +1.9939e+00
97 0 +8.061206603e+01 +1.183820660e+02 +1.183820660e+02 +2.4868e-01 +2.0950e+00
150 0 +2.284975603e+00 +4.005497560e+01 +4.005497560e+01 +4.6083e-01 +2.0476e+00
186 0 +2.032410203e+00 +3.980241020e+01 +3.980241020e+01 +4.2308e-01 +2.0550e+00
198 0 +1.947261888e+00 +3.971726189e+01 +3.971726189e+01 +4.1291e-01 +2.0573e+00
535 0 +1.903783754e+00 +3.967378375e+01 +3.967378375e+01 +3.9821e-01 +2.0603e+00
620 0 +1.859824156e+00 +3.962982416e+01 +3.962982416e+01 +3.7873e-01 +2.0642e+00
655 0 +1.808152791e+00 +3.957815279e+01 +3.957815279e+01 +3.6628e-01 +2.0666e+00
674 0 +1.773381466e+00 +3.954338147e+01 +3.954338147e+01 +3.4545e-01 +2.0707e+00
699 0 +1.716622947e+00 +3.948662295e+01 +3.948662295e+01 +3.4304e-01 +2.0709e+00
741 0 +1.696285054e+00 +3.946628505e+01 +3.946628505e+01 +3.2974e-01 +2.0735e+00
764 0 +1.658563452e+00 +3.942856345e+01 +3.942856345e+01 +3.1943e-01 +2.0754e+00
781 0 +1.612287387e+00 +3.938228739e+01 +3.938228739e+01 +3.0875e-01 +2.0772e+00
808 0 +1.577997495e+00 +3.934799750e+01 +3.934799750e+01 +2.9281e-01 +2.0801e+00
899 0 +1.529316365e+00 +3.929931636e+01 +3.929931636e+01 +2.7871e-01 +2.0825e+00
905 0 +1.496773309e+00 +3.926677331e+01 +3.926677331e+01 +2.6795e-01 +2.0843e+00
915 0 +1.473747498e+00 +3.924374750e+01 +3.924374750e+01 +2.5207e-01 +2.0871e+00
922 0 +1.423415062e+00 +3.919341506e+01 +3.919341506e+01 +2.3394e-01 +2.0900e+00
927 0 +1.401938161e+00 +3.917193816e+01 +3.917193816e+01 +2.3576e-01 +2.0896e+00
935 0 +1.369207939e+00 +3.913920794e+01 +3.913920794e+01 +2.2228e-01 +2.0918e+00
978 0 +1.345898313e+00 +3.911589831e+01 +3.911589831e+01 +2.1193e-01 +2.0934e+00
1008 0 +1.316270154e+00 +3.908627015e+01 +3.908627015e+01 +2.0329e-01 +2.0947e+00
1098 0 +1.283193803e+00 +3.905319380e+01 +3.905319380e+01 +1.9228e-01 +2.0963e+00
1154 0 +1.219587576e+00 +3.898958758e+01 +3.898958758e+01 +1.6771e-01 +2.0998e+00
1161 0 +1.175567371e+00 +3.894556737e+01 +3.894556737e+01 +1.4841e-01 +2.1026e+00
1172 0 +1.174093677e+00 +3.894409368e+01 +3.894409368e+01 +1.4959e-01 +2.1024e+00
1280 0 +1.138867570e+00 +3.890886757e+01 +3.890886757e+01 +1.2943e-01 +2.1052e+00
1298 0 +1.120052352e+00 +3.889005235e+01 +3.889005235e+01 +1.1263e-01 +2.1074e+00
1317 0 +1.095756937e+00 +3.886575694e+01 +3.886575694e+01 +1.0830e-01 +2.1080e+00
1348 0 +1.069322360e+00 +3.883932236e+01 +3.883932236e+01 +1.0127e-01 +2.1088e+00
1361 0 +1.035262171e+00 +3.880526217e+01 +3.880526217e+01 +8.8661e-02 +2.1103e+00
1391 0 +1.022743794e+00 +3.879274379e+01 +3.879274379e+01 +7.4666e-02 +2.1121e+00
1520 0 +9.975482295e-01 +3.876754823e+01 +3.876754823e+01 +7.4081e-02 +2.1119e+00
1540 0 +9.746184635e-01 +3.874461846e+01 +3.874461846e+01 +3.5326e-02 +2.1161e+00
1554 0 +9.297714140e-01 +3.869977141e+01 +3.869977141e+01 +3.9963e-02 +2.1157e+00
1557 0 +9.030130818e-01 +3.867301308e+01 +3.867301308e+01 +2.4093e-02 +2.1173e+00
1558 0 +8.904101202e-01 +3.866041012e+01 +3.866041012e+01 +1.3176e-02 +2.1184e+00
1563 0 +8.700849027e-01 +3.864008490e+01 +3.864008490e+01 +1.2756e-02 +2.1185e+00
1566 0 +8.305087315e-01 +3.860050873e+01 +3.860050873e+01 -8.7579e-03 +2.1208e+00
1661 0 +8.113154851e-01 +3.858131549e+01 +3.858131549e+01 -1.8805e-02 +2.1217e+00
1662 0 +7.935184156e-01 +3.856351842e+01 +3.856351842e+01 -2.2707e-02 +2.1219e+00
1681 0 +7.670400171e-01 +3.853704002e+01 +3.853704002e+01 -3.6487e-02 +2.1231e+00
1702 0 +7.512297124e-01 +3.852122971e+01 +3.852122971e+01 -4.4864e-02 +2.1238e+00
1740 0 +7.340068465e-01 +3.850400685e+01 +3.850400685e+01 -6.1608e-02 +2.1253e+00
1756 0 +7.171373722e-01 +3.848713737e+01 +3.848713737e+01 -6.3150e-02 +2.1253e+00
1785 0 +7.036361332e-01 +3.847363613e+01 +3.847363613e+01 -7.2398e-02 +2.1260e+00
1848 0 +6.870102855e-01 +3.845701029e+01 +3.845701029e+01 -8.2234e-02 +2.1268e+00
1864 0 +6.576531196e-01 +3.842765312e+01 +3.842765312e+01 -1.0268e-01 +2.1282e+00
1874 0 +6.214545133e-01 +3.839145451e+01 +3.839145451e+01 -1.1931e-01 +2.1292e+00
1884 0 +5.809674090e-01 +3.835096741e+01 +3.835096741e+01 -1.4691e-01 +2.1307e+00
2005 0 +5.738873850e-01 +3.834388739e+01 +3.834388739e+01 -1.5838e-01 +2.1313e+00
2015 0 +5.543968175e-01 +3.832439682e+01 +3.832439682e+01 -1.6057e-01 +2.1314e+00
2031 0 +5.441327242e-01 +3.831413272e+01 +3.831413272e+01 -1.6919e-01 +2.1318e+00
2068 0 +5.340222181e-01 +3.830402222e+01 +3.830402222e+01 -1.7234e-01 +2.1319e+00
2082 0 +5.110467392e-01 +3.828104674e+01 +3.828104674e+01 -2.0040e-01 +2.1331e+00
2085 0 +5.002959125e-01 +3.827029591e+01 +3.827029591e+01 -1.9488e-01 +2.1327e+00
2099 0 +4.621245339e-01 +3.823212453e+01 +3.823212453e+01 -2.2150e-01 +2.1336e+00
2150 0 +4.497565782e-01 +3.821975658e+01 +3.821975658e+01 -2.3145e-01 +2.1338e+00
2156 0 +4.404628669e-01 +3.821046287e+01 +3.821046287e+01 -2.4152e-01 +2.1342e+00
2162 0 +4.222227372e-01 +3.819222274e+01 +3.819222274e+01 -2.6130e-01 +2.1345e+00
2189 0 +4.031907338e-01 +3.817319073e+01 +3.817319073e+01 -2.6716e-01 +2.1345e+00
2216 0 +3.913825638e-01 +3.816138256e+01 +3.816138256e+01 -2.7683e-01 +2.1347e+00
2221 0 +3.804231543e-01 +3.815042315e+01 +3.815042315e+01 -2.8423e-01 +2.1347e+00
2265 0 +3.786247525e-01 +3.814862475e+01 +3.814862475e+01 -2.8807e-01 +2.1348e+00
2281 0 +3.646785878e-01 +3.813467859e+01 +3.813467859e+01 -3.0737e-01 +2.1349e+00
2282 0 +3.628471336e-01 +3.813284713e+01 +3.813284713e+01 -3.0011e-01 +2.1348e+00
2298 0 +3.466493874e-01 +3.811664939e+01 +3.811664939e+01 -3.3062e-01 +2.1348e+00
2315 0 +3.326360254e-01 +3.810263603e+01 +3.810263603e+01 -3.2430e-01 +2.1347e+00
2478 0 +3.299009423e-01 +3.809990094e+01 +3.809990094e+01 -3.2607e-01 +2.1347e+00
2503 0 +3.173457697e-01 +3.808734577e+01 +3.808734577e+01 -3.4137e-01 +2.1345e+00
2513 0 +3.129344125e-01 +3.808293441e+01 +3.808293441e+01 -3.4244e-01 +2.1345e+00
2519 0 +2.984509601e-01 +3.806845096e+01 +3.806845096e+01 -3.5444e-01 +2.1343e+00
2524 0 +2.896562677e-01 +3.805965627e+01 +3.805965627e+01 -3.6705e-01 +2.1342e+00
2530 0 +2.833049154e-01 +3.805330492e+01 +3.805330492e+01 -3.6979e-01 +2.1341e+00
2559 0 +2.809775114e-01 +3.805097751e+01 +3.805097751e+01 -3.7359e-01 +2.1340e+00
2594 0 +2.742619887e-01 +3.804426199e+01 +3.804426199e+01 -3.7971e-01 +2.1338e+00
2601 0 +2.629700757e-01 +3.803297008e+01 +3.803297008e+01 -3.9446e-01 +2.1335e+00
2658 0 +2.565123799e-01 +3.802651238e+01 +3.802651238e+01 -4.0241e-01 +2.1332e+00
2677 0 +2.475524169e-01 +3.801755242e+01 +3.801755242e+01 -4.0969e-01 +2.1330e+00
2686 0 +2.426383558e-01 +3.801263836e+01 +3.801263836e+01 -4.1256e-01 +2.1328e+00
2704 0 +2.383347720e-01 +3.800833477e+01 +3.800833477e+01 -4.1417e-01 +2.1327e+00
2721 0 +2.313655292e-01 +3.800136553e+01 +3.800136553e+01 -4.2153e-01 +2.1324e+00
2722 0 +2.279778040e-01 +3.799797780e+01 +3.799797780e+01 -4.2526e-01 +2.1323e+00
2732 0 +2.236048280e-01 +3.799360483e+01 +3.799360483e+01 -4.3878e-01 +2.1318e+00
2784 0 +2.176103289e-01 +3.798761033e+01 +3.798761033e+01 -4.3671e-01 +2.1318e+00
2802 0 +2.128447791e-01 +3.798284478e+01 +3.798284478e+01 -4.4232e-01 +2.1315e+00
2820 0 +2.086140376e-01 +3.797861404e+01 +3.797861404e+01 -4.5064e-01 +2.1312e+00
2821 0 +2.037439348e-01 +3.797374393e+01 +3.797374393e+01 -4.5787e-01 +2.1308e+00
2876 0 +1.981115377e-01 +3.796811154e+01 +3.796811154e+01 -4.6507e-01 +2.1304e+00
2884 0 +1.936504357e-01 +3.796365044e+01 +3.796365044e+01 -4.7043e-01 +2.1301e+00
2891 0 +1.868556692e-01 +3.795685567e+01 +3.795685567e+01 -4.8019e-01 +2.1295e+00
2900 0 +1.847715622e-01 +3.795477156e+01 +3.795477156e+01 -4.8928e-01 +2.1290e+00
2904 0 +1.774790828e-01 +3.794747908e+01 +3.794747908e+01 -4.9052e-01 +2.1287e+00
2949 0 +1.732599236e-01 +3.794325992e+01 +3.794325992e+01 -4.9344e-01 +2.1287e+00
2994 0 +1.659473528e-01 +3.793594735e+01 +3.793594735e+01 -5.0299e-01 +2.1280e+00
3023 0 +1.603554615e-01 +3.793035546e+01 +3.793035546e+01 -5.0798e-01 +2.1277e+00
3039 0 +1.576447865e-01 +3.792764479e+01 +3.792764479e+01 -5.1275e-01 +2.1273e+00
3073 0 +1.537156674e-01 +3.792371567e+01 +3.792371567e+01 -5.1656e-01 +2.1270e+00
3085 0 +1.513440799e-01 +3.792134408e+01 +3.792134408e+01 -5.2338e-01 +2.1265e+00
3093 0 +1.478078633e-01 +3.791780786e+01 +3.791780786e+01 -5.2623e-01 +2.1263e+00
3113 0 +1.434650381e-01 +3.791346504e+01 +3.791346504e+01 -5.3168e-01 +2.1259e+00
3128 0 +1.397470853e-01 +3.790974709e+01 +3.790974709e+01 -5.3600e-01 +2.1255e+00
3161 0 +1.374125691e-01 +3.790741257e+01 +3.790741257e+01 -5.4788e-01 +2.1246e+00
3174 0 +1.319027347e-01 +3.790190273e+01 +3.790190273e+01 -5.5112e-01 +2.1243e+00
3225 0 +1.315484007e-01 +3.790154840e+01 +3.790154840e+01 -5.5020e-01 +2.1243e+00
3248 0 +1.282008225e-01 +3.789820082e+01 +3.789820082e+01 -5.5323e-01 +2.1240e+00
3271 0 +1.253494480e-01 +3.789534945e+01 +3.789534945e+01 -5.5881e-01 +2.1236e+00
3287 0 +1.196659264e-01 +3.788966593e+01 +3.788966593e+01 -5.6686e-01 +2.1228e+00
3305 0 +1.169586643e-01 +3.788695866e+01 +3.788695866e+01 -5.7099e-01 +2.1224e+00
3357 0 +1.138164766e-01 +3.788381648e+01 +3.788381648e+01 -5.7654e-01 +2.1219e+00
3378 0 +1.113690155e-01 +3.788136902e+01 +3.788136902e+01 -5.8035e-01 +2.1215e+00
3392 0 +1.088488360e-01 +3.787884884e+01 +3.787884884e+01 -5.8446e-01 +2.1211e+00
3396 0 +1.060223630e-01 +3.787602236e+01 +3.787602236e+01 -5.8924e-01 +2.1207e+00
3403 0 +1.012669862e-01 +3.787126699e+01 +3.787126699e+01 -5.9811e-01 +2.1198e+00
3406 0 +9.987628938e-02 +3.786987629e+01 +3.786987629e+01 -6.0563e-01 +2.1190e+00
3420 0 +9.634158284e-02 +3.786634158e+01 +3.786634158e+01 -6.0654e-01 +2.1189e+00
3446 0 +9.324783444e-02 +3.786324783e+01 +3.786324783e+01 -6.1274e-01 +2.1182e+00
3528 0 +9.090119046e-02 +3.786090119e+01 +3.786090119e+01 -6.1980e-01 +2.1175e+00
3545 0 +8.860364650e-02 +3.785860365e+01 +3.785860365e+01 -6.2987e-01 +2.1163e+00
3569 0 +8.677509075e-02 +3.785677509e+01 +3.785677509e+01 -6.2858e-01 +2.1165e+00
3582 0 +8.433898196e-02 +3.785433898e+01 +3.785433898e+01 -6.3198e-01 +2.1161e+00
3733 0 +8.307087584e-02 +3.785307088e+01 +3.785307088e+01 -6.3264e-01 +2.1160e+00
3751 0 +8.070445587e-02 +3.785070446e+01 +3.785070446e+01 -6.3695e-01 +2.1155e+00
3761 0 +7.921252481e-02 +3.784921252e+01 +3.784921252e+01 -6.4007e-01 +2.1151e+00
3811 0 +7.757547793e-02 +3.784757548e+01 +3.784757548e+01 -6.5239e-01 +2.1136e+00
3825 0 +7.575793153e-02 +3.784575793e+01 +3.784575793e+01 -6.4751e-01 +2.1142e+00
3889 0 +7.318100734e-02 +3.784318101e+01 +3.784318101e+01 -6.5333e-01 +2.1135e+00
3891 0 +7.227687309e-02 +3.784227687e+01 +3.784227687e+01 -6.5693e-01 +2.1130e+00
3900 0 +6.992932956e-02 +3.783992933e+01 +3.783992933e+01 -6.6154e-01 +2.1125e+00
3907 0 +6.812407141e-02 +3.783812407e+01 +3.783812407e+01 -6.6505e-01 +2.1120e+00
3909 0 +6.313353242e-02 +3.783313353e+01 +3.783313353e+01 -6.7404e-01 +2.1108e+00
3921 0 +6.112089900e-02 +3.783112090e+01 +3.783112090e+01 -6.7893e-01 +2.1101e+00
3924 0 +5.708669766e-02 +3.782708670e+01 +3.782708670e+01 -6.9723e-01 +2.1077e+00
3927 0 +5.062678257e-02 +3.782062678e+01 +3.782062678e+01 -7.0580e-01 +2.1064e+00
% f evaluations | g evaluations | best noise-free fitness - Fopt (-6.325500000000e+02) + sum g_i+ | measured fitness | best measured fitness or single-digit g-values | x1 | x2...
1 0 +4.034793644e+05 +4.028468144e+05 +4.028468144e+05 +0.0000e+00 +0.0000e+00
2 0 +3.654304944e+05 +3.647979444e+05 +3.647979444e+05 +4.3379e-01 +3.0692e-02
3 0 +8.658992424e+04 +8.595737424e+04 +8.595737424e+04 +9.8026e-02 +3.4094e-01
11 0 +4.493494843e+04 +4.430239843e+04 +4.430239843e+04 +3.1024e-01 +4.2322e-01
14 0 +2.051030945e+04 +1.987775945e+04 +1.987775945e+04 -1.3656e-01 +4.9199e-01
20 0 +7.384284641e+03 +6.751734641e+03 +6.751734641e+03 +4.4159e-01 +5.4927e-01
21 0 +3.159850023e+02 -3.165649977e+02 -3.165649977e+02 +3.0256e-01 +6.1743e-01
34 0 +1.335424139e+01 -6.191957586e+02 -6.191957586e+02 +5.3180e-01 +6.3885e-01
89 0 +8.326750457e-01 -6.317173250e+02 -6.317173250e+02 +2.2804e-01 +6.3435e-01
131 0 +1.300996451e-01 -6.324199004e+02 -6.324199004e+02 +2.2943e-01 +6.3508e-01
180 0 +1.168779730e-01 -6.324331220e+02 -6.324331220e+02 +2.3293e-01 +6.3526e-01
189 0 +1.128353031e-01 -6.324371647e+02 -6.324371647e+02 +2.3431e-01 +6.3522e-01
190 0 +1.091681931e-01 -6.324408318e+02 -6.324408318e+02 +2.4129e-01 +6.3524e-01
338 0 +1.066756419e-01 -6.324433244e+02 -6.324433244e+02 +2.4320e-01 +6.3521e-01
349 0 +1.033811072e-01 -6.324466189e+02 -6.324466189e+02 +2.4869e-01 +6.3522e-01
361 0 +1.016944840e-01 -6.324483055e+02 -6.324483055e+02 +2.6035e-01 +6.3528e-01
368 0 +9.773192601e-02 -6.324522681e+02 -6.324522681e+02 +2.5734e-01 +6.3521e-01
371 0 +9.513322392e-02 -6.324548668e+02 -6.324548668e+02 +2.6459e-01 +6.3525e-01
400 0 +9.253758065e-02 -6.324574624e+02 -6.324574624e+02 +2.6695e-01 +6.3517e-01
401 0 +8.670081983e-02 -6.324632992e+02 -6.324632992e+02 +2.7537e-01 +6.3521e-01
409 0 +8.122629932e-02 -6.324687737e+02 -6.324687737e+02 +2.8491e-01 +6.3519e-01
415 0 +7.591707501e-02 -6.324740829e+02 -6.324740829e+02 +2.9482e-01 +6.3518e-01
418 0 +7.530342796e-02 -6.324746966e+02 -6.324746966e+02 +2.9520e-01 +6.3520e-01
422 0 +7.230844746e-02 -6.324776916e+02 -6.324776916e+02 +3.0873e-01 +6.3513e-01
424 0 +6.137408151e-02 -6.324886259e+02 -6.324886259e+02 +3.5387e-01 +6.3508e-01
432 0 +4.599430769e-02 -6.325040057e+02 -6.325040057e+02 +3.7642e-01 +6.3511e-01
440 0 +4.550579082e-02 -6.325044942e+02 -6.325044942e+02 +3.6036e-01 +6.3516e-01
444 0 +3.905225626e-02 -6.325109477e+02 -6.325109477e+02 +3.7404e-01 +6.3517e-01
454 0 +1.854221706e-02 -6.325314578e+02 -6.325314578e+02 +4.9549e-01 +6.3509e-01
467 0 +7.377601022e-03 -6.325426224e+02 -6.325426224e+02 +4.9902e-01 +6.3515e-01
470 0 +2.779448412e-04 -6.325497221e+02 -6.325497221e+02 +5.5353e-01 +6.3520e-01
548 0 +2.588277949e-04 -6.325497412e+02 -6.325497412e+02 +5.5685e-01 +6.3519e-01
576 0 +2.018740582e-04 -6.325497981e+02 -6.325497981e+02 +5.5643e-01 +6.3519e-01
583 0 +4.297608632e-05 -6.325499570e+02 -6.325499570e+02 +5.6376e-01 +6.3520e-01
648 0 +1.962222018e-05 -6.325499804e+02 -6.325499804e+02 +5.6973e-01 +6.3521e-01
665 0 +1.087375870e-05 -6.325499891e+02 -6.325499891e+02 +5.6672e-01 +6.3520e-01
670 0 +1.020901425e-05 -6.325499898e+02 -6.325499898e+02 +5.6642e-01 +6.3520e-01
673 0 +5.065234745e-06 -6.325499949e+02 -6.325499949e+02 +5.6761e-01 +6.3520e-01
691 0 +1.881494427e-06 -6.325499981e+02 -6.325499981e+02 +5.6823e-01 +6.3520e-01
694 0 +2.192954298e-07 -6.325499998e+02 -6.325499998e+02 +5.6952e-01 +6.3520e-01
695 0 +2.625597517e-08 -6.325500000e+02 -6.325500000e+02 +5.6944e-01 +6.3520e-01
777 0 +6.631125871e-09 -6.325500000e+02 -6.325500000e+02 +5.6952e-01 +6.3520e-01
1178 0 +0.000000000e+00 -6.325500000e+02 -6.325500000e+02 +5.6960e-01 +6.3520e-01
% f evaluations | g evaluations | best noise-free fitness - Fopt (-8.530000000000e+01) + sum g_i+ | measured fitness | best measured fitness or single-digit g-values | x1 | x2...
1 0 +4.711536058e+05 +4.710683058e+05 +4.710683058e+05 +0.0000e+00 +0.0000e+00
5 0 +4.027710613e+05 +4.026857613e+05 +4.026857613e+05 -1.1375e-01 -3.0566e-01
8 0 +3.420981240e+05 +3.420128240e+05 +3.420128240e+05 -1.1781e-01 +1.5775e-02
10 0 +3.348908008e+05 +3.348055008e+05 +3.348055008e+05 -1.2536e-01 +1.4549e-02
14 0 +1.044501015e+05 +1.043648015e+05 +1.043648015e+05 -3.9445e-01 +1.7836e-01
35 0 +4.482147171e+04 +4.473617171e+04 +4.473617171e+04 -5.0611e-01 +1.9222e-01
57 0 +2.436810597e+04 +2.428280597e+04 +2.428280597e+04 -8.5847e-01 +2.9842e-01
58 0 +9.229372615e+03 +9.144072615e+03 +9.144072615e+03 -6.2599e-01 +1.9136e-01
60 0 +3.220691489e+03 +3.135391489e+03 +3.135391489e+03 -7.7993e-01 +2.0711e-01
82 0 +2.321373694e+02 +1.468373694e+02 +1.468373694e+02 -7.2132e-01 +2.6599e-01
95 0 +6.726515930e+00 -7.857348407e+01 -7.857348407e+01 -7.0484e-01 +2.5887e-01
159 0 +1.253366889e+00 -8.404663311e+01 -8.404663311e+01 -7.1581e-01 +2.2361e-01
170 0 +4.161600793e-01 -8.488383992e+01 -8.488383992e+01 -7.1596e-01 +2.2552e-01
188 0 +3.866778778e-01 -8.491332212e+01 -8.491332212e+01 -7.1778e-01 +2.1880e-01
200 0 +3.071600611e-01 -8.499283994e+01 -8.499283994e+01 -7.1516e-01 +2.2967e-01
493 0 +3.019291214e-01 -8.499807088e+01 -8.499807088e+01 -7.1571e-01 +2.2783e-01
555 0 +2.906915001e-01 -8.500930850e+01 -8.500930850e+01 -7.1884e-01 +2.1620e-01
563 0 +2.871970853e-01 -8.501280291e+01 -8.501280291e+01 -7.1965e-01 +2.1315e-01
569 0 +2.802319914e-01 -8.501976801e+01 -8.501976801e+01 -7.2217e-01 +2.0376e-01
573 0 +2.709348220e-01 -8.502906518e+01 -8.502906518e+01 -7.2732e-01 +1.8461e-01
590 0 +2.601369000e-01 -8.503986310e+01 -8.503986310e+01 -7.3158e-01 +1.6867e-01
673 0 +2.515308940e-01 -8.504846911e+01 -8.504846911e+01 -7.3912e-01 +1.4049e-01
677 0 +2.371940655e-01 -8.506280593e+01 -8.506280593e+01 -7.4665e-01 +1.1224e-01
683 0 +1.671984408e-01 -8.513280156e+01 -8.513280156e+01 -7.8250e-01 -2.2426e-02
693 0 +1.541017587e-01 -8.514589824e+01 -8.514589824e+01 -7.7925e-01 -1.0368e-02
700 0 +1.187304382e-01 -8.518126956e+01 -8.518126956e+01 -8.0672e-01 -1.1362e-01
823 0 +1.142539114e-01 -8.518574609e+01 -8.518574609e+01 -8.1373e-01 -1.3996e-01
860 0 +1.091510127e-01 -8.519084899e+01 -8.519084899e+01 -8.1021e-01 -1.2676e-01
874 0 +1.058308923e-01 -8.519416911e+01 -8.519416911e+01 -8.0554e-01 -1.0927e-01
878 0 +9.644071082e-02 -8.520355929e+01 -8.520355929e+01 -8.1469e-01 -1.4369e-01
879 0 +5.332310100e-02 -8.524667690e+01 -8.524667690e+01 -8.2414e-01 -1.7954e-01
894 0 +3.455359067e-02 -8.526544641e+01 -8.526544641e+01 -8.4225e-01 -2.4777e-01
903 0 +8.275461679e-03 -8.529172454e+01 -8.529172454e+01 -8.3766e-01 -2.3097e-01
927 0 +2.569290214e-04 -8.529974307e+01 -8.529974307e+01 -8.5273e-01 -2.8788e-01
959 0 +1.023210001e-04 -8.529989768e+01 -8.529989768e+01 -8.5730e-01 -3.0577e-01
1037 0 +5.869176429e-05 -8.529994131e+01 -8.529994131e+01 -8.5495e-01 -2.9623e-01
1044 0 +1.787552040e-05 -8.529998212e+01 -8.529998212e+01 -8.5622e-01 -3.0102e-01
1051 0 +1.551920188e-05 -8.529998448e+01 -8.529998448e+01 -8.5646e-01 -3.0191e-01
1063 0 +1.250718222e-05 -8.529998749e+01 -8.529998749e+01 -8.5594e-01 -2.9996e-01
1092 0 +4.540038674e-06 -8.529999546e+01 -8.529999546e+01 -8.5677e-01 -3.0309e-01
1113 0 +3.723428449e-06 -8.529999628e+01 -8.529999628e+01 -8.5631e-01 -3.0135e-01
1131 0 +3.389825551e-06 -8.529999661e+01 -8.529999661e+01 -8.5653e-01 -3.0216e-01
1132 0 +2.779810529e-06 -8.529999722e+01 -8.529999722e+01 -8.5641e-01 -3.0173e-01
1135 0 +1.753435527e-06 -8.529999825e+01 -8.529999825e+01 -8.5652e-01 -3.0213e-01
1146 0 +8.834260541e-07 -8.529999912e+01 -8.529999912e+01 -8.5656e-01 -3.0229e-01
1173 0 +8.309765462e-07 -8.529999917e+01 -8.529999917e+01 -8.5669e-01 -3.0278e-01
1179 0 +7.563164104e-07 -8.529999924e+01 -8.529999924e+01 -8.5666e-01 -3.0266e-01
1183 0 +6.899671376e-07 -8.529999931e+01 -8.529999931e+01 -8.5662e-01 -3.0252e-01
1188 0 +9.261626133e-09 -8.529999999e+01 -8.529999999e+01 -8.5682e-01 -3.0327e-01
1721 0 +0.000000000e+00 -8.530000000e+01 -8.530000000e+01 -8.5680e-01 -3.0320e-01
% f evaluations | g evaluations | best noise-free fitness - Fopt (1.719500000000e+02) + sum g_i+ | measured fitness | best measured fitness or single-digit g-values | x1 | x2...
1 0 +1.162538573e+07 +1.162555768e+07 +1.162555768e+07 +0.0000e+00 +0.0000e+00
2 0 +1.141703293e+07 +1.141720488e+07 +1.141720488e+07 +4.3379e-01 +3.0692e-02
3 0 +9.416694920e+06 +9.416866870e+06 +9.416866870e+06 +9.8026e-02 +3.4094e-01
11 0 +8.918467881e+06 +8.918639831e+06 +8.918639831e+06 +3.1024e-01 +4.2322e-01
14 0 +8.512477106e+06 +8.512649056e+06 +8.512649056e+06 -1.3656e-01 +4.9199e-01
19 0 +6.224140749e+06 +6.224312699e+06 +6.224312699e+06 +3.9322e-01 +9.1478e-01
27 0 +5.426385541e+06 +5.426557491e+06 +5.426557491e+06 +1.2232e-01 +1.0801e+00
32 0 +4.443572042e+06 +4.443743992e+06 +4.443743992e+06 +6.5897e-01 +1.3016e+00
40 0 +3.335311107e+06 +3.335483057e+06 +3.335483057e+06 +4.6650e-01 +1.5833e+00
48 0 +2.126943099e+06 +2.127115049e+06 +2.127115049e+06 +6.7757e-01 +1.9512e+00
50 0 +1.303271920e+06 +1.303443870e+06 +1.303443870e+06 +6.5415e-01 +2.2680e+00
54 0 +7.944730520e+05 +7.946450020e+05 +7.946450020e+05 +1.0321e+00 +2.5183e+00
57 0 +2.792240892e+05 +2.793960392e+05 +2.793960392e+05 +3.3149e-01 +3.9380e+00
58 0 +1.843549623e+04 +1.860744623e+04 +1.860744623e+04 +6.2105e-01 +3.2739e+00
62 0 +1.137773049e+04 +1.154968049e+04 +1.154968049e+04 +6.6714e-01 +3.3030e+00
88 0 +8.144351673e+02 +9.863851673e+02 +9.863851673e+02 +5.8117e-01 +3.3812e+00
127 0 +9.739605944e+01 +2.693460594e+02 +2.693460594e+02 +4.7131e-01 +3.4003e+00
131 0 +3.738163555e+01 +2.093316355e+02 +2.093316355e+02 +4.2159e-01 +3.4044e+00
160 0 +1.203183598e+01 +1.839818360e+02 +1.839818360e+02 +4.2712e-01 +3.4084e+00
200 0 +1.086153095e+01 +1.828115309e+02 +1.828115309e+02 +4.6765e-01 +3.4089e+00
238 0 +1.061695858e+01 +1.825669586e+02 +1.825669586e+02 +4.4780e-01 +3.4092e+00
464 0 +1.046369895e+01 +1.824136990e+02 +1.824136990e+02 +4.4937e-01 +3.4096e+00
514 0 +1.013392940e+01 +1.820839294e+02 +1.820839294e+02 +5.0062e-01 +3.4096e+00
529 0 +9.966424198e+00 +1.819164242e+02 +1.819164242e+02 +5.2813e-01 +3.4097e+00
537 0 +9.548424595e+00 +1.814984246e+02 +1.814984246e+02 +5.9537e-01 +3.4097e+00
557 0 +8.866180361e+00 +1.808161804e+02 +1.808161804e+02 +7.1281e-01 +3.4098e+00
565 0 +8.358947490e+00 +1.803089475e+02 +1.803089475e+02 +7.9876e-01 +3.4098e+00
570 0 +7.930895350e+00 +1.798808954e+02 +1.798808954e+02 +8.7304e-01 +3.4098e+00
583 0 +7.212696645e+00 +1.791626966e+02 +1.791626966e+02 +1.0093e+00 +3.4098e+00
604 0 +6.654414694e+00 +1.786044147e+02 +1.786044147e+02 +1.1353e+00 +3.4100e+00
632 0 +5.646069942e+00 +1.775960699e+02 +1.775960699e+02 +1.3761e+00 +3.4102e+00
635 0 +5.361151740e+00 +1.773111517e+02 +1.773111517e+02 +1.4588e+00 +3.4102e+00
640 0 +4.626061291e+00 +1.765760613e+02 +1.765760613e+02 +1.6861e+00 +3.4104e+00
647 0 +4.348992315e+00 +1.762989923e+02 +1.762989923e+02 +1.8081e+00 +3.4105e+00
648 0 +3.794039084e+00 +1.757440391e+02 +1.757440391e+02 +1.9951e+00 +3.4106e+00
650 0 +3.246147897e+00 +1.751961479e+02 +1.751961479e+02 +2.9269e+00 +3.4112e+00
654 0 +3.026968986e+00 +1.749769690e+02 +1.749769690e+02 +2.9745e+00 +3.4112e+00
677 0 +2.954369291e+00 +1.749043693e+02 +1.749043693e+02 +2.6581e+00 +3.4110e+00
713 0 +2.702377246e+00 +1.746523772e+02 +1.746523772e+02 +2.6409e+00 +3.4109e+00
760 0 +2.689166910e+00 +1.746391669e+02 +1.746391669e+02 +2.5819e+00 +3.4108e+00
765 0 +2.601030210e+00 +1.745510302e+02 +1.745510302e+02 +2.9128e+00 +3.4110e+00
770 0 +2.535782769e+00 +1.744857828e+02 +1.744857828e+02 +2.5782e+00 +3.4107e+00
775 0 +2.483865034e+00 +1.744338650e+02 +1.744338650e+02 +2.6476e+00 +3.4108e+00
776 0 +2.423990525e+00 +1.743739905e+02 +1.743739905e+02 +2.7142e+00 +3.4108e+00
777 0 +2.278260609e+00 +1.742282606e+02 +1.742282606e+02 +2.9369e+00 +3.4109e+00
780 0 +2.162335164e+00 +1.741123352e+02 +1.741123352e+02 +2.5828e+00 +3.4106e+00
781 0 +1.801873783e+00 +1.737518738e+02 +1.737518738e+02 +2.8711e+00 +3.4107e+00
788 0 +1.450471910e+00 +1.734004719e+02 +1.734004719e+02 +3.0455e+00 +3.4106e+00
794 0 +6.614227837e-01 +1.726114228e+02 +1.726114228e+02 +3.0273e+00 +3.4101e+00
808 0 +6.557701023e-01 +1.726057701e+02 +1.726057701e+02 +3.0944e+00 +3.4090e+00
814 0 +6.297849466e-01 +1.725797849e+02 +1.725797849e+02 +3.2997e+00 +3.4089e+00
816 0 +4.419144357e-01 +1.723919144e+02 +1.723919144e+02 +3.0763e+00 +3.4093e+00
818 0 +3.427316430e-01 +1.722927316e+02 +1.722927316e+02 +3.1219e+00 +3.4094e+00
832 0 +1.604439815e-01 +1.721104440e+02 +1.721104440e+02 +3.2981e+00 +3.4095e+00
841 0 +1.199676194e-01 +1.720699676e+02 +1.720699676e+02 +3.3463e+00 +3.4095e+00
884 0 +1.100594763e-01 +1.720600595e+02 +1.720600595e+02 +3.3592e+00 +3.4095e+00
889 0 +5.903368131e-02 +1.720090337e+02 +1.720090337e+02 +3.4787e+00 +3.4095e+00
894 0 +5.226667756e-02 +1.720022667e+02 +1.720022667e+02 +3.5274e+00 +3.4098e+00
905 0 +8.123891070e-04 +1.719508124e+02 +1.719508124e+02 +3.6595e+00 +3.4096e+00
982 0 +5.337439291e-04 +1.719505337e+02 +1.719505337e+02 +3.6754e+00 +3.4096e+00
991 0 +3.233690669e-04 +1.719503234e+02 +1.719503234e+02 +3.6852e+00 +3.4096e+00
1021 0 +1.506057430e-06 +1.719500015e+02 +1.719500015e+02 +3.6834e+00 +3.4096e+00
1225 0 +1.304337133e-06 +1.719500013e+02 +1.719500013e+02 +3.6829e+00 +3.4096e+00
1247 0 +3.488312927e-07 +1.719500003e+02 +1.719500003e+02 +3.6839e+00 +3.4096e+00
1253 0 +3.348552866e-07 +1.719500003e+02 +1.719500003e+02 +3.6835e+00 +3.4096e+00
1264 0 +2.513006336e-07 +1.719500003e+02 +1.719500003e+02 +3.6839e+00 +3.4096e+00
1268 0 +7.366227806e-08 +1.719500001e+02 +1.719500001e+02 +3.6839e+00 +3.4096e+00
1329 0 +3.494790235e-08 +1.719500000e+02 +1.719500000e+02 +3.6839e+00 +3.4096e+00
1335 0 +1.513760139e-08 +1.719500000e+02 +1.719500000e+02 +3.6839e+00 +3.4096e+00
1341 0 +1.505767955e-08 +1.719500000e+02 +1.719500000e+02 +3.6839e+00 +3.4096e+00
1350 0 +1.413451400e-08 +1.719500000e+02 +1.719500000e+02 +3.6839e+00 +3.4096e+00
1395 0 +4.085023875e-09 +1.719500000e+02 +1.719500000e+02 +3.6839e+00 +3.4096e+00
1653 0 +0.000000000e+00 +1.719500000e+02 +1.719500000e+02 +3.6840e+00 +3.4096e+00
% f evaluations | g evaluations | best noise-free fitness - Fopt (6.816000000000e+01) + sum g_i+ | measured fitness | best measured fitness or single-digit g-values | x1 | x2...
1 0 +1.330804827e+07 +1.330811643e+07 +1.330811643e+07 +0.0000e+00 +0.0000e+00
2 0 +1.234618062e+07 +1.234624878e+07 +1.234624878e+07 +4.3379e-01 +3.0692e-02
3 0 +1.084718667e+07 +1.084725483e+07 +1.084725483e+07 +9.8026e-02 +3.4094e-01
11 0 +9.897719797e+06 +9.897787957e+06 +9.897787957e+06 +3.8582e-01 +4.2141e-01
16 0 +9.639910885e+06 +9.639979045e+06 +9.639979045e+06 +7.3666e-01 +3.7681e-01
19 0 +6.862497321e+06 +6.862565481e+06 +6.862565481e+06 +4.9059e-01 +9.3781e-01
27 0 +6.610696029e+06 +6.610764189e+06 +6.610764189e+06 +5.5914e-01 +9.7077e-01
32 0 +2.980521836e+06 +2.980589996e+06 +2.980589996e+06 +1.7559e+00 +1.5440e+00
40 0 +1.789316540e+06 +1.789384700e+06 +1.789384700e+06 +2.0089e+00 +1.8818e+00
48 0 +1.486049756e+03 +1.554209756e+03 +1.554209756e+03 +3.5625e+00 +2.9141e+00
82 0 +2.058327127e+02 +2.739927127e+02 +2.739927127e+02 +4.6182e+00 +2.6269e+00
126 0 +1.534106357e+02 +2.215706357e+02 +2.215706357e+02 +4.4721e+00 +2.6611e+00
153 0 +1.470493604e+02 +2.152093604e+02 +2.152093604e+02 +4.3274e+00 +2.6968e+00
171 0 +2.375389738e+00 +7.053538974e+01 +7.053538974e+01 +4.0250e+00 +2.7602e+00
237 0 +2.151512943e+00 +7.031151294e+01 +7.031151294e+01 +4.0899e+00 +2.7434e+00
252 0 +2.073003936e+00 +7.023300394e+01 +7.023300394e+01 +4.0528e+00 +2.7528e+00
310 0 +2.010164364e+00 +7.017016436e+01 +7.017016436e+01 +4.0397e+00 +2.7558e+00
333 0 +1.994648867e+00 +7.015464887e+01 +7.015464887e+01 +4.0369e+00 +2.7565e+00
359 0 +1.941048280e+00 +7.010104828e+01 +7.010104828e+01 +3.9965e+00 +2.7669e+00
377 0 +1.757247791e+00 +6.991724779e+01 +6.991724779e+01 +3.9518e+00 +2.7776e+00
385 0 +1.637590844e+00 +6.979759084e+01 +6.979759084e+01 +3.8733e+00 +2.7975e+00
394 0 +1.603443346e+00 +6.976344335e+01 +6.976344335e+01 +3.8760e+00 +2.7963e+00
398 0 +1.550264632e+00 +6.971026463e+01 +6.971026463e+01 +3.8738e+00 +2.7970e+00
402 0 +1.321411629e+00 +6.948141163e+01 +6.948141163e+01 +3.7820e+00 +2.8198e+00
413 0 +1.297966065e+00 +6.945796606e+01 +6.945796606e+01 +3.7697e+00 +2.8230e+00
416 0 +1.175543091e+00 +6.933554309e+01 +6.933554309e+01 +3.7024e+00 +2.8398e+00
423 0 +1.042447982e+00 +6.920244798e+01 +6.920244798e+01 +3.6573e+00 +2.8508e+00
433 0 +8.268718081e-01 +6.898687181e+01 +6.898687181e+01 +3.5489e+00 +2.8777e+00
434 0 +7.513172681e-01 +6.891131727e+01 +6.891131727e+01 +3.5026e+00 +2.8891e+00
444 0 +6.855030309e-01 +6.884550303e+01 +6.884550303e+01 +3.4359e+00 +2.9060e+00
446 0 +3.121823580e-01 +6.847218236e+01 +6.847218236e+01 +3.2038e+00 +2.9635e+00
451 0 +3.034386568e-01 +6.846343866e+01 +6.846343866e+01 +3.1265e+00 +2.9829e+00
455 0 +1.671749010e-01 +6.832717490e+01 +6.832717490e+01 +3.0576e+00 +2.9998e+00
466 0 +4.107925790e-03 +6.816410793e+01 +6.816410793e+01 +2.6505e+00 +3.1010e+00
566 0 +3.641283694e-04 +6.816036413e+01 +6.816036413e+01 +2.6849e+00 +3.0922e+00
575 0 +7.043666827e-06 +6.816000704e+01 +6.816000704e+01 +2.6662e+00 +3.0968e+00
688 0 +2.272640543e-06 +6.816000227e+01 +6.816000227e+01 +2.6679e+00 +3.0964e+00
692 0 +7.216200260e-07 +6.816000072e+01 +6.816000072e+01 +2.6664e+00 +3.0968e+00
719 0 +2.451132559e-07 +6.816000025e+01 +6.816000025e+01 +2.6667e+00 +3.0967e+00
734 0 +1.810422390e-07 +6.816000018e+01 +6.816000018e+01 +2.6668e+00 +3.0967e+00
736 0 +1.636829126e-07 +6.816000016e+01 +6.816000016e+01 +2.6666e+00 +3.0967e+00
762 0 +1.550248072e-07 +6.816000016e+01 +6.816000016e+01 +2.6664e+00 +3.0968e+00
772 0 +1.397802833e-07 +6.816000014e+01 +6.816000014e+01 +2.6667e+00 +3.0967e+00
773 0 +4.369482554e-09 +6.816000000e+01 +6.816000000e+01 +2.6664e+00 +3.0968e+00
1113 0 +0.000000000e+00 +6.816000000e+01 +6.816000000e+01 +2.6664e+00 +3.0968e+00
% f evaluations | g evaluations | best noise-free fitness - Fopt (1.000000000000e+03) + sum g_i+ | measured fitness | best measured fitness or single-digit g-values | x1 | x2...
1 0 +8.049072351e+06 +8.050072351e+06 +8.050072351e+06 +0.0000e+00 +0.0000e+00
2 0 +7.012688338e+06 +7.013688338e+06 +7.013688338e+06 +4.3379e-01 +3.0692e-02
3 0 +6.170602610e+06 +6.171602610e+06 +6.171602610e+06 +9.8026e-02 +3.4094e-01
9 0 +5.907153482e+06 +5.908153482e+06 +5.908153482e+06 +4.7684e-01 +2.4785e-01
11 0 +5.303213514e+06 +5.304213514e+06 +5.304213514e+06 +3.8582e-01 +4.2141e-01
16 0 +4.904292283e+06 +4.905292283e+06 +4.905292283e+06 +7.3666e-01 +3.7681e-01
19 0 +3.183870283e+06 +3.184870283e+06 +3.184870283e+06 +4.9059e-01 +9.3781e-01
20 0 +3.158806064e+06 +3.159806064e+06 +3.159806064e+06 +8.3504e-01 +8.0827e-01
27 0 +2.987234316e+06 +2.988234316e+06 +2.988234316e+06 +5.5914e-01 +9.7077e-01
32 0 +5.672691293e+05 +5.682691293e+05 +5.682691293e+05 +1.7559e+00 +1.5440e+00
40 0 +1.195816176e+05 +1.205816176e+05 +1.205816176e+05 +2.0089e+00 +1.8818e+00
61 0 +8.205249478e+04 +8.305249478e+04 +8.305249478e+04 +2.2050e+00 +2.4842e+00
62 0 +7.889378085e+04 +7.989378085e+04 +7.989378085e+04 +1.7059e+00 +2.0723e+00
63 0 +1.124080303e+03 +2.124080303e+03 +2.124080303e+03 +3.0346e+00 +1.8814e+00
91 0 +2.854832296e+02 +1.285483230e+03 +1.285483230e+03 +2.5399e+00 +2.0250e+00
109 0 +1.796266787e+01 +1.017962668e+03 +1.017962668e+03 +2.1499e+00 +2.1960e+00
234 0 +1.563616646e+01 +1.015636166e+03 +1.015636166e+03 +2.2046e+00 +2.1758e+00
264 0 +1.546352674e+01 +1.015463527e+03 +1.015463527e+03 +2.1882e+00 +2.1825e+00
364 0 +1.500270898e+01 +1.015002709e+03 +1.015002709e+03 +2.1192e+00 +2.2097e+00
370 0 +1.477786769e+01 +1.014777868e+03 +1.014777868e+03 +2.1008e+00 +2.2176e+00
380 0 +1.438613211e+01 +1.014386132e+03 +1.014386132e+03 +2.0495e+00 +2.2381e+00
390 0 +1.358939428e+01 +1.013589394e+03 +1.013589394e+03 +1.9584e+00 +2.2739e+00
404 0 +1.171981479e+01 +1.011719815e+03 +1.011719815e+03 +1.7149e+00 +2.3708e+00
408 0 +1.056228104e+01 +1.010562281e+03 +1.010562281e+03 +1.5561e+00 +2.4341e+00
416 0 +9.559230980e+00 +1.009559231e+03 +1.009559231e+03 +1.2021e+00 +2.5739e+00
417 0 +6.805858939e+00 +1.006805859e+03 +1.006805859e+03 +8.7513e-01 +2.7045e+00
432 0 +6.625156819e+00 +1.006625157e+03 +1.006625157e+03 +8.6432e-01 +2.7089e+00
440 0 +3.969794954e+00 +1.003969795e+03 +1.003969795e+03 +3.0273e-02 +3.0403e+00
444 0 +2.951664385e+00 +1.002951664e+03 +1.002951664e+03 -3.7151e-01 +3.2001e+00
454 0 +1.049440549e+00 +1.001049441e+03 +1.001049441e+03 -1.4470e+00 +3.6285e+00
506 0 +7.311096389e-01 +1.000731110e+03 +1.000731110e+03 -1.0698e+00 +3.4786e+00
511 0 +1.269781251e-01 +1.000126978e+03 +1.000126978e+03 -1.1682e+00 +3.5184e+00
553 0 +8.216918627e-02 +1.000082169e+03 +1.000082169e+03 -1.1969e+00 +3.5300e+00
559 0 +5.387007768e-02 +1.000053870e+03 +1.000053870e+03 -1.2716e+00 +3.5596e+00
570 0 +9.956222108e-03 +1.000009956e+03 +1.000009956e+03 -1.4021e+00 +3.6116e+00
583 0 +3.459172226e-03 +1.000003459e+03 +1.000003459e+03 -1.4563e+00 +3.6332e+00
725 0 +2.529049813e-03 +1.000002529e+03 +1.000002529e+03 -1.4611e+00 +3.6351e+00
751 0 +2.435303882e-03 +1.000002435e+03 +1.000002435e+03 -1.4436e+00 +3.6281e+00
755 0 +2.062719933e-03 +1.000002063e+03 +1.000002063e+03 -1.4494e+00 +3.6305e+00
756 0 +1.274373966e-03 +1.000001274e+03 +1.000001274e+03 -1.4433e+00 +3.6281e+00
758 0 +8.743589215e-04 +1.000000874e+03 +1.000000874e+03 -1.4463e+00 +3.6292e+00
760 0 +4.134495072e-04 +1.000000413e+03 +1.000000413e+03 -1.4451e+00 +3.6288e+00
764 0 +3.811137626e-04 +1.000000381e+03 +1.000000381e+03 -1.4452e+00 +3.6288e+00
777 0 +3.398436183e-04 +1.000000340e+03 +1.000000340e+03 -1.4521e+00 +3.6316e+00
785 0 +1.021028628e-04 +1.000000102e+03 +1.000000102e+03 -1.4550e+00 +3.6327e+00
786 0 +9.763415176e-05 +1.000000098e+03 +1.000000098e+03 -1.4541e+00 +3.6324e+00
894 0 +8.641597742e-05 +1.000000086e+03 +1.000000086e+03 -1.4546e+00 +3.6326e+00
902 0 +7.622759460e-05 +1.000000076e+03 +1.000000076e+03 -1.4575e+00 +3.6337e+00
904 0 +5.504859530e-05 +1.000000055e+03 +1.000000055e+03 -1.4569e+00 +3.6335e+00
909 0 +4.479869278e-05 +1.000000045e+03 +1.000000045e+03 -1.4622e+00 +3.6356e+00
912 0 +1.147209264e-05 +1.000000011e+03 +1.000000011e+03 -1.4634e+00 +3.6361e+00
943 0 +9.732541344e-06 +1.000000010e+03 +1.000000010e+03 -1.4609e+00 +3.6351e+00
951 0 +2.700464051e-06 +1.000000003e+03 +1.000000003e+03 -1.4630e+00 +3.6359e+00
968 0 +4.919994581e-07 +1.000000000e+03 +1.000000000e+03 -1.4634e+00 +3.6361e+00
973 0 +2.907263479e-07 +1.000000000e+03 +1.000000000e+03 -1.4637e+00 +3.6362e+00
1046 0 +1.890093699e-07 +1.000000000e+03 +1.000000000e+03 -1.4629e+00 +3.6359e+00
1075 0 +1.572165047e-07 +1.000000000e+03 +1.000000000e+03 -1.4628e+00 +3.6359e+00
1083 0 +1.379210062e-07 +1.000000000e+03 +1.000000000e+03 -1.4629e+00 +3.6359e+00
1092 0 +1.316428779e-07 +1.000000000e+03 +1.000000000e+03 -1.4630e+00 +3.6359e+00
1094 0 +1.049578486e-07 +1.000000000e+03 +1.000000000e+03 -1.4629e+00 +3.6359e+00
1098 0 +1.607088507e-08 +1.000000000e+03 +1.000000000e+03 -1.4631e+00 +3.6360e+00
1135 0 +1.175328634e-08 +1.000000000e+03 +1.000000000e+03 -1.4631e+00 +3.6360e+00
1142 0 +1.833427632e-09 +1.000000000e+03 +1.000000000e+03 -1.4632e+00 +3.6360e+00
1287 0 +0.000000000e+00 +1.000000000e+03 +1.000000000e+03 -1.4632e+00 +3.6360e+00
% f evaluations | g evaluations | best noise-free fitness - Fopt (-6.837000000000e+01) + sum g_i+ | measured fitness | best measured fitness or single-digit g-values | x1 | x2...
1 0 +2.285799783e+08 +2.285799100e+08 +2.285799100e+08 +0.0000e+00 +0.0000e+00
2 0 +1.597015891e+08 +1.597015208e+08 +1.597015208e+08 +4.3379e-01 +3.0692e-02
3 0 +1.409290963e+08 +1.409290279e+08 +1.409290279e+08 +9.8026e-02 +3.4094e-01
9 0 +1.183059999e+08 +1.183059316e+08 +1.183059316e+08 +4.7684e-01 +2.4785e-01
11 0 +1.017305542e+08 +1.017304858e+08 +1.017304858e+08 +3.8582e-01 +4.2141e-01
16 0 +8.185618893e+07 +8.185612056e+07 +8.185612056e+07 +7.3666e-01 +3.7681e-01
19 0 +4.563845762e+07 +4.563838925e+07 +4.563838925e+07 +4.9059e-01 +9.3781e-01
20 0 +4.132186676e+07 +4.132179839e+07 +4.132179839e+07 +8.3504e-01 +8.0827e-01
32 0 +4.662060454e+06 +4.661992084e+06 +4.661992084e+06 +1.7559e+00 +1.5440e+00
40 0 +1.423104761e+06 +1.423036391e+06 +1.423036391e+06 +2.0089e+00 +1.8818e+00
48 0 +9.465169202e+04 +9.458332202e+04 +9.458332202e+04 +3.5625e+00 +2.9141e+00
53 0 +1.160937910e+04 +1.154100910e+04 +1.154100910e+04 +3.1080e+00 +2.6366e+00
57 0 +9.652866814e+02 +8.969166814e+02 +8.969166814e+02 +1.2131e+00 +2.7818e+00
106 0 +2.868505700e+01 -3.968494300e+01 -3.968494300e+01 +3.2705e+00 +2.5358e+00
130 0 +8.537010232e+00 -5.983298977e+01 -5.983298977e+01 +3.7728e+00 +2.6093e+00
171 0 +7.357313538e+00 -6.101268646e+01 -6.101268646e+01 +3.9800e+00 +2.6037e+00
173 0 +1.661288579e+00 -6.670871142e+01 -6.670871142e+01 +4.1722e+00 +2.6052e+00
179 0 +3.479251076e-01 -6.802207489e+01 -6.802207489e+01 +4.0192e+00 +2.6069e+00
239 0 +6.045564800e-02 -6.830954435e+01 -6.830954435e+01 +4.0124e+00 +2.6065e+00
269 0 +4.717141374e-02 -6.832282859e+01 -6.832282859e+01 +3.9897e+00 +2.6064e+00
301 0 +4.012328381e-02 -6.832987672e+01 -6.832987672e+01 +3.9695e+00 +2.6064e+00
302 0 +3.821785802e-02 -6.833178214e+01 -6.833178214e+01 +3.9656e+00 +2.6064e+00
328 0 +2.365665042e-02 -6.834634335e+01 -6.834634335e+01 +3.9264e+00 +2.6064e+00
372 0 +2.325318758e-02 -6.834674681e+01 -6.834674681e+01 +3.9246e+00 +2.6064e+00
390 0 +2.193202734e-02 -6.834806797e+01 -6.834806797e+01 +3.9193e+00 +2.6064e+00
404 0 +2.014939022e-02 -6.834985061e+01 -6.834985061e+01 +3.9147e+00 +2.6064e+00
440 0 +1.974073783e-02 -6.835025926e+01 -6.835025926e+01 +3.9132e+00 +2.6064e+00
444 0 +1.927221494e-02 -6.835072779e+01 -6.835072779e+01 +3.9116e+00 +2.6064e+00
450 0 +1.789846138e-02 -6.835210154e+01 -6.835210154e+01 +3.9035e+00 +2.6064e+00
454 0 +1.694659105e-02 -6.835305341e+01 -6.835305341e+01 +3.9030e+00 +2.6064e+00
458 0 +1.645132801e-02 -6.835354867e+01 -6.835354867e+01 +3.9001e+00 +2.6064e+00
461 0 +1.606670645e-02 -6.835393329e+01 -6.835393329e+01 +3.8868e+00 +2.6063e+00
464 0 +1.309222113e-02 -6.835690778e+01 -6.835690778e+01 +3.8845e+00 +2.6064e+00
467 0 +1.224870351e-02 -6.835775130e+01 -6.835775130e+01 +3.8723e+00 +2.6064e+00
470 0 +1.031426695e-02 -6.835968573e+01 -6.835968573e+01 +3.8385e+00 +2.6063e+00
475 0 +7.723688792e-03 -6.836227631e+01 -6.836227631e+01 +3.8499e+00 +2.6064e+00
481 0 +7.583447128e-03 -6.836241655e+01 -6.836241655e+01 +3.8598e+00 +2.6064e+00
483 0 +5.841200015e-03 -6.836415880e+01 -6.836415880e+01 +3.8065e+00 +2.6063e+00
490 0 +5.405769026e-03 -6.836459423e+01 -6.836459423e+01 +3.7837e+00 +2.6063e+00
494 0 +4.891981459e-03 -6.836510802e+01 -6.836510802e+01 +3.8393e+00 +2.6064e+00
506 0 +3.396175802e-03 -6.836660382e+01 -6.836660382e+01 +3.8164e+00 +2.6064e+00
511 0 +2.408467626e-03 -6.836759153e+01 -6.836759153e+01 +3.8128e+00 +2.6064e+00
536 0 +2.362878771e-03 -6.836763712e+01 -6.836763712e+01 +3.8070e+00 +2.6064e+00
543 0 +2.289717938e-03 -6.836771028e+01 -6.836771028e+01 +3.8143e+00 +2.6064e+00
546 0 +2.232266985e-03 -6.836776773e+01 -6.836776773e+01 +3.8019e+00 +2.6064e+00
553 0 +1.321176896e-03 -6.836867882e+01 -6.836867882e+01 +3.8067e+00 +2.6064e+00
559 0 +1.257866469e-03 -6.836874213e+01 -6.836874213e+01 +3.7998e+00 +2.6064e+00
567 0 +9.255449569e-04 -6.836907446e+01 -6.836907446e+01 +3.7925e+00 +2.6064e+00
583 0 +7.282471255e-04 -6.836927175e+01 -6.836927175e+01 +3.7811e+00 +2.6064e+00
590 0 +6.708126021e-04 -6.836932919e+01 -6.836932919e+01 +3.7883e+00 +2.6064e+00
663 0 +6.398377969e-04 -6.836936016e+01 -6.836936016e+01 +3.7839e+00 +2.6064e+00
665 0 +5.983506468e-04 -6.836940165e+01 -6.836940165e+01 +3.7779e+00 +2.6064e+00
670 0 +5.701717745e-04 -6.836942983e+01 -6.836942983e+01 +3.7783e+00 +2.6064e+00
673 0 +5.046948336e-04 -6.836949531e+01 -6.836949531e+01 +3.7763e+00 +2.6064e+00
691 0 +4.974074001e-04 -6.836950259e+01 -6.836950259e+01 +3.7763e+00 +2.6064e+00
695 0 +4.794797267e-04 -6.836952052e+01 -6.836952052e+01 +3.7747e+00 +2.6064e+00
699 0 +4.749596697e-04 -6.836952504e+01 -6.836952504e+01 +3.7808e+00 +2.6064e+00
705 0 +4.441580822e-04 -6.836955584e+01 -6.836955584e+01 +3.7794e+00 +2.6064e+00
710 0 +4.229415744e-04 -6.836957706e+01 -6.836957706e+01 +3.7804e+00 +2.6064e+00
713 0 +3.745176063e-04 -6.836962548e+01 -6.836962548e+01 +3.7758e+00 +2.6064e+00
720 0 +3.627647405e-04 -6.836963724e+01 -6.836963724e+01 +3.7786e+00 +2.6064e+00
725 0 +3.357919434e-04 -6.836966421e+01 -6.836966421e+01 +3.7747e+00 +2.6064e+00
735 0 +3.107586689e-04 -6.836968924e+01 -6.836968924e+01 +3.7762e+00 +2.6064e+00
739 0 +2.921266301e-04 -6.836970787e+01 -6.836970787e+01 +3.7812e+00 +2.6064e+00
741 0 +2.803955789e-04 -6.836971960e+01 -6.836971960e+01 +3.7781e+00 +2.6064e+00
745 0 +2.662740233e-04 -6.836973373e+01 -6.836973373e+01 +3.7796e+00 +2.6064e+00
748 0 +2.567493713e-04 -6.836974325e+01 -6.836974325e+01 +3.7823e+00 +2.6064e+00
751 0 +2.028145709e-04 -6.836979719e+01 -6.836979719e+01 +3.7826e+00 +2.6064e+00
755 0 +1.962366272e-04 -6.836980376e+01 -6.836980376e+01 +3.7802e+00 +2.6064e+00
756 0 +1.125008332e-04 -6.836988750e+01 -6.836988750e+01 +3.7821e+00 +2.6064e+00
758 0 +8.146141283e-05 -6.836991854e+01 -6.836991854e+01 +3.7809e+00 +2.6064e+00
760 0 +7.154876272e-05 -6.836992845e+01 -6.836992845e+01 +3.7809e+00 +2.6064e+00
777 0 +3.898390625e-05 -6.836996102e+01 -6.836996102e+01 +3.7779e+00 +2.6064e+00
785 0 +3.747034859e-05 -6.836996253e+01 -6.836996253e+01 +3.7765e+00 +2.6064e+00
786 0 +2.749058449e-05 -6.836997251e+01 -6.836997251e+01 +3.7769e+00 +2.6064e+00
790 0 +1.149352768e-05 -6.836998851e+01 -6.836998851e+01 +3.7759e+00 +2.6064e+00
796 0 +9.202403263e-06 -6.836999080e+01 -6.836999080e+01 +3.7756e+00 +2.6064e+00
899 0 +5.588910554e-06 -6.836999441e+01 -6.836999441e+01 +3.7747e+00 +2.6064e+00
902 0 +5.052000844e-06 -6.836999495e+01 -6.836999495e+01 +3.7748e+00 +2.6064e+00
907 0 +1.969012573e-06 -6.836999803e+01 -6.836999803e+01 +3.7735e+00 +2.6064e+00
909 0 +2.999079669e-07 -6.836999970e+01 -6.836999970e+01 +3.7733e+00 +2.6064e+00
965 0 +7.008836178e-09 -6.836999999e+01 -6.836999999e+01 +3.7728e+00 +2.6064e+00
1554 0 +0.000000000e+00 -6.837000000e+01 -6.837000000e+01 +3.7728e+00 +2.6064e+00
% f evaluations | g evaluations | best noise-free fitness - Fopt (-5.548000000000e+01) + sum g_i+ | measured fitness | best measured fitness or single-digit g-values | x1 | x2...
1 0 +1.212155150e+07 +1.212149602e+07 +1.212149602e+07 +0.0000e+00 +0.0000e+00
5 0 +1.008659390e+07 +1.008653842e+07 +1.008653842e+07 -1.1375e-01 -3.0566e-01
12 0 +9.685541456e+06 +9.685485976e+06 +9.685485976e+06 +3.3015e-01 -3.6944e-01
22 0 +9.455901875e+06 +9.455846395e+06 +9.455846395e+06 +3.6082e-01 -4.0656e-01
25 0 +9.102441767e+06 +9.102386287e+06 +9.102386287e+06 +4.7565e-01 -4.6458e-01
26 0 +8.488764973e+06 +8.488709493e+06 +8.488709493e+06 +5.8852e-01 -5.6805e-01
30 0 +6.786151832e+06 +6.786096352e+06 +6.786096352e+06 +6.7360e-01 -8.7658e-01
33 0 +2.860458548e+06 +2.860403068e+06 +2.860403068e+06 +1.5241e+00 -1.7903e+00
41 0 +3.608432674e+05 +3.607877874e+05 +3.607877874e+05 +3.1955e+00 -2.8809e+00
42 0 +5.814866789e+04 +5.809318789e+04 +5.809318789e+04 +3.6537e+00 -3.7226e+00
43 0 +2.990824779e+04 +2.985276779e+04 +2.985276779e+04 +3.1197e+00 -3.3088e+00
78 0 +1.408148707e+04 +1.402600707e+04 +1.402600707e+04 +2.1325e+00 -3.3631e+00
96 0 +9.519707775e+03 +9.464227775e+03 +9.464227775e+03 +2.9049e+00 -3.5790e+00
101 0 +5.017967918e+03 +4.962487918e+03 +4.962487918e+03 +2.5346e+00 -3.5522e+00
130 0 +7.933044528e+01 +2.385044528e+01 +2.385044528e+01 +2.6359e+00 -3.4880e+00
160 0 +3.804435152e+01 -1.743564848e+01 -1.743564848e+01 +2.5706e+00 -3.4817e+00
508 0 +3.799662524e+01 -1.748337476e+01 -1.748337476e+01 +2.5623e+00 -3.4818e+00
612 0 +3.704325988e+01 -1.843674012e+01 -1.843674012e+01 +2.3191e+00 -3.4830e+00
675 0 +3.627425765e+01 -1.920574235e+01 -1.920574235e+01 +2.3564e+00 -3.4825e+00
721 0 +3.530634583e+01 -2.017365417e+01 -2.017365417e+01 +2.2665e+00 -3.4826e+00
749 0 +3.451138197e+01 -2.096861803e+01 -2.096861803e+01 +2.1885e+00 -3.4826e+00
784 0 +3.287142261e+01 -2.260857739e+01 -2.260857739e+01 +2.1136e+00 -3.4821e+00
850 0 +3.217524817e+01 -2.330475183e+01 -2.330475183e+01 +1.9897e+00 -3.4826e+00
860 0 +3.110758418e+01 -2.437241582e+01 -2.437241582e+01 +1.9448e+00 -3.4822e+00
870 0 +3.042229479e+01 -2.505770521e+01 -2.505770521e+01 +1.7943e+00 -3.4828e+00
871 0 +2.933083550e+01 -2.614916450e+01 -2.614916450e+01 +1.6643e+00 -3.4829e+00
879 0 +2.565081829e+01 -2.982918171e+01 -2.982918171e+01 +1.4428e+00 -3.4821e+00
902 0 +2.473183913e+01 -3.074816087e+01 -3.074816087e+01 +1.2854e+00 -3.4825e+00
903 0 +2.263155106e+01 -3.284844894e+01 -3.284844894e+01 +3.1500e-01 -3.4843e+00
907 0 +2.166627579e+01 -3.381372421e+01 -3.381372421e+01 +9.5755e-01 -3.4826e+00
909 0 +1.761723413e+01 -3.786276587e+01 -3.786276587e+01 +1.7062e-01 -3.4835e+00
912 0 +1.354649410e+01 -4.193350590e+01 -4.193350590e+01 -7.8951e-01 -3.4840e+00
922 0 +5.048276559e+00 -5.043172344e+01 -5.043172344e+01 -2.2296e+00 -3.4834e+00
930 0 +4.885933396e+00 -5.059406660e+01 -5.059406660e+01 -2.6512e+00 -3.4836e+00
931 0 +3.411175928e+00 -5.206882407e+01 -5.206882407e+01 -2.8509e+00 -3.4833e+00
935 0 +3.042923424e+00 -5.243707658e+01 -5.243707658e+01 -2.6893e+00 -3.4831e+00
942 0 +1.717347923e-01 -5.530826521e+01 -5.530826521e+01 -3.6061e+00 -3.4820e+00
993 0 +1.878692798e-03 -5.547812131e+01 -5.547812131e+01 -3.5980e+00 -3.4816e+00
1158 0 +1.949904725e-04 -5.547980501e+01 -5.547980501e+01 -3.6002e+00 -3.4818e+00
1347 0 +3.709943911e-05 -5.547996290e+01 -5.547996290e+01 -3.5911e+00 -3.4816e+00
1393 0 +2.698992407e-05 -5.547997301e+01 -5.547997301e+01 -3.5952e+00 -3.4816e+00
1401 0 +2.333531599e-05 -5.547997666e+01 -5.547997666e+01 -3.5933e+00 -3.4816e+00
1432 0 +6.556112105e-06 -5.547999344e+01 -5.547999344e+01 -3.5966e+00 -3.4816e+00
1484 0 +5.149973312e-06 -5.547999485e+01 -5.547999485e+01 -3.5946e+00 -3.4816e+00
1501 0 +2.563009524e-06 -5.547999744e+01 -5.547999744e+01 -3.5956e+00 -3.4816e+00
1508 0 +2.452336751e-06 -5.547999755e+01 -5.547999755e+01 -3.5958e+00 -3.4816e+00
1509 0 +1.392397166e-07 -5.547999986e+01 -5.547999986e+01 -3.5965e+00 -3.4816e+00
1541 0 +4.887900218e-08 -5.547999995e+01 -5.547999995e+01 -3.5968e+00 -3.4816e+00
1560 0 +2.690331513e-08 -5.547999997e+01 -5.547999997e+01 -3.5968e+00 -3.4816e+00
1569 0 +6.525915808e-09 -5.547999999e+01 -5.547999999e+01 -3.5968e+00 -3.4816e+00
1980 0 +0.000000000e+00 -5.548000000e+01 -5.548000000e+01 -3.5968e+00 -3.4816e+00
% f evaluations | g evaluations | best noise-free fitness - Fopt (-5.349000000000e+01) + sum g_i+ | measured fitness | best measured fitness or single-digit g-values | x1 | x2...
1 0 +3.521281989e+05 +3.520747089e+05 +3.520747089e+05 +0.0000e+00 +0.0000e+00
5 0 +2.086570197e+05 +2.086035297e+05 +2.086035297e+05 -1.1375e-01 -3.0566e-01
14 0 +7.537046614e+04 +7.531697614e+04 +7.531697614e+04 -3.9445e-01 +1.7836e-01
35 0 +3.207370334e+04 +3.202021334e+04 +3.202021334e+04 -5.0611e-01 +1.9222e-01
55 0 +1.928078571e+04 +1.922729571e+04 +1.922729571e+04 -5.2859e-01 +5.8749e-02
57 0 +1.521001312e+04 +1.515652312e+04 +1.515652312e+04 -8.5847e-01 +2.9842e-01
58 0 +5.176314050e+03 +5.122824050e+03 +5.122824050e+03 -6.2599e-01 +1.9136e-01
59 0 +3.598179905e+03 +3.544689905e+03 +3.544689905e+03 -6.0497e-01 +2.3920e-02
71 0 +2.240018250e+03 +2.186528250e+03 +2.186528250e+03 -6.2277e-01 +4.3808e-02
83 0 +4.793546061e+02 +4.258646061e+02 +4.258646061e+02 -7.4488e-01 +2.8077e-01
87 0 +2.931247060e+01 -2.417752940e+01 -2.417752940e+01 -7.0008e-01 +1.9888e-01
104 0 +3.058392577e+00 -5.043160742e+01 -5.043160742e+01 -7.1633e-01 +2.6592e-01
143 0 +2.607713577e+00 -5.088228642e+01 -5.088228642e+01 -7.1816e-01 +2.5601e-01
145 0 +6.509608107e-01 -5.283903919e+01 -5.283903919e+01 -7.1070e-01 +2.2045e-01
154 0 +4.010480543e-01 -5.308895195e+01 -5.308895195e+01 -7.1211e-01 +2.3406e-01
173 0 +2.665822844e-01 -5.322341772e+01 -5.322341772e+01 -7.1246e-01 +2.3446e-01
177 0 +2.493383225e-01 -5.324066168e+01 -5.324066168e+01 -7.1329e-01 +2.3857e-01
302 0 +2.453846984e-01 -5.324461530e+01 -5.324461530e+01 -7.1330e-01 +2.3827e-01
432 0 +2.378540953e-01 -5.325214590e+01 -5.325214590e+01 -7.1480e-01 +2.4675e-01
444 0 +2.312717020e-01 -5.325872830e+01 -5.325872830e+01 -7.1608e-01 +2.5369e-01
454 0 +2.248132135e-01 -5.326518679e+01 -5.326518679e+01 -7.1844e-01 +2.6686e-01
456 0 +2.199762746e-01 -5.327002373e+01 -5.327002373e+01 -7.1826e-01 +2.6618e-01
484 0 +2.158772379e-01 -5.327412276e+01 -5.327412276e+01 -7.1949e-01 +2.7319e-01
492 0 +2.093525683e-01 -5.328064743e+01 -5.328064743e+01 -7.2069e-01 +2.8035e-01
512 0 +2.086034856e-01 -5.328139651e+01 -5.328139651e+01 -7.2064e-01 +2.8060e-01
520 0 +2.021543214e-01 -5.328784568e+01 -5.328784568e+01 -7.2159e-01 +2.8604e-01
559 0 +1.984747293e-01 -5.329152527e+01 -5.329152527e+01 -7.2255e-01 +2.9165e-01
567 0 +1.942308169e-01 -5.329576918e+01 -5.329576918e+01 -7.2313e-01 +2.9544e-01
660 0 +1.902777542e-01 -5.329972225e+01 -5.329972225e+01 -7.2410e-01 +3.0122e-01
720 0 +1.850022067e-01 -5.330499779e+01 -5.330499779e+01 -7.2548e-01 +3.0978e-01
739 0 +1.815186900e-01 -5.330848131e+01 -5.330848131e+01 -7.2594e-01 +3.1279e-01
751 0 +1.776912584e-01 -5.331230874e+01 -5.331230874e+01 -7.2693e-01 +3.1905e-01
759 0 +1.716678122e-01 -5.331833219e+01 -5.331833219e+01 -7.2763e-01 +3.2384e-01
782 0 +1.663829818e-01 -5.332361702e+01 -5.332361702e+01 -7.2940e-01 +3.3525e-01
791 0 +1.640190933e-01 -5.332598091e+01 -5.332598091e+01 -7.2947e-01 +3.3587e-01
819 0 +1.598699376e-01 -5.333013006e+01 -5.333013006e+01 -7.3039e-01 +3.4205e-01
822 0 +1.582430957e-01 -5.333175690e+01 -5.333175690e+01 -7.3022e-01 +3.4118e-01
838 0 +1.539933964e-01 -5.333600660e+01 -5.333600660e+01 -7.3111e-01 +3.4724e-01
839 0 +1.501941398e-01 -5.333980586e+01 -5.333980586e+01 -7.3185e-01 +3.5256e-01
847 0 +1.475155915e-01 -5.334248441e+01 -5.334248441e+01 -7.3262e-01 +3.5761e-01
850 0 +1.376219119e-01 -5.335237809e+01 -5.335237809e+01 -7.3436e-01 +3.7048e-01
863 0 +1.292237461e-01 -5.336077625e+01 -5.336077625e+01 -7.3628e-01 +3.8430e-01
903 0 +1.281154501e-01 -5.336188455e+01 -5.336188455e+01 -7.3629e-01 +3.8456e-01
928 0 +1.223325274e-01 -5.336766747e+01 -5.336766747e+01 -7.3752e-01 +3.9388e-01
929 0 +1.161176154e-01 -5.337388238e+01 -5.337388238e+01 -7.3867e-01 +4.0314e-01
1144 0 +1.146524266e-01 -5.337534757e+01 -5.337534757e+01 -7.3951e-01 +4.0929e-01
1163 0 +1.118860605e-01 -5.337811394e+01 -5.337811394e+01 -7.4052e-01 +4.1740e-01
1247 0 +1.092766420e-01 -5.338072336e+01 -5.338072336e+01 -7.4073e-01 +4.1925e-01
1273 0 +1.065055587e-01 -5.338349444e+01 -5.338349444e+01 -7.4122e-01 +4.2331e-01
1285 0 +1.044173845e-01 -5.338558262e+01 -5.338558262e+01 -7.4120e-01 +4.2393e-01
1293 0 +1.010708000e-01 -5.338892920e+01 -5.338892920e+01 -7.4179e-01 +4.2855e-01
1297 0 +9.945525248e-02 -5.339054475e+01 -5.339054475e+01 -7.4220e-01 +4.3239e-01
1299 0 +9.103380268e-02 -5.339896620e+01 -5.339896620e+01 -7.4432e-01 +4.5032e-01
1325 0 +8.796794274e-02 -5.340203206e+01 -5.340203206e+01 -7.4505e-01 +4.5703e-01
1417 0 +8.685763728e-02 -5.340314236e+01 -5.340314236e+01 -7.4504e-01 +4.5703e-01
1557 0 +8.472790694e-02 -5.340527209e+01 -5.340527209e+01 -7.4551e-01 +4.6137e-01
1579 0 +8.253004239e-02 -5.340746996e+01 -5.340746996e+01 -7.4600e-01 +4.6600e-01
1580 0 +8.114239812e-02 -5.340885760e+01 -5.340885760e+01 -7.4687e-01 +4.7408e-01
1623 0 +7.901176076e-02 -5.341098824e+01 -5.341098824e+01 -7.4668e-01 +4.7254e-01
1642 0 +7.642411862e-02 -5.341357588e+01 -5.341357588e+01 -7.4701e-01 +4.7591e-01
1648 0 +7.468450082e-02 -5.341531550e+01 -5.341531550e+01 -7.4726e-01 +4.7890e-01
1652 0 +7.390685701e-02 -5.341609314e+01 -5.341609314e+01 -7.4758e-01 +4.8151e-01
1704 0 +7.029626277e-02 -5.341970374e+01 -5.341970374e+01 -7.4826e-01 +4.8910e-01
1712 0 +6.542332252e-02 -5.342457668e+01 -5.342457668e+01 -7.4915e-01 +4.9808e-01
1715 0 +6.095059032e-02 -5.342904941e+01 -5.342904941e+01 -7.5057e-01 +5.1284e-01
1730 0 +5.837541526e-02 -5.343162458e+01 -5.343162458e+01 -7.5192e-01 +5.3017e-01
1731 0 +5.556724059e-02 -5.343443276e+01 -5.343443276e+01 -7.5131e-01 +5.2213e-01
1768 0 +5.398554529e-02 -5.343601445e+01 -5.343601445e+01 -7.5159e-01 +5.2502e-01
1788 0 +5.355531596e-02 -5.343644468e+01 -5.343644468e+01 -7.5230e-01 +5.3281e-01
1864 0 +5.183723233e-02 -5.343816277e+01 -5.343816277e+01 -7.5250e-01 +5.3534e-01
1871 0 +5.008724505e-02 -5.343991275e+01 -5.343991275e+01 -7.5246e-01 +5.3523e-01
1876 0 +4.763239303e-02 -5.344236761e+01 -5.344236761e+01 -7.5293e-01 +5.4118e-01
1883 0 +4.589986639e-02 -5.344410013e+01 -5.344410013e+01 -7.5405e-01 +5.5453e-01
1934 0 +4.567889571e-02 -5.344432110e+01 -5.344432110e+01 -7.5339e-01 +5.4678e-01
1992 0 +4.466763626e-02 -5.344533236e+01 -5.344533236e+01 -7.5391e-01 +5.5302e-01
2029 0 +4.359778836e-02 -5.344640221e+01 -5.344640221e+01 -7.5405e-01 +5.5501e-01
2041 0 +4.247060551e-02 -5.344752939e+01 -5.344752939e+01 -7.5495e-01 +5.6647e-01
2049 0 +4.162696927e-02 -5.344837303e+01 -5.344837303e+01 -7.5501e-01 +5.6738e-01
2066 0 +4.018913691e-02 -5.344981086e+01 -5.344981086e+01 -7.5488e-01 +5.6592e-01
2096 0 +3.933507720e-02 -5.345066492e+01 -5.345066492e+01 -7.5478e-01 +5.6498e-01
2101 0 +3.845301545e-02 -5.345154698e+01 -5.345154698e+01 -7.5500e-01 +5.6794e-01
2105 0 +3.697748615e-02 -5.345302251e+01 -5.345302251e+01 -7.5544e-01 +5.7388e-01
2121 0 +3.595964551e-02 -5.345404035e+01 -5.345404035e+01 -7.5544e-01 +5.7441e-01
2125 0 +3.514905870e-02 -5.345485094e+01 -5.345485094e+01 -7.5672e-01 +5.9469e-01
2135 0 +2.984348414e-02 -5.346015652e+01 -5.346015652e+01 -7.5740e-01 +6.0497e-01
2153 0 +2.372045848e-02 -5.346627954e+01 -5.346627954e+01 -7.5846e-01 +6.2096e-01
2206 0 +2.254047428e-02 -5.346745953e+01 -5.346745953e+01 -7.5842e-01 +6.2098e-01
2297 0 +2.228547253e-02 -5.346771453e+01 -5.346771453e+01 -7.5853e-01 +6.2262e-01
2314 0 +2.178864218e-02 -5.346821136e+01 -5.346821136e+01 -7.5860e-01 +6.2400e-01
2327 0 +2.134335430e-02 -5.346865665e+01 -5.346865665e+01 -7.5870e-01 +6.2617e-01
2333 0 +2.080480031e-02 -5.346919520e+01 -5.346919520e+01 -7.5882e-01 +6.2800e-01
2339 0 +2.023834594e-02 -5.346976165e+01 -5.346976165e+01 -7.5898e-01 +6.3073e-01
2342 0 +1.745098711e-02 -5.347254901e+01 -5.347254901e+01 -7.5969e-01 +6.4361e-01
2362 0 +1.604064027e-02 -5.347395936e+01 -5.347395936e+01 -7.6015e-01 +6.5230e-01
2451 0 +1.580687739e-02 -5.347419312e+01 -5.347419312e+01 -7.6021e-01 +6.5349e-01
2461 0 +1.498359755e-02 -5.347501640e+01 -5.347501640e+01 -7.6034e-01 +6.5624e-01
2466 0 +1.472990341e-02 -5.347527010e+01 -5.347527010e+01 -7.6034e-01 +6.5645e-01
2483 0 +1.441296094e-02 -5.347558704e+01 -5.347558704e+01 -7.6034e-01 +6.5689e-01
2491 0 +1.401816670e-02 -5.347598183e+01 -5.347598183e+01 -7.6049e-01 +6.5962e-01
2493 0 +1.341313763e-02 -5.347658686e+01 -5.347658686e+01 -7.6068e-01 +6.6326e-01
2494 0 +1.304856312e-02 -5.347695144e+01 -5.347695144e+01 -7.6076e-01 +6.6497e-01
2507 0 +1.251310647e-02 -5.347748689e+01 -5.347748689e+01 -7.6083e-01 +6.6713e-01
2508 0 +1.182419951e-02 -5.347817580e+01 -5.347817580e+01 -7.6109e-01 +6.7195e-01
2514 0 +1.141450006e-02 -5.347858550e+01 -5.347858550e+01 -7.6132e-01 +6.7656e-01
2528 0 +1.042129004e-02 -5.347957871e+01 -5.347957871e+01 -7.6153e-01 +6.8117e-01
2530 0 +1.004299661e-02 -5.347995700e+01 -5.347995700e+01 -7.6148e-01 +6.8074e-01
2536 0 +8.612601962e-03 -5.348138740e+01 -5.348138740e+01 -7.6209e-01 +6.9360e-01
2588 0 +7.745459774e-03 -5.348225454e+01 -5.348225454e+01 -7.6221e-01 +6.9656e-01
2595 0 +7.441260109e-03 -5.348255874e+01 -5.348255874e+01 -7.6256e-01 +7.0409e-01
2603 0 +6.792628975e-03 -5.348320737e+01 -5.348320737e+01 -7.6255e-01 +7.0424e-01
2606 0 +6.690599359e-03 -5.348330940e+01 -5.348330940e+01 -7.6292e-01 +7.1208e-01
2610 0 +5.113316341e-03 -5.348488668e+01 -5.348488668e+01 -7.6305e-01 +7.1584e-01
2612 0 +2.327691801e-03 -5.348767231e+01 -5.348767231e+01 -7.6465e-01 +7.5061e-01
2658 0 +2.282548191e-03 -5.348771745e+01 -5.348771745e+01 -7.6439e-01 +7.4474e-01
2669 0 +2.070606831e-03 -5.348792939e+01 -5.348792939e+01 -7.6471e-01 +7.5168e-01
2671 0 +2.005652793e-03 -5.348799435e+01 -5.348799435e+01 -7.6452e-01 +7.4754e-01
2679 0 +1.934358131e-03 -5.348806564e+01 -5.348806564e+01 -7.6467e-01 +7.5060e-01
2686 0 +1.792179127e-03 -5.348820782e+01 -5.348820782e+01 -7.6471e-01 +7.5131e-01
2834 0 +1.753452859e-03 -5.348824655e+01 -5.348824655e+01 -7.6470e-01 +7.5104e-01
2842 0 +1.721651499e-03 -5.348827835e+01 -5.348827835e+01 -7.6474e-01 +7.5191e-01
2848 0 +1.696862382e-03 -5.348830314e+01 -5.348830314e+01 -7.6478e-01 +7.5269e-01
2850 0 +1.626014576e-03 -5.348837399e+01 -5.348837399e+01 -7.6480e-01 +7.5296e-01
2854 0 +1.536245316e-03 -5.348846375e+01 -5.348846375e+01 -7.6488e-01 +7.5424e-01
2866 0 +1.492436547e-03 -5.348850756e+01 -5.348850756e+01 -7.6492e-01 +7.5528e-01
2873 0 +1.358532139e-03 -5.348864147e+01 -5.348864147e+01 -7.6514e-01 +7.5883e-01
2874 0 +1.329199261e-03 -5.348867080e+01 -5.348867080e+01 -7.6511e-01 +7.5826e-01
2878 0 +1.208580066e-03 -5.348879142e+01 -5.348879142e+01 -7.6525e-01 +7.6070e-01
2881 0 +1.193480590e-03 -5.348880652e+01 -5.348880652e+01 -7.6520e-01 +7.5997e-01
2889 0 +1.123694196e-03 -5.348887631e+01 -5.348887631e+01 -7.6539e-01 +7.6302e-01
2901 0 +1.022645420e-03 -5.348897735e+01 -5.348897735e+01 -7.6537e-01 +7.6290e-01
2902 0 +7.934662590e-04 -5.348920653e+01 -5.348920653e+01 -7.6564e-01 +7.6733e-01
2910 0 +6.749679759e-04 -5.348932503e+01 -5.348932503e+01 -7.6583e-01 +7.7033e-01
3095 0 +6.172360519e-04 -5.348938276e+01 -5.348938276e+01 -7.6592e-01 +7.7150e-01
3113 0 +5.795543635e-04 -5.348942045e+01 -5.348942045e+01 -7.6599e-01 +7.7256e-01
3167 0 +5.754268292e-04 -5.348942457e+01 -5.348942457e+01 -7.6597e-01 +7.7226e-01
3173 0 +5.525142425e-04 -5.348944749e+01 -5.348944749e+01 -7.6604e-01 +7.7332e-01
3181 0 +5.224155433e-04 -5.348947758e+01 -5.348947758e+01 -7.6607e-01 +7.7365e-01
3184 0 +5.038450593e-04 -5.348949615e+01 -5.348949615e+01 -7.6618e-01 +7.7533e-01
3185 0 +5.002605415e-04 -5.348949974e+01 -5.348949974e+01 -7.6611e-01 +7.7416e-01
3205 0 +4.723486511e-04 -5.348952765e+01 -5.348952765e+01 -7.6634e-01 +7.7749e-01
3215 0 +4.456142110e-04 -5.348955439e+01 -5.348955439e+01 -7.6622e-01 +7.7578e-01
3220 0 +4.131988478e-04 -5.348958680e+01 -5.348958680e+01 -7.6634e-01 +7.7742e-01
3287 0 +4.024878349e-04 -5.348959751e+01 -5.348959751e+01 -7.6631e-01 +7.7685e-01
3290 0 +3.878206326e-04 -5.348961218e+01 -5.348961218e+01 -7.6639e-01 +7.7796e-01
3333 0 +3.688484511e-04 -5.348963115e+01 -5.348963115e+01 -7.6645e-01 +7.7874e-01
3348 0 +3.600092357e-04 -5.348963999e+01 -5.348963999e+01 -7.6642e-01 +7.7841e-01
3366 0 +3.542046804e-04 -5.348964580e+01 -5.348964580e+01 -7.6641e-01 +7.7824e-01
3368 0 +3.433939845e-04 -5.348965661e+01 -5.348965661e+01 -7.6645e-01 +7.7878e-01
3375 0 +3.270180463e-04 -5.348967298e+01 -5.348967298e+01 -7.6649e-01 +7.7920e-01
3381 0 +3.064625410e-04 -5.348969354e+01 -5.348969354e+01 -7.6655e-01 +7.7995e-01
3396 0 +2.980751596e-04 -5.348970192e+01 -5.348970192e+01 -7.6657e-01 +7.8013e-01
3397 0 +2.889450979e-04 -5.348971105e+01 -5.348971105e+01 -7.6659e-01 +7.8041e-01
3403 0 +2.734285278e-04 -5.348972657e+01 -5.348972657e+01 -7.6664e-01 +7.8100e-01
3406 0 +2.562735801e-04 -5.348974373e+01 -5.348974373e+01 -7.6669e-01 +7.8159e-01
3420 0 +2.370240825e-04 -5.348976298e+01 -5.348976298e+01 -7.6684e-01 +7.8326e-01
3439 0 +2.318559007e-04 -5.348976814e+01 -5.348976814e+01 -7.6678e-01 +7.8266e-01
3444 0 +2.282184140e-04 -5.348977178e+01 -5.348977178e+01 -7.6682e-01 +7.8310e-01
3452 0 +2.101771775e-04 -5.348978982e+01 -5.348978982e+01 -7.6687e-01 +7.8375e-01
3467 0 +2.046523333e-04 -5.348979535e+01 -5.348979535e+01 -7.6685e-01 +7.8351e-01
3473 0 +2.013367618e-04 -5.348979866e+01 -5.348979866e+01 -7.6688e-01 +7.8381e-01
3493 0 +1.992130303e-04 -5.348980079e+01 -5.348980079e+01 -7.6688e-01 +7.8374e-01
3520 0 +1.842898382e-04 -5.348981571e+01 -5.348981571e+01 -7.6694e-01 +7.8451e-01
3530 0 +1.803574293e-04 -5.348981964e+01 -5.348981964e+01 -7.6695e-01 +7.8454e-01
3534 0 +1.731034189e-04 -5.348982690e+01 -5.348982690e+01 -7.6698e-01 +7.8485e-01
3540 0 +1.652287466e-04 -5.348983477e+01 -5.348983477e+01 -7.6705e-01 +7.8564e-01
3545 0 +1.557547495e-04 -5.348984425e+01 -5.348984425e+01 -7.6705e-01 +7.8559e-01
3554 0 +1.467088436e-04 -5.348985329e+01 -5.348985329e+01 -7.6709e-01 +7.8602e-01
3781 0 +1.429773046e-04 -5.348985702e+01 -5.348985702e+01 -7.6713e-01 +7.8644e-01
3787 0 +1.332681272e-04 -5.348986673e+01 -5.348986673e+01 -7.6715e-01 +7.8670e-01
3795 0 +1.256321327e-04 -5.348987437e+01 -5.348987437e+01 -7.6722e-01 +7.8735e-01
3813 0 +1.158804716e-04 -5.348988412e+01 -5.348988412e+01 -7.6726e-01 +7.8779e-01
3870 0 +1.141565017e-04 -5.348988584e+01 -5.348988584e+01 -7.6736e-01 +7.8881e-01
3880 0 +1.025269352e-04 -5.348989747e+01 -5.348989747e+01 -7.6732e-01 +7.8830e-01
3884 0 +9.620282451e-05 -5.348990380e+01 -5.348990380e+01 -7.6736e-01 +7.8878e-01
3892 0 +9.330793603e-05 -5.348990669e+01 -5.348990669e+01 -7.6743e-01 +7.8939e-01
3904 0 +8.590892045e-05 -5.348991409e+01 -5.348991409e+01 -7.6747e-01 +7.8983e-01
3905 0 +8.212870569e-05 -5.348991787e+01 -5.348991787e+01 -7.6746e-01 +7.8964e-01
3911 0 +6.926633080e-05 -5.348993073e+01 -5.348993073e+01 -7.6757e-01 +7.9068e-01
3976 0 +6.885643119e-05 -5.348993114e+01 -5.348993114e+01 -7.6754e-01 +7.9037e-01
% f evaluations | g evaluations | best noise-free fitness - Fopt (1.172700000000e+02) + sum g_i+ | measured fitness | best measured fitness or single-digit g-values | x1 | x2...
1 0 +1.357830263e+06 +1.357947533e+06 +1.357947533e+06 +0.0000e+00 +0.0000e+00
2 0 +9.808045787e+05 +9.809218487e+05 +9.809218487e+05 +4.3379e-01 +3.0692e-02
3 0 +6.177692684e+05 +6.178865384e+05 +6.178865384e+05 +9.8026e-02 +3.4094e-01
9 0 +5.795831007e+05 +5.797003707e+05 +5.797003707e+05 +4.7684e-01 +2.4785e-01
11 0 +4.125100819e+05 +4.126273519e+05 +4.126273519e+05 +3.8582e-01 +4.2141e-01
16 0 +3.407431663e+05 +3.408604363e+05 +3.408604363e+05 +7.3666e-01 +3.7681e-01
19 0 +4.144779976e+04 +4.156506976e+04 +4.156506976e+04 +4.9059e-01 +9.3781e-01
27 0 +2.310587564e+04 +2.322314564e+04 +2.322314564e+04 +5.5914e-01 +9.7077e-01
37 0 +5.253125170e+03 +5.370395170e+03 +5.370395170e+03 +1.1450e+00 +8.7458e-01
45 0 +7.513560310e+02 +8.686260310e+02 +8.686260310e+02 +9.7941e-01 +9.7249e-01
53 0 +3.138226319e+01 +1.486522632e+02 +1.486522632e+02 +9.4544e-01 +1.0167e+00
62 0 +2.313396665e+01 +1.404039666e+02 +1.404039666e+02 +7.8453e-01 +1.0565e+00
82 0 +5.190655226e+00 +1.224606552e+02 +1.224606552e+02 +1.3162e+00 +8.9908e-01
127 0 +5.028723703e+00 +1.222987237e+02 +1.222987237e+02 +1.1224e+00 +9.5685e-01
371 0 +4.997834707e+00 +1.222678347e+02 +1.222678347e+02 +1.1052e+00 +9.6278e-01
382 0 +4.820276158e+00 +1.220902762e+02 +1.220902762e+02 +1.1352e+00 +9.5345e-01
389 0 +4.751022562e+00 +1.220210226e+02 +1.220210226e+02 +1.1487e+00 +9.4924e-01
392 0 +4.610543749e+00 +1.218805437e+02 +1.218805437e+02 +1.1797e+00 +9.3976e-01
400 0 +4.156588852e+00 +1.214265889e+02 +1.214265889e+02 +1.2842e+00 +9.0780e-01
403 0 +4.073439457e+00 +1.213434395e+02 +1.213434395e+02 +1.3133e+00 +8.9863e-01
409 0 +3.346079078e+00 +1.206160791e+02 +1.206160791e+02 +1.4998e+00 +8.4201e-01
415 0 +2.825396902e+00 +1.200953969e+02 +1.200953969e+02 +1.6285e+00 +8.0246e-01
419 0 +1.021642117e+00 +1.182916421e+02 +1.182916421e+02 +2.3041e+00 +5.9521e-01
424 0 +5.455582062e-01 +1.178155582e+02 +1.178155582e+02 +2.5275e+00 +5.2708e-01
432 0 +1.947327507e-01 +1.174647328e+02 +1.174647328e+02 +2.8315e+00 +4.3420e-01
481 0 +3.596783880e-02 +1.173059678e+02 +1.173059678e+02 +3.0521e+00 +3.6652e-01
484 0 +2.362934481e-02 +1.172936293e+02 +1.172936293e+02 +3.1440e+00 +3.3824e-01
503 0 +1.932576099e-02 +1.172893258e+02 +1.172893258e+02 +3.1048e+00 +3.5042e-01
517 0 +1.613967534e-02 +1.172861397e+02 +1.172861397e+02 +3.1502e+00 +3.3639e-01
527 0 +6.854950402e-03 +1.172768550e+02 +1.172768550e+02 +3.2417e+00 +3.0838e-01
530 0 +1.755357057e-04 +1.172701755e+02 +1.172701755e+02 +3.2306e+00 +3.1187e-01
546 0 +7.814389329e-05 +1.172700781e+02 +1.172700781e+02 +3.2361e+00 +3.1016e-01
686 0 +6.207344768e-06 +1.172700062e+02 +1.172700062e+02 +3.2349e+00 +3.1053e-01
771 0 +4.147647942e-06 +1.172700041e+02 +1.172700041e+02 +3.2347e+00 +3.1061e-01
792 0 +3.161517526e-06 +1.172700032e+02 +1.172700032e+02 +3.2345e+00 +3.1066e-01
1225 0 +3.045464680e-06 +1.172700030e+02 +1.172700030e+02 +3.2344e+00 +3.1068e-01
1247 0 +3.012821750e-06 +1.172700030e+02 +1.172700030e+02 +3.2344e+00 +3.1069e-01
1253 0 +2.922578176e-06 +1.172700029e+02 +1.172700029e+02 +3.2344e+00 +3.1069e-01
1254 0 +2.882670103e-06 +1.172700029e+02 +1.172700029e+02 +3.2344e+00 +3.1069e-01
1255 0 +2.651952684e-06 +1.172700027e+02 +1.172700027e+02 +3.2344e+00 +3.1071e-01
1273 0 +2.467515301e-06 +1.172700025e+02 +1.172700025e+02 +3.2343e+00 +3.1073e-01
1276 0 +2.391134345e-06 +1.172700024e+02 +1.172700024e+02 +3.2343e+00 +3.1073e-01
1277 0 +2.105892705e-06 +1.172700021e+02 +1.172700021e+02 +3.2342e+00 +3.1076e-01
1279 0 +1.904850549e-06 +1.172700019e+02 +1.172700019e+02 +3.2340e+00 +3.1081e-01
1286 0 +1.785258391e-06 +1.172700018e+02 +1.172700018e+02 +3.2340e+00 +3.1083e-01
1293 0 +1.662130970e-06 +1.172700017e+02 +1.172700017e+02 +3.2340e+00 +3.1083e-01
1300 0 +1.407313960e-06 +1.172700014e+02 +1.172700014e+02 +3.2337e+00 +3.1093e-01
1389 0 +1.372502396e-06 +1.172700014e+02 +1.172700014e+02 +3.2338e+00 +3.1089e-01
1394 0 +1.292179121e-06 +1.172700013e+02 +1.172700013e+02 +3.2338e+00 +3.1090e-01
1396 0 +1.173990043e-06 +1.172700012e+02 +1.172700012e+02 +3.2338e+00 +3.1089e-01
1408 0 +9.399765730e-07 +1.172700009e+02 +1.172700009e+02 +3.2337e+00 +3.1092e-01
1414 0 +8.772354647e-07 +1.172700009e+02 +1.172700009e+02 +3.2336e+00 +3.1096e-01
1416 0 +7.395568673e-07 +1.172700007e+02 +1.172700007e+02 +3.2336e+00 +3.1094e-01
1435 0 +4.988895341e-07 +1.172700005e+02 +1.172700005e+02 +3.2335e+00 +3.1099e-01
1439 0 +4.812644931e-07 +1.172700005e+02 +1.172700005e+02 +3.2334e+00 +3.1102e-01
1441 0 +4.138062479e-07 +1.172700004e+02 +1.172700004e+02 +3.2333e+00 +3.1105e-01
1469 0 +3.582182728e-07 +1.172700004e+02 +1.172700004e+02 +3.2334e+00 +3.1102e-01
1470 0 +3.193536742e-07 +1.172700003e+02 +1.172700003e+02 +3.2333e+00 +3.1103e-01
1479 0 +2.593085213e-07 +1.172700003e+02 +1.172700003e+02 +3.2333e+00 +3.1105e-01
1487 0 +2.497541089e-07 +1.172700002e+02 +1.172700002e+02 +3.2332e+00 +3.1107e-01
1491 0 +2.258206138e-07 +1.172700002e+02 +1.172700002e+02 +3.2333e+00 +3.1106e-01
1501 0 +1.903197671e-07 +1.172700002e+02 +1.172700002e+02 +3.2332e+00 +3.1107e-01
1519 0 +1.826931566e-07 +1.172700002e+02 +1.172700002e+02 +3.2331e+00 +3.1110e-01
1529 0 +1.662601790e-07 +1.172700002e+02 +1.172700002e+02 +3.2332e+00 +3.1109e-01
1538 0 +1.387378745e-07 +1.172700001e+02 +1.172700001e+02 +3.2331e+00 +3.1110e-01
1554 0 +1.138374586e-07 +1.172700001e+02 +1.172700001e+02 +3.2331e+00 +3.1110e-01
1559 0 +9.376429944e-08 +1.172700001e+02 +1.172700001e+02 +3.2330e+00 +3.1113e-01
1565 0 +5.655563484e-08 +1.172700001e+02 +1.172700001e+02 +3.2330e+00 +3.1113e-01
1579 0 +5.304595163e-08 +1.172700001e+02 +1.172700001e+02 +3.2330e+00 +3.1113e-01
1593 0 +5.085652788e-08 +1.172700001e+02 +1.172700001e+02 +3.2330e+00 +3.1113e-01
1607 0 +4.469929138e-08 +1.172700000e+02 +1.172700000e+02 +3.2330e+00 +3.1115e-01
1611 0 +4.295308997e-08 +1.172700000e+02 +1.172700000e+02 +3.2330e+00 +3.1114e-01
1613 0 +3.402239201e-08 +1.172700000e+02 +1.172700000e+02 +3.2329e+00 +3.1116e-01
1622 0 +2.414031997e-08 +1.172700000e+02 +1.172700000e+02 +3.2329e+00 +3.1117e-01
1625 0 +1.904098212e-08 +1.172700000e+02 +1.172700000e+02 +3.2329e+00 +3.1116e-01
1632 0 +1.429371821e-08 +1.172700000e+02 +1.172700000e+02 +3.2329e+00 +3.1117e-01
1658 0 +1.251926562e-08 +1.172700000e+02 +1.172700000e+02 +3.2329e+00 +3.1117e-01
1700 0 +1.221219748e-08 +1.172700000e+02 +1.172700000e+02 +3.2329e+00 +3.1117e-01
1712 0 +1.082980816e-08 +1.172700000e+02 +1.172700000e+02 +3.2329e+00 +3.1118e-01
1715 0 +9.438309689e-09 +1.172700000e+02 +1.172700000e+02 +3.2329e+00 +3.1118e-01
2114 0 +0.000000000e+00 +1.172700000e+02 +1.172700000e+02 +3.2328e+00 +3.1120e-01
% f evaluations | g evaluations | best noise-free fitness - Fopt (7.789000000000e+01) + sum g_i+ | measured fitness | best measured fitness or single-digit g-values | x1 | x2...
1 0 +1.469244732e+07 +1.469252521e+07 +1.469252521e+07 +0.0000e+00 +0.0000e+00
2 0 +9.870534551e+06 +9.870612441e+06 +9.870612441e+06 +4.3379e-01 +3.0692e-02
3 0 +8.656588467e+06 +8.656666357e+06 +8.656666357e+06 +9.8026e-02 +3.4094e-01
9 0 +7.184761913e+06 +7.184839803e+06 +7.184839803e+06 +4.7684e-01 +2.4785e-01
11 0 +6.043814616e+06 +6.043892506e+06 +6.043892506e+06 +3.8582e-01 +4.2141e-01
16 0 +4.961230703e+06 +4.961308593e+06 +4.961308593e+06 +7.3666e-01 +3.7681e-01
19 0 +2.331652917e+06 +2.331730807e+06 +2.331730807e+06 +4.9059e-01 +9.3781e-01
21 0 +2.285982495e+06 +2.286060385e+06 +2.286060385e+06 +6.5323e-01 +8.8333e-01
27 0 +2.067560579e+06 +2.067638469e+06 +2.067638469e+06 +5.5914e-01 +9.7077e-01
32 0 +3.640876361e+05 +3.641655261e+05 +3.641655261e+05 +1.7559e+00 +1.5440e+00
40 0 +8.799542205e+04 +8.807331205e+04 +8.807331205e+04 +2.0089e+00 +1.8818e+00
53 0 +3.929197283e+03 +4.007087283e+03 +4.007087283e+03 +2.3061e+00 +2.1157e+00
76 0 +2.192791626e+01 +9.981791626e+01 +9.981791626e+01 +3.8255e+00 +2.1744e+00
91 0 +2.094174943e+01 +9.883174943e+01 +9.883174943e+01 +3.6478e+00 +2.1744e+00
130 0 +6.618931089e-01 +7.855189311e+01 +7.855189311e+01 +2.1986e+00 +2.1787e+00
390 0 +4.799146672e-01 +7.836991467e+01 +7.836991467e+01 +2.1482e+00 +2.1784e+00
404 0 +7.940514502e-02 +7.796940515e+01 +7.796940515e+01 +1.6674e+00 +2.1786e+00
408 0 +7.291106281e-03 +7.789729111e+01 +7.789729111e+01 +1.5400e+00 +2.1784e+00
450 0 +1.261976159e-03 +7.789126198e+01 +7.789126198e+01 +1.4622e+00 +2.1784e+00
488 0 +7.500398403e-04 +7.789075004e+01 +7.789075004e+01 +1.4721e+00 +2.1784e+00
532 0 +6.425546469e-04 +7.789064255e+01 +7.789064255e+01 +1.4690e+00 +2.1784e+00
548 0 +5.248078571e-04 +7.789052481e+01 +7.789052481e+01 +1.4725e+00 +2.1784e+00
556 0 +4.354511511e-04 +7.789043545e+01 +7.789043545e+01 +1.4760e+00 +2.1784e+00
561 0 +2.371479449e-04 +7.789023715e+01 +7.789023715e+01 +1.4649e+00 +2.1784e+00
571 0 +1.585856277e-04 +7.789015859e+01 +7.789015859e+01 +1.4685e+00 +2.1784e+00
576 0 +6.231343870e-05 +7.789006231e+01 +7.789006231e+01 +1.4571e+00 +2.1784e+00
589 0 +3.818688073e-05 +7.789003819e+01 +7.789003819e+01 +1.4555e+00 +2.1784e+00
640 0 +3.385370388e-05 +7.789003385e+01 +7.789003385e+01 +1.4583e+00 +2.1784e+00
648 0 +1.635596121e-06 +7.789000164e+01 +7.789000164e+01 +1.4570e+00 +2.1784e+00
734 0 +1.317833991e-06 +7.789000132e+01 +7.789000132e+01 +1.4571e+00 +2.1784e+00
768 0 +9.917472710e-07 +7.789000099e+01 +7.789000099e+01 +1.4569e+00 +2.1784e+00
773 0 +6.665187726e-07 +7.789000067e+01 +7.789000067e+01 +1.4568e+00 +2.1784e+00
784 0 +4.691676878e-07 +7.789000047e+01 +7.789000047e+01 +1.4562e+00 +2.1784e+00
796 0 +4.475138553e-07 +7.789000045e+01 +7.789000045e+01 +1.4565e+00 +2.1784e+00
804 0 +4.296577885e-07 +7.789000043e+01 +7.789000043e+01 +1.4566e+00 +2.1784e+00
806 0 +3.817394827e-07 +7.789000038e+01 +7.789000038e+01 +1.4566e+00 +2.1784e+00
811 0 +2.799070558e-07 +7.789000028e+01 +7.789000028e+01 +1.4565e+00 +2.1784e+00
815 0 +2.692398482e-07 +7.789000027e+01 +7.789000027e+01 +1.4565e+00 +2.1784e+00
817 0 +2.267573791e-07 +7.789000023e+01 +7.789000023e+01 +1.4565e+00 +2.1784e+00
823 0 +4.733831815e-08 +7.789000005e+01 +7.789000005e+01 +1.4562e+00 +2.1784e+00
877 0 +4.165654843e-08 +7.789000004e+01 +7.789000004e+01 +1.4561e+00 +2.1784e+00
878 0 +3.106698898e-08 +7.789000003e+01 +7.789000003e+01 +1.4561e+00 +2.1784e+00
902 0 +2.964979728e-08 +7.789000003e+01 +7.789000003e+01 +1.4562e+00 +2.1784e+00
904 0 +2.416653899e-08 +7.789000002e+01 +7.789000002e+01 +1.4561e+00 +2.1784e+00
907 0 +1.797944549e-08 +7.789000002e+01 +7.789000002e+01 +1.4561e+00 +2.1784e+00
909 0 +9.630440445e-09 +7.789000001e+01 +7.789000001e+01 +1.4560e+00 +2.1784e+00
1268 0 +0.000000000e+00 +7.789000000e+01 +7.789000000e+01 +1.4560e+00 +2.1784e+00
