% f evaluations | g evaluations | best noise-free fitness - Fopt (1.026100000000e+02) + sum g_i+ | measured fitness | best measured fitness or single-digit g-values | x1 | x2...
1 0 +6.587741914e+02 +7.613841914e+02 +7.613841914e+02
4 0 +6.377869217e+02 +7.403969217e+02 +7.403969217e+02
7 0 +5.610818287e+02 +6.636918287e+02 +6.636918287e+02
208 0 +5.306476737e+02 +6.332576737e+02 +6.332576737e+02
574 0 +5.159730107e+02 +6.185830107e+02 +6.185830107e+02
1106 0 +5.102149295e+02 +6.128249295e+02 +6.128249295e+02
1118 0 +4.968289758e+02 +5.994389758e+02 +5.994389758e+02
1320 0 +4.693812623e+02 +5.719912623e+02 +5.719912623e+02
1408 0 +4.610034775e+02 +5.636134775e+02 +5.636134775e+02
1445 0 +4.453059686e+02 +5.479159686e+02 +5.479159686e+02
1522 0 +4.230542911e+02 +5.256642911e+02 +5.256642911e+02
1560 0 +4.043263090e+02 +5.069363090e+02 +5.069363090e+02
1570 0 +3.904682256e+02 +4.930782256e+02 +4.930782256e+02
1583 0 +3.694350990e+02 +4.720450990e+02 +4.720450990e+02
1625 0 +3.515029048e+02 +4.541129048e+02 +4.541129048e+02
1668 0 +3.446044697e+02 +4.472144697e+02 +4.472144697e+02
1731 0 +3.342976029e+02 +4.369076029e+02 +4.369076029e+02
1809 0 +3.180628316e+02 +4.206728316e+02 +4.206728316e+02
1838 0 +3.049384011e+02 +4.075484011e+02 +4.075484011e+02
1883 0 +2.999313964e+02 +4.025413964e+02 +4.025413964e+02
1953 0 +2.920680005e+02 +3.946780005e+02 +3.946780005e+02
1983 0 +2.864886359e+02 +3.890986359e+02 +3.890986359e+02
2100 0 +2.779747117e+02 +3.805847117e+02 +3.805847117e+02
2157 0 +2.739388076e+02 +3.765488076e+02 +3.765488076e+02
2168 0 +2.665718405e+02 +3.691818405e+02 +3.691818405e+02
2242 0 +2.620256426e+02 +3.646356426e+02 +3.646356426e+02
2356 0 +2.528067322e+02 +3.554167322e+02 +3.554167322e+02
2501 0 +2.501159094e+02 +3.527259094e+02 +3.527259094e+02
2671 0 +2.446440263e+02 +3.472540263e+02 +3.472540263e+02
2878 0 +2.398318208e+02 +3.424418208e+02 +3.424418208e+02
3454 0 +2.342334378e+02 +3.368434378e+02 +3.368434378e+02
4592 0 +2.290027670e+02 +3.316127670e+02 +3.316127670e+02
% f evaluations | g evaluations | best noise-free fitness - Fopt (9.330000000000e+01) + sum g_i+ | measured fitness | best measured fitness or single-digit g-values | x1 | x2...
1 0 +6.708457127e+02 +7.641457127e+02 +7.641457127e+02
2 0 +5.796932089e+02 +6.729932089e+02 +6.729932089e+02
6 0 +5.498905369e+02 +6.431905369e+02 +6.431905369e+02
163 0 +5.355149889e+02 +6.288149889e+02 +6.288149889e+02
295 0 +5.137417788e+02 +6.070417788e+02 +6.070417788e+02
580 0 +5.037243893e+02 +5.970243893e+02 +5.970243893e+02
742 0 +4.800643698e+02 +5.733643698e+02 +5.733643698e+02
807 0 +4.763966608e+02 +5.696966608e+02 +5.696966608e+02
1260 0 +4.326372089e+02 +5.259372089e+02 +5.259372089e+02
1491 0 +4.101609268e+02 +5.034609268e+02 +5.034609268e+02
1580 0 +3.975444789e+02 +4.908444789e+02 +4.908444789e+02
1585 0 +3.820103374e+02 +4.753103374e+02 +4.753103374e+02
1660 0 +3.700137870e+02 +4.633137870e+02 +4.633137870e+02
1738 0 +3.601565446e+02 +4.534565446e+02 +4.534565446e+02
1787 0 +3.521793199e+02 +4.454793199e+02 +4.454793199e+02
1852 0 +3.337607530e+02 +4.270607530e+02 +4.270607530e+02
1879 0 +3.304305945e+02 +4.237305945e+02 +4.237305945e+02
1961 0 +3.207423917e+02 +4.140423917e+02 +4.140423917e+02
2002 0 +3.137979281e+02 +4.070979281e+02 +4.070979281e+02
2020 0 +3.067228140e+02 +4.000228140e+02 +4.000228140e+02
2043 0 +2.998040603e+02 +3.931040603e+02 +3.931040603e+02
2098 0 +2.890525486e+02 +3.823525486e+02 +3.823525486e+02
2200 0 +2.881203533e+02 +3.814203533e+02 +3.814203533e+02
2217 0 +2.797565792e+02 +3.730565792e+02 +3.730565792e+02
2389 0 +2.745332880e+02 +3.678332880e+02 +3.678332880e+02
2477 0 +2.683316369e+02 +3.616316369e+02 +3.616316369e+02
2563 0 +2.626040090e+02 +3.559040090e+02 +3.559040090e+02
2721 0 +2.570135171e+02 +3.503135171e+02 +3.503135171e+02
2830 0 +2.507741428e+02 +3.440741428e+02 +3.440741428e+02
2976 0 +2.442319494e+02 +3.375319494e+02 +3.375319494e+02
3098 0 +2.388849796e+02 +3.321849796e+02 +3.321849796e+02
3227 0 +2.341436711e+02 +3.274436711e+02 +3.274436711e+02
3334 0 +2.283719947e+02 +3.216719947e+02 +3.216719947e+02
3548 0 +2.233322648e+02 +3.166322648e+02 +3.166322648e+02
3705 0 +2.186299555e+02 +3.119299555e+02 +3.119299555e+02
3977 0 +2.134870362e+02 +3.067870362e+02 +3.067870362e+02
4209 0 +2.082866182e+02 +3.015866182e+02 +3.015866182e+02
4531 0 +2.039543909e+02 +2.972543909e+02 +2.972543909e+02
4968 0 +1.994139712e+02 +2.927139712e+02 +2.927139712e+02
6438 0 +1.949725453e+02 +2.882725453e+02 +2.882725453e+02
% f evaluations | g evaluations | best noise-free fitness - Fopt (1.364000000000e+01) + sum g_i+ | measured fitness | best measured fitness or single-digit g-values | x1 | x2...
1 0 +6.419713988e+02 +6.556113988e+02 +6.556113988e+02
4 0 +6.328652069e+02 +6.465052069e+02 +6.465052069e+02
6 0 +5.515961446e+02 +5.652361446e+02 +5.652361446e+02
171 0 +5.404711468e+02 +5.541111468e+02 +5.541111468e+02
200 0 +4.651953580e+02 +4.788353580e+02 +4.788353580e+02
1433 0 +4.009782852e+02 +4.146182852e+02 +4.146182852e+02
1594 0 +3.938339816e+02 +4.074739816e+02 +4.074739816e+02
1635 0 +3.578667406e+02 +3.715067406e+02 +3.715067406e+02
1804 0 +3.512445575e+02 +3.648845575e+02 +3.648845575e+02
1809 0 +3.465200917e+02 +3.601600917e+02 +3.601600917e+02
1847 0 +3.349582491e+02 +3.485982491e+02 +3.485982491e+02
1907 0 +3.159299841e+02 +3.295699841e+02 +3.295699841e+02
1961 0 +3.056406014e+02 +3.192806014e+02 +3.192806014e+02
1983 0 +3.000853933e+02 +3.137253933e+02 +3.137253933e+02
2119 0 +2.916870243e+02 +3.053270243e+02 +3.053270243e+02
2140 0 +2.784154372e+02 +2.920554372e+02 +2.920554372e+02
2255 0 +2.722115357e+02 +2.858515357e+02 +2.858515357e+02
2279 0 +2.656341996e+02 +2.792741996e+02 +2.792741996e+02
2362 0 +2.592448939e+02 +2.728848939e+02 +2.728848939e+02
2464 0 +2.528445577e+02 +2.664845577e+02 +2.664845577e+02
2635 0 +2.507840958e+02 +2.644240958e+02 +2.644240958e+02
2723 0 +2.448352619e+02 +2.584752619e+02 +2.584752619e+02
2778 0 +2.388852680e+02 +2.525252680e+02 +2.525252680e+02
2967 0 +2.340707556e+02 +2.477107556e+02 +2.477107556e+02
3086 0 +2.273134015e+02 +2.409534015e+02 +2.409534015e+02
3241 0 +2.232177842e+02 +2.368577842e+02 +2.368577842e+02
3452 0 +2.185877463e+02 +2.322277463e+02 +2.322277463e+02
3772 0 +2.137697430e+02 +2.274097430e+02 +2.274097430e+02
4263 0 +2.087537248e+02 +2.223937248e+02 +2.223937248e+02
6641 0 +2.041719418e+02 +2.178119418e+02 +2.178119418e+02
% f evaluations | g evaluations | best noise-free fitness - Fopt (1.948000000000e+02) + sum g_i+ | measured fitness | best measured fitness or single-digit g-values | x1 | x2...
1 0 +5.818754603e+02 +7.766754603e+02 +7.766754603e+02
4 0 +5.812047006e+02 +7.760047006e+02 +7.760047006e+02
13 0 +5.529201537e+02 +7.477201537e+02 +7.477201537e+02
115 0 +5.455504082e+02 +7.403504082e+02 +7.403504082e+02
144 0 +5.248820608e+02 +7.196820608e+02 +7.196820608e+02
159 0 +5.065746059e+02 +7.013746059e+02 +7.013746059e+02
185 0 +4.443519167e+02 +6.391519167e+02 +6.391519167e+02
1486 0 +3.954679857e+02 +5.902679857e+02 +5.902679857e+02
1674 0 +3.887496317e+02 +5.835496317e+02 +5.835496317e+02
1690 0 +3.768598936e+02 +5.716598936e+02 +5.716598936e+02
1720 0 +3.706565547e+02 +5.654565547e+02 +5.654565547e+02
1757 0 +3.580925094e+02 +5.528925094e+02 +5.528925094e+02
1775 0 +3.448504516e+02 +5.396504516e+02 +5.396504516e+02
1790 0 +3.375487555e+02 +5.323487555e+02 +5.323487555e+02
1802 0 +3.211021666e+02 +5.159021666e+02 +5.159021666e+02
1886 0 +3.133834841e+02 +5.081834841e+02 +5.081834841e+02
1900 0 +3.072637084e+02 +5.020637084e+02 +5.020637084e+02
1934 0 +2.989407914e+02 +4.937407914e+02 +4.937407914e+02
1961 0 +2.945345183e+02 +4.893345183e+02 +4.893345183e+02
1991 0 +2.853134092e+02 +4.801134092e+02 +4.801134092e+02
2004 0 +2.801613704e+02 +4.749613704e+02 +4.749613704e+02
2066 0 +2.699402529e+02 +4.647402529e+02 +4.647402529e+02
2070 0 +2.681884831e+02 +4.629884831e+02 +4.629884831e+02
2119 0 +2.628689583e+02 +4.576689583e+02 +4.576689583e+02
2137 0 +2.529724625e+02 +4.477724625e+02 +4.477724625e+02
2169 0 +2.493154681e+02 +4.441154681e+02 +4.441154681e+02
2183 0 +2.411277519e+02 +4.359277519e+02 +4.359277519e+02
2263 0 +2.394586262e+02 +4.342586262e+02 +4.342586262e+02
2312 0 +2.324503495e+02 +4.272503495e+02 +4.272503495e+02
2401 0 +2.290328303e+02 +4.238328303e+02 +4.238328303e+02
2497 0 +2.188757065e+02 +4.136757065e+02 +4.136757065e+02
2551 0 +2.187754486e+02 +4.135754486e+02 +4.135754486e+02
2617 0 +2.128830931e+02 +4.076830931e+02 +4.076830931e+02
2704 0 +2.086790545e+02 +4.034790545e+02 +4.034790545e+02
2904 0 +2.026766962e+02 +3.974766962e+02 +3.974766962e+02
3053 0 +1.992524367e+02 +3.940524367e+02 +3.940524367e+02
3451 0 +1.949222286e+02 +3.897222286e+02 +3.897222286e+02
4726 0 +1.905328760e+02 +3.853328760e+02 +3.853328760e+02
% f evaluations | g evaluations | best noise-free fitness - Fopt (-1.335900000000e+02) + sum g_i+ | measured fitness | best measured fitness or single-digit g-values | x1 | x2...
1 0 +6.316373895e+02 +4.980473895e+02 +4.980473895e+02
2 0 +5.577479971e+02 +4.241579971e+02 +4.241579971e+02
37 0 +5.357317516e+02 +4.021417516e+02 +4.021417516e+02
118 0 +5.105381903e+02 +3.769481903e+02 +3.769481903e+02
438 0 +4.833164617e+02 +3.497264617e+02 +3.497264617e+02
812 0 +4.751087935e+02 +3.415187935e+02 +3.415187935e+02
1570 0 +4.452623179e+02 +3.116723179e+02 +3.116723179e+02
1721 0 +4.288838588e+02 +2.952938588e+02 +2.952938588e+02
1805 0 +4.012441383e+02 +2.676541383e+02 +2.676541383e+02
1834 0 +3.932037192e+02 +2.596137192e+02 +2.596137192e+02
1882 0 +3.683101249e+02 +2.347201249e+02 +2.347201249e+02
1991 0 +3.452031650e+02 +2.116131650e+02 +2.116131650e+02
2200 0 +3.311606352e+02 +1.975706352e+02 +1.975706352e+02
2206 0 +3.255654990e+02 +1.919754990e+02 +1.919754990e+02
2252 0 +3.214232870e+02 +1.878332870e+02 +1.878332870e+02
2347 0 +3.160227364e+02 +1.824327364e+02 +1.824327364e+02
2356 0 +3.074868940e+02 +1.738968940e+02 +1.738968940e+02
2540 0 +3.013736106e+02 +1.677836106e+02 +1.677836106e+02
2699 0 +2.940580586e+02 +1.604680586e+02 +1.604680586e+02
2758 0 +2.870525037e+02 +1.534625037e+02 +1.534625037e+02
2872 0 +2.811889771e+02 +1.475989771e+02 +1.475989771e+02
3007 0 +2.736957536e+02 +1.401057536e+02 +1.401057536e+02
3113 0 +2.691203485e+02 +1.355303485e+02 +1.355303485e+02
3185 0 +2.629413937e+02 +1.293513937e+02 +1.293513937e+02
3339 0 +2.568110953e+02 +1.232210953e+02 +1.232210953e+02
3513 0 +2.509305666e+02 +1.173405666e+02 +1.173405666e+02
3710 0 +2.451365020e+02 +1.115465020e+02 +1.115465020e+02
4026 0 +2.391630831e+02 +1.055730831e+02 +1.055730831e+02
4338 0 +2.339725869e+02 +1.003825869e+02 +1.003825869e+02
4933 0 +2.290044961e+02 +9.541449611e+01 +9.541449611e+01
5388 0 +2.235813213e+02 +8.999132129e+01 +8.999132129e+01
6241 0 +2.187682039e+02 +8.517820394e+01 +8.517820394e+01
% f evaluations | g evaluations | best noise-free fitness - Fopt (-3.085000000000e+01) + sum g_i+ | measured fitness | best measured fitness or single-digit g-values | x1 | x2...
1 0 +6.634383006e+02 +6.325883006e+02 +6.325883006e+02
2 0 +6.246674805e+02 +5.938174805e+02 +5.938174805e+02
4 0 +5.357980550e+02 +5.049480550e+02 +5.049480550e+02
144 0 +5.176767361e+02 +4.868267361e+02 +4.868267361e+02
739 0 +5.099070076e+02 +4.790570076e+02 +4.790570076e+02
742 0 +4.736400150e+02 +4.427900150e+02 +4.427900150e+02
1556 0 +4.560727420e+02 +4.252227420e+02 +4.252227420e+02
1635 0 +4.465434261e+02 +4.156934261e+02 +4.156934261e+02
1684 0 +4.271997704e+02 +3.963497704e+02 +3.963497704e+02
1741 0 +4.034776824e+02 +3.726276824e+02 +3.726276824e+02
1764 0 +3.865927848e+02 +3.557427848e+02 +3.557427848e+02
1778 0 +3.788267736e+02 +3.479767736e+02 +3.479767736e+02
1834 0 +3.567511266e+02 +3.259011266e+02 +3.259011266e+02
1930 0 +3.544256329e+02 +3.235756329e+02 +3.235756329e+02
1963 0 +3.458967744e+02 +3.150467744e+02 +3.150467744e+02
1983 0 +3.265346983e+02 +2.956846983e+02 +2.956846983e+02
2035 0 +3.222296935e+02 +2.913796935e+02 +2.913796935e+02
2167 0 +3.121364025e+02 +2.812864025e+02 +2.812864025e+02
2209 0 +3.090161590e+02 +2.781661590e+02 +2.781661590e+02
2210 0 +2.962213522e+02 +2.653713522e+02 +2.653713522e+02
2262 0 +2.918623997e+02 +2.610123997e+02 +2.610123997e+02
2315 0 +2.869792870e+02 +2.561292870e+02 +2.561292870e+02
2319 0 +2.801923270e+02 +2.493423270e+02 +2.493423270e+02
2341 0 +2.742788116e+02 +2.434288116e+02 +2.434288116e+02
2531 0 +2.677967147e+02 +2.369467147e+02 +2.369467147e+02
2585 0 +2.628798958e+02 +2.320298958e+02 +2.320298958e+02
2629 0 +2.529418410e+02 +2.220918410e+02 +2.220918410e+02
2691 0 +2.506414624e+02 +2.197914624e+02 +2.197914624e+02
2732 0 +2.446752934e+02 +2.138252934e+02 +2.138252934e+02
2847 0 +2.383158569e+02 +2.074658569e+02 +2.074658569e+02
2998 0 +2.344194309e+02 +2.035694309e+02 +2.035694309e+02
3132 0 +2.286527414e+02 +1.978027414e+02 +1.978027414e+02
3467 0 +2.238682369e+02 +1.930182369e+02 +1.930182369e+02
3695 0 +2.185441907e+02 +1.876941907e+02 +1.876941907e+02
4115 0 +2.137744770e+02 +1.829244770e+02 +1.829244770e+02
5266 0 +2.089203212e+02 +1.780703212e+02 +1.780703212e+02
% f evaluations | g evaluations | best noise-free fitness - Fopt (-9.200000000000e+00) + sum g_i+ | measured fitness | best measured fitness or single-digit g-values | x1 | x2...
1 0 +5.993142646e+02 +5.901142646e+02 +5.901142646e+02
28 0 +5.661109540e+02 +5.569109540e+02 +5.569109540e+02
33 0 +5.542198193e+02 +5.450198193e+02 +5.450198193e+02
36 0 +5.079274374e+02 +4.987274374e+02 +4.987274374e+02
285 0 +4.920533711e+02 +4.828533711e+02 +4.828533711e+02
713 0 +4.890626308e+02 +4.798626308e+02 +4.798626308e+02
1196 0 +4.532320535e+02 +4.440320535e+02 +4.440320535e+02
1625 0 +4.386109487e+02 +4.294109487e+02 +4.294109487e+02
1637 0 +4.240624264e+02 +4.148624264e+02 +4.148624264e+02
1664 0 +4.026022315e+02 +3.934022315e+02 +3.934022315e+02
1711 0 +3.887451310e+02 +3.795451310e+02 +3.795451310e+02
1765 0 +3.754527205e+02 +3.662527205e+02 +3.662527205e+02
1772 0 +3.642398018e+02 +3.550398018e+02 +3.550398018e+02
1774 0 +3.580154950e+02 +3.488154950e+02 +3.488154950e+02
1809 0 +3.297084165e+02 +3.205084165e+02 +3.205084165e+02
1906 0 +3.184172133e+02 +3.092172133e+02 +3.092172133e+02
1961 0 +3.158019450e+02 +3.066019450e+02 +3.066019450e+02
1988 0 +3.051920341e+02 +2.959920341e+02 +2.959920341e+02
1998 0 +2.976446188e+02 +2.884446188e+02 +2.884446188e+02
2020 0 +2.950030666e+02 +2.858030666e+02 +2.858030666e+02
2157 0 +2.852265962e+02 +2.760265962e+02 +2.760265962e+02
2177 0 +2.773244601e+02 +2.681244601e+02 +2.681244601e+02
2202 0 +2.745642786e+02 +2.653642786e+02 +2.653642786e+02
2220 0 +2.690952543e+02 +2.598952543e+02 +2.598952543e+02
2389 0 +2.586984463e+02 +2.494984463e+02 +2.494984463e+02
2446 0 +2.537352905e+02 +2.445352905e+02 +2.445352905e+02
2513 0 +2.503856827e+02 +2.411856827e+02 +2.411856827e+02
2551 0 +2.449291430e+02 +2.357291430e+02 +2.357291430e+02
2799 0 +2.385605855e+02 +2.293605855e+02 +2.293605855e+02
2946 0 +2.339871911e+02 +2.247871911e+02 +2.247871911e+02
3081 0 +2.288937424e+02 +2.196937424e+02 +2.196937424e+02
3333 0 +2.233989703e+02 +2.141989703e+02 +2.141989703e+02
3545 0 +2.187599773e+02 +2.095599773e+02 +2.095599773e+02
3816 0 +2.137030614e+02 +2.045030614e+02 +2.045030614e+02
4241 0 +2.088488509e+02 +1.996488509e+02 +1.996488509e+02
5212 0 +2.040432679e+02 +1.948432679e+02 +1.948432679e+02
% f evaluations | g evaluations | best noise-free fitness - Fopt (-2.037600000000e+02) + sum g_i+ | measured fitness | best measured fitness or single-digit g-values | x1 | x2...
1 0 +5.794450868e+02 +3.756850868e+02 +3.756850868e+02
3 0 +5.406320384e+02 +3.368720384e+02 +3.368720384e+02
338 0 +5.298862164e+02 +3.261262164e+02 +3.261262164e+02
351 0 +5.139756810e+02 +3.102156810e+02 +3.102156810e+02
382 0 +5.114485252e+02 +3.076885252e+02 +3.076885252e+02
845 0 +4.573653646e+02 +2.536053646e+02 +2.536053646e+02
1386 0 +4.277813129e+02 +2.240213129e+02 +2.240213129e+02
1399 0 +4.082824334e+02 +2.045224334e+02 +2.045224334e+02
1471 0 +4.034608718e+02 +1.997008718e+02 +1.997008718e+02
1522 0 +3.948812749e+02 +1.911212749e+02 +1.911212749e+02
1594 0 +3.841282668e+02 +1.803682668e+02 +1.803682668e+02
1645 0 +3.791680100e+02 +1.754080100e+02 +1.754080100e+02
1690 0 +3.699351512e+02 +1.661751512e+02 +1.661751512e+02
1695 0 +3.584938244e+02 +1.547338244e+02 +1.547338244e+02
1748 0 +3.371305939e+02 +1.333705939e+02 +1.333705939e+02
1818 0 +3.274432328e+02 +1.236832328e+02 +1.236832328e+02
1892 0 +3.198801218e+02 +1.161201218e+02 +1.161201218e+02
1941 0 +3.128770103e+02 +1.091170103e+02 +1.091170103e+02
1969 0 +3.053450014e+02 +1.015850014e+02 +1.015850014e+02
2070 0 +2.974205901e+02 +9.366059015e+01 +9.366059015e+01
2134 0 +2.927828459e+02 +8.902284592e+01 +8.902284592e+01
2183 0 +2.871312599e+02 +8.337125987e+01 +8.337125987e+01
2271 0 +2.779685722e+02 +7.420857220e+01 +7.420857220e+01
2330 0 +2.725879718e+02 +6.882797175e+01 +6.882797175e+01
2394 0 +2.680985525e+02 +6.433855245e+01 +6.433855245e+01
2443 0 +2.604008982e+02 +5.664089823e+01 +5.664089823e+01
2598 0 +2.546559114e+02 +5.089591141e+01 +5.089591141e+01
2719 0 +2.510808869e+02 +4.732088693e+01 +4.732088693e+01
2841 0 +2.451573160e+02 +4.139731601e+01 +4.139731601e+01
3154 0 +2.397119990e+02 +3.595199904e+01 +3.595199904e+01
3417 0 +2.344063214e+02 +3.064632137e+01 +3.064632137e+01
4185 0 +2.290796263e+02 +2.531962635e+01 +2.531962635e+01
% f evaluations | g evaluations | best noise-free fitness - Fopt (3.399000000000e+01) + sum g_i+ | measured fitness | best measured fitness or single-digit g-values | x1 | x2...
1 0 +6.187746539e+02 +6.527646539e+02 +6.527646539e+02
6 0 +6.122715103e+02 +6.462615103e+02 +6.462615103e+02
9 0 +5.832178138e+02 +6.172078138e+02 +6.172078138e+02
12 0 +5.684708293e+02 +6.024608293e+02 +6.024608293e+02
32 0 +5.445660610e+02 +5.785560610e+02 +5.785560610e+02
87 0 +5.313007453e+02 +5.652907453e+02 +5.652907453e+02
128 0 +4.953234215e+02 +5.293134215e+02 +5.293134215e+02
415 0 +4.873393730e+02 +5.213293730e+02 +5.213293730e+02
1038 0 +4.617884727e+02 +4.957784727e+02 +4.957784727e+02
1276 0 +4.384292874e+02 +4.724192874e+02 +4.724192874e+02
1409 0 +4.125548980e+02 +4.465448980e+02 +4.465448980e+02
1556 0 +4.007331260e+02 +4.347231260e+02 +4.347231260e+02
1594 0 +3.970312089e+02 +4.310212089e+02 +4.310212089e+02
1619 0 +3.875810234e+02 +4.215710234e+02 +4.215710234e+02
1664 0 +3.773776445e+02 +4.113676445e+02 +4.113676445e+02
1668 0 +3.706044884e+02 +4.045944884e+02 +4.045944884e+02
1721 0 +3.601851801e+02 +3.941751801e+02 +3.941751801e+02
1748 0 +3.516732393e+02 +3.856632393e+02 +3.856632393e+02
1749 0 +3.385701781e+02 +3.725601781e+02 +3.725601781e+02
1774 0 +3.137102116e+02 +3.477002116e+02 +3.477002116e+02
1919 0 +3.081364124e+02 +3.421264124e+02 +3.421264124e+02
1936 0 +2.968330808e+02 +3.308230808e+02 +3.308230808e+02
2031 0 +2.888751640e+02 +3.228651640e+02 +3.228651640e+02
2065 0 +2.861199421e+02 +3.201099421e+02 +3.201099421e+02
2130 0 +2.786470273e+02 +3.126370273e+02 +3.126370273e+02
2154 0 +2.748468123e+02 +3.088368123e+02 +3.088368123e+02
2183 0 +2.661950945e+02 +3.001850945e+02 +3.001850945e+02
2269 0 +2.628674601e+02 +2.968574601e+02 +2.968574601e+02
2335 0 +2.563908282e+02 +2.903808282e+02 +2.903808282e+02
2418 0 +2.507767592e+02 +2.847667592e+02 +2.847667592e+02
2457 0 +2.446128882e+02 +2.786028882e+02 +2.786028882e+02
2574 0 +2.386476355e+02 +2.726376355e+02 +2.726376355e+02
2588 0 +2.328207575e+02 +2.668107575e+02 +2.668107575e+02
2758 0 +2.267576013e+02 +2.607476013e+02 +2.607476013e+02
2931 0 +2.236890798e+02 +2.576790798e+02 +2.576790798e+02
3087 0 +2.183100071e+02 +2.523000071e+02 +2.523000071e+02
3270 0 +2.135001025e+02 +2.474901025e+02 +2.474901025e+02
3604 0 +2.085175675e+02 +2.425075675e+02 +2.425075675e+02
4227 0 +2.040572731e+02 +2.380472731e+02 +2.380472731e+02
5770 0 +1.995092484e+02 +2.334992484e+02 +2.334992484e+02
% f evaluations | g evaluations | best noise-free fitness - Fopt (-1.000000000000e+03) + sum g_i+ | measured fitness | best measured fitness or single-digit g-values | x1 | x2...
1 0 +6.961659813e+02 -3.038340187e+02 -3.038340187e+02
3 0 +5.845167030e+02 -4.154832970e+02 -4.154832970e+02
70 0 +5.367765349e+02 -4.632234651e+02 -4.632234651e+02
129 0 +5.230632085e+02 -4.769367915e+02 -4.769367915e+02
217 0 +5.015892379e+02 -4.984107621e+02 -4.984107621e+02
243 0 +4.841353490e+02 -5.158646510e+02 -5.158646510e+02
705 0 +4.756275137e+02 -5.243724863e+02 -5.243724863e+02
738 0 +4.274748689e+02 -5.725251311e+02 -5.725251311e+02
1882 0 +4.093487295e+02 -5.906512705e+02 -5.906512705e+02
1940 0 +4.055659000e+02 -5.944341000e+02 -5.944341000e+02
1976 0 +3.874913017e+02 -6.125086983e+02 -6.125086983e+02
1983 0 +3.761249555e+02 -6.238750445e+02 -6.238750445e+02
2046 0 +3.696763664e+02 -6.303236336e+02 -6.303236336e+02
2072 0 +3.580736918e+02 -6.419263082e+02 -6.419263082e+02
2125 0 +3.475347332e+02 -6.524652668e+02 -6.524652668e+02
2133 0 +3.431405989e+02 -6.568594011e+02 -6.568594011e+02
2157 0 +3.323370419e+02 -6.676629581e+02 -6.676629581e+02
2200 0 +3.259401620e+02 -6.740598380e+02 -6.740598380e+02
2229 0 +3.234498613e+02 -6.765501387e+02 -6.765501387e+02
2253 0 +3.156125342e+02 -6.843874658e+02 -6.843874658e+02
2259 0 +3.046065289e+02 -6.953934711e+02 -6.953934711e+02
2291 0 +2.941551299e+02 -7.058448701e+02 -7.058448701e+02
2393 0 +2.863404826e+02 -7.136595174e+02 -7.136595174e+02
2476 0 +2.762354992e+02 -7.237645008e+02 -7.237645008e+02
2524 0 +2.720377717e+02 -7.279622283e+02 -7.279622283e+02
2547 0 +2.674244849e+02 -7.325755151e+02 -7.325755151e+02
2585 0 +2.577676661e+02 -7.422323339e+02 -7.422323339e+02
2642 0 +2.551803144e+02 -7.448196856e+02 -7.448196856e+02
2691 0 +2.496939180e+02 -7.503060820e+02 -7.503060820e+02
2811 0 +2.436840994e+02 -7.563159006e+02 -7.563159006e+02
3007 0 +2.367577820e+02 -7.632422180e+02 -7.632422180e+02
3087 0 +2.328474359e+02 -7.671525641e+02 -7.671525641e+02
3270 0 +2.287287820e+02 -7.712712180e+02 -7.712712180e+02
3379 0 +2.230276092e+02 -7.769723908e+02 -7.769723908e+02
3673 0 +2.187060800e+02 -7.812939200e+02 -7.812939200e+02
3935 0 +2.137392055e+02 -7.862607945e+02 -7.862607945e+02
4201 0 +2.088299512e+02 -7.911700488e+02 -7.911700488e+02
4524 0 +2.039811633e+02 -7.960188367e+02 -7.960188367e+02
4938 0 +1.995140383e+02 -8.004859617e+02 -8.004859617e+02
6211 0 +1.949280371e+02 -8.050719629e+02 -8.050719629e+02
% f evaluations | g evaluations | best noise-free fitness - Fopt (-1.000000000000e+03) + sum g_i+ | measured fitness | best measured fitness or single-digit g-values | x1 | x2...
1 0 +6.689238985e+02 -3.310761015e+02 -3.310761015e+02
3 0 +5.919489952e+02 -4.080510048e+02 -4.080510048e+02
5 0 +5.642230733e+02 -4.357769267e+02 -4.357769267e+02
25 0 +5.561941728e+02 -4.438058272e+02 -4.438058272e+02
71 0 +5.476971206e+02 -4.523028794e+02 -4.523028794e+02
80 0 +5.276818158e+02 -4.723181842e+02 -4.723181842e+02
197 0 +5.138468529e+02 -4.861531471e+02 -4.861531471e+02
335 0 +4.983770858e+02 -5.016229142e+02 -5.016229142e+02
1267 0 +4.886802972e+02 -5.113197028e+02 -5.113197028e+02
1377 0 +4.656622010e+02 -5.343377990e+02 -5.343377990e+02
1540 0 +4.550904944e+02 -5.449095056e+02 -5.449095056e+02
1563 0 +4.455421147e+02 -5.544578853e+02 -5.544578853e+02
1569 0 +4.354638646e+02 -5.645361354e+02 -5.645361354e+02
1580 0 +4.256761094e+02 -5.743238906e+02 -5.743238906e+02
1664 0 +4.091329989e+02 -5.908670011e+02 -5.908670011e+02
1677 0 +4.057441924e+02 -5.942558076e+02 -5.942558076e+02
1764 0 +3.845550414e+02 -6.154449586e+02 -6.154449586e+02
1772 0 +3.486266419e+02 -6.513733581e+02 -6.513733581e+02
1882 0 +3.359551810e+02 -6.640448190e+02 -6.640448190e+02
1888 0 +3.276458491e+02 -6.723541509e+02 -6.723541509e+02
1940 0 +3.192697813e+02 -6.807302187e+02 -6.807302187e+02
2017 0 +3.143593025e+02 -6.856406975e+02 -6.856406975e+02
2044 0 +2.952517072e+02 -7.047482928e+02 -7.047482928e+02
2140 0 +2.906527681e+02 -7.093472319e+02 -7.093472319e+02
2234 0 +2.877828109e+02 -7.122171891e+02 -7.122171891e+02
2324 0 +2.817096759e+02 -7.182903241e+02 -7.182903241e+02
2379 0 +2.743212310e+02 -7.256787690e+02 -7.256787690e+02
2598 0 +2.689166944e+02 -7.310833056e+02 -7.310833056e+02
2704 0 +2.627740731e+02 -7.372259269e+02 -7.372259269e+02
2991 0 +2.561975590e+02 -7.438024410e+02 -7.438024410e+02
3168 0 +2.509288272e+02 -7.490711728e+02 -7.490711728e+02
3472 0 +2.449272720e+02 -7.550727280e+02 -7.550727280e+02
3857 0 +2.398100357e+02 -7.601899643e+02 -7.601899643e+02
4914 0 +2.343561662e+02 -7.656438338e+02 -7.656438338e+02
% f evaluations | g evaluations | best noise-free fitness - Fopt (-1.272000000000e+01) + sum g_i+ | measured fitness | best measured fitness or single-digit g-values | x1 | x2...
1 0 +5.725746029e+02 +5.598546029e+02 +5.598546029e+02
7 0 +5.720849920e+02 +5.593649920e+02 +5.593649920e+02
84 0 +5.593187443e+02 +5.465987443e+02 +5.465987443e+02
92 0 +5.475127908e+02 +5.347927908e+02 +5.347927908e+02
116 0 +5.018529982e+02 +4.891329982e+02 +4.891329982e+02
589 0 +4.860079865e+02 +4.732879865e+02 +4.732879865e+02
1436 0 +4.623124748e+02 +4.495924748e+02 +4.495924748e+02
1759 0 +4.521598387e+02 +4.394398387e+02 +4.394398387e+02
1867 0 +4.466450530e+02 +4.339250530e+02 +4.339250530e+02
1878 0 +4.310391441e+02 +4.183191441e+02 +4.183191441e+02
1921 0 +4.211409583e+02 +4.084209583e+02 +4.084209583e+02
1988 0 +4.114094678e+02 +3.986894678e+02 +3.986894678e+02
2046 0 +4.060445076e+02 +3.933245076e+02 +3.933245076e+02
2095 0 +3.977893073e+02 +3.850693073e+02 +3.850693073e+02
2119 0 +3.883827601e+02 +3.756627601e+02 +3.756627601e+02
2141 0 +3.730326124e+02 +3.603126124e+02 +3.603126124e+02
2209 0 +3.629559720e+02 +3.502359720e+02 +3.502359720e+02
2263 0 +3.476635742e+02 +3.349435742e+02 +3.349435742e+02
2331 0 +3.352210256e+02 +3.225010256e+02 +3.225010256e+02
2418 0 +3.255069409e+02 +3.127869409e+02 +3.127869409e+02
2430 0 +3.152293308e+02 +3.025093308e+02 +3.025093308e+02
2674 0 +3.036122475e+02 +2.908922475e+02 +2.908922475e+02
2746 0 +3.014853975e+02 +2.887653975e+02 +2.887653975e+02
2814 0 +2.937447317e+02 +2.810247317e+02 +2.810247317e+02
2956 0 +2.876952149e+02 +2.749752149e+02 +2.749752149e+02
3087 0 +2.785921259e+02 +2.658721259e+02 +2.658721259e+02
3212 0 +2.749580927e+02 +2.622380927e+02 +2.622380927e+02
3318 0 +2.691195409e+02 +2.563995409e+02 +2.563995409e+02
3497 0 +2.627759900e+02 +2.500559900e+02 +2.500559900e+02
3683 0 +2.563662577e+02 +2.436462577e+02 +2.436462577e+02
3852 0 +2.505845925e+02 +2.378645925e+02 +2.378645925e+02
4115 0 +2.443606898e+02 +2.316406898e+02 +2.316406898e+02
4359 0 +2.397591701e+02 +2.270391701e+02 +2.270391701e+02
4639 0 +2.342995397e+02 +2.215795397e+02 +2.215795397e+02
4993 0 +2.287302466e+02 +2.160102466e+02 +2.160102466e+02
5309 0 +2.237780904e+02 +2.110580904e+02 +2.110580904e+02
5812 0 +2.186949197e+02 +2.059749197e+02 +2.059749197e+02
7102 0 +2.137835292e+02 +2.010635292e+02 +2.010635292e+02
% f evaluations | g evaluations | best noise-free fitness - Fopt (-5.954000000000e+01) + sum g_i+ | measured fitness | best measured fitness or single-digit g-values | x1 | x2...
1 0 +6.111664901e+02 +5.516264901e+02 +5.516264901e+02
2 0 +5.972757333e+02 +5.377357333e+02 +5.377357333e+02
17 0 +5.686008985e+02 +5.090608985e+02 +5.090608985e+02
20 0 +5.420514563e+02 +4.825114563e+02 +4.825114563e+02
178 0 +5.237727953e+02 +4.642327953e+02 +4.642327953e+02
260 0 +5.117345685e+02 +4.521945685e+02 +4.521945685e+02
287 0 +4.822727216e+02 +4.227327216e+02 +4.227327216e+02
854 0 +4.655942838e+02 +4.060542838e+02 +4.060542838e+02
882 0 +4.477214385e+02 +3.881814385e+02 +3.881814385e+02
1512 0 +4.400144335e+02 +3.804744335e+02 +3.804744335e+02
1540 0 +4.273028813e+02 +3.677628813e+02 +3.677628813e+02
1671 0 +4.147503403e+02 +3.552103403e+02 +3.552103403e+02
1734 0 +3.831228743e+02 +3.235828743e+02 +3.235828743e+02
1826 0 +3.792335999e+02 +3.196935999e+02 +3.196935999e+02
1858 0 +3.570599310e+02 +2.975199310e+02 +2.975199310e+02
1869 0 +3.503672438e+02 +2.908272438e+02 +2.908272438e+02
1883 0 +3.435165321e+02 +2.839765321e+02 +2.839765321e+02
1907 0 +3.291248396e+02 +2.695848396e+02 +2.695848396e+02
1939 0 +3.086266643e+02 +2.490866643e+02 +2.490866643e+02
1985 0 +2.868201444e+02 +2.272801444e+02 +2.272801444e+02
2022 0 +2.805507249e+02 +2.210107249e+02 +2.210107249e+02
2157 0 +2.567081860e+02 +1.971681860e+02 +1.971681860e+02
2268 0 +2.507113630e+02 +1.911713630e+02 +1.911713630e+02
2351 0 +2.402147582e+02 +1.806747582e+02 +1.806747582e+02
2417 0 +2.393307702e+02 +1.797907702e+02 +1.797907702e+02
2454 0 +2.320364085e+02 +1.724964085e+02 +1.724964085e+02
2617 0 +2.270054785e+02 +1.674654785e+02 +1.674654785e+02
2808 0 +2.233955905e+02 +1.638555905e+02 +1.638555905e+02
2923 0 +2.186160655e+02 +1.590760655e+02 +1.590760655e+02
3306 0 +2.132462339e+02 +1.537062339e+02 +1.537062339e+02
3726 0 +2.088993173e+02 +1.493593173e+02 +1.493593173e+02
4727 0 +2.040181309e+02 +1.444781309e+02 +1.444781309e+02
% f evaluations | g evaluations | best noise-free fitness - Fopt (-1.000000000000e+03) + sum g_i+ | measured fitness | best measured fitness or single-digit g-values | x1 | x2...
1 0 +6.071550503e+02 -3.928449497e+02 -3.928449497e+02
4 0 +5.556950498e+02 -4.443049502e+02 -4.443049502e+02
144 0 +5.230305667e+02 -4.769694333e+02 -4.769694333e+02
628 0 +5.126224907e+02 -4.873775093e+02 -4.873775093e+02
1118 0 +4.768236625e+02 -5.231763375e+02 -5.231763375e+02
1377 0 +4.333788048e+02 -5.666211952e+02 -5.666211952e+02
1405 0 +4.175675700e+02 -5.824324300e+02 -5.824324300e+02
1476 0 +4.135805665e+02 -5.864194335e+02 -5.864194335e+02
1488 0 +3.944736029e+02 -6.055263971e+02 -6.055263971e+02
1557 0 +3.680513032e+02 -6.319486968e+02 -6.319486968e+02
1625 0 +3.626017994e+02 -6.373982006e+02 -6.373982006e+02
1638 0 +3.524261509e+02 -6.475738491e+02 -6.475738491e+02
1664 0 +3.204398419e+02 -6.795601581e+02 -6.795601581e+02
1804 0 +3.139418014e+02 -6.860581986e+02 -6.860581986e+02
1852 0 +3.077638419e+02 -6.922361581e+02 -6.922361581e+02
1873 0 +2.986022346e+02 -7.013977654e+02 -7.013977654e+02
1905 0 +2.930812437e+02 -7.069187563e+02 -7.069187563e+02
1983 0 +2.839343880e+02 -7.160656120e+02 -7.160656120e+02
1998 0 +2.781105580e+02 -7.218894420e+02 -7.218894420e+02
2098 0 +2.738565857e+02 -7.261434143e+02 -7.261434143e+02
2216 0 +2.687480521e+02 -7.312519479e+02 -7.312519479e+02
2291 0 +2.615247655e+02 -7.384752345e+02 -7.384752345e+02
2400 0 +2.558486589e+02 -7.441513411e+02 -7.441513411e+02
2530 0 +2.503726809e+02 -7.496273191e+02 -7.496273191e+02
2710 0 +2.450279154e+02 -7.549720846e+02 -7.549720846e+02
2977 0 +2.398650911e+02 -7.601349089e+02 -7.601349089e+02
3453 0 +2.343798641e+02 -7.656201359e+02 -7.656201359e+02
6092 0 +2.290774977e+02 -7.709225023e+02 -7.709225023e+02
% f evaluations | g evaluations | best noise-free fitness - Fopt (4.303000000000e+01) + sum g_i+ | measured fitness | best measured fitness or single-digit g-values | x1 | x2...
1 0 +6.501579788e+02 +6.931879788e+02 +6.931879788e+02
2 0 +6.422227919e+02 +6.852527919e+02 +6.852527919e+02
9 0 +6.248115796e+02 +6.678415796e+02 +6.678415796e+02
10 0 +5.985621295e+02 +6.415921295e+02 +6.415921295e+02
15 0 +5.545356282e+02 +5.975656282e+02 +5.975656282e+02
16 0 +5.284450104e+02 +5.714750104e+02 +5.714750104e+02
170 0 +4.980555915e+02 +5.410855915e+02 +5.410855915e+02
877 0 +4.774004930e+02 +5.204304930e+02 +5.204304930e+02
1562 0 +4.571961135e+02 +5.002261135e+02 +5.002261135e+02
1565 0 +4.423721680e+02 +4.854021680e+02 +4.854021680e+02
1613 0 +4.350867682e+02 +4.781167682e+02 +4.781167682e+02
1660 0 +4.197876202e+02 +4.628176202e+02 +4.628176202e+02
1668 0 +4.096238457e+02 +4.526538457e+02 +4.526538457e+02
1716 0 +4.042853429e+02 +4.473153429e+02 +4.473153429e+02
1805 0 +3.885358938e+02 +4.315658938e+02 +4.315658938e+02
1853 0 +3.754666678e+02 +4.184966678e+02 +4.184966678e+02
1914 0 +3.704402275e+02 +4.134702275e+02 +4.134702275e+02
1916 0 +3.554547315e+02 +3.984847315e+02 +3.984847315e+02
1918 0 +3.524930568e+02 +3.955230568e+02 +3.955230568e+02
2098 0 +3.461284816e+02 +3.891584816e+02 +3.891584816e+02
2157 0 +3.315644408e+02 +3.745944408e+02 +3.745944408e+02
2190 0 +3.289388356e+02 +3.719688356e+02 +3.719688356e+02
2217 0 +3.224313335e+02 +3.654613335e+02 +3.654613335e+02
2274 0 +3.153999259e+02 +3.584299259e+02 +3.584299259e+02
2292 0 +3.061880682e+02 +3.492180682e+02 +3.492180682e+02
2336 0 +2.953507055e+02 +3.383807055e+02 +3.383807055e+02
2364 0 +2.933909288e+02 +3.364209288e+02 +3.364209288e+02
2425 0 +2.864770762e+02 +3.295070762e+02 +3.295070762e+02
2480 0 +2.730202058e+02 +3.160502058e+02 +3.160502058e+02
2512 0 +2.671398110e+02 +3.101698110e+02 +3.101698110e+02
2598 0 +2.613704166e+02 +3.044004166e+02 +3.044004166e+02
2616 0 +2.503353732e+02 +2.933653732e+02 +2.933653732e+02
2781 0 +2.434027451e+02 +2.864327451e+02 +2.864327451e+02
2902 0 +2.356539181e+02 +2.786839181e+02 +2.786839181e+02
2979 0 +2.343060448e+02 +2.773360448e+02 +2.773360448e+02
3094 0 +2.290306335e+02 +2.720606335e+02 +2.720606335e+02
3205 0 +2.234520945e+02 +2.664820945e+02 +2.664820945e+02
3330 0 +2.178617163e+02 +2.608917163e+02 +2.608917163e+02
3761 0 +2.137303373e+02 +2.567603373e+02 +2.567603373e+02
4245 0 +2.087664339e+02 +2.517964339e+02 +2.517964339e+02
4883 0 +2.039214841e+02 +2.469514841e+02 +2.469514841e+02
