% f evaluations | g evaluations | best noise-free fitness - Fopt (6.870000000000e+00) + sum g_i+ | measured fitness | best measured fitness or single-digit g-values | x1 | x2...
1 0 +2.483510099e+01 +3.170510099e+01 +3.170510099e+01 +0.0000e+00 +0.0000e+00
2 0 +2.270899314e+01 +2.957899314e+01 +2.957899314e+01 +4.3379e-01 +3.0692e-02
8 0 +1.873921261e+01 +2.560921261e+01 +2.560921261e+01 +2.1489e-01 +7.2681e-02
9 0 +1.723410888e+01 +2.410410888e+01 +2.410410888e+01 +1.8998e-02 +1.3382e-01
17 0 +1.082620175e+01 +1.769620175e+01 +1.769620175e+01 +6.6920e-02 +3.1775e-03
18 0 +1.026502646e+01 +1.713502646e+01 +1.713502646e+01 +5.4649e-01 +8.4131e-02
48 0 +8.034758220e+00 +1.490475822e+01 +1.490475822e+01 +9.8493e-01 -4.8625e-01
132 0 +7.183310552e+00 +1.405331055e+01 +1.405331055e+01 +3.4997e-01 +8.6383e-02
155 0 +5.300910387e+00 +1.217091039e+01 +1.217091039e+01 +5.6538e-01 -2.0036e-01
160 0 +3.682499535e+00 +1.055249953e+01 +1.055249953e+01 +1.6875e-01 +1.3578e-01
267 0 +3.398471627e+00 +1.026847163e+01 +1.026847163e+01 +1.2351e+00 -5.8315e-01
270 0 +1.358484829e+00 +8.228484829e+00 +8.228484829e+00 +1.2347e+00 -5.8606e-01
% f evaluations | g evaluations | best noise-free fitness - Fopt (1.000000000000e-02) + sum g_i+ | measured fitness | best measured fitness or single-digit g-values | x1 | x2...
1 0 +3.874812351e+01 +3.875812351e+01 +3.875812351e+01 +0.0000e+00 +0.0000e+00
3 0 +3.242723408e+00 +3.252723408e+00 +3.252723408e+00 +9.8026e-02 +3.4094e-01
14 0 +1.520628580e+00 +1.530628580e+00 +1.530628580e+00 +7.4387e-02 +3.4766e-01
250 0 +6.673255324e-01 +6.773255324e-01 +6.773255324e-01 +7.6166e-02 +3.4808e-01
276 0 +3.787407389e-01 +3.887407389e-01 +3.887407389e-01 +7.2262e-02 +3.4939e-01
295 0 +1.050308704e-01 +1.150308704e-01 +1.150308704e-01 +7.2526e-02 +3.4950e-01
323 0 +3.501330511e-02 +4.501330511e-02 +4.501330511e-02 +7.2984e-02 +3.4927e-01
342 0 +1.990385564e-02 +2.990385564e-02 +2.990385564e-02 +7.2941e-02 +3.4931e-01
445 0 +1.250176771e-02 +2.250176771e-02 +2.250176771e-02 +7.2888e-02 +3.4933e-01
449 0 +5.827824475e-03 +1.582782448e-02 +1.582782448e-02 +7.2881e-02 +3.4933e-01
464 0 +5.363701454e-03 +1.536370145e-02 +1.536370145e-02 +7.2897e-02 +3.4932e-01
479 0 +4.005772510e-03 +1.400577251e-02 +1.400577251e-02 +7.2876e-02 +3.4934e-01
484 0 +3.140752695e-03 +1.314075269e-02 +1.314075269e-02 +7.2876e-02 +3.4933e-01
537 0 +1.881776754e-03 +1.188177675e-02 +1.188177675e-02 +7.2884e-02 +3.4933e-01
542 0 +4.877958395e-04 +1.048779584e-02 +1.048779584e-02 +7.2886e-02 +3.4933e-01
597 0 +1.856576394e-04 +1.018565764e-02 +1.018565764e-02 +7.2884e-02 +3.4933e-01
620 0 +1.176100700e-04 +1.011761007e-02 +1.011761007e-02 +7.2885e-02 +3.4933e-01
629 0 +1.124595899e-04 +1.011245959e-02 +1.011245959e-02 +7.2885e-02 +3.4933e-01
631 0 +4.856443225e-05 +1.004856443e-02 +1.004856443e-02 +7.2885e-02 +3.4933e-01
656 0 +3.011991221e-05 +1.003011991e-02 +1.003011991e-02 +7.2885e-02 +3.4933e-01
741 0 +2.546900725e-05 +1.002546901e-02 +1.002546901e-02 +7.2885e-02 +3.4933e-01
742 0 +2.023414606e-05 +1.002023415e-02 +1.002023415e-02 +7.2885e-02 +3.4933e-01
747 0 +1.531779476e-05 +1.001531779e-02 +1.001531779e-02 +7.2885e-02 +3.4933e-01
757 0 +1.401862277e-05 +1.001401862e-02 +1.001401862e-02 +7.2885e-02 +3.4933e-01
770 0 +1.216047538e-05 +1.001216048e-02 +1.001216048e-02 +7.2885e-02 +3.4933e-01
771 0 +8.126608302e-06 +1.000812661e-02 +1.000812661e-02 +7.2885e-02 +3.4933e-01
786 0 +6.534774452e-06 +1.000653477e-02 +1.000653477e-02 +7.2885e-02 +3.4933e-01
799 0 +5.986984237e-06 +1.000598698e-02 +1.000598698e-02 +7.2885e-02 +3.4933e-01
801 0 +5.875057298e-06 +1.000587506e-02 +1.000587506e-02 +7.2885e-02 +3.4933e-01
803 0 +1.484930242e-06 +1.000148493e-02 +1.000148493e-02 +7.2885e-02 +3.4933e-01
839 0 +1.355225657e-06 +1.000135523e-02 +1.000135523e-02 +7.2885e-02 +3.4933e-01
844 0 +7.407445096e-07 +1.000074074e-02 +1.000074074e-02 +7.2885e-02 +3.4933e-01
848 0 +6.756534127e-07 +1.000067565e-02 +1.000067565e-02 +7.2885e-02 +3.4933e-01
849 0 +5.774114215e-07 +1.000057741e-02 +1.000057741e-02 +7.2885e-02 +3.4933e-01
850 0 +6.005987596e-08 +1.000006006e-02 +1.000006006e-02 +7.2885e-02 +3.4933e-01
1001 0 +4.502522855e-08 +1.000004503e-02 +1.000004503e-02 +7.2885e-02 +3.4933e-01
1029 0 +2.216374417e-08 +1.000002216e-02 +1.000002216e-02 +7.2885e-02 +3.4933e-01
1039 0 +1.808679317e-09 +1.000000181e-02 +1.000000181e-02 +7.2885e-02 +3.4933e-01
1457 0 +0.000000000e+00 +1.000000000e-02 +1.000000000e-02 +7.2885e-02 +3.4933e-01
% f evaluations | g evaluations | best noise-free fitness - Fopt (-1.306100000000e+02) + sum g_i+ | measured fitness | best measured fitness or single-digit g-values | x1 | x2...
1 0 +6.063859804e+01 -6.997140196e+01 -6.997140196e+01 +0.0000e+00 +0.0000e+00
2 0 +4.052793710e+01 -9.008206290e+01 -9.008206290e+01 +4.3379e-01 +3.0692e-02
3 0 +1.973725363e+01 -1.108727464e+02 -1.108727464e+02 +9.8026e-02 +3.4094e-01
5 0 +1.309706434e+01 -1.175129357e+02 -1.175129357e+02 -1.1375e-01 -3.0566e-01
18 0 +1.179838057e+01 -1.188116194e+02 -1.188116194e+02 +3.5487e-01 +1.0665e-01
39 0 +7.039633122e+00 -1.235703669e+02 -1.235703669e+02 +8.1681e-01 +1.1602e-01
45 0 +5.385554428e+00 -1.252244456e+02 -1.252244456e+02 +3.0770e-01 +1.2927e-01
61 0 +1.681796683e+00 -1.289282033e+02 -1.289282033e+02 +5.6141e-01 +1.2420e-01
110 0 +7.780974348e-01 -1.298319026e+02 -1.298319026e+02 +2.9559e-01 +1.4853e-01
361 0 +6.931396025e-01 -1.299168604e+02 -1.299168604e+02 +2.2206e-01 +2.4548e-01
368 0 +6.478800718e-01 -1.299621199e+02 -1.299621199e+02 +2.2247e-01 +2.4641e-01
371 0 +4.828772523e-01 -1.301271227e+02 -1.301271227e+02 +2.2154e-01 +2.4643e-01
379 0 +3.416899971e-01 -1.302683100e+02 -1.302683100e+02 +2.2170e-01 +2.4726e-01
386 0 +2.668720485e-01 -1.303431280e+02 -1.303431280e+02 +2.2082e-01 +2.4883e-01
414 0 +1.826315235e-01 -1.304273685e+02 -1.304273685e+02 +2.2097e-01 +2.4856e-01
442 0 +1.389168632e-01 -1.304710831e+02 -1.304710831e+02 +2.2111e-01 +2.4876e-01
449 0 +1.168059398e-01 -1.304931941e+02 -1.304931941e+02 +2.2136e-01 +2.4789e-01
454 0 +6.807639870e-02 -1.305419236e+02 -1.305419236e+02 +2.2130e-01 +2.4799e-01
461 0 +3.867202809e-02 -1.305713280e+02 -1.305713280e+02 +2.2126e-01 +2.4811e-01
484 0 +2.227898317e-02 -1.305877210e+02 -1.305877210e+02 +2.2125e-01 +2.4817e-01
519 0 +2.135911919e-02 -1.305886409e+02 -1.305886409e+02 +2.2123e-01 +2.4822e-01
533 0 +1.719764248e-02 -1.305928024e+02 -1.305928024e+02 +2.2123e-01 +2.4823e-01
537 0 +1.694772246e-02 -1.305930523e+02 -1.305930523e+02 +2.2124e-01 +2.4824e-01
539 0 +1.176113984e-02 -1.305982389e+02 -1.305982389e+02 +2.2123e-01 +2.4824e-01
543 0 +3.425493167e-03 -1.306065745e+02 -1.306065745e+02 +2.2124e-01 +2.4821e-01
545 0 +1.628495032e-03 -1.306083715e+02 -1.306083715e+02 +2.2124e-01 +2.4821e-01
610 0 +1.228055655e-03 -1.306087719e+02 -1.306087719e+02 +2.2124e-01 +2.4822e-01
645 0 +1.993052735e-04 -1.306098007e+02 -1.306098007e+02 +2.2124e-01 +2.4822e-01
744 0 +1.073742602e-04 -1.306098926e+02 -1.306098926e+02 +2.2124e-01 +2.4822e-01
750 0 +4.771753575e-05 -1.306099523e+02 -1.306099523e+02 +2.2124e-01 +2.4822e-01
769 0 +3.230137176e-05 -1.306099677e+02 -1.306099677e+02 +2.2124e-01 +2.4822e-01
785 0 +2.362369707e-05 -1.306099764e+02 -1.306099764e+02 +2.2124e-01 +2.4822e-01
836 0 +2.202151487e-05 -1.306099780e+02 -1.306099780e+02 +2.2124e-01 +2.4822e-01
837 0 +1.981318630e-05 -1.306099802e+02 -1.306099802e+02 +2.2124e-01 +2.4822e-01
846 0 +1.763479787e-05 -1.306099824e+02 -1.306099824e+02 +2.2124e-01 +2.4822e-01
851 0 +1.516148413e-05 -1.306099848e+02 -1.306099848e+02 +2.2124e-01 +2.4822e-01
876 0 +1.508090963e-05 -1.306099849e+02 -1.306099849e+02 +2.2124e-01 +2.4822e-01
881 0 +1.444513433e-05 -1.306099856e+02 -1.306099856e+02 +2.2124e-01 +2.4822e-01
883 0 +1.040652384e-05 -1.306099896e+02 -1.306099896e+02 +2.2124e-01 +2.4822e-01
884 0 +7.224720832e-06 -1.306099928e+02 -1.306099928e+02 +2.2124e-01 +2.4822e-01
896 0 +6.124293947e-06 -1.306099939e+02 -1.306099939e+02 +2.2124e-01 +2.4822e-01
916 0 +5.637226764e-06 -1.306099944e+02 -1.306099944e+02 +2.2124e-01 +2.4822e-01
929 0 +5.081672867e-06 -1.306099949e+02 -1.306099949e+02 +2.2124e-01 +2.4822e-01
931 0 +4.652680929e-06 -1.306099953e+02 -1.306099953e+02 +2.2124e-01 +2.4822e-01
937 0 +1.479735374e-06 -1.306099985e+02 -1.306099985e+02 +2.2124e-01 +2.4822e-01
1001 0 +1.161999080e-06 -1.306099988e+02 -1.306099988e+02 +2.2124e-01 +2.4822e-01
1019 0 +8.395795135e-07 -1.306099992e+02 -1.306099992e+02 +2.2124e-01 +2.4822e-01
1030 0 +7.948182486e-07 -1.306099992e+02 -1.306099992e+02 +2.2124e-01 +2.4822e-01
1043 0 +5.784529264e-07 -1.306099994e+02 -1.306099994e+02 +2.2124e-01 +2.4822e-01
1044 0 +3.410991383e-07 -1.306099997e+02 -1.306099997e+02 +2.2124e-01 +2.4822e-01
1046 0 +3.382674265e-07 -1.306099997e+02 -1.306099997e+02 +2.2124e-01 +2.4822e-01
1053 0 +2.826738807e-07 -1.306099997e+02 -1.306099997e+02 +2.2124e-01 +2.4822e-01
1085 0 +2.371726850e-07 -1.306099998e+02 -1.306099998e+02 +2.2124e-01 +2.4822e-01
1095 0 +2.042072254e-07 -1.306099998e+02 -1.306099998e+02 +2.2124e-01 +2.4822e-01
1102 0 +1.691173850e-07 -1.306099998e+02 -1.306099998e+02 +2.2124e-01 +2.4822e-01
1141 0 +1.142161921e-07 -1.306099999e+02 -1.306099999e+02 +2.2124e-01 +2.4822e-01
1153 0 +7.335418672e-08 -1.306099999e+02 -1.306099999e+02 +2.2124e-01 +2.4822e-01
1154 0 +4.386046726e-08 -1.306100000e+02 -1.306100000e+02 +2.2124e-01 +2.4822e-01
1163 0 +2.158847678e-08 -1.306100000e+02 -1.306100000e+02 +2.2124e-01 +2.4822e-01
1170 0 +9.204853768e-09 -1.306100000e+02 -1.306100000e+02 +2.2124e-01 +2.4822e-01
1541 0 +0.000000000e+00 -1.306100000e+02 -1.306100000e+02 +2.2124e-01 +2.4822e-01
% f evaluations | g evaluations | best noise-free fitness - Fopt (-2.231200000000e+02) + sum g_i+ | measured fitness | best measured fitness or single-digit g-values | x1 | x2...
1 0 +5.548126590e+01 -1.676387341e+02 -1.676387341e+02 +0.0000e+00 +0.0000e+00
2 0 +1.597640984e+01 -2.071435902e+02 -2.071435902e+02 +4.3379e-01 +3.0692e-02
4 0 +1.472887396e+01 -2.083911260e+02 -2.083911260e+02 +2.4727e-01 +1.7369e-01
7 0 +1.374723102e+01 -2.093727690e+02 -2.093727690e+02 +2.4817e-01 +6.3376e-02
8 0 +1.108613137e+01 -2.120338686e+02 -2.120338686e+02 +3.0974e-01 +8.9252e-02
10 0 +6.015404872e+00 -2.171045951e+02 -2.171045951e+02 +5.3630e-01 +1.4690e-01
44 0 +5.295263782e+00 -2.178247362e+02 -2.178247362e+02 +3.0318e-01 +8.3702e-02
94 0 +4.787523095e+00 -2.183324769e+02 -2.183324769e+02 +2.2575e-01 +2.1616e-01
221 0 +3.071706620e+00 -2.200482934e+02 -2.200482934e+02 +8.7740e-02 +2.0587e-01
225 0 +2.799203627e+00 -2.203207964e+02 -2.203207964e+02 +8.8996e-02 +2.0586e-01
280 0 +2.738865764e+00 -2.203811342e+02 -2.203811342e+02 +9.6523e-02 +2.1011e-01
281 0 +2.546859797e+00 -2.205731402e+02 -2.205731402e+02 +9.8375e-02 +2.1117e-01
323 0 +2.503380336e+00 -2.206166197e+02 -2.206166197e+02 +9.8389e-02 +2.1117e-01
% f evaluations | g evaluations | best noise-free fitness - Fopt (-4.443000000000e+01) + sum g_i+ | measured fitness | best measured fitness or single-digit g-values | x1 | x2...
1 0 +6.617331483e+01 +2.174331483e+01 +2.174331483e+01 +0.0000e+00 +0.0000e+00
2 0 +6.224392270e+01 +1.781392270e+01 +1.781392270e+01 +4.3379e-01 +3.0692e-02
3 0 +1.028246474e+01 -3.414753526e+01 -3.414753526e+01 +9.8026e-02 +3.4094e-01
4 0 +1.020990579e+01 -3.422009421e+01 -3.422009421e+01 +2.4727e-01 +1.7369e-01
11 0 +1.282722983e+00 -4.314727702e+01 -4.314727702e+01 -9.3288e-03 +2.4904e-01
1101 0 +1.144450930e+00 -4.328554907e+01 -4.328554907e+01 -2.3198e-01 +8.8404e-01
1103 0 +9.419798159e-01 -4.348802018e+01 -4.348802018e+01 -2.3412e-01 +8.8630e-01
1104 0 +3.961894866e-01 -4.403381051e+01 -4.403381051e+01 -2.4065e-01 +8.9321e-01
1126 0 +2.982804451e-01 -4.413171955e+01 -4.413171955e+01 -2.3996e-01 +8.9247e-01
1170 0 +2.628267224e-01 -4.416717328e+01 -4.416717328e+01 -2.3880e-01 +8.9126e-01
1193 0 +2.247433298e-01 -4.420525667e+01 -4.420525667e+01 -2.3899e-01 +8.9146e-01
1230 0 +2.011736227e-01 -4.422882638e+01 -4.422882638e+01 -2.3957e-01 +8.9207e-01
1241 0 +1.564868082e-01 -4.427351319e+01 -4.427351319e+01 -2.3938e-01 +8.9187e-01
1254 0 +1.509300140e-01 -4.427906999e+01 -4.427906999e+01 -2.3936e-01 +8.9185e-01
1608 0 +1.478983591e-01 -4.428210164e+01 -4.428210164e+01 -2.3934e-01 +8.9182e-01
% f evaluations | g evaluations | best noise-free fitness - Fopt (2.557800000000e+02) + sum g_i+ | measured fitness | best measured fitness or single-digit g-values | x1 | x2...
1 0 +1.842580886e+01 +2.742058089e+02 +2.742058089e+02 +0.0000e+00 +0.0000e+00
4 0 +1.509224758e+01 +2.708722476e+02 +2.708722476e+02 +2.4727e-01 +1.7369e-01
9 0 +6.703996632e+00 +2.624839966e+02 +2.624839966e+02 -8.2534e-02 +1.2433e-01
17 0 +5.926821028e+00 +2.617068210e+02 +2.617068210e+02 -1.4929e-01 +8.9574e-02
44 0 +4.871281904e+00 +2.606512819e+02 +2.606512819e+02 +9.2527e-02 +6.4923e-02
92 0 +3.149327007e+00 +2.589293270e+02 +2.589293270e+02 +8.7311e-02 +5.3316e-02
148 0 +2.223495975e+00 +2.580034960e+02 +2.580034960e+02 +7.9767e-02 +4.9341e-02
150 0 +1.855510893e+00 +2.576355109e+02 +2.576355109e+02 +8.3141e-02 +4.9246e-02
155 0 +1.284223941e+00 +2.570642239e+02 +2.570642239e+02 +7.9454e-02 +4.8000e-02
157 0 +6.812528797e-01 +2.564612529e+02 +2.564612529e+02 +7.7619e-02 +4.5386e-02
159 0 +6.503529632e-01 +2.564303530e+02 +2.564303530e+02 +7.6991e-02 +4.3442e-02
176 0 +3.303520625e-01 +2.561103521e+02 +2.561103521e+02 +7.7842e-02 +4.5176e-02
190 0 +2.995867060e-01 +2.560795867e+02 +2.560795867e+02 +7.7761e-02 +4.5098e-02
197 0 +2.064927941e-01 +2.559864928e+02 +2.559864928e+02 +7.7482e-02 +4.4539e-02
225 0 +1.691250583e-01 +2.559491251e+02 +2.559491251e+02 +7.6639e-02 +4.3851e-02
232 0 +4.864116957e-02 +2.558286412e+02 +2.558286412e+02 +7.7082e-02 +4.4143e-02
278 0 +2.607009930e-02 +2.558060701e+02 +2.558060701e+02 +7.6980e-02 +4.4075e-02
288 0 +1.241269476e-02 +2.557924127e+02 +2.557924127e+02 +7.6984e-02 +4.4071e-02
316 0 +1.093429280e-02 +2.557909343e+02 +2.557909343e+02 +7.7001e-02 +4.4076e-02
472 0 +1.066408737e-02 +2.557906641e+02 +2.557906641e+02 +7.6999e-02 +4.4079e-02
480 0 +1.129741074e-03 +2.557811297e+02 +2.557811297e+02 +7.6982e-02 +4.4061e-02
520 0 +7.736852796e-04 +2.557807737e+02 +2.557807737e+02 +7.6982e-02 +4.4061e-02
565 0 +5.237790259e-04 +2.557805238e+02 +2.557805238e+02 +7.6981e-02 +4.4059e-02
568 0 +3.712782409e-04 +2.557803713e+02 +2.557803713e+02 +7.6981e-02 +4.4059e-02
575 0 +2.449770601e-04 +2.557802450e+02 +2.557802450e+02 +7.6982e-02 +4.4060e-02
617 0 +1.525308990e-04 +2.557801525e+02 +2.557801525e+02 +7.6981e-02 +4.4060e-02
645 0 +7.258635554e-05 +2.557800726e+02 +2.557800726e+02 +7.6981e-02 +4.4060e-02
652 0 +4.139995792e-05 +2.557800414e+02 +2.557800414e+02 +7.6981e-02 +4.4060e-02
659 0 +2.062732062e-05 +2.557800206e+02 +2.557800206e+02 +7.6981e-02 +4.4060e-02
742 0 +8.718155925e-06 +2.557800087e+02 +2.557800087e+02 +7.6981e-02 +4.4060e-02
757 0 +7.450559281e-06 +2.557800075e+02 +2.557800075e+02 +7.6981e-02 +4.4060e-02
764 0 +4.249241783e-06 +2.557800042e+02 +2.557800042e+02 +7.6981e-02 +4.4060e-02
785 0 +3.129258744e-06 +2.557800031e+02 +2.557800031e+02 +7.6981e-02 +4.4060e-02
786 0 +2.335338024e-06 +2.557800023e+02 +2.557800023e+02 +7.6981e-02 +4.4060e-02
799 0 +1.653123803e-06 +2.557800017e+02 +2.557800017e+02 +7.6981e-02 +4.4060e-02
819 0 +1.251489408e-06 +2.557800013e+02 +2.557800013e+02 +7.6981e-02 +4.4060e-02
837 0 +1.023467831e-06 +2.557800010e+02 +2.557800010e+02 +7.6981e-02 +4.4060e-02
847 0 +5.302960062e-07 +2.557800005e+02 +2.557800005e+02 +7.6981e-02 +4.4060e-02
855 0 +4.249103540e-07 +2.557800004e+02 +2.557800004e+02 +7.6981e-02 +4.4060e-02
876 0 +3.361600136e-07 +2.557800003e+02 +2.557800003e+02 +7.6981e-02 +4.4060e-02
890 0 +3.047434518e-07 +2.557800003e+02 +2.557800003e+02 +7.6981e-02 +4.4060e-02
897 0 +2.792396288e-07 +2.557800003e+02 +2.557800003e+02 +7.6981e-02 +4.4060e-02
902 0 +1.496817390e-07 +2.557800001e+02 +2.557800001e+02 +7.6981e-02 +4.4060e-02
918 0 +4.375507956e-08 +2.557800000e+02 +2.557800000e+02 +7.6981e-02 +4.4060e-02
1001 0 +3.889371669e-08 +2.557800000e+02 +2.557800000e+02 +7.6981e-02 +4.4060e-02
1007 0 +3.493522627e-08 +2.557800000e+02 +2.557800000e+02 +7.6981e-02 +4.4060e-02
1016 0 +1.970929020e-08 +2.557800000e+02 +2.557800000e+02 +7.6981e-02 +4.4060e-02
1022 0 +1.263600780e-08 +2.557800000e+02 +2.557800000e+02 +7.6981e-02 +4.4060e-02
1023 0 +1.665796390e-09 +2.557800000e+02 +2.557800000e+02 +7.6981e-02 +4.4060e-02
1506 0 +0.000000000e+00 +2.557800000e+02 +2.557800000e+02 +7.6981e-02 +4.4060e-02
% f evaluations | g evaluations | best noise-free fitness - Fopt (1.000000000000e+03) + sum g_i+ | measured fitness | best measured fitness or single-digit g-values | x1 | x2...
1 0 +6.853549808e+01 +1.068535498e+03 +1.068535498e+03 +0.0000e+00 +0.0000e+00
2 0 +4.369320705e+01 +1.043693207e+03 +1.043693207e+03 +4.3379e-01 +3.0692e-02
5 0 +7.839629271e+00 +1.007839629e+03 +1.007839629e+03 -1.1375e-01 -3.0566e-01
13 0 +7.356449542e+00 +1.007356450e+03 +1.007356450e+03 +2.4887e-01 -3.4536e-01
20 0 +3.577874788e+00 +1.003577875e+03 +1.003577875e+03 +2.0355e-01 -2.4629e-01
111 0 +3.135937315e+00 +1.003135937e+03 +1.003135937e+03 +1.3868e-01 -2.0517e-01
126 0 +2.006692155e+00 +1.002006692e+03 +1.002006692e+03 +6.9875e-01 -1.5539e-01
344 0 +1.959538074e+00 +1.001959538e+03 +1.001959538e+03 +4.1522e-01 -1.0105e-01
378 0 +1.775681460e+00 +1.001775681e+03 +1.001775681e+03 +4.1619e-01 -1.0108e-01
400 0 +1.650257663e+00 +1.001650258e+03 +1.001650258e+03 +4.1823e-01 -1.0063e-01
442 0 +1.609805383e+00 +1.001609805e+03 +1.001609805e+03 +4.1741e-01 -1.0079e-01
857 0 +1.584240004e+00 +1.001584240e+03 +1.001584240e+03 +4.1688e-01 -1.0089e-01
877 0 +1.532399118e+00 +1.001532399e+03 +1.001532399e+03 +4.1579e-01 -1.0109e-01
886 0 +1.457383555e+00 +1.001457384e+03 +1.001457384e+03 +4.1476e-01 -1.0127e-01
891 0 +1.424360855e+00 +1.001424361e+03 +1.001424361e+03 +4.1372e-01 -1.0147e-01
901 0 +1.243346871e+00 +1.001243347e+03 +1.001243347e+03 +4.1040e-01 -1.0207e-01
906 0 +1.138627666e+00 +1.001138628e+03 +1.001138628e+03 +4.0892e-01 -1.0234e-01
913 0 +9.085373789e-01 +1.000908537e+03 +1.000908537e+03 +4.0492e-01 -1.0308e-01
917 0 +5.509617493e-01 +1.000550962e+03 +1.000550962e+03 +3.9946e-01 -1.0407e-01
919 0 +4.155071512e-02 +1.000041551e+03 +1.000041551e+03 +3.9280e-01 -1.0529e-01
929 0 +3.777772049e-02 +1.000037778e+03 +1.000037778e+03 +3.9275e-01 -1.0530e-01
997 0 +3.413498804e-02 +1.000034135e+03 +1.000034135e+03 +3.9271e-01 -1.0531e-01
1065 0 +2.613919193e-02 +1.000026139e+03 +1.000026139e+03 +3.9252e-01 -1.0534e-01
1078 0 +1.714172387e-02 +1.000017142e+03 +1.000017142e+03 +3.9259e-01 -1.0533e-01
1138 0 +1.631738497e-02 +1.000016317e+03 +1.000016317e+03 +3.9259e-01 -1.0533e-01
1205 0 +1.620280014e-02 +1.000016203e+03 +1.000016203e+03 +3.9259e-01 -1.0533e-01
1936 0 +1.552633751e-02 +1.000015526e+03 +1.000015526e+03 +3.9259e-01 -1.0533e-01
1941 0 +1.543256247e-02 +1.000015433e+03 +1.000015433e+03 +3.9259e-01 -1.0533e-01
1965 0 +1.503387633e-02 +1.000015034e+03 +1.000015034e+03 +3.9259e-01 -1.0533e-01
1973 0 +1.444729686e-02 +1.000014447e+03 +1.000014447e+03 +3.9259e-01 -1.0533e-01
1983 0 +1.287548964e-02 +1.000012875e+03 +1.000012875e+03 +3.9259e-01 -1.0533e-01
1991 0 +1.233312904e-02 +1.000012333e+03 +1.000012333e+03 +3.9259e-01 -1.0533e-01
2000 0 +1.184794097e-02 +1.000011848e+03 +1.000011848e+03 +3.9259e-01 -1.0533e-01
2004 0 +8.047621045e-03 +1.000008048e+03 +1.000008048e+03 +3.9260e-01 -1.0533e-01
2009 0 +7.666409398e-03 +1.000007666e+03 +1.000007666e+03 +3.9260e-01 -1.0533e-01
2012 0 +2.933530874e-03 +1.000002934e+03 +1.000002934e+03 +3.9260e-01 -1.0533e-01
2020 0 +2.396006995e-03 +1.000002396e+03 +1.000002396e+03 +3.9260e-01 -1.0533e-01
2038 0 +1.568166907e-03 +1.000001568e+03 +1.000001568e+03 +3.9260e-01 -1.0533e-01
2066 0 +1.065047629e-03 +1.000001065e+03 +1.000001065e+03 +3.9260e-01 -1.0533e-01
2093 0 +6.889261937e-04 +1.000000689e+03 +1.000000689e+03 +3.9260e-01 -1.0533e-01
2110 0 +6.634943566e-04 +1.000000663e+03 +1.000000663e+03 +3.9260e-01 -1.0533e-01
2162 0 +6.067834079e-04 +1.000000607e+03 +1.000000607e+03 +3.9260e-01 -1.0533e-01
2176 0 +5.998159658e-04 +1.000000600e+03 +1.000000600e+03 +3.9260e-01 -1.0533e-01
2183 0 +5.881432710e-04 +1.000000588e+03 +1.000000588e+03 +3.9260e-01 -1.0533e-01
% f evaluations | g evaluations | best noise-free fitness - Fopt (-1.869500000000e+02) + sum g_i+ | measured fitness | best measured fitness or single-digit g-values | x1 | x2...
1 0 +3.273904916e+01 -1.542109508e+02 -1.542109508e+02 +0.0000e+00 +0.0000e+00
2 0 +1.088656617e+01 -1.760634338e+02 -1.760634338e+02 +4.3379e-01 +3.0692e-02
3 0 +7.801916975e+00 -1.791480830e+02 -1.791480830e+02 +9.8026e-02 +3.4094e-01
14 0 +7.196319106e+00 -1.797536809e+02 -1.797536809e+02 +1.2400e-01 +3.4047e-01
30 0 +6.878734793e+00 -1.800712652e+02 -1.800712652e+02 +4.3255e-01 +3.6330e-01
95 0 +5.311601235e+00 -1.816383988e+02 -1.816383988e+02 +7.3074e-01 +4.4208e-01
211 0 +4.966831775e+00 -1.819831682e+02 -1.819831682e+02 +2.8613e-01 +8.7752e-01
233 0 +4.840534240e+00 -1.821094658e+02 -1.821094658e+02 +3.1749e-01 +8.4807e-01
259 0 +4.462827646e+00 -1.824871724e+02 -1.824871724e+02 +3.6561e-01 +8.2253e-01
264 0 +4.324660719e+00 -1.826253393e+02 -1.826253393e+02 +3.7177e-01 +8.0686e-01
265 0 +1.958089621e+00 -1.849919104e+02 -1.849919104e+02 +3.6988e-01 +8.0143e-01
299 0 +1.872951379e+00 -1.850770486e+02 -1.850770486e+02 +3.6875e-01 +7.9979e-01
309 0 +1.821669548e+00 -1.851283305e+02 -1.851283305e+02 +3.6845e-01 +7.9996e-01
311 0 +1.755678343e+00 -1.851943217e+02 -1.851943217e+02 +3.6995e-01 +8.0013e-01
312 0 +1.415563153e+00 -1.855344368e+02 -1.855344368e+02 +3.7314e-01 +7.9205e-01
313 0 +7.806837056e-01 -1.861693163e+02 -1.861693163e+02 +3.7185e-01 +7.9903e-01
316 0 +7.420417333e-01 -1.862079583e+02 -1.862079583e+02 +3.7165e-01 +7.9707e-01
342 0 +6.348962801e-01 -1.863151037e+02 -1.863151037e+02 +3.7254e-01 +7.9752e-01
477 0 +5.760210656e-01 -1.863739789e+02 -1.863739789e+02 +3.7214e-01 +7.9832e-01
480 0 +3.332372848e-01 -1.866167627e+02 -1.866167627e+02 +3.7258e-01 +7.9683e-01
497 0 +1.894033590e-01 -1.867605966e+02 -1.867605966e+02 +3.7288e-01 +7.9584e-01
498 0 +1.524923707e-01 -1.867975076e+02 -1.867975076e+02 +3.7283e-01 +7.9590e-01
499 0 +1.303876428e-01 -1.868196124e+02 -1.868196124e+02 +3.7292e-01 +7.9566e-01
537 0 +5.538453336e-02 -1.868946155e+02 -1.868946155e+02 +3.7288e-01 +7.9546e-01
566 0 +4.921770250e-02 -1.869007823e+02 -1.869007823e+02 +3.7287e-01 +7.9553e-01
572 0 +3.570762790e-02 -1.869142924e+02 -1.869142924e+02 +3.7291e-01 +7.9541e-01
573 0 +3.528185597e-02 -1.869147181e+02 -1.869147181e+02 +3.7291e-01 +7.9552e-01
585 0 +2.783473017e-02 -1.869221653e+02 -1.869221653e+02 +3.7295e-01 +7.9540e-01
594 0 +1.916211097e-02 -1.869308379e+02 -1.869308379e+02 +3.7292e-01 +7.9542e-01
596 0 +1.549152368e-02 -1.869345085e+02 -1.869345085e+02 +3.7292e-01 +7.9546e-01
603 0 +1.056075676e-02 -1.869394392e+02 -1.869394392e+02 +3.7293e-01 +7.9543e-01
610 0 +9.239080560e-03 -1.869407609e+02 -1.869407609e+02 +3.7293e-01 +7.9542e-01
615 0 +8.214409946e-03 -1.869417856e+02 -1.869417856e+02 +3.7293e-01 +7.9543e-01
620 0 +7.916380010e-03 -1.869420836e+02 -1.869420836e+02 +3.7292e-01 +7.9546e-01
629 0 +7.116130646e-03 -1.869428839e+02 -1.869428839e+02 +3.7292e-01 +7.9543e-01
631 0 +6.241374753e-03 -1.869437586e+02 -1.869437586e+02 +3.7292e-01 +7.9545e-01
638 0 +6.089807397e-03 -1.869439102e+02 -1.869439102e+02 +3.7292e-01 +7.9543e-01
645 0 +5.981537612e-03 -1.869440185e+02 -1.869440185e+02 +3.7293e-01 +7.9542e-01
650 0 +3.521223917e-03 -1.869464788e+02 -1.869464788e+02 +3.7292e-01 +7.9543e-01
656 0 +3.199800834e-03 -1.869468002e+02 -1.869468002e+02 +3.7292e-01 +7.9544e-01
688 0 +3.097916831e-03 -1.869469021e+02 -1.869469021e+02 +3.7292e-01 +7.9544e-01
720 0 +2.281691144e-03 -1.869477183e+02 -1.869477183e+02 +3.7292e-01 +7.9544e-01
725 0 +1.568919737e-03 -1.869484311e+02 -1.869484311e+02 +3.7292e-01 +7.9544e-01
731 0 +1.380899578e-03 -1.869486191e+02 -1.869486191e+02 +3.7292e-01 +7.9543e-01
736 0 +1.369794209e-03 -1.869486302e+02 -1.869486302e+02 +3.7292e-01 +7.9544e-01
747 0 +7.785711439e-04 -1.869492214e+02 -1.869492214e+02 +3.7292e-01 +7.9544e-01
752 0 +1.480288041e-04 -1.869498520e+02 -1.869498520e+02 +3.7292e-01 +7.9544e-01
821 0 +4.304638131e-05 -1.869499570e+02 -1.869499570e+02 +3.7292e-01 +7.9544e-01
931 0 +3.939102453e-05 -1.869499606e+02 -1.869499606e+02 +3.7292e-01 +7.9544e-01
937 0 +2.593308290e-05 -1.869499741e+02 -1.869499741e+02 +3.7292e-01 +7.9544e-01
958 0 +2.563768805e-05 -1.869499744e+02 -1.869499744e+02 +3.7292e-01 +7.9544e-01
960 0 +2.143158565e-05 -1.869499786e+02 -1.869499786e+02 +3.7292e-01 +7.9544e-01
1000 0 +1.885514143e-05 -1.869499811e+02 -1.869499811e+02 +3.7292e-01 +7.9544e-01
1001 0 +1.480227763e-05 -1.869499852e+02 -1.869499852e+02 +3.7292e-01 +7.9544e-01
1013 0 +1.463535207e-05 -1.869499854e+02 -1.869499854e+02 +3.7292e-01 +7.9544e-01
1019 0 +5.323794483e-06 -1.869499947e+02 -1.869499947e+02 +3.7292e-01 +7.9544e-01
1054 0 +2.687725100e-06 -1.869499973e+02 -1.869499973e+02 +3.7292e-01 +7.9544e-01
1086 0 +1.558268565e-06 -1.869499984e+02 -1.869499984e+02 +3.7292e-01 +7.9544e-01
1100 0 +7.435324676e-07 -1.869499993e+02 -1.869499993e+02 +3.7292e-01 +7.9544e-01
1127 0 +6.623751290e-07 -1.869499993e+02 -1.869499993e+02 +3.7292e-01 +7.9544e-01
1135 0 +2.704673250e-07 -1.869499997e+02 -1.869499997e+02 +3.7292e-01 +7.9544e-01
1161 0 +2.580987655e-07 -1.869499997e+02 -1.869499997e+02 +3.7292e-01 +7.9544e-01
1181 0 +1.412261668e-07 -1.869499999e+02 -1.869499999e+02 +3.7292e-01 +7.9544e-01
1187 0 +1.378735419e-07 -1.869499999e+02 -1.869499999e+02 +3.7292e-01 +7.9544e-01
1191 0 +1.886681389e-08 -1.869500000e+02 -1.869500000e+02 +3.7292e-01 +7.9544e-01
1254 0 +1.385521387e-08 -1.869500000e+02 -1.869500000e+02 +3.7292e-01 +7.9544e-01
1262 0 +1.315373765e-08 -1.869500000e+02 -1.869500000e+02 +3.7292e-01 +7.9544e-01
1293 0 +7.490825737e-10 -1.869500000e+02 -1.869500000e+02 +3.7292e-01 +7.9544e-01
1636 0 +0.000000000e+00 -1.869500000e+02 -1.869500000e+02 +3.7292e-01 +7.9544e-01
% f evaluations | g evaluations | best noise-free fitness - Fopt (5.859500000000e+02) + sum g_i+ | measured fitness | best measured fitness or single-digit g-values | x1 | x2...
1 0 +3.787535601e+01 +6.238253560e+02 +6.238253560e+02 +0.0000e+00 +0.0000e+00
2 0 +2.010078256e+01 +6.060507826e+02 +6.060507826e+02 +4.3379e-01 +3.0692e-02
6 0 +1.956786687e+01 +6.055178669e+02 +6.055178669e+02 +1.1285e-01 -1.5359e-01
8 0 +2.447122112e+00 +5.883971221e+02 +5.883971221e+02 +1.4430e-01 -1.4285e-01
185 0 +1.571181736e+00 +5.875211817e+02 +5.875211817e+02 -6.4113e-02 +3.2709e-02
% f evaluations | g evaluations | best noise-free fitness - Fopt (2.871600000000e+02) + sum g_i+ | measured fitness | best measured fitness or single-digit g-values | x1 | x2...
1 0 +3.503851386e+01 +3.221985139e+02 +3.221985139e+02 +0.0000e+00 +0.0000e+00
4 0 +3.198976576e+01 +3.191497658e+02 +3.191497658e+02 +2.4727e-01 +1.7369e-01
5 0 +1.047417265e+01 +2.976341727e+02 +2.976341727e+02 -1.1375e-01 -3.0566e-01
27 0 +5.478204974e+00 +2.926382050e+02 +2.926382050e+02 +5.3630e-01 +7.6301e-02
36 0 +4.767746953e+00 +2.919277470e+02 +2.919277470e+02 +3.4546e-01 +7.7116e-03
168 0 +6.106050615e-01 +2.877706051e+02 +2.877706051e+02 +6.7702e-01 -7.7366e-02
% f evaluations | g evaluations | best noise-free fitness - Fopt (-3.943800000000e+02) + sum g_i+ | measured fitness | best measured fitness or single-digit g-values | x1 | x2...
1 0 +1.924764757e+01 -3.751323524e+02 -3.751323524e+02 +0.0000e+00 +0.0000e+00
4 0 +8.808373614e+00 -3.855716264e+02 -3.855716264e+02 +2.4727e-01 +1.7369e-01
29 0 +7.725699327e+00 -3.866543007e+02 -3.866543007e+02 +1.8618e-01 +1.0630e-01
36 0 +7.318780677e+00 -3.870612193e+02 -3.870612193e+02 +1.3318e-01 +8.1090e-02
62 0 +4.446547728e+00 -3.899334523e+02 -3.899334523e+02 +7.6047e-02 +5.2682e-02
73 0 +3.428702497e+00 -3.909512975e+02 -3.909512975e+02 +1.7485e-01 +1.1366e-01
110 0 +3.263063038e+00 -3.911169370e+02 -3.911169370e+02 +1.6063e-01 +1.1271e-01
149 0 +3.051591875e+00 -3.913284081e+02 -3.913284081e+02 +1.7435e-01 +1.1431e-01
153 0 +1.783768030e+00 -3.925962320e+02 -3.925962320e+02 +1.7120e-01 +1.0811e-01
161 0 +9.954827528e-01 -3.933845172e+02 -3.933845172e+02 +1.6631e-01 +1.1339e-01
169 0 +4.540454395e-01 -3.939259546e+02 -3.939259546e+02 +1.6942e-01 +1.1059e-01
179 0 +3.612614103e-01 -3.940187386e+02 -3.940187386e+02 +1.6672e-01 +1.1231e-01
220 0 +3.073040768e-01 -3.940726959e+02 -3.940726959e+02 +1.6725e-01 +1.1219e-01
225 0 +2.971432693e-01 -3.940828567e+02 -3.940828567e+02 +1.6707e-01 +1.1203e-01
266 0 +2.081834954e-01 -3.941718165e+02 -3.941718165e+02 +1.6814e-01 +1.1163e-01
278 0 +1.429807775e-01 -3.942370192e+02 -3.942370192e+02 +1.6784e-01 +1.1149e-01
281 0 +8.634255001e-02 -3.942936574e+02 -3.942936574e+02 +1.6805e-01 +1.1150e-01
288 0 +5.631522710e-02 -3.943236848e+02 -3.943236848e+02 +1.6796e-01 +1.1155e-01
523 0 +5.354885261e-02 -3.943264511e+02 -3.943264511e+02 +1.6770e-01 +1.1171e-01
527 0 +4.440235731e-02 -3.943355976e+02 -3.943355976e+02 +1.6774e-01 +1.1168e-01
549 0 +3.005162685e-02 -3.943499484e+02 -3.943499484e+02 +1.6779e-01 +1.1164e-01
562 0 +1.896808200e-02 -3.943610319e+02 -3.943610319e+02 +1.6784e-01 +1.1161e-01
570 0 +1.598607481e-02 -3.943640139e+02 -3.943640139e+02 +1.6783e-01 +1.1161e-01
589 0 +1.242670717e-02 -3.943675733e+02 -3.943675733e+02 +1.6783e-01 +1.1161e-01
592 0 +1.175533707e-02 -3.943682447e+02 -3.943682447e+02 +1.6784e-01 +1.1161e-01
642 0 +1.171991142e-02 -3.943682801e+02 -3.943682801e+02 +1.6783e-01 +1.1161e-01
815 0 +1.146418184e-02 -3.943685358e+02 -3.943685358e+02 +1.6783e-01 +1.1161e-01
822 0 +1.118385600e-02 -3.943688161e+02 -3.943688161e+02 +1.6783e-01 +1.1161e-01
847 0 +1.063479771e-02 -3.943693652e+02 -3.943693652e+02 +1.6783e-01 +1.1161e-01
860 0 +1.045303936e-02 -3.943695470e+02 -3.943695470e+02 +1.6783e-01 +1.1161e-01
861 0 +1.007555762e-02 -3.943699244e+02 -3.943699244e+02 +1.6784e-01 +1.1161e-01
864 0 +9.769215996e-03 -3.943702308e+02 -3.943702308e+02 +1.6784e-01 +1.1161e-01
866 0 +9.351243469e-03 -3.943706488e+02 -3.943706488e+02 +1.6784e-01 +1.1161e-01
871 0 +9.264922124e-03 -3.943707351e+02 -3.943707351e+02 +1.6784e-01 +1.1161e-01
872 0 +8.043016388e-03 -3.943719570e+02 -3.943719570e+02 +1.6784e-01 +1.1161e-01
878 0 +7.500642791e-03 -3.943724994e+02 -3.943724994e+02 +1.6784e-01 +1.1161e-01
879 0 +5.088539764e-03 -3.943749115e+02 -3.943749115e+02 +1.6785e-01 +1.1161e-01
885 0 +3.337045084e-03 -3.943766630e+02 -3.943766630e+02 +1.6785e-01 +1.1161e-01
1103 0 +3.295531147e-03 -3.943767045e+02 -3.943767045e+02 +1.6785e-01 +1.1161e-01
1131 0 +3.203825666e-03 -3.943767962e+02 -3.943767962e+02 +1.6785e-01 +1.1161e-01
1326 0 +3.156996253e-03 -3.943768430e+02 -3.943768430e+02 +1.6785e-01 +1.1161e-01
1340 0 +3.049591497e-03 -3.943769504e+02 -3.943769504e+02 +1.6785e-01 +1.1161e-01
1347 0 +2.985491801e-03 -3.943770145e+02 -3.943770145e+02 +1.6785e-01 +1.1161e-01
1350 0 +2.879030589e-03 -3.943771210e+02 -3.943771210e+02 +1.6785e-01 +1.1161e-01
1354 0 +2.667695048e-03 -3.943773323e+02 -3.943773323e+02 +1.6785e-01 +1.1161e-01
1358 0 +2.590653137e-03 -3.943774093e+02 -3.943774093e+02 +1.6785e-01 +1.1161e-01
1361 0 +1.768829466e-03 -3.943782312e+02 -3.943782312e+02 +1.6784e-01 +1.1162e-01
1379 0 +1.241236175e-03 -3.943787588e+02 -3.943787588e+02 +1.6784e-01 +1.1162e-01
1413 0 +7.434192433e-04 -3.943792566e+02 -3.943792566e+02 +1.6784e-01 +1.1162e-01
1417 0 +6.411934171e-04 -3.943793588e+02 -3.943793588e+02 +1.6784e-01 +1.1162e-01
1425 0 +6.280858588e-04 -3.943793719e+02 -3.943793719e+02 +1.6784e-01 +1.1162e-01
1429 0 +3.130987503e-04 -3.943796869e+02 -3.943796869e+02 +1.6784e-01 +1.1162e-01
1461 0 +2.844459211e-04 -3.943797156e+02 -3.943797156e+02 +1.6784e-01 +1.1162e-01
1478 0 +2.642985442e-04 -3.943797357e+02 -3.943797357e+02 +1.6784e-01 +1.1162e-01
1485 0 +2.571046259e-04 -3.943797429e+02 -3.943797429e+02 +1.6784e-01 +1.1162e-01
1506 0 +2.458640792e-04 -3.943797541e+02 -3.943797541e+02 +1.6784e-01 +1.1162e-01
1519 0 +2.447617123e-04 -3.943797552e+02 -3.943797552e+02 +1.6784e-01 +1.1162e-01
1576 0 +2.397563877e-04 -3.943797602e+02 -3.943797602e+02 +1.6784e-01 +1.1162e-01
2067 0 +2.336845069e-04 -3.943797663e+02 -3.943797663e+02 +1.6784e-01 +1.1162e-01
2081 0 +2.224445950e-04 -3.943797776e+02 -3.943797776e+02 +1.6784e-01 +1.1162e-01
2088 0 +2.174130115e-04 -3.943797826e+02 -3.943797826e+02 +1.6784e-01 +1.1162e-01
2089 0 +1.944449373e-04 -3.943798056e+02 -3.943798056e+02 +1.6784e-01 +1.1162e-01
2104 0 +1.710301932e-04 -3.943798290e+02 -3.943798290e+02 +1.6784e-01 +1.1162e-01
2111 0 +1.529732990e-04 -3.943798470e+02 -3.943798470e+02 +1.6784e-01 +1.1162e-01
2113 0 +1.489351418e-04 -3.943798511e+02 -3.943798511e+02 +1.6784e-01 +1.1162e-01
2114 0 +1.142451245e-04 -3.943798858e+02 -3.943798858e+02 +1.6784e-01 +1.1162e-01
2116 0 +8.180523923e-05 -3.943799182e+02 -3.943799182e+02 +1.6784e-01 +1.1162e-01
2122 0 +7.996523482e-05 -3.943799200e+02 -3.943799200e+02 +1.6784e-01 +1.1162e-01
2124 0 +4.083280675e-05 -3.943799592e+02 -3.943799592e+02 +1.6784e-01 +1.1162e-01
2136 0 +3.446176612e-05 -3.943799655e+02 -3.943799655e+02 +1.6784e-01 +1.1162e-01
2139 0 +2.850078459e-05 -3.943799715e+02 -3.943799715e+02 +1.6784e-01 +1.1162e-01
2150 0 +2.234990228e-05 -3.943799777e+02 -3.943799777e+02 +1.6784e-01 +1.1162e-01
2188 0 +2.126767498e-05 -3.943799787e+02 -3.943799787e+02 +1.6784e-01 +1.1162e-01
2231 0 +2.062767413e-05 -3.943799794e+02 -3.943799794e+02 +1.6784e-01 +1.1162e-01
2269 0 +2.040192726e-05 -3.943799796e+02 -3.943799796e+02 +1.6784e-01 +1.1162e-01
% f evaluations | g evaluations | best noise-free fitness - Fopt (5.443000000000e+01) + sum g_i+ | measured fitness | best measured fitness or single-digit g-values | x1 | x2...
1 0 +2.789789578e+01 +8.232789578e+01 +8.232789578e+01 +0.0000e+00 +0.0000e+00
2 0 +6.996286723e+00 +6.142628672e+01 +6.142628672e+01 +4.3379e-01 +3.0692e-02
72 0 +4.348637148e+00 +5.877863715e+01 +5.877863715e+01 +4.0061e-01 +2.5949e-01
% f evaluations | g evaluations | best noise-free fitness - Fopt (1.396900000000e+02) + sum g_i+ | measured fitness | best measured fitness or single-digit g-values | x1 | x2...
1 0 +3.961222211e+01 +1.793022221e+02 +1.793022221e+02 +0.0000e+00 +0.0000e+00
2 0 +3.348298510e+01 +1.731729851e+02 +1.731729851e+02 +4.3379e-01 +3.0692e-02
4 0 +2.334344959e+01 +1.630334496e+02 +1.630334496e+02 +2.4727e-01 +1.7369e-01
5 0 +2.160324238e+01 +1.612932424e+02 +1.612932424e+02 -1.1375e-01 -3.0566e-01
26 0 +6.782476494e+00 +1.464724765e+02 +1.464724765e+02 +1.9368e-01 +6.3965e-02
48 0 +3.486251835e+00 +1.431762518e+02 +1.431762518e+02 +4.3459e-01 -1.2460e-01
62 0 +2.122058819e+00 +1.418120588e+02 +1.418120588e+02 +1.3435e-01 -6.1721e-02
235 0 +1.814608928e+00 +1.415046089e+02 +1.415046089e+02 -1.6911e-01 +1.7261e-01
270 0 +1.697541180e+00 +1.413875412e+02 +1.413875412e+02 -1.6930e-01 +1.7241e-01
274 0 +1.613066361e+00 +1.413030664e+02 +1.413030664e+02 -1.6948e-01 +1.7271e-01
296 0 +1.471083634e+00 +1.411610836e+02 +1.411610836e+02 -1.6854e-01 +1.7199e-01
304 0 +1.434347348e+00 +1.411243473e+02 +1.411243473e+02 -1.6796e-01 +1.7144e-01
312 0 +1.315801403e+00 +1.410058014e+02 +1.410058014e+02 -1.6731e-01 +1.7064e-01
527 0 +1.261386335e+00 +1.409513863e+02 +1.409513863e+02 -1.6737e-01 +1.7105e-01
549 0 +1.207345753e+00 +1.408973458e+02 +1.408973458e+02 -1.6707e-01 +1.7083e-01
562 0 +1.130522287e+00 +1.408205223e+02 +1.408205223e+02 -1.6677e-01 +1.7059e-01
564 0 +1.088630039e+00 +1.407786300e+02 +1.407786300e+02 -1.6661e-01 +1.7047e-01
576 0 +9.246152542e-01 +1.406146153e+02 +1.406146153e+02 -1.6567e-01 +1.6973e-01
584 0 +7.273268739e-01 +1.404173269e+02 +1.404173269e+02 -1.6466e-01 +1.6894e-01
587 0 +4.250722688e-01 +1.401150723e+02 +1.401150723e+02 -1.6328e-01 +1.6788e-01
591 0 +1.047014598e-01 +1.397947015e+02 +1.397947015e+02 -1.6208e-01 +1.6691e-01
620 0 +9.050565404e-02 +1.397805057e+02 +1.397805057e+02 -1.6203e-01 +1.6689e-01
629 0 +6.506125659e-02 +1.397550613e+02 +1.397550613e+02 -1.6170e-01 +1.6663e-01
637 0 +5.523573580e-02 +1.397452357e+02 +1.397452357e+02 -1.6169e-01 +1.6663e-01
646 0 +3.154855820e-02 +1.397215486e+02 +1.397215486e+02 -1.6177e-01 +1.6669e-01
660 0 +1.493490919e-02 +1.397049349e+02 +1.397049349e+02 -1.6183e-01 +1.6673e-01
1101 0 +1.197607448e-02 +1.397019761e+02 +1.397019761e+02 -1.6182e-01 +1.6673e-01
1104 0 +1.096658312e-02 +1.397009666e+02 +1.397009666e+02 -1.6182e-01 +1.6673e-01
1109 0 +5.773382971e-03 +1.396957734e+02 +1.396957734e+02 -1.6179e-01 +1.6672e-01
1110 0 +4.450935154e-03 +1.396944509e+02 +1.396944509e+02 -1.6179e-01 +1.6672e-01
1114 0 +3.625609226e-03 +1.396936256e+02 +1.396936256e+02 -1.6179e-01 +1.6672e-01
1131 0 +3.429591466e-03 +1.396934296e+02 +1.396934296e+02 -1.6179e-01 +1.6672e-01
1135 0 +3.333575424e-03 +1.396933336e+02 +1.396933336e+02 -1.6179e-01 +1.6672e-01
1172 0 +3.208225358e-03 +1.396932082e+02 +1.396932082e+02 -1.6179e-01 +1.6672e-01
1225 0 +3.040169860e-03 +1.396930402e+02 +1.396930402e+02 -1.6179e-01 +1.6672e-01
1268 0 +2.978634238e-03 +1.396929786e+02 +1.396929786e+02 -1.6179e-01 +1.6672e-01
1269 0 +2.926799857e-03 +1.396929268e+02 +1.396929268e+02 -1.6179e-01 +1.6672e-01
1284 0 +2.838876129e-03 +1.396928389e+02 +1.396928389e+02 -1.6179e-01 +1.6672e-01
1438 0 +2.750032629e-03 +1.396927500e+02 +1.396927500e+02 -1.6179e-01 +1.6672e-01
1454 0 +2.676128048e-03 +1.396926761e+02 +1.396926761e+02 -1.6179e-01 +1.6672e-01
1459 0 +2.590115175e-03 +1.396925901e+02 +1.396925901e+02 -1.6179e-01 +1.6672e-01
1464 0 +2.543133126e-03 +1.396925431e+02 +1.396925431e+02 -1.6179e-01 +1.6672e-01
1467 0 +2.378929799e-03 +1.396923789e+02 +1.396923789e+02 -1.6179e-01 +1.6672e-01
1468 0 +2.298659344e-03 +1.396922987e+02 +1.396922987e+02 -1.6179e-01 +1.6672e-01
1469 0 +2.203179693e-03 +1.396922032e+02 +1.396922032e+02 -1.6179e-01 +1.6672e-01
1472 0 +2.103149181e-03 +1.396921031e+02 +1.396921031e+02 -1.6179e-01 +1.6672e-01
1476 0 +1.012042318e-03 +1.396910120e+02 +1.396910120e+02 -1.6179e-01 +1.6672e-01
1479 0 +5.536866136e-04 +1.396905537e+02 +1.396905537e+02 -1.6179e-01 +1.6671e-01
1499 0 +1.687147108e-04 +1.396901687e+02 +1.396901687e+02 -1.6179e-01 +1.6671e-01
1542 0 +1.525327029e-04 +1.396901525e+02 +1.396901525e+02 -1.6179e-01 +1.6671e-01
1566 0 +1.154230681e-04 +1.396901154e+02 +1.396901154e+02 -1.6179e-01 +1.6671e-01
1590 0 +6.895276979e-05 +1.396900690e+02 +1.396900690e+02 -1.6179e-01 +1.6671e-01
1597 0 +4.238430725e-05 +1.396900424e+02 +1.396900424e+02 -1.6179e-01 +1.6671e-01
1604 0 +9.986896089e-06 +1.396900100e+02 +1.396900100e+02 -1.6179e-01 +1.6671e-01
1696 0 +3.209514233e-06 +1.396900032e+02 +1.396900032e+02 -1.6179e-01 +1.6671e-01
1712 0 +2.595253790e-06 +1.396900026e+02 +1.396900026e+02 -1.6179e-01 +1.6671e-01
1717 0 +1.702317888e-06 +1.396900017e+02 +1.396900017e+02 -1.6179e-01 +1.6671e-01
1784 0 +9.969417647e-07 +1.396900010e+02 +1.396900010e+02 -1.6179e-01 +1.6671e-01
1793 0 +7.749062263e-07 +1.396900008e+02 +1.396900008e+02 -1.6179e-01 +1.6671e-01
1811 0 +3.041228069e-08 +1.396900000e+02 +1.396900000e+02 -1.6179e-01 +1.6671e-01
1877 0 +2.926546472e-08 +1.396900000e+02 +1.396900000e+02 -1.6179e-01 +1.6671e-01
1930 0 +1.660347948e-08 +1.396900000e+02 +1.396900000e+02 -1.6179e-01 +1.6671e-01
1951 0 +1.357003043e-08 +1.396900000e+02 +1.396900000e+02 -1.6179e-01 +1.6671e-01
1954 0 +1.337829758e-08 +1.396900000e+02 +1.396900000e+02 -1.6179e-01 +1.6671e-01
1955 0 +5.332026376e-09 +1.396900000e+02 +1.396900000e+02 -1.6179e-01 +1.6671e-01
2325 0 +0.000000000e+00 +1.396900000e+02 +1.396900000e+02 -1.6179e-01 +1.6671e-01
% f evaluations | g evaluations | best noise-free fitness - Fopt (-5.794000000000e+01) + sum g_i+ | measured fitness | best measured fitness or single-digit g-values | x1 | x2...
1 0 +1.251023227e+01 -4.542976773e+01 -4.542976773e+01 +0.0000e+00 +0.0000e+00
17 0 +7.915075853e+00 -5.002492415e+01 -5.002492415e+01 +3.5013e-02 +7.3725e-02
19 0 +7.391469323e+00 -5.054853068e+01 -5.054853068e+01 +1.4547e-01 +2.1755e-01
60 0 +2.064452925e+00 -5.587554708e+01 -5.587554708e+01 +3.5874e-01 +3.4120e-02
242 0 +1.333786165e+00 -5.660621383e+01 -5.660621383e+01 +3.5848e-01 +2.8700e-02
246 0 +1.021591759e+00 -5.691840824e+01 -5.691840824e+01 +3.6022e-01 +2.5717e-02
250 0 +4.121782004e-01 -5.752782180e+01 -5.752782180e+01 +3.6054e-01 +3.0753e-02
295 0 +1.079785827e-01 -5.783202142e+01 -5.783202142e+01 +3.6025e-01 +3.0682e-02
677 0 +1.024856512e-01 -5.783751435e+01 -5.783751435e+01 +3.6009e-01 +3.0361e-02
680 0 +8.487009408e-02 -5.785512991e+01 -5.785512991e+01 +3.6009e-01 +3.0419e-02
681 0 +7.681330204e-02 -5.786318670e+01 -5.786318670e+01 +3.6009e-01 +3.0470e-02
815 0 +7.518962302e-02 -5.786481038e+01 -5.786481038e+01 +3.6009e-01 +3.0460e-02
849 0 +7.374245561e-02 -5.786625754e+01 -5.786625754e+01 +3.6009e-01 +3.0481e-02
855 0 +7.228552768e-02 -5.786771447e+01 -5.786771447e+01 +3.6009e-01 +3.0471e-02
860 0 +6.769540637e-02 -5.787230459e+01 -5.787230459e+01 +3.6010e-01 +3.0468e-02
872 0 +4.992650695e-02 -5.789007349e+01 -5.789007349e+01 +3.6011e-01 +3.0488e-02
885 0 +2.998487282e-02 -5.791001513e+01 -5.791001513e+01 +3.6014e-01 +3.0499e-02
900 0 +2.420396514e-02 -5.791579603e+01 -5.791579603e+01 +3.6016e-01 +3.0501e-02
904 0 +2.048673631e-02 -5.791951326e+01 -5.791951326e+01 +3.6015e-01 +3.0495e-02
1075 0 +1.941536384e-02 -5.792058464e+01 -5.792058464e+01 +3.6015e-01 +3.0489e-02
1083 0 +1.379671887e-02 -5.792620328e+01 -5.792620328e+01 +3.6015e-01 +3.0508e-02
1092 0 +1.209223290e-02 -5.792790777e+01 -5.792790777e+01 +3.6016e-01 +3.0567e-02
1115 0 +1.187387221e-02 -5.792812613e+01 -5.792812613e+01 +3.6016e-01 +3.0564e-02
1121 0 +9.758774475e-03 -5.793024123e+01 -5.793024123e+01 +3.6016e-01 +3.0559e-02
1125 0 +6.793459699e-03 -5.793320654e+01 -5.793320654e+01 +3.6016e-01 +3.0559e-02
1126 0 +5.694013970e-03 -5.793430599e+01 -5.793430599e+01 +3.6015e-01 +3.0563e-02
1142 0 +5.281936976e-03 -5.793471806e+01 -5.793471806e+01 +3.6016e-01 +3.0555e-02
1213 0 +4.626932914e-03 -5.793537307e+01 -5.793537307e+01 +3.6015e-01 +3.0554e-02
1231 0 +3.645014391e-03 -5.793635499e+01 -5.793635499e+01 +3.6015e-01 +3.0544e-02
1234 0 +3.366656627e-03 -5.793663334e+01 -5.793663334e+01 +3.6015e-01 +3.0557e-02
1242 0 +2.596324325e-03 -5.793740368e+01 -5.793740368e+01 +3.6015e-01 +3.0548e-02
1243 0 +2.203518728e-03 -5.793779648e+01 -5.793779648e+01 +3.6015e-01 +3.0554e-02
1247 0 +2.113073364e-03 -5.793788693e+01 -5.793788693e+01 +3.6015e-01 +3.0554e-02
1252 0 +4.579901755e-04 -5.793954201e+01 -5.793954201e+01 +3.6015e-01 +3.0551e-02
1303 0 +4.471498902e-04 -5.793955285e+01 -5.793955285e+01 +3.6015e-01 +3.0551e-02
1314 0 +2.487381641e-04 -5.793975126e+01 -5.793975126e+01 +3.6015e-01 +3.0552e-02
1320 0 +1.619603505e-04 -5.793983804e+01 -5.793983804e+01 +3.6015e-01 +3.0553e-02
1339 0 +1.435553281e-04 -5.793985644e+01 -5.793985644e+01 +3.6015e-01 +3.0553e-02
1348 0 +1.374591353e-04 -5.793986254e+01 -5.793986254e+01 +3.6015e-01 +3.0552e-02
1366 0 +9.958145480e-05 -5.793990042e+01 -5.793990042e+01 +3.6015e-01 +3.0552e-02
1380 0 +3.427076053e-05 -5.793996573e+01 -5.793996573e+01 +3.6015e-01 +3.0552e-02
1436 0 +3.208394177e-05 -5.793996792e+01 -5.793996792e+01 +3.6015e-01 +3.0552e-02
1445 0 +1.998556215e-05 -5.793998001e+01 -5.793998001e+01 +3.6015e-01 +3.0552e-02
1472 0 +1.304324913e-05 -5.793998696e+01 -5.793998696e+01 +3.6015e-01 +3.0552e-02
1484 0 +7.259075964e-06 -5.793999274e+01 -5.793999274e+01 +3.6015e-01 +3.0552e-02
1500 0 +6.481879780e-06 -5.793999352e+01 -5.793999352e+01 +3.6015e-01 +3.0552e-02
1513 0 +6.452389300e-06 -5.793999355e+01 -5.793999355e+01 +3.6015e-01 +3.0552e-02
1517 0 +4.254632451e-06 -5.793999575e+01 -5.793999575e+01 +3.6015e-01 +3.0552e-02
1535 0 +1.913050745e-06 -5.793999809e+01 -5.793999809e+01 +3.6015e-01 +3.0552e-02
1546 0 +5.561373797e-07 -5.793999944e+01 -5.793999944e+01 +3.6015e-01 +3.0552e-02
1590 0 +2.820537048e-07 -5.793999972e+01 -5.793999972e+01 +3.6015e-01 +3.0552e-02
1612 0 +2.817663045e-07 -5.793999972e+01 -5.793999972e+01 +3.6015e-01 +3.0552e-02
1662 0 +8.567195664e-08 -5.793999991e+01 -5.793999991e+01 +3.6015e-01 +3.0552e-02
1703 0 +4.490004812e-08 -5.793999996e+01 -5.793999996e+01 +3.6015e-01 +3.0552e-02
1722 0 +2.534996213e-08 -5.793999997e+01 -5.793999997e+01 +3.6015e-01 +3.0552e-02
1745 0 +1.784462711e-08 -5.793999998e+01 -5.793999998e+01 +3.6015e-01 +3.0552e-02
1773 0 +1.073145484e-08 -5.793999999e+01 -5.793999999e+01 +3.6015e-01 +3.0552e-02
1807 0 +4.385306340e-09 -5.794000000e+01 -5.794000000e+01 +3.6015e-01 +3.0552e-02
2115 0 +0.000000000e+00 -5.794000000e+01 -5.794000000e+01 +3.6015e-01 +3.0552e-02
% f evaluations | g evaluations | best noise-free fitness - Fopt (1.253900000000e+02) + sum g_i+ | measured fitness | best measured fitness or single-digit g-values | x1 | x2...
1 0 +4.763482949e+01 +1.730248295e+02 +1.730248295e+02 +0.0000e+00 +0.0000e+00
2 0 +4.118362827e+01 +1.665736283e+02 +1.665736283e+02 +4.3379e-01 +3.0692e-02
3 0 +2.898535930e+01 +1.543753593e+02 +1.543753593e+02 +9.8026e-02 +3.4094e-01
5 0 +1.541872633e+01 +1.408087263e+02 +1.408087263e+02 -1.1375e-01 -3.0566e-01
34 0 +1.301136907e+01 +1.384013691e+02 +1.384013691e+02 +2.3183e-01 -1.0775e-01
41 0 +1.217149438e+01 +1.375614944e+02 +1.375614944e+02 +3.8438e-01 -8.2922e-02
64 0 +1.165655956e+01 +1.370465596e+02 +1.370465596e+02 +4.6329e-01 +1.2221e-01
66 0 +7.947522710e+00 +1.333375227e+02 +1.333375227e+02 +2.8318e-01 +3.8822e-01
102 0 +3.898393262e+00 +1.292883933e+02 +1.292883933e+02 +3.3130e-01 -1.0435e-01
220 0 +2.257803361e+00 +1.276478034e+02 +1.276478034e+02 -5.0803e-01 +1.7561e+00
253 0 +1.736796188e+00 +1.271267962e+02 +1.271267962e+02 -3.8935e-01 +1.5757e+00
334 0 +1.275905857e+00 +1.266659059e+02 +1.266659059e+02 -4.4920e-01 +1.6582e+00
379 0 +1.003279212e+00 +1.263932792e+02 +1.263932792e+02 -4.4977e-01 +1.6725e+00
