% f evaluations | g evaluations | best noise-free fitness - Fopt (-2.098800000000e+02) + sum g_i+ | measured fitness | best measured fitness or single-digit g-values | x1 | x2...
1 0 +2.076966042e+05 +2.074867242e+05 +2.074867242e+05 +0.0000e+00 +0.0000e+00
2 0 +1.842688993e+05 +1.840590193e+05 +1.840590193e+05 +4.3379e-01 +3.0692e-02
3 0 +1.110308537e+04 +1.089320537e+04 +1.089320537e+04 +9.8026e-02 +3.4094e-01
12 0 +6.084900142e+02 +3.986100142e+02 +3.986100142e+02 +3.1024e-01 +4.2322e-01
26 0 +7.272292939e-01 -2.091527707e+02 -2.091527707e+02 +3.3927e-01 +4.4824e-01
99 0 +5.285302748e-01 -2.093514697e+02 -2.093514697e+02 +4.1995e-01 +4.4797e-01
383 0 +5.103389558e-01 -2.093696610e+02 -2.093696610e+02 +4.4070e-01 +4.4813e-01
437 0 +4.907209773e-01 -2.093892790e+02 -2.093892790e+02 +4.4612e-01 +4.4805e-01
443 0 +4.754807593e-01 -2.094045192e+02 -2.094045192e+02 +4.6344e-01 +4.4810e-01
446 0 +4.605820271e-01 -2.094194180e+02 -2.094194180e+02 +4.7490e-01 +4.4810e-01
455 0 +4.129521828e-01 -2.094670478e+02 -2.094670478e+02 +5.1685e-01 +4.4813e-01
459 0 +3.722622976e-01 -2.095077377e+02 -2.095077377e+02 +5.5010e-01 +4.4792e-01
472 0 +3.649960323e-01 -2.095150040e+02 -2.095150040e+02 +5.8019e-01 +4.4783e-01
473 0 +3.307568893e-01 -2.095492431e+02 -2.095492431e+02 +5.8909e-01 +4.4799e-01
478 0 +3.166596928e-01 -2.095633403e+02 -2.095633403e+02 +8.0140e-01 +4.4764e-01
481 0 +2.907496231e-01 -2.095892504e+02 -2.095892504e+02 +6.7561e-01 +4.4784e-01
483 0 +2.192479528e-01 -2.096607520e+02 -2.096607520e+02 +8.1250e-01 +4.4775e-01
492 0 +2.183210855e-01 -2.096616789e+02 -2.096616789e+02 +7.4546e-01 +4.4797e-01
496 0 +1.341092591e-01 -2.097458907e+02 -2.097458907e+02 +8.8897e-01 +4.4783e-01
519 0 +1.062167374e-01 -2.097737833e+02 -2.097737833e+02 +9.0139e-01 +4.4790e-01
522 0 +5.939552313e-02 -2.098206045e+02 -2.098206045e+02 +9.7769e-01 +4.4792e-01
529 0 +4.584651055e-02 -2.098341535e+02 -2.098341535e+02 +1.2181e+00 +4.4777e-01
541 0 +3.597994372e-02 -2.098440201e+02 -2.098440201e+02 +1.1312e+00 +4.4782e-01
550 0 +2.497045170e-02 -2.098550295e+02 -2.098550295e+02 +1.1992e+00 +4.4784e-01
556 0 +1.132853372e-02 -2.098686715e+02 -2.098686715e+02 +1.1916e+00 +4.4789e-01
567 0 +2.690253265e-03 -2.098773097e+02 -2.098773097e+02 +1.2470e+00 +4.4796e-01
602 0 +1.768592849e-03 -2.098782314e+02 -2.098782314e+02 +1.1910e+00 +4.4796e-01
604 0 +3.416926834e-04 -2.098796583e+02 -2.098796583e+02 +1.2120e+00 +4.4798e-01
615 0 +2.373854844e-04 -2.098797626e+02 -2.098797626e+02 +1.2042e+00 +4.4799e-01
649 0 +2.031455580e-04 -2.098797969e+02 -2.098797969e+02 +1.2084e+00 +4.4801e-01
742 0 +1.802537410e-04 -2.098798197e+02 -2.098798197e+02 +1.1955e+00 +4.4801e-01
745 0 +1.082948570e-04 -2.098798917e+02 -2.098798917e+02 +1.2021e+00 +4.4801e-01
752 0 +2.520774714e-05 -2.098799748e+02 -2.098799748e+02 +1.2037e+00 +4.4800e-01
757 0 +2.303193295e-05 -2.098799770e+02 -2.098799770e+02 +1.2066e+00 +4.4801e-01
764 0 +1.753801223e-05 -2.098799825e+02 -2.098799825e+02 +1.2040e+00 +4.4800e-01
771 0 +7.381748617e-07 -2.098799993e+02 -2.098799993e+02 +1.2069e+00 +4.4800e-01
806 0 +6.222219611e-07 -2.098799994e+02 -2.098799994e+02 +1.2067e+00 +4.4800e-01
820 0 +2.348037640e-07 -2.098799998e+02 -2.098799998e+02 +1.2069e+00 +4.4800e-01
853 0 +8.675021945e-08 -2.098799999e+02 -2.098799999e+02 +1.2075e+00 +4.4800e-01
893 0 +5.405399861e-08 -2.098799999e+02 -2.098799999e+02 +1.2072e+00 +4.4800e-01
899 0 +4.949325216e-08 -2.098800000e+02 -2.098800000e+02 +1.2073e+00 +4.4800e-01
1001 0 +1.524097115e-08 -2.098800000e+02 -2.098800000e+02 +1.2071e+00 +4.4800e-01
1019 0 +1.064080379e-09 -2.098800000e+02 -2.098800000e+02 +1.2072e+00 +4.4800e-01
1269 0 +0.000000000e+00 -2.098800000e+02 -2.098800000e+02 +1.2072e+00 +4.4800e-01
% f evaluations | g evaluations | best noise-free fitness - Fopt (-9.209000000000e+01) + sum g_i+ | measured fitness | best measured fitness or single-digit g-values | x1 | x2...
1 0 +6.430618442e+06 +6.430526352e+06 +6.430526352e+06 +0.0000e+00 +0.0000e+00
2 0 +6.282028738e+06 +6.281936648e+06 +6.281936648e+06 +4.3379e-01 +3.0692e-02
3 0 +4.986095726e+06 +4.986003636e+06 +4.986003636e+06 +9.8026e-02 +3.4094e-01
12 0 +4.699876724e+06 +4.699784634e+06 +4.699784634e+06 +3.1024e-01 +4.2322e-01
16 0 +4.476098760e+06 +4.476006670e+06 +4.476006670e+06 -1.3656e-01 +4.9199e-01
21 0 +3.275512823e+06 +3.275420733e+06 +3.275420733e+06 +3.9322e-01 +9.1478e-01
31 0 +2.796917816e+06 +2.796825726e+06 +2.796825726e+06 +1.2232e-01 +1.0801e+00
37 0 +2.069774531e+06 +2.069682441e+06 +2.069682441e+06 +6.5897e-01 +1.3016e+00
46 0 +1.112515103e+06 +1.112423013e+06 +1.112423013e+06 +4.6650e-01 +1.5833e+00
54 0 +3.784377126e+05 +3.783456226e+05 +3.783456226e+05 +6.7757e-01 +1.9512e+00
56 0 +1.328286397e+05 +1.327365497e+05 +1.327365497e+05 +6.5415e-01 +2.2680e+00
61 0 +1.006521767e+04 +9.973127667e+03 +9.973127667e+03 +1.0321e+00 +2.5183e+00
78 0 +7.768511838e+02 +6.847611838e+02 +6.847611838e+02 +4.3944e-01 +2.6475e+00
92 0 +8.785522906e+01 -4.234770936e+00 -4.234770936e+00 +4.6482e-01 +2.6308e+00
112 0 +2.645124150e+01 -6.563875850e+01 -6.563875850e+01 +1.0459e+00 +2.6267e+00
183 0 +8.772945591e+00 -8.331705441e+01 -8.331705441e+01 +6.2286e-01 +2.6248e+00
188 0 +1.023670959e-01 -9.198763290e+01 -9.198763290e+01 +6.6106e-01 +2.6219e+00
253 0 +7.753568948e-02 -9.201246431e+01 -9.201246431e+01 +6.1023e-01 +2.6219e+00
271 0 +5.505339239e-02 -9.203494661e+01 -9.203494661e+01 +6.1798e-01 +2.6214e+00
283 0 +2.102234365e-02 -9.206897766e+01 -9.206897766e+01 +6.1357e-01 +2.6217e+00
288 0 +1.738724414e-02 -9.207261276e+01 -9.207261276e+01 +6.0665e-01 +2.6216e+00
337 0 +1.536957679e-02 -9.207463042e+01 -9.207463042e+01 +6.0723e-01 +2.6216e+00
343 0 +1.479436445e-02 -9.207520564e+01 -9.207520564e+01 +6.0685e-01 +2.6216e+00
345 0 +1.341788561e-02 -9.207658211e+01 -9.207658211e+01 +6.1209e-01 +2.6216e+00
492 0 +1.305768047e-02 -9.207694232e+01 -9.207694232e+01 +6.1203e-01 +2.6216e+00
517 0 +1.266141708e-02 -9.207733858e+01 -9.207733858e+01 +6.1359e-01 +2.6216e+00
521 0 +1.236764798e-02 -9.207763235e+01 -9.207763235e+01 +6.1480e-01 +2.6216e+00
529 0 +1.228843491e-02 -9.207771157e+01 -9.207771157e+01 +6.1466e-01 +2.6216e+00
541 0 +1.184715394e-02 -9.207815285e+01 -9.207815285e+01 +6.1599e-01 +2.6216e+00
548 0 +1.148874278e-02 -9.207851126e+01 -9.207851126e+01 +6.1782e-01 +2.6216e+00
550 0 +1.139836471e-02 -9.207860164e+01 -9.207860164e+01 +6.1754e-01 +2.6216e+00
556 0 +1.105567890e-02 -9.207894432e+01 -9.207894432e+01 +6.1874e-01 +2.6216e+00
558 0 +1.074193152e-02 -9.207925807e+01 -9.207925807e+01 +6.1986e-01 +2.6216e+00
567 0 +1.026482417e-02 -9.207973518e+01 -9.207973518e+01 +6.2254e-01 +2.6216e+00
571 0 +9.935099410e-03 -9.208006490e+01 -9.208006490e+01 +6.2300e-01 +2.6216e+00
577 0 +9.163636837e-03 -9.208083636e+01 -9.208083636e+01 +6.2583e-01 +2.6216e+00
583 0 +7.928972083e-03 -9.208207103e+01 -9.208207103e+01 +6.3352e-01 +2.6216e+00
586 0 +6.532695154e-03 -9.208346730e+01 -9.208346730e+01 +6.3799e-01 +2.6216e+00
602 0 +5.408505119e-03 -9.208459149e+01 -9.208459149e+01 +6.4702e-01 +2.6216e+00
604 0 +3.390104263e-03 -9.208660990e+01 -9.208660990e+01 +6.6438e-01 +2.6216e+00
612 0 +2.374504021e-03 -9.208762550e+01 -9.208762550e+01 +6.8253e-01 +2.6216e+00
622 0 +2.144608196e-03 -9.208785539e+01 -9.208785539e+01 +6.8234e-01 +2.6216e+00
627 0 +2.013068186e-03 -9.208798693e+01 -9.208798693e+01 +6.8400e-01 +2.6216e+00
631 0 +1.338185379e-03 -9.208866181e+01 -9.208866181e+01 +6.9192e-01 +2.6216e+00
635 0 +9.758615581e-04 -9.208902414e+01 -9.208902414e+01 +7.3155e-01 +2.6216e+00
636 0 +8.675295745e-04 -9.208913247e+01 -9.208913247e+01 +6.9810e-01 +2.6216e+00
637 0 +6.731373494e-04 -9.208932686e+01 -9.208932686e+01 +7.1249e-01 +2.6216e+00
638 0 +1.297481786e-04 -9.208987025e+01 -9.208987025e+01 +7.1405e-01 +2.6216e+00
656 0 +8.431282224e-05 -9.208991569e+01 -9.208991569e+01 +7.3082e-01 +2.6216e+00
665 0 +3.004137376e-05 -9.208996996e+01 -9.208996996e+01 +7.2275e-01 +2.6216e+00
666 0 +8.883472347e-06 -9.208999112e+01 -9.208999112e+01 +7.2345e-01 +2.6216e+00
680 0 +7.110103155e-07 -9.208999929e+01 -9.208999929e+01 +7.2560e-01 +2.6216e+00
717 0 +6.460023201e-07 -9.208999935e+01 -9.208999935e+01 +7.2479e-01 +2.6216e+00
725 0 +7.968660043e-08 -9.208999992e+01 -9.208999992e+01 +7.2587e-01 +2.6216e+00
747 0 +7.047515282e-08 -9.208999993e+01 -9.208999993e+01 +7.2576e-01 +2.6216e+00
764 0 +4.493728056e-09 -9.209000000e+01 -9.209000000e+01 +7.2554e-01 +2.6216e+00
1142 0 +0.000000000e+00 -9.209000000e+01 -9.209000000e+01 +7.2560e-01 +2.6216e+00
% f evaluations | g evaluations | best noise-free fitness - Fopt (-8.789000000000e+01) + sum g_i+ | measured fitness | best measured fitness or single-digit g-values | x1 | x2...
1 0 +1.325850294e+07 +1.325841505e+07 +1.325841505e+07 +0.0000e+00 +0.0000e+00
2 0 +1.301713642e+07 +1.301704853e+07 +1.301704853e+07 +4.3379e-01 +3.0692e-02
3 0 +1.065912359e+07 +1.065903570e+07 +1.065903570e+07 +9.8026e-02 +3.4094e-01
12 0 +1.006806112e+07 +1.006797323e+07 +1.006797323e+07 +3.1024e-01 +4.2322e-01
16 0 +9.588355149e+06 +9.588267259e+06 +9.588267259e+06 -1.3656e-01 +4.9199e-01
21 0 +6.990267589e+06 +6.990179699e+06 +6.990179699e+06 +3.9322e-01 +9.1478e-01
31 0 +6.161689126e+06 +6.161601236e+06 +6.161601236e+06 +1.2232e-01 +1.0801e+00
37 0 +5.221535033e+06 +5.221447143e+06 +5.221447143e+06 +6.5897e-01 +1.3016e+00
46 0 +4.268749697e+06 +4.268661807e+06 +4.268661807e+06 +4.6650e-01 +1.5833e+00
54 0 +3.240979076e+06 +3.240891186e+06 +3.240891186e+06 +6.7757e-01 +1.9512e+00
56 0 +2.268241403e+06 +2.268153513e+06 +2.268153513e+06 +6.5415e-01 +2.2680e+00
61 0 +1.398362134e+06 +1.398274244e+06 +1.398274244e+06 +1.0321e+00 +2.5183e+00
65 0 +9.025494871e+04 +9.016705871e+04 +9.016705871e+04 +3.3149e-01 +3.9380e+00
69 0 +1.580836045e+04 +1.572047045e+04 +1.572047045e+04 +8.5280e-01 +3.7748e+00
71 0 +7.963792087e+02 +7.084892087e+02 +7.084892087e+02 +6.1714e-01 +3.6719e+00
148 0 +2.953548526e+02 +2.074648526e+02 +2.074648526e+02 +6.3638e-01 +3.6636e+00
162 0 +2.689480405e+02 +1.810580405e+02 +1.810580405e+02 +6.2909e-01 +3.6295e+00
188 0 +2.432275960e+02 +1.553375960e+02 +1.553375960e+02 +6.5918e-01 +3.6615e+00
189 0 +4.465637977e+01 -4.323362023e+01 -4.323362023e+01 +5.8895e-01 +3.6385e+00
196 0 +1.651856769e+00 -8.623814323e+01 -8.623814323e+01 +6.2531e-01 +3.6468e+00
218 0 +6.666642777e-01 -8.722333572e+01 -8.722333572e+01 +6.2080e-01 +3.6448e+00
248 0 +6.509918685e-01 -8.723900813e+01 -8.723900813e+01 +6.1812e-01 +3.6463e+00
255 0 +6.095882833e-01 -8.728041172e+01 -8.728041172e+01 +6.1496e-01 +3.6463e+00
277 0 +2.035197365e-01 -8.768648026e+01 -8.768648026e+01 +6.1775e-01 +3.6459e+00
282 0 +1.443006748e-01 -8.774569933e+01 -8.774569933e+01 +6.1583e-01 +3.6457e+00
294 0 +1.347643817e-01 -8.775523562e+01 -8.775523562e+01 +6.1320e-01 +3.6457e+00
719 0 +1.317976733e-01 -8.775820233e+01 -8.775820233e+01 +6.1268e-01 +3.6456e+00
927 0 +1.284301965e-01 -8.776156980e+01 -8.776156980e+01 +5.9704e-01 +3.6457e+00
948 0 +1.240035800e-01 -8.776599642e+01 -8.776599642e+01 +5.8501e-01 +3.6457e+00
975 0 +1.128591831e-01 -8.777714082e+01 -8.777714082e+01 +5.4763e-01 +3.6457e+00
986 0 +1.114179910e-01 -8.777858201e+01 -8.777858201e+01 +5.3954e-01 +3.6457e+00
998 0 +1.081830666e-01 -8.778181693e+01 -8.778181693e+01 +5.3713e-01 +3.6457e+00
1003 0 +1.003968167e-01 -8.778960318e+01 -8.778960318e+01 +4.9646e-01 +3.6458e+00
1011 0 +8.811773594e-02 -8.780188226e+01 -8.780188226e+01 +4.3088e-01 +3.6458e+00
1028 0 +8.369346799e-02 -8.780630653e+01 -8.780630653e+01 +4.0322e-01 +3.6459e+00
1061 0 +7.882488387e-02 -8.781117512e+01 -8.781117512e+01 +4.0774e-01 +3.6458e+00
1066 0 +7.755336610e-02 -8.781244663e+01 -8.781244663e+01 +3.9864e-01 +3.6458e+00
1068 0 +7.512045434e-02 -8.781487955e+01 -8.781487955e+01 +3.7328e-01 +3.6459e+00
1103 0 +7.387656581e-02 -8.781612343e+01 -8.781612343e+01 +3.9840e-01 +3.6458e+00
1120 0 +7.077798113e-02 -8.781922202e+01 -8.781922202e+01 +3.8210e-01 +3.6458e+00
1246 0 +6.909981644e-02 -8.782090018e+01 -8.782090018e+01 +3.8099e-01 +3.6458e+00
1257 0 +6.711813825e-02 -8.782288186e+01 -8.782288186e+01 +3.6780e-01 +3.6458e+00
1307 0 +6.579463638e-02 -8.782420536e+01 -8.782420536e+01 +3.7185e-01 +3.6458e+00
1315 0 +6.387699326e-02 -8.782612301e+01 -8.782612301e+01 +3.7658e-01 +3.6458e+00
1322 0 +6.219250263e-02 -8.782780750e+01 -8.782780750e+01 +3.7184e-01 +3.6458e+00
1323 0 +6.015051000e-02 -8.782984949e+01 -8.782984949e+01 +3.8339e-01 +3.6458e+00
1325 0 +5.496954491e-02 -8.783503046e+01 -8.783503046e+01 +3.6257e-01 +3.6458e+00
1326 0 +3.106170118e-02 -8.785893830e+01 -8.785893830e+01 +3.7736e-01 +3.6457e+00
1340 0 +1.685383887e-02 -8.787314616e+01 -8.787314616e+01 +3.7431e-01 +3.6456e+00
1353 0 +1.553529880e-02 -8.787446470e+01 -8.787446470e+01 +3.6522e-01 +3.6456e+00
1359 0 +1.528550530e-02 -8.787471449e+01 -8.787471449e+01 +3.6474e-01 +3.6456e+00
1473 0 +1.511835186e-02 -8.787488165e+01 -8.787488165e+01 +3.6344e-01 +3.6456e+00
1480 0 +1.468931890e-02 -8.787531068e+01 -8.787531068e+01 +3.5904e-01 +3.6456e+00
1515 0 +1.420083466e-02 -8.787579917e+01 -8.787579917e+01 +3.5508e-01 +3.6456e+00
1530 0 +1.397041778e-02 -8.787602958e+01 -8.787602958e+01 +3.5309e-01 +3.6456e+00
1542 0 +1.364521361e-02 -8.787635479e+01 -8.787635479e+01 +3.4996e-01 +3.6456e+00
1557 0 +1.348325427e-02 -8.787651675e+01 -8.787651675e+01 +3.4868e-01 +3.6456e+00
1566 0 +1.303573078e-02 -8.787696427e+01 -8.787696427e+01 +3.4583e-01 +3.6456e+00
1568 0 +1.276084086e-02 -8.787723916e+01 -8.787723916e+01 +3.4362e-01 +3.6456e+00
1573 0 +1.231518104e-02 -8.787768482e+01 -8.787768482e+01 +3.4218e-01 +3.6456e+00
1575 0 +1.195375016e-02 -8.787804625e+01 -8.787804625e+01 +3.4006e-01 +3.6456e+00
1577 0 +1.029187427e-02 -8.787970813e+01 -8.787970813e+01 +3.3368e-01 +3.6456e+00
1582 0 +9.403790315e-03 -8.788059621e+01 -8.788059621e+01 +3.3076e-01 +3.6456e+00
1586 0 +8.039399879e-03 -8.788196060e+01 -8.788196060e+01 +3.2547e-01 +3.6456e+00
1587 0 +6.983731244e-03 -8.788301627e+01 -8.788301627e+01 +3.2278e-01 +3.6456e+00
1593 0 +4.153576577e-03 -8.788584642e+01 -8.788584642e+01 +2.9806e-01 +3.6456e+00
1594 0 +2.012225971e-03 -8.788798777e+01 -8.788798777e+01 +2.7141e-01 +3.6456e+00
1601 0 +1.856063063e-03 -8.788814394e+01 -8.788814394e+01 +2.7278e-01 +3.6456e+00
1610 0 +1.228770590e-03 -8.788877123e+01 -8.788877123e+01 +2.3468e-01 +3.6456e+00
1632 0 +9.948557473e-04 -8.788900514e+01 -8.788900514e+01 +2.4226e-01 +3.6456e+00
1639 0 +2.946532751e-04 -8.788970535e+01 -8.788970535e+01 +2.4017e-01 +3.6456e+00
1640 0 +2.292995414e-05 -8.788997707e+01 -8.788997707e+01 +2.3647e-01 +3.6456e+00
1646 0 +1.192664421e-05 -8.788998807e+01 -8.788998807e+01 +2.3715e-01 +3.6456e+00
1740 0 +6.929715539e-06 -8.788999307e+01 -8.788999307e+01 +2.4154e-01 +3.6456e+00
1772 0 +3.355402356e-06 -8.788999664e+01 -8.788999664e+01 +2.3887e-01 +3.6456e+00
1785 0 +1.600810137e-06 -8.788999840e+01 -8.788999840e+01 +2.4036e-01 +3.6456e+00
1828 0 +7.139921792e-07 -8.788999929e+01 -8.788999929e+01 +2.3863e-01 +3.6456e+00
1834 0 +5.431443668e-07 -8.788999946e+01 -8.788999946e+01 +2.3973e-01 +3.6456e+00
1835 0 +5.067415998e-07 -8.788999949e+01 -8.788999949e+01 +2.3947e-01 +3.6456e+00
1837 0 +4.152347515e-07 -8.788999958e+01 -8.788999958e+01 +2.3984e-01 +3.6456e+00
1840 0 +1.830412231e-07 -8.788999982e+01 -8.788999982e+01 +2.3912e-01 +3.6456e+00
1842 0 +2.401824872e-08 -8.788999998e+01 -8.788999998e+01 +2.3919e-01 +3.6456e+00
1875 0 +1.863074317e-08 -8.788999998e+01 -8.788999998e+01 +2.3921e-01 +3.6456e+00
1877 0 +1.339054734e-08 -8.788999999e+01 -8.788999999e+01 +2.3931e-01 +3.6456e+00
1919 0 +3.058602260e-09 -8.789000000e+01 -8.789000000e+01 +2.3915e-01 +3.6456e+00
2136 0 +0.000000000e+00 -8.789000000e+01 -8.789000000e+01 +2.3920e-01 +3.6456e+00
% f evaluations | g evaluations | best noise-free fitness - Fopt (3.201900000000e+02) + sum g_i+ | measured fitness | best measured fitness or single-digit g-values | x1 | x2...
1 0 +6.283126796e+06 +6.283446986e+06 +6.283446986e+06 +0.0000e+00 +0.0000e+00
5 0 +4.322978341e+06 +4.323298531e+06 +4.323298531e+06 -1.1375e-01 -3.0566e-01
13 0 +3.897344880e+06 +3.897665070e+06 +3.897665070e+06 +3.3015e-01 -3.6944e-01
25 0 +3.661026911e+06 +3.661347101e+06 +3.661347101e+06 +3.6082e-01 -4.0656e-01
28 0 +3.315837405e+06 +3.316157595e+06 +3.316157595e+06 +4.7565e-01 -4.6458e-01
30 0 +2.794762393e+06 +2.795082583e+06 +2.795082583e+06 +5.8852e-01 -5.6805e-01
34 0 +2.056765893e+06 +2.057086083e+06 +2.057086083e+06 +6.7360e-01 -8.7658e-01
38 0 +3.800618662e+05 +3.803820562e+05 +3.803820562e+05 +1.5241e+00 -1.7903e+00
47 0 +2.586330741e+05 +2.589532641e+05 +2.589532641e+05 +3.1955e+00 -2.8809e+00
50 0 +4.651505395e+04 +4.683524395e+04 +4.683524395e+04 +2.4997e+00 -2.5744e+00
92 0 +2.837427735e+04 +2.869446735e+04 +2.869446735e+04 +1.7103e+00 -2.5197e+00
100 0 +8.913185357e+02 +1.211508536e+03 +1.211508536e+03 +1.6684e+00 -2.3313e+00
153 0 +5.062727533e+00 +3.252527275e+02 +3.252527275e+02 +1.5014e+00 -2.3596e+00
204 0 +4.039775775e+00 +3.242297758e+02 +3.242297758e+02 +1.5785e+00 -2.3607e+00
241 0 +3.929118728e+00 +3.241191187e+02 +3.241191187e+02 +1.5583e+00 -2.3610e+00
453 0 +3.890373992e+00 +3.240803740e+02 +3.240803740e+02 +1.5575e+00 -2.3608e+00
482 0 +3.799491527e+00 +3.239894915e+02 +3.239894915e+02 +1.5434e+00 -2.3608e+00
506 0 +3.699135714e+00 +3.238891357e+02 +3.238891357e+02 +1.5271e+00 -2.3608e+00
508 0 +3.559022615e+00 +3.237490226e+02 +3.237490226e+02 +1.5048e+00 -2.3608e+00
514 0 +3.541969690e+00 +3.237319697e+02 +3.237319697e+02 +1.5011e+00 -2.3607e+00
524 0 +3.181837562e+00 +3.233718376e+02 +3.233718376e+02 +1.4296e+00 -2.3606e+00
527 0 +2.992756700e+00 +3.231827567e+02 +3.231827567e+02 +1.3973e+00 -2.3610e+00
531 0 +2.826765265e+00 +3.230167653e+02 +3.230167653e+02 +1.3323e+00 -2.3604e+00
533 0 +2.800933862e+00 +3.229909339e+02 +3.229909339e+02 +1.3285e+00 -2.3604e+00
534 0 +2.555281381e+00 +3.227452814e+02 +3.227452814e+02 +1.0488e+00 -2.3601e+00
569 0 +2.398453724e+00 +3.225884537e+02 +3.225884537e+02 +1.0943e+00 -2.3602e+00
576 0 +2.327119475e+00 +3.225171195e+02 +3.225171195e+02 +1.2226e+00 -2.3609e+00
580 0 +2.271276783e+00 +3.224612768e+02 +3.224612768e+02 +1.1996e+00 -2.3607e+00
582 0 +2.167018394e+00 +3.223570184e+02 +3.223570184e+02 +1.1126e+00 -2.3606e+00
585 0 +2.108988901e+00 +3.222989889e+02 +3.222989889e+02 +1.0527e+00 -2.3606e+00
591 0 +1.370518339e+00 +3.215605183e+02 +3.215605183e+02 +6.4911e-01 -2.3606e+00
609 0 +8.778961201e-01 +3.210678961e+02 +3.210678961e+02 +1.9303e-01 -2.3601e+00
614 0 +5.416601762e-01 +3.207316602e+02 +3.207316602e+02 +2.3664e-01 -2.3605e+00
618 0 +1.386408405e-01 +3.203286408e+02 +3.203286408e+02 -5.2546e-02 -2.3609e+00
626 0 +1.376306069e-01 +3.203276306e+02 +3.203276306e+02 -1.2492e-01 -2.3610e+00
628 0 +1.078860926e-01 +3.202978861e+02 +3.202978861e+02 -1.1411e-01 -2.3608e+00
631 0 +8.257266829e-02 +3.202725727e+02 +3.202725727e+02 -1.8898e-01 -2.3606e+00
638 0 +5.185383877e-02 +3.202418538e+02 +3.202418538e+02 -5.0450e-01 -2.3606e+00
645 0 +4.447300849e-02 +3.202344730e+02 +3.202344730e+02 -6.4071e-01 -2.3608e+00
650 0 +4.651177059e-03 +3.201946512e+02 +3.201946512e+02 -4.3695e-01 -2.3607e+00
696 0 +3.443664140e-03 +3.201934437e+02 +3.201934437e+02 -4.9047e-01 -2.3608e+00
722 0 +2.311420520e-03 +3.201923114e+02 +3.201923114e+02 -4.6541e-01 -2.3608e+00
725 0 +1.325673059e-03 +3.201913257e+02 +3.201913257e+02 -4.1803e-01 -2.3608e+00
732 0 +4.806911971e-04 +3.201904807e+02 +3.201904807e+02 -4.3386e-01 -2.3608e+00
747 0 +1.163368785e-04 +3.201901163e+02 +3.201901163e+02 -4.3559e-01 -2.3608e+00
796 0 +8.395512657e-05 +3.201900840e+02 +3.201900840e+02 -4.3506e-01 -2.3608e+00
812 0 +2.739203677e-05 +3.201900274e+02 +3.201900274e+02 -4.3242e-01 -2.3608e+00
821 0 +7.760525250e-06 +3.201900078e+02 +3.201900078e+02 -4.3236e-01 -2.3608e+00
861 0 +6.180946286e-06 +3.201900062e+02 +3.201900062e+02 -4.3534e-01 -2.3608e+00
864 0 +1.722005663e-06 +3.201900017e+02 +3.201900017e+02 -4.3412e-01 -2.3608e+00
869 0 +1.218176919e-06 +3.201900012e+02 +3.201900012e+02 -4.3386e-01 -2.3608e+00
876 0 +8.228139450e-07 +3.201900008e+02 +3.201900008e+02 -4.3305e-01 -2.3608e+00
894 0 +5.806390391e-07 +3.201900006e+02 +3.201900006e+02 -4.3202e-01 -2.3608e+00
897 0 +1.186384679e-08 +3.201900000e+02 +3.201900000e+02 -4.3286e-01 -2.3608e+00
1031 0 +4.241428542e-09 +3.201900000e+02 +3.201900000e+02 -4.3279e-01 -2.3608e+00
1252 0 +0.000000000e+00 +3.201900000e+02 +3.201900000e+02 -4.3280e-01 -2.3608e+00
% f evaluations | g evaluations | best noise-free fitness - Fopt (-1.042400000000e+02) + sum g_i+ | measured fitness | best measured fitness or single-digit g-values | x1 | x2...
1 0 +1.523048660e+07 +1.523038236e+07 +1.523038236e+07 +0.0000e+00 +0.0000e+00
5 0 +1.257983770e+07 +1.257973346e+07 +1.257973346e+07 -1.1375e-01 -3.0566e-01
13 0 +1.206495447e+07 +1.206485023e+07 +1.206485023e+07 +3.3015e-01 -3.6944e-01
25 0 +1.177488052e+07 +1.177477628e+07 +1.177477628e+07 +3.6082e-01 -4.0656e-01
28 0 +1.133728480e+07 +1.133718056e+07 +1.133718056e+07 +4.7565e-01 -4.6458e-01
30 0 +1.061059500e+07 +1.061049076e+07 +1.061049076e+07 +5.8852e-01 -5.6805e-01
34 0 +8.906290723e+06 +8.906186483e+06 +8.906186483e+06 +6.7360e-01 -8.7658e-01
38 0 +4.834333457e+06 +4.834229217e+06 +4.834229217e+06 +1.5241e+00 -1.7903e+00
47 0 +1.153159152e+06 +1.153054912e+06 +1.153054912e+06 +3.1955e+00 -2.8809e+00
48 0 +3.991398558e+04 +3.980974558e+04 +3.980974558e+04 +3.6537e+00 -3.7226e+00
73 0 +1.635984193e+04 +1.625560193e+04 +1.625560193e+04 +2.8629e+00 -3.7875e+00
78 0 +2.060599331e+03 +1.956359331e+03 +1.956359331e+03 +3.2643e+00 -3.9624e+00
114 0 +5.972959543e+02 +4.930559543e+02 +4.930559543e+02 +2.9067e+00 -3.8969e+00
175 0 +2.021985093e+02 +9.795850926e+01 +9.795850926e+01 +3.0633e+00 -3.9062e+00
216 0 +7.408315014e+00 -9.683168499e+01 -9.683168499e+01 +2.9926e+00 -3.9197e+00
315 0 +7.159603402e+00 -9.708039660e+01 -9.708039660e+01 +2.9484e+00 -3.9200e+00
676 0 +7.073845220e+00 -9.716615478e+01 -9.716615478e+01 +2.9261e+00 -3.9200e+00
684 0 +6.903902805e+00 -9.733609720e+01 -9.733609720e+01 +2.8836e+00 -3.9201e+00
690 0 +6.491409765e+00 -9.774859023e+01 -9.774859023e+01 +2.7943e+00 -3.9201e+00
698 0 +6.061031666e+00 -9.817896833e+01 -9.817896833e+01 +2.7146e+00 -3.9201e+00
702 0 +4.090409889e+00 -1.001495901e+02 -1.001495901e+02 +2.4103e+00 -3.9202e+00
711 0 +2.880387107e+00 -1.013596129e+02 -1.013596129e+02 +2.1540e+00 -3.9204e+00
719 0 +2.375533549e+00 -1.018644665e+02 -1.018644665e+02 +1.7617e+00 -3.9206e+00
723 0 +2.167839597e+00 -1.020721604e+02 -1.020721604e+02 +1.5568e+00 -3.9208e+00
726 0 +7.566456482e-01 -1.034833544e+02 -1.034833544e+02 +8.7837e-01 -3.9208e+00
980 0 +7.286883003e-01 -1.035113117e+02 -1.035113117e+02 +7.4894e-01 -3.9208e+00
982 0 +7.175513189e-01 -1.035224487e+02 -1.035224487e+02 +6.6645e-01 -3.9208e+00
983 0 +7.016163721e-01 -1.035383836e+02 -1.035383836e+02 +6.5989e-01 -3.9208e+00
991 0 +6.804892760e-01 -1.035595107e+02 -1.035595107e+02 +6.4047e-01 -3.9208e+00
992 0 +6.475438100e-01 -1.035924562e+02 -1.035924562e+02 +6.0149e-01 -3.9208e+00
1001 0 +6.069255933e-01 -1.036330744e+02 -1.036330744e+02 +7.0239e-01 -3.9207e+00
1015 0 +5.921384084e-01 -1.036478616e+02 -1.036478616e+02 +5.5582e-01 -3.9208e+00
1020 0 +5.739621885e-01 -1.036660378e+02 -1.036660378e+02 +3.5298e-01 -3.9208e+00
1028 0 +5.568140593e-01 -1.036831859e+02 -1.036831859e+02 +6.0405e-01 -3.9207e+00
1029 0 +5.329678474e-01 -1.037070322e+02 -1.037070322e+02 +1.6434e-01 -3.9207e+00
1030 0 +5.214876228e-01 -1.037185124e+02 -1.037185124e+02 +3.7112e-01 -3.9207e+00
1033 0 +4.973952178e-01 -1.037426048e+02 -1.037426048e+02 +4.8338e-01 -3.9207e+00
1035 0 +4.828364508e-01 -1.037571635e+02 -1.037571635e+02 +1.7785e-01 -3.9207e+00
1037 0 +4.710969188e-01 -1.037689031e+02 -1.037689031e+02 +4.2419e-01 -3.9207e+00
1043 0 +4.305784760e-01 -1.038094215e+02 -1.038094215e+02 +4.8336e-01 -3.9206e+00
1058 0 +4.259549203e-01 -1.038140451e+02 -1.038140451e+02 +2.4469e-01 -3.9206e+00
1061 0 +3.995443578e-01 -1.038404556e+02 -1.038404556e+02 +9.4356e-02 -3.9205e+00
1066 0 +3.802555866e-01 -1.038597444e+02 -1.038597444e+02 +1.3488e-01 -3.9205e+00
1067 0 +3.443972356e-01 -1.038956028e+02 -1.038956028e+02 -2.3243e-02 -3.9204e+00
1072 0 +3.264244325e-01 -1.039135756e+02 -1.039135756e+02 +2.1266e-01 -3.9205e+00
1074 0 +2.625008473e-01 -1.039774992e+02 -1.039774992e+02 +4.8556e-01 -3.9205e+00
1081 0 +6.526146385e-02 -1.041747385e+02 -1.041747385e+02 +4.2743e-01 -3.9203e+00
1084 0 +4.631636310e-02 -1.041936836e+02 -1.041936836e+02 +2.4077e-01 -3.9201e+00
1093 0 +1.958960252e-03 -1.042380410e+02 -1.042380410e+02 +4.3776e-01 -3.9200e+00
1161 0 +6.524484647e-05 -1.042399348e+02 -1.042399348e+02 +3.9302e-01 -3.9200e+00
1237 0 +5.013080829e-05 -1.042399499e+02 -1.042399499e+02 +3.8678e-01 -3.9200e+00
1240 0 +5.148348862e-06 -1.042399949e+02 -1.042399949e+02 +3.9396e-01 -3.9200e+00
1269 0 +4.469599347e-06 -1.042399955e+02 -1.042399955e+02 +3.9399e-01 -3.9200e+00
1290 0 +4.138464277e-06 -1.042399959e+02 -1.042399959e+02 +3.9622e-01 -3.9200e+00
1296 0 +2.736711323e-06 -1.042399973e+02 -1.042399973e+02 +3.9533e-01 -3.9200e+00
1298 0 +2.393983479e-06 -1.042399976e+02 -1.042399976e+02 +3.9296e-01 -3.9200e+00
1300 0 +1.106876667e-06 -1.042399989e+02 -1.042399989e+02 +3.9433e-01 -3.9200e+00
1303 0 +6.927983378e-07 -1.042399993e+02 -1.042399993e+02 +3.9433e-01 -3.9200e+00
1313 0 +8.989421474e-08 -1.042399999e+02 -1.042399999e+02 +3.9413e-01 -3.9200e+00
1376 0 +7.147158954e-08 -1.042399999e+02 -1.042399999e+02 +3.9414e-01 -3.9200e+00
1387 0 +4.233596940e-08 -1.042400000e+02 -1.042400000e+02 +3.9437e-01 -3.9200e+00
1417 0 +8.614861713e-09 -1.042400000e+02 -1.042400000e+02 +3.9433e-01 -3.9200e+00
1683 0 +0.000000000e+00 -1.042400000e+02 -1.042400000e+02 +3.9440e-01 -3.9200e+00
% f evaluations | g evaluations | best noise-free fitness - Fopt (-6.785000000000e+01) + sum g_i+ | measured fitness | best measured fitness or single-digit g-values | x1 | x2...
1 0 +8.662119324e+06 +8.662051474e+06 +8.662051474e+06 +0.0000e+00 +0.0000e+00
2 0 +8.466691932e+06 +8.466624082e+06 +8.466624082e+06 +4.3379e-01 +3.0692e-02
3 0 +6.690348897e+06 +6.690281047e+06 +6.690281047e+06 +9.8026e-02 +3.4094e-01
12 0 +6.283319719e+06 +6.283251869e+06 +6.283251869e+06 +3.1024e-01 +4.2322e-01
16 0 +5.964060449e+06 +5.963992599e+06 +5.963992599e+06 -1.3656e-01 +4.9199e-01
21 0 +4.382414163e+06 +4.382346313e+06 +4.382346313e+06 +3.9322e-01 +9.1478e-01
31 0 +3.899215257e+06 +3.899147407e+06 +3.899147407e+06 +1.2232e-01 +1.0801e+00
37 0 +3.292016925e+06 +3.291949075e+06 +3.291949075e+06 +6.5897e-01 +1.3016e+00
46 0 +2.447163882e+06 +2.447096032e+06 +2.447096032e+06 +4.6650e-01 +1.5833e+00
54 0 +1.189443412e+06 +1.189375562e+06 +1.189375562e+06 +6.7757e-01 +1.9512e+00
56 0 +4.676311175e+05 +4.675632675e+05 +4.675632675e+05 +6.5415e-01 +2.2680e+00
61 0 +2.420833782e+05 +2.420155282e+05 +2.420155282e+05 +1.0321e+00 +2.5183e+00
66 0 +6.828091052e+04 +6.821306052e+04 +6.821306052e+04 +6.2105e-01 +3.2739e+00
68 0 +5.855027568e+03 +5.787177568e+03 +5.787177568e+03 +3.1082e-01 +3.0947e+00
125 0 +1.119601597e+03 +1.051751597e+03 +1.051751597e+03 +4.5586e-01 +2.9823e+00
149 0 +3.759186424e+02 +3.080686424e+02 +3.080686424e+02 +5.1924e-01 +2.9951e+00
154 0 +2.521168624e+01 -4.263831376e+01 -4.263831376e+01 +6.0132e-01 +3.0192e+00
184 0 +3.018874289e+00 -6.483112571e+01 -6.483112571e+01 +5.7057e-01 +3.0127e+00
202 0 +1.629851365e+00 -6.622014863e+01 -6.622014863e+01 +5.9889e-01 +3.0156e+00
204 0 +1.580918733e+00 -6.626908127e+01 -6.626908127e+01 +6.2361e-01 +3.0132e+00
218 0 +8.915828844e-02 -6.776084171e+01 -6.776084171e+01 +6.3824e-01 +3.0142e+00
290 0 +5.703447269e-02 -6.779296553e+01 -6.779296553e+01 +6.5682e-01 +3.0143e+00
354 0 +5.549646485e-02 -6.779450354e+01 -6.779450354e+01 +6.4649e-01 +3.0144e+00
358 0 +5.331451691e-02 -6.779668548e+01 -6.779668548e+01 +6.5091e-01 +3.0144e+00
382 0 +5.109276673e-02 -6.779890723e+01 -6.779890723e+01 +6.5615e-01 +3.0144e+00
516 0 +4.999895825e-02 -6.780000104e+01 -6.780000104e+01 +6.5958e-01 +3.0144e+00
560 0 +4.891941443e-02 -6.780108059e+01 -6.780108059e+01 +6.6182e-01 +3.0144e+00
581 0 +4.764834613e-02 -6.780235165e+01 -6.780235165e+01 +6.6505e-01 +3.0144e+00
583 0 +4.572711954e-02 -6.780427288e+01 -6.780427288e+01 +6.7017e-01 +3.0144e+00
590 0 +4.552246853e-02 -6.780447753e+01 -6.780447753e+01 +6.7066e-01 +3.0144e+00
592 0 +4.329650346e-02 -6.780670350e+01 -6.780670350e+01 +6.7696e-01 +3.0144e+00
600 0 +4.195938274e-02 -6.780804062e+01 -6.780804062e+01 +6.8086e-01 +3.0144e+00
604 0 +4.128598741e-02 -6.780871401e+01 -6.780871401e+01 +6.8490e-01 +3.0144e+00
611 0 +3.850288242e-02 -6.781149712e+01 -6.781149712e+01 +6.9188e-01 +3.0144e+00
613 0 +3.671149711e-02 -6.781328850e+01 -6.781328850e+01 +6.9682e-01 +3.0144e+00
619 0 +3.513866413e-02 -6.781486134e+01 -6.781486134e+01 +7.0190e-01 +3.0144e+00
630 0 +2.600010440e-02 -6.782399990e+01 -6.782399990e+01 +7.3099e-01 +3.0144e+00
633 0 +2.454675331e-02 -6.782545325e+01 -6.782545325e+01 +7.3549e-01 +3.0144e+00
641 0 +1.149589669e-02 -6.783850410e+01 -6.783850410e+01 +7.7418e-01 +3.0144e+00
646 0 +9.505636446e-03 -6.784049436e+01 -6.784049436e+01 +7.8077e-01 +3.0144e+00
648 0 +6.740027113e-03 -6.784325997e+01 -6.784325997e+01 +7.9431e-01 +3.0144e+00
653 0 +4.239086797e-03 -6.784576091e+01 -6.784576091e+01 +8.2911e-01 +3.0144e+00
658 0 +3.230005884e-03 -6.784676999e+01 -6.784676999e+01 +8.2301e-01 +3.0144e+00
664 0 +1.610130092e-03 -6.784838987e+01 -6.784838987e+01 +8.7390e-01 +3.0144e+00
673 0 +1.005232054e-03 -6.784899477e+01 -6.784899477e+01 +8.6878e-01 +3.0144e+00
730 0 +7.271832905e-04 -6.784927282e+01 -6.784927282e+01 +8.5478e-01 +3.0144e+00
731 0 +5.102078640e-04 -6.784948979e+01 -6.784948979e+01 +8.6471e-01 +3.0144e+00
735 0 +2.340010223e-04 -6.784976600e+01 -6.784976600e+01 +8.6713e-01 +3.0144e+00
738 0 +3.817199396e-05 -6.784996183e+01 -6.784996183e+01 +8.7616e-01 +3.0144e+00
742 0 +2.931556550e-05 -6.784997068e+01 -6.784997068e+01 +8.8559e-01 +3.0144e+00
743 0 +7.333317754e-06 -6.784999267e+01 -6.784999267e+01 +8.7962e-01 +3.0144e+00
893 0 +3.250238322e-06 -6.784999675e+01 -6.784999675e+01 +8.8286e-01 +3.0144e+00
937 0 +1.317153831e-06 -6.784999868e+01 -6.784999868e+01 +8.8156e-01 +3.0144e+00
980 0 +6.135049944e-07 -6.784999939e+01 -6.784999939e+01 +8.8169e-01 +3.0144e+00
1000 0 +3.625015665e-07 -6.784999964e+01 -6.784999964e+01 +8.8181e-01 +3.0144e+00
1002 0 +6.659315943e-08 -6.784999993e+01 -6.784999993e+01 +8.8170e-01 +3.0144e+00
1015 0 +5.101517786e-08 -6.784999995e+01 -6.784999995e+01 +8.8145e-01 +3.0144e+00
1030 0 +3.148258543e-09 -6.785000000e+01 -6.785000000e+01 +8.8166e-01 +3.0144e+00
1333 0 +0.000000000e+00 -6.785000000e+01 -6.785000000e+01 +8.8160e-01 +3.0144e+00
% f evaluations | g evaluations | best noise-free fitness - Fopt (-3.639800000000e+02) + sum g_i+ | measured fitness | best measured fitness or single-digit g-values | x1 | x2...
1 0 +9.843284172e+06 +9.842920192e+06 +9.842920192e+06 +0.0000e+00 +0.0000e+00
2 0 +9.630322674e+06 +9.629958694e+06 +9.629958694e+06 +4.3379e-01 +3.0692e-02
3 0 +7.652293594e+06 +7.651929614e+06 +7.651929614e+06 +9.8026e-02 +3.4094e-01
12 0 +7.187222977e+06 +7.186858997e+06 +7.186858997e+06 +3.1024e-01 +4.2322e-01
16 0 +6.819186205e+06 +6.818822225e+06 +6.818822225e+06 -1.3656e-01 +4.9199e-01
21 0 +4.967940240e+06 +4.967576260e+06 +4.967576260e+06 +3.9322e-01 +9.1478e-01
31 0 +4.415389430e+06 +4.415025450e+06 +4.415025450e+06 +1.2232e-01 +1.0801e+00
37 0 +3.773273102e+06 +3.772909122e+06 +3.772909122e+06 +6.5897e-01 +1.3016e+00
46 0 +2.992425148e+06 +2.992061168e+06 +2.992061168e+06 +4.6650e-01 +1.5833e+00
54 0 +1.786020685e+06 +1.785656705e+06 +1.785656705e+06 +6.7757e-01 +1.9512e+00
56 0 +7.961727403e+05 +7.958087603e+05 +7.958087603e+05 +6.5415e-01 +2.2680e+00
61 0 +3.801812664e+05 +3.798172864e+05 +3.798172864e+05 +1.0321e+00 +2.5183e+00
66 0 +6.697882750e+03 +6.333902750e+03 +6.333902750e+03 +6.2105e-01 +3.2739e+00
71 0 +9.635662599e+02 +5.995862599e+02 +5.995862599e+02 +5.3300e-01 +3.2238e+00
124 0 +2.750521627e+02 -8.892783728e+01 -8.892783728e+01 +4.7521e-01 +3.2076e+00
148 0 +9.804382583e+01 -2.659361742e+02 -2.659361742e+02 +6.5186e-01 +3.2001e+00
195 0 +5.410093363e+01 -3.098790664e+02 -3.098790664e+02 +6.2955e-01 +3.1977e+00
203 0 +3.557117068e+01 -3.284088293e+02 -3.284088293e+02 +6.3265e-01 +3.1847e+00
204 0 +6.780074795e+00 -3.571999252e+02 -3.571999252e+02 +6.3556e-01 +3.1880e+00
225 0 +3.073093808e+00 -3.609069062e+02 -3.609069062e+02 +6.2917e-01 +3.1916e+00
238 0 +2.011483309e+00 -3.619685167e+02 -3.619685167e+02 +6.3031e-01 +3.1911e+00
246 0 +1.737633431e+00 -3.622423666e+02 -3.622423666e+02 +6.3151e-01 +3.1908e+00
260 0 +1.570873336e+00 -3.624091267e+02 -3.624091267e+02 +6.3435e-01 +3.1903e+00
517 0 +1.523883763e+00 -3.624561162e+02 -3.624561162e+02 +6.4789e-01 +3.1903e+00
532 0 +1.513375217e+00 -3.624666248e+02 -3.624666248e+02 +6.5062e-01 +3.1904e+00
550 0 +1.440337877e+00 -3.625396621e+02 -3.625396621e+02 +6.7430e-01 +3.1903e+00
567 0 +1.330323782e+00 -3.626496762e+02 -3.626496762e+02 +7.1194e-01 +3.1902e+00
597 0 +1.306932991e+00 -3.626730670e+02 -3.626730670e+02 +7.1694e-01 +3.1903e+00
602 0 +1.280364273e+00 -3.626996357e+02 -3.626996357e+02 +7.6758e-01 +3.1900e+00
605 0 +1.231781038e+00 -3.627482190e+02 -3.627482190e+02 +7.5075e-01 +3.1902e+00
606 0 +1.208798487e+00 -3.627712015e+02 -3.627712015e+02 +7.7298e-01 +3.1901e+00
612 0 +1.184551724e+00 -3.627954483e+02 -3.627954483e+02 +8.2493e-01 +3.1900e+00
620 0 +1.147457287e+00 -3.628325427e+02 -3.628325427e+02 +7.8716e-01 +3.1901e+00
625 0 +1.113726205e+00 -3.628662738e+02 -3.628662738e+02 +7.9762e-01 +3.1901e+00
635 0 +9.303647963e-01 -3.630496352e+02 -3.630496352e+02 +8.7833e-01 +3.1901e+00
650 0 +8.745222747e-01 -3.631054777e+02 -3.631054777e+02 +8.8585e-01 +3.1901e+00
655 0 +7.345342207e-01 -3.632454658e+02 -3.632454658e+02 +9.4937e-01 +3.1901e+00
665 0 +6.142362833e-01 -3.633657637e+02 -3.633657637e+02 +1.0419e+00 +3.1901e+00
671 0 +5.726181965e-01 -3.634073818e+02 -3.634073818e+02 +1.0168e+00 +3.1902e+00
675 0 +5.607007063e-01 -3.634192993e+02 -3.634192993e+02 +1.0275e+00 +3.1902e+00
676 0 +5.397526325e-01 -3.634402474e+02 -3.634402474e+02 +1.0182e+00 +3.1905e+00
681 0 +5.154995787e-01 -3.634645004e+02 -3.634645004e+02 +1.0325e+00 +3.1904e+00
683 0 +3.958646816e-01 -3.635841353e+02 -3.635841353e+02 +1.1268e+00 +3.1905e+00
688 0 +3.416536725e-01 -3.636383463e+02 -3.636383463e+02 +1.3198e+00 +3.1901e+00
689 0 +3.084351279e-01 -3.636715649e+02 -3.636715649e+02 +1.2261e+00 +3.1903e+00
694 0 +2.449341223e-01 -3.637350659e+02 -3.637350659e+02 +1.3113e+00 +3.1904e+00
697 0 +1.255977034e-01 -3.638544023e+02 -3.638544023e+02 +1.5307e+00 +3.1906e+00
705 0 +4.544625533e-02 -3.639345537e+02 -3.639345537e+02 +1.7376e+00 +3.1906e+00
720 0 +3.980802846e-02 -3.639401920e+02 -3.639401920e+02 +1.8121e+00 +3.1902e+00
729 0 +1.762592316e-02 -3.639623741e+02 -3.639623741e+02 +1.7102e+00 +3.1903e+00
754 0 +8.088561084e-03 -3.639719114e+02 -3.639719114e+02 +1.8379e+00 +3.1903e+00
764 0 +2.164510285e-03 -3.639778355e+02 -3.639778355e+02 +1.7679e+00 +3.1904e+00
778 0 +9.762771664e-04 -3.639790237e+02 -3.639790237e+02 +1.7820e+00 +3.1904e+00
785 0 +3.011370235e-04 -3.639796989e+02 -3.639796989e+02 +1.8278e+00 +3.1904e+00
827 0 +5.036230766e-05 -3.639799496e+02 -3.639799496e+02 +1.8072e+00 +3.1904e+00
844 0 +1.446641528e-05 -3.639799855e+02 -3.639799855e+02 +1.8082e+00 +3.1904e+00
876 0 +5.184275437e-06 -3.639799948e+02 -3.639799948e+02 +1.8098e+00 +3.1904e+00
883 0 +2.644830545e-06 -3.639799974e+02 -3.639799974e+02 +1.8098e+00 +3.1904e+00
884 0 +4.828022497e-07 -3.639799995e+02 -3.639799995e+02 +1.8108e+00 +3.1904e+00
959 0 +1.605986313e-07 -3.639799998e+02 -3.639799998e+02 +1.8108e+00 +3.1904e+00
1000 0 +4.948998367e-08 -3.639800000e+02 -3.639800000e+02 +1.8111e+00 +3.1904e+00
1019 0 +3.545909522e-08 -3.639800000e+02 -3.639800000e+02 +1.8110e+00 +3.1904e+00
1035 0 +7.991957318e-09 -3.639800000e+02 -3.639800000e+02 +1.8112e+00 +3.1904e+00
1368 0 +0.000000000e+00 -3.639800000e+02 -3.639800000e+02 +1.8112e+00 +3.1904e+00
% f evaluations | g evaluations | best noise-free fitness - Fopt (-1.865000000000e+01) + sum g_i+ | measured fitness | best measured fitness or single-digit g-values | x1 | x2...
1 0 +6.796731289e+06 +6.796712639e+06 +6.796712639e+06 +0.0000e+00 +0.0000e+00
5 0 +5.040901216e+06 +5.040882566e+06 +5.040882566e+06 -1.1375e-01 -3.0566e-01
13 0 +4.603944148e+06 +4.603925498e+06 +4.603925498e+06 +3.3015e-01 -3.6944e-01
25 0 +4.349577116e+06 +4.349558466e+06 +4.349558466e+06 +3.6082e-01 -4.0656e-01
28 0 +3.960479764e+06 +3.960461114e+06 +3.960461114e+06 +4.7565e-01 -4.6458e-01
30 0 +3.323327252e+06 +3.323308602e+06 +3.323308602e+06 +5.8852e-01 -5.6805e-01
34 0 +2.181727426e+06 +2.181708776e+06 +2.181708776e+06 +6.7360e-01 -8.7658e-01
38 0 +4.867959789e+05 +4.867773289e+05 +4.867773289e+05 +1.5241e+00 -1.7903e+00
47 0 +1.827227344e+05 +1.827040844e+05 +1.827040844e+05 +3.1955e+00 -2.8809e+00
50 0 +1.161599265e+04 +1.159734265e+04 +1.159734265e+04 +2.4997e+00 -2.5744e+00
92 0 +2.915250092e+03 +2.896600092e+03 +2.896600092e+03 +1.7103e+00 -2.5197e+00
114 0 +1.670930760e+03 +1.652280760e+03 +1.652280760e+03 +1.6592e+00 -2.5037e+00
125 0 +8.436577510e+02 +8.250077510e+02 +8.250077510e+02 +1.4992e+00 -2.4380e+00
154 0 +6.952186493e+02 +6.765686493e+02 +6.765686493e+02 +1.6653e+00 -2.4410e+00
155 0 +5.411201352e+02 +5.224701352e+02 +5.224701352e+02 +1.6864e+00 -2.4891e+00
169 0 +2.114412240e+02 +1.927912240e+02 +1.927912240e+02 +1.6598e+00 -2.4799e+00
181 0 +2.901207296e+01 +1.036207296e+01 +1.036207296e+01 +1.6366e+00 -2.4706e+00
188 0 +7.434613579e+00 -1.121538642e+01 -1.121538642e+01 +1.6608e+00 -2.4626e+00
196 0 +7.175071035e+00 -1.147492896e+01 -1.147492896e+01 +1.6366e+00 -2.4627e+00
197 0 +2.732672177e+00 -1.591732782e+01 -1.591732782e+01 +1.6319e+00 -2.4673e+00
199 0 +1.367873176e-01 -1.851321268e+01 -1.851321268e+01 +1.6511e+00 -2.4659e+00
277 0 +3.457152508e-02 -1.861542847e+01 -1.861542847e+01 +1.6410e+00 -2.4655e+00
323 0 +2.935597872e-02 -1.862064402e+01 -1.862064402e+01 +1.6329e+00 -2.4656e+00
344 0 +2.633276054e-02 -1.862366724e+01 -1.862366724e+01 +1.6315e+00 -2.4656e+00
669 0 +2.619564087e-02 -1.862380436e+01 -1.862380436e+01 +1.6297e+00 -2.4656e+00
694 0 +2.568201849e-02 -1.862431798e+01 -1.862431798e+01 +1.6277e+00 -2.4656e+00
776 0 +2.508078865e-02 -1.862491921e+01 -1.862491921e+01 +1.6271e+00 -2.4656e+00
827 0 +2.446256655e-02 -1.862553743e+01 -1.862553743e+01 +1.6242e+00 -2.4656e+00
853 0 +2.353602619e-02 -1.862646397e+01 -1.862646397e+01 +1.6237e+00 -2.4656e+00
875 0 +2.310112947e-02 -1.862689887e+01 -1.862689887e+01 +1.6204e+00 -2.4656e+00
881 0 +2.283364683e-02 -1.862716635e+01 -1.862716635e+01 +1.6173e+00 -2.4656e+00
893 0 +2.086387990e-02 -1.862913612e+01 -1.862913612e+01 +1.6151e+00 -2.4656e+00
899 0 +2.037049117e-02 -1.862962951e+01 -1.862962951e+01 +1.6143e+00 -2.4656e+00
903 0 +1.960402160e-02 -1.863039598e+01 -1.863039598e+01 +1.6133e+00 -2.4656e+00
937 0 +1.810158254e-02 -1.863189842e+01 -1.863189842e+01 +1.6078e+00 -2.4656e+00
964 0 +1.777080040e-02 -1.863222920e+01 -1.863222920e+01 +1.6047e+00 -2.4656e+00
980 0 +1.511057539e-02 -1.863488942e+01 -1.863488942e+01 +1.5857e+00 -2.4656e+00
992 0 +1.421903252e-02 -1.863578097e+01 -1.863578097e+01 +1.5598e+00 -2.4657e+00
1000 0 +1.364302251e-02 -1.863635698e+01 -1.863635698e+01 +1.5767e+00 -2.4656e+00
1001 0 +4.248945120e-03 -1.864575105e+01 -1.864575105e+01 +1.5265e+00 -2.4656e+00
1025 0 +3.715995967e-03 -1.864628400e+01 -1.864628400e+01 +1.5272e+00 -2.4656e+00
1028 0 +3.304769545e-03 -1.864669523e+01 -1.864669523e+01 +1.5195e+00 -2.4656e+00
1030 0 +1.433460369e-03 -1.864856654e+01 -1.864856654e+01 +1.5012e+00 -2.4656e+00
1031 0 +9.532484932e-04 -1.864904675e+01 -1.864904675e+01 +1.4845e+00 -2.4656e+00
1033 0 +2.026797872e-04 -1.864979732e+01 -1.864979732e+01 +1.4805e+00 -2.4656e+00
1037 0 +2.460279968e-05 -1.864997540e+01 -1.864997540e+01 +1.4629e+00 -2.4656e+00
1044 0 +2.317800378e-05 -1.864997682e+01 -1.864997682e+01 +1.4716e+00 -2.4656e+00
1118 0 +1.344285856e-05 -1.864998656e+01 -1.864998656e+01 +1.4643e+00 -2.4656e+00
1130 0 +1.036660699e-05 -1.864998963e+01 -1.864998963e+01 +1.4701e+00 -2.4656e+00
1135 0 +5.272193704e-07 -1.864999947e+01 -1.864999947e+01 +1.4665e+00 -2.4656e+00
1181 0 +3.183229680e-08 -1.864999997e+01 -1.864999997e+01 +1.4671e+00 -2.4656e+00
1233 0 +1.563305574e-08 -1.864999998e+01 -1.864999998e+01 +1.4673e+00 -2.4656e+00
1254 0 +4.352571636e-10 -1.865000000e+01 -1.865000000e+01 +1.4672e+00 -2.4656e+00
1519 0 +0.000000000e+00 -1.865000000e+01 -1.865000000e+01 +1.4672e+00 -2.4656e+00
% f evaluations | g evaluations | best noise-free fitness - Fopt (1.749200000000e+02) + sum g_i+ | measured fitness | best measured fitness or single-digit g-values | x1 | x2...
1 0 +3.040276671e+06 +3.040451591e+06 +3.040451591e+06 +0.0000e+00 +0.0000e+00
5 0 +2.109634146e+06 +2.109809066e+06 +2.109809066e+06 -1.1375e-01 -3.0566e-01
13 0 +2.050269137e+06 +2.050444057e+06 +2.050444057e+06 +3.3015e-01 -3.6944e-01
25 0 +2.027267998e+06 +2.027442918e+06 +2.027442918e+06 +3.6082e-01 -4.0656e-01
30 0 +1.902919861e+06 +1.903094781e+06 +1.903094781e+06 +5.8852e-01 -5.6805e-01
34 0 +8.865469572e+05 +8.867218772e+05 +8.867218772e+05 +6.7360e-01 -8.7658e-01
38 0 +3.470910890e+03 +3.645830890e+03 +3.645830890e+03 +1.5241e+00 -1.7903e+00
112 0 +1.400295770e+03 +1.575215770e+03 +1.575215770e+03 +1.1050e+00 -1.8053e+00
113 0 +5.626829364e+01 +2.311882936e+02 +2.311882936e+02 +6.9871e-01 -1.8527e+00
184 0 +3.351923145e+01 +2.084392314e+02 +2.084392314e+02 +7.2337e-01 -1.8500e+00
218 0 +1.658296822e+01 +1.915029682e+02 +1.915029682e+02 +7.8935e-01 -1.8412e+00
247 0 +1.035175166e+01 +1.852717517e+02 +1.852717517e+02 +7.7552e-01 -1.8420e+00
271 0 +4.984743125e+00 +1.799047431e+02 +1.799047431e+02 +7.9150e-01 -1.8460e+00
278 0 +4.682267111e+00 +1.796022671e+02 +1.796022671e+02 +7.5913e-01 -1.8437e+00
281 0 +3.497461356e+00 +1.784174614e+02 +1.784174614e+02 +7.7420e-01 -1.8449e+00
316 0 +3.436396954e+00 +1.783563970e+02 +1.783563970e+02 +7.6168e-01 -1.8449e+00
569 0 +3.385546342e+00 +1.783055463e+02 +1.783055463e+02 +7.5369e-01 -1.8447e+00
591 0 +3.251951134e+00 +1.781719511e+02 +1.781719511e+02 +7.2058e-01 -1.8445e+00
598 0 +3.178123022e+00 +1.780981230e+02 +1.780981230e+02 +7.0888e-01 -1.8445e+00
613 0 +3.142683333e+00 +1.780626833e+02 +1.780626833e+02 +7.1028e-01 -1.8447e+00
618 0 +2.951762877e+00 +1.778717629e+02 +1.778717629e+02 +6.4437e-01 -1.8444e+00
626 0 +2.812955365e+00 +1.777329554e+02 +1.777329554e+02 +6.0943e-01 -1.8444e+00
632 0 +2.752479719e+00 +1.776724797e+02 +1.776724797e+02 +5.6592e-01 -1.8443e+00
633 0 +2.450391962e+00 +1.773703920e+02 +1.773703920e+02 +4.7503e-01 -1.8444e+00
641 0 +2.315903760e+00 +1.772359038e+02 +1.772359038e+02 +4.0086e-01 -1.8444e+00
653 0 +2.208991829e+00 +1.771289918e+02 +1.771289918e+02 -2.9341e-01 -1.8435e+00
672 0 +1.912835532e+00 +1.768328355e+02 +1.768328355e+02 -4.8691e-01 -1.8437e+00
745 0 +1.820762290e+00 +1.767407623e+02 +1.767407623e+02 -2.3416e-01 -1.8438e+00
755 0 +1.800043262e+00 +1.767200433e+02 +1.767200433e+02 -3.4708e-01 -1.8437e+00
756 0 +1.768460328e+00 +1.766884603e+02 +1.766884603e+02 -2.9835e-01 -1.8438e+00
758 0 +1.578474320e+00 +1.764984743e+02 +1.764984743e+02 -2.1966e-01 -1.8439e+00
767 0 +1.419875502e+00 +1.763398755e+02 +1.763398755e+02 -3.1031e-01 -1.8439e+00
772 0 +1.225956195e+00 +1.761459562e+02 +1.761459562e+02 -4.2503e-01 -1.8439e+00
773 0 +1.189844166e+00 +1.761098442e+02 +1.761098442e+02 -3.9648e-01 -1.8440e+00
774 0 +1.117041384e+00 +1.760370414e+02 +1.760370414e+02 -2.5004e-01 -1.8441e+00
779 0 +1.492841862e-01 +1.750692842e+02 +1.750692842e+02 -7.6556e-01 -1.8447e+00
787 0 +3.791576352e-02 +1.749579158e+02 +1.749579158e+02 -1.0808e+00 -1.8450e+00
819 0 +2.093036005e-02 +1.749409304e+02 +1.749409304e+02 -1.0957e+00 -1.8447e+00
980 0 +1.769551251e-02 +1.749376955e+02 +1.749376955e+02 -1.2235e+00 -1.8447e+00
1000 0 +5.525687404e-03 +1.749255257e+02 +1.749255257e+02 -1.1979e+00 -1.8447e+00
1031 0 +5.413377623e-03 +1.749254134e+02 +1.749254134e+02 -1.2113e+00 -1.8448e+00
1037 0 +4.069895434e-03 +1.749240699e+02 +1.749240699e+02 -1.1750e+00 -1.8447e+00
1042 0 +2.884929316e-03 +1.749228849e+02 +1.749228849e+02 -1.2050e+00 -1.8448e+00
1043 0 +4.209249153e-04 +1.749204209e+02 +1.749204209e+02 -1.1692e+00 -1.8448e+00
1051 0 +4.054783736e-04 +1.749204055e+02 +1.749204055e+02 -1.1633e+00 -1.8448e+00
1053 0 +3.796369815e-04 +1.749203796e+02 +1.749203796e+02 -1.1377e+00 -1.8448e+00
1078 0 +1.586030121e-04 +1.749201586e+02 +1.749201586e+02 -1.1566e+00 -1.8448e+00
1086 0 +8.535357361e-05 +1.749200854e+02 +1.749200854e+02 -1.1550e+00 -1.8448e+00
1091 0 +5.520945854e-05 +1.749200552e+02 +1.749200552e+02 -1.1594e+00 -1.8448e+00
1098 0 +5.215762803e-05 +1.749200522e+02 +1.749200522e+02 -1.1598e+00 -1.8448e+00
1112 0 +1.206028145e-06 +1.749200012e+02 +1.749200012e+02 -1.1513e+00 -1.8448e+00
1151 0 +6.593055275e-07 +1.749200007e+02 +1.749200007e+02 -1.1521e+00 -1.8448e+00
1161 0 +4.258729973e-07 +1.749200004e+02 +1.749200004e+02 -1.1526e+00 -1.8448e+00
1192 0 +1.119255728e-07 +1.749200001e+02 +1.749200001e+02 -1.1523e+00 -1.8448e+00
1234 0 +3.826971806e-08 +1.749200000e+02 +1.749200000e+02 -1.1519e+00 -1.8448e+00
1237 0 +7.038664762e-09 +1.749200000e+02 +1.749200000e+02 -1.1520e+00 -1.8448e+00
1519 0 +0.000000000e+00 +1.749200000e+02 +1.749200000e+02 -1.1520e+00 -1.8448e+00
% f evaluations | g evaluations | best noise-free fitness - Fopt (-5.659600000000e+02) + sum g_i+ | measured fitness | best measured fitness or single-digit g-values | x1 | x2...
1 0 +5.556634776e+04 +5.500038776e+04 +5.500038776e+04 +0.0000e+00 +0.0000e+00
2 0 +4.351272166e+04 +4.294676166e+04 +4.294676166e+04 +4.3379e-01 +3.0692e-02
3 0 +1.261708718e+04 +1.205112718e+04 +1.205112718e+04 +9.8026e-02 +3.4094e-01
4 0 +3.467620537e+03 +2.901660537e+03 +2.901660537e+03 +2.4727e-01 +1.7369e-01
8 0 +2.134624003e+03 +1.568664003e+03 +1.568664003e+03 +1.9782e-01 +1.9267e-01
9 0 +2.288642186e+02 -3.370957814e+02 -3.370957814e+02 +8.7763e-04 +2.5121e-01
11 0 +1.755018180e+02 -3.904581820e+02 -3.904581820e+02 -9.3288e-03 +2.4904e-01
22 0 +7.734853843e+00 -5.582251462e+02 -5.582251462e+02 +1.4872e-01 +2.3834e-01
51 0 +5.310750723e+00 -5.606492493e+02 -5.606492493e+02 +3.2299e-01 +2.3410e-01
101 0 +2.106535887e+00 -5.638534641e+02 -5.638534641e+02 +3.0490e-01 +2.3648e-01
153 0 +1.858460395e+00 -5.641015396e+02 -5.641015396e+02 +2.9208e-01 +2.3602e-01
494 0 +1.814117526e+00 -5.641458825e+02 -5.641458825e+02 +2.7054e-01 +2.3600e-01
508 0 +1.751242063e+00 -5.642087579e+02 -5.642087579e+02 +2.4317e-01 +2.3594e-01
518 0 +1.697400227e+00 -5.642625998e+02 -5.642625998e+02 +2.1508e-01 +2.3581e-01
524 0 +1.595684433e+00 -5.643643156e+02 -5.643643156e+02 +1.7613e-01 +2.3573e-01
528 0 +1.346292371e+00 -5.646137076e+02 -5.646137076e+02 +1.0527e-01 +2.3569e-01
540 0 +1.284045584e+00 -5.646759544e+02 -5.646759544e+02 +1.9660e-02 +2.3543e-01
547 0 +1.242442267e+00 -5.647175577e+02 -5.647175577e+02 -4.2124e-02 +2.3526e-01
553 0 +1.225000605e+00 -5.647349994e+02 -5.647349994e+02 -1.6450e-01 +2.3513e-01
556 0 +1.002381900e+00 -5.649576181e+02 -5.649576181e+02 +1.6357e-02 +2.3569e-01
567 0 +8.268613697e-01 -5.651331386e+02 -5.651331386e+02 -2.0303e-02 +2.3579e-01
604 0 +8.016940829e-01 -5.651583059e+02 -5.651583059e+02 -6.1597e-02 +2.3566e-01
612 0 +6.867580301e-01 -5.652732420e+02 -5.652732420e+02 -1.4166e-01 +2.3565e-01
643 0 +5.670913981e-01 -5.653929086e+02 -5.653929086e+02 -3.9589e-01 +2.3559e-01
649 0 +5.158157366e-01 -5.654441843e+02 -5.654441843e+02 -2.5058e-01 +2.3586e-01
664 0 +4.617267432e-01 -5.654982733e+02 -5.654982733e+02 -3.2610e-01 +2.3596e-01
665 0 +4.414825741e-01 -5.655185174e+02 -5.655185174e+02 -4.2939e-01 +2.3564e-01
675 0 +4.339514829e-01 -5.655260485e+02 -5.655260485e+02 -3.8039e-01 +2.3578e-01
688 0 +2.176778382e-01 -5.657423222e+02 -5.657423222e+02 -4.9237e-01 +2.3587e-01
705 0 +1.890985173e-01 -5.657709015e+02 -5.657709015e+02 -6.1330e-01 +2.3572e-01
720 0 +4.257856932e-02 -5.659174214e+02 -5.659174214e+02 -8.1371e-01 +2.3585e-01
724 0 +3.009036137e-02 -5.659299096e+02 -5.659299096e+02 -8.9291e-01 +2.3584e-01
732 0 +2.735329809e-02 -5.659326467e+02 -5.659326467e+02 -1.0032e+00 +2.3584e-01
735 0 +7.204718906e-03 -5.659527953e+02 -5.659527953e+02 -9.3015e-01 +2.3592e-01
741 0 +2.629482813e-04 -5.659597371e+02 -5.659597371e+02 -9.6112e-01 +2.3598e-01
794 0 +1.773726519e-04 -5.659598226e+02 -5.659598226e+02 -9.5357e-01 +2.3601e-01
799 0 +4.744766784e-07 -5.659599995e+02 -5.659599995e+02 -9.5719e-01 +2.3600e-01
929 0 +3.657210073e-07 -5.659599996e+02 -5.659599996e+02 -9.5711e-01 +2.3600e-01
931 0 +6.789070994e-08 -5.659599999e+02 -5.659599999e+02 -9.5734e-01 +2.3600e-01
997 0 +5.297567895e-08 -5.659599999e+02 -5.659599999e+02 -9.5758e-01 +2.3600e-01
998 0 +1.535124738e-08 -5.659600000e+02 -5.659600000e+02 -9.5751e-01 +2.3600e-01
999 0 +1.281637196e-08 -5.659600000e+02 -5.659600000e+02 -9.5761e-01 +2.3600e-01
1013 0 +1.256159976e-08 -5.659600000e+02 -5.659600000e+02 -9.5752e-01 +2.3600e-01
1016 0 +6.977870726e-09 -5.659600000e+02 -5.659600000e+02 -9.5752e-01 +2.3600e-01
1293 0 +0.000000000e+00 -5.659600000e+02 -5.659600000e+02 -9.5760e-01 +2.3600e-01
% f evaluations | g evaluations | best noise-free fitness - Fopt (7.095000000000e+01) + sum g_i+ | measured fitness | best measured fitness or single-digit g-values | x1 | x2...
1 0 +1.240197863e+06 +1.240268813e+06 +1.240268813e+06 +0.0000e+00 +0.0000e+00
2 0 +1.143758864e+06 +1.143829814e+06 +1.143829814e+06 +4.3379e-01 +3.0692e-02
3 0 +4.567476415e+05 +4.568185915e+05 +4.568185915e+05 +9.8026e-02 +3.4094e-01
12 0 +3.643304316e+05 +3.644013816e+05 +3.644013816e+05 +3.1024e-01 +4.2322e-01
16 0 +3.062981246e+05 +3.063690746e+05 +3.063690746e+05 -1.3656e-01 +4.9199e-01
21 0 +3.016260672e+04 +3.023355672e+04 +3.023355672e+04 +3.9322e-01 +9.1478e-01
31 0 +1.169212295e+00 +7.211921230e+01 +7.211921230e+01 +1.2232e-01 +1.0801e+00
173 0 +5.714509578e-01 +7.152145096e+01 +7.152145096e+01 +2.8294e-01 +1.0799e+00
182 0 +3.594703170e-01 +7.130947032e+01 +7.130947032e+01 +2.0608e-01 +1.0796e+00
203 0 +3.359520310e-01 +7.128595203e+01 +7.128595203e+01 +2.1597e-01 +1.0796e+00
218 0 +2.812051810e-01 +7.123120518e+01 +7.123120518e+01 +2.1707e-01 +1.0789e+00
225 0 +1.758260534e-01 +7.112582605e+01 +7.112582605e+01 +2.0997e-01 +1.0792e+00
251 0 +1.647719275e-01 +7.111477193e+01 +7.111477193e+01 +2.2323e-01 +1.0792e+00
258 0 +1.574374593e-01 +7.110743746e+01 +7.110743746e+01 +2.3059e-01 +1.0792e+00
419 0 +1.537912455e-01 +7.110379125e+01 +7.110379125e+01 +2.4936e-01 +1.0793e+00
432 0 +1.501472305e-01 +7.110014723e+01 +7.110014723e+01 +2.4681e-01 +1.0793e+00
446 0 +1.455408915e-01 +7.109554089e+01 +7.109554089e+01 +2.4983e-01 +1.0793e+00
455 0 +1.332025799e-01 +7.108320258e+01 +7.108320258e+01 +2.7316e-01 +1.0793e+00
459 0 +1.311122703e-01 +7.108111227e+01 +7.108111227e+01 +2.6320e-01 +1.0792e+00
466 0 +1.164245877e-01 +7.106642459e+01 +7.106642459e+01 +2.9744e-01 +1.0793e+00
473 0 +1.058205896e-01 +7.105582059e+01 +7.105582059e+01 +3.0306e-01 +1.0793e+00
478 0 +6.354634820e-02 +7.101354635e+01 +7.101354635e+01 +3.6205e-01 +1.0792e+00
483 0 +5.190870676e-02 +7.100190871e+01 +7.100190871e+01 +3.9332e-01 +1.0792e+00
486 0 +7.812156155e-03 +7.095781216e+01 +7.095781216e+01 +5.2818e-01 +1.0792e+00
489 0 +7.372155324e-03 +7.095737216e+01 +7.095737216e+01 +5.5388e-01 +1.0791e+00
498 0 +2.658314871e-03 +7.095265831e+01 +7.095265831e+01 +6.6119e-01 +1.0792e+00
519 0 +1.819877386e-03 +7.095181988e+01 +7.095181988e+01 +6.5016e-01 +1.0792e+00
539 0 +1.714645420e-03 +7.095171465e+01 +7.095171465e+01 +6.2823e-01 +1.0792e+00
543 0 +1.217255001e-03 +7.095121726e+01 +7.095121726e+01 +5.9201e-01 +1.0792e+00
547 0 +2.493713477e-04 +7.095024937e+01 +7.095024937e+01 +6.1130e-01 +1.0792e+00
557 0 +2.592463582e-05 +7.095002592e+01 +7.095002592e+01 +6.1274e-01 +1.0792e+00
572 0 +1.251609875e-05 +7.095001252e+01 +7.095001252e+01 +6.1135e-01 +1.0792e+00
617 0 +5.578836209e-06 +7.095000558e+01 +7.095000558e+01 +6.1333e-01 +1.0792e+00
645 0 +1.546012655e-06 +7.095000155e+01 +7.095000155e+01 +6.1416e-01 +1.0792e+00
652 0 +1.130621186e-06 +7.095000113e+01 +7.095000113e+01 +6.1370e-01 +1.0792e+00
659 0 +3.193246414e-07 +7.095000032e+01 +7.095000032e+01 +6.1421e-01 +1.0792e+00
731 0 +3.088153306e-07 +7.095000031e+01 +7.095000031e+01 +6.1389e-01 +1.0792e+00
735 0 +1.647212429e-07 +7.095000016e+01 +7.095000016e+01 +6.1419e-01 +1.0792e+00
741 0 +5.435887829e-08 +7.095000005e+01 +7.095000005e+01 +6.1430e-01 +1.0792e+00
742 0 +4.252451902e-08 +7.095000004e+01 +7.095000004e+01 +6.1445e-01 +1.0792e+00
747 0 +5.676454862e-09 +7.095000001e+01 +7.095000001e+01 +6.1439e-01 +1.0792e+00
1000 0 +0.000000000e+00 +7.095000000e+01 +7.095000000e+01 +6.1440e-01 +1.0792e+00
% f evaluations | g evaluations | best noise-free fitness - Fopt (4.728000000000e+01) + sum g_i+ | measured fitness | best measured fitness or single-digit g-values | x1 | x2...
1 0 +5.436595033e+05 +5.437067833e+05 +5.437067833e+05 +0.0000e+00 +0.0000e+00
5 0 +2.541781255e+05 +2.542254055e+05 +2.542254055e+05 -1.1375e-01 -3.0566e-01
13 0 +1.703345701e+05 +1.703818501e+05 +1.703818501e+05 +3.3015e-01 -3.6944e-01
25 0 +1.439203882e+05 +1.439676682e+05 +1.439676682e+05 +3.6082e-01 -4.0656e-01
28 0 +1.186526451e+05 +1.186999251e+05 +1.186999251e+05 +4.7565e-01 -4.6458e-01
30 0 +5.662631535e+04 +5.667359535e+04 +5.667359535e+04 +5.8852e-01 -5.6805e-01
34 0 +4.130297247e+03 +4.177577247e+03 +4.177577247e+03 +6.7360e-01 -8.7658e-01
43 0 +2.449986495e+03 +2.497266495e+03 +2.497266495e+03 +1.2447e+00 -8.5367e-01
44 0 +5.201895287e+02 +5.674695287e+02 +5.674695287e+02 +8.6849e-01 -8.2925e-01
87 0 +2.825343955e+01 +7.553343955e+01 +7.553343955e+01 +1.1257e+00 -8.0207e-01
88 0 +2.232981340e+01 +6.960981340e+01 +6.960981340e+01 +1.0153e+00 -8.1007e-01
155 0 +1.356304579e+01 +6.084304579e+01 +6.084304579e+01 +9.9132e-01 -8.0366e-01
175 0 +7.023031037e+00 +5.430303104e+01 +5.430303104e+01 +9.9809e-01 -8.0593e-01
248 0 +6.914131806e+00 +5.419413181e+01 +5.419413181e+01 +9.7877e-01 -8.0647e-01
483 0 +6.729863393e+00 +5.400986339e+01 +5.400986339e+01 +1.0134e+00 -8.0637e-01
486 0 +6.552045714e+00 +5.383204571e+01 +5.383204571e+01 +1.0499e+00 -8.0649e-01
492 0 +6.290112987e+00 +5.357011299e+01 +5.357011299e+01 +1.1023e+00 -8.0635e-01
496 0 +6.109474943e+00 +5.338947494e+01 +5.338947494e+01 +1.1402e+00 -8.0641e-01
500 0 +5.771390055e+00 +5.305139005e+01 +5.305139005e+01 +1.2546e+00 -8.0678e-01
516 0 +5.566049307e+00 +5.284604931e+01 +5.284604931e+01 +1.6435e+00 -8.0757e-01
517 0 +4.885878314e+00 +5.216587831e+01 +5.216587831e+01 +1.4628e+00 -8.0668e-01
529 0 +4.772774411e+00 +5.205277441e+01 +5.205277441e+01 +1.8165e+00 -8.0745e-01
536 0 +4.366343798e+00 +5.164634380e+01 +5.164634380e+01 +1.6334e+00 -8.0672e-01
541 0 +4.109479415e+00 +5.138947941e+01 +5.138947941e+01 +1.9140e+00 -8.0723e-01
550 0 +3.620914112e+00 +5.090091411e+01 +5.090091411e+01 +2.1057e+00 -8.0727e-01
556 0 +3.380995489e+00 +5.066099549e+01 +5.066099549e+01 +2.1351e+00 -8.0715e-01
567 0 +1.947823533e+00 +4.922782353e+01 +4.922782353e+01 +2.6022e+00 -8.0726e-01
602 0 +1.747109190e+00 +4.902710919e+01 +4.902710919e+01 +2.8430e+00 -8.0748e-01
604 0 +1.567808792e+00 +4.884780879e+01 +4.884780879e+01 +3.0274e+00 -8.0752e-01
606 0 +1.534272620e+00 +4.881427262e+01 +4.881427262e+01 +2.7405e+00 -8.0725e-01
607 0 +1.326432045e+00 +4.860643204e+01 +4.860643204e+01 +2.9360e+00 -8.0736e-01
612 0 +1.029800430e+00 +4.830980043e+01 +4.830980043e+01 +3.3277e+00 -8.0738e-01
620 0 +1.001901452e+00 +4.828190145e+01 +4.828190145e+01 +3.1061e+00 -8.0728e-01
625 0 +8.331123225e-01 +4.811311232e+01 +4.811311232e+01 +3.3423e+00 -8.0728e-01
634 0 +8.316340017e-01 +4.811163400e+01 +4.811163400e+01 +3.0405e+00 -8.0709e-01
635 0 +2.728170481e-01 +4.755281705e+01 +4.755281705e+01 +3.9514e+00 -8.0682e-01
639 0 +2.080687169e-01 +4.748806872e+01 +4.748806872e+01 +3.2462e+00 -8.0641e-01
650 0 +1.379650235e-01 +4.741796502e+01 +4.741796502e+01 +3.4769e+00 -8.0671e-01
656 0 +1.043730786e-01 +4.738437308e+01 +4.738437308e+01 +3.5168e+00 -8.0668e-01
665 0 +6.751840972e-02 +4.734751841e+01 +4.734751841e+01 +3.5913e+00 -8.0614e-01
666 0 +4.328439188e-02 +4.732328439e+01 +4.732328439e+01 +3.4914e+00 -8.0643e-01
696 0 +4.011032080e-02 +4.732011032e+01 +4.732011032e+01 +3.5356e+00 -8.0629e-01
720 0 +1.483401322e-02 +4.729483401e+01 +4.729483401e+01 +3.6498e+00 -8.0628e-01
730 0 +1.220998188e-02 +4.729220998e+01 +4.729220998e+01 +3.6874e+00 -8.0628e-01
735 0 +4.255568403e-03 +4.728425557e+01 +4.728425557e+01 +3.6641e+00 -8.0634e-01
741 0 +1.057773911e-03 +4.728105777e+01 +4.728105777e+01 +3.6958e+00 -8.0637e-01
742 0 +6.380701801e-04 +4.728063807e+01 +4.728063807e+01 +3.7180e+00 -8.0640e-01
750 0 +1.064759774e-05 +4.728001065e+01 +4.728001065e+01 +3.6935e+00 -8.0640e-01
785 0 +3.191802911e-06 +4.728000319e+01 +4.728000319e+01 +3.6926e+00 -8.0640e-01
836 0 +2.102770580e-06 +4.728000210e+01 +4.728000210e+01 +3.6948e+00 -8.0640e-01
846 0 +1.144349284e-06 +4.728000114e+01 +4.728000114e+01 +3.6938e+00 -8.0640e-01
851 0 +1.008347219e-06 +4.728000101e+01 +4.728000101e+01 +3.6945e+00 -8.0640e-01
884 0 +4.046288993e-07 +4.728000040e+01 +4.728000040e+01 +3.6940e+00 -8.0640e-01
904 0 +3.191704963e-07 +4.728000032e+01 +4.728000032e+01 +3.6947e+00 -8.0640e-01
916 0 +2.220483140e-07 +4.728000022e+01 +4.728000022e+01 +3.6940e+00 -8.0640e-01
925 0 +1.994352559e-07 +4.728000020e+01 +4.728000020e+01 +3.6941e+00 -8.0640e-01
929 0 +1.423058364e-07 +4.728000014e+01 +4.728000014e+01 +3.6940e+00 -8.0640e-01
932 0 +8.545025310e-08 +4.728000009e+01 +4.728000009e+01 +3.6941e+00 -8.0640e-01
953 0 +6.594804347e-08 +4.728000007e+01 +4.728000007e+01 +3.6941e+00 -8.0640e-01
957 0 +3.420412753e-08 +4.728000003e+01 +4.728000003e+01 +3.6942e+00 -8.0640e-01
960 0 +7.758323761e-09 +4.728000001e+01 +4.728000001e+01 +3.6943e+00 -8.0640e-01
1240 0 +0.000000000e+00 +4.728000000e+01 +4.728000000e+01 +3.6944e+00 -8.0640e-01
% f evaluations | g evaluations | best noise-free fitness - Fopt (-5.688800000000e+02) + sum g_i+ | measured fitness | best measured fitness or single-digit g-values | x1 | x2...
1 0 +7.114975878e+06 +7.114406998e+06 +7.114406998e+06 +0.0000e+00 +0.0000e+00
5 0 +5.549144700e+06 +5.548575820e+06 +5.548575820e+06 -1.1375e-01 -3.0566e-01
13 0 +5.128989461e+06 +5.128420581e+06 +5.128420581e+06 +3.3015e-01 -3.6944e-01
25 0 +4.876560989e+06 +4.875992109e+06 +4.875992109e+06 +3.6082e-01 -4.0656e-01
28 0 +4.478017772e+06 +4.477448892e+06 +4.477448892e+06 +4.7565e-01 -4.6458e-01
30 0 +3.787740708e+06 +3.787171828e+06 +3.787171828e+06 +5.8852e-01 -5.6805e-01
34 0 +2.348737260e+06 +2.348168380e+06 +2.348168380e+06 +6.7360e-01 -8.7658e-01
38 0 +5.095237996e+05 +5.089549196e+05 +5.089549196e+05 +1.5241e+00 -1.7903e+00
47 0 +1.207724428e+05 +1.202035628e+05 +1.202035628e+05 +3.1955e+00 -2.8809e+00
50 0 +1.117198179e+03 +5.483181791e+02 +5.483181791e+02 +2.4997e+00 -2.5744e+00
154 0 +4.435653003e+02 -1.253146997e+02 -1.253146997e+02 +1.8320e+00 -2.5636e+00
180 0 +1.048140160e+02 -4.640659840e+02 -4.640659840e+02 +1.7806e+00 -2.5531e+00
183 0 +7.259495687e+01 -4.962850431e+02 -4.962850431e+02 +1.6673e+00 -2.5516e+00
189 0 +6.294986786e+01 -5.059301321e+02 -5.059301321e+02 +1.5515e+00 -2.5347e+00
194 0 +5.481032115e+01 -5.140696788e+02 -5.140696788e+02 +1.6500e+00 -2.5504e+00
204 0 +4.107048104e+01 -5.278095190e+02 -5.278095190e+02 +1.6434e+00 -2.5490e+00
216 0 +2.938801719e+01 -5.394919828e+02 -5.394919828e+02 +1.6452e+00 -2.5368e+00
225 0 +7.257453510e+00 -5.616225465e+02 -5.616225465e+02 +1.6216e+00 -2.5398e+00
238 0 +2.997872349e+00 -5.658821277e+02 -5.658821277e+02 +1.6245e+00 -2.5408e+00
246 0 +2.102567284e+00 -5.667774327e+02 -5.667774327e+02 +1.6271e+00 -2.5412e+00
255 0 +9.341109019e-01 -5.679458891e+02 -5.679458891e+02 +1.6307e+00 -2.5429e+00
260 0 +6.732796282e-01 -5.682067204e+02 -5.682067204e+02 +1.6331e+00 -2.5421e+00
271 0 +6.204471846e-01 -5.682595528e+02 -5.682595528e+02 +1.6320e+00 -2.5424e+00
595 0 +6.164353587e-01 -5.682635646e+02 -5.682635646e+02 +1.6352e+00 -2.5425e+00
612 0 +6.006565508e-01 -5.682793434e+02 -5.682793434e+02 +1.6445e+00 -2.5425e+00
635 0 +5.768801396e-01 -5.683031199e+02 -5.683031199e+02 +1.6581e+00 -2.5425e+00
643 0 +5.671381243e-01 -5.683128619e+02 -5.683128619e+02 +1.6663e+00 -2.5425e+00
655 0 +5.587981564e-01 -5.683212018e+02 -5.683212018e+02 +1.6692e+00 -2.5425e+00
664 0 +5.473172282e-01 -5.683326828e+02 -5.683326828e+02 +1.6887e+00 -2.5426e+00
665 0 +5.361934172e-01 -5.683438066e+02 -5.683438066e+02 +1.6850e+00 -2.5425e+00
683 0 +5.184104999e-01 -5.683615895e+02 -5.683615895e+02 +1.6933e+00 -2.5425e+00
688 0 +4.808742427e-01 -5.683991258e+02 -5.683991258e+02 +1.7334e+00 -2.5426e+00
697 0 +4.536955460e-01 -5.684263045e+02 -5.684263045e+02 +1.7401e+00 -2.5425e+00
704 0 +4.227482005e-01 -5.684572518e+02 -5.684572518e+02 +1.7612e+00 -2.5424e+00
707 0 +4.095409407e-01 -5.684704591e+02 -5.684704591e+02 +1.7789e+00 -2.5425e+00
712 0 +4.028451732e-01 -5.684771548e+02 -5.684771548e+02 +1.7828e+00 -2.5425e+00
714 0 +3.571214919e-01 -5.685228785e+02 -5.685228785e+02 +1.8244e+00 -2.5424e+00
716 0 +3.343482665e-01 -5.685456517e+02 -5.685456517e+02 +1.8499e+00 -2.5424e+00
724 0 +2.902171093e-01 -5.685897829e+02 -5.685897829e+02 +1.9444e+00 -2.5426e+00
727 0 +2.126856812e-01 -5.686673143e+02 -5.686673143e+02 +2.0234e+00 -2.5425e+00
730 0 +2.005315965e-01 -5.686794684e+02 -5.686794684e+02 +2.0609e+00 -2.5425e+00
733 0 +1.729042226e-01 -5.687070958e+02 -5.687070958e+02 +2.0763e+00 -2.5425e+00
734 0 +1.591183174e-01 -5.687208817e+02 -5.687208817e+02 +2.0887e+00 -2.5424e+00
737 0 +4.187922731e-02 -5.688381208e+02 -5.688381208e+02 +2.2817e+00 -2.5425e+00
743 0 +1.607489100e-02 -5.688639251e+02 -5.688639251e+02 +2.4043e+00 -2.5425e+00
757 0 +1.292396276e-02 -5.688670760e+02 -5.688670760e+02 +2.5550e+00 -2.5425e+00
764 0 +2.200566178e-03 -5.688777994e+02 -5.688777994e+02 +2.5047e+00 -2.5424e+00
805 0 +9.503024208e-04 -5.688790497e+02 -5.688790497e+02 +2.4473e+00 -2.5424e+00
820 0 +1.889389632e-04 -5.688798111e+02 -5.688798111e+02 +2.4781e+00 -2.5424e+00
846 0 +1.186710340e-04 -5.688798813e+02 -5.688798813e+02 +2.4802e+00 -2.5424e+00
855 0 +8.552883173e-06 -5.688799914e+02 -5.688799914e+02 +2.4752e+00 -2.5424e+00
876 0 +1.778985279e-06 -5.688799982e+02 -5.688799982e+02 +2.4732e+00 -2.5424e+00
980 0 +1.585343171e-06 -5.688799984e+02 -5.688799984e+02 +2.4725e+00 -2.5424e+00
999 0 +1.350302114e-06 -5.688799986e+02 -5.688799986e+02 +2.4713e+00 -2.5424e+00
1000 0 +7.913652098e-07 -5.688799992e+02 -5.688799992e+02 +2.4721e+00 -2.5424e+00
1019 0 +2.985416359e-07 -5.688799997e+02 -5.688799997e+02 +2.4717e+00 -2.5424e+00
1035 0 +4.886112492e-08 -5.688800000e+02 -5.688800000e+02 +2.4720e+00 -2.5424e+00
1044 0 +3.962668416e-09 -5.688800000e+02 -5.688800000e+02 +2.4720e+00 -2.5424e+00
1263 0 +0.000000000e+00 -5.688800000e+02 -5.688800000e+02 +2.4720e+00 -2.5424e+00
% f evaluations | g evaluations | best noise-free fitness - Fopt (2.069000000000e+01) + sum g_i+ | measured fitness | best measured fitness or single-digit g-values | x1 | x2...
1 0 +2.662458338e+04 +2.664527338e+04 +2.664527338e+04 +0.0000e+00 +0.0000e+00
2 0 +1.610644881e+04 +1.612713881e+04 +1.612713881e+04 +4.3379e-01 +3.0692e-02
4 0 +3.981690779e+02 +4.188590779e+02 +4.188590779e+02 +2.4727e-01 +1.7369e-01
9 0 +3.461840758e+01 +5.530840758e+01 +5.530840758e+01 +7.8343e-02 +1.4946e-01
18 0 +1.020745620e+01 +3.089745620e+01 +3.089745620e+01 +5.7752e-01 +1.5391e-01
374 0 +9.931757434e+00 +3.062175743e+01 +3.062175743e+01 +6.5921e-01 +1.5300e-01
385 0 +9.733277298e+00 +3.042327730e+01 +3.042327730e+01 +1.0024e+00 +1.5206e-01
390 0 +8.672674332e+00 +2.936267433e+01 +2.936267433e+01 +9.7040e-01 +1.5252e-01
394 0 +6.891842439e+00 +2.758184244e+01 +2.758184244e+01 +1.4093e+00 +1.5238e-01
404 0 +5.990458086e+00 +2.668045809e+01 +2.668045809e+01 +2.0087e+00 +1.5202e-01
405 0 +5.255440951e+00 +2.594544095e+01 +2.594544095e+01 +1.4994e+00 +1.5321e-01
409 0 +4.803530170e+00 +2.549353017e+01 +2.549353017e+01 +2.0165e+00 +1.5467e-01
415 0 +1.360137919e-01 +2.082601379e+01 +2.082601379e+01 +3.4528e+00 +1.5367e-01
428 0 +6.284233223e-02 +2.075284233e+01 +2.075284233e+01 +4.0526e+00 +1.5356e-01
463 0 +2.477538073e-02 +2.071477538e+01 +2.071477538e+01 +3.8423e+00 +1.5345e-01
492 0 +1.148251951e-02 +2.070148252e+01 +2.070148252e+01 +3.8278e+00 +1.5350e-01
498 0 +3.737988741e-03 +2.069373799e+01 +2.069373799e+01 +3.7519e+00 +1.5363e-01
514 0 +3.555743205e-04 +2.069035557e+01 +2.069035557e+01 +3.8226e+00 +1.5361e-01
526 0 +1.960880403e-04 +2.069019609e+01 +2.069019609e+01 +3.7974e+00 +1.5359e-01
545 0 +1.175700524e-04 +2.069011757e+01 +2.069011757e+01 +3.7946e+00 +1.5360e-01
603 0 +9.995426113e-05 +2.069009995e+01 +2.069009995e+01 +3.8020e+00 +1.5361e-01
615 0 +4.334245617e-05 +2.069004334e+01 +2.069004334e+01 +3.8123e+00 +1.5360e-01
622 0 +4.781713173e-06 +2.069000478e+01 +2.069000478e+01 +3.8033e+00 +1.5360e-01
652 0 +2.302198304e-06 +2.069000230e+01 +2.069000230e+01 +3.8041e+00 +1.5360e-01
659 0 +1.241467242e-06 +2.069000124e+01 +2.069000124e+01 +3.8066e+00 +1.5360e-01
735 0 +1.155523854e-06 +2.069000116e+01 +2.069000116e+01 +3.8062e+00 +1.5360e-01
738 0 +1.068271583e-06 +2.069000107e+01 +2.069000107e+01 +3.8064e+00 +1.5360e-01
741 0 +7.564417679e-07 +2.069000076e+01 +2.069000076e+01 +3.8059e+00 +1.5360e-01
742 0 +5.462881489e-07 +2.069000055e+01 +2.069000055e+01 +3.8059e+00 +1.5360e-01
745 0 +5.248678754e-07 +2.069000052e+01 +2.069000052e+01 +3.8063e+00 +1.5360e-01
750 0 +3.867446523e-07 +2.069000039e+01 +2.069000039e+01 +3.8062e+00 +1.5360e-01
752 0 +3.637968291e-07 +2.069000036e+01 +2.069000036e+01 +3.8054e+00 +1.5360e-01
757 0 +1.616201288e-07 +2.069000016e+01 +2.069000016e+01 +3.8060e+00 +1.5360e-01
767 0 +1.148572721e-07 +2.069000011e+01 +2.069000011e+01 +3.8055e+00 +1.5360e-01
771 0 +7.158724102e-08 +2.069000007e+01 +2.069000007e+01 +3.8054e+00 +1.5360e-01
780 0 +3.719105024e-08 +2.069000004e+01 +2.069000004e+01 +3.8055e+00 +1.5360e-01
786 0 +2.079422146e-08 +2.069000002e+01 +2.069000002e+01 +3.8055e+00 +1.5360e-01
789 0 +8.409834606e-09 +2.069000001e+01 +2.069000001e+01 +3.8057e+00 +1.5360e-01
1144 0 +0.000000000e+00 +2.069000000e+01 +2.069000000e+01 +3.8056e+00 +1.5360e-01
% f evaluations | g evaluations | best noise-free fitness - Fopt (5.616700000000e+02) + sum g_i+ | measured fitness | best measured fitness or single-digit g-values | x1 | x2...
1 0 +1.462166469e+04 +1.518333469e+04 +1.518333469e+04 +0.0000e+00 +0.0000e+00
6 0 +1.256104607e+03 +1.817774607e+03 +1.817774607e+03 +1.1285e-01 -1.5359e-01
17 0 +3.061541017e+02 +8.678241017e+02 +8.678241017e+02 +1.2252e-01 -1.3714e-01
22 0 +2.229530111e+02 +7.846230111e+02 +7.846230111e+02 +3.7245e-01 -1.3447e-01
26 0 +1.267293919e+02 +6.883993919e+02 +6.883993919e+02 +4.8103e-01 -1.3130e-01
29 0 +1.036108725e+02 +6.652808725e+02 +6.652808725e+02 +5.9694e-01 -1.3038e-01
50 0 +1.491415265e+01 +5.765841526e+02 +5.765841526e+02 +6.8180e-01 -1.2291e-01
67 0 +6.880893335e+00 +5.685508933e+02 +5.685508933e+02 +4.8328e-01 -1.2130e-01
73 0 +5.625538317e+00 +5.672955383e+02 +5.672955383e+02 +5.3954e-01 -1.2025e-01
303 0 +5.584335947e+00 +5.672543359e+02 +5.672543359e+02 +5.4143e-01 -1.1999e-01
332 0 +5.400013695e+00 +5.670700137e+02 +5.670700137e+02 +4.8130e-01 -1.1954e-01
347 0 +5.361622757e+00 +5.670316228e+02 +5.670316228e+02 +4.6962e-01 -1.1949e-01
354 0 +5.071011982e+00 +5.667410120e+02 +5.667410120e+02 +3.6476e-01 -1.1916e-01
356 0 +4.963032055e+00 +5.666330321e+02 +5.666330321e+02 +3.8142e-01 -1.1932e-01
369 0 +4.863023571e+00 +5.665330236e+02 +5.665330236e+02 +3.3368e-01 -1.1916e-01
383 0 +4.737883291e+00 +5.664078833e+02 +5.664078833e+02 +3.8880e-01 -1.1958e-01
388 0 +4.573490345e+00 +5.662434903e+02 +5.662434903e+02 +3.5612e-01 -1.1951e-01
437 0 +4.347187133e+00 +5.660171871e+02 +5.660171871e+02 +2.9400e-01 -1.1934e-01
447 0 +4.254921263e+00 +5.659249213e+02 +5.659249213e+02 +2.9158e-01 -1.1941e-01
459 0 +4.029395183e+00 +5.656993952e+02 +5.656993952e+02 +2.6657e-01 -1.1946e-01
467 0 +3.925029384e+00 +5.655950294e+02 +5.655950294e+02 +2.2196e-01 -1.1932e-01
472 0 +3.628673364e+00 +5.652986734e+02 +5.652986734e+02 +1.7828e-01 -1.1936e-01
480 0 +3.522574061e+00 +5.651925741e+02 +5.651925741e+02 +1.4852e-01 -1.1931e-01
490 0 +2.905856745e+00 +5.645758567e+02 +5.645758567e+02 +3.1571e-02 -1.1941e-01
495 0 +2.547793805e+00 +5.642177938e+02 +5.642177938e+02 -7.9605e-02 -1.1945e-01
507 0 +2.502986577e+00 +5.641729866e+02 +5.641729866e+02 -2.3026e-01 -1.1932e-01
510 0 +2.366938884e+00 +5.640369389e+02 +5.640369389e+02 -2.3469e-01 -1.1943e-01
511 0 +2.067441107e+00 +5.637374411e+02 +5.637374411e+02 -4.7377e-01 -1.1949e-01
515 0 +1.589759558e+00 +5.632597596e+02 +5.632597596e+02 -6.1644e-01 -1.1949e-01
523 0 +4.204968673e-01 +5.620904969e+02 +5.620904969e+02 -1.2361e+00 -1.1953e-01
527 0 +2.648906409e-01 +5.619348906e+02 +5.619348906e+02 -1.8284e+00 -1.1950e-01
554 0 +2.005481305e-01 +5.618705481e+02 +5.618705481e+02 -1.5620e+00 -1.1958e-01
555 0 +1.129670398e-01 +5.617829670e+02 +5.617829670e+02 -1.8010e+00 -1.1968e-01
560 0 +1.030779816e-01 +5.617730780e+02 +5.617730780e+02 -1.4947e+00 -1.1974e-01
563 0 +5.054523069e-02 +5.617205452e+02 +5.617205452e+02 -1.7018e+00 -1.1976e-01
589 0 +2.106856582e-02 +5.616910686e+02 +5.616910686e+02 -1.7963e+00 -1.1988e-01
592 0 +1.038216491e-03 +5.616710382e+02 +5.616710382e+02 -1.6990e+00 -1.1997e-01
631 0 +7.589179847e-04 +5.616707589e+02 +5.616707589e+02 -1.6797e+00 -1.1998e-01
638 0 +4.616056917e-04 +5.616704616e+02 +5.616704616e+02 -1.6796e+00 -1.2000e-01
642 0 +2.622175447e-04 +5.616702622e+02 +5.616702622e+02 -1.6842e+00 -1.2000e-01
652 0 +2.061617454e-05 +5.616700206e+02 +5.616700206e+02 -1.7044e+00 -1.2000e-01
770 0 +2.026622428e-05 +5.616700203e+02 +5.616700203e+02 -1.7009e+00 -1.2000e-01
796 0 +6.380731747e-06 +5.616700064e+02 +5.616700064e+02 -1.6997e+00 -1.2000e-01
813 0 +2.091772558e-06 +5.616700021e+02 +5.616700021e+02 -1.7010e+00 -1.2000e-01
821 0 +2.043083555e-06 +5.616700020e+02 +5.616700020e+02 -1.7018e+00 -1.2000e-01
827 0 +3.156986850e-07 +5.616700003e+02 +5.616700003e+02 -1.7004e+00 -1.2000e-01
834 0 +1.963505838e-07 +5.616700002e+02 +5.616700002e+02 -1.7010e+00 -1.2000e-01
876 0 +1.611148264e-07 +5.616700002e+02 +5.616700002e+02 -1.7006e+00 -1.2000e-01
884 0 +4.313096724e-08 +5.616700000e+02 +5.616700000e+02 -1.7010e+00 -1.2000e-01
904 0 +1.997830168e-08 +5.616700000e+02 +5.616700000e+02 -1.7007e+00 -1.2000e-01
931 0 +1.596845323e-08 +5.616700000e+02 +5.616700000e+02 -1.7008e+00 -1.2000e-01
937 0 +9.816290003e-09 +5.616700000e+02 +5.616700000e+02 -1.7007e+00 -1.2000e-01
1214 0 +0.000000000e+00 +5.616700000e+02 +5.616700000e+02 -1.7008e+00 -1.2000e-01
