% f evaluations | g evaluations | best noise-free fitness - Fopt (-1.025500000000e+02) + sum g_i+ | measured fitness | best measured fitness or single-digit g-values | x1 | x2...
1 0 +2.503737427e-01 -1.022996263e+02 -1.022996263e+02 +0.0000e+00 +0.0000e+00 +0.0000e+00 +0.0000e+00 +0.0000e+00
901 0 +2.395565716e-01 -1.023104434e+02 -1.023104434e+02 +9.2141e-01 +1.8121e-01 -5.6019e-01 +3.6566e-01 +4.1486e-02
922 0 +2.298270115e-01 -1.023201730e+02 -1.023201730e+02 +9.2190e-01 +1.8158e-01 -5.6008e-01 +3.6548e-01 +4.1787e-02
925 0 +2.247906444e-01 -1.023252094e+02 -1.023252094e+02 +9.2073e-01 +1.8093e-01 -5.6069e-01 +3.6604e-01 +4.1294e-02
932 0 +1.832893219e-01 -1.023667107e+02 -1.023667107e+02 +9.2091e-01 +1.8132e-01 -5.6034e-01 +3.6547e-01 +4.1974e-02
959 0 +1.670024029e-01 -1.023829976e+02 -1.023829976e+02 +9.2086e-01 +1.8155e-01 -5.6059e-01 +3.6598e-01 +4.1693e-02
978 0 +1.658733978e-01 -1.023841266e+02 -1.023841266e+02 +9.2127e-01 +1.8141e-01 -5.5989e-01 +3.6587e-01 +4.2515e-02
982 0 +1.545180704e-01 -1.023954819e+02 -1.023954819e+02 +9.2049e-01 +1.8157e-01 -5.6082e-01 +3.6614e-01 +4.1775e-02
985 0 +1.364826800e-01 -1.024135173e+02 -1.024135173e+02 +9.2034e-01 +1.8179e-01 -5.6042e-01 +3.6626e-01 +4.2423e-02
1009 0 +1.321365957e-01 -1.024178634e+02 -1.024178634e+02 +9.2050e-01 +1.8175e-01 -5.6046e-01 +3.6620e-01 +4.2459e-02
1013 0 +1.248154333e-01 -1.024251846e+02 -1.024251846e+02 +9.2062e-01 +1.8207e-01 -5.6007e-01 +3.6582e-01 +4.2941e-02
1036 0 +1.225026560e-01 -1.024274973e+02 -1.024274973e+02 +9.2031e-01 +1.8187e-01 -5.6008e-01 +3.6589e-01 +4.2990e-02
% f evaluations | g evaluations | best noise-free fitness - Fopt (7.169000000000e+01) + sum g_i+ | measured fitness | best measured fitness or single-digit g-values | x1 | x2...
1 0 +2.503737427e-01 +7.194037374e+01 +7.194037374e+01 +0.0000e+00 +0.0000e+00 +0.0000e+00 +0.0000e+00 +0.0000e+00
4365 0 +2.489767957e-01 +7.193897680e+01 +7.193897680e+01 +1.0760e+00 +2.2942e-01 -1.1076e-01 +5.4033e-02 +2.1070e-01
4398 0 +2.430175111e-01 +7.193301751e+01 +7.193301751e+01 +1.0744e+00 +2.3088e-01 -1.2354e-01 +4.5650e-02 +1.9763e-01
4496 0 +2.381015640e-01 +7.192810156e+01 +7.192810156e+01 +1.0728e+00 +2.2855e-01 -1.2664e-01 +4.5070e-02 +1.9441e-01
4529 0 +2.330697139e-01 +7.192306971e+01 +7.192306971e+01 +1.0719e+00 +2.2876e-01 -1.3083e-01 +4.2476e-02 +1.9052e-01
4560 0 +2.286538592e-01 +7.191865386e+01 +7.191865386e+01 +1.0701e+00 +2.2762e-01 -1.3780e-01 +3.8978e-02 +1.8343e-01
4586 0 +2.225413805e-01 +7.191254138e+01 +7.191254138e+01 +1.0690e+00 +2.2763e-01 -1.4145e-01 +3.6896e-02 +1.8040e-01
4625 0 +2.181666171e-01 +7.190816662e+01 +7.190816662e+01 +1.0664e+00 +2.2831e-01 -1.5445e-01 +2.9309e-02 +1.6749e-01
4685 0 +2.121389026e-01 +7.190213890e+01 +7.190213890e+01 +1.0636e+00 +2.2752e-01 -1.6508e-01 +2.3615e-02 +1.5715e-01
4748 0 +2.088064621e-01 +7.189880646e+01 +7.189880646e+01 +1.0617e+00 +2.2411e-01 -1.6731e-01 +2.3915e-02 +1.5515e-01
4781 0 +2.039332709e-01 +7.189393327e+01 +7.189393327e+01 +1.0592e+00 +2.2375e-01 -1.7646e-01 +1.8982e-02 +1.4649e-01
4824 0 +1.995061007e-01 +7.188950610e+01 +7.188950610e+01 +1.0573e+00 +2.2325e-01 -1.8190e-01 +1.6430e-02 +1.4178e-01
4862 0 +1.946040852e-01 +7.188460409e+01 +7.188460409e+01 +1.0531e+00 +2.2309e-01 -1.9723e-01 +8.1361e-03 +1.2757e-01
4943 0 +1.890949898e-01 +7.187909499e+01 +7.187909499e+01 +1.0500e+00 +2.2199e-01 -2.0485e-01 +4.9167e-03 +1.2102e-01
4974 0 +1.860340856e-01 +7.187603409e+01 +7.187603409e+01 +1.0451e+00 +2.2082e-01 -2.1948e-01 -2.1785e-03 +1.0789e-01
5089 0 +1.802707536e-01 +7.187027075e+01 +7.187027075e+01 +1.0396e+00 +2.1928e-01 -2.3259e-01 -7.7172e-03 +9.7086e-02
5114 0 +1.774691253e-01 +7.186746913e+01 +7.186746913e+01 +1.0369e+00 +2.1892e-01 -2.3941e-01 -1.0846e-02 +9.1425e-02
5371 0 +1.737275079e-01 +7.186372751e+01 +7.186372751e+01 +1.0313e+00 +2.1916e-01 -2.5401e-01 -1.7574e-02 +7.9277e-02
5669 0 +1.694416997e-01 +7.185944170e+01 +7.185944170e+01 +1.0244e+00 +2.1551e-01 -2.6788e-01 -2.2570e-02 +6.8387e-02
5736 0 +1.658651960e-01 +7.185586520e+01 +7.185586520e+01 +1.0162e+00 +2.1347e-01 -2.8590e-01 -3.0002e-02 +5.4639e-02
6000 0 +1.621325937e-01 +7.185213259e+01 +7.185213259e+01 +1.0067e+00 +2.1094e-01 -3.0566e-01 -3.7934e-02 +3.9994e-02
6185 0 +1.581699675e-01 +7.184816997e+01 +7.184816997e+01 +9.9284e-01 +2.0828e-01 -3.3373e-01 -4.9433e-02 +2.0408e-02
6314 0 +1.545383555e-01 +7.184453836e+01 +7.184453836e+01 +9.7923e-01 +2.0437e-01 -3.5994e-01 -5.9814e-02 +2.7944e-03
6511 0 +1.510592769e-01 +7.184105928e+01 +7.184105928e+01 +9.7411e-01 +2.0284e-01 -3.6908e-01 -6.3405e-02 -2.6964e-03
6744 0 +1.476209588e-01 +7.183762096e+01 +7.183762096e+01 +9.6126e-01 +1.9943e-01 -3.9244e-01 -7.2858e-02 -1.6709e-02
7014 0 +1.442989082e-01 +7.183429891e+01 +7.183429891e+01 +9.5460e-01 +1.9894e-01 -4.0586e-01 -7.9111e-02 -2.4862e-02
7166 0 +1.411268109e-01 +7.183112681e+01 +7.183112681e+01 +9.4302e-01 +1.9665e-01 -4.2716e-01 -8.8475e-02 -3.6760e-02
7499 0 +1.379791223e-01 +7.182797912e+01 +7.182797912e+01 +9.2567e-01 +1.9355e-01 -4.5857e-01 -1.0272e-01 -5.3050e-02
9264 0 +1.348794132e-01 +7.182487941e+01 +7.182487941e+01 +8.8925e-01 +1.8561e-01 -5.2172e-01 -1.3272e-01 -8.0724e-02
12140 0 +1.318214903e-01 +7.182182149e+01 +7.182182149e+01 +8.3088e-01 +1.6113e-01 -6.0805e-01 -1.7223e-01 -1.0206e-01
% f evaluations | g evaluations | best noise-free fitness - Fopt (2.140100000000e+02) + sum g_i+ | measured fitness | best measured fitness or single-digit g-values | x1 | x2...
1 0 +2.503737427e-01 +2.142603737e+02 +2.142603737e+02 +0.0000e+00 +0.0000e+00 +0.0000e+00 +0.0000e+00 +0.0000e+00
613 0 +2.271276104e-01 +2.142371276e+02 +2.142371276e+02 +8.5663e-01 -1.7321e-01 -9.2529e-01 +4.4557e-01 +3.1989e-02
776 0 +1.837935409e-01 +2.141937935e+02 +2.141937935e+02 +8.5810e-01 -1.7250e-01 -9.2548e-01 +4.4562e-01 +3.7190e-02
831 0 +1.804435647e-01 +2.141904436e+02 +2.141904436e+02 +8.5851e-01 -1.7137e-01 -9.2419e-01 +4.4415e-01 +3.6577e-02
835 0 +1.551662305e-01 +2.141651662e+02 +2.141651662e+02 +8.5859e-01 -1.6887e-01 -9.2335e-01 +4.4364e-01 +3.8061e-02
858 0 +1.516862409e-01 +2.141616862e+02 +2.141616862e+02 +8.5758e-01 -1.6862e-01 -9.2366e-01 +4.4428e-01 +3.8715e-02
865 0 +1.496656311e-01 +2.141596656e+02 +2.141596656e+02 +8.5785e-01 -1.6884e-01 -9.2372e-01 +4.4395e-01 +3.8487e-02
892 0 +1.475326210e-01 +2.141575326e+02 +2.141575326e+02 +8.5788e-01 -1.6904e-01 -9.2374e-01 +4.4413e-01 +3.8563e-02
983 0 +1.443833079e-01 +2.141543833e+02 +2.141543833e+02 +8.5831e-01 -1.6968e-01 -9.2399e-01 +4.4424e-01 +3.8249e-02
1293 0 +1.411802960e-01 +2.141511803e+02 +2.141511803e+02 +8.5903e-01 -1.7144e-01 -9.2448e-01 +4.4449e-01 +3.7112e-02
1564 0 +1.379905194e-01 +2.141479905e+02 +2.141479905e+02 +8.6050e-01 -1.7492e-01 -9.2547e-01 +4.4502e-01 +3.5129e-02
1739 0 +1.344825975e-01 +2.141444826e+02 +2.141444826e+02 +8.6187e-01 -1.7918e-01 -9.2674e-01 +4.4599e-01 +3.2806e-02
1787 0 +1.306715558e-01 +2.141406716e+02 +2.141406716e+02 +8.6481e-01 -1.8813e-01 -9.2911e-01 +4.4791e-01 +2.7853e-02
1846 0 +1.287217621e-01 +2.141387218e+02 +2.141387218e+02 +8.6421e-01 -1.8657e-01 -9.2871e-01 +4.4776e-01 +2.8771e-02
1878 0 +1.251332461e-01 +2.141351332e+02 +2.141351332e+02 +8.6646e-01 -1.9368e-01 -9.3054e-01 +4.4936e-01 +2.4898e-02
1896 0 +1.226243737e-01 +2.141326244e+02 +2.141326244e+02 +8.6724e-01 -1.9654e-01 -9.3134e-01 +4.5008e-01 +2.3397e-02
1936 0 +1.201749398e-01 +2.141301749e+02 +2.141301749e+02 +8.6757e-01 -1.9814e-01 -9.3175e-01 +4.5060e-01 +2.2625e-02
1993 0 +1.162791889e-01 +2.141262792e+02 +2.141262792e+02 +8.7047e-01 -2.0813e-01 -9.3420e-01 +4.5308e-01 +1.7331e-02
2015 0 +1.146746300e-01 +2.141246746e+02 +2.141246746e+02 +8.7131e-01 -2.1137e-01 -9.3505e-01 +4.5390e-01 +1.5620e-02
3356 0 +1.121939075e-01 +2.141221939e+02 +2.141221939e+02 +8.7151e-01 -2.0804e-01 -9.3451e-01 +4.5307e-01 +2.1481e-02
3459 0 +1.093326781e-01 +2.141193327e+02 +2.141193327e+02 +8.6940e-01 -1.9086e-01 -9.3078e-01 +4.4864e-01 +3.9803e-02
3670 0 +1.070463083e-01 +2.141170463e+02 +2.141170463e+02 +8.6820e-01 -1.7627e-01 -9.2742e-01 +4.4467e-01 +5.6432e-02
3871 0 +1.047045470e-01 +2.141147045e+02 +2.141147045e+02 +8.6804e-01 -1.6551e-01 -9.2496e-01 +4.4192e-01 +7.2322e-02
5171 0 +1.022905860e-01 +2.141122906e+02 +2.141122906e+02 +8.6320e-01 -1.4267e-01 -9.1841e-01 +4.3635e-01 +9.2306e-02
5821 0 +9.990995621e-02 +2.141099100e+02 +2.141099100e+02 +8.5774e-01 -1.1465e-01 -9.0963e-01 +4.2938e-01 +1.1863e-01
6381 0 +9.770722742e-02 +2.141077072e+02 +2.141077072e+02 +8.5044e-01 -8.1126e-02 -8.9793e-01 +4.2131e-01 +1.4919e-01
7908 0 +9.548126412e-02 +2.141054813e+02 +2.141054813e+02 +8.4054e-01 -4.1552e-02 -8.8243e-01 +4.1187e-01 +1.8308e-01
9490 0 +9.330392478e-02 +2.141033039e+02 +2.141033039e+02 +8.2464e-01 +1.8801e-02 -8.5570e-01 +3.9767e-01 +2.3516e-01
14601 0 +9.119615368e-02 +2.141011962e+02 +2.141011962e+02 +7.8666e-01 +1.3983e-01 -7.9128e-01 +3.6982e-01 +3.2880e-01
% f evaluations | g evaluations | best noise-free fitness - Fopt (-5.848000000000e+01) + sum g_i+ | measured fitness | best measured fitness or single-digit g-values | x1 | x2...
1 0 +2.503737427e-01 -5.822962626e+01 -5.822962626e+01 +0.0000e+00 +0.0000e+00 +0.0000e+00 +0.0000e+00 +0.0000e+00
836 0 +2.250216618e-01 -5.825497834e+01 -5.825497834e+01 +5.0039e-01 -7.4040e-02 -4.8034e-01 +6.1323e-01 -7.8338e-02
847 0 +2.231099121e-01 -5.825689009e+01 -5.825689009e+01 +5.0155e-01 -7.3424e-02 -4.8102e-01 +6.1560e-01 -7.8923e-02
849 0 +2.175039083e-01 -5.826249609e+01 -5.826249609e+01 +5.0109e-01 -7.4176e-02 -4.8104e-01 +6.1605e-01 -7.9308e-02
855 0 +1.343047574e-01 -5.834569524e+01 -5.834569524e+01 +5.0327e-01 -7.1024e-02 -4.8000e-01 +6.1975e-01 -8.0759e-02
862 0 +1.066046434e-01 -5.837339536e+01 -5.837339536e+01 +5.0523e-01 -6.5992e-02 -4.8174e-01 +6.2626e-01 -8.1904e-02
872 0 +9.174678983e-02 -5.838825321e+01 -5.838825321e+01 +5.0622e-01 -6.8381e-02 -4.8098e-01 +6.2784e-01 -8.2907e-02
928 0 +8.724961420e-02 -5.839275039e+01 -5.839275039e+01 +5.0589e-01 -6.9635e-02 -4.7984e-01 +6.2662e-01 -8.2362e-02
959 0 +8.361598802e-02 -5.839638401e+01 -5.839638401e+01 +5.0532e-01 -7.0128e-02 -4.8008e-01 +6.2590e-01 -8.2129e-02
1218 0 +8.316036486e-02 -5.839683964e+01 -5.839683964e+01 +5.0481e-01 -7.1090e-02 -4.7938e-01 +6.2469e-01 -8.1928e-02
1417 0 +8.109798833e-02 -5.839890201e+01 -5.839890201e+01 +5.0388e-01 -7.4741e-02 -4.7828e-01 +6.2246e-01 -8.1592e-02
1533 0 +7.930204786e-02 -5.840069795e+01 -5.840069795e+01 +5.0272e-01 -7.9173e-02 -4.7709e-01 +6.1985e-01 -8.1210e-02
1572 0 +7.727562273e-02 -5.840272438e+01 -5.840272438e+01 +5.0128e-01 -8.3948e-02 -4.7586e-01 +6.1676e-01 -8.0702e-02
1599 0 +7.476471158e-02 -5.840523529e+01 -5.840523529e+01 +4.9924e-01 -8.9983e-02 -4.7439e-01 +6.1237e-01 -7.9805e-02
1671 0 +7.404718531e-02 -5.840595281e+01 -5.840595281e+01 +4.9774e-01 -9.5158e-02 -4.7305e-01 +6.0936e-01 -7.9398e-02
1973 0 +7.238308507e-02 -5.840761691e+01 -5.840761691e+01 +4.9616e-01 -9.9697e-02 -4.7235e-01 +6.0613e-01 -7.8652e-02
2311 0 +7.078177161e-02 -5.840921823e+01 -5.840921823e+01 +4.9164e-01 -1.1309e-01 -4.7026e-01 +5.9650e-01 -7.6777e-02
3595 0 +6.917634405e-02 -5.841082366e+01 -5.841082366e+01 +4.8748e-01 -1.2869e-01 -4.6934e-01 +5.8820e-01 -7.5125e-02
3821 0 +6.748414723e-02 -5.841251585e+01 -5.841251585e+01 +4.8996e-01 -1.2861e-01 -4.7030e-01 +5.9426e-01 -7.6831e-02
3942 0 +6.599618362e-02 -5.841400382e+01 -5.841400382e+01 +4.9175e-01 -1.3007e-01 -4.7120e-01 +5.9856e-01 -7.8003e-02
4080 0 +6.449708058e-02 -5.841550292e+01 -5.841550292e+01 +4.9437e-01 -1.3454e-01 -4.7274e-01 +6.0523e-01 -7.9936e-02
15151 0 +6.309557941e-02 -5.841690442e+01 -5.841690442e+01 +4.7599e-01 -2.7146e-01 -4.9286e-01 +5.7815e-01 -7.6837e-02
% f evaluations | g evaluations | best noise-free fitness - Fopt (-6.130800000000e+02) + sum g_i+ | measured fitness | best measured fitness or single-digit g-values | x1 | x2...
1 0 +2.503737427e-01 -6.128296263e+02 -6.128296263e+02 +0.0000e+00 +0.0000e+00 +0.0000e+00 +0.0000e+00 +0.0000e+00
638 0 +2.422207297e-01 -6.128377793e+02 -6.128377793e+02 +4.4849e-01 +2.3359e-02 -7.4574e-01 -7.8208e-02 -4.8889e-01
723 0 +2.258788406e-01 -6.128541212e+02 -6.128541212e+02 +4.4838e-01 +2.6197e-02 -7.4547e-01 -7.9220e-02 -4.9069e-01
942 0 +2.225875406e-01 -6.128574125e+02 -6.128574125e+02 +4.4889e-01 +2.5616e-02 -7.4512e-01 -7.8559e-02 -4.9076e-01
1593 0 +2.186242602e-01 -6.128613757e+02 -6.128613757e+02 +4.4558e-01 +2.1484e-02 -7.4663e-01 -8.1667e-02 -4.8587e-01
% f evaluations | g evaluations | best noise-free fitness - Fopt (6.189000000000e+01) + sum g_i+ | measured fitness | best measured fitness or single-digit g-values | x1 | x2...
1 0 +2.503737427e-01 +6.214037374e+01 +6.214037374e+01 +0.0000e+00 +0.0000e+00 +0.0000e+00 +0.0000e+00 +0.0000e+00
263 0 +2.474988233e-01 +6.213749882e+01 +6.213749882e+01 +4.4925e-01 +9.8287e-02 -1.5709e-01 +3.0923e-01 +4.2783e-02
289 0 +9.380673403e-02 +6.198380673e+01 +6.198380673e+01 +4.4565e-01 +9.8498e-02 -1.3756e-01 +3.3027e-01 +4.7065e-02
305 0 +6.711585807e-02 +6.195711586e+01 +6.195711586e+01 +4.3494e-01 +1.0313e-01 -1.1644e-01 +3.1402e-01 +7.0359e-02
338 0 +6.289436968e-02 +6.195289437e+01 +6.195289437e+01 +4.4192e-01 +1.0575e-01 -1.1338e-01 +3.0420e-01 +8.5897e-02
457 0 +5.484153605e-02 +6.194484154e+01 +6.194484154e+01 +4.3903e-01 +1.0301e-01 -1.1494e-01 +3.1741e-01 +6.7629e-02
460 0 +4.992215031e-02 +6.193992215e+01 +6.193992215e+01 +4.4084e-01 +1.0272e-01 -1.2363e-01 +3.1458e-01 +6.3980e-02
478 0 +4.474604411e-02 +6.193474604e+01 +6.193474604e+01 +4.4480e-01 +1.0473e-01 -1.2099e-01 +3.1447e-01 +6.6055e-02
495 0 +4.164244119e-02 +6.193164244e+01 +6.193164244e+01 +4.4375e-01 +1.0302e-01 -1.2144e-01 +3.1707e-01 +6.7360e-02
500 0 +3.851061548e-02 +6.192851062e+01 +6.192851062e+01 +4.5025e-01 +1.0496e-01 -1.2186e-01 +3.2078e-01 +6.9407e-02
662 0 +3.793871451e-02 +6.192793871e+01 +6.192793871e+01 +4.5235e-01 +1.0705e-01 -1.1834e-01 +3.1854e-01 +7.1638e-02
877 0 +3.705502542e-02 +6.192705503e+01 +6.192705503e+01 +4.5119e-01 +1.0632e-01 -1.1708e-01 +3.1865e-01 +7.4183e-02
1154 0 +3.627953464e-02 +6.192627953e+01 +6.192627953e+01 +4.5098e-01 +1.0468e-01 -1.1983e-01 +3.2016e-01 +7.4325e-02
1224 0 +3.547236847e-02 +6.192547237e+01 +6.192547237e+01 +4.5036e-01 +1.0243e-01 -1.2483e-01 +3.2208e-01 +7.1824e-02
1268 0 +3.423338207e-02 +6.192423338e+01 +6.192423338e+01 +4.5161e-01 +1.0082e-01 -1.2789e-01 +3.2606e-01 +7.1679e-02
1294 0 +3.386280520e-02 +6.192386281e+01 +6.192386281e+01 +4.4978e-01 +9.8723e-02 -1.3256e-01 +3.2689e-01 +6.8493e-02
1312 0 +3.308542885e-02 +6.192308543e+01 +6.192308543e+01 +4.4910e-01 +9.6191e-02 -1.3724e-01 +3.2923e-01 +6.6818e-02
1318 0 +3.161676220e-02 +6.192161676e+01 +6.192161676e+01 +4.4935e-01 +9.3910e-02 -1.4197e-01 +3.3396e-01 +6.3651e-02
1335 0 +2.997119747e-02 +6.191997120e+01 +6.191997120e+01 +4.4994e-01 +9.1061e-02 -1.4734e-01 +3.3902e-01 +6.2346e-02
1345 0 +2.811865136e-02 +6.191811865e+01 +6.191811865e+01 +4.4955e-01 +8.5482e-02 -1.5923e-01 +3.4782e-01 +5.4667e-02
1356 0 +2.584426847e-02 +6.191584427e+01 +6.191584427e+01 +4.5147e-01 +7.9964e-02 -1.7009e-01 +3.6093e-01 +4.8754e-02
1365 0 +2.360973945e-02 +6.191360974e+01 +6.191360974e+01 +4.5029e-01 +6.8384e-02 -1.9372e-01 +3.7821e-01 +3.6265e-02
1370 0 +2.119096142e-02 +6.191119096e+01 +6.191119096e+01 +4.5044e-01 +6.2142e-02 -2.0595e-01 +3.8731e-01 +3.1995e-02
1387 0 +2.037263390e-02 +6.191037263e+01 +6.191037263e+01 +4.4873e-01 +6.2227e-02 -2.0444e-01 +3.8432e-01 +3.4255e-02
1388 0 +1.903347428e-02 +6.190903347e+01 +6.190903347e+01 +4.4832e-01 +5.4964e-02 -2.1892e-01 +3.9388e-01 +2.8109e-02
1390 0 +1.714878172e-02 +6.190714878e+01 +6.190714878e+01 +4.4915e-01 +4.3471e-02 -2.4249e-01 +4.1253e-01 +1.8346e-02
1423 0 +1.641827305e-02 +6.190641827e+01 +6.190641827e+01 +4.4938e-01 +4.1286e-02 -2.4527e-01 +4.1864e-01 +1.6131e-02
1459 0 +1.614543492e-02 +6.190614543e+01 +6.190614543e+01 +4.4934e-01 +3.0677e-02 -2.6687e-01 +4.3322e-01 +6.6748e-03
1461 0 +1.439067621e-02 +6.190439068e+01 +6.190439068e+01 +4.5068e-01 +3.3998e-02 -2.5793e-01 +4.3020e-01 +1.4859e-02
1532 0 +1.351404231e-02 +6.190351404e+01 +6.190351404e+01 +4.5070e-01 +2.9592e-02 -2.6523e-01 +4.3701e-01 +1.3122e-02
1533 0 +1.317340457e-02 +6.190317340e+01 +6.190317340e+01 +4.4992e-01 +2.4976e-02 -2.7365e-01 +4.4383e-01 +8.6497e-03
1550 0 +1.257474606e-02 +6.190257475e+01 +6.190257475e+01 +4.4782e-01 +1.0572e-02 -3.0138e-01 +4.6344e-01 -3.2629e-03
1564 0 +1.176782653e-02 +6.190176783e+01 +6.190176783e+01 +4.4555e-01 +7.0291e-03 -3.0742e-01 +4.6511e-01 -5.0366e-03
1572 0 +1.173150725e-02 +6.190173151e+01 +6.190173151e+01 +4.4778e-01 +1.9843e-02 -2.8052e-01 +4.4757e-01 +9.6977e-03
1573 0 +1.123545180e-02 +6.190123545e+01 +6.190123545e+01 +4.4753e-01 +1.3276e-02 -2.9320e-01 +4.5648e-01 +5.3929e-03
1576 0 +1.097159207e-02 +6.190097159e+01 +6.190097159e+01 +4.4695e-01 +1.2754e-02 -2.9443e-01 +4.5746e-01 +4.0805e-03
1581 0 +1.069246537e-02 +6.190069247e+01 +6.190069247e+01 +4.4827e-01 +7.4259e-03 -3.0157e-01 +4.6830e-01 +4.2671e-03
1603 0 +1.008909783e-02 +6.190008910e+01 +6.190008910e+01 +4.4535e-01 +4.7133e-03 -3.0760e-01 +4.6789e-01 +7.0072e-04
1612 0 +9.981176189e-03 +6.189998118e+01 +6.189998118e+01 +4.4588e-01 -1.6896e-03 -3.1951e-01 +4.7976e-01 -4.8656e-03
1617 0 +9.566385010e-03 +6.189956639e+01 +6.189956639e+01 +4.4404e-01 -6.3788e-03 -3.2767e-01 +4.8450e-01 -7.9804e-03
1660 0 +9.328795252e-03 +6.189932880e+01 +6.189932880e+01 +4.4381e-01 -3.7359e-03 -3.2174e-01 +4.8025e-01 -4.7112e-03
1715 0 +9.017336081e-03 +6.189901734e+01 +6.189901734e+01 +4.4238e-01 -9.4929e-03 -3.3232e-01 +4.8806e-01 -1.0026e-02
1867 0 +8.897681577e-03 +6.189889768e+01 +6.189889768e+01 +4.4171e-01 -1.0184e-02 -3.3272e-01 +4.8801e-01 -8.7159e-03
1928 0 +8.699982270e-03 +6.189869998e+01 +6.189869998e+01 +4.4103e-01 -9.4954e-03 -3.3054e-01 +4.8645e-01 -7.3307e-03
1961 0 +8.454774506e-03 +6.189845477e+01 +6.189845477e+01 +4.3906e-01 -1.0266e-02 -3.3166e-01 +4.8528e-01 -8.0411e-03
1974 0 +8.241335905e-03 +6.189824134e+01 +6.189824134e+01 +4.3687e-01 -1.0082e-02 -3.3018e-01 +4.8299e-01 -7.3374e-03
1995 0 +8.036162452e-03 +6.189803616e+01 +6.189803616e+01 +4.3618e-01 -1.2692e-02 -3.3426e-01 +4.8624e-01 -8.4598e-03
2001 0 +7.872652496e-03 +6.189787265e+01 +6.189787265e+01 +4.3418e-01 -1.5400e-02 -3.3902e-01 +4.8911e-01 -1.1455e-02
2014 0 +7.639819482e-03 +6.189763982e+01 +6.189763982e+01 +4.3189e-01 -2.1300e-02 -3.4847e-01 +4.9556e-01 -1.4183e-02
2044 0 +7.549388727e-03 +6.189754939e+01 +6.189754939e+01 +4.3137e-01 -1.9799e-02 -3.4605e-01 +4.9243e-01 -1.4059e-02
2075 0 +7.371079649e-03 +6.189737108e+01 +6.189737108e+01 +4.2821e-01 -2.4509e-02 -3.5370e-01 +4.9616e-01 -1.7508e-02
2095 0 +7.060359009e-03 +6.189706036e+01 +6.189706036e+01 +4.2758e-01 -2.8300e-02 -3.5998e-01 +5.0183e-01 -1.9850e-02
2139 0 +6.871588802e-03 +6.189687159e+01 +6.189687159e+01 +4.2672e-01 -3.0231e-02 -3.6422e-01 +5.0507e-01 -2.3707e-02
2166 0 +6.753570372e-03 +6.189675357e+01 +6.189675357e+01 +4.2418e-01 -3.5005e-02 -3.7156e-01 +5.0935e-01 -2.5869e-02
2217 0 +6.419201497e-03 +6.189641920e+01 +6.189641920e+01 +4.1852e-01 -4.6717e-02 -3.9153e-01 +5.2293e-01 -3.5730e-02
2235 0 +6.307123529e-03 +6.189630712e+01 +6.189630712e+01 +4.1797e-01 -4.5399e-02 -3.8818e-01 +5.2031e-01 -3.3794e-02
2266 0 +6.109888126e-03 +6.189610989e+01 +6.189610989e+01 +4.1215e-01 -5.7158e-02 -4.0820e-01 +5.3387e-01 -4.3900e-02
2285 0 +6.021707653e-03 +6.189602171e+01 +6.189602171e+01 +4.1488e-01 -5.4281e-02 -4.0371e-01 +5.3203e-01 -4.1521e-02
2313 0 +5.833006603e-03 +6.189583301e+01 +6.189583301e+01 +4.1446e-01 -5.4920e-02 -4.0477e-01 +5.3324e-01 -4.2981e-02
2322 0 +5.724895292e-03 +6.189572490e+01 +6.189572490e+01 +4.1428e-01 -5.4358e-02 -4.0329e-01 +5.3253e-01 -4.2099e-02
2334 0 +5.594176508e-03 +6.189559418e+01 +6.189559418e+01 +4.0746e-01 -6.6521e-02 -4.2256e-01 +5.4529e-01 -5.0259e-02
2343 0 +5.455874370e-03 +6.189545587e+01 +6.189545587e+01 +4.0320e-01 -7.0267e-02 -4.2701e-01 +5.4860e-01 -5.3127e-02
2367 0 +5.355384185e-03 +6.189535538e+01 +6.189535538e+01 +4.0678e-01 -6.8601e-02 -4.2510e-01 +5.4824e-01 -5.0999e-02
2376 0 +5.100794512e-03 +6.189510079e+01 +6.189510079e+01 +4.0174e-01 -7.7207e-02 -4.3781e-01 +5.5817e-01 -5.6743e-02
2392 0 +4.823559493e-03 +6.189482356e+01 +6.189482356e+01 +3.9654e-01 -8.7919e-02 -4.5481e-01 +5.7190e-01 -6.5339e-02
2432 0 +4.724978994e-03 +6.189472498e+01 +6.189472498e+01 +4.0054e-01 -8.4779e-02 -4.5091e-01 +5.7138e-01 -6.4215e-02
2444 0 +4.622904944e-03 +6.189462290e+01 +6.189462290e+01 +3.9716e-01 -8.9525e-02 -4.5761e-01 +5.7510e-01 -6.5710e-02
2477 0 +4.454442613e-03 +6.189445444e+01 +6.189445444e+01 +3.9345e-01 -9.7632e-02 -4.7000e-01 +5.8549e-01 -7.1116e-02
2507 0 +4.298272430e-03 +6.189429827e+01 +6.189429827e+01 +3.8578e-01 -1.1371e-01 -4.9407e-01 +6.0502e-01 -8.0663e-02
2520 0 +4.247952960e-03 +6.189424795e+01 +6.189424795e+01 +3.8400e-01 -1.1367e-01 -4.9263e-01 +6.0383e-01 -7.9837e-02
2522 0 +4.080528873e-03 +6.189408053e+01 +6.189408053e+01 +3.7960e-01 -1.2685e-01 -5.1346e-01 +6.2253e-01 -8.9077e-02
2539 0 +4.069615508e-03 +6.189406962e+01 +6.189406962e+01 +3.7060e-01 -1.4152e-01 -5.3517e-01 +6.3870e-01 -9.8577e-02
2559 0 +3.954930828e-03 +6.189395493e+01 +6.189395493e+01 +3.5802e-01 -1.6892e-01 -5.7602e-01 +6.7309e-01 -1.1459e-01
% f evaluations | g evaluations | best noise-free fitness - Fopt (-8.456000000000e+01) + sum g_i+ | measured fitness | best measured fitness or single-digit g-values | x1 | x2...
1 0 +2.503737427e-01 -8.430962626e+01 -8.430962626e+01 +0.0000e+00 +0.0000e+00 +0.0000e+00 +0.0000e+00 +0.0000e+00
1268 0 +2.496413505e-01 -8.431035865e+01 -8.431035865e+01 +6.3035e-01 -3.5049e-02 -2.2034e-01 +4.4847e-01 +1.0004e+00
1293 0 +2.430668725e-01 -8.431693313e+01 -8.431693313e+01 +6.3090e-01 -3.4254e-02 -2.2176e-01 +4.4872e-01 +1.0014e+00
1307 0 +2.394721310e-01 -8.432052787e+01 -8.432052787e+01 +6.3134e-01 -3.3658e-02 -2.2257e-01 +4.4906e-01 +1.0019e+00
1335 0 +2.336687796e-01 -8.432633122e+01 -8.432633122e+01 +6.3276e-01 -3.1676e-02 -2.2562e-01 +4.5020e-01 +1.0039e+00
1350 0 +2.280407877e-01 -8.433195921e+01 -8.433195921e+01 +6.3351e-01 -3.0650e-02 -2.2751e-01 +4.5048e-01 +1.0052e+00
1367 0 +2.211911700e-01 -8.433880883e+01 -8.433880883e+01 +6.3462e-01 -2.9080e-02 -2.2993e-01 +4.5117e-01 +1.0071e+00
1383 0 +2.179248075e-01 -8.434207519e+01 -8.434207519e+01 +6.3403e-01 -2.9990e-02 -2.2929e-01 +4.5075e-01 +1.0066e+00
1389 0 +2.113196100e-01 -8.434868039e+01 -8.434868039e+01 +6.3965e-01 -2.2366e-02 -2.4182e-01 +4.5428e-01 +1.0152e+00
1414 0 +2.084491956e-01 -8.435155080e+01 -8.435155080e+01 +6.4257e-01 -1.8492e-02 -2.4810e-01 +4.5631e-01 +1.0196e+00
1416 0 +1.913456952e-01 -8.436865430e+01 -8.436865430e+01 +6.4157e-01 -1.9791e-02 -2.4667e-01 +4.5509e-01 +1.0191e+00
1433 0 +1.900029523e-01 -8.436999705e+01 -8.436999705e+01 +6.4656e-01 -1.3294e-02 -2.5712e-01 +4.5799e-01 +1.0265e+00
1461 0 +1.846834756e-01 -8.437531652e+01 -8.437531652e+01 +6.5386e-01 -3.4211e-03 -2.7378e-01 +4.6308e-01 +1.0381e+00
1576 0 +1.816363178e-01 -8.437836368e+01 -8.437836368e+01 +6.4654e-01 -1.3198e-02 -2.5782e-01 +4.5788e-01 +1.0275e+00
% f evaluations | g evaluations | best noise-free fitness - Fopt (-2.602000000000e+01) + sum g_i+ | measured fitness | best measured fitness or single-digit g-values | x1 | x2...
1 0 +2.503737427e-01 -2.576962626e+01 -2.576962626e+01 +0.0000e+00 +0.0000e+00 +0.0000e+00 +0.0000e+00 +0.0000e+00
253 0 +2.448447941e-01 -2.577515521e+01 -2.577515521e+01 +3.5423e-01 +2.6591e-01 -2.5544e-01 +2.2931e-01 +2.2847e-01
307 0 +2.127480663e-01 -2.580725193e+01 -2.580725193e+01 +3.6186e-01 +2.8752e-01 -2.5182e-01 +2.1377e-01 +2.3153e-01
807 0 +2.070592564e-01 -2.581294074e+01 -2.581294074e+01 +3.0705e-01 +2.6987e-01 -2.9309e-01 +1.8619e-01 +1.7641e-01
824 0 +2.002375202e-01 -2.581976248e+01 -2.581976248e+01 +3.0782e-01 +2.7244e-01 -2.9458e-01 +1.8718e-01 +1.7191e-01
828 0 +1.938682282e-01 -2.582613177e+01 -2.582613177e+01 +3.0798e-01 +2.7347e-01 -2.9504e-01 +1.8813e-01 +1.6917e-01
933 0 +1.900362291e-01 -2.582996377e+01 -2.582996377e+01 +3.0736e-01 +2.7161e-01 -2.9390e-01 +1.8801e-01 +1.7137e-01
974 0 +1.830105763e-01 -2.583698942e+01 -2.583698942e+01 +3.0851e-01 +2.7235e-01 -2.9305e-01 +1.8874e-01 +1.7037e-01
995 0 +1.778849608e-01 -2.584211504e+01 -2.584211504e+01 +3.0911e-01 +2.7242e-01 -2.9200e-01 +1.8876e-01 +1.7060e-01
1004 0 +1.777565565e-01 -2.584224344e+01 -2.584224344e+01 +3.1059e-01 +2.7340e-01 -2.9098e-01 +1.9045e-01 +1.6907e-01
1011 0 +1.703641110e-01 -2.584963589e+01 -2.584963589e+01 +3.0984e-01 +2.7081e-01 -2.8850e-01 +1.8834e-01 +1.7551e-01
1025 0 +1.648141224e-01 -2.585518588e+01 -2.585518588e+01 +3.1063e-01 +2.7166e-01 -2.8776e-01 +1.8929e-01 +1.7448e-01
1047 0 +1.598879499e-01 -2.586011205e+01 -2.586011205e+01 +3.1232e-01 +2.7078e-01 -2.8317e-01 +1.8831e-01 +1.8000e-01
1048 0 +1.574163426e-01 -2.586258366e+01 -2.586258366e+01 +3.1285e-01 +2.7041e-01 -2.8212e-01 +1.8834e-01 +1.8091e-01
1049 0 +1.547796612e-01 -2.586522034e+01 -2.586522034e+01 +3.1231e-01 +2.7180e-01 -2.8452e-01 +1.8968e-01 +1.7699e-01
1052 0 +1.503083136e-01 -2.586969169e+01 -2.586969169e+01 +3.1315e-01 +2.7184e-01 -2.8374e-01 +1.9044e-01 +1.7654e-01
1059 0 +1.477563216e-01 -2.587224368e+01 -2.587224368e+01 +3.1496e-01 +2.7452e-01 -2.8267e-01 +1.9294e-01 +1.7304e-01
1062 0 +1.426474690e-01 -2.587735253e+01 -2.587735253e+01 +3.1520e-01 +2.7277e-01 -2.8030e-01 +1.9309e-01 +1.7732e-01
1065 0 +1.346790012e-01 -2.588532100e+01 -2.588532100e+01 +3.1698e-01 +2.7337e-01 -2.7770e-01 +1.9383e-01 +1.7755e-01
1069 0 +1.315335383e-01 -2.588846646e+01 -2.588846646e+01 +3.1752e-01 +2.7358e-01 -2.7550e-01 +1.9274e-01 +1.8122e-01
1085 0 +1.249389937e-01 -2.589506101e+01 -2.589506101e+01 +3.1913e-01 +2.7267e-01 -2.7214e-01 +1.9521e-01 +1.8181e-01
1086 0 +1.215021104e-01 -2.589849789e+01 -2.589849789e+01 +3.2029e-01 +2.7365e-01 -2.7169e-01 +1.9454e-01 +1.8066e-01
1087 0 +1.148505722e-01 -2.590514943e+01 -2.590514943e+01 +3.2288e-01 +2.7399e-01 -2.6627e-01 +1.9644e-01 +1.8313e-01
1093 0 +1.114293343e-01 -2.590857067e+01 -2.590857067e+01 +3.2829e-01 +2.7684e-01 -2.5918e-01 +2.0057e-01 +1.8243e-01
1105 0 +1.074051922e-01 -2.591259481e+01 -2.591259481e+01 +3.2794e-01 +2.7566e-01 -2.5848e-01 +1.9907e-01 +1.8479e-01
1117 0 +1.060674596e-01 -2.591393254e+01 -2.591393254e+01 +3.3196e-01 +2.7558e-01 -2.4838e-01 +2.0095e-01 +1.9412e-01
1140 0 +1.046658892e-01 -2.591533411e+01 -2.591533411e+01 +3.3499e-01 +2.7788e-01 -2.4554e-01 +2.0292e-01 +1.9238e-01
1307 0 +1.021847751e-01 -2.591781522e+01 -2.591781522e+01 +3.3195e-01 +2.7554e-01 -2.5060e-01 +1.9936e-01 +1.9092e-01
1400 0 +9.993509377e-02 -2.592006491e+01 -2.592006491e+01 +3.3361e-01 +2.7468e-01 -2.4878e-01 +1.9634e-01 +1.9156e-01
1445 0 +9.745213239e-02 -2.592254787e+01 -2.592254787e+01 +3.3554e-01 +2.7401e-01 -2.4813e-01 +1.9159e-01 +1.8976e-01
1587 0 +9.528342403e-02 -2.592471658e+01 -2.592471658e+01 +3.3447e-01 +2.7309e-01 -2.5504e-01 +1.8302e-01 +1.8205e-01
2033 0 +9.316790901e-02 -2.592683209e+01 -2.592683209e+01 +3.3641e-01 +2.8412e-01 -2.5533e-01 +1.8039e-01 +1.8405e-01
2175 0 +9.117442385e-02 -2.592882558e+01 -2.592882558e+01 +3.4161e-01 +3.0154e-01 -2.5422e-01 +1.7756e-01 +1.8453e-01
2281 0 +8.847267640e-02 -2.593152732e+01 -2.593152732e+01 +3.4539e-01 +3.1074e-01 -2.5061e-01 +1.7590e-01 +1.8898e-01
2331 0 +8.692447396e-02 -2.593307553e+01 -2.593307553e+01 +3.4754e-01 +3.1970e-01 -2.4909e-01 +1.7465e-01 +1.9280e-01
2365 0 +8.494496333e-02 -2.593505504e+01 -2.593505504e+01 +3.5403e-01 +3.3352e-01 -2.4224e-01 +1.7272e-01 +1.9996e-01
2422 0 +8.315088716e-02 -2.593684911e+01 -2.593684911e+01 +3.5641e-01 +3.3808e-01 -2.4082e-01 +1.6903e-01 +2.0212e-01
2476 0 +8.124435124e-02 -2.593875565e+01 -2.593875565e+01 +3.5926e-01 +3.4771e-01 -2.3982e-01 +1.6524e-01 +2.0564e-01
2543 0 +7.924190608e-02 -2.594075809e+01 -2.594075809e+01 +3.6175e-01 +3.5880e-01 -2.4054e-01 +1.6143e-01 +2.0745e-01
2672 0 +7.721881950e-02 -2.594278118e+01 -2.594278118e+01 +3.6351e-01 +3.6472e-01 -2.4417e-01 +1.5369e-01 +2.0462e-01
2698 0 +7.560785097e-02 -2.594439215e+01 -2.594439215e+01 +3.6513e-01 +3.7173e-01 -2.4715e-01 +1.4614e-01 +2.0479e-01
2858 0 +7.412764700e-02 -2.594587235e+01 -2.594587235e+01 +3.6752e-01 +3.8188e-01 -2.5079e-01 +1.3984e-01 +2.0283e-01
3042 0 +7.240393468e-02 -2.594759607e+01 -2.594759607e+01 +3.7217e-01 +3.9527e-01 -2.4600e-01 +1.4085e-01 +2.0919e-01
3117 0 +7.076713663e-02 -2.594923286e+01 -2.594923286e+01 +3.7899e-01 +4.1787e-01 -2.4462e-01 +1.3678e-01 +2.1354e-01
3327 0 +6.909727910e-02 -2.595090272e+01 -2.595090272e+01 +3.8429e-01 +4.2818e-01 -2.3931e-01 +1.3650e-01 +2.1863e-01
3497 0 +6.758149747e-02 -2.595241850e+01 -2.595241850e+01 +3.8693e-01 +4.2817e-01 -2.3680e-01 +1.3437e-01 +2.1904e-01
3753 0 +6.600682657e-02 -2.595399317e+01 -2.595399317e+01 +3.9468e-01 +4.3792e-01 -2.3176e-01 +1.2861e-01 +2.2183e-01
3915 0 +6.453609335e-02 -2.595546391e+01 -2.595546391e+01 +4.0392e-01 +4.6043e-01 -2.2669e-01 +1.2645e-01 +2.2773e-01
4151 0 +6.294925595e-02 -2.595705074e+01 -2.595705074e+01 +4.0981e-01 +4.7298e-01 -2.2196e-01 +1.2279e-01 +2.3497e-01
4208 0 +6.159045363e-02 -2.595840955e+01 -2.595840955e+01 +4.1347e-01 +4.8067e-01 -2.2155e-01 +1.1794e-01 +2.3681e-01
4272 0 +6.020341489e-02 -2.595979659e+01 -2.595979659e+01 +4.1748e-01 +4.9083e-01 -2.2204e-01 +1.1257e-01 +2.3852e-01
4444 0 +5.885952071e-02 -2.596114048e+01 -2.596114048e+01 +4.2101e-01 +4.9920e-01 -2.2706e-01 +1.0377e-01 +2.3450e-01
4718 0 +5.745377458e-02 -2.596254623e+01 -2.596254623e+01 +4.2878e-01 +5.1799e-01 -2.2365e-01 +9.9181e-02 +2.4128e-01
4896 0 +5.610341578e-02 -2.596389658e+01 -2.596389658e+01 +4.4309e-01 +5.5135e-01 -2.1133e-01 +9.8520e-02 +2.5794e-01
5237 0 +5.494426633e-02 -2.596505573e+01 -2.596505573e+01 +4.4824e-01 +5.6207e-01 -2.1118e-01 +9.5434e-02 +2.5794e-01
5510 0 +5.359797191e-02 -2.596640203e+01 -2.596640203e+01 +4.6019e-01 +5.8541e-01 -2.0773e-01 +9.0070e-02 +2.6175e-01
5592 0 +5.240015959e-02 -2.596759984e+01 -2.596759984e+01 +4.7613e-01 +6.1799e-01 -1.9847e-01 +8.5317e-02 +2.7432e-01
5707 0 +5.126522313e-02 -2.596873478e+01 -2.596873478e+01 +4.8353e-01 +6.3108e-01 -1.9439e-01 +8.2015e-02 +2.7970e-01
5922 0 +5.004422873e-02 -2.596995577e+01 -2.596995577e+01 +4.9126e-01 +6.4543e-01 -1.9300e-01 +7.4959e-02 +2.8405e-01
6286 0 +4.897328552e-02 -2.597102671e+01 -2.597102671e+01 +5.0313e-01 +6.6523e-01 -1.9131e-01 +6.6074e-02 +2.8743e-01
6638 0 +4.783878083e-02 -2.597216122e+01 -2.597216122e+01 +5.2285e-01 +7.0373e-01 -1.7857e-01 +6.3591e-02 +3.0389e-01
7374 0 +4.677347649e-02 -2.597322652e+01 -2.597322652e+01 +5.5176e-01 +7.5743e-01 -1.6677e-01 +5.2046e-02 +3.2324e-01
8752 0 +4.565800475e-02 -2.597434200e+01 -2.597434200e+01 +5.6772e-01 +7.8057e-01 -1.5830e-01 +4.6731e-02 +3.3248e-01
8902 0 +4.465057842e-02 -2.597534942e+01 -2.597534942e+01 +5.8413e-01 +8.0255e-01 -1.4652e-01 +4.3829e-02 +3.4377e-01
9968 0 +4.364855177e-02 -2.597635145e+01 -2.597635145e+01 +6.1915e-01 +8.5997e-01 -1.2418e-01 +3.8230e-02 +3.7157e-01
% f evaluations | g evaluations | best noise-free fitness - Fopt (-3.015000000000e+01) + sum g_i+ | measured fitness | best measured fitness or single-digit g-values | x1 | x2...
1 0 +2.503737427e-01 -2.989962626e+01 -2.989962626e+01 +0.0000e+00 +0.0000e+00 +0.0000e+00 +0.0000e+00 +0.0000e+00
703 0 +2.410308480e-01 -2.990896915e+01 -2.990896915e+01 +6.4359e-01 -2.5724e-01 -4.4801e-01 +3.1305e-01 +9.8322e-02
724 0 +2.386647230e-01 -2.991133528e+01 -2.991133528e+01 +6.4758e-01 -2.5416e-01 -4.4874e-01 +3.1405e-01 +9.5910e-02
802 0 +2.329797849e-01 -2.991702022e+01 -2.991702022e+01 +6.4798e-01 -2.5360e-01 -4.4914e-01 +3.1418e-01 +9.5369e-02
827 0 +2.260003886e-01 -2.992399961e+01 -2.992399961e+01 +6.4604e-01 -2.5525e-01 -4.5037e-01 +3.1491e-01 +9.5159e-02
909 0 +2.236193687e-01 -2.992638063e+01 -2.992638063e+01 +6.4768e-01 -2.5370e-01 -4.5002e-01 +3.1471e-01 +9.5273e-02
1096 0 +2.187246385e-01 -2.993127536e+01 -2.993127536e+01 +6.4890e-01 -2.5272e-01 -4.5044e-01 +3.1513e-01 +9.4423e-02
1188 0 +2.135243729e-01 -2.993647563e+01 -2.993647563e+01 +6.4931e-01 -2.5247e-01 -4.5120e-01 +3.1567e-01 +9.3226e-02
1220 0 +2.087746664e-01 -2.994122533e+01 -2.994122533e+01 +6.5010e-01 -2.5187e-01 -4.5214e-01 +3.1634e-01 +9.1711e-02
1232 0 +2.007080500e-01 -2.994929195e+01 -2.994929195e+01 +6.5147e-01 -2.5089e-01 -4.5361e-01 +3.1754e-01 +8.8898e-02
1239 0 +1.994491936e-01 -2.995055081e+01 -2.995055081e+01 +6.5177e-01 -2.5061e-01 -4.5419e-01 +3.1794e-01 +8.8215e-02
1261 0 +1.938767632e-01 -2.995612324e+01 -2.995612324e+01 +6.5317e-01 -2.4955e-01 -4.5573e-01 +3.1916e-01 +8.5426e-02
1291 0 +1.894756418e-01 -2.996052436e+01 -2.996052436e+01 +6.5536e-01 -2.4781e-01 -4.5708e-01 +3.2048e-01 +8.2410e-02
1315 0 +1.861750408e-01 -2.996382496e+01 -2.996382496e+01 +6.5725e-01 -2.4637e-01 -4.5964e-01 +3.2235e-01 +7.8533e-02
1896 0 +1.819641152e-01 -2.996803588e+01 -2.996803588e+01 +6.6109e-01 -2.4403e-01 -4.6658e-01 +3.2770e-01 +6.5121e-02
2967 0 +1.775720636e-01 -2.997242794e+01 -2.997242794e+01 +6.7009e-01 -2.4226e-01 -4.6569e-01 +3.2521e-01 +4.5102e-02
3018 0 +1.733315081e-01 -2.997666849e+01 -2.997666849e+01 +6.7407e-01 -2.4107e-01 -4.6409e-01 +3.2317e-01 +3.9221e-02
3035 0 +1.697560640e-01 -2.998024394e+01 -2.998024394e+01 +6.8270e-01 -2.3802e-01 -4.6207e-01 +3.2022e-01 +2.6051e-02
3046 0 +1.652969929e-01 -2.998470301e+01 -2.998470301e+01 +7.0013e-01 -2.3262e-01 -4.5871e-01 +3.1487e-01 -3.9030e-03
3058 0 +1.597098787e-01 -2.999029012e+01 -2.999029012e+01 +7.0730e-01 -2.3030e-01 -4.5423e-01 +3.1035e-01 -1.1858e-02
3206 0 +1.568792951e-01 -2.999312070e+01 -2.999312070e+01 +7.0991e-01 -2.3010e-01 -4.5072e-01 +3.0689e-01 -1.4461e-02
3253 0 +1.532078528e-01 -2.999679215e+01 -2.999679215e+01 +7.1248e-01 -2.2906e-01 -4.4922e-01 +3.0562e-01 -1.7119e-02
3316 0 +1.506850131e-01 -2.999931499e+01 -2.999931499e+01 +7.2155e-01 -2.2663e-01 -4.4709e-01 +3.0242e-01 -3.3763e-02
3349 0 +1.476988733e-01 -3.000230113e+01 -3.000230113e+01 +7.2824e-01 -2.2408e-01 -4.4444e-01 +2.9953e-01 -4.2218e-02
3380 0 +1.437881867e-01 -3.000621181e+01 -3.000621181e+01 +7.4073e-01 -2.2086e-01 -4.3858e-01 +2.9282e-01 -6.1918e-02
3436 0 +1.407266554e-01 -3.000927334e+01 -3.000927334e+01 +7.5710e-01 -2.1563e-01 -4.3225e-01 +2.8555e-01 -8.6351e-02
3501 0 +1.376082546e-01 -3.001239175e+01 -3.001239175e+01 +7.6225e-01 -2.1510e-01 -4.2829e-01 +2.8137e-01 -9.5520e-02
3710 0 +1.348700866e-01 -3.001512991e+01 -3.001512991e+01 +7.7635e-01 -2.1164e-01 -4.2169e-01 +2.7377e-01 -1.1881e-01
4027 0 +1.316166189e-01 -3.001838338e+01 -3.001838338e+01 +7.9683e-01 -2.0737e-01 -4.1402e-01 +2.6396e-01 -1.5836e-01
4272 0 +1.279221541e-01 -3.002207785e+01 -3.002207785e+01 +8.1380e-01 -2.0483e-01 -4.0886e-01 +2.5659e-01 -1.9672e-01
4352 0 +1.257911805e-01 -3.002420882e+01 -3.002420882e+01 +8.2318e-01 -2.0362e-01 -4.0756e-01 +2.5385e-01 -2.2092e-01
5326 0 +1.229531985e-01 -3.002704680e+01 -3.002704680e+01 +8.5609e-01 -1.9828e-01 -3.8918e-01 +2.3321e-01 -2.8291e-01
5597 0 +1.201744379e-01 -3.002982556e+01 -3.002982556e+01 +8.8231e-01 -1.9221e-01 -3.8057e-01 +2.2260e-01 -3.3573e-01
% f evaluations | g evaluations | best noise-free fitness - Fopt (-1.000000000000e+03) + sum g_i+ | measured fitness | best measured fitness or single-digit g-values | x1 | x2...
1 0 +2.503737427e-01 -9.997496263e+02 -9.997496263e+02 +0.0000e+00 +0.0000e+00 +0.0000e+00 +0.0000e+00 +0.0000e+00
434 0 +2.268552669e-01 -9.997731447e+02 -9.997731447e+02 +3.5005e-01 -9.5295e-02 +2.7551e-02 -2.2149e-01 +3.1091e-01
460 0 +1.700880794e-01 -9.998299119e+02 -9.998299119e+02 +3.5231e-01 -1.0019e-01 +4.0196e-02 -2.1454e-01 +2.9793e-01
478 0 +8.110732336e-02 -9.999188927e+02 -9.999188927e+02 +3.5607e-01 -1.0055e-01 +4.6994e-02 -2.1595e-01 +3.0120e-01
488 0 +7.573047345e-02 -9.999242695e+02 -9.999242695e+02 +3.5356e-01 -1.0008e-01 +4.5307e-02 -2.1896e-01 +3.1225e-01
490 0 +7.257340365e-02 -9.999274266e+02 -9.999274266e+02 +3.5177e-01 -1.0355e-01 +4.3913e-02 -2.1393e-01 +3.0050e-01
513 0 +4.931597254e-02 -9.999506840e+02 -9.999506840e+02 +3.5190e-01 -1.0079e-01 +4.4808e-02 -2.1847e-01 +3.0959e-01
541 0 +4.848108631e-02 -9.999515189e+02 -9.999515189e+02 +3.4934e-01 -1.0408e-01 +4.7287e-02 -2.1776e-01 +3.2062e-01
543 0 +4.725681177e-02 -9.999527432e+02 -9.999527432e+02 +3.4772e-01 -1.0515e-01 +4.6148e-02 -2.1680e-01 +3.1865e-01
606 0 +4.356750602e-02 -9.999564325e+02 -9.999564325e+02 +3.4978e-01 -1.0039e-01 +4.4371e-02 -2.2020e-01 +3.1839e-01
649 0 +4.193562327e-02 -9.999580644e+02 -9.999580644e+02 +3.4610e-01 -1.0291e-01 +4.0952e-02 -2.2015e-01 +3.2092e-01
663 0 +4.113182113e-02 -9.999588682e+02 -9.999588682e+02 +3.4629e-01 -1.0368e-01 +4.1361e-02 -2.1925e-01 +3.1929e-01
691 0 +4.058722166e-02 -9.999594128e+02 -9.999594128e+02 +3.4749e-01 -1.0161e-01 +4.0494e-02 -2.2045e-01 +3.1906e-01
979 0 +3.980701594e-02 -9.999601930e+02 -9.999601930e+02 +3.4728e-01 -1.0116e-01 +3.7557e-02 -2.2073e-01 +3.1560e-01
1353 0 +3.890367440e-02 -9.999610963e+02 -9.999610963e+02 +3.4473e-01 -1.0317e-01 +3.2492e-02 -2.2008e-01 +3.1234e-01
2247 0 +3.801107463e-02 -9.999619889e+02 -9.999619889e+02 +3.3687e-01 -1.1606e-01 +3.9896e-02 -2.1469e-01 +3.2884e-01
2720 0 +3.703306315e-02 -9.999629669e+02 -9.999629669e+02 +3.2792e-01 -1.3295e-01 +5.5590e-02 -2.0836e-01 +3.5599e-01
2858 0 +3.628462253e-02 -9.999637154e+02 -9.999637154e+02 +3.1887e-01 -1.4595e-01 +5.9333e-02 -2.0416e-01 +3.6976e-01
3912 0 +3.544337868e-02 -9.999645566e+02 -9.999645566e+02 +3.1227e-01 -1.5863e-01 +6.9513e-02 -1.9986e-01 +3.8544e-01
4571 0 +3.464436967e-02 -9.999653556e+02 -9.999653556e+02 +3.0131e-01 -1.7692e-01 +7.9997e-02 -1.9485e-01 +4.0800e-01
5055 0 +3.385123837e-02 -9.999661488e+02 -9.999661488e+02 +2.8658e-01 -2.0323e-01 +9.6067e-02 -1.8818e-01 +4.3709e-01
5621 0 +3.311127122e-02 -9.999668887e+02 -9.999668887e+02 +2.6952e-01 -2.2754e-01 +1.0401e-01 -1.8444e-01 +4.6720e-01
6925 0 +3.233404359e-02 -9.999676660e+02 -9.999676660e+02 +2.4384e-01 -2.6636e-01 +1.1864e-01 -1.7955e-01 +5.1312e-01
9545 0 +3.162256419e-02 -9.999683774e+02 -9.999683774e+02 +1.9165e-01 -3.4373e-01 +1.4109e-01 -1.7380e-01 +5.9724e-01
% f evaluations | g evaluations | best noise-free fitness - Fopt (-9.243000000000e+02) + sum g_i+ | measured fitness | best measured fitness or single-digit g-values | x1 | x2...
1 0 +2.503737427e-01 -9.240496263e+02 -9.240496263e+02 +0.0000e+00 +0.0000e+00 +0.0000e+00 +0.0000e+00 +0.0000e+00
1842 0 +2.496148774e-01 -9.240503851e+02 -9.240503851e+02 +8.1971e-01 -2.4811e-01 -1.8242e-01 +3.3775e-01 +1.4511e-02
1864 0 +2.444877169e-01 -9.240555123e+02 -9.240555123e+02 +8.1981e-01 -2.4813e-01 -1.8137e-01 +3.3877e-01 +1.4335e-02
3847 0 +2.398514421e-01 -9.240601486e+02 -9.240601486e+02 +8.2347e-01 -2.4761e-01 -1.7405e-01 +3.3368e-01 +1.7751e-02
4781 0 +2.341880563e-01 -9.240658119e+02 -9.240658119e+02 +8.4228e-01 -2.4341e-01 -1.4545e-01 +2.9807e-01 +4.0588e-02
5681 0 +2.287937210e-01 -9.240712063e+02 -9.240712063e+02 +8.6176e-01 -2.3958e-01 -1.1913e-01 +2.5719e-01 +6.8520e-02
6354 0 +2.238322085e-01 -9.240761678e+02 -9.240761678e+02 +8.7784e-01 -2.3539e-01 -1.0209e-01 +2.1899e-01 +9.4450e-02
8519 0 +2.187552406e-01 -9.240812448e+02 -9.240812448e+02 +8.9894e-01 -2.3170e-01 -7.7444e-02 +1.7019e-01 +1.3242e-01
10297 0 +2.137922153e-01 -9.240862078e+02 -9.240862078e+02 +9.2018e-01 -2.2408e-01 -6.4675e-02 +1.1163e-01 +1.7483e-01
11349 0 +2.087418086e-01 -9.240912582e+02 -9.240912582e+02 +9.5661e-01 -2.0668e-01 -5.2450e-02 +6.0645e-03 +2.5618e-01
% f evaluations | g evaluations | best noise-free fitness - Fopt (-1.035000000000e+01) + sum g_i+ | measured fitness | best measured fitness or single-digit g-values | x1 | x2...
1 0 +2.503737427e-01 -1.009962626e+01 -1.009962626e+01 +0.0000e+00 +0.0000e+00 +0.0000e+00 +0.0000e+00 +0.0000e+00
3697 0 +2.494351202e-01 -1.010056488e+01 -1.010056488e+01 +8.7415e-01 -8.0433e-02 +2.0847e-01 +1.8152e-01 -3.7424e-01
3703 0 +2.446988930e-01 -1.010530111e+01 -1.010530111e+01 +8.7405e-01 -7.9519e-02 +2.0945e-01 +1.8133e-01 -3.7505e-01
3743 0 +2.371980508e-01 -1.011280195e+01 -1.011280195e+01 +8.6817e-01 -7.7665e-02 +2.2327e-01 +1.7734e-01 -3.8764e-01
3751 0 +2.334752620e-01 -1.011652474e+01 -1.011652474e+01 +8.6788e-01 -8.2431e-02 +2.2208e-01 +1.7636e-01 -3.8705e-01
3784 0 +2.265848982e-01 -1.012341510e+01 -1.012341510e+01 +8.6206e-01 -8.1666e-02 +2.3502e-01 +1.7328e-01 -3.9943e-01
3818 0 +2.208794084e-01 -1.012912059e+01 -1.012912059e+01 +8.6061e-01 -9.4201e-02 +2.3461e-01 +1.7239e-01 -3.9964e-01
3832 0 +2.146417784e-01 -1.013535822e+01 -1.013535822e+01 +8.5539e-01 -9.3008e-02 +2.4717e-01 +1.6857e-01 -4.1126e-01
3874 0 +2.125070357e-01 -1.013749296e+01 -1.013749296e+01 +8.5377e-01 -9.4668e-02 +2.4970e-01 +1.6776e-01 -4.1378e-01
3937 0 +2.089202114e-01 -1.014107979e+01 -1.014107979e+01 +8.4900e-01 -9.5953e-02 +2.6084e-01 +1.6445e-01 -4.2393e-01
4102 0 +2.031970939e-01 -1.014680291e+01 -1.014680291e+01 +8.4898e-01 -9.9102e-02 +2.6093e-01 +1.6131e-01 -4.2397e-01
4205 0 +1.990916017e-01 -1.015090840e+01 -1.015090840e+01 +8.4416e-01 -1.0269e-01 +2.7221e-01 +1.5378e-01 -4.3424e-01
4342 0 +1.945221014e-01 -1.015547790e+01 -1.015547790e+01 +8.4104e-01 -1.0692e-01 +2.7988e-01 +1.4861e-01 -4.4105e-01
4390 0 +1.886311574e-01 -1.016136884e+01 -1.016136884e+01 +8.3389e-01 -1.1693e-01 +3.0029e-01 +1.3365e-01 -4.5861e-01
4449 0 +1.855744155e-01 -1.016442558e+01 -1.016442558e+01 +8.3238e-01 -1.1858e-01 +3.0342e-01 +1.3334e-01 -4.6152e-01
4522 0 +1.812986345e-01 -1.016870137e+01 -1.016870137e+01 +8.3123e-01 -1.2423e-01 +3.0516e-01 +1.3074e-01 -4.6360e-01
4591 0 +1.778197380e-01 -1.017218026e+01 -1.017218026e+01 +8.3084e-01 -1.2538e-01 +3.0557e-01 +1.3066e-01 -4.6396e-01
4648 0 +1.724814751e-01 -1.017751852e+01 -1.017751852e+01 +8.2598e-01 -1.3618e-01 +3.1864e-01 +1.2229e-01 -4.7526e-01
4692 0 +1.694495381e-01 -1.018055046e+01 -1.018055046e+01 +8.2558e-01 -1.3887e-01 +3.1987e-01 +1.2216e-01 -4.7610e-01
4739 0 +1.654122175e-01 -1.018458778e+01 -1.018458778e+01 +8.2461e-01 -1.4543e-01 +3.2353e-01 +1.2259e-01 -4.7847e-01
4910 0 +1.616085333e-01 -1.018839147e+01 -1.018839147e+01 +8.2172e-01 -1.5210e-01 +3.3280e-01 +1.1707e-01 -4.8609e-01
4973 0 +1.577297261e-01 -1.019227027e+01 -1.019227027e+01 +8.1924e-01 -1.6162e-01 +3.4233e-01 +1.1113e-01 -4.9342e-01
5114 0 +1.546497261e-01 -1.019535027e+01 -1.019535027e+01 +8.1741e-01 -1.6755e-01 +3.4984e-01 +1.0583e-01 -4.9926e-01
5403 0 +1.512890988e-01 -1.019871090e+01 -1.019871090e+01 +8.1388e-01 -1.7652e-01 +3.6492e-01 +9.4469e-02 -5.1112e-01
5607 0 +1.476348469e-01 -1.020236515e+01 -1.020236515e+01 +8.1256e-01 -1.8524e-01 +3.7156e-01 +9.1414e-02 -5.1594e-01
5699 0 +1.443763128e-01 -1.020562369e+01 -1.020562369e+01 +8.1096e-01 -1.9701e-01 +3.8091e-01 +8.6298e-02 -5.2278e-01
5942 0 +1.411844239e-01 -1.020881558e+01 -1.020881558e+01 +8.0881e-01 -2.0718e-01 +3.9412e-01 +7.7585e-02 -5.3250e-01
6041 0 +1.379086651e-01 -1.021209133e+01 -1.021209133e+01 +8.0738e-01 -2.2122e-01 +4.0801e-01 +6.9474e-02 -5.4211e-01
6307 0 +1.348006291e-01 -1.021519937e+01 -1.021519937e+01 +8.0673e-01 -2.3965e-01 +4.2451e-01 +6.0269e-02 -5.5286e-01
6611 0 +1.317570991e-01 -1.021824290e+01 -1.021824290e+01 +8.0656e-01 -2.6694e-01 +4.5089e-01 +4.3576e-02 -5.7017e-01
7470 0 +1.287308468e-01 -1.022126915e+01 -1.022126915e+01 +8.0559e-01 -2.7531e-01 +4.6167e-01 +4.2430e-02 -5.7768e-01
7745 0 +1.257807374e-01 -1.022421926e+01 -1.022421926e+01 +8.0530e-01 -2.8921e-01 +4.8004e-01 +3.5880e-02 -5.8992e-01
8105 0 +1.230226620e-01 -1.022697734e+01 -1.022697734e+01 +8.0649e-01 -3.1329e-01 +5.0706e-01 +2.5245e-02 -6.0730e-01
8666 0 +1.201691111e-01 -1.022983089e+01 -1.022983089e+01 +8.1244e-01 -3.5132e-01 +5.4080e-01 +1.0554e-02 -6.2703e-01
9942 0 +1.174884525e-01 -1.023251155e+01 -1.023251155e+01 +8.2055e-01 -3.8924e-01 +5.7597e-01 -5.8711e-03 -6.4756e-01
12138 0 +1.147233083e-01 -1.023527669e+01 -1.023527669e+01 +8.4179e-01 -4.6348e-01 +6.4835e-01 -3.0889e-02 -6.8941e-01
15740 0 +1.121917994e-01 -1.023780820e+01 -1.023780820e+01 +8.8508e-01 -5.6575e-01 +7.2984e-01 -6.4693e-02 -7.3223e-01
% f evaluations | g evaluations | best noise-free fitness - Fopt (-1.000000000000e+03) + sum g_i+ | measured fitness | best measured fitness or single-digit g-values | x1 | x2...
1 0 +2.503737427e-01 -9.997496263e+02 -9.997496263e+02 +0.0000e+00 +0.0000e+00 +0.0000e+00 +0.0000e+00 +0.0000e+00
517 0 +1.758786020e-01 -9.998241214e+02 -9.998241214e+02 +3.0089e-01 +1.6974e-01 -6.4662e-01 +4.3037e-01 -1.9253e-01
523 0 +1.672442994e-01 -9.998327557e+02 -9.998327557e+02 +3.0321e-01 +1.7149e-01 -6.4701e-01 +4.3275e-01 -1.9033e-01
850 0 +1.656670620e-01 -9.998343329e+02 -9.998343329e+02 +3.0050e-01 +1.6962e-01 -6.4652e-01 +4.3113e-01 -1.9226e-01
889 0 +1.619322774e-01 -9.998380677e+02 -9.998380677e+02 +3.0062e-01 +1.6923e-01 -6.4627e-01 +4.3121e-01 -1.9236e-01
920 0 +1.570625297e-01 -9.998429375e+02 -9.998429375e+02 +3.0130e-01 +1.6854e-01 -6.4663e-01 +4.3048e-01 -1.9347e-01
931 0 +1.546595985e-01 -9.998453404e+02 -9.998453404e+02 +3.0434e-01 +1.7005e-01 -6.4702e-01 +4.3132e-01 -1.9355e-01
964 0 +1.499082920e-01 -9.998500917e+02 -9.998500917e+02 +3.0578e-01 +1.6888e-01 -6.4746e-01 +4.3064e-01 -1.9586e-01
967 0 +1.467347870e-01 -9.998532652e+02 -9.998532652e+02 +3.0593e-01 +1.6818e-01 -6.4783e-01 +4.3006e-01 -1.9691e-01
1006 0 +1.439718981e-01 -9.998560281e+02 -9.998560281e+02 +3.0877e-01 +1.6685e-01 -6.4880e-01 +4.2867e-01 -2.0064e-01
1037 0 +1.398831603e-01 -9.998601168e+02 -9.998601168e+02 +3.1056e-01 +1.6750e-01 -6.4966e-01 +4.2833e-01 -2.0094e-01
1044 0 +1.373089665e-01 -9.998626910e+02 -9.998626910e+02 +3.0814e-01 +1.6662e-01 -6.4930e-01 +4.2817e-01 -2.0043e-01
1128 0 +1.346087763e-01 -9.998653912e+02 -9.998653912e+02 +3.0713e-01 +1.6475e-01 -6.5000e-01 +4.2649e-01 -2.0281e-01
1391 0 +1.316044939e-01 -9.998683955e+02 -9.998683955e+02 +3.0292e-01 +1.6118e-01 -6.4941e-01 +4.2383e-01 -2.0607e-01
1466 0 +1.284263842e-01 -9.998715736e+02 -9.998715736e+02 +2.9662e-01 +1.5612e-01 -6.4814e-01 +4.2011e-01 -2.1060e-01
1488 0 +1.252529434e-01 -9.998747471e+02 -9.998747471e+02 +2.8895e-01 +1.5093e-01 -6.4666e-01 +4.1642e-01 -2.1476e-01
1500 0 +1.225913221e-01 -9.998774087e+02 -9.998774087e+02 +2.8069e-01 +1.4451e-01 -6.4525e-01 +4.1161e-01 -2.2054e-01
1535 0 +1.200618280e-01 -9.998799382e+02 -9.998799382e+02 +2.7643e-01 +1.4150e-01 -6.4439e-01 +4.0921e-01 -2.2321e-01
1696 0 +1.172070022e-01 -9.998827930e+02 -9.998827930e+02 +2.6564e-01 +1.3632e-01 -6.4219e-01 +4.0543e-01 -2.2583e-01
1803 0 +1.147283441e-01 -9.998852717e+02 -9.998852717e+02 +2.6289e-01 +1.3635e-01 -6.4088e-01 +4.0553e-01 -2.2477e-01
1869 0 +1.121632913e-01 -9.998878367e+02 -9.998878367e+02 +2.5398e-01 +1.3134e-01 -6.3808e-01 +4.0183e-01 -2.2836e-01
2037 0 +1.094288331e-01 -9.998905712e+02 -9.998905712e+02 +2.4558e-01 +1.2645e-01 -6.3563e-01 +3.9800e-01 -2.3227e-01
2086 0 +1.062885785e-01 -9.998937114e+02 -9.998937114e+02 +2.4292e-01 +1.2427e-01 -6.3498e-01 +3.9614e-01 -2.3487e-01
2132 0 +1.031834161e-01 -9.998968166e+02 -9.998968166e+02 +2.3235e-01 +1.1648e-01 -6.3271e-01 +3.8980e-01 -2.4249e-01
2211 0 +1.022369707e-01 -9.998977630e+02 -9.998977630e+02 +2.3236e-01 +1.1624e-01 -6.3249e-01 +3.8944e-01 -2.4330e-01
2281 0 +9.995700610e-02 -9.999000430e+02 -9.999000430e+02 +2.2696e-01 +1.1478e-01 -6.3044e-01 +3.8832e-01 -2.4336e-01
2340 0 +9.770240976e-02 -9.999022976e+02 -9.999022976e+02 +2.1743e-01 +1.1058e-01 -6.2716e-01 +3.8491e-01 -2.4615e-01
2372 0 +9.513019740e-02 -9.999048698e+02 -9.999048698e+02 +2.0756e-01 +1.0446e-01 -6.2399e-01 +3.7973e-01 -2.5208e-01
2415 0 +9.317014271e-02 -9.999068299e+02 -9.999068299e+02 +1.9369e-01 +9.4986e-02 -6.1958e-01 +3.7151e-01 -2.6191e-01
2503 0 +9.113492072e-02 -9.999088651e+02 -9.999088651e+02 +1.8561e-01 +9.2558e-02 -6.1624e-01 +3.6937e-01 -2.6288e-01
2522 0 +8.871119063e-02 -9.999112888e+02 -9.999112888e+02 +1.8067e-01 +9.0907e-02 -6.1407e-01 +3.6772e-01 -2.6387e-01
2544 0 +8.668421560e-02 -9.999133158e+02 -9.999133158e+02 +1.7165e-01 +8.7706e-02 -6.1017e-01 +3.6493e-01 -2.6557e-01
2559 0 +8.500913306e-02 -9.999149909e+02 -9.999149909e+02 +1.6621e-01 +8.4102e-02 -6.0804e-01 +3.6139e-01 -2.6981e-01
2740 0 +8.306512883e-02 -9.999169349e+02 -9.999169349e+02 +1.6161e-01 +8.1925e-02 -6.0615e-01 +3.5937e-01 -2.7150e-01
2805 0 +8.055616863e-02 -9.999194438e+02 -9.999194438e+02 +1.4782e-01 +7.6011e-02 -6.0035e-01 +3.5361e-01 -2.7652e-01
2844 0 +7.913411042e-02 -9.999208659e+02 -9.999208659e+02 +1.3973e-01 +7.2578e-02 -5.9682e-01 +3.5003e-01 -2.7969e-01
3084 0 +7.756207821e-02 -9.999224379e+02 -9.999224379e+02 +1.2639e-01 +6.7222e-02 -5.9078e-01 +3.4418e-01 -2.8445e-01
3255 0 +7.567787276e-02 -9.999243221e+02 -9.999243221e+02 +1.0304e-01 +5.8318e-02 -5.7962e-01 +3.3395e-01 -2.9281e-01
3328 0 +7.404563343e-02 -9.999259544e+02 -9.999259544e+02 +8.4184e-02 +5.1890e-02 -5.6993e-01 +3.2603e-01 -2.9861e-01
3414 0 +7.233326695e-02 -9.999276667e+02 -9.999276667e+02 +7.0650e-02 +4.6700e-02 -5.6262e-01 +3.1916e-01 -3.0424e-01
3553 0 +7.057343316e-02 -9.999294266e+02 -9.999294266e+02 +6.3874e-02 +4.4655e-02 -5.5901e-01 +3.1632e-01 -3.0630e-01
3606 0 +6.904147780e-02 -9.999309585e+02 -9.999309585e+02 +5.9102e-02 +4.3821e-02 -5.5596e-01 +3.1463e-01 -3.0705e-01
3658 0 +6.758309194e-02 -9.999324169e+02 -9.999324169e+02 +4.8134e-02 +3.9502e-02 -5.5002e-01 +3.0890e-01 -3.1191e-01
4089 0 +6.605097467e-02 -9.999339490e+02 -9.999339490e+02 +3.7415e-02 +3.5253e-02 -5.4395e-01 +3.0273e-01 -3.1742e-01
4846 0 +6.456253354e-02 -9.999354375e+02 -9.999354375e+02 +1.8563e-02 +2.9204e-02 -5.3333e-01 +2.9280e-01 -3.2474e-01
5123 0 +6.308453878e-02 -9.999369155e+02 -9.999369155e+02 +6.1781e-04 +2.5277e-02 -5.2258e-01 +2.8408e-01 -3.2954e-01
5479 0 +6.155071311e-02 -9.999384493e+02 -9.999384493e+02 -2.1913e-02 +2.0728e-02 -5.0843e-01 +2.7261e-01 -3.3575e-01
6168 0 +6.025526405e-02 -9.999397447e+02 -9.999397447e+02 -4.0206e-02 +1.6851e-02 -4.9685e-01 +2.6227e-01 -3.4158e-01
6761 0 +5.881229714e-02 -9.999411877e+02 -9.999411877e+02 -7.4534e-02 +1.2078e-02 -4.7427e-01 +2.4270e-01 -3.5045e-01
7186 0 +5.747371219e-02 -9.999425263e+02 -9.999425263e+02 -1.0021e-01 +7.9755e-03 -4.5752e-01 +2.2542e-01 -3.5952e-01
8694 0 +5.623395714e-02 -9.999437660e+02 -9.999437660e+02 -1.3356e-01 +5.7312e-03 -4.3476e-01 +2.0269e-01 -3.6842e-01
10632 0 +5.491000458e-02 -9.999450900e+02 -9.999450900e+02 -1.7762e-01 +5.2152e-03 -4.0426e-01 +1.6883e-01 -3.8036e-01
14453 0 +5.370266013e-02 -9.999462973e+02 -9.999462973e+02 -2.3433e-01 +1.0555e-02 -3.6456e-01 +1.1908e-01 -3.9402e-01
19184 0 +5.248052024e-02 -9.999475195e+02 -9.999475195e+02 -3.2096e-01 +3.4721e-02 -3.0449e-01 +2.7301e-02 -4.0928e-01
% f evaluations | g evaluations | best noise-free fitness - Fopt (2.880000000000e+01) + sum g_i+ | measured fitness | best measured fitness or single-digit g-values | x1 | x2...
1 0 +2.503737427e-01 +2.905037374e+01 +2.905037374e+01 +0.0000e+00 +0.0000e+00 +0.0000e+00 +0.0000e+00 +0.0000e+00
3143 0 +2.499146766e-01 +2.904991468e+01 +2.904991468e+01 +6.3842e-01 -6.9834e-01 -3.1063e-01 +3.7120e-01 -5.3199e-01
3209 0 +2.451673232e-01 +2.904516732e+01 +2.904516732e+01 +6.4030e-01 -7.0220e-01 -3.1467e-01 +3.5934e-01 -5.3274e-01
3286 0 +2.397795452e-01 +2.903977955e+01 +2.903977955e+01 +6.3988e-01 -7.0544e-01 -3.2062e-01 +3.5235e-01 -5.3330e-01
3321 0 +2.340426011e-01 +2.903404260e+01 +2.903404260e+01 +6.4421e-01 -7.0798e-01 -3.2003e-01 +3.4060e-01 -5.3396e-01
3420 0 +2.288431550e-01 +2.902884315e+01 +2.902884315e+01 +6.4480e-01 -7.1213e-01 -3.2672e-01 +3.2974e-01 -5.3474e-01
3486 0 +2.238362975e-01 +2.902383630e+01 +2.902383630e+01 +6.4751e-01 -7.1567e-01 -3.2972e-01 +3.1844e-01 -5.3522e-01
3540 0 +2.180063259e-01 +2.901800633e+01 +2.901800633e+01 +6.5207e-01 -7.2148e-01 -3.3466e-01 +2.9928e-01 -5.3620e-01
3641 0 +2.136026206e-01 +2.901360262e+01 +2.901360262e+01 +6.5539e-01 -7.2350e-01 -3.3460e-01 +2.9180e-01 -5.3609e-01
3748 0 +2.086801072e-01 +2.900868011e+01 +2.900868011e+01 +6.6173e-01 -7.2952e-01 -3.3761e-01 +2.7263e-01 -5.3647e-01
3881 0 +2.038968904e-01 +2.900389689e+01 +2.900389689e+01 +6.6567e-01 -7.3463e-01 -3.4262e-01 +2.5634e-01 -5.3728e-01
4013 0 +1.994766229e-01 +2.899947662e+01 +2.899947662e+01 +6.7095e-01 -7.3877e-01 -3.4416e-01 +2.4287e-01 -5.3736e-01
4133 0 +1.946569489e-01 +2.899465695e+01 +2.899465695e+01 +6.7804e-01 -7.4444e-01 -3.4624e-01 +2.2577e-01 -5.3715e-01
4279 0 +1.904498759e-01 +2.899044988e+01 +2.899044988e+01 +6.8241e-01 -7.4957e-01 -3.5085e-01 +2.1223e-01 -5.3702e-01
4539 0 +1.861411638e-01 +2.898614116e+01 +2.898614116e+01 +6.9178e-01 -7.6025e-01 -3.5981e-01 +1.8421e-01 -5.3683e-01
4872 0 +1.817596846e-01 +2.898175968e+01 +2.898175968e+01 +6.9914e-01 -7.6403e-01 -3.5844e-01 +1.7159e-01 -5.3656e-01
5025 0 +1.775838055e-01 +2.897758381e+01 +2.897758381e+01 +7.1171e-01 -7.7245e-01 -3.6023e-01 +1.4779e-01 -5.3570e-01
5319 0 +1.735181779e-01 +2.897351818e+01 +2.897351818e+01 +7.2651e-01 -7.8356e-01 -3.6463e-01 +1.1960e-01 -5.3438e-01
5643 0 +1.694541662e-01 +2.896945417e+01 +2.896945417e+01 +7.4233e-01 -7.9667e-01 -3.7216e-01 +8.7760e-02 -5.3319e-01
5916 0 +1.655765782e-01 +2.896557658e+01 +2.896557658e+01 +7.6160e-01 -8.0814e-01 -3.7277e-01 +6.0143e-02 -5.3126e-01
6735 0 +1.621780141e-01 +2.896217801e+01 +2.896217801e+01 +7.8784e-01 -8.2533e-01 -3.7749e-01 +2.1981e-02 -5.2850e-01
7996 0 +1.584770520e-01 +2.895847705e+01 +2.895847705e+01 +8.2696e-01 -8.4845e-01 -3.8077e-01 -2.6107e-02 -5.2445e-01
9704 0 +1.548729389e-01 +2.895487294e+01 +2.895487294e+01 +8.8904e-01 -8.8504e-01 -3.8778e-01 -9.3219e-02 -5.1802e-01
18819 0 +1.513532029e-01 +2.895135320e+01 +2.895135320e+01 +1.0274e+00 -9.5920e-01 -3.9576e-01 -2.0694e-01 -5.0616e-01
% f evaluations | g evaluations | best noise-free fitness - Fopt (3.534000000000e+01) + sum g_i+ | measured fitness | best measured fitness or single-digit g-values | x1 | x2...
1 0 +2.503737427e-01 +3.559037374e+01 +3.559037374e+01 +0.0000e+00 +0.0000e+00 +0.0000e+00 +0.0000e+00 +0.0000e+00
516 0 +2.000872099e-01 +3.554008721e+01 +3.554008721e+01 +5.1456e-01 -1.6352e-01 -1.1215e-01 +3.7067e-01 +6.6407e-02
536 0 +1.984386776e-01 +3.553843868e+01 +3.553843868e+01 +5.1291e-01 -1.6336e-01 -1.1484e-01 +3.7096e-01 +6.7197e-02
544 0 +1.672407208e-01 +3.550724072e+01 +3.550724072e+01 +5.1631e-01 -1.6546e-01 -1.1631e-01 +3.7174e-01 +6.6770e-02
580 0 +1.633786682e-01 +3.550337867e+01 +3.550337867e+01 +5.1466e-01 -1.6315e-01 -1.1787e-01 +3.7333e-01 +6.8965e-02
589 0 +1.529122495e-01 +3.549291225e+01 +3.549291225e+01 +5.1439e-01 -1.6398e-01 -1.2416e-01 +3.7476e-01 +7.1281e-02
596 0 +1.329321601e-01 +3.547293216e+01 +3.547293216e+01 +5.1767e-01 -1.6276e-01 -1.2438e-01 +3.7369e-01 +6.9332e-02
608 0 +1.118212895e-01 +3.545182129e+01 +3.545182129e+01 +5.1806e-01 -1.6314e-01 -1.2825e-01 +3.7980e-01 +7.0070e-02
637 0 +9.646147028e-02 +3.543646147e+01 +3.543646147e+01 +5.2118e-01 -1.6523e-01 -1.2925e-01 +3.7772e-01 +6.8377e-02
648 0 +9.498409513e-02 +3.543498410e+01 +3.543498410e+01 +5.2776e-01 -1.6531e-01 -1.3391e-01 +3.8246e-01 +6.5817e-02
655 0 +9.330241317e-02 +3.543330241e+01 +3.543330241e+01 +5.2147e-01 -1.6293e-01 -1.3367e-01 +3.8298e-01 +6.9709e-02
663 0 +9.093882226e-02 +3.543093882e+01 +3.543093882e+01 +5.2152e-01 -1.6423e-01 -1.3235e-01 +3.8137e-01 +6.9328e-02
669 0 +8.613757303e-02 +3.542613757e+01 +3.542613757e+01 +5.2344e-01 -1.6297e-01 -1.3676e-01 +3.8322e-01 +6.8130e-02
683 0 +8.133507195e-02 +3.542133507e+01 +3.542133507e+01 +5.2326e-01 -1.6372e-01 -1.3650e-01 +3.8072e-01 +6.9117e-02
686 0 +7.957220513e-02 +3.541957221e+01 +3.541957221e+01 +5.2794e-01 -1.6433e-01 -1.4124e-01 +3.8594e-01 +6.8317e-02
713 0 +7.932855449e-02 +3.541932855e+01 +3.541932855e+01 +5.2635e-01 -1.6485e-01 -1.3677e-01 +3.8336e-01 +6.7915e-02
714 0 +7.118832951e-02 +3.541118833e+01 +3.541118833e+01 +5.2801e-01 -1.6473e-01 -1.4093e-01 +3.8378e-01 +6.6479e-02
725 0 +6.531893057e-02 +3.540531893e+01 +3.540531893e+01 +5.2721e-01 -1.6455e-01 -1.4409e-01 +3.8611e-01 +6.9983e-02
736 0 +6.408913881e-02 +3.540408914e+01 +3.540408914e+01 +5.2718e-01 -1.6522e-01 -1.4129e-01 +3.8235e-01 +6.9309e-02
750 0 +6.250370724e-02 +3.540250371e+01 +3.540250371e+01 +5.3542e-01 -1.6780e-01 -1.5020e-01 +3.8835e-01 +6.4913e-02
766 0 +6.044904738e-02 +3.540044905e+01 +3.540044905e+01 +5.3330e-01 -1.6649e-01 -1.4858e-01 +3.8779e-01 +6.6244e-02
784 0 +5.988123485e-02 +3.539988123e+01 +3.539988123e+01 +5.3529e-01 -1.6761e-01 -1.4900e-01 +3.8692e-01 +6.4255e-02
851 0 +5.818942562e-02 +3.539818943e+01 +3.539818943e+01 +5.3386e-01 -1.6706e-01 -1.4931e-01 +3.8623e-01 +6.6815e-02
962 0 +5.748120862e-02 +3.539748121e+01 +3.539748121e+01 +5.3406e-01 -1.6773e-01 -1.4654e-01 +3.8457e-01 +6.5723e-02
1283 0 +5.623041117e-02 +3.539623041e+01 +3.539623041e+01 +5.3521e-01 -1.6928e-01 -1.4462e-01 +3.8027e-01 +6.5436e-02
1574 0 +5.488483835e-02 +3.539488484e+01 +3.539488484e+01 +5.3037e-01 -1.6865e-01 -1.4659e-01 +3.7572e-01 +7.4430e-02
1669 0 +5.357719420e-02 +3.539357719e+01 +3.539357719e+01 +5.2586e-01 -1.6728e-01 -1.4951e-01 +3.7420e-01 +8.1839e-02
1718 0 +5.235919948e-02 +3.539235920e+01 +3.539235920e+01 +5.1757e-01 -1.6423e-01 -1.5215e-01 +3.7243e-01 +9.2787e-02
1733 0 +5.127409147e-02 +3.539127409e+01 +3.539127409e+01 +5.1565e-01 -1.6332e-01 -1.5593e-01 +3.7325e-01 +9.7103e-02
1845 0 +5.009770424e-02 +3.539009770e+01 +3.539009770e+01 +5.1469e-01 -1.6284e-01 -1.5803e-01 +3.7382e-01 +9.9085e-02
1988 0 +4.897607067e-02 +3.538897607e+01 +3.538897607e+01 +5.1013e-01 -1.6117e-01 -1.5989e-01 +3.7291e-01 +1.0492e-01
2024 0 +4.783948480e-02 +3.538783948e+01 +3.538783948e+01 +5.0628e-01 -1.5970e-01 -1.6156e-01 +3.7260e-01 +1.0950e-01
2081 0 +4.676026686e-02 +3.538676027e+01 +3.538676027e+01 +5.0424e-01 -1.5923e-01 -1.6226e-01 +3.7162e-01 +1.1191e-01
2093 0 +4.531065148e-02 +3.538531065e+01 +3.538531065e+01 +4.9928e-01 -1.5739e-01 -1.6611e-01 +3.7140e-01 +1.1907e-01
2202 0 +4.465086343e-02 +3.538465086e+01 +3.538465086e+01 +4.9284e-01 -1.5474e-01 -1.6990e-01 +3.7169e-01 +1.2712e-01
2235 0 +4.358200478e-02 +3.538358200e+01 +3.538358200e+01 +4.9009e-01 -1.5386e-01 -1.7224e-01 +3.7155e-01 +1.3093e-01
2267 0 +4.257970103e-02 +3.538257970e+01 +3.538257970e+01 +4.8361e-01 -1.5142e-01 -1.7746e-01 +3.7170e-01 +1.3990e-01
2341 0 +4.166766025e-02 +3.538166766e+01 +3.538166766e+01 +4.7220e-01 -1.4784e-01 -1.8387e-01 +3.6967e-01 +1.5460e-01
2403 0 +4.051469142e-02 +3.538051469e+01 +3.538051469e+01 +4.6324e-01 -1.4508e-01 -1.8910e-01 +3.6846e-01 +1.6526e-01
2528 0 +3.980781988e-02 +3.537980782e+01 +3.537980782e+01 +4.5889e-01 -1.4367e-01 -1.9064e-01 +3.6750e-01 +1.6989e-01
2563 0 +3.814012187e-02 +3.537814012e+01 +3.537814012e+01 +4.4822e-01 -1.4074e-01 -1.9476e-01 +3.6402e-01 +1.8161e-01
2627 0 +3.752985907e-02 +3.537752986e+01 +3.537752986e+01 +4.4438e-01 -1.3964e-01 -1.9734e-01 +3.6318e-01 +1.8650e-01
2640 0 +3.703687225e-02 +3.537703687e+01 +3.537703687e+01 +4.4318e-01 -1.3958e-01 -1.9728e-01 +3.6209e-01 +1.8739e-01
2866 0 +3.626519113e-02 +3.537626519e+01 +3.537626519e+01 +4.3764e-01 -1.3781e-01 -2.0162e-01 +3.6191e-01 +1.9432e-01
2962 0 +3.543441079e-02 +3.537543441e+01 +3.537543441e+01 +4.3027e-01 -1.3574e-01 -2.0659e-01 +3.6057e-01 +2.0305e-01
3012 0 +3.457990295e-02 +3.537457990e+01 +3.537457990e+01 +4.2627e-01 -1.3484e-01 -2.0914e-01 +3.5921e-01 +2.0801e-01
3031 0 +3.372540154e-02 +3.537372540e+01 +3.537372540e+01 +4.2471e-01 -1.3467e-01 -2.1027e-01 +3.5836e-01 +2.1036e-01
3051 0 +3.300768352e-02 +3.537300768e+01 +3.537300768e+01 +4.2176e-01 -1.3400e-01 -2.1250e-01 +3.5769e-01 +2.1387e-01
3073 0 +3.228776089e-02 +3.537228776e+01 +3.537228776e+01 +4.1774e-01 -1.3342e-01 -2.1577e-01 +3.5588e-01 +2.1990e-01
3113 0 +3.160929100e-02 +3.537160929e+01 +3.537160929e+01 +4.1740e-01 -1.3408e-01 -2.1560e-01 +3.5406e-01 +2.2069e-01
3147 0 +3.060567083e-02 +3.537060567e+01 +3.537060567e+01 +4.1306e-01 -1.3316e-01 -2.1712e-01 +3.5191e-01 +2.2520e-01
3163 0 +2.973252067e-02 +3.536973252e+01 +3.536973252e+01 +4.0283e-01 -1.3104e-01 -2.2547e-01 +3.4901e-01 +2.3783e-01
3423 0 +2.947779652e-02 +3.536947780e+01 +3.536947780e+01 +4.0063e-01 -1.3112e-01 -2.2519e-01 +3.4661e-01 +2.4013e-01
4092 0 +2.882210990e-02 +3.536882211e+01 +3.536882211e+01 +3.9416e-01 -1.2954e-01 -2.2742e-01 +3.4594e-01 +2.4554e-01
4282 0 +2.817957482e-02 +3.536817957e+01 +3.536817957e+01 +3.8564e-01 -1.2744e-01 -2.3157e-01 +3.4571e-01 +2.5298e-01
4406 0 +2.744586854e-02 +3.536744587e+01 +3.536744587e+01 +3.7679e-01 -1.2663e-01 -2.3567e-01 +3.4099e-01 +2.6246e-01
4505 0 +2.687910060e-02 +3.536687910e+01 +3.536687910e+01 +3.6998e-01 -1.2555e-01 -2.3685e-01 +3.3904e-01 +2.6749e-01
4703 0 +2.629402723e-02 +3.536629403e+01 +3.536629403e+01 +3.5808e-01 -1.2391e-01 -2.3973e-01 +3.3522e-01 +2.7691e-01
4853 0 +2.567069273e-02 +3.536567069e+01 +3.536567069e+01 +3.4611e-01 -1.2219e-01 -2.4457e-01 +3.3281e-01 +2.8673e-01
4928 0 +2.499450237e-02 +3.536499450e+01 +3.536499450e+01 +3.3003e-01 -1.1953e-01 -2.5262e-01 +3.3098e-01 +2.9993e-01
5201 0 +2.453222357e-02 +3.536453222e+01 +3.536453222e+01 +3.1615e-01 -1.1830e-01 -2.6073e-01 +3.2754e-01 +3.1260e-01
5546 0 +2.398469432e-02 +3.536398469e+01 +3.536398469e+01 +3.0164e-01 -1.1785e-01 -2.6803e-01 +3.2164e-01 +3.2537e-01
5725 0 +2.339002530e-02 +3.536339003e+01 +3.536339003e+01 +2.9421e-01 -1.1735e-01 -2.6753e-01 +3.1957e-01 +3.2865e-01
6410 0 +2.290757679e-02 +3.536290758e+01 +3.536290758e+01 +2.7311e-01 -1.1578e-01 -2.7648e-01 +3.1582e-01 +3.4333e-01
6620 0 +2.233779300e-02 +3.536233779e+01 +3.536233779e+01 +2.5312e-01 -1.1598e-01 -2.8371e-01 +3.0928e-01 +3.5731e-01
7338 0 +2.186924953e-02 +3.536186925e+01 +3.536186925e+01 +2.3304e-01 -1.1563e-01 -2.9130e-01 +3.0584e-01 +3.6953e-01
7979 0 +2.137553343e-02 +3.536137553e+01 +3.536137553e+01 +2.0325e-01 -1.1673e-01 -3.0053e-01 +2.9841e-01 +3.8641e-01
10042 0 +2.089000975e-02 +3.536089001e+01 +3.536089001e+01 +1.6523e-01 -1.1932e-01 -3.1473e-01 +2.9053e-01 +4.0724e-01
11208 0 +2.041320473e-02 +3.536041320e+01 +3.536041320e+01 +1.0998e-01 -1.2660e-01 -3.3189e-01 +2.7752e-01 +4.3320e-01
16247 0 +1.995234269e-02 +3.535995234e+01 +3.535995234e+01 +1.3238e-02 -1.4644e-01 -3.6420e-01 +2.5857e-01 +4.7200e-01
