% f evaluations | g evaluations | best noise-free fitness - Fopt (-1.025500000000e+02) + sum g_i+ | measured fitness | best measured fitness or single-digit g-values | x1 | x2...
1 0 +2.503737427e-01 -1.022996263e+02 -1.022996263e+02 +0.0000e+00 +0.0000e+00 +0.0000e+00
81 0 +1.537036996e-01 -1.023962963e+02 -1.023962963e+02 +1.5182e-01 +1.5591e-01 +4.8731e-01
110 0 +1.436769961e-01 -1.024063230e+02 -1.024063230e+02 +1.4452e-01 +1.8234e-01 +5.4946e-01
2058 0 +1.412201870e-01 -1.024087798e+02 -1.024087798e+02 +1.3175e-01 +2.3663e-01 +7.2534e-01
2109 0 +1.366472419e-01 -1.024133528e+02 -1.024133528e+02 +1.2777e-01 +2.4452e-01 +7.3053e-01
2123 0 +1.336217560e-01 -1.024163782e+02 -1.024163782e+02 +1.2418e-01 +2.4957e-01 +7.3329e-01
2140 0 +1.314626884e-01 -1.024185373e+02 -1.024185373e+02 +1.2021e-01 +2.5479e-01 +7.3590e-01
2212 0 +1.271940136e-01 -1.024228060e+02 -1.024228060e+02 +1.1769e-01 +2.6413e-01 +7.4286e-01
2227 0 +1.216043982e-01 -1.024283956e+02 -1.024283956e+02 +1.0931e-01 +2.7700e-01 +7.4933e-01
2266 0 +1.187467135e-01 -1.024312533e+02 -1.024312533e+02 +1.1012e-01 +2.8274e-01 +7.5444e-01
2343 0 +1.174499365e-01 -1.024325501e+02 -1.024325501e+02 +1.0566e-01 +2.8664e-01 +7.5547e-01
2357 0 +1.128024846e-01 -1.024371975e+02 -1.024371975e+02 +1.0013e-01 +2.9735e-01 +7.6097e-01
2480 0 +1.119081323e-01 -1.024380919e+02 -1.024380919e+02 +9.2054e-02 +3.0796e-01 +7.6511e-01
2524 0 +1.096186204e-01 -1.024403814e+02 -1.024403814e+02 +8.6971e-02 +3.1721e-01 +7.6958e-01
2534 0 +1.067853530e-01 -1.024432146e+02 -1.024432146e+02 +8.5677e-02 +3.2183e-01 +7.7254e-01
2594 0 +1.039078849e-01 -1.024460921e+02 -1.024460921e+02 +8.0907e-02 +3.3413e-01 +7.7945e-01
2619 0 +1.010141489e-01 -1.024489859e+02 -1.024489859e+02 +8.3222e-02 +3.3359e-01 +7.8016e-01
2627 0 +9.923567132e-02 -1.024507643e+02 -1.024507643e+02 +8.5853e-02 +3.3505e-01 +7.8247e-01
2717 0 +9.741888076e-02 -1.024525811e+02 -1.024525811e+02 +8.3769e-02 +3.3961e-01 +7.8464e-01
2744 0 +9.460220857e-02 -1.024553978e+02 -1.024553978e+02 +8.1105e-02 +3.4519e-01 +7.8709e-01
2762 0 +9.315882023e-02 -1.024568412e+02 -1.024568412e+02 +7.6435e-02 +3.5301e-01 +7.8982e-01
2771 0 +9.116273564e-02 -1.024588373e+02 -1.024588373e+02 +7.5636e-02 +3.5644e-01 +7.9190e-01
2784 0 +8.827099404e-02 -1.024617290e+02 -1.024617290e+02 +6.9870e-02 +3.6333e-01 +7.9384e-01
2798 0 +8.415525826e-02 -1.024658447e+02 -1.024658447e+02 +6.4348e-02 +3.7596e-01 +7.9948e-01
2826 0 +8.071837951e-02 -1.024692816e+02 -1.024692816e+02 +5.9765e-02 +3.8921e-01 +8.0587e-01
2882 0 +7.871480708e-02 -1.024712852e+02 -1.024712852e+02 +5.6181e-02 +3.9739e-01 +8.0927e-01
2908 0 +7.734804413e-02 -1.024726520e+02 -1.024726520e+02 +5.3440e-02 +3.9944e-01 +8.0909e-01
2911 0 +7.398886198e-02 -1.024760111e+02 -1.024760111e+02 +4.7547e-02 +4.1194e-01 +8.1395e-01
2971 0 +7.190628287e-02 -1.024780937e+02 -1.024780937e+02 +3.9735e-02 +4.2523e-01 +8.1842e-01
2992 0 +7.001102782e-02 -1.024799890e+02 -1.024799890e+02 +3.8804e-02 +4.2718e-01 +8.1894e-01
3008 0 +6.900790360e-02 -1.024809921e+02 -1.024809921e+02 +3.7084e-02 +4.3270e-01 +8.2133e-01
3079 0 +6.746683407e-02 -1.024825332e+02 -1.024825332e+02 +3.2249e-02 +4.3752e-01 +8.2185e-01
3111 0 +6.481823288e-02 -1.024851818e+02 -1.024851818e+02 +2.1014e-02 +4.5338e-01 +8.2560e-01
3122 0 +6.385385752e-02 -1.024861461e+02 -1.024861461e+02 +1.0442e-02 +4.7008e-01 +8.3014e-01
3164 0 +6.288032097e-02 -1.024871197e+02 -1.024871197e+02 +1.5294e-02 +4.6328e-01 +8.2844e-01
3182 0 +6.160154147e-02 -1.024883985e+02 -1.024883985e+02 +1.2039e-02 +4.6935e-01 +8.3027e-01
3210 0 +6.020190224e-02 -1.024897981e+02 -1.024897981e+02 +6.8300e-03 +4.8033e-01 +8.3392e-01
3223 0 +5.885502330e-02 -1.024911450e+02 -1.024911450e+02 +8.3666e-03 +4.7935e-01 +8.3395e-01
3303 0 +5.718574872e-02 -1.024928143e+02 -1.024928143e+02 +5.2802e-03 +4.9173e-01 +8.3901e-01
3348 0 +5.601463994e-02 -1.024939854e+02 -1.024939854e+02 +1.0877e-04 +5.0056e-01 +8.4126e-01
3364 0 +5.455289337e-02 -1.024954471e+02 -1.024954471e+02 -2.3167e-03 +5.0311e-01 +8.4140e-01
3382 0 +5.307249449e-02 -1.024969275e+02 -1.024969275e+02 -6.6189e-03 +5.1046e-01 +8.4306e-01
3398 0 +5.232334969e-02 -1.024976767e+02 -1.024976767e+02 -1.1192e-02 +5.2033e-01 +8.4605e-01
3438 0 +5.093384227e-02 -1.024990662e+02 -1.024990662e+02 -1.5398e-02 +5.2871e-01 +8.4815e-01
3467 0 +4.992154182e-02 -1.025000785e+02 -1.025000785e+02 -2.0404e-02 +5.3570e-01 +8.4944e-01
3512 0 +4.897119683e-02 -1.025010288e+02 -1.025010288e+02 -2.4147e-02 +5.3693e-01 +8.4837e-01
3627 0 +4.783829358e-02 -1.025021617e+02 -1.025021617e+02 -3.2526e-02 +5.4899e-01 +8.5052e-01
3663 0 +4.663456886e-02 -1.025033654e+02 -1.025033654e+02 -3.7249e-02 +5.5799e-01 +8.5267e-01
3697 0 +4.564674126e-02 -1.025043533e+02 -1.025043533e+02 -4.2520e-02 +5.6592e-01 +8.5402e-01
3783 0 +4.457408142e-02 -1.025054259e+02 -1.025054259e+02 -4.6603e-02 +5.7581e-01 +8.5674e-01
3829 0 +4.357173601e-02 -1.025064283e+02 -1.025064283e+02 -5.2320e-02 +5.8341e-01 +8.5768e-01
3871 0 +4.247719783e-02 -1.025075228e+02 -1.025075228e+02 -5.8077e-02 +5.9809e-01 +8.6158e-01
3907 0 +4.158209226e-02 -1.025084179e+02 -1.025084179e+02 -6.1961e-02 +6.0277e-01 +8.6193e-01
3953 0 +4.057258621e-02 -1.025094274e+02 -1.025094274e+02 -6.9302e-02 +6.1377e-01 +8.6356e-01
3963 0 +3.947494111e-02 -1.025105251e+02 -1.025105251e+02 -7.7388e-02 +6.2584e-01 +8.6519e-01
4079 0 +3.806050485e-02 -1.025119395e+02 -1.025119395e+02 -9.5427e-02 +6.4844e-01 +8.6703e-01
4108 0 +3.744702946e-02 -1.025125530e+02 -1.025125530e+02 -9.7134e-02 +6.5453e-01 +8.6877e-01
4276 0 +3.715147370e-02 -1.025128485e+02 -1.025128485e+02 -1.0037e-01 +6.6035e-01 +8.6975e-01
4364 0 +3.617455269e-02 -1.025138254e+02 -1.025138254e+02 -1.1428e-01 +6.8425e-01 +8.7332e-01
4460 0 +3.541706953e-02 -1.025145829e+02 -1.025145829e+02 -1.2184e-01 +6.9394e-01 +8.7391e-01
4491 0 +3.467351688e-02 -1.025153265e+02 -1.025153265e+02 -1.3962e-01 +7.1761e-01 +8.7570e-01
4720 0 +3.384128712e-02 -1.025161587e+02 -1.025161587e+02 -1.5590e-01 +7.3735e-01 +8.7630e-01
4830 0 +3.306076643e-02 -1.025169392e+02 -1.025169392e+02 -1.7522e-01 +7.6529e-01 +8.7850e-01
5227 0 +3.231926046e-02 -1.025176807e+02 -1.025176807e+02 -1.9844e-01 +8.0104e-01 +8.8140e-01
6043 0 +3.162211415e-02 -1.025183779e+02 -1.025183779e+02 -2.7573e-01 +8.9726e-01 +8.8201e-01
% f evaluations | g evaluations | best noise-free fitness - Fopt (7.169000000000e+01) + sum g_i+ | measured fitness | best measured fitness or single-digit g-values | x1 | x2...
1 0 +2.503737427e-01 +7.194037374e+01 +7.194037374e+01 +0.0000e+00 +0.0000e+00 +0.0000e+00
323 0 +2.333018821e-01 +7.192330188e+01 +7.192330188e+01 +2.2633e-03 -6.6973e-03 +3.4784e-01
330 0 +2.284891247e-01 +7.191848912e+01 +7.191848912e+01 -9.2883e-03 +3.1921e-03 +3.3878e-01
339 0 +2.149426617e-01 +7.190494266e+01 +7.190494266e+01 +2.6376e-02 -3.3409e-02 +3.4104e-01
345 0 +2.016862526e-01 +7.189168625e+01 +7.189168625e+01 +5.6939e-03 -1.8272e-02 +3.3269e-01
351 0 +1.810683108e-01 +7.187106831e+01 +7.187106831e+01 +2.4308e-02 -4.0850e-02 +3.2991e-01
403 0 +1.706455977e-01 +7.186064560e+01 +7.186064560e+01 +2.9741e-02 -5.3793e-02 +3.2254e-01
411 0 +1.686516304e-01 +7.185865163e+01 +7.185865163e+01 +4.3941e-02 -7.7919e-02 +3.1602e-01
421 0 +1.616928009e-01 +7.185169280e+01 +7.185169280e+01 +4.8878e-02 -7.7446e-02 +3.1905e-01
422 0 +1.576837178e-01 +7.184768372e+01 +7.184768372e+01 +3.8497e-02 -6.3712e-02 +3.1858e-01
430 0 +1.539232657e-01 +7.184392327e+01 +7.184392327e+01 +3.6290e-02 -6.1343e-02 +3.1518e-01
437 0 +1.511334559e-01 +7.184113346e+01 +7.184113346e+01 +4.4402e-02 -8.0318e-02 +3.0543e-01
453 0 +1.478213631e-01 +7.183782136e+01 +7.183782136e+01 +5.3097e-02 -9.0497e-02 +3.0662e-01
471 0 +1.387301712e-01 +7.182873017e+01 +7.182873017e+01 +6.4867e-02 -1.0873e-01 +2.9740e-01
489 0 +1.345196779e-01 +7.182451968e+01 +7.182451968e+01 +6.2934e-02 -1.0488e-01 +2.9768e-01
495 0 +1.276759266e-01 +7.181767593e+01 +7.181767593e+01 +6.0718e-02 -9.8503e-02 +2.9859e-01
503 0 +1.180911678e-01 +7.180809117e+01 +7.180809117e+01 +6.8846e-02 -1.1044e-01 +2.9093e-01
508 0 +1.134056243e-01 +7.180340562e+01 +7.180340562e+01 +8.2322e-02 -1.3017e-01 +2.8440e-01
518 0 +1.037811018e-01 +7.179378110e+01 +7.179378110e+01 +1.0311e-01 -1.5112e-01 +2.8045e-01
527 0 +9.749778150e-02 +7.178749778e+01 +7.178749778e+01 +9.0915e-02 -1.3554e-01 +2.8154e-01
528 0 +9.084681589e-02 +7.178084682e+01 +7.178084682e+01 +9.4127e-02 -1.3406e-01 +2.8136e-01
531 0 +8.133442513e-02 +7.177133443e+01 +7.177133443e+01 +1.0615e-01 -1.4478e-01 +2.7424e-01
538 0 +6.699924607e-02 +7.175699925e+01 +7.175699925e+01 +1.4424e-01 -1.9601e-01 +2.5221e-01
563 0 +5.697097576e-02 +7.174697098e+01 +7.174697098e+01 +1.4245e-01 -1.8789e-01 +2.4616e-01
575 0 +4.929529083e-02 +7.173929529e+01 +7.173929529e+01 +1.5340e-01 -2.0809e-01 +2.3672e-01
595 0 +3.896797727e-02 +7.172896798e+01 +7.172896798e+01 +2.0383e-01 -2.6604e-01 +2.0358e-01
611 0 +3.600867350e-02 +7.172600867e+01 +7.172600867e+01 +1.8535e-01 -2.4713e-01 +2.1175e-01
618 0 +3.514754504e-02 +7.172514755e+01 +7.172514755e+01 +2.1006e-01 -2.7973e-01 +1.9418e-01
629 0 +3.341429813e-02 +7.172341430e+01 +7.172341430e+01 +2.0853e-01 -2.7843e-01 +1.9362e-01
652 0 +2.976876568e-02 +7.171976877e+01 +7.171976877e+01 +1.8913e-01 -2.5267e-01 +2.0102e-01
661 0 +2.944210762e-02 +7.171944211e+01 +7.171944211e+01 +2.0757e-01 -2.7822e-01 +1.9003e-01
688 0 +2.786441619e-02 +7.171786442e+01 +7.171786442e+01 +2.0081e-01 -2.6894e-01 +1.9299e-01
694 0 +2.654815516e-02 +7.171654816e+01 +7.171654816e+01 +2.0416e-01 -2.7309e-01 +1.8956e-01
709 0 +2.478131864e-02 +7.171478132e+01 +7.171478132e+01 +2.1291e-01 -2.8196e-01 +1.8470e-01
711 0 +2.419258760e-02 +7.171419259e+01 +7.171419259e+01 +2.0752e-01 -2.7503e-01 +1.8620e-01
715 0 +2.208951493e-02 +7.171208951e+01 +7.171208951e+01 +2.1315e-01 -2.8175e-01 +1.8009e-01
725 0 +2.146198524e-02 +7.171146199e+01 +7.171146199e+01 +2.1656e-01 -2.8168e-01 +1.7727e-01
726 0 +2.042087033e-02 +7.171042087e+01 +7.171042087e+01 +2.1748e-01 -2.8469e-01 +1.7342e-01
733 0 +1.782956904e-02 +7.170782957e+01 +7.170782957e+01 +2.3059e-01 -2.9946e-01 +1.6613e-01
735 0 +1.745374114e-02 +7.170745374e+01 +7.170745374e+01 +2.2781e-01 -2.9903e-01 +1.6097e-01
737 0 +1.729626894e-02 +7.170729627e+01 +7.170729627e+01 +2.3028e-01 -2.9972e-01 +1.6365e-01
738 0 +1.343705769e-02 +7.170343706e+01 +7.170343706e+01 +2.5497e-01 -3.2590e-01 +1.4527e-01
743 0 +8.713976545e-03 +7.169871398e+01 +7.169871398e+01 +2.7970e-01 -3.5506e-01 +1.1778e-01
756 0 +8.150736064e-03 +7.169815074e+01 +7.169815074e+01 +2.8675e-01 -3.6206e-01 +1.1007e-01
760 0 +7.999189480e-03 +7.169799919e+01 +7.169799919e+01 +2.8940e-01 -3.6456e-01 +1.0842e-01
764 0 +5.155193908e-03 +7.169515519e+01 +7.169515519e+01 +3.1227e-01 -3.9227e-01 +8.7632e-02
780 0 +2.660074834e-03 +7.169266007e+01 +7.169266007e+01 +3.5018e-01 -4.3275e-01 +4.7810e-02
787 0 +2.233002452e-03 +7.169223300e+01 +7.169223300e+01 +3.5402e-01 -4.3838e-01 +4.1506e-02
788 0 +1.707238719e-03 +7.169170724e+01 +7.169170724e+01 +3.9343e-01 -4.8420e-01 +6.8998e-03
807 0 +8.778998833e-04 +7.169087790e+01 +7.169087790e+01 +4.0183e-01 -4.9036e-01 -1.4041e-02
810 0 +4.780428737e-04 +7.169047804e+01 +7.169047804e+01 +4.1691e-01 -5.0565e-01 -2.3146e-02
818 0 +2.595190175e-04 +7.169025952e+01 +7.169025952e+01 +4.5540e-01 -5.4726e-01 -6.2139e-02
837 0 +1.278327725e-04 +7.169012783e+01 +7.169012783e+01 +4.9442e-01 -5.8864e-01 -1.0747e-01
842 0 +1.063834520e-04 +7.169010638e+01 +7.169010638e+01 +4.6353e-01 -5.5422e-01 -7.3310e-02
868 0 +1.041512279e-04 +7.169010415e+01 +7.169010415e+01 +4.7950e-01 -5.7375e-01 -9.3117e-02
927 0 +9.954228503e-05 +7.169009954e+01 +7.169009954e+01 +4.6448e-01 -5.5703e-01 -7.5994e-02
928 0 +9.018598088e-05 +7.169009019e+01 +7.169009019e+01 +4.6415e-01 -5.5624e-01 -7.5697e-02
932 0 +8.173377256e-05 +7.169008173e+01 +7.169008173e+01 +4.6597e-01 -5.5851e-01 -7.8634e-02
941 0 +7.776046412e-05 +7.169007776e+01 +7.169007776e+01 +4.7909e-01 -5.7259e-01 -9.2281e-02
943 0 +6.982595103e-05 +7.169006983e+01 +7.169006983e+01 +4.7762e-01 -5.7059e-01 -9.0284e-02
949 0 +5.629654710e-05 +7.169005630e+01 +7.169005630e+01 +4.8218e-01 -5.7539e-01 -9.5981e-02
955 0 +4.399447953e-05 +7.169004399e+01 +7.169004399e+01 +4.8053e-01 -5.7332e-01 -9.4921e-02
965 0 +4.216003603e-05 +7.169004216e+01 +7.169004216e+01 +5.1481e-01 -6.0971e-01 -1.3523e-01
967 0 +3.995828723e-05 +7.169003996e+01 +7.169003996e+01 +4.8081e-01 -5.7289e-01 -9.4465e-02
969 0 +3.161728011e-05 +7.169003162e+01 +7.169003162e+01 +4.9239e-01 -5.8585e-01 -1.0870e-01
971 0 +2.258091641e-05 +7.169002258e+01 +7.169002258e+01 +5.0348e-01 -5.9724e-01 -1.2344e-01
980 0 +1.984784006e-05 +7.169001985e+01 +7.169001985e+01 +5.2006e-01 -6.1424e-01 -1.4145e-01
994 0 +1.111187198e-05 +7.169001111e+01 +7.169001111e+01 +5.1074e-01 -6.0374e-01 -1.3141e-01
1016 0 +1.024115757e-05 +7.169001024e+01 +7.169001024e+01 +5.2151e-01 -6.1372e-01 -1.4431e-01
1024 0 +6.329721330e-06 +7.169000633e+01 +7.169000633e+01 +5.2229e-01 -6.1528e-01 -1.4403e-01
1034 0 +4.647808112e-06 +7.169000465e+01 +7.169000465e+01 +5.3788e-01 -6.3076e-01 -1.6156e-01
1066 0 +4.542310265e-06 +7.169000454e+01 +7.169000454e+01 +5.1466e-01 -6.0701e-01 -1.3437e-01
1085 0 +2.253128088e-06 +7.169000225e+01 +7.169000225e+01 +5.2322e-01 -6.1498e-01 -1.4273e-01
1104 0 +2.017836394e-06 +7.169000202e+01 +7.169000202e+01 +5.3031e-01 -6.2131e-01 -1.4977e-01
1105 0 +1.866797021e-06 +7.169000187e+01 +7.169000187e+01 +5.3131e-01 -6.2310e-01 -1.5157e-01
1113 0 +1.233024989e-06 +7.169000123e+01 +7.169000123e+01 +5.3364e-01 -6.2541e-01 -1.5463e-01
1120 0 +7.082389857e-07 +7.169000071e+01 +7.169000071e+01 +5.3594e-01 -6.2680e-01 -1.5679e-01
1146 0 +5.265657990e-07 +7.169000053e+01 +7.169000053e+01 +5.3568e-01 -6.2682e-01 -1.5687e-01
1154 0 +4.946796537e-07 +7.169000049e+01 +7.169000049e+01 +5.3973e-01 -6.3134e-01 -1.6218e-01
1157 0 +1.421801699e-07 +7.169000014e+01 +7.169000014e+01 +5.4250e-01 -6.3349e-01 -1.6569e-01
1169 0 +1.407503163e-07 +7.169000014e+01 +7.169000014e+01 +5.4137e-01 -6.3237e-01 -1.6411e-01
1190 0 +7.865635610e-08 +7.169000008e+01 +7.169000008e+01 +5.4500e-01 -6.3569e-01 -1.6838e-01
1195 0 +1.102461056e-08 +7.169000001e+01 +7.169000001e+01 +5.5125e-01 -6.4181e-01 -1.7551e-01
1238 0 +1.071414601e-08 +7.169000001e+01 +7.169000001e+01 +5.5402e-01 -6.4452e-01 -1.7869e-01
1241 0 +6.885159110e-10 +7.169000000e+01 +7.169000000e+01 +5.5232e-01 -6.4284e-01 -1.7658e-01
1580 0 +0.000000000e+00 +7.169000000e+01 +7.169000000e+01 +5.5250e-01 -6.4304e-01 -1.7676e-01
% f evaluations | g evaluations | best noise-free fitness - Fopt (2.140100000000e+02) + sum g_i+ | measured fitness | best measured fitness or single-digit g-values | x1 | x2...
1 0 +2.503737427e-01 +2.142603737e+02 +2.142603737e+02 +0.0000e+00 +0.0000e+00 +0.0000e+00
129 0 +6.771306586e-02 +2.140777131e+02 +2.140777131e+02 -2.0701e-01 +6.2013e-01 -1.1676e-01
165 0 +7.378609447e-03 +2.140173786e+02 +2.140173786e+02 -2.1103e-01 +5.8874e-01 -1.4195e-01
273 0 +4.012774647e-04 +2.140104013e+02 +2.140104013e+02 -2.1009e-01 +6.2277e-01 -1.3882e-01
276 0 +2.962080883e-04 +2.140102962e+02 +2.140102962e+02 -2.1317e-01 +7.2054e-01 -1.0070e-01
333 0 +1.212752295e-04 +2.140101213e+02 +2.140101213e+02 -2.1236e-01 +6.7208e-01 -1.2307e-01
366 0 +1.188121465e-04 +2.140101188e+02 +2.140101188e+02 -2.1051e-01 +6.7298e-01 -1.2179e-01
395 0 +1.147679382e-04 +2.140101148e+02 +2.140101148e+02 -2.1120e-01 +6.7127e-01 -1.2412e-01
416 0 +1.114931636e-04 +2.140101115e+02 +2.140101115e+02 -2.1191e-01 +6.7480e-01 -1.2359e-01
420 0 +1.064434387e-04 +2.140101064e+02 +2.140101064e+02 -2.1239e-01 +6.7685e-01 -1.2297e-01
499 0 +9.871560519e-05 +2.140100987e+02 +2.140100987e+02 -2.1220e-01 +6.7794e-01 -1.2216e-01
506 0 +9.041438625e-05 +2.140100904e+02 +2.140100904e+02 -2.1179e-01 +6.9743e-01 -1.1590e-01
513 0 +8.847880503e-05 +2.140100885e+02 +2.140100885e+02 -2.1173e-01 +6.8714e-01 -1.1908e-01
514 0 +7.923124522e-05 +2.140100792e+02 +2.140100792e+02 -2.1131e-01 +6.9411e-01 -1.1605e-01
532 0 +6.392961200e-05 +2.140100639e+02 +2.140100639e+02 -2.1185e-01 +6.9852e-01 -1.1438e-01
548 0 +6.006969286e-05 +2.140100601e+02 +2.140100601e+02 -2.1192e-01 +7.0198e-01 -1.1314e-01
554 0 +5.394677845e-05 +2.140100539e+02 +2.140100539e+02 -2.1256e-01 +7.2684e-01 -1.0482e-01
561 0 +5.098245936e-05 +2.140100510e+02 +2.140100510e+02 -2.1245e-01 +7.0558e-01 -1.1194e-01
562 0 +3.318396830e-05 +2.140100332e+02 +2.140100332e+02 -2.1374e-01 +7.1640e-01 -1.0803e-01
571 0 +2.933742363e-05 +2.140100293e+02 +2.140100293e+02 -2.1372e-01 +7.4692e-01 -9.7269e-02
577 0 +2.150751942e-05 +2.140100215e+02 +2.140100215e+02 -2.1385e-01 +7.4052e-01 -9.9248e-02
582 0 +2.001028776e-05 +2.140100200e+02 +2.140100200e+02 -2.1431e-01 +7.6254e-01 -8.9467e-02
583 0 +8.789444905e-07 +2.140100009e+02 +2.140100009e+02 -2.1854e-01 +8.2619e-01 -6.6652e-02
726 0 +2.730495225e-07 +2.140100003e+02 +2.140100003e+02 -2.1904e-01 +8.3083e-01 -6.4009e-02
753 0 +1.910287608e-07 +2.140100002e+02 +2.140100002e+02 -2.2023e-01 +8.4609e-01 -5.7964e-02
761 0 +9.577820492e-08 +2.140100001e+02 +2.140100001e+02 -2.1966e-01 +8.2928e-01 -6.4897e-02
769 0 +4.973517775e-08 +2.140100000e+02 +2.140100000e+02 -2.1930e-01 +8.2939e-01 -6.4827e-02
777 0 +8.490047776e-09 +2.140100000e+02 +2.140100000e+02 -2.2001e-01 +8.3992e-01 -6.0994e-02
1177 0 +0.000000000e+00 +2.140100000e+02 +2.140100000e+02 -2.1975e-01 +8.3533e-01 -6.2770e-02
% f evaluations | g evaluations | best noise-free fitness - Fopt (-5.848000000000e+01) + sum g_i+ | measured fitness | best measured fitness or single-digit g-values | x1 | x2...
1 0 +2.503737427e-01 -5.822962626e+01 -5.822962626e+01 +0.0000e+00 +0.0000e+00 +0.0000e+00
254 0 +2.450491182e-01 -5.823495088e+01 -5.823495088e+01 +4.3944e-02 +2.3435e-01 +2.4264e-01
274 0 +2.371966091e-01 -5.824280339e+01 -5.824280339e+01 +4.4619e-02 +2.3186e-01 +2.4990e-01
288 0 +2.283407017e-01 -5.825165930e+01 -5.825165930e+01 +4.4140e-02 +2.1793e-01 +2.5398e-01
326 0 +2.221382807e-01 -5.825786172e+01 -5.825786172e+01 +4.0122e-02 +2.1238e-01 +2.5154e-01
332 0 +2.111307514e-01 -5.826886925e+01 -5.826886925e+01 +2.9474e-02 +1.6868e-01 +2.6869e-01
343 0 +2.043406517e-01 -5.827565935e+01 -5.827565935e+01 +2.8133e-02 +1.6484e-01 +2.7304e-01
349 0 +1.970764079e-01 -5.828292359e+01 -5.828292359e+01 +2.8159e-02 +1.7291e-01 +2.6730e-01
356 0 +1.724561244e-01 -5.830754388e+01 -5.830754388e+01 +1.7188e-02 +1.4170e-01 +2.8364e-01
372 0 +1.548722059e-01 -5.832512779e+01 -5.832512779e+01 +1.0056e-02 +1.2528e-01 +2.9151e-01
382 0 +1.416511981e-01 -5.833834880e+01 -5.833834880e+01 -2.3147e-03 +8.9381e-02 +3.0915e-01
384 0 +1.232971801e-01 -5.835670282e+01 -5.835670282e+01 -1.8876e-03 +1.0469e-01 +2.9870e-01
387 0 +1.074028441e-01 -5.837259716e+01 -5.837259716e+01 -1.1052e-02 +8.4689e-02 +3.1207e-01
390 0 +8.826609769e-02 -5.839173390e+01 -5.839173390e+01 -2.4998e-02 +5.1661e-02 +3.2484e-01
414 0 +6.748598584e-02 -5.841251401e+01 -5.841251401e+01 -4.7869e-02 -1.0888e-03 +3.4412e-01
431 0 +6.384694913e-02 -5.841615305e+01 -5.841615305e+01 -5.9352e-02 -1.0353e-02 +3.4028e-01
433 0 +6.047151570e-02 -5.841952848e+01 -5.841952848e+01 -4.8385e-02 +7.5180e-03 +3.3248e-01
436 0 +4.656643965e-02 -5.843343356e+01 -5.843343356e+01 -6.7701e-02 -4.7646e-02 +3.5245e-01
438 0 +4.120222695e-02 -5.843879777e+01 -5.843879777e+01 -6.9076e-02 -5.4191e-02 +3.5112e-01
451 0 +4.022306439e-02 -5.843977694e+01 -5.843977694e+01 -1.1977e-01 -2.2927e-01 +3.9320e-01
457 0 +2.424853037e-02 -5.845575147e+01 -5.845575147e+01 -8.8378e-02 -1.1695e-01 +3.5725e-01
458 0 +2.206960673e-02 -5.845793039e+01 -5.845793039e+01 -1.2133e-01 -2.1127e-01 +3.8868e-01
465 0 +2.080065382e-02 -5.845919935e+01 -5.845919935e+01 -9.9770e-02 -1.5205e-01 +3.7156e-01
466 0 +2.026805442e-02 -5.845973195e+01 -5.845973195e+01 -1.0062e-01 -1.4288e-01 +3.6255e-01
537 0 +1.984101993e-02 -5.846015898e+01 -5.846015898e+01 -1.0383e-01 -1.5505e-01 +3.7036e-01
538 0 +1.742533266e-02 -5.846257467e+01 -5.846257467e+01 -1.0398e-01 -1.6370e-01 +3.6165e-01
558 0 +1.417730049e-02 -5.846582270e+01 -5.846582270e+01 -1.1049e-01 -1.8325e-01 +3.7132e-01
569 0 +1.408997632e-02 -5.846591002e+01 -5.846591002e+01 -1.1526e-01 -1.9050e-01 +3.7356e-01
576 0 +1.040818073e-02 -5.846959182e+01 -5.846959182e+01 -1.2957e-01 -2.3899e-01 +3.8468e-01
594 0 +7.609728425e-03 -5.847239027e+01 -5.847239027e+01 -1.3321e-01 -2.5392e-01 +3.7713e-01
616 0 +7.067728866e-03 -5.847293227e+01 -5.847293227e+01 -1.3791e-01 -2.6815e-01 +3.7717e-01
627 0 +6.572264341e-03 -5.847342774e+01 -5.847342774e+01 -1.3630e-01 -2.6644e-01 +3.8190e-01
634 0 +5.643473162e-03 -5.847435653e+01 -5.847435653e+01 -1.5045e-01 -3.0355e-01 +3.8910e-01
637 0 +4.566316844e-03 -5.847543368e+01 -5.847543368e+01 -1.4998e-01 -3.0786e-01 +3.8396e-01
659 0 +3.708925842e-03 -5.847629107e+01 -5.847629107e+01 -1.5408e-01 -3.2381e-01 +3.8932e-01
666 0 +3.616931355e-03 -5.847638307e+01 -5.847638307e+01 -1.5287e-01 -3.2459e-01 +3.8980e-01
670 0 +1.993048757e-03 -5.847800695e+01 -5.847800695e+01 -1.6997e-01 -3.7902e-01 +3.9374e-01
677 0 +1.483907935e-03 -5.847851609e+01 -5.847851609e+01 -1.7917e-01 -4.3145e-01 +3.9787e-01
679 0 +1.259586053e-03 -5.847874041e+01 -5.847874041e+01 -1.8023e-01 -4.3291e-01 +3.9813e-01
684 0 +9.808245151e-04 -5.847901918e+01 -5.847901918e+01 -1.8165e-01 -4.2807e-01 +3.9938e-01
689 0 +5.546470271e-04 -5.847944535e+01 -5.847944535e+01 -1.9523e-01 -4.7991e-01 +4.0657e-01
697 0 +4.082940720e-04 -5.847959171e+01 -5.847959171e+01 -2.0066e-01 -5.0431e-01 +4.0834e-01
711 0 +1.801500244e-04 -5.847981985e+01 -5.847981985e+01 -2.1371e-01 -5.5966e-01 +4.0461e-01
712 0 +1.294090779e-04 -5.847987059e+01 -5.847987059e+01 -2.3180e-01 -6.3359e-01 +4.1495e-01
713 0 +3.866021889e-05 -5.847996134e+01 -5.847996134e+01 -2.3668e-01 -6.5024e-01 +4.1488e-01
740 0 +3.655003280e-05 -5.847996345e+01 -5.847996345e+01 -2.2606e-01 -6.0441e-01 +4.1195e-01
765 0 +2.583054658e-05 -5.847997417e+01 -5.847997417e+01 -2.2560e-01 -6.0590e-01 +4.0995e-01
778 0 +9.040400840e-06 -5.847999096e+01 -5.847999096e+01 -2.3350e-01 -6.3969e-01 +4.1173e-01
793 0 +8.482973179e-06 -5.847999152e+01 -5.847999152e+01 -2.3671e-01 -6.4918e-01 +4.1315e-01
805 0 +5.208287448e-06 -5.847999479e+01 -5.847999479e+01 -2.4818e-01 -7.0613e-01 +4.1371e-01
809 0 +9.942345045e-07 -5.847999901e+01 -5.847999901e+01 -2.4250e-01 -6.7569e-01 +4.1190e-01
866 0 +3.420014849e-08 -5.847999997e+01 -5.847999997e+01 -2.5383e-01 -7.2523e-01 +4.1348e-01
924 0 +7.908589339e-09 -5.847999999e+01 -5.847999999e+01 -2.5324e-01 -7.2306e-01 +4.1326e-01
1315 0 +0.000000000e+00 -5.848000000e+01 -5.848000000e+01 -2.5216e-01 -7.1813e-01 +4.1316e-01
% f evaluations | g evaluations | best noise-free fitness - Fopt (-6.130800000000e+02) + sum g_i+ | measured fitness | best measured fitness or single-digit g-values | x1 | x2...
1 0 +2.503737427e-01 -6.128296263e+02 -6.128296263e+02 +0.0000e+00 +0.0000e+00 +0.0000e+00
211 0 +1.816059340e-01 -6.128983941e+02 -6.128983941e+02 -4.4830e-01 -3.2584e-01 +2.1456e-01
265 0 +4.078498213e-02 -6.130392150e+02 -6.130392150e+02 -3.9727e-01 -4.7583e-01 +1.9515e-01
692 0 +4.072916746e-02 -6.130392708e+02 -6.130392708e+02 -3.7551e-01 -4.9816e-01 +1.7954e-01
718 0 +3.959817912e-02 -6.130404018e+02 -6.130404018e+02 -3.7563e-01 -4.9378e-01 +1.8299e-01
% f evaluations | g evaluations | best noise-free fitness - Fopt (6.189000000000e+01) + sum g_i+ | measured fitness | best measured fitness or single-digit g-values | x1 | x2...
1 0 +2.503737427e-01 +6.214037374e+01 +6.214037374e+01 +0.0000e+00 +0.0000e+00 +0.0000e+00
17 0 +7.570328714e-02 +6.196570329e+01 +6.196570329e+01 -1.6120e-01 +1.8066e-01 +2.5384e-01
% f evaluations | g evaluations | best noise-free fitness - Fopt (-8.456000000000e+01) + sum g_i+ | measured fitness | best measured fitness or single-digit g-values | x1 | x2...
1 0 +2.503737427e-01 -8.430962626e+01 -8.430962626e+01 +0.0000e+00 +0.0000e+00 +0.0000e+00
76 0 +1.577278511e-01 -8.440227215e+01 -8.440227215e+01 -2.3504e-01 +2.8059e-01 -3.8623e-01
295 0 +1.388905086e-01 -8.442110949e+01 -8.442110949e+01 +5.2291e-01 -2.3231e-01 +6.2021e-01
337 0 +1.008585751e-01 -8.445914142e+01 -8.445914142e+01 +5.2436e-01 -2.3129e-01 +6.0239e-01
% f evaluations | g evaluations | best noise-free fitness - Fopt (-2.602000000000e+01) + sum g_i+ | measured fitness | best measured fitness or single-digit g-values | x1 | x2...
1 0 +2.503737427e-01 -2.576962626e+01 -2.576962626e+01 +0.0000e+00 +0.0000e+00 +0.0000e+00
44 0 +1.375677411e-02 -2.600624323e+01 -2.600624323e+01 +3.6553e-01 +2.3856e-01 +1.1995e-01
479 0 +1.181210251e-02 -2.600818790e+01 -2.600818790e+01 +3.5854e-01 +2.3653e-01 +1.2735e-01
563 0 +9.250810172e-03 -2.601074919e+01 -2.601074919e+01 +3.9107e-01 +2.6847e-01 +9.3620e-02
577 0 +8.606828839e-03 -2.601139317e+01 -2.601139317e+01 +3.9209e-01 +2.7076e-01 +8.9652e-02
581 0 +8.466319635e-03 -2.601153368e+01 -2.601153368e+01 +4.2014e-01 +3.0146e-01 +7.4274e-02
584 0 +7.745312709e-03 -2.601225469e+01 -2.601225469e+01 +4.0596e-01 +2.8560e-01 +7.8519e-02
592 0 +5.982870366e-03 -2.601401713e+01 -2.601401713e+01 +4.0292e-01 +2.8747e-01 +7.5281e-02
690 0 +5.226612540e-03 -2.601477339e+01 -2.601477339e+01 +4.1344e-01 +2.9834e-01 +6.6945e-02
692 0 +4.742560108e-03 -2.601525744e+01 -2.601525744e+01 +4.1693e-01 +3.0230e-01 +6.6513e-02
708 0 +4.397655018e-03 -2.601560234e+01 -2.601560234e+01 +4.1487e-01 +3.0265e-01 +7.0391e-02
718 0 +4.255035275e-03 -2.601574496e+01 -2.601574496e+01 +4.3271e-01 +3.2069e-01 +5.6898e-02
729 0 +4.075791504e-03 -2.601592421e+01 -2.601592421e+01 +4.4178e-01 +3.3160e-01 +4.9663e-02
731 0 +4.045346848e-03 -2.601595465e+01 -2.601595465e+01 +4.3447e-01 +3.2549e-01 +5.6430e-02
737 0 +3.553862604e-03 -2.601644614e+01 -2.601644614e+01 +4.4376e-01 +3.3462e-01 +4.6315e-02
742 0 +3.075275045e-03 -2.601692472e+01 -2.601692472e+01 +4.4326e-01 +3.3570e-01 +4.5358e-02
748 0 +2.850967690e-03 -2.601714903e+01 -2.601714903e+01 +4.4477e-01 +3.3595e-01 +3.8719e-02
755 0 +2.392640996e-03 -2.601760736e+01 -2.601760736e+01 +4.6458e-01 +3.6000e-01 +2.3275e-02
757 0 +1.915349872e-03 -2.601808465e+01 -2.601808465e+01 +4.6655e-01 +3.6582e-01 +2.0413e-02
771 0 +1.279283543e-03 -2.601872072e+01 -2.601872072e+01 +4.7788e-01 +3.8113e-01 +6.0096e-03
780 0 +1.196995182e-03 -2.601880300e+01 -2.601880300e+01 +4.9105e-01 +3.9394e-01 -8.0931e-03
782 0 +9.364291697e-04 -2.601906357e+01 -2.601906357e+01 +4.8094e-01 +3.8707e-01 -2.8205e-03
784 0 +9.028501144e-04 -2.601909715e+01 -2.601909715e+01 +4.8598e-01 +3.9011e-01 -6.0078e-03
786 0 +5.338719615e-04 -2.601946613e+01 -2.601946613e+01 +5.0006e-01 +4.0981e-01 -2.6307e-02
787 0 +5.000167084e-04 -2.601949998e+01 -2.601949998e+01 +5.1401e-01 +4.2487e-01 -3.7521e-02
792 0 +3.339614874e-04 -2.601966604e+01 -2.601966604e+01 +5.4810e-01 +4.6841e-01 -7.7471e-02
812 0 +3.166978166e-04 -2.601968330e+01 -2.601968330e+01 +5.3253e-01 +4.5013e-01 -5.6796e-02
823 0 +1.379431755e-04 -2.601986206e+01 -2.601986206e+01 +5.4786e-01 +4.7189e-01 -8.3437e-02
846 0 +8.156079285e-05 -2.601991844e+01 -2.601991844e+01 +5.7326e-01 +5.0580e-01 -1.1436e-01
862 0 +7.901216224e-05 -2.601992099e+01 -2.601992099e+01 +5.6575e-01 +4.9510e-01 -1.0345e-01
872 0 +6.567026003e-05 -2.601993433e+01 -2.601993433e+01 +5.8108e-01 +5.1634e-01 -1.2370e-01
896 0 +6.187570222e-05 -2.601993812e+01 -2.601993812e+01 +5.6091e-01 +4.8978e-01 -9.8534e-02
914 0 +5.680310505e-05 -2.601994320e+01 -2.601994320e+01 +5.6466e-01 +4.9455e-01 -1.0273e-01
915 0 +3.686387193e-05 -2.601996314e+01 -2.601996314e+01 +5.7340e-01 +5.0775e-01 -1.1541e-01
928 0 +2.786566615e-05 -2.601997213e+01 -2.601997213e+01 +5.7468e-01 +5.0866e-01 -1.1435e-01
932 0 +2.600419501e-05 -2.601997400e+01 -2.601997400e+01 +5.8114e-01 +5.1721e-01 -1.2186e-01
942 0 +2.460750420e-05 -2.601997539e+01 -2.601997539e+01 +5.7489e-01 +5.0980e-01 -1.1653e-01
945 0 +2.322478883e-05 -2.601997678e+01 -2.601997678e+01 +5.7328e-01 +5.0744e-01 -1.1367e-01
949 0 +2.125733094e-05 -2.601997874e+01 -2.601997874e+01 +5.8389e-01 +5.2117e-01 -1.2550e-01
955 0 +1.596943206e-05 -2.601998403e+01 -2.601998403e+01 +5.8861e-01 +5.2793e-01 -1.3140e-01
959 0 +1.187701040e-05 -2.601998812e+01 -2.601998812e+01 +5.8437e-01 +5.2322e-01 -1.2845e-01
971 0 +4.265445941e-06 -2.601999573e+01 -2.601999573e+01 +5.9589e-01 +5.3955e-01 -1.4292e-01
986 0 +4.045966872e-06 -2.601999595e+01 -2.601999595e+01 +6.1407e-01 +5.6468e-01 -1.6510e-01
994 0 +1.941072920e-06 -2.601999806e+01 -2.601999806e+01 +6.0304e-01 +5.5008e-01 -1.5069e-01
1017 0 +1.148711902e-06 -2.601999885e+01 -2.601999885e+01 +6.0093e-01 +5.4784e-01 -1.5001e-01
1032 0 +7.442510856e-07 -2.601999926e+01 -2.601999926e+01 +6.1363e-01 +5.6515e-01 -1.6557e-01
1033 0 +4.734211174e-07 -2.601999953e+01 -2.601999953e+01 +6.0680e-01 +5.5615e-01 -1.5718e-01
1092 0 +4.405166862e-07 -2.601999956e+01 -2.601999956e+01 +6.0975e-01 +5.6028e-01 -1.6051e-01
1097 0 +3.234590515e-07 -2.601999968e+01 -2.601999968e+01 +6.1100e-01 +5.6207e-01 -1.6236e-01
1099 0 +1.994601533e-07 -2.601999980e+01 -2.601999980e+01 +6.1074e-01 +5.6217e-01 -1.6258e-01
1105 0 +1.802883425e-07 -2.601999982e+01 -2.601999982e+01 +6.1237e-01 +5.6419e-01 -1.6459e-01
1113 0 +1.633857245e-07 -2.601999984e+01 -2.601999984e+01 +6.1451e-01 +5.6714e-01 -1.6750e-01
1120 0 +1.530368401e-07 -2.601999985e+01 -2.601999985e+01 +6.1169e-01 +5.6358e-01 -1.6396e-01
1142 0 +1.323714294e-07 -2.601999987e+01 -2.601999987e+01 +6.1375e-01 +5.6653e-01 -1.6719e-01
1146 0 +1.098897968e-07 -2.601999989e+01 -2.601999989e+01 +6.1340e-01 +5.6587e-01 -1.6617e-01
1154 0 +8.404279583e-08 -2.601999992e+01 -2.601999992e+01 +6.1653e-01 +5.7018e-01 -1.7024e-01
1157 0 +2.901236584e-08 -2.601999997e+01 -2.601999997e+01 +6.1761e-01 +5.7202e-01 -1.7183e-01
1164 0 +1.094247537e-08 -2.601999999e+01 -2.601999999e+01 +6.1962e-01 +5.7495e-01 -1.7471e-01
1177 0 +5.494531052e-09 -2.601999999e+01 -2.601999999e+01 +6.1954e-01 +5.7493e-01 -1.7466e-01
1612 0 +0.000000000e+00 -2.602000000e+01 -2.602000000e+01 +6.2101e-01 +5.7716e-01 -1.7672e-01
% f evaluations | g evaluations | best noise-free fitness - Fopt (-3.015000000000e+01) + sum g_i+ | measured fitness | best measured fitness or single-digit g-values | x1 | x2...
1 0 +2.503737427e-01 -2.989962626e+01 -2.989962626e+01 +0.0000e+00 +0.0000e+00 +0.0000e+00
91 0 +2.113661578e-01 -2.993863384e+01 -2.993863384e+01 -2.1202e-01 +4.5772e-01 +1.2086e-01
148 0 +6.786141292e-02 -3.008213859e+01 -3.008213859e+01 -2.2753e-01 +3.8914e-01 +2.8379e-02
392 0 +6.514761934e-02 -3.008485238e+01 -3.008485238e+01 -1.1262e-01 +3.3893e-01 +9.0949e-02
399 0 +5.301475697e-02 -3.009698524e+01 -3.009698524e+01 -1.1278e-01 +3.3635e-01 +9.0276e-02
407 0 +4.824209278e-02 -3.010175791e+01 -3.010175791e+01 -1.1305e-01 +3.3579e-01 +9.0082e-02
413 0 +4.750819282e-02 -3.010249181e+01 -3.010249181e+01 -1.1400e-01 +3.3296e-01 +8.9985e-02
% f evaluations | g evaluations | best noise-free fitness - Fopt (-1.000000000000e+03) + sum g_i+ | measured fitness | best measured fitness or single-digit g-values | x1 | x2...
1 0 +2.503737427e-01 -9.997496263e+02 -9.997496263e+02 +0.0000e+00 +0.0000e+00 +0.0000e+00
51 0 +1.182912945e-01 -9.998817087e+02 -9.998817087e+02 +8.3349e-02 +2.0239e-01 +6.0879e-02
299 0 +1.059431773e-01 -9.998940568e+02 -9.998940568e+02 -6.0446e-02 +3.0352e-01 -2.4079e-02
311 0 +9.634289699e-02 -9.999036571e+02 -9.999036571e+02 -1.8197e-02 +3.1517e-01 -1.6703e-02
315 0 +9.475992749e-02 -9.999052401e+02 -9.999052401e+02 -2.9174e-02 +3.0721e-01 -2.4932e-02
322 0 +8.376557693e-02 -9.999162344e+02 -9.999162344e+02 -2.2112e-02 +3.1577e-01 -2.7828e-02
338 0 +6.380348236e-02 -9.999361965e+02 -9.999361965e+02 +2.7022e-02 +3.2213e-01 -2.2952e-02
346 0 +6.262745963e-02 -9.999373725e+02 -9.999373725e+02 +7.3486e-02 +3.2897e-01 -1.6935e-02
351 0 +5.892943608e-02 -9.999410706e+02 -9.999410706e+02 +4.9666e-02 +3.2365e-01 -2.2673e-02
353 0 +5.675962454e-02 -9.999432404e+02 -9.999432404e+02 +5.0109e-02 +3.2677e-01 -2.1159e-02
361 0 +5.253847216e-02 -9.999474615e+02 -9.999474615e+02 +8.2760e-02 +3.3473e-01 -1.8031e-02
366 0 +4.598312525e-02 -9.999540169e+02 -9.999540169e+02 +1.4649e-01 +3.5672e-01 -2.0409e-02
369 0 +4.297722320e-02 -9.999570228e+02 -9.999570228e+02 +1.2866e-01 +3.4725e-01 -1.8526e-02
385 0 +3.988238884e-02 -9.999601176e+02 -9.999601176e+02 +1.2006e-01 +3.4781e-01 -2.1093e-02
386 0 +3.390012707e-02 -9.999660999e+02 -9.999660999e+02 +1.1665e-01 +3.4715e-01 -2.7868e-02
399 0 +3.089503557e-02 -9.999691050e+02 -9.999691050e+02 +1.5772e-01 +3.5212e-01 -2.1920e-02
401 0 +2.965375306e-02 -9.999703462e+02 -9.999703462e+02 +1.5161e-01 +3.5421e-01 -2.5293e-02
403 0 +2.865456241e-02 -9.999713454e+02 -9.999713454e+02 +1.6637e-01 +3.5973e-01 -3.0013e-02
406 0 +2.688453576e-02 -9.999731155e+02 -9.999731155e+02 +1.7236e-01 +3.5521e-01 -2.3815e-02
407 0 +2.593907223e-02 -9.999740609e+02 -9.999740609e+02 +1.6418e-01 +3.5622e-01 -2.8434e-02
421 0 +1.977331574e-02 -9.999802267e+02 -9.999802267e+02 +2.1031e-01 +3.6088e-01 -2.7098e-02
442 0 +1.685478444e-02 -9.999831452e+02 -9.999831452e+02 +2.0994e-01 +3.5358e-01 -2.8388e-02
451 0 +1.622835379e-02 -9.999837716e+02 -9.999837716e+02 +2.3248e-01 +3.5243e-01 -3.1346e-02
453 0 +1.620471817e-02 -9.999837953e+02 -9.999837953e+02 +2.2779e-01 +3.6134e-01 -2.8348e-02
466 0 +1.546824982e-02 -9.999845318e+02 -9.999845318e+02 +2.2062e-01 +3.5515e-01 -2.8409e-02
471 0 +9.728664427e-03 -9.999902713e+02 -9.999902713e+02 +3.2362e-01 +3.6805e-01 -2.8411e-02
487 0 +7.879307183e-03 -9.999921207e+02 -9.999921207e+02 +3.6611e-01 +3.7498e-01 -3.5730e-02
490 0 +7.128190759e-03 -9.999928718e+02 -9.999928718e+02 +4.5541e-01 +3.7308e-01 -3.1813e-02
502 0 +6.720203998e-03 -9.999932798e+02 -9.999932798e+02 +3.3400e-01 +3.6124e-01 -2.8598e-02
508 0 +4.794377296e-03 -9.999952056e+02 -9.999952056e+02 +3.5643e-01 +3.6261e-01 -3.1573e-02
522 0 +4.006685655e-03 -9.999959933e+02 -9.999959933e+02 +3.9867e-01 +3.6251e-01 -3.0994e-02
533 0 +2.138317053e-03 -9.999978617e+02 -9.999978617e+02 +4.5982e-01 +3.6463e-01 -3.4167e-02
550 0 +1.080531395e-03 -9.999989195e+02 -9.999989195e+02 +5.2473e-01 +3.6225e-01 -3.8879e-02
565 0 +8.188173274e-04 -9.999991812e+02 -9.999991812e+02 +5.3376e-01 +3.6184e-01 -4.0630e-02
575 0 +6.268756513e-04 -9.999993731e+02 -9.999993731e+02 +5.2572e-01 +3.6899e-01 -4.2934e-02
579 0 +3.730949685e-04 -9.999996269e+02 -9.999996269e+02 +6.3341e-01 +3.6907e-01 -4.7110e-02
586 0 +3.636479095e-04 -9.999996364e+02 -9.999996364e+02 +5.8137e-01 +3.6652e-01 -4.2804e-02
598 0 +2.196910120e-04 -9.999997803e+02 -9.999997803e+02 +6.0491e-01 +3.6883e-01 -4.7037e-02
603 0 +1.539620806e-04 -9.999998460e+02 -9.999998460e+02 +6.1577e-01 +3.6648e-01 -4.6394e-02
604 0 +1.028116700e-04 -9.999998972e+02 -9.999998972e+02 +7.0437e-01 +3.6426e-01 -5.1984e-02
612 0 +6.187111978e-05 -9.999999381e+02 -9.999999381e+02 +6.8797e-01 +3.6042e-01 -5.4438e-02
617 0 +2.122356477e-05 -9.999999788e+02 -9.999999788e+02 +6.7477e-01 +3.6217e-01 -5.1602e-02
621 0 +5.796540336e-06 -9.999999942e+02 -9.999999942e+02 +7.8564e-01 +3.5396e-01 -6.0215e-02
633 0 +3.998514444e-06 -9.999999960e+02 -9.999999960e+02 +8.0563e-01 +3.5689e-01 -6.2106e-02
711 0 +3.414578487e-06 -9.999999966e+02 -9.999999966e+02 +7.9362e-01 +3.5672e-01 -5.9794e-02
715 0 +1.879395541e-06 -9.999999981e+02 -9.999999981e+02 +7.9253e-01 +3.5686e-01 -6.0005e-02
726 0 +1.207322953e-06 -9.999999988e+02 -9.999999988e+02 +7.5023e-01 +3.5822e-01 -5.7813e-02
739 0 +8.014538935e-07 -9.999999992e+02 -9.999999992e+02 +7.6375e-01 +3.5678e-01 -5.8334e-02
742 0 +5.763522495e-07 -9.999999994e+02 -9.999999994e+02 +7.7016e-01 +3.5704e-01 -5.9475e-02
759 0 +1.560501914e-07 -9.999999998e+02 -9.999999998e+02 +7.8093e-01 +3.5662e-01 -6.0169e-02
769 0 +1.456850214e-07 -9.999999999e+02 -9.999999999e+02 +7.8798e-01 +3.5678e-01 -6.0417e-02
775 0 +2.377521469e-08 -1.000000000e+03 -1.000000000e+03 +7.9043e-01 +3.5582e-01 -6.0624e-02
817 0 +9.559357750e-09 -1.000000000e+03 -1.000000000e+03 +7.8643e-01 +3.5623e-01 -6.0325e-02
1166 0 +0.000000000e+00 -1.000000000e+03 -1.000000000e+03 +7.8706e-01 +3.5626e-01 -6.0285e-02
% f evaluations | g evaluations | best noise-free fitness - Fopt (-9.243000000000e+02) + sum g_i+ | measured fitness | best measured fitness or single-digit g-values | x1 | x2...
1 0 +2.503737427e-01 -9.240496263e+02 -9.240496263e+02 +0.0000e+00 +0.0000e+00 +0.0000e+00
67 0 +1.703534708e-01 -9.241296465e+02 -9.241296465e+02 +1.9184e-02 +2.8968e-01 -2.3319e-02
123 0 +1.650477016e-01 -9.241349523e+02 -9.241349523e+02 +6.3262e-02 +1.1387e-01 +1.9073e-01
247 0 +1.169447306e-01 -9.241830553e+02 -9.241830553e+02 -3.3139e-02 +3.1783e-01 +5.6546e-02
249 0 +9.151153524e-02 -9.242084885e+02 -9.242084885e+02 -3.3536e-02 +3.1125e-01 +6.1785e-02
260 0 +7.038004785e-02 -9.242296200e+02 -9.242296200e+02 -1.8442e-02 +3.2436e-01 +6.4159e-02
334 0 +6.874325387e-02 -9.242312567e+02 -9.242312567e+02 -2.2266e-02 +3.2224e-01 +6.2402e-02
466 0 +6.729216667e-02 -9.242327078e+02 -9.242327078e+02 -2.0727e-02 +3.2416e-01 +6.1811e-02
475 0 +6.561948489e-02 -9.242343805e+02 -9.242343805e+02 -2.1649e-02 +3.2438e-01 +6.0780e-02
611 0 +6.453619944e-02 -9.242354638e+02 -9.242354638e+02 -2.1933e-02 +3.2658e-01 +5.8476e-02
845 0 +6.303073909e-02 -9.242369693e+02 -9.242369693e+02 -1.3060e-02 +3.3829e-01 +5.7076e-02
851 0 +6.133015176e-02 -9.242386698e+02 -9.242386698e+02 -6.4765e-03 +3.4510e-01 +5.7738e-02
969 0 +6.021971043e-02 -9.242397803e+02 -9.242397803e+02 -9.1829e-04 +3.5086e-01 +5.8415e-02
994 0 +5.860939736e-02 -9.242413906e+02 -9.242413906e+02 +7.9931e-03 +3.6136e-01 +5.8530e-02
1131 0 +5.752097014e-02 -9.242424790e+02 -9.242424790e+02 +1.6742e-02 +3.7258e-01 +5.7953e-02
1208 0 +5.610190009e-02 -9.242438981e+02 -9.242438981e+02 +2.8444e-02 +3.8615e-01 +5.8754e-02
1285 0 +5.490621257e-02 -9.242450938e+02 -9.242450938e+02 +3.2208e-02 +3.8957e-01 +6.0036e-02
1340 0 +5.316647243e-02 -9.242468335e+02 -9.242468335e+02 +4.4840e-02 +4.0306e-01 +6.2517e-02
1492 0 +5.238577619e-02 -9.242476142e+02 -9.242476142e+02 +5.1103e-02 +4.0986e-01 +6.3830e-02
1619 0 +5.104293120e-02 -9.242489571e+02 -9.242489571e+02 +6.0643e-02 +4.2234e-01 +6.3923e-02
1680 0 +5.006265677e-02 -9.242499373e+02 -9.242499373e+02 +7.1291e-02 +4.3470e-01 +6.5702e-02
1810 0 +4.885417759e-02 -9.242511458e+02 -9.242511458e+02 +8.1515e-02 +4.4869e-01 +6.5892e-02
2036 0 +4.786242763e-02 -9.242521376e+02 -9.242521376e+02 +9.1931e-02 +4.6101e-01 +6.7956e-02
2134 0 +4.676653014e-02 -9.242532335e+02 -9.242532335e+02 +1.0477e-01 +4.7646e-01 +7.0512e-02
2343 0 +4.568300040e-02 -9.242543170e+02 -9.242543170e+02 +1.1963e-01 +4.9326e-01 +7.4958e-02
2436 0 +4.452766960e-02 -9.242554723e+02 -9.242554723e+02 +1.4019e-01 +5.1914e-01 +7.9413e-02
2702 0 +4.347175492e-02 -9.242565282e+02 -9.242565282e+02 +1.6180e-01 +5.4796e-01 +8.3742e-02
3001 0 +4.263562723e-02 -9.242573644e+02 -9.242573644e+02 +1.7685e-01 +5.6642e-01 +8.8786e-02
3367 0 +4.163704165e-02 -9.242583630e+02 -9.242583630e+02 +2.0606e-01 +6.0269e-01 +9.9354e-02
3938 0 +4.072419061e-02 -9.242592758e+02 -9.242592758e+02 +2.4310e-01 +6.5213e-01 +1.1225e-01
5249 0 +3.980635221e-02 -9.242601936e+02 -9.242601936e+02 +3.0599e-01 +7.3581e-01 +1.4052e-01
% f evaluations | g evaluations | best noise-free fitness - Fopt (-1.035000000000e+01) + sum g_i+ | measured fitness | best measured fitness or single-digit g-values | x1 | x2...
1 0 +2.503737427e-01 -1.009962626e+01 -1.009962626e+01 +0.0000e+00 +0.0000e+00 +0.0000e+00
% f evaluations | g evaluations | best noise-free fitness - Fopt (-1.000000000000e+03) + sum g_i+ | measured fitness | best measured fitness or single-digit g-values | x1 | x2...
1 0 +2.503737427e-01 -9.997496263e+02 -9.997496263e+02 +0.0000e+00 +0.0000e+00 +0.0000e+00
3 0 +7.609275277e-02 -9.999239072e+02 -9.999239072e+02 +3.4094e-01 +2.4727e-01 +1.7369e-01
1347 0 +7.450214923e-02 -9.999254979e+02 -9.999254979e+02 -1.4432e-02 -3.6065e-02 +1.6792e-01
1373 0 +7.408536335e-02 -9.999259146e+02 -9.999259146e+02 -1.8097e-02 -3.4647e-02 +1.6780e-01
1375 0 +6.779057858e-02 -9.999322094e+02 -9.999322094e+02 -9.4954e-04 -4.3396e-02 +1.6352e-01
1408 0 +6.597570987e-02 -9.999340243e+02 -9.999340243e+02 +1.7720e-02 -5.2232e-02 +1.6128e-01
1414 0 +6.213746724e-02 -9.999378625e+02 -9.999378625e+02 +1.6322e-02 -5.2464e-02 +1.5850e-01
1444 0 +6.040823941e-02 -9.999395918e+02 -9.999395918e+02 +3.5467e-02 -6.1876e-02 +1.5682e-01
1466 0 +5.886298118e-02 -9.999411370e+02 -9.999411370e+02 +3.1800e-02 -6.0297e-02 +1.5683e-01
1487 0 +5.660073739e-02 -9.999433993e+02 -9.999433993e+02 +4.0287e-02 -6.4986e-02 +1.5455e-01
1492 0 +5.498245350e-02 -9.999450175e+02 -9.999450175e+02 +4.1793e-02 -6.6381e-02 +1.5264e-01
1499 0 +5.459345376e-02 -9.999454065e+02 -9.999454065e+02 +4.3787e-02 -6.7382e-02 +1.5248e-01
1520 0 +5.212383461e-02 -9.999478762e+02 -9.999478762e+02 +6.5134e-02 -7.8919e-02 +1.4844e-01
1531 0 +5.092699949e-02 -9.999490730e+02 -9.999490730e+02 +5.9278e-02 -7.7155e-02 +1.4540e-01
1542 0 +4.990221259e-02 -9.999500978e+02 -9.999500978e+02 +6.2732e-02 -7.8494e-02 +1.4685e-01
1543 0 +4.882436557e-02 -9.999511756e+02 -9.999511756e+02 +6.8063e-02 -8.1365e-02 +1.4560e-01
1557 0 +4.605352173e-02 -9.999539465e+02 -9.999539465e+02 +8.3761e-02 -9.0506e-02 +1.4245e-01
1611 0 +4.551545591e-02 -9.999544845e+02 -9.999544845e+02 +8.6886e-02 -9.2405e-02 +1.4132e-01
1635 0 +4.413241590e-02 -9.999558676e+02 -9.999558676e+02 +9.3994e-02 -9.6812e-02 +1.3966e-01
1651 0 +4.349168518e-02 -9.999565083e+02 -9.999565083e+02 +9.5369e-02 -9.7796e-02 +1.3850e-01
1660 0 +4.256949775e-02 -9.999574305e+02 -9.999574305e+02 +1.0088e-01 -1.0127e-01 +1.3661e-01
1677 0 +4.121242983e-02 -9.999587876e+02 -9.999587876e+02 +1.0456e-01 -1.0395e-01 +1.3455e-01
1684 0 +3.981217957e-02 -9.999601878e+02 -9.999601878e+02 +1.1717e-01 -1.1242e-01 +1.2888e-01
1698 0 +3.772588094e-02 -9.999622741e+02 -9.999622741e+02 +1.2728e-01 -1.1978e-01 +1.2386e-01
1781 0 +3.675369119e-02 -9.999632463e+02 -9.999632463e+02 +1.3681e-01 -1.2666e-01 +1.1942e-01
1851 0 +3.629401725e-02 -9.999637060e+02 -9.999637060e+02 +1.3571e-01 -1.2559e-01 +1.2086e-01
1963 0 +3.546680408e-02 -9.999645332e+02 -9.999645332e+02 +1.4591e-01 -1.3262e-01 +1.1705e-01
2015 0 +3.463886787e-02 -9.999653611e+02 -9.999653611e+02 +1.4810e-01 -1.3371e-01 +1.1766e-01
2059 0 +3.387665467e-02 -9.999661233e+02 -9.999661233e+02 +1.4924e-01 -1.3410e-01 +1.1885e-01
2112 0 +3.291252494e-02 -9.999670875e+02 -9.999670875e+02 +1.5955e-01 -1.4083e-01 +1.1686e-01
2132 0 +3.223184835e-02 -9.999677682e+02 -9.999677682e+02 +1.6496e-01 -1.4467e-01 +1.1504e-01
2206 0 +3.148709543e-02 -9.999685129e+02 -9.999685129e+02 +1.6918e-01 -1.4795e-01 +1.1276e-01
2233 0 +3.074138653e-02 -9.999692586e+02 -9.999692586e+02 +1.7927e-01 -1.5498e-01 +1.0985e-01
2267 0 +2.959380141e-02 -9.999704062e+02 -9.999704062e+02 +1.8388e-01 -1.5903e-01 +1.0643e-01
2277 0 +2.946976877e-02 -9.999705302e+02 -9.999705302e+02 +1.8596e-01 -1.6070e-01 +1.0586e-01
2288 0 +2.836976027e-02 -9.999716302e+02 -9.999716302e+02 +1.9518e-01 -1.6748e-01 +1.0233e-01
2297 0 +2.782917092e-02 -9.999721708e+02 -9.999721708e+02 +2.0298e-01 -1.7314e-01 +1.0047e-01
2480 0 +2.750375449e-02 -9.999724962e+02 -9.999724962e+02 +2.1195e-01 -1.7968e-01 +9.7456e-02
2532 0 +2.688755837e-02 -9.999731124e+02 -9.999731124e+02 +2.1782e-01 -1.8465e-01 +9.4045e-02
2546 0 +2.614175609e-02 -9.999738582e+02 -9.999738582e+02 +2.2253e-01 -1.8877e-01 +9.1210e-02
2590 0 +2.560412462e-02 -9.999743959e+02 -9.999743959e+02 +2.2506e-01 -1.9137e-01 +8.8886e-02
2655 0 +2.511547007e-02 -9.999748845e+02 -9.999748845e+02 +2.3241e-01 -1.9713e-01 +8.6196e-02
2727 0 +2.438583103e-02 -9.999756142e+02 -9.999756142e+02 +2.4248e-01 -2.0512e-01 +8.2552e-02
2769 0 +2.398536644e-02 -9.999760146e+02 -9.999760146e+02 +2.4638e-01 -2.0794e-01 +8.2072e-02
2835 0 +2.340040288e-02 -9.999765996e+02 -9.999765996e+02 +2.5375e-01 -2.1413e-01 +7.8833e-02
2879 0 +2.273124185e-02 -9.999772688e+02 -9.999772688e+02 +2.6249e-01 -2.2199e-01 +7.3957e-02
2909 0 +2.199229441e-02 -9.999780077e+02 -9.999780077e+02 +2.7886e-01 -2.3612e-01 +6.6527e-02
2918 0 +2.187143804e-02 -9.999781286e+02 -9.999781286e+02 +2.7610e-01 -2.3361e-01 +6.8252e-02
3024 0 +2.130393369e-02 -9.999786961e+02 -9.999786961e+02 +2.8671e-01 -2.4304e-01 +6.3356e-02
3202 0 +2.080686131e-02 -9.999791931e+02 -9.999791931e+02 +2.9866e-01 -2.5289e-01 +5.9580e-02
3257 0 +2.041461431e-02 -9.999795854e+02 -9.999795854e+02 +3.0692e-01 -2.6042e-01 +5.5620e-02
3325 0 +1.984164849e-02 -9.999801584e+02 -9.999801584e+02 +3.1881e-01 -2.7187e-01 +4.8854e-02
3357 0 +1.946152030e-02 -9.999805385e+02 -9.999805385e+02 +3.3133e-01 -2.8270e-01 +4.5008e-02
3456 0 +1.902202811e-02 -9.999809780e+02 -9.999809780e+02 +3.3895e-01 -2.9115e-01 +3.8638e-02
3625 0 +1.859428338e-02 -9.999814057e+02 -9.999814057e+02 +3.5520e-01 -3.0647e-01 +3.1407e-02
3747 0 +1.819381361e-02 -9.999818062e+02 -9.999818062e+02 +3.6444e-01 -3.1583e-01 +2.6397e-02
3836 0 +1.776978732e-02 -9.999822302e+02 -9.999822302e+02 +3.8377e-01 -3.3477e-01 +1.7466e-02
4027 0 +1.734918234e-02 -9.999826508e+02 -9.999826508e+02 +4.0538e-01 -3.5640e-01 +7.6161e-03
4208 0 +1.697764087e-02 -9.999830224e+02 -9.999830224e+02 +4.2376e-01 -3.7763e-01 -5.5199e-03
4785 0 +1.659160176e-02 -9.999834084e+02 -9.999834084e+02 +4.4780e-01 -4.0353e-01 -1.8001e-02
5332 0 +1.621641754e-02 -9.999837836e+02 -9.999837836e+02 +4.8613e-01 -4.4723e-01 -4.0005e-02
6390 0 +1.584764427e-02 -9.999841524e+02 -9.999841524e+02 +5.5690e-01 -5.3275e-01 -8.1896e-02
% f evaluations | g evaluations | best noise-free fitness - Fopt (2.880000000000e+01) + sum g_i+ | measured fitness | best measured fitness or single-digit g-values | x1 | x2...
1 0 +2.503737427e-01 +2.905037374e+01 +2.905037374e+01 +0.0000e+00 +0.0000e+00 +0.0000e+00
9 0 +1.978967975e-01 +2.899789680e+01 +2.899789680e+01 +9.8150e-02 +2.4758e-01 +1.5122e-01
299 0 +1.310222671e-01 +2.893102227e+01 +2.893102227e+01 -3.8169e-01 +9.1491e-01 +2.0734e-01
538 0 +1.124794444e-01 +2.891247944e+01 +2.891247944e+01 -3.4666e-01 +8.4629e-01 +2.2735e-01
595 0 +1.108735333e-01 +2.891087353e+01 +2.891087353e+01 -3.4704e-01 +8.4454e-01 +2.2468e-01
610 0 +1.089328842e-01 +2.890893288e+01 +2.890893288e+01 -3.4571e-01 +8.4201e-01 +2.2206e-01
613 0 +1.031860873e-01 +2.890318609e+01 +2.890318609e+01 -3.4212e-01 +8.3973e-01 +2.1862e-01
618 0 +1.020732061e-01 +2.890207321e+01 +2.890207321e+01 -3.4081e-01 +8.3702e-01 +2.1560e-01
820 0 +9.982260007e-02 +2.889982260e+01 +2.889982260e+01 -3.3882e-01 +8.4033e-01 +2.2042e-01
877 0 +9.638421622e-02 +2.889638422e+01 +2.889638422e+01 -3.3467e-01 +8.4565e-01 +2.2772e-01
884 0 +9.413347488e-02 +2.889413347e+01 +2.889413347e+01 -3.3207e-01 +8.4909e-01 +2.3276e-01
895 0 +9.191581489e-02 +2.889191581e+01 +2.889191581e+01 -3.2829e-01 +8.5353e-01 +2.3936e-01
898 0 +8.899958873e-02 +2.888899959e+01 +2.888899959e+01 -3.1773e-01 +8.6360e-01 +2.5441e-01
915 0 +8.158806420e-02 +2.888158806e+01 +2.888158806e+01 -3.1357e-01 +8.7291e-01 +2.6765e-01
971 0 +8.090766993e-02 +2.888090767e+01 +2.888090767e+01 -3.1760e-01 +8.7086e-01 +2.6448e-01
1018 0 +7.865822200e-02 +2.887865822e+01 +2.887865822e+01 -3.1095e-01 +8.7823e-01 +2.7541e-01
1111 0 +7.738912507e-02 +2.887738913e+01 +2.887738913e+01 -3.1110e-01 +8.7873e-01 +2.7624e-01
1164 0 +7.556327990e-02 +2.887556328e+01 +2.887556328e+01 -3.0526e-01 +8.8409e-01 +2.8468e-01
1208 0 +7.154082166e-02 +2.887154082e+01 +2.887154082e+01 -3.0168e-01 +8.9042e-01 +2.9438e-01
1227 0 +7.051074113e-02 +2.887051074e+01 +2.887051074e+01 -3.0210e-01 +8.9037e-01 +2.9451e-01
1246 0 +6.702374120e-02 +2.886702374e+01 +2.886702374e+01 -2.9552e-01 +9.0010e-01 +3.0949e-01
1269 0 +6.457308846e-02 +2.886457309e+01 +2.886457309e+01 -2.9681e-01 +9.0290e-01 +3.1392e-01
1274 0 +6.434360114e-02 +2.886434360e+01 +2.886434360e+01 -2.9603e-01 +9.0383e-01 +3.1537e-01
1364 0 +6.260086676e-02 +2.886260087e+01 +2.886260087e+01 -2.9275e-01 +9.0948e-01 +3.2448e-01
1388 0 +6.127906095e-02 +2.886127906e+01 +2.886127906e+01 -2.8880e-01 +9.0964e-01 +3.2508e-01
1399 0 +5.973799324e-02 +2.885973799e+01 +2.885973799e+01 -2.8555e-01 +9.1194e-01 +3.2914e-01
1414 0 +5.859303274e-02 +2.885859303e+01 +2.885859303e+01 -2.8405e-01 +9.1429e-01 +3.3301e-01
1457 0 +5.746768293e-02 +2.885746768e+01 +2.885746768e+01 -2.8251e-01 +9.1882e-01 +3.4025e-01
1474 0 +5.574294139e-02 +2.885574294e+01 +2.885574294e+01 -2.7824e-01 +9.2233e-01 +3.4627e-01
1493 0 +5.353331616e-02 +2.885353332e+01 +2.885353332e+01 -2.7037e-01 +9.3093e-01 +3.6084e-01
1509 0 +5.221155113e-02 +2.885221155e+01 +2.885221155e+01 -2.6813e-01 +9.3026e-01 +3.6019e-01
1531 0 +5.057976514e-02 +2.885057977e+01 +2.885057977e+01 -2.6519e-01 +9.3392e-01 +3.6653e-01
1634 0 +4.992411648e-02 +2.884992412e+01 +2.884992412e+01 -2.5947e-01 +9.3937e-01 +3.7589e-01
1659 0 +4.874186765e-02 +2.884874187e+01 +2.884874187e+01 -2.6203e-01 +9.3905e-01 +3.7543e-01
1670 0 +4.753003391e-02 +2.884753003e+01 +2.884753003e+01 -2.5254e-01 +9.4450e-01 +3.8528e-01
1744 0 +4.641524748e-02 +2.884641525e+01 +2.884641525e+01 -2.4289e-01 +9.5094e-01 +3.9718e-01
1759 0 +4.545130924e-02 +2.884545131e+01 +2.884545131e+01 -2.4759e-01 +9.4889e-01 +3.9339e-01
1817 0 +4.466526830e-02 +2.884466527e+01 +2.884466527e+01 -2.4755e-01 +9.5129e-01 +3.9738e-01
1886 0 +4.332507998e-02 +2.884332508e+01 +2.884332508e+01 -2.4193e-01 +9.5540e-01 +4.0499e-01
1915 0 +4.243312795e-02 +2.884243313e+01 +2.884243313e+01 -2.3854e-01 +9.5823e-01 +4.1023e-01
1926 0 +4.138535469e-02 +2.884138535e+01 +2.884138535e+01 -2.3541e-01 +9.6095e-01 +4.1535e-01
1945 0 +4.055985902e-02 +2.884055986e+01 +2.884055986e+01 -2.3046e-01 +9.6559e-01 +4.2380e-01
1947 0 +3.973335464e-02 +2.883973335e+01 +2.883973335e+01 -2.2372e-01 +9.7018e-01 +4.3249e-01
1964 0 +3.825010799e-02 +2.883825011e+01 +2.883825011e+01 -2.1872e-01 +9.7557e-01 +4.4260e-01
2003 0 +3.724317487e-02 +2.883724317e+01 +2.883724317e+01 -2.1804e-01 +9.7639e-01 +4.4433e-01
2015 0 +3.658880985e-02 +2.883658881e+01 +2.883658881e+01 -2.1243e-01 +9.8164e-01 +4.5423e-01
2029 0 +3.501513396e-02 +2.883501513e+01 +2.883501513e+01 -2.0561e-01 +9.8819e-01 +4.6697e-01
2036 0 +3.430916894e-02 +2.883430917e+01 +2.883430917e+01 -1.9682e-01 +9.9597e-01 +4.8217e-01
2108 0 +3.384727242e-02 +2.883384727e+01 +2.883384727e+01 -1.9893e-01 +9.9415e-01 +4.7875e-01
2147 0 +3.285255899e-02 +2.883285256e+01 +2.883285256e+01 -1.9198e-01 +9.9996e-01 +4.9041e-01
2177 0 +3.223471313e-02 +2.883223471e+01 +2.883223471e+01 -1.8354e-01 +1.0068e+00 +5.0436e-01
2267 0 +3.159669512e-02 +2.883159670e+01 +2.883159670e+01 -1.7857e-01 +1.0104e+00 +5.1176e-01
2298 0 +3.085883222e-02 +2.883085883e+01 +2.883085883e+01 -1.7751e-01 +1.0099e+00 +5.1068e-01
2347 0 +3.019248256e-02 +2.883019248e+01 +2.883019248e+01 -1.7035e-01 +1.0151e+00 +5.2127e-01
2376 0 +2.921550444e-02 +2.882921550e+01 +2.882921550e+01 -1.6221e-01 +1.0188e+00 +5.2909e-01
2471 0 +2.882770078e-02 +2.882882770e+01 +2.882882770e+01 -1.5701e-01 +1.0220e+00 +5.3577e-01
2512 0 +2.816558835e-02 +2.882816559e+01 +2.882816559e+01 -1.4887e-01 +1.0264e+00 +5.4517e-01
2546 0 +2.715058255e-02 +2.882715058e+01 +2.882715058e+01 -1.3512e-01 +1.0350e+00 +5.6347e-01
2594 0 +2.674083965e-02 +2.882674084e+01 +2.882674084e+01 -1.2083e-01 +1.0427e+00 +5.8013e-01
2635 0 +2.598907223e-02 +2.882598907e+01 +2.882598907e+01 -1.1190e-01 +1.0489e+00 +5.9363e-01
2680 0 +2.547736860e-02 +2.882547737e+01 +2.882547737e+01 -9.8832e-02 +1.0582e+00 +6.1402e-01
2791 0 +2.511794749e-02 +2.882511795e+01 +2.882511795e+01 -9.3473e-02 +1.0613e+00 +6.2121e-01
3123 0 +2.452027734e-02 +2.882452028e+01 +2.882452028e+01 -5.8562e-02 +1.0822e+00 +6.6890e-01
3309 0 +2.398332044e-02 +2.882398332e+01 +2.882398332e+01 -3.6773e-02 +1.0919e+00 +6.9161e-01
% f evaluations | g evaluations | best noise-free fitness - Fopt (3.534000000000e+01) + sum g_i+ | measured fitness | best measured fitness or single-digit g-values | x1 | x2...
1 0 +2.503737427e-01 +3.559037374e+01 +3.559037374e+01 +0.0000e+00 +0.0000e+00 +0.0000e+00
