% f evaluations | g evaluations | best noise-free fitness - Fopt (7.135000000000e+01) + sum g_i+ | measured fitness | best measured fitness or single-digit g-values | x1 | x2...
1 0 +1.036745178e+02 +1.750245178e+02 +1.750245178e+02 +0.0000e+00 +0.0000e+00 +0.0000e+00 +0.0000e+00 +0.0000e+00 +0.0000e+00 +0.0000e+00 +0.0000e+00 +0.0000e+00 +0.0000e+00
2 0 +7.185763577e+01 +1.432076358e+02 +1.432076358e+02 +4.3379e-01 +3.0692e-02 +9.8026e-02 +3.4094e-01 +2.4727e-01 +1.7369e-01 -1.1375e-01 -3.0566e-01 +1.1285e-01 -1.5359e-01
8 0 +6.469735009e+01 +1.360473501e+02 +1.360473501e+02 +6.0234e-01 +2.6527e-01 +2.8700e-01 -7.0577e-01 +5.2611e-01 +2.0125e-02 -3.9010e-01 +9.9670e-02 +3.8961e-01 -4.6269e-01
22 0 +5.421527594e+01 +1.255652759e+02 +1.255652759e+02 +7.4611e-01 +5.3044e-02 +1.8246e-02 -3.2454e-01 +2.7937e-02 -1.3741e-01 -4.4871e-01 -6.5717e-01 +5.1340e-01 +3.0991e-01
41 0 +4.703964013e+01 +1.183896401e+02 +1.183896401e+02 +9.2292e-01 -1.1930e-01 +2.4929e-01 -1.2892e-01 +8.9833e-02 -4.5758e-01 -5.7275e-01 -5.4639e-01 +5.3624e-01 +7.7888e-01
45 0 +4.553925182e+01 +1.168892518e+02 +1.168892518e+02 +5.6919e-01 -1.7911e-01 -1.1635e-01 -1.9734e-01 +1.2246e-01 -1.6210e-01 -4.1412e-01 -4.2005e-01 +6.2202e-01 +4.7837e-01
48 0 +3.698128463e+01 +1.083312846e+02 +1.083312846e+02 +6.1674e-01 -3.5532e-01 +1.0492e-01 -2.4360e-01 +1.5072e-01 -3.1238e-01 -4.7057e-01 -2.6086e-01 +8.9698e-01 +4.7736e-01
64 0 +3.351175459e+01 +1.048617546e+02 +1.048617546e+02 +4.5905e-01 -8.0125e-01 -6.5234e-02 -1.2133e-01 +3.1356e-01 +2.2392e-01 -4.8364e-01 -3.2815e-01 +1.6227e+00 +1.7265e-01
79 0 +2.747337642e+01 +9.882337642e+01 +9.882337642e+01 +1.9394e-01 -2.7952e-01 +2.6770e-01 +4.2496e-01 -7.0560e-02 -2.6573e-01 -5.2185e-01 -5.0972e-02 +7.0699e-01 +1.1518e+00
111 0 +2.135778543e+01 +9.270778543e+01 +9.270778543e+01 +6.0089e-01 +7.3490e-02 -4.1624e-01 +7.2070e-02 -2.1042e-01 -2.4784e-01 -5.7332e-01 +3.3861e-01 +1.3678e+00 +9.9215e-01
122 0 +2.046317441e+01 +9.181317441e+01 +9.181317441e+01 +5.1441e-01 -4.6956e-02 -3.1547e-01 +1.6933e-01 -1.2167e-01 -4.4027e-01 -5.7393e-01 +1.0035e-01 +1.3474e+00 +1.0561e+00
181 0 +2.035113574e+01 +9.170113574e+01 +9.170113574e+01 +4.3207e-01 +1.2177e-01 -2.9753e-01 +1.2660e-01 +5.2534e-02 -3.6592e-01 -1.0469e+00 -6.8531e-02 +1.1688e+00 +6.3801e-01
191 0 +1.668589148e+01 +8.803589148e+01 +8.803589148e+01 +5.9266e-01 -1.4660e-01 -1.2644e-01 +1.0729e-01 +6.1015e-01 -4.9170e-01 -9.4910e-01 -1.7773e-01 +1.1799e+00 +2.4024e-01
228 0 +1.485169962e+01 +8.620169962e+01 +8.620169962e+01 +5.5952e-01 -1.1674e-01 -2.0644e-01 +3.0375e-01 +2.6897e-01 -5.4240e-01 -1.1591e+00 -1.7465e-01 +1.1242e+00 +2.4899e-01
239 0 +1.414932919e+01 +8.549932919e+01 +8.549932919e+01 +8.9303e-01 +5.7371e-02 -3.6222e-01 +3.0518e-01 +6.2061e-01 -6.6329e-01 -1.0335e+00 -2.8650e-01 +1.6742e+00 +2.6921e-01
255 0 +1.363646395e+01 +8.498646395e+01 +8.498646395e+01 +8.5805e-01 +7.7810e-02 -4.3419e-01 +4.2779e-01 +3.3818e-01 -5.5416e-01 -1.0265e+00 -1.4211e-01 +1.4406e+00 +3.2111e-01
259 0 +1.039313217e+01 +8.174313217e+01 +8.174313217e+01 +7.5657e-01 +4.7509e-02 -3.7124e-01 +3.7025e-01 +5.3546e-01 -6.6462e-01 -9.8384e-01 -2.6896e-01 +1.5452e+00 +1.7759e-01
375 0 +8.459997835e+00 +7.980999783e+01 +7.980999783e+01 +5.2047e-01 +9.8886e-02 -6.0357e-01 +2.7368e-01 +7.0010e-01 -4.9356e-01 -1.0601e+00 -3.5375e-01 +1.4736e+00 +2.3822e-01
419 0 +7.964482757e+00 +7.931448276e+01 +7.931448276e+01 +5.9349e-01 +9.0905e-02 -5.7787e-01 +3.1381e-01 +7.2441e-01 -4.9027e-01 -1.0777e+00 -2.9551e-01 +1.5314e+00 +2.2630e-01
435 0 +6.487296823e+00 +7.783729682e+01 +7.783729682e+01 +5.2416e-01 +4.9062e-02 -6.8926e-01 +2.7414e-01 +7.7401e-01 -4.3136e-01 -1.0827e+00 -2.4656e-01 +1.5211e+00 +1.6698e-01
439 0 +6.209242105e+00 +7.755924210e+01 +7.755924210e+01 +3.7534e-01 -7.0429e-02 -6.0916e-01 +2.4934e-01 +7.6946e-01 -3.7603e-01 -9.6425e-01 -3.4609e-01 +1.3947e+00 +2.5065e-01
583 0 +5.818404963e+00 +7.716840496e+01 +7.716840496e+01 +4.3722e-01 -5.6173e-02 -6.4526e-01 +2.8000e-01 +6.6352e-01 -4.5773e-01 -1.1541e+00 -2.9705e-01 +1.4563e+00 +8.4201e-02
607 0 +5.161936656e+00 +7.651193666e+01 +7.651193666e+01 +4.8816e-01 -2.4268e-02 -6.3279e-01 +3.0580e-01 +6.6837e-01 -5.5800e-01 -1.2540e+00 -3.2492e-01 +1.4893e+00 +7.2127e-02
657 0 +4.689864371e+00 +7.603986437e+01 +7.603986437e+01 +4.6698e-01 +1.8486e-02 -5.4914e-01 +2.3876e-01 +6.9455e-01 -5.6768e-01 -1.2803e+00 -2.5841e-01 +1.3995e+00 +7.6522e-02
678 0 +4.630174667e+00 +7.598017467e+01 +7.598017467e+01 +4.0444e-01 -4.6212e-02 -6.3508e-01 +2.5075e-01 +7.1176e-01 -5.2060e-01 -1.2128e+00 -2.8440e-01 +1.4431e+00 +1.0995e-01
788 0 +4.371664715e+00 +7.572166471e+01 +7.572166471e+01 +4.3665e-01 +1.8652e-02 -6.1086e-01 +2.5339e-01 +6.8546e-01 -5.3005e-01 -1.2722e+00 -2.3556e-01 +1.4077e+00 +1.3818e-01
812 0 +4.150021097e+00 +7.550002110e+01 +7.550002110e+01 +4.2086e-01 +1.6652e-03 -6.0475e-01 +2.5169e-01 +6.8916e-01 -5.1455e-01 -1.2670e+00 -2.3361e-01 +1.3989e+00 +1.2447e-01
823 0 +4.063001767e+00 +7.541300177e+01 +7.541300177e+01 +4.2437e-01 +1.3948e-02 -6.2818e-01 +2.4161e-01 +7.0753e-01 -5.2486e-01 -1.2678e+00 -2.5177e-01 +1.4095e+00 +1.2378e-01
858 0 +3.901084200e+00 +7.525108420e+01 +7.525108420e+01 +4.2053e-01 +2.7701e-03 -6.3330e-01 +2.3299e-01 +7.0560e-01 -5.1849e-01 -1.2754e+00 -2.3865e-01 +1.4076e+00 +1.1505e-01
880 0 +3.864881999e+00 +7.521488200e+01 +7.521488200e+01 +4.3216e-01 +1.3908e-03 -6.2965e-01 +2.4383e-01 +6.9420e-01 -5.2857e-01 -1.2773e+00 -2.2725e-01 +1.4041e+00 +1.3207e-01
884 0 +3.796933064e+00 +7.514693306e+01 +7.514693306e+01 +4.3292e-01 +7.7086e-03 -6.2996e-01 +2.3632e-01 +6.9838e-01 -5.3411e-01 -1.2878e+00 -2.3449e-01 +1.4095e+00 +1.2621e-01
903 0 +3.697218312e+00 +7.504721831e+01 +7.504721831e+01 +4.3267e-01 +1.3824e-02 -6.3682e-01 +2.4588e-01 +7.0617e-01 -5.3911e-01 -1.2721e+00 -2.4442e-01 +1.4188e+00 +1.2942e-01
932 0 +3.607356668e+00 +7.495735667e+01 +7.495735667e+01 +4.3693e-01 +1.9241e-02 -6.3464e-01 +2.5818e-01 +7.1285e-01 -5.3489e-01 -1.2678e+00 -2.4855e-01 +1.4263e+00 +1.2523e-01
958 0 +3.523397054e+00 +7.487339705e+01 +7.487339705e+01 +4.3137e-01 +1.2832e-02 -6.3675e-01 +2.4986e-01 +7.1269e-01 -5.3454e-01 -1.2671e+00 -2.4486e-01 +1.4257e+00 +1.2427e-01
959 0 +3.461679265e+00 +7.481167926e+01 +7.481167926e+01 +4.3543e-01 +1.6530e-02 -6.2547e-01 +2.5295e-01 +7.1128e-01 -5.3443e-01 -1.2691e+00 -2.4031e-01 +1.4174e+00 +1.2541e-01
1138 0 +3.370588620e+00 +7.472058862e+01 +7.472058862e+01 +4.4149e-01 +1.3880e-02 -6.2823e-01 +2.5704e-01 +7.0669e-01 -5.3750e-01 -1.2681e+00 -2.4948e-01 +1.4184e+00 +1.2053e-01
1172 0 +3.277521620e+00 +7.462752162e+01 +7.462752162e+01 +4.4204e-01 +1.1304e-02 -6.2882e-01 +2.5668e-01 +7.0232e-01 -5.3470e-01 -1.2683e+00 -2.4639e-01 +1.4182e+00 +1.2434e-01
1212 0 +3.110476383e+00 +7.446047638e+01 +7.446047638e+01 +4.4266e-01 +1.2589e-02 -6.2830e-01 +2.5584e-01 +7.0623e-01 -5.3743e-01 -1.2705e+00 -2.4705e-01 +1.4155e+00 +1.2300e-01
1481 0 +3.085429131e+00 +7.443542913e+01 +7.443542913e+01 +4.4430e-01 +1.0646e-02 -6.2855e-01 +2.5517e-01 +7.0229e-01 -5.3675e-01 -1.2694e+00 -2.4812e-01 +1.4154e+00 +1.2239e-01
1662 0 +3.014505202e+00 +7.436450520e+01 +7.436450520e+01 +4.4347e-01 +1.0993e-02 -6.2794e-01 +2.5485e-01 +7.0250e-01 -5.3682e-01 -1.2697e+00 -2.4811e-01 +1.4144e+00 +1.2277e-01
2003 0 +2.948570027e+00 +7.429857003e+01 +7.429857003e+01 +4.4335e-01 +1.1154e-02 -6.2786e-01 +2.5492e-01 +7.0255e-01 -5.3702e-01 -1.2696e+00 -2.4808e-01 +1.4144e+00 +1.2324e-01
% f evaluations | g evaluations | best noise-free fitness - Fopt (-3.552200000000e+02) + sum g_i+ | measured fitness | best measured fitness or single-digit g-values | x1 | x2...
1 0 +6.391850572e+01 -2.913014943e+02 -2.913014943e+02 +0.0000e+00 +0.0000e+00 +0.0000e+00 +0.0000e+00 +0.0000e+00 +0.0000e+00 +0.0000e+00 +0.0000e+00 +0.0000e+00 +0.0000e+00
2 0 +3.826493524e+01 -3.169550648e+02 -3.169550648e+02 +4.3379e-01 +3.0692e-02 +9.8026e-02 +3.4094e-01 +2.4727e-01 +1.7369e-01 -1.1375e-01 -3.0566e-01 +1.1285e-01 -1.5359e-01
17 0 +3.560351249e+01 -3.196164875e+02 -3.196164875e+02 +5.8363e-01 +5.3314e-01 -8.0671e-02 +5.7037e-01 -2.7257e-01 +8.3819e-01 +3.1214e-01 -2.4146e-01 +3.2670e-01 -3.9267e-01
25 0 +3.469700177e+01 -3.205229982e+02 -3.205229982e+02 +2.4447e-01 -1.2304e-02 -5.9066e-02 +8.6405e-02 -1.6621e-02 +9.1148e-01 -5.8827e-01 +2.2450e-01 -8.2235e-02 +5.0034e-01
46 0 +3.451525526e+01 -3.207047447e+02 -3.207047447e+02 +6.4721e-01 -1.0887e-01 +2.8961e-01 +2.4422e-01 -4.0142e-01 +5.1480e-01 -1.6643e-01 +1.5219e-01 +3.8078e-01 +1.4758e-01
54 0 +3.158154119e+01 -3.236384588e+02 -3.236384588e+02 +4.8362e-01 -1.2263e-01 -1.1571e-01 +2.7564e-01 -7.3120e-01 +2.9306e-01 -3.4690e-01 +3.8058e-02 +1.6652e-01 +2.0771e-02
72 0 +3.005553910e+01 -3.251644609e+02 -3.251644609e+02 +1.7748e-01 +5.9457e-02 +9.5944e-02 +2.2900e-01 -3.1314e-01 +4.9190e-01 -3.8727e-01 -2.4837e-02 -1.1433e-01 +7.4017e-01
112 0 +2.583704604e+01 -3.293829540e+02 -3.293829540e+02 +1.9236e-01 +5.3192e-02 +3.8130e-01 +5.2017e-01 -3.5367e-02 +6.6364e-02 -1.6414e-01 -6.8705e-02 +2.9324e-01 +5.2044e-01
147 0 +2.202141976e+01 -3.331985802e+02 -3.331985802e+02 +4.0437e-01 +4.1738e-02 +3.7693e-01 +1.9506e-01 -2.6279e-01 +6.9365e-01 -3.2251e-01 -7.4612e-02 +1.2412e-01 +6.1675e-01
250 0 +1.931555185e+01 -3.359044481e+02 -3.359044481e+02 +2.4690e-01 +5.7308e-02 +4.3755e-01 +7.3875e-02 -2.3832e-01 +5.1874e-01 -2.3411e-01 -1.5429e-01 +1.0361e-01 +4.8349e-01
275 0 +1.889084997e+01 -3.363291500e+02 -3.363291500e+02 +2.7499e-01 +4.3510e-02 +4.3614e-01 +1.1274e-01 -3.6169e-01 +5.1967e-01 -9.1791e-02 -2.4874e-01 -4.9493e-02 +3.0185e-01
314 0 +1.818203520e+01 -3.370379648e+02 -3.370379648e+02 +9.3233e-02 +6.5883e-02 +3.5221e-01 +8.1006e-02 -2.7659e-01 +6.3243e-01 -7.0783e-02 -1.8258e-01 -3.3420e-02 +4.1998e-01
322 0 +1.659656161e+01 -3.386234384e+02 -3.386234384e+02 +1.0561e-01 +5.3537e-02 +3.1890e-01 +5.0505e-02 -2.7776e-01 +6.7745e-01 -6.3929e-02 -1.9808e-01 -5.2580e-03 +5.0226e-01
402 0 +1.627839258e+01 -3.389416074e+02 -3.389416074e+02 +1.3949e-01 +8.5667e-02 +2.5994e-01 +1.0776e-01 -2.9535e-01 +7.3460e-01 -1.0082e-01 -1.1098e-01 +2.5435e-02 +4.0199e-01
414 0 +1.614381718e+01 -3.390761828e+02 -3.390761828e+02 +1.2106e-01 +9.6812e-02 +3.0144e-01 +1.1453e-01 -2.4885e-01 +6.9868e-01 -1.7003e-02 -2.1186e-01 -8.9303e-03 +3.4457e-01
420 0 +1.580463396e+01 -3.394153660e+02 -3.394153660e+02 +1.7221e-01 +9.4251e-02 +2.5390e-01 +9.6399e-02 -2.8815e-01 +7.0005e-01 -4.9187e-02 -1.3892e-01 +3.8900e-02 +3.3419e-01
451 0 +1.402656125e+01 -3.411934388e+02 -3.411934388e+02 +1.5811e-01 +1.0849e-01 +2.9108e-01 +1.2146e-01 -2.7235e-01 +6.8591e-01 -8.2959e-02 -1.3155e-01 +6.5555e-02 +3.1935e-01
455 0 +1.358076887e+01 -3.416392311e+02 -3.416392311e+02 +1.6508e-01 +5.4192e-02 +3.0590e-01 +1.6187e-01 -3.1720e-01 +7.4470e-01 -7.0210e-02 -1.4177e-01 +7.2418e-02 +2.6975e-01
463 0 +1.319193225e+01 -3.420280678e+02 -3.420280678e+02 +1.6676e-01 +7.4970e-02 +3.1014e-01 +1.2402e-01 -3.0576e-01 +6.9184e-01 -5.0378e-02 -1.5196e-01 +4.3688e-02 +2.9728e-01
466 0 +1.196456631e+01 -3.432554337e+02 -3.432554337e+02 +2.8937e-01 +8.6911e-02 +3.1948e-01 +1.6994e-01 -3.5153e-01 +7.2208e-01 -6.2774e-02 -1.3989e-01 +6.2681e-02 +2.5922e-01
492 0 +1.142189973e+01 -3.437981003e+02 -3.437981003e+02 +2.1262e-01 +5.4707e-02 +3.4324e-01 +1.7662e-01 -3.2531e-01 +6.8397e-01 -5.3723e-02 -1.5886e-01 +2.4297e-02 +2.4468e-01
562 0 +1.089854983e+01 -3.443214502e+02 -3.443214502e+02 +2.0350e-01 +6.9325e-02 +3.3659e-01 +1.8066e-01 -3.1502e-01 +6.3948e-01 -7.7976e-02 -1.3456e-01 +2.6434e-02 +2.7876e-01
566 0 +1.035151524e+01 -3.448684848e+02 -3.448684848e+02 +2.2145e-01 +7.4283e-02 +3.4637e-01 +1.7926e-01 -3.0086e-01 +6.4215e-01 -7.1050e-02 -1.4281e-01 +3.7500e-02 +2.7028e-01
602 0 +1.002916848e+01 -3.451908315e+02 -3.451908315e+02 +1.9259e-01 +9.4955e-02 +3.6976e-01 +2.0206e-01 -3.1142e-01 +6.4399e-01 -7.5997e-02 -1.3754e-01 +2.4743e-02 +2.6459e-01
667 0 +9.171352828e+00 -3.460486472e+02 -3.460486472e+02 +2.2547e-01 +9.8368e-02 +3.5792e-01 +2.0161e-01 -3.2556e-01 +6.4032e-01 -9.4985e-02 -1.4243e-01 +3.3243e-03 +2.5816e-01
719 0 +8.890669913e+00 -3.463293301e+02 -3.463293301e+02 +2.4206e-01 +1.0342e-01 +3.7490e-01 +2.0373e-01 -3.0785e-01 +6.4124e-01 -9.0443e-02 -1.3270e-01 +1.9439e-02 +2.4889e-01
739 0 +8.567619450e+00 -3.466523806e+02 -3.466523806e+02 +2.3592e-01 +1.0165e-01 +3.8163e-01 +1.9862e-01 -3.0089e-01 +6.2363e-01 -8.8361e-02 -1.3245e-01 +9.1707e-03 +2.4989e-01
929 0 +8.233855295e+00 -3.469861447e+02 -3.469861447e+02 +2.2297e-01 +1.0576e-01 +3.8093e-01 +2.0430e-01 -3.0808e-01 +6.3143e-01 -1.0024e-01 -1.3166e-01 +1.2270e-02 +2.5154e-01
1003 0 +8.116372085e+00 -3.471036279e+02 -3.471036279e+02 +2.2171e-01 +1.0950e-01 +3.7671e-01 +2.0431e-01 -3.0767e-01 +6.3543e-01 -9.8897e-02 -1.3227e-01 +8.9845e-03 +2.4922e-01
1046 0 +7.851332224e+00 -3.473686678e+02 -3.473686678e+02 +2.2204e-01 +1.0840e-01 +3.7874e-01 +2.0606e-01 -3.0837e-01 +6.3505e-01 -9.8716e-02 -1.3366e-01 +1.0971e-02 +2.4901e-01
1057 0 +7.739101026e+00 -3.474808990e+02 -3.474808990e+02 +2.2178e-01 +1.0842e-01 +3.7865e-01 +2.0551e-01 -3.0912e-01 +6.3530e-01 -9.8302e-02 -1.3398e-01 +9.3948e-03 +2.4881e-01
1421 0 +7.584461780e+00 -3.476355382e+02 -3.476355382e+02 +2.2105e-01 +1.0878e-01 +3.7907e-01 +2.0459e-01 -3.1034e-01 +6.3473e-01 -9.7764e-02 -1.3408e-01 +8.2930e-03 +2.4967e-01
% f evaluations | g evaluations | best noise-free fitness - Fopt (9.917000000000e+01) + sum g_i+ | measured fitness | best measured fitness or single-digit g-values | x1 | x2...
1 0 +1.270454043e+02 +2.262154043e+02 +2.262154043e+02 +0.0000e+00 +0.0000e+00 +0.0000e+00 +0.0000e+00 +0.0000e+00 +0.0000e+00 +0.0000e+00 +0.0000e+00 +0.0000e+00 +0.0000e+00
2 0 +1.030382091e+02 +2.022082091e+02 +2.022082091e+02 +4.3379e-01 +3.0692e-02 +9.8026e-02 +3.4094e-01 +2.4727e-01 +1.7369e-01 -1.1375e-01 -3.0566e-01 +1.1285e-01 -1.5359e-01
4 0 +5.509971957e+01 +1.542697196e+02 +1.542697196e+02 +2.1661e-01 -2.7248e-01 -1.4933e-01 +1.8171e-01 -5.0930e-01 +2.3317e-01 -2.5183e-01 -1.2653e-01 +4.3300e-01 -1.9345e-02
20 0 +5.062643594e+01 +1.497964359e+02 +1.497964359e+02 +1.3886e-01 +4.2034e-02 -5.6656e-02 -3.1527e-01 +1.2144e-01 -4.1466e-02 +7.9926e-01 +4.1045e-02 +3.6040e-02 +6.2395e-02
54 0 +4.237028487e+01 +1.415402849e+02 +1.415402849e+02 +4.9268e-01 -6.2783e-02 -4.8619e-01 +1.1236e-01 -7.8377e-01 +2.1577e-01 -3.3555e-02 -3.9265e-02 +2.7262e-01 -5.0671e-02
62 0 +4.051470841e+01 +1.396847084e+02 +1.396847084e+02 +9.6480e-01 +1.6040e-01 -2.8204e-01 +4.0276e-01 -8.2823e-01 +2.6337e-01 +4.8610e-01 +3.2912e-01 -1.6498e-02 +3.6873e-01
66 0 +3.092618351e+01 +1.300961835e+02 +1.300961835e+02 +4.6363e-01 +3.3105e-01 -6.6729e-01 +1.7824e-01 -9.1447e-01 +2.7442e-01 +1.7398e-01 -2.6155e-01 +2.0195e-01 +4.7466e-01
155 0 +3.080267758e+01 +1.299726776e+02 +1.299726776e+02 +6.0046e-01 +5.3918e-01 -6.5579e-01 +2.4898e-01 -6.0182e-01 +4.7375e-02 +4.9340e-01 +1.5825e-01 +1.4162e-01 +4.7220e-01
177 0 +2.931230906e+01 +1.284823091e+02 +1.284823091e+02 +4.2060e-01 +5.2396e-01 -6.8937e-01 +2.4352e-01 -4.8545e-01 -1.8951e-02 +5.5103e-01 +1.5247e-01 +1.5994e-01 +3.4606e-01
185 0 +2.834551627e+01 +1.275155163e+02 +1.275155163e+02 +3.7287e-01 +4.3073e-01 -7.7752e-01 +2.6938e-01 -6.0296e-01 -2.1577e-02 +5.4891e-01 +1.5493e-01 +1.4459e-01 +7.1688e-01
187 0 +2.722524356e+01 +1.263952436e+02 +1.263952436e+02 +2.8046e-01 +4.9589e-01 -7.1126e-01 +2.3436e-01 -4.1335e-01 -9.5876e-02 +5.4339e-01 +2.6334e-01 +1.1521e-01 +5.5752e-01
188 0 +2.405801405e+01 +1.232280141e+02 +1.232280141e+02 +4.1237e-01 +5.6589e-01 -6.8538e-01 +2.7316e-01 -5.1511e-01 -4.6119e-02 +4.4890e-01 +1.1494e-01 +1.4985e-01 +4.2348e-01
199 0 +2.038759488e+01 +1.195575949e+02 +1.195575949e+02 +4.5346e-01 +5.9628e-01 -7.3567e-01 +3.1498e-01 -5.2801e-01 -2.9180e-02 +3.6889e-01 +9.8807e-02 +1.3379e-01 +5.3329e-01
251 0 +1.957767352e+01 +1.187476735e+02 +1.187476735e+02 +5.0710e-01 +6.2600e-01 -6.4922e-01 +3.2443e-01 -4.9103e-01 -1.0145e-01 +3.6307e-01 +1.2771e-01 +1.3417e-01 +4.5880e-01
279 0 +1.859141549e+01 +1.177614155e+02 +1.177614155e+02 +4.3349e-01 +5.3482e-01 -6.4004e-01 +3.8000e-01 -4.8027e-01 -1.6667e-01 +3.3681e-01 +2.7600e-01 +6.0254e-02 +3.3000e-01
299 0 +1.794522335e+01 +1.171152234e+02 +1.171152234e+02 +5.1330e-01 +6.0455e-01 -7.3481e-01 +2.9354e-01 -5.6597e-01 -1.7789e-01 +3.1562e-01 +1.3430e-01 +8.5006e-02 +5.2140e-01
309 0 +1.681095949e+01 +1.159809595e+02 +1.159809595e+02 +5.0799e-01 +6.2004e-01 -7.4425e-01 +3.2399e-01 -5.3880e-01 -1.6419e-01 +3.7270e-01 +1.6338e-01 +1.2052e-01 +5.2694e-01
463 0 +1.621471558e+01 +1.153847156e+02 +1.153847156e+02 +6.0108e-01 +6.6856e-01 -8.4625e-01 +3.9619e-01 -5.4527e-01 -7.0604e-02 +4.1260e-01 +1.8049e-01 +1.3743e-01 +4.5685e-01
483 0 +1.429507530e+01 +1.134650753e+02 +1.134650753e+02 +5.9453e-01 +6.7877e-01 -8.6214e-01 +4.1829e-01 -5.5053e-01 -6.0700e-02 +3.9579e-01 +1.8600e-01 +1.1998e-01 +4.3259e-01
485 0 +1.410682707e+01 +1.132768271e+02 +1.132768271e+02 +5.7072e-01 +6.8404e-01 -8.6301e-01 +4.0994e-01 -5.3654e-01 -6.2661e-02 +3.8816e-01 +1.9010e-01 +1.2760e-01 +4.4183e-01
507 0 +1.364740469e+01 +1.128174047e+02 +1.128174047e+02 +5.2826e-01 +6.5337e-01 -8.6032e-01 +4.1074e-01 -5.3473e-01 -6.2477e-02 +3.8149e-01 +2.0464e-01 +1.4170e-01 +4.1494e-01
518 0 +1.333835867e+01 +1.125083587e+02 +1.125083587e+02 +5.2823e-01 +6.4015e-01 -8.5685e-01 +3.9950e-01 -5.2021e-01 -7.6850e-02 +3.7770e-01 +2.2006e-01 +1.4683e-01 +4.2774e-01
529 0 +1.296867920e+01 +1.121386792e+02 +1.121386792e+02 +5.4200e-01 +6.4958e-01 -8.6599e-01 +4.0153e-01 -5.2264e-01 -7.4044e-02 +3.8169e-01 +2.2642e-01 +1.5460e-01 +4.1484e-01
651 0 +1.240214855e+01 +1.115721486e+02 +1.115721486e+02 +5.1612e-01 +6.4791e-01 -8.7366e-01 +4.1829e-01 -5.3395e-01 -7.7941e-02 +3.5640e-01 +2.3453e-01 +1.3955e-01 +4.0307e-01
683 0 +1.214524380e+01 +1.113152438e+02 +1.113152438e+02 +5.1670e-01 +6.3106e-01 -8.7964e-01 +4.1309e-01 -5.2660e-01 -8.1649e-02 +3.5765e-01 +2.3855e-01 +1.3861e-01 +4.0601e-01
793 0 +1.165403767e+01 +1.108240377e+02 +1.108240377e+02 +5.2306e-01 +6.3892e-01 -8.7685e-01 +4.0475e-01 -5.2998e-01 -8.8343e-02 +3.6636e-01 +2.5032e-01 +1.3435e-01 +3.9513e-01
851 0 +1.147950965e+01 +1.106495097e+02 +1.106495097e+02 +5.3196e-01 +6.5108e-01 -8.8995e-01 +4.0864e-01 -5.2948e-01 -8.3077e-02 +3.7574e-01 +2.4522e-01 +1.3706e-01 +3.9608e-01
1011 0 +1.084398055e+01 +1.100139805e+02 +1.100139805e+02 +5.2522e-01 +6.4823e-01 -8.9168e-01 +4.0686e-01 -5.2145e-01 -8.2517e-02 +3.5999e-01 +2.4515e-01 +1.4408e-01 +4.0020e-01
1520 0 +1.070668280e+01 +1.098766828e+02 +1.098766828e+02 +5.2734e-01 +6.4899e-01 -8.9149e-01 +4.0740e-01 -5.2443e-01 -8.5108e-02 +3.6346e-01 +2.4700e-01 +1.3969e-01 +3.9776e-01
% f evaluations | g evaluations | best noise-free fitness - Fopt (-5.179100000000e+02) + sum g_i+ | measured fitness | best measured fitness or single-digit g-values | x1 | x2...
1 0 +9.741515579e+01 -4.204948442e+02 -4.204948442e+02 +0.0000e+00 +0.0000e+00 +0.0000e+00 +0.0000e+00 +0.0000e+00 +0.0000e+00 +0.0000e+00 +0.0000e+00 +0.0000e+00 +0.0000e+00
5 0 +3.481335421e+01 -4.830966458e+02 -4.830966458e+02 -9.0564e-02 +8.4424e-02 -2.8183e-02 -1.8777e-01 +7.4957e-02 +6.4105e-01 +2.7589e-01 +1.3137e-01 +7.7185e-02 +2.3934e-01
24 0 +3.432353826e+01 -4.835864617e+02 -4.835864617e+02 -6.8790e-02 +3.3696e-01 -5.4840e-01 -7.1464e-02 -6.2928e-01 +8.2130e-01 +3.0451e-01 -2.8317e-01 +2.4712e-01 +3.9343e-01
52 0 +2.896017424e+01 -4.889498258e+02 -4.889498258e+02 +3.4782e-01 -6.0148e-03 -7.1681e-01 +4.6976e-02 -6.0747e-01 +3.4017e-01 +7.5552e-01 -1.4389e-02 -4.8086e-01 +7.2148e-01
82 0 +2.364162241e+01 -4.942683776e+02 -4.942683776e+02 +3.6986e-01 +3.9659e-01 -6.7663e-01 -7.5437e-01 -8.7144e-01 +2.9713e-01 +3.8519e-01 -5.2265e-01 +1.2055e-01 +4.0119e-01
129 0 +1.673889163e+01 -5.011711084e+02 -5.011711084e+02 +3.6340e-01 +4.2409e-01 -7.8635e-01 -2.8575e-01 -7.8490e-01 +4.9540e-01 +5.6809e-01 -1.3234e-01 -1.0214e-01 +8.5055e-01
166 0 +1.651166108e+01 -5.013983389e+02 -5.013983389e+02 +1.9624e-01 +3.2464e-01 -7.8992e-01 -3.8051e-01 -7.0605e-01 +5.8934e-01 +3.5996e-01 -9.4883e-02 +1.4755e-02 +8.0744e-01
177 0 +1.565708771e+01 -5.022529123e+02 -5.022529123e+02 +2.3461e-01 +2.9701e-01 -8.0320e-01 -3.9566e-01 -7.9228e-01 +5.7979e-01 +4.7011e-01 -2.2270e-01 -7.9357e-02 +8.8504e-01
189 0 +1.463187825e+01 -5.032781218e+02 -5.032781218e+02 +2.0055e-01 +4.9603e-01 -8.2322e-01 -3.3992e-01 -8.0881e-01 +5.8274e-01 +4.9033e-01 -2.7554e-01 +1.6740e-01 +8.6608e-01
221 0 +1.351815643e+01 -5.043918436e+02 -5.043918436e+02 +2.7924e-01 +4.4594e-01 -8.8010e-01 -3.5257e-01 -7.3875e-01 +5.3062e-01 +5.1152e-01 -2.1322e-01 -3.5293e-03 +9.4807e-01
275 0 +1.218753930e+01 -5.057224607e+02 -5.057224607e+02 +4.1546e-01 +3.2439e-01 -8.3859e-01 -4.3347e-01 -1.0036e+00 +4.5840e-01 +6.3574e-01 -3.2066e-01 -3.3737e-01 +8.7113e-01
294 0 +1.188011045e+01 -5.060298895e+02 -5.060298895e+02 +2.3766e-01 +3.1386e-01 -9.7488e-01 -4.6263e-01 -8.2369e-01 +4.8893e-01 +7.5157e-01 -2.8231e-01 -3.0438e-01 +1.2067e+00
296 0 +9.789787391e+00 -5.081202126e+02 -5.081202126e+02 +1.6844e-01 +2.6712e-01 -9.4505e-01 -4.4162e-01 -9.0544e-01 +5.4259e-01 +7.4177e-01 -2.5832e-01 -3.2755e-01 +1.0811e+00
313 0 +9.228243717e+00 -5.086817563e+02 -5.086817563e+02 +3.6424e-01 +3.1609e-01 -1.0397e+00 -4.8094e-01 -8.2463e-01 +4.3677e-01 +6.7058e-01 -2.3571e-01 -2.7084e-01 +1.1637e+00
364 0 +8.771336019e+00 -5.091386640e+02 -5.091386640e+02 +3.0751e-01 +3.8112e-01 -1.0195e+00 -3.6549e-01 -8.2797e-01 +4.8131e-01 +6.3999e-01 -2.3898e-01 -3.4042e-01 +1.0948e+00
410 0 +8.187223106e+00 -5.097227769e+02 -5.097227769e+02 +2.3747e-01 +4.0114e-01 -9.6307e-01 -3.5004e-01 -8.4366e-01 +4.6986e-01 +6.8768e-01 -2.3932e-01 -2.5746e-01 +1.0616e+00
415 0 +7.628861033e+00 -5.102811390e+02 -5.102811390e+02 +3.2587e-01 +3.9830e-01 -1.0058e+00 -3.8502e-01 -8.2400e-01 +5.1362e-01 +6.1946e-01 -2.2758e-01 -2.7380e-01 +1.0567e+00
419 0 +7.499299490e+00 -5.104107005e+02 -5.104107005e+02 +2.8068e-01 +3.9777e-01 -9.7315e-01 -3.5456e-01 -8.2442e-01 +5.1302e-01 +6.4097e-01 -2.4295e-01 -2.5736e-01 +1.0463e+00
450 0 +7.109433269e+00 -5.108005667e+02 -5.108005667e+02 +2.5441e-01 +3.6102e-01 -9.6579e-01 -3.8011e-01 -8.4548e-01 +5.0734e-01 +6.4440e-01 -2.2839e-01 -1.7422e-01 +9.6159e-01
458 0 +6.829406275e+00 -5.110805937e+02 -5.110805937e+02 +2.7205e-01 +3.9576e-01 -9.5552e-01 -3.5307e-01 -8.4801e-01 +5.2046e-01 +6.5149e-01 -2.6376e-01 -2.5646e-01 +1.0020e+00
527 0 +6.616555762e+00 -5.112934442e+02 -5.112934442e+02 +2.7930e-01 +3.8379e-01 -1.0026e+00 -3.3969e-01 -8.7296e-01 +5.0682e-01 +6.2985e-01 -2.4012e-01 -2.2671e-01 +9.7790e-01
566 0 +6.331300601e+00 -5.115786994e+02 -5.115786994e+02 +2.8512e-01 +3.8671e-01 -9.7016e-01 -3.6514e-01 -8.4983e-01 +4.6140e-01 +6.4593e-01 -2.3330e-01 -2.3604e-01 +9.7230e-01
601 0 +6.028080017e+00 -5.118819200e+02 -5.118819200e+02 +2.5369e-01 +4.0050e-01 -9.5243e-01 -3.7664e-01 -8.7708e-01 +4.8911e-01 +6.5539e-01 -2.4245e-01 -1.9958e-01 +9.6267e-01
620 0 +5.980205834e+00 -5.119297942e+02 -5.119297942e+02 +2.7041e-01 +3.9926e-01 -9.4188e-01 -3.6024e-01 -8.6683e-01 +5.2518e-01 +6.3539e-01 -2.4111e-01 -2.2059e-01 +9.4867e-01
628 0 +5.636495912e+00 -5.122735041e+02 -5.122735041e+02 +2.8285e-01 +4.0515e-01 -9.5050e-01 -3.5308e-01 -8.6748e-01 +4.9009e-01 +6.5211e-01 -2.3739e-01 -2.2030e-01 +9.5680e-01
642 0 +5.499333828e+00 -5.124106662e+02 -5.124106662e+02 +2.9336e-01 +4.1877e-01 -9.4255e-01 -3.5457e-01 -8.7950e-01 +4.9367e-01 +6.4549e-01 -2.4429e-01 -2.1736e-01 +9.6111e-01
706 0 +5.139303532e+00 -5.127706965e+02 -5.127706965e+02 +3.0940e-01 +4.1258e-01 -9.6550e-01 -3.3644e-01 -8.8484e-01 +4.7592e-01 +6.5101e-01 -2.4955e-01 -2.3464e-01 +9.6073e-01
718 0 +5.097192435e+00 -5.128128076e+02 -5.128128076e+02 +2.9835e-01 +4.1181e-01 -9.5365e-01 -3.4161e-01 -8.7026e-01 +5.0791e-01 +6.4057e-01 -2.5048e-01 -2.3230e-01 +9.7030e-01
888 0 +4.980135813e+00 -5.129298642e+02 -5.129298642e+02 +3.1736e-01 +4.1160e-01 -9.5537e-01 -3.4184e-01 -8.6636e-01 +4.9889e-01 +6.3632e-01 -2.5639e-01 -2.3893e-01 +9.6619e-01
925 0 +4.837881443e+00 -5.130721186e+02 -5.130721186e+02 +3.1936e-01 +4.1398e-01 -9.5540e-01 -3.3893e-01 -8.7005e-01 +5.0525e-01 +6.3436e-01 -2.5465e-01 -2.4426e-01 +9.6864e-01
954 0 +4.649801282e+00 -5.132601987e+02 -5.132601987e+02 +3.1618e-01 +4.1033e-01 -9.4985e-01 -3.4198e-01 -8.6434e-01 +5.0252e-01 +6.3674e-01 -2.5938e-01 -2.4243e-01 +9.7120e-01
999 0 +4.537840016e+00 -5.133721600e+02 -5.133721600e+02 +3.1129e-01 +4.1481e-01 -9.4651e-01 -3.4573e-01 -8.6310e-01 +4.9592e-01 +6.4032e-01 -2.6134e-01 -2.4136e-01 +9.7478e-01
1012 0 +4.430967009e+00 -5.134790330e+02 -5.134790330e+02 +3.0903e-01 +4.1447e-01 -9.4983e-01 -3.4393e-01 -8.6724e-01 +4.9815e-01 +6.4323e-01 -2.5801e-01 -2.3624e-01 +9.7074e-01
1071 0 +4.157793150e+00 -5.137522068e+02 -5.137522068e+02 +3.0366e-01 +4.2065e-01 -9.4673e-01 -3.3853e-01 -8.6452e-01 +4.9008e-01 +6.5070e-01 -2.6799e-01 -2.4110e-01 +9.7634e-01
1428 0 +4.034348662e+00 -5.138756513e+02 -5.138756513e+02 +3.0533e-01 +4.2264e-01 -9.4568e-01 -3.3560e-01 -8.6996e-01 +4.9028e-01 +6.5280e-01 -2.6749e-01 -2.3965e-01 +9.7348e-01
1510 0 +3.911626308e+00 -5.139983737e+02 -5.139983737e+02 +3.0278e-01 +4.2291e-01 -9.4416e-01 -3.3611e-01 -8.6877e-01 +4.8888e-01 +6.5465e-01 -2.6970e-01 -2.3937e-01 +9.7352e-01
1641 0 +3.864939221e+00 -5.140450608e+02 -5.140450608e+02 +3.0348e-01 +4.2501e-01 -9.4503e-01 -3.3457e-01 -8.6886e-01 +4.8671e-01 +6.5607e-01 -2.7038e-01 -2.3805e-01 +9.7350e-01
1832 0 +3.799411999e+00 -5.141105880e+02 -5.141105880e+02 +3.0287e-01 +4.2457e-01 -9.4470e-01 -3.3528e-01 -8.6798e-01 +4.8739e-01 +6.5585e-01 -2.7057e-01 -2.3781e-01 +9.7382e-01
% f evaluations | g evaluations | best noise-free fitness - Fopt (-5.721000000000e+01) + sum g_i+ | measured fitness | best measured fitness or single-digit g-values | x1 | x2...
1 0 +7.559257783e+01 +1.838257783e+01 +1.838257783e+01 +0.0000e+00 +0.0000e+00 +0.0000e+00 +0.0000e+00 +0.0000e+00 +0.0000e+00 +0.0000e+00 +0.0000e+00 +0.0000e+00 +0.0000e+00
3 0 +7.363915146e+01 +1.642915146e+01 +1.642915146e+01 +2.4817e-01 +6.3376e-02 -2.2359e-01 +8.0318e-02 +2.1275e-01 +5.3256e-02 -2.3477e-01 +7.8699e-02 +1.0710e-01 +2.4729e-01
4 0 +5.868963407e+01 +1.479634075e+00 +1.479634075e+00 +2.1661e-01 -2.7248e-01 -1.4933e-01 +1.8171e-01 -5.0930e-01 +2.3317e-01 -2.5183e-01 -1.2653e-01 +4.3300e-01 -1.9345e-02
6 0 +5.564176094e+01 -1.568239065e+00 -1.568239065e+00 +1.8723e-01 -2.5702e-01 +1.5212e-01 +1.5671e-02 +5.1476e-01 -6.3323e-02 +3.7553e-01 -3.4671e-01 +9.3874e-02 -2.1343e-01
10 0 +5.434273516e+01 -2.867264845e+00 -2.867264845e+00 +3.2216e-01 -3.3442e-01 +1.9285e-01 -3.1559e-01 -1.5896e-01 +1.8278e-01 -2.1053e-01 +1.4883e-01 -4.2076e-01 -2.0280e-01
13 0 +4.837821639e+01 -8.831783609e+00 -8.831783609e+00 +2.8317e-01 -1.8687e-01 +3.0546e-01 +5.8303e-02 -3.4973e-01 -2.3809e-01 -2.9236e-01 -5.1070e-01 -4.3072e-01 +4.8643e-01
14 0 +4.303878945e+01 -1.417121055e+01 -1.417121055e+01 +4.3990e-02 +1.5945e-01 -2.2882e-01 -1.3256e-01 -4.8345e-01 +4.2065e-01 -1.5650e-01 +4.5166e-01 -5.2560e-02 +2.8193e-01
20 0 +2.658883210e+01 -3.062116790e+01 -3.062116790e+01 +1.6025e-01 -2.8652e-02 -3.9423e-02 -3.7843e-01 +1.4447e-01 -1.4617e-01 +7.5824e-01 +8.0913e-02 +4.0876e-02 +1.6160e-01
28 0 +2.617161686e+01 -3.103838314e+01 -3.103838314e+01 +3.7445e-01 +1.1320e-01 -1.5337e-01 +9.6718e-02 +2.2004e-01 -3.5290e-01 +3.0976e-01 -1.6700e-01 -3.9148e-01 +1.5960e-01
34 0 +1.888879269e+01 -3.832120731e+01 -3.832120731e+01 +2.6585e-01 -1.2289e-01 -2.0909e-01 -3.3732e-02 -2.6221e-01 +1.2460e-02 +1.1469e-01 +1.6231e-01 -4.3899e-01 +3.3425e-01
38 0 +1.375644852e+01 -4.345355148e+01 -4.345355148e+01 +3.5755e-01 -1.2706e-01 -2.7578e-01 +1.3561e-01 -1.7952e-01 -3.6690e-03 -3.3207e-02 +4.2604e-01 -4.9255e-02 +4.3393e-01
72 0 +1.086846289e+01 -4.634153711e+01 -4.634153711e+01 +2.7648e-01 +3.9902e-02 -3.3556e-02 -1.8702e-01 -2.8405e-01 -2.4356e-01 -1.4243e-01 +1.8417e-01 -3.2593e-01 +1.0879e+00
122 0 +8.879005782e+00 -4.833099422e+01 -4.833099422e+01 +4.0632e-01 +5.5898e-02 -1.2715e-01 -3.1267e-01 -5.9850e-01 -1.9190e-01 +1.2365e-01 +4.3935e-01 +6.6064e-02 +9.2741e-01
144 0 +7.642708900e+00 -4.956729110e+01 -4.956729110e+01 +3.9660e-01 +8.5342e-02 -1.3977e-01 -2.8713e-01 -7.4436e-01 -2.2912e-01 +1.4039e-01 +4.4240e-01 -7.6454e-02 +9.4839e-01
146 0 +7.465347200e+00 -4.974465280e+01 -4.974465280e+01 +2.7520e-01 +3.9838e-02 +6.5547e-02 -2.7562e-01 -7.5887e-01 -3.4836e-01 +1.7507e-01 +5.2767e-01 +7.5867e-02 +8.4583e-01
166 0 +7.169053700e+00 -5.004094630e+01 -5.004094630e+01 +3.6519e-01 +3.2938e-02 -5.3008e-02 -3.6367e-01 -5.8958e-01 -2.3538e-01 +7.3321e-02 +3.2033e-01 -1.7522e-01 +8.5698e-01
221 0 +6.531182953e+00 -5.067881705e+01 -5.067881705e+01 +3.5634e-01 +2.0668e-02 -1.8221e-01 -3.2948e-01 -5.5701e-01 -2.5940e-01 +6.7724e-02 +2.7856e-01 -1.8355e-01 +9.7906e-01
250 0 +6.140046835e+00 -5.106995316e+01 -5.106995316e+01 +3.8436e-01 +1.7081e-02 -1.0466e-01 -3.7189e-01 -4.7762e-01 -2.5655e-01 +1.7278e-02 +3.1361e-01 -5.6810e-02 +9.8773e-01
259 0 +5.688217341e+00 -5.152178266e+01 -5.152178266e+01 +3.3352e-01 -1.3963e-02 -1.7394e-01 -3.3508e-01 -4.5296e-01 -2.8889e-01 +1.0211e-01 +3.0152e-01 -1.0968e-01 +8.4956e-01
268 0 +5.460958581e+00 -5.174904142e+01 -5.174904142e+01 +3.3228e-01 +5.9387e-02 -1.9324e-01 -3.0188e-01 -4.3821e-01 -3.1563e-01 +1.0760e-01 +3.4433e-01 -1.6348e-01 +9.2913e-01
285 0 +4.865492903e+00 -5.234450710e+01 -5.234450710e+01 +2.9700e-01 +2.5930e-02 -2.3186e-01 -3.6764e-01 -5.0335e-01 -2.3458e-01 +1.3580e-01 +3.0615e-01 -1.8656e-01 +9.9406e-01
411 0 +4.606399968e+00 -5.260360003e+01 -5.260360003e+01 +3.4269e-01 +6.5524e-02 -2.6016e-01 -3.3724e-01 -5.0736e-01 -2.2885e-01 +1.6413e-01 +2.7580e-01 -1.8015e-01 +9.6288e-01
419 0 +4.305611315e+00 -5.290438868e+01 -5.290438868e+01 +3.1778e-01 +6.5953e-02 -2.6701e-01 -3.3099e-01 -5.1637e-01 -2.1770e-01 +1.8745e-01 +2.8873e-01 -1.9334e-01 +9.6956e-01
452 0 +3.831544934e+00 -5.337845507e+01 -5.337845507e+01 +3.0227e-01 +4.9972e-02 -2.6019e-01 -3.4307e-01 -5.1899e-01 -2.2652e-01 +1.6646e-01 +3.2010e-01 -1.6862e-01 +9.5279e-01
485 0 +3.569768635e+00 -5.364023137e+01 -5.364023137e+01 +2.9566e-01 +4.4401e-02 -2.6122e-01 -3.3558e-01 -5.2895e-01 -2.2439e-01 +1.8118e-01 +3.2679e-01 -1.5877e-01 +9.4968e-01
622 0 +3.376951847e+00 -5.383304815e+01 -5.383304815e+01 +2.7465e-01 +3.9172e-02 -2.8163e-01 -3.5468e-01 -5.4264e-01 -2.4039e-01 +1.5782e-01 +3.9683e-01 -1.4159e-01 +9.6688e-01
669 0 +3.158275980e+00 -5.405172402e+01 -5.405172402e+01 +2.6813e-01 +2.9632e-02 -2.7553e-01 -3.6485e-01 -5.4592e-01 -2.4533e-01 +1.4301e-01 +4.1427e-01 -1.4406e-01 +9.7665e-01
731 0 +2.990717011e+00 -5.421928299e+01 -5.421928299e+01 +2.6990e-01 +2.7495e-02 -2.8086e-01 -3.6781e-01 -5.6771e-01 -2.3014e-01 +1.4324e-01 +4.2153e-01 -1.3920e-01 +9.7730e-01
760 0 +2.895364179e+00 -5.431463582e+01 -5.431463582e+01 +2.6311e-01 +2.7209e-02 -2.8596e-01 -3.7293e-01 -5.5690e-01 -2.3204e-01 +1.3444e-01 +4.2891e-01 -1.4042e-01 +9.8754e-01
771 0 +2.789950189e+00 -5.442004981e+01 -5.442004981e+01 +2.6291e-01 +2.0909e-02 -2.8592e-01 -3.8097e-01 -5.5729e-01 -2.3766e-01 +1.3419e-01 +4.2990e-01 -1.3673e-01 +9.8998e-01
780 0 +2.692023175e+00 -5.451797682e+01 -5.451797682e+01 +2.6812e-01 +2.9154e-02 -2.9440e-01 -3.8009e-01 -5.5802e-01 -2.3347e-01 +1.2000e-01 +4.3652e-01 -1.4273e-01 +1.0050e+00
808 0 +2.572982517e+00 -5.463701748e+01 -5.463701748e+01 +2.5816e-01 +1.9511e-02 -2.8874e-01 -3.7802e-01 -5.6243e-01 -2.3110e-01 +1.1504e-01 +4.5051e-01 -1.3678e-01 +9.9928e-01
848 0 +2.508679169e+00 -5.470132083e+01 -5.470132083e+01 +2.6082e-01 +2.3167e-02 -2.9695e-01 -3.8023e-01 -5.5882e-01 -2.3627e-01 +1.1558e-01 +4.5173e-01 -1.3358e-01 +9.9159e-01
870 0 +2.425017086e+00 -5.478498291e+01 -5.478498291e+01 +2.5748e-01 +1.2234e-02 -3.0107e-01 -3.8821e-01 -5.6125e-01 -2.3679e-01 +1.1043e-01 +4.5929e-01 -1.2782e-01 +9.9507e-01
894 0 +2.293175885e+00 -5.491682412e+01 -5.491682412e+01 +2.5330e-01 +1.3693e-02 -3.1212e-01 -3.8870e-01 -5.5212e-01 -2.4057e-01 +9.7758e-02 +4.7370e-01 -1.2664e-01 +9.9851e-01
942 0 +2.250205567e+00 -5.495979443e+01 -5.495979443e+01 +2.5044e-01 +1.3121e-02 -3.1154e-01 -3.8353e-01 -5.5745e-01 -2.3855e-01 +1.0519e-01 +4.7366e-01 -1.3032e-01 +9.9931e-01
982 0 +2.159678255e+00 -5.505032174e+01 -5.505032174e+01 +2.5453e-01 +1.5984e-02 -3.1102e-01 -3.8246e-01 -5.5367e-01 -2.4298e-01 +1.0459e-01 +4.6472e-01 -1.2828e-01 +9.9675e-01
1016 0 +2.116095271e+00 -5.509390473e+01 -5.509390473e+01 +2.5470e-01 +1.2085e-02 -3.1760e-01 -3.8836e-01 -5.5395e-01 -2.4523e-01 +1.0361e-01 +4.6594e-01 -1.2552e-01 +1.0041e+00
1023 0 +2.049633187e+00 -5.516036681e+01 -5.516036681e+01 +2.5411e-01 +1.4870e-02 -3.1715e-01 -3.8900e-01 -5.4787e-01 -2.4627e-01 +9.4188e-02 +4.6656e-01 -1.3062e-01 +1.0044e+00
1032 0 +2.015548165e+00 -5.519445184e+01 -5.519445184e+01 +2.4853e-01 +1.1096e-02 -3.2039e-01 -3.9211e-01 -5.4940e-01 -2.4626e-01 +9.8048e-02 +4.6681e-01 -1.2873e-01 +1.0042e+00
1211 0 +1.986023803e+00 -5.522397620e+01 -5.522397620e+01 +2.5478e-01 +1.2828e-02 -3.2367e-01 -3.8671e-01 -5.5107e-01 -2.4567e-01 +9.8409e-02 +4.6530e-01 -1.3030e-01 +1.0048e+00
1235 0 +1.941769740e+00 -5.526823026e+01 -5.526823026e+01 +2.5438e-01 +1.3080e-02 -3.2293e-01 -3.8622e-01 -5.5004e-01 -2.4530e-01 +9.7884e-02 +4.6669e-01 -1.3106e-01 +1.0039e+00
1259 0 +1.874913201e+00 -5.533508680e+01 -5.533508680e+01 +2.5489e-01 +1.4258e-02 -3.2242e-01 -3.8550e-01 -5.4976e-01 -2.4433e-01 +9.9644e-02 +4.6642e-01 -1.3167e-01 +1.0033e+00
1277 0 +1.827740365e+00 -5.538225964e+01 -5.538225964e+01 +2.5373e-01 +1.2976e-02 -3.2450e-01 -3.8649e-01 -5.4972e-01 -2.4438e-01 +9.8527e-02 +4.6693e-01 -1.3181e-01 +1.0036e+00
1350 0 +1.808330472e+00 -5.540166953e+01 -5.540166953e+01 +2.5287e-01 +1.3451e-02 -3.2720e-01 -3.8681e-01 -5.4865e-01 -2.4469e-01 +9.9170e-02 +4.6754e-01 -1.3171e-01 +1.0030e+00
1390 0 +1.754789826e+00 -5.545521017e+01 -5.545521017e+01 +2.5312e-01 +1.3149e-02 -3.2559e-01 -3.8609e-01 -5.4900e-01 -2.4295e-01 +1.0011e-01 +4.6789e-01 -1.3096e-01 +1.0028e+00
1497 0 +1.722168616e+00 -5.548783138e+01 -5.548783138e+01 +2.5208e-01 +1.2516e-02 -3.2778e-01 -3.8706e-01 -5.4602e-01 -2.4423e-01 +9.9439e-02 +4.6742e-01 -1.3207e-01 +1.0024e+00
1523 0 +1.684298498e+00 -5.552570150e+01 -5.552570150e+01 +2.5171e-01 +1.2789e-02 -3.2845e-01 -3.8649e-01 -5.4575e-01 -2.4406e-01 +9.8884e-02 +4.6797e-01 -1.3183e-01 +1.0023e+00
1703 0 +1.658156326e+00 -5.555184367e+01 -5.555184367e+01 +2.5135e-01 +1.2711e-02 -3.2908e-01 -3.8697e-01 -5.4469e-01 -2.4455e-01 +9.8905e-02 +4.6815e-01 -1.3109e-01 +1.0022e+00
1937 0 +1.616802141e+00 -5.559319786e+01 -5.559319786e+01 +2.5145e-01 +1.2777e-02 -3.2866e-01 -3.8681e-01 -5.4556e-01 -2.4424e-01 +9.9270e-02 +4.6800e-01 -1.3111e-01 +1.0025e+00
% f evaluations | g evaluations | best noise-free fitness - Fopt (6.626000000000e+01) + sum g_i+ | measured fitness | best measured fitness or single-digit g-values | x1 | x2...
1 0 +9.767349860e+01 +1.639334986e+02 +1.639334986e+02 +0.0000e+00 +0.0000e+00 +0.0000e+00 +0.0000e+00 +0.0000e+00 +0.0000e+00 +0.0000e+00 +0.0000e+00 +0.0000e+00 +0.0000e+00
2 0 +9.711625705e+01 +1.633762571e+02 +1.633762571e+02 +4.3379e-01 +3.0692e-02 +9.8026e-02 +3.4094e-01 +2.4727e-01 +1.7369e-01 -1.1375e-01 -3.0566e-01 +1.1285e-01 -1.5359e-01
3 0 +7.497608912e+01 +1.412360891e+02 +1.412360891e+02 +2.4817e-01 +6.3376e-02 -2.2359e-01 +8.0318e-02 +2.1275e-01 +5.3256e-02 -2.3477e-01 +7.8699e-02 +1.0710e-01 +2.4729e-01
6 0 +7.051353918e+01 +1.367735392e+02 +1.367735392e+02 +1.8723e-01 -2.5702e-01 +1.5212e-01 +1.5671e-02 +5.1476e-01 -6.3323e-02 +3.7553e-01 -3.4671e-01 +9.3874e-02 -2.1343e-01
10 0 +5.760536377e+01 +1.238653638e+02 +1.238653638e+02 +3.2216e-01 -3.3442e-01 +1.9285e-01 -3.1559e-01 -1.5896e-01 +1.8278e-01 -2.1053e-01 +1.4883e-01 -4.2076e-01 -2.0280e-01
15 0 +4.282371378e+01 +1.090837138e+02 +1.090837138e+02 +6.0576e-01 -4.6911e-01 +1.5924e-01 -2.8314e-01 -1.1935e-01 +2.3685e-01 +2.2612e-01 +2.9454e-01 -9.9433e-02 +2.3844e-01
60 0 +3.803966039e+01 +1.042996604e+02 +1.042996604e+02 +6.4706e-01 -1.6475e-01 +1.6250e-01 -3.3811e-01 +1.0675e-01 +4.9094e-02 +2.0688e-01 +1.8851e-01 -3.7449e-01 +3.5808e-02
144 0 +3.683595864e+01 +1.030959586e+02 +1.030959586e+02 +6.6981e-01 -1.5979e-01 +9.1562e-02 -2.1384e-01 -1.1892e-01 +1.1215e-01 -8.5156e-02 +1.6395e-01 -1.8212e-01 +1.2537e-01
171 0 +3.622855512e+01 +1.024885551e+02 +1.024885551e+02 +6.7729e-01 -1.1074e-01 +5.5891e-02 -2.7965e-01 -2.2137e-02 +1.1247e-01 +6.2166e-02 +4.4500e-01 -1.3216e-01 +9.8655e-02
188 0 +3.523964998e+01 +1.014996500e+02 +1.014996500e+02 +5.3199e-01 -1.1428e-01 +4.5460e-02 -1.8612e-01 -3.5701e-02 +1.0037e-01 -4.6271e-02 +2.1573e-01 -2.9630e-01 +1.2905e-01
227 0 +3.061594621e+01 +9.687594621e+01 +9.687594621e+01 +5.3817e-01 -8.5364e-02 +6.1737e-02 -1.8063e-01 -1.1576e-02 +3.7035e-02 -1.7717e-02 +1.9570e-01 -3.0333e-01 +6.6843e-02
291 0 +2.973063303e+01 +9.599063303e+01 +9.599063303e+01 +5.1474e-01 -1.0543e-01 -5.0197e-02 -2.3442e-01 -3.1076e-03 +1.1604e-01 +3.3273e-02 +1.9295e-01 -2.9874e-01 -2.8078e-02
301 0 +2.845345130e+01 +9.471345130e+01 +9.471345130e+01 +5.3005e-01 -6.2938e-02 -9.0569e-02 -1.7743e-01 -5.7344e-02 +1.2848e-01 -4.8974e-03 +1.7762e-01 -2.8174e-01 +7.7543e-02
310 0 +2.581585490e+01 +9.207585490e+01 +9.207585490e+01 +5.3994e-01 -8.2796e-02 -7.2236e-02 -2.3172e-01 -9.5144e-02 +1.5859e-01 +9.6217e-04 +1.5628e-01 -3.4017e-01 +1.0421e-01
329 0 +2.564086673e+01 +9.190086673e+01 +9.190086673e+01 +5.9024e-01 -9.3731e-02 -7.0170e-02 -1.8341e-01 -6.8043e-02 +1.4401e-01 +4.8019e-03 +2.0487e-01 -3.2415e-01 +4.9788e-02
342 0 +2.370392422e+01 +8.996392422e+01 +8.996392422e+01 +5.8560e-01 -5.9617e-02 -7.0268e-02 -2.1048e-01 -6.1762e-02 +1.5070e-01 +4.0837e-02 +1.9529e-01 -3.0815e-01 +7.1644e-02
375 0 +2.327898606e+01 +8.953898606e+01 +8.953898606e+01 +5.9006e-01 -3.6356e-02 -9.0504e-02 -1.9629e-01 -6.8672e-02 +1.6131e-01 +2.2751e-02 +2.0021e-01 -3.2419e-01 +3.8897e-02
403 0 +2.242584929e+01 +8.868584929e+01 +8.868584929e+01 +5.9063e-01 -6.2595e-02 -7.0618e-02 -2.0274e-01 -1.0547e-01 +1.8755e-01 +3.2308e-02 +2.1253e-01 -3.5080e-01 +3.7970e-02
595 0 +2.225205677e+01 +8.851205677e+01 +8.851205677e+01 +5.9675e-01 -5.5963e-02 -7.8440e-02 -2.0262e-01 -8.8450e-02 +1.5724e-01 +2.1257e-02 +2.1811e-01 -3.3099e-01 -6.9220e-03
597 0 +2.142582451e+01 +8.768582451e+01 +8.768582451e+01 +5.9000e-01 -5.9475e-02 -6.1296e-02 -2.0942e-01 -9.4111e-02 +1.5797e-01 +1.1111e-02 +2.0839e-01 -3.3168e-01 -1.3794e-02
694 0 +2.114685893e+01 +8.740685893e+01 +8.740685893e+01 +6.1945e-01 -6.2063e-02 -6.7895e-02 -1.9872e-01 -1.0250e-01 +1.7715e-01 +2.5631e-02 +2.3298e-01 -3.4601e-01 +7.3688e-03
815 0 +2.080631909e+01 +8.706631909e+01 +8.706631909e+01 +6.1848e-01 -5.6135e-02 -6.2730e-02 -2.0333e-01 -1.0343e-01 +1.7592e-01 +2.7009e-02 +2.3461e-01 -3.5194e-01 +2.8354e-03
870 0 +2.036529371e+01 +8.662529371e+01 +8.662529371e+01 +6.2135e-01 -5.8535e-02 -6.3490e-02 -2.0525e-01 -1.0377e-01 +1.7486e-01 +2.5939e-02 +2.3190e-01 -3.4521e-01 +2.8723e-03
958 0 +1.988318720e+01 +8.614318720e+01 +8.614318720e+01 +6.2495e-01 -6.0650e-02 -5.9717e-02 -2.0421e-01 -1.0692e-01 +1.7798e-01 +2.4089e-02 +2.3255e-01 -3.4556e-01 +3.2623e-03
1035 0 +1.948706230e+01 +8.574706230e+01 +8.574706230e+01 +6.2596e-01 -6.2629e-02 -5.8014e-02 -2.0400e-01 -1.0955e-01 +1.8037e-01 +2.3392e-02 +2.3203e-01 -3.4693e-01 +3.3621e-03
1278 0 +1.905049692e+01 +8.531049692e+01 +8.531049692e+01 +6.2560e-01 -6.4716e-02 -5.5794e-02 -2.0333e-01 -1.1031e-01 +1.8079e-01 +2.3438e-02 +2.3278e-01 -3.4799e-01 +5.5496e-03
% f evaluations | g evaluations | best noise-free fitness - Fopt (-1.386200000000e+02) + sum g_i+ | measured fitness | best measured fitness or single-digit g-values | x1 | x2...
1 0 +6.490805487e+01 -7.371194513e+01 -7.371194513e+01 +0.0000e+00 +0.0000e+00 +0.0000e+00 +0.0000e+00 +0.0000e+00 +0.0000e+00 +0.0000e+00 +0.0000e+00 +0.0000e+00 +0.0000e+00
2 0 +5.195657980e+01 -8.666342020e+01 -8.666342020e+01 +4.3379e-01 +3.0692e-02 +9.8026e-02 +3.4094e-01 +2.4727e-01 +1.7369e-01 -1.1375e-01 -3.0566e-01 +1.1285e-01 -1.5359e-01
4 0 +4.377608881e+01 -9.484391119e+01 -9.484391119e+01 +2.1661e-01 -2.7248e-01 -1.4933e-01 +1.8171e-01 -5.0930e-01 +2.3317e-01 -2.5183e-01 -1.2653e-01 +4.3300e-01 -1.9345e-02
12 0 +4.357854006e+01 -9.504145994e+01 -9.504145994e+01 +1.5917e-01 +9.9992e-02 -1.8068e-01 +2.0507e-01 -3.5881e-02 +2.4846e-01 -1.2043e-01 -2.2945e-01 +1.9221e-01 -8.4091e-02
23 0 +3.778539480e+01 -1.008346052e+02 -1.008346052e+02 +2.4470e-01 +1.6146e-01 -1.6233e-01 +1.7204e-01 -2.2106e-01 +3.7886e-01 -2.0795e-01 -5.7226e-01 +2.4589e-01 +6.3322e-02
40 0 +3.020071899e+01 -1.084192810e+02 -1.084192810e+02 -1.9685e-01 -4.9945e-01 -9.8316e-02 +8.1701e-02 -4.1415e-01 +3.3815e-01 -4.6701e-01 -3.2322e-01 +4.0209e-01 -2.3580e-01
62 0 +2.922242494e+01 -1.093975751e+02 -1.093975751e+02 +6.6748e-01 +7.6646e-02 -1.4237e-01 +7.8528e-01 -7.3335e-01 +3.3889e-01 -2.3913e-01 -2.5067e-01 +8.9292e-02 +1.9507e-01
71 0 +2.520738792e+01 -1.134126121e+02 -1.134126121e+02 +2.6193e-01 -1.9513e-01 -4.2891e-01 +6.7609e-01 -6.6380e-01 +4.9458e-01 -8.7175e-01 -8.5668e-01 +3.5186e-01 +4.2091e-01
78 0 +2.331816497e+01 -1.153018350e+02 -1.153018350e+02 +4.7416e-01 -5.4191e-02 -3.9144e-01 +7.2187e-01 -6.8853e-01 +3.4769e-01 -4.3197e-01 -7.0705e-01 +3.4956e-01 +2.9901e-01
82 0 +2.036915079e+01 -1.182508492e+02 -1.182508492e+02 +3.9599e-01 -4.4786e-02 -4.2015e-01 -1.2385e-01 -9.3873e-01 +1.6060e-01 -7.3399e-01 -1.1546e+00 +4.9353e-01 +9.0159e-02
108 0 +1.909501867e+01 -1.195249813e+02 -1.195249813e+02 +3.7375e-01 +4.2643e-01 -6.0179e-01 +7.1062e-01 -8.0115e-01 +9.2791e-02 -4.1210e-01 -7.9567e-01 +6.7389e-01 +3.8078e-01
118 0 +1.789864676e+01 -1.207213532e+02 -1.207213532e+02 +2.0111e-01 +2.0671e-01 -2.8242e-01 +5.4749e-01 -6.9288e-01 +3.7798e-02 -4.6288e-01 -1.1549e+00 +5.9718e-01 +4.6935e-01
133 0 +1.630698877e+01 -1.223130112e+02 -1.223130112e+02 +1.6404e-01 +1.2785e-02 -3.6997e-01 +6.3548e-01 -8.5218e-01 -1.4772e-01 -4.0356e-01 -9.7266e-01 +5.5777e-01 +3.8657e-01
137 0 +1.608450993e+01 -1.225354901e+02 -1.225354901e+02 +1.3837e-01 -2.3041e-01 -1.1254e-01 +1.0623e+00 -8.6649e-01 -3.1403e-01 -4.3119e-01 -1.2703e+00 +7.1506e-01 +7.1066e-01
144 0 +1.326806588e+01 -1.253519341e+02 -1.253519341e+02 +1.6428e-01 -1.9417e-02 -4.6258e-01 +6.8439e-01 -9.8154e-01 -7.9678e-02 -3.5972e-01 -1.0783e+00 +5.4934e-01 +4.5317e-01
198 0 +1.186668405e+01 -1.267533159e+02 -1.267533159e+02 +1.3309e-01 -1.5253e-01 -3.4952e-01 +6.7145e-01 -7.6461e-01 -3.1039e-01 -4.4997e-01 -1.1438e+00 +3.9458e-01 +5.7615e-01
260 0 +9.220019723e+00 -1.293999803e+02 -1.293999803e+02 +1.6014e-01 -1.5944e-01 -2.9348e-01 +7.4682e-01 -6.6220e-01 -2.6115e-01 -4.0326e-01 -1.1192e+00 +4.5485e-01 +6.1978e-01
347 0 +8.285509068e+00 -1.303344909e+02 -1.303344909e+02 +1.1126e-01 -1.6565e-01 -4.4954e-01 +6.9974e-01 -7.0654e-01 -2.6249e-01 -1.7720e-01 -1.0615e+00 +3.0443e-01 +3.7896e-01
508 0 +7.770310787e+00 -1.308496892e+02 -1.308496892e+02 +1.5256e-01 -1.6454e-01 -5.8518e-01 +7.0888e-01 -7.3248e-01 -2.7242e-01 -9.3676e-02 -1.0637e+00 +3.0861e-01 +4.3752e-01
516 0 +7.350537458e+00 -1.312694625e+02 -1.312694625e+02 +1.0793e-01 -1.6879e-01 -5.4608e-01 +7.1340e-01 -7.3717e-01 -2.7923e-01 -1.2825e-01 -1.0898e+00 +2.9070e-01 +4.8306e-01
534 0 +7.213683692e+00 -1.314063163e+02 -1.314063163e+02 +1.4967e-01 -1.4819e-01 -5.6123e-01 +6.9213e-01 -7.4459e-01 -2.9878e-01 -9.9196e-02 -1.0646e+00 +2.8177e-01 +4.4903e-01
557 0 +7.000111170e+00 -1.316198888e+02 -1.316198888e+02 +1.6632e-01 -1.7035e-01 -5.6321e-01 +7.2340e-01 -7.3839e-01 -3.3953e-01 -1.2287e-01 -1.0473e+00 +2.8806e-01 +4.5544e-01
560 0 +6.368588727e+00 -1.322514113e+02 -1.322514113e+02 +1.5044e-01 -1.8091e-01 -5.7122e-01 +7.1797e-01 -7.7074e-01 -3.4710e-01 -1.1931e-01 -1.0732e+00 +2.8514e-01 +4.5702e-01
600 0 +6.255795453e+00 -1.323642045e+02 -1.323642045e+02 +1.3986e-01 -1.4101e-01 -6.0004e-01 +6.7872e-01 -8.1558e-01 -3.0291e-01 -9.4535e-02 -1.0639e+00 +2.7548e-01 +4.4247e-01
731 0 +5.989980883e+00 -1.326300191e+02 -1.326300191e+02 +1.4398e-01 -1.2636e-01 -5.9688e-01 +7.0325e-01 -7.9459e-01 -3.0823e-01 -9.4417e-02 -1.1096e+00 +2.7470e-01 +4.6837e-01
733 0 +5.742646952e+00 -1.328773530e+02 -1.328773530e+02 +1.3235e-01 -1.3329e-01 -5.6542e-01 +6.9444e-01 -7.7493e-01 -2.9968e-01 -1.0863e-01 -1.0852e+00 +2.7969e-01 +4.6781e-01
927 0 +5.545793566e+00 -1.330742064e+02 -1.330742064e+02 +1.3692e-01 -1.4454e-01 -5.7028e-01 +6.9385e-01 -7.6617e-01 -3.0183e-01 -1.1622e-01 -1.0762e+00 +2.7734e-01 +4.6952e-01
977 0 +5.404036092e+00 -1.332159639e+02 -1.332159639e+02 +1.3904e-01 -1.4386e-01 -5.7235e-01 +6.9728e-01 -7.7082e-01 -3.0948e-01 -1.0987e-01 -1.0829e+00 +2.7609e-01 +4.7105e-01
986 0 +5.322204872e+00 -1.332977951e+02 -1.332977951e+02 +1.3532e-01 -1.4661e-01 -5.6770e-01 +6.9269e-01 -7.7084e-01 -3.0945e-01 -1.1288e-01 -1.0813e+00 +2.7553e-01 +4.7079e-01
1120 0 +5.145559420e+00 -1.334744406e+02 -1.334744406e+02 +1.4026e-01 -1.4820e-01 -5.7025e-01 +6.9915e-01 -7.7065e-01 -3.1506e-01 -1.1001e-01 -1.0786e+00 +2.7498e-01 +4.6946e-01
1123 0 +5.108656085e+00 -1.335113439e+02 -1.335113439e+02 +1.3956e-01 -1.4755e-01 -5.7119e-01 +6.9781e-01 -7.7244e-01 -3.1281e-01 -1.1053e-01 -1.0785e+00 +2.7385e-01 +4.6835e-01
1263 0 +4.912392676e+00 -1.337076073e+02 -1.337076073e+02 +1.4134e-01 -1.5301e-01 -5.7136e-01 +6.9794e-01 -7.7260e-01 -3.1410e-01 -1.1306e-01 -1.0778e+00 +2.7108e-01 +4.7063e-01
1313 0 +4.829141257e+00 -1.337908587e+02 -1.337908587e+02 +1.4106e-01 -1.5354e-01 -5.7265e-01 +6.9679e-01 -7.7419e-01 -3.1376e-01 -1.1292e-01 -1.0787e+00 +2.6977e-01 +4.7117e-01
1343 0 +4.705609265e+00 -1.339143907e+02 -1.339143907e+02 +1.4104e-01 -1.5432e-01 -5.7225e-01 +6.9767e-01 -7.7364e-01 -3.1445e-01 -1.1266e-01 -1.0776e+00 +2.6990e-01 +4.7080e-01
1488 0 +4.663496882e+00 -1.339565031e+02 -1.339565031e+02 +1.4214e-01 -1.5547e-01 -5.7263e-01 +6.9780e-01 -7.7255e-01 -3.1465e-01 -1.1331e-01 -1.0764e+00 +2.6907e-01 +4.7030e-01
1916 0 +4.570079087e+00 -1.340499209e+02 -1.340499209e+02 +1.4204e-01 -1.5535e-01 -5.7263e-01 +6.9789e-01 -7.7309e-01 -3.1500e-01 -1.1311e-01 -1.0765e+00 +2.6910e-01 +4.7043e-01
% f evaluations | g evaluations | best noise-free fitness - Fopt (7.313900000000e+02) + sum g_i+ | measured fitness | best measured fitness or single-digit g-values | x1 | x2...
1 0 +9.573299168e+01 +8.271229917e+02 +8.271229917e+02 +0.0000e+00 +0.0000e+00 +0.0000e+00 +0.0000e+00 +0.0000e+00 +0.0000e+00 +0.0000e+00 +0.0000e+00 +0.0000e+00 +0.0000e+00
2 0 +9.123553362e+01 +8.226255336e+02 +8.226255336e+02 +4.3379e-01 +3.0692e-02 +9.8026e-02 +3.4094e-01 +2.4727e-01 +1.7369e-01 -1.1375e-01 -3.0566e-01 +1.1285e-01 -1.5359e-01
3 0 +8.077008306e+01 +8.121600831e+02 +8.121600831e+02 +2.4817e-01 +6.3376e-02 -2.2359e-01 +8.0318e-02 +2.1275e-01 +5.3256e-02 -2.3477e-01 +7.8699e-02 +1.0710e-01 +2.4729e-01
4 0 +7.178980901e+01 +8.031798090e+02 +8.031798090e+02 +2.1661e-01 -2.7248e-01 -1.4933e-01 +1.8171e-01 -5.0930e-01 +2.3317e-01 -2.5183e-01 -1.2653e-01 +4.3300e-01 -1.9345e-02
13 0 +5.619672685e+01 +7.875867268e+02 +7.875867268e+02 +3.1820e-01 -7.2125e-02 +3.2901e-01 +3.9767e-03 -2.3861e-01 -2.8438e-01 -3.2494e-01 -5.4185e-01 -3.0253e-01 +4.6762e-01
36 0 +5.423768384e+01 +7.856276838e+02 +7.856276838e+02 +3.1398e-01 +9.9367e-02 -3.8213e-01 -2.3150e-01 +3.2577e-02 -5.0420e-01 +4.5255e-01 -6.4773e-01 +7.8034e-01 -1.5365e-01
41 0 +3.724661484e+01 +7.686366148e+02 +7.686366148e+02 +7.5911e-01 +1.0570e-01 +1.4889e-01 -2.0699e-01 +7.6046e-03 -5.4247e-01 -2.2498e-01 -3.3800e-01 +6.1641e-01 +5.8528e-01
69 0 +3.187078288e+01 +7.632607829e+02 +7.632607829e+02 +1.2941e+00 -7.6696e-02 +9.3392e-02 -1.4110e-01 -3.1371e-01 -1.8095e-01 -2.4154e-01 +7.4132e-02 +7.3946e-01 +5.8334e-01
76 0 +2.603196877e+01 +7.574219688e+02 +7.574219688e+02 +1.3037e+00 -7.9137e-02 -1.9112e-01 -9.4771e-02 -6.6889e-01 -1.3577e-01 -9.5570e-02 -1.5578e-02 +1.3877e-01 +5.5980e-01
118 0 +1.481555803e+01 +7.462055580e+02 +7.462055580e+02 +1.0333e+00 +1.9284e-01 -6.9772e-02 -2.8621e-01 -4.7319e-01 -4.4459e-01 -7.7180e-02 -1.4795e-01 +3.7235e-01 +9.0029e-01
188 0 +1.341154417e+01 +7.448015442e+02 +7.448015442e+02 +1.3813e+00 +1.4658e-01 -1.5987e-01 -2.8491e-01 -3.1129e-01 -7.2354e-01 -1.4368e-01 -1.7830e-01 +1.9395e-01 +7.6358e-01
221 0 +1.307339928e+01 +7.444633993e+02 +7.444633993e+02 +1.4704e+00 +1.7251e-01 -1.1959e-01 -2.5295e-01 -3.0184e-01 -8.1071e-01 -1.4262e-01 -2.7452e-01 +3.1915e-01 +7.0376e-01
235 0 +1.108739650e+01 +7.424773965e+02 +7.424773965e+02 +1.3553e+00 +1.1611e-01 +2.0121e-02 -3.5953e-01 -2.2792e-01 -9.2400e-01 -1.8774e-01 -3.1003e-01 +2.4729e-01 +6.5086e-01
238 0 +1.035662510e+01 +7.417466251e+02 +7.417466251e+02 +1.5284e+00 +1.1190e-01 +3.2396e-02 -2.4540e-01 -2.2937e-01 -9.8701e-01 -8.1949e-02 -4.3117e-01 +1.9730e-01 +5.7024e-01
250 0 +8.693381707e+00 +7.400833817e+02 +7.400833817e+02 +1.3993e+00 +1.5033e-01 +1.4592e-01 -5.3935e-01 -7.9305e-02 -8.5693e-01 -2.5304e-01 -3.5026e-01 +4.9796e-01 +6.5676e-01
326 0 +8.389376308e+00 +7.397793763e+02 +7.397793763e+02 +1.5986e+00 +7.2644e-02 +3.0085e-02 -6.0469e-01 -7.4104e-02 -8.0106e-01 -3.2104e-01 -5.3479e-01 +6.1643e-01 +7.4753e-01
411 0 +6.499193659e+00 +7.378891937e+02 +7.378891937e+02 +1.8262e+00 +1.5404e-01 -4.6807e-02 -6.6419e-01 -2.5545e-01 -8.7424e-01 -7.7648e-02 -9.3561e-01 +3.7865e-01 +8.0959e-01
459 0 +5.154602507e+00 +7.365446025e+02 +7.365446025e+02 +1.8957e+00 +2.1089e-01 -4.5312e-02 -5.1716e-01 -3.4492e-01 -8.9520e-01 -4.5884e-02 -8.8983e-01 +3.4226e-01 +7.5413e-01
463 0 +4.265387831e+00 +7.356553878e+02 +7.356553878e+02 +1.8518e+00 +1.6759e-01 -2.3596e-02 -5.5090e-01 -3.3514e-01 -8.4956e-01 -8.8610e-02 -8.7080e-01 +3.7201e-01 +7.3991e-01
586 0 +3.596605919e+00 +7.349866059e+02 +7.349866059e+02 +1.9290e+00 +1.5889e-01 +1.1383e-01 -5.6640e-01 -3.9399e-01 -9.5329e-01 -4.2227e-02 -8.9767e-01 +3.7818e-01 +6.3309e-01
676 0 +3.476164915e+00 +7.348661649e+02 +7.348661649e+02 +2.0103e+00 +1.2998e-01 +6.5332e-02 -5.5351e-01 -4.1464e-01 -9.0850e-01 +3.3941e-02 -9.2516e-01 +3.1893e-01 +6.6063e-01
696 0 +3.128636190e+00 +7.345186362e+02 +7.345186362e+02 +2.0266e+00 +1.5912e-01 +1.4267e-01 -5.3196e-01 -3.6135e-01 -9.5561e-01 +3.0595e-02 -9.6625e-01 +3.0338e-01 +6.2378e-01
773 0 +2.892293169e+00 +7.342822932e+02 +7.342822932e+02 +1.9589e+00 +1.8389e-01 +1.1853e-01 -5.5359e-01 -3.3895e-01 -9.1743e-01 +2.5617e-02 -9.2181e-01 +2.3307e-01 +6.6647e-01
842 0 +2.872899928e+00 +7.342628999e+02 +7.342628999e+02 +2.0002e+00 +1.6900e-01 +1.0320e-01 -5.4914e-01 -3.6762e-01 -9.2683e-01 +1.9588e-02 -9.3133e-01 +2.7045e-01 +6.5414e-01
897 0 +2.792120198e+00 +7.341821202e+02 +7.341821202e+02 +1.9906e+00 +1.6821e-01 +9.4625e-02 -5.5633e-01 -3.7048e-01 -9.2082e-01 +9.9072e-03 -9.3903e-01 +2.8666e-01 +6.7303e-01
899 0 +2.744855622e+00 +7.341348556e+02 +7.341348556e+02 +1.9916e+00 +1.6179e-01 +1.0763e-01 -5.5872e-01 -3.5487e-01 -9.2185e-01 +1.9030e-02 -9.3651e-01 +2.7619e-01 +6.7425e-01
974 0 +2.615835915e+00 +7.340058359e+02 +7.340058359e+02 +1.9926e+00 +1.6266e-01 +1.0790e-01 -5.6502e-01 -3.5489e-01 -9.2771e-01 +1.7195e-02 -9.3954e-01 +2.7861e-01 +6.8172e-01
1016 0 +2.534063029e+00 +7.339240630e+02 +7.339240630e+02 +1.9896e+00 +1.6203e-01 +1.0038e-01 -5.6520e-01 -3.5564e-01 -9.2175e-01 +2.2203e-02 -9.3809e-01 +2.8368e-01 +6.8903e-01
1051 0 +2.475379718e+00 +7.338653797e+02 +7.338653797e+02 +1.9896e+00 +1.6604e-01 +9.8853e-02 -5.6150e-01 -3.5742e-01 -9.1812e-01 +2.2449e-02 -9.3708e-01 +2.7711e-01 +6.8475e-01
1110 0 +2.354263388e+00 +7.337442634e+02 +7.337442634e+02 +1.9868e+00 +1.6785e-01 +1.0406e-01 -5.6016e-01 -3.5929e-01 -9.1848e-01 +2.6588e-02 -9.3611e-01 +2.7929e-01 +6.8490e-01
1376 0 +2.342446607e+00 +7.337324466e+02 +7.337324466e+02 +1.9908e+00 +1.6652e-01 +1.0153e-01 -5.6065e-01 -3.6319e-01 -9.2112e-01 +2.5371e-02 -9.3412e-01 +2.8294e-01 +6.8368e-01
1522 0 +2.288265803e+00 +7.336782658e+02 +7.336782658e+02 +1.9907e+00 +1.6590e-01 +1.0162e-01 -5.6127e-01 -3.6130e-01 -9.2133e-01 +2.4249e-02 -9.3432e-01 +2.8325e-01 +6.8352e-01
1774 0 +2.238420588e+00 +7.336284206e+02 +7.336284206e+02 +1.9902e+00 +1.6610e-01 +1.0064e-01 -5.6152e-01 -3.6169e-01 -9.2124e-01 +2.4205e-02 -9.3395e-01 +2.8400e-01 +6.8413e-01
% f evaluations | g evaluations | best noise-free fitness - Fopt (7.526000000000e+01) + sum g_i+ | measured fitness | best measured fitness or single-digit g-values | x1 | x2...
1 0 +5.544365401e+01 +1.307036540e+02 +1.307036540e+02 +0.0000e+00 +0.0000e+00 +0.0000e+00 +0.0000e+00 +0.0000e+00 +0.0000e+00 +0.0000e+00 +0.0000e+00 +0.0000e+00 +0.0000e+00
5 0 +3.329737353e+01 +1.085573735e+02 +1.085573735e+02 -9.0564e-02 +8.4424e-02 -2.8183e-02 -1.8777e-01 +7.4957e-02 +6.4105e-01 +2.7589e-01 +1.3137e-01 +7.7185e-02 +2.3934e-01
34 0 +3.274235972e+01 +1.080023597e+02 +1.080023597e+02 +1.2560e-02 +1.7919e-01 -2.0032e-01 -1.0533e-01 -2.6669e-01 +4.2051e-01 +7.9165e-02 +1.1616e-01 +1.3884e-01 +5.4923e-01
45 0 +3.126530275e+01 +1.065253028e+02 +1.065253028e+02 +1.4693e-01 +9.2457e-02 -3.6976e-01 -9.9407e-03 -4.6293e-01 +3.3914e-01 +2.4920e-01 +9.3051e-02 +2.7529e-01 +6.0058e-01
57 0 +2.237090005e+01 +9.763090005e+01 +9.763090005e+01 +4.4895e-02 +3.4472e-01 -4.4083e-01 -2.2920e-01 -3.1758e-01 +2.8752e-01 +4.2458e-02 +2.2280e-01 +5.4339e-01 +6.4601e-01
69 0 +1.772614481e+01 +9.298614481e+01 +9.298614481e+01 +3.0501e-01 +1.7850e-01 -9.4479e-02 -5.1396e-03 -6.9510e-01 +7.4249e-01 +1.7603e-01 +2.9968e-01 +8.0702e-01 +8.7564e-01
88 0 +1.461251411e+01 +8.987251411e+01 +8.987251411e+01 +1.9330e-01 -1.0329e-02 -1.5570e-01 +3.2010e-02 -6.4818e-01 +8.5905e-01 +5.6990e-01 +4.3105e-01 +3.6594e-01 +8.8621e-01
174 0 +1.284563556e+01 +8.810563556e+01 +8.810563556e+01 -2.7377e-01 -3.6510e-01 -2.5950e-01 -1.2867e-02 -5.3951e-01 +6.0275e-01 +5.4255e-01 +3.4601e-01 +6.9532e-01 +9.3415e-01
243 0 +1.203207314e+01 +8.729207314e+01 +8.729207314e+01 +3.9449e-02 -1.4365e-01 -1.9924e-01 -5.2686e-02 -5.1063e-01 +4.5475e-01 +3.1622e-01 +1.3614e-01 +5.0511e-01 +8.9777e-01
281 0 +1.040892392e+01 +8.566892392e+01 +8.566892392e+01 -1.6316e-02 -1.8234e-01 -1.8511e-01 -9.0810e-02 -5.4645e-01 +4.6491e-01 +3.9629e-01 +7.5567e-02 +4.7141e-01 +7.6412e-01
402 0 +9.991052700e+00 +8.525105270e+01 +8.525105270e+01 -3.1688e-02 -1.7381e-01 -2.2132e-01 -1.2318e-01 -5.8715e-01 +6.2354e-01 +3.4913e-01 +2.2691e-01 +5.4678e-01 +8.6577e-01
423 0 +9.222343717e+00 +8.448234372e+01 +8.448234372e+01 -1.5496e-02 -2.1867e-01 -1.6725e-01 -1.2047e-01 -5.4957e-01 +6.1243e-01 +3.8994e-01 +1.9690e-01 +4.9801e-01 +8.5315e-01
433 0 +9.015891292e+00 +8.427589129e+01 +8.427589129e+01 -1.0332e-02 -2.1422e-01 -1.6992e-01 -1.2982e-01 -5.0918e-01 +5.9843e-01 +3.8219e-01 +2.0390e-01 +4.9440e-01 +8.6709e-01
485 0 +8.764809241e+00 +8.402480924e+01 +8.402480924e+01 -4.4821e-03 -2.1669e-01 -1.8014e-01 -1.0408e-01 -5.6279e-01 +5.9956e-01 +3.6666e-01 +1.9265e-01 +5.1225e-01 +8.5730e-01
497 0 +8.497146713e+00 +8.375714671e+01 +8.375714671e+01 -2.8882e-02 -2.4952e-01 -1.9458e-01 -1.0635e-01 -5.7416e-01 +6.0171e-01 +3.9492e-01 +2.1230e-01 +5.2758e-01 +8.4184e-01
508 0 +8.305147894e+00 +8.356514789e+01 +8.356514789e+01 -2.3032e-03 -2.2888e-01 -2.1212e-01 -1.1140e-01 -5.6076e-01 +5.8840e-01 +3.6600e-01 +2.2821e-01 +5.3504e-01 +8.5436e-01
527 0 +7.411571154e+00 +8.267157115e+01 +8.267157115e+01 -3.7241e-03 -2.3224e-01 -2.0163e-01 -8.6664e-02 -5.7524e-01 +6.0930e-01 +3.6226e-01 +2.1962e-01 +5.3776e-01 +8.5070e-01
565 0 +7.212000037e+00 +8.247200004e+01 +8.247200004e+01 -2.7173e-02 -2.3995e-01 -1.9983e-01 -8.5956e-02 -5.6700e-01 +5.9300e-01 +3.6651e-01 +2.0546e-01 +5.1062e-01 +8.5466e-01
677 0 +7.011777906e+00 +8.227177791e+01 +8.227177791e+01 -2.5809e-02 -2.4521e-01 -2.1614e-01 -8.0808e-02 -5.7961e-01 +6.0855e-01 +3.6197e-01 +2.2634e-01 +5.2640e-01 +8.6753e-01
719 0 +6.826389105e+00 +8.208638910e+01 +8.208638910e+01 -1.2831e-02 -2.2343e-01 -2.1489e-01 -8.5079e-02 -5.7818e-01 +6.0861e-01 +3.6433e-01 +2.2138e-01 +5.0553e-01 +8.5322e-01
827 0 +6.715503125e+00 +8.197550313e+01 +8.197550313e+01 -2.2967e-02 -2.2237e-01 -2.3314e-01 -7.5829e-02 -5.9554e-01 +6.2665e-01 +3.6477e-01 +2.4589e-01 +5.0781e-01 +8.7746e-01
849 0 +6.429153114e+00 +8.168915311e+01 +8.168915311e+01 -1.1650e-02 -2.2689e-01 -2.2407e-01 -7.4530e-02 -5.9858e-01 +6.2712e-01 +3.6353e-01 +2.4081e-01 +5.1104e-01 +8.6809e-01
1035 0 +6.284247035e+00 +8.154424704e+01 +8.154424704e+01 -1.6852e-02 -2.2257e-01 -2.3134e-01 -7.3868e-02 -5.9512e-01 +6.3151e-01 +3.6118e-01 +2.4793e-01 +5.0770e-01 +8.7019e-01
1156 0 +6.108821818e+00 +8.136882182e+01 +8.136882182e+01 -1.4444e-02 -2.2111e-01 -2.3281e-01 -6.8237e-02 -6.0174e-01 +6.3312e-01 +3.5985e-01 +2.5090e-01 +5.0952e-01 +8.7451e-01
1184 0 +6.020273932e+00 +8.128027393e+01 +8.128027393e+01 -1.4660e-02 -2.2292e-01 -2.3331e-01 -6.8729e-02 -6.0127e-01 +6.3238e-01 +3.5962e-01 +2.5130e-01 +5.1024e-01 +8.7534e-01
1464 0 +5.885758961e+00 +8.114575896e+01 +8.114575896e+01 -1.5323e-02 -2.2361e-01 -2.3378e-01 -6.8872e-02 -6.0272e-01 +6.3378e-01 +3.6109e-01 +2.5148e-01 +5.1075e-01 +8.7328e-01
% f evaluations | g evaluations | best noise-free fitness - Fopt (-4.913000000000e+01) + sum g_i+ | measured fitness | best measured fitness or single-digit g-values | x1 | x2...
1 0 +5.292391165e+01 +3.793911651e+00 +3.793911651e+00 +0.0000e+00 +0.0000e+00 +0.0000e+00 +0.0000e+00 +0.0000e+00 +0.0000e+00 +0.0000e+00 +0.0000e+00 +0.0000e+00 +0.0000e+00
3 0 +3.584162290e+01 -1.328837710e+01 -1.328837710e+01 +2.4817e-01 +6.3376e-02 -2.2359e-01 +8.0318e-02 +2.1275e-01 +5.3256e-02 -2.3477e-01 +7.8699e-02 +1.0710e-01 +2.4729e-01
5 0 +2.204107803e+01 -2.708892197e+01 -2.708892197e+01 -9.0564e-02 +8.4424e-02 -2.8183e-02 -1.8777e-01 +7.4957e-02 +6.4105e-01 +2.7589e-01 +1.3137e-01 +7.7185e-02 +2.3934e-01
194 0 +2.168396763e+01 -2.744603237e+01 -2.744603237e+01 -3.6482e-01 +3.5671e-01 -3.5140e-01 -2.7022e-01 -1.9819e-01 -2.5871e-01 -1.6374e-01 -7.7954e-01 +1.2338e-01 +7.3925e-02
254 0 +1.876876077e+01 -3.036123923e+01 -3.036123923e+01 -2.2427e-01 +3.9266e-01 -2.2628e-01 -3.6597e-01 -3.4826e-01 -3.4163e-01 +1.6488e-02 -8.2254e-01 +4.8996e-01 +1.6384e-01
276 0 +1.848373127e+01 -3.064626873e+01 -3.064626873e+01 -2.8467e-01 +4.0101e-01 -1.5648e-01 -3.7478e-01 -2.3534e-01 -4.0880e-01 +7.6697e-02 -8.4779e-01 +4.9651e-01 +5.0876e-02
287 0 +1.738443524e+01 -3.174556476e+01 -3.174556476e+01 -2.5893e-01 +4.0978e-01 -1.8751e-01 -4.1925e-01 -2.0507e-01 -4.5289e-01 +1.5243e-01 -9.2264e-01 +5.3949e-01 +2.7350e-02
289 0 +1.309630386e+01 -3.603369614e+01 -3.603369614e+01 -2.9992e-01 +1.8170e-01 -2.8330e-01 -5.2537e-01 -1.5976e-01 -6.7475e-01 +9.2967e-02 -9.1216e-01 +5.0258e-01 -7.8509e-02
298 0 +1.240761582e+01 -3.672238418e+01 -3.672238418e+01 -2.9715e-01 +2.8935e-01 -1.5466e-01 -4.2096e-01 -2.2550e-01 -5.0168e-01 +1.7699e-01 -9.2122e-01 +4.8903e-01 -2.9091e-02
333 0 +1.178657291e+01 -3.734342709e+01 -3.734342709e+01 -4.3531e-01 +4.5424e-01 -3.0268e-01 -2.5650e-01 -5.3754e-01 -3.7059e-01 +1.2274e-01 -9.0187e-01 +5.7272e-01 +1.2943e-01
375 0 +1.030045790e+01 -3.882954210e+01 -3.882954210e+01 -3.2021e-01 +5.2782e-01 -2.8387e-01 -1.5726e-01 -4.5231e-01 -3.6473e-01 +5.3527e-02 -1.0010e+00 +4.4224e-01 +3.8641e-03
386 0 +9.383354042e+00 -3.974664596e+01 -3.974664596e+01 -3.3369e-01 +5.3184e-01 -2.6579e-01 -1.7652e-01 -4.6700e-01 -3.4421e-01 +4.0102e-02 -9.8501e-01 +4.1422e-01 -3.9978e-02
446 0 +8.653828562e+00 -4.047617144e+01 -4.047617144e+01 -3.8513e-01 +3.4953e-01 -3.3234e-01 -2.2988e-01 -4.7771e-01 -4.5044e-01 -1.1277e-02 -1.0230e+00 +4.0222e-01 -6.7712e-02
507 0 +7.023955774e+00 -4.210604423e+01 -4.210604423e+01 -3.1806e-01 +4.8767e-01 -3.0941e-01 -1.3335e-01 -3.5192e-01 -4.2552e-01 -2.9587e-02 -9.5308e-01 +4.4379e-01 -8.9047e-02
899 0 +6.865900858e+00 -4.226409914e+01 -4.226409914e+01 -3.3503e-01 +4.6618e-01 -3.6254e-01 -1.9124e-01 -3.8031e-01 -4.2969e-01 -4.0415e-02 -9.9064e-01 +3.9508e-01 -6.8447e-02
914 0 +6.660944788e+00 -4.246905521e+01 -4.246905521e+01 -3.3654e-01 +4.6613e-01 -3.6604e-01 -1.8905e-01 -3.7896e-01 -4.3100e-01 -4.0604e-02 -9.8949e-01 +3.9365e-01 -6.7520e-02
945 0 +6.486162821e+00 -4.264383718e+01 -4.264383718e+01 -3.3322e-01 +4.6518e-01 -3.6519e-01 -1.8965e-01 -3.7302e-01 -4.2791e-01 -4.3407e-02 -9.8880e-01 +3.8953e-01 -7.1441e-02
1092 0 +6.397636891e+00 -4.273236311e+01 -4.273236311e+01 -3.3189e-01 +4.7249e-01 -3.6629e-01 -1.8241e-01 -3.7859e-01 -4.3027e-01 -3.5921e-02 -9.8983e-01 +3.9062e-01 -6.9415e-02
1286 0 +6.275508156e+00 -4.285449184e+01 -4.285449184e+01 -3.3289e-01 +4.7097e-01 -3.6737e-01 -1.8445e-01 -3.7863e-01 -4.3136e-01 -3.6246e-02 -9.8838e-01 +3.8724e-01 -6.7570e-02
1387 0 +6.154716424e+00 -4.297528358e+01 -4.297528358e+01 -3.3207e-01 +4.7103e-01 -3.6849e-01 -1.8415e-01 -3.7797e-01 -4.3217e-01 -3.6571e-02 -9.8863e-01 +3.8707e-01 -6.7751e-02
% f evaluations | g evaluations | best noise-free fitness - Fopt (-1.418900000000e+02) + sum g_i+ | measured fitness | best measured fitness or single-digit g-values | x1 | x2...
1 0 +1.324801073e+02 -9.409892661e+00 -9.409892661e+00 +0.0000e+00 +0.0000e+00 +0.0000e+00 +0.0000e+00 +0.0000e+00 +0.0000e+00 +0.0000e+00 +0.0000e+00 +0.0000e+00 +0.0000e+00
2 0 +9.241116252e+01 -4.947883748e+01 -4.947883748e+01 +4.3379e-01 +3.0692e-02 +9.8026e-02 +3.4094e-01 +2.4727e-01 +1.7369e-01 -1.1375e-01 -3.0566e-01 +1.1285e-01 -1.5359e-01
7 0 +8.249802808e+01 -5.939197192e+01 -5.939197192e+01 -2.6321e-01 +2.3560e-01 -2.9494e-01 -4.1433e-02 -2.1060e-01 +1.1878e-01 +8.3286e-02 -6.4943e-01 +2.1039e-01 -1.8282e-01
8 0 +6.016918180e+01 -8.172081820e+01 -8.172081820e+01 +6.0234e-01 +2.6527e-01 +2.8700e-01 -7.0577e-01 +5.2611e-01 +2.0125e-02 -3.9010e-01 +9.9670e-02 +3.8961e-01 -4.6269e-01
17 0 +5.572171657e+01 -8.616828343e+01 -8.616828343e+01 +6.2692e-01 +6.8934e-01 -4.8460e-02 +4.2254e-01 -1.1857e-01 +6.8468e-01 +2.5104e-01 -3.6818e-01 +3.4661e-01 -5.8056e-01
37 0 +4.451277796e+01 -9.737722204e+01 -9.737722204e+01 +5.6579e-01 +5.7168e-01 -6.5603e-01 -2.7142e-01 -3.4122e-01 +1.2816e-01 +4.9200e-01 -7.1212e-01 -7.2243e-01 +4.5690e-01
53 0 +4.320940881e+01 -9.868059119e+01 -9.868059119e+01 +1.9336e-01 +9.6930e-01 -4.3286e-01 +1.6930e-01 -7.4284e-01 +1.1712e-01 +1.7528e-01 -6.4342e-01 -2.4395e-01 +1.4202e-02
60 0 +3.460541087e+01 -1.072845891e+02 -1.072845891e+02 +5.5343e-01 +7.4223e-01 -3.3233e-01 -3.9701e-01 -2.1960e-01 +2.0993e-01 +8.2594e-01 -3.6098e-01 -4.7067e-01 +2.5091e-01
72 0 +1.748987423e+01 -1.244001258e+02 -1.244001258e+02 +1.7713e-01 +8.2059e-01 -2.7448e-01 -9.9880e-02 -4.5221e-01 +1.8400e-01 +5.4628e-01 -5.2672e-01 -7.2418e-01 +8.5021e-01
101 0 +1.558202491e+01 -1.263079751e+02 -1.263079751e+02 +7.8416e-02 +5.3754e-01 -9.3590e-01 +8.8921e-02 -9.3190e-01 +3.9768e-01 +2.1692e-01 +7.9836e-02 -1.1727e+00 +1.0039e+00
158 0 +1.032986185e+01 -1.315601381e+02 -1.315601381e+02 -2.0131e-01 +5.4463e-01 -5.7847e-01 -4.2124e-01 -1.0389e+00 +2.3288e-01 +3.4790e-02 -2.4544e-01 -1.0639e+00 +1.0275e+00
258 0 +9.642194527e+00 -1.322478055e+02 -1.322478055e+02 +4.4442e-02 +9.1356e-01 -8.9114e-01 -6.6758e-01 -1.1995e+00 +1.5388e-01 +4.4260e-01 -4.5666e-01 -9.8741e-01 +8.9537e-01
265 0 +7.825294998e+00 -1.340647050e+02 -1.340647050e+02 +2.0832e-01 +8.4972e-01 -8.9440e-01 -6.1656e-01 -9.9871e-01 +2.7187e-01 +3.8140e-01 -5.7763e-01 -9.2990e-01 +1.0699e+00
281 0 +5.352940253e+00 -1.365370597e+02 -1.365370597e+02 +1.6081e-01 +7.8836e-01 -9.5268e-01 -6.5278e-01 -1.1904e+00 +3.0572e-01 +4.9483e-01 -6.7988e-01 -1.0617e+00 +9.9501e-01
378 0 +4.747523146e+00 -1.371424769e+02 -1.371424769e+02 -7.3936e-03 +7.3946e-01 -1.0057e+00 -8.2791e-01 -1.1425e+00 +4.6287e-01 +5.7122e-01 -5.9230e-01 -1.1202e+00 +1.2327e+00
430 0 +4.319790229e+00 -1.375702098e+02 -1.375702098e+02 -9.1173e-02 +7.0737e-01 -1.0371e+00 -8.2587e-01 -1.0748e+00 +4.6908e-01 +5.1005e-01 -6.1770e-01 -1.1537e+00 +1.1433e+00
452 0 +3.726798580e+00 -1.381632014e+02 -1.381632014e+02 -9.3636e-02 +6.7481e-01 -1.0499e+00 -8.0929e-01 -1.1255e+00 +4.6831e-01 +5.1723e-01 -6.4975e-01 -1.1743e+00 +1.1306e+00
522 0 +3.384782850e+00 -1.385052172e+02 -1.385052172e+02 -5.2540e-03 +6.8088e-01 -1.0376e+00 -7.1227e-01 -1.1119e+00 +4.3696e-01 +5.6708e-01 -6.5131e-01 -1.1978e+00 +1.1245e+00
529 0 +3.184983763e+00 -1.387050162e+02 -1.387050162e+02 -2.4547e-02 +6.7279e-01 -1.0603e+00 -7.5560e-01 -1.1278e+00 +4.4679e-01 +5.5321e-01 -6.6205e-01 -1.1925e+00 +1.1076e+00
551 0 +3.064799934e+00 -1.388252001e+02 -1.388252001e+02 -1.3157e-02 +6.8908e-01 -1.0392e+00 -7.6183e-01 -1.1472e+00 +4.3460e-01 +5.7412e-01 -6.2370e-01 -1.1938e+00 +1.1050e+00
566 0 +2.973742105e+00 -1.389162579e+02 -1.389162579e+02 +8.4231e-04 +6.8080e-01 -1.0262e+00 -7.7115e-01 -1.1136e+00 +4.1954e-01 +5.6369e-01 -6.3189e-01 -1.1899e+00 +1.0821e+00
573 0 +2.884573398e+00 -1.390054266e+02 -1.390054266e+02 -2.6620e-02 +6.7841e-01 -1.0260e+00 -7.7683e-01 -1.1527e+00 +4.2113e-01 +5.7393e-01 -6.1674e-01 -1.2075e+00 +1.0900e+00
584 0 +2.554481384e+00 -1.393355186e+02 -1.393355186e+02 -3.9420e-02 +6.7085e-01 -1.0222e+00 -7.9210e-01 -1.1597e+00 +4.1731e-01 +5.7228e-01 -6.2718e-01 -1.2071e+00 +1.0887e+00
924 0 +2.511035753e+00 -1.393789642e+02 -1.393789642e+02 -2.4491e-02 +6.8710e-01 -1.0230e+00 -7.6850e-01 -1.1805e+00 +4.4272e-01 +5.8411e-01 -5.8547e-01 -1.1947e+00 +1.1195e+00
936 0 +2.452011736e+00 -1.394379883e+02 -1.394379883e+02 -2.1191e-02 +6.8625e-01 -1.0228e+00 -7.6829e-01 -1.1805e+00 +4.4544e-01 +5.7937e-01 -5.8942e-01 -1.1956e+00 +1.1206e+00
965 0 +2.398724199e+00 -1.394912758e+02 -1.394912758e+02 -1.9372e-02 +6.8260e-01 -1.0241e+00 -7.6904e-01 -1.1823e+00 +4.4215e-01 +5.8245e-01 -5.8994e-01 -1.1955e+00 +1.1179e+00
1078 0 +2.302307324e+00 -1.395876927e+02 -1.395876927e+02 -2.1521e-02 +6.8030e-01 -1.0262e+00 -7.7540e-01 -1.1835e+00 +4.4243e-01 +5.8027e-01 -5.9334e-01 -1.1975e+00 +1.1197e+00
1222 0 +2.275450585e+00 -1.396145494e+02 -1.396145494e+02 -2.1225e-02 +6.8075e-01 -1.0269e+00 -7.7617e-01 -1.1868e+00 +4.4042e-01 +5.7984e-01 -5.9248e-01 -1.1961e+00 +1.1201e+00
1348 0 +2.238380070e+00 -1.396516199e+02 -1.396516199e+02 -2.0524e-02 +6.8025e-01 -1.0271e+00 -7.7656e-01 -1.1871e+00 +4.3947e-01 +5.8026e-01 -5.9233e-01 -1.1959e+00 +1.1192e+00
1922 0 +2.187537446e+00 -1.397024626e+02 -1.397024626e+02 -2.0528e-02 +6.8121e-01 -1.0274e+00 -7.7616e-01 -1.1874e+00 +4.3979e-01 +5.8095e-01 -5.9277e-01 -1.1956e+00 +1.1197e+00
% f evaluations | g evaluations | best noise-free fitness - Fopt (1.095700000000e+02) + sum g_i+ | measured fitness | best measured fitness or single-digit g-values | x1 | x2...
1 0 +5.194125420e+01 +1.615112542e+02 +1.615112542e+02 +0.0000e+00 +0.0000e+00 +0.0000e+00 +0.0000e+00 +0.0000e+00 +0.0000e+00 +0.0000e+00 +0.0000e+00 +0.0000e+00 +0.0000e+00
3 0 +4.316969642e+01 +1.527396964e+02 +1.527396964e+02 +2.4817e-01 +6.3376e-02 -2.2359e-01 +8.0318e-02 +2.1275e-01 +5.3256e-02 -2.3477e-01 +7.8699e-02 +1.0710e-01 +2.4729e-01
79 0 +3.847476464e+01 +1.480447646e+02 +1.480447646e+02 +4.6660e-01 +1.3917e-01 +1.4523e-01 +5.8355e-01 -3.6736e-01 -3.8009e-01 -4.9289e-01 -3.6003e-01 -1.1583e-01 +1.6614e+00
96 0 +2.901162106e+01 +1.385816211e+02 +1.385816211e+02 +7.6633e-01 +4.8226e-02 -3.2598e-01 -2.2616e-01 -7.8248e-01 +1.5423e-01 -7.0289e-01 -6.6924e-01 -3.0865e-01 +1.7919e+00
127 0 +2.510435324e+01 +1.346743532e+02 +1.346743532e+02 +4.0962e-01 -1.5509e-01 -1.8725e-01 -2.8796e-01 -9.3432e-01 -6.6965e-01 -4.0747e-01 -1.0022e+00 +8.6230e-02 +1.7835e+00
144 0 +2.351369813e+01 +1.330836981e+02 +1.330836981e+02 +5.5359e-01 -4.1953e-02 -3.1906e-01 +2.1028e-03 -9.3570e-01 -4.0811e-01 -4.2769e-01 -8.5554e-01 +1.6853e-01 +2.0003e+00
185 0 +2.209219328e+01 +1.316621933e+02 +1.316621933e+02 +3.3861e-02 -3.9471e-01 -3.1853e-01 +1.2848e-01 -8.8338e-01 -6.8592e-01 -4.4287e-01 -9.7109e-01 -6.7371e-02 +2.6857e+00
202 0 +2.153555987e+01 +1.311055599e+02 +1.311055599e+02 -2.7946e-01 -2.2384e-01 -4.7605e-01 +1.5576e-01 -5.1352e-01 -6.1916e-01 -3.2052e-01 -6.8288e-01 +1.3641e-01 +2.2310e+00
255 0 +2.069538899e+01 +1.302653890e+02 +1.302653890e+02 +3.4362e-01 -2.1863e-01 -5.0008e-01 +4.9859e-01 -7.5401e-01 -7.0205e-01 -3.8959e-01 -6.8228e-01 +2.4268e-02 +2.2405e+00
265 0 +1.503478746e+01 +1.246047875e+02 +1.246047875e+02 +3.6590e-01 -2.3748e-01 -4.8595e-01 +5.8144e-01 -7.7162e-01 -7.0158e-01 -4.2742e-01 -8.8016e-01 +4.8974e-02 +2.5408e+00
271 0 +7.856769026e+00 +1.174267690e+02 +1.174267690e+02 +3.2435e-01 -2.5186e-01 -2.6700e-01 +5.9247e-01 -7.8554e-01 -3.8485e-01 -3.8121e-01 -4.8438e-01 +2.5708e-02 +2.5231e+00
404 0 +5.528704531e+00 +1.150987045e+02 +1.150987045e+02 +6.2708e-01 -1.8719e-01 -4.7625e-01 +9.1731e-01 -7.7864e-01 -2.2197e-01 -2.0823e-01 -8.3282e-01 -1.4427e-01 +3.2616e+00
548 0 +4.684062795e+00 +1.142540628e+02 +1.142540628e+02 +6.1935e-01 -3.1159e-01 -3.2682e-01 +8.5199e-01 -6.6784e-01 -4.4485e-01 -2.4913e-01 -5.7011e-01 +6.8362e-02 +2.8561e+00
634 0 +4.449821885e+00 +1.140198219e+02 +1.140198219e+02 +5.0732e-01 -3.0033e-01 -2.3497e-01 +8.7351e-01 -6.6196e-01 -5.4054e-01 -2.3493e-01 -4.9080e-01 +5.3588e-02 +2.8980e+00
672 0 +4.318624095e+00 +1.138886241e+02 +1.138886241e+02 +5.5609e-01 -2.9524e-01 -2.7865e-01 +8.8251e-01 -6.9311e-01 -4.9350e-01 -2.4355e-01 -4.9130e-01 +4.8180e-02 +2.8265e+00
681 0 +4.021074419e+00 +1.135910744e+02 +1.135910744e+02 +6.1629e-01 -2.4839e-01 -2.4612e-01 +8.8318e-01 -7.4037e-01 -4.7419e-01 -2.8440e-01 -4.4623e-01 +7.0291e-02 +2.8494e+00
703 0 +3.740058328e+00 +1.133100583e+02 +1.133100583e+02 +5.4593e-01 -2.7829e-01 -3.0487e-01 +8.6159e-01 -6.8368e-01 -4.8966e-01 -2.4989e-01 -4.8892e-01 +4.1568e-02 +2.8300e+00
804 0 +3.684524638e+00 +1.132545246e+02 +1.132545246e+02 +5.3687e-01 -2.9887e-01 -2.9828e-01 +8.2051e-01 -6.7290e-01 -4.9275e-01 -2.6958e-01 -4.8366e-01 +4.1460e-02 +2.8253e+00
816 0 +3.087116226e+00 +1.126571162e+02 +1.126571162e+02 +5.5001e-01 -2.9675e-01 -3.0240e-01 +8.3927e-01 -6.7807e-01 -4.8453e-01 -2.8037e-01 -4.9627e-01 +5.6304e-02 +2.8539e+00
932 0 +2.988151518e+00 +1.125581515e+02 +1.125581515e+02 +5.4708e-01 -2.8902e-01 -3.0625e-01 +8.2661e-01 -6.7362e-01 -4.7760e-01 -2.8198e-01 -4.7467e-01 +6.9945e-02 +2.8431e+00
954 0 +2.937547375e+00 +1.125075474e+02 +1.125075474e+02 +5.3651e-01 -3.0400e-01 -3.0082e-01 +8.0860e-01 -6.6791e-01 -4.8228e-01 -2.8371e-01 -4.8374e-01 +7.1365e-02 +2.8498e+00
1117 0 +2.875854618e+00 +1.124458546e+02 +1.124458546e+02 +5.3682e-01 -2.9802e-01 -3.0335e-01 +8.1280e-01 -6.7271e-01 -4.8170e-01 -2.8463e-01 -4.8290e-01 +6.2510e-02 +2.8409e+00
1382 0 +2.780099630e+00 +1.123500996e+02 +1.123500996e+02 +5.3478e-01 -2.9847e-01 -3.0336e-01 +8.1808e-01 -6.7548e-01 -4.8186e-01 -2.8874e-01 -4.8068e-01 +5.6732e-02 +2.8449e+00
1476 0 +2.739224780e+00 +1.123092248e+02 +1.123092248e+02 +5.3492e-01 -2.9886e-01 -3.0365e-01 +8.1941e-01 -6.7474e-01 -4.8250e-01 -2.8895e-01 -4.8136e-01 +5.6228e-02 +2.8444e+00
1698 0 +2.689903250e+00 +1.122599032e+02 +1.122599032e+02 +5.3525e-01 -2.9803e-01 -3.0425e-01 +8.1992e-01 -6.7490e-01 -4.8246e-01 -2.8883e-01 -4.8073e-01 +5.6179e-02 +2.8436e+00
2361 0 +2.628001254e+00 +1.121980013e+02 +1.121980013e+02 +5.3472e-01 -2.9820e-01 -3.0397e-01 +8.1947e-01 -6.7499e-01 -4.8254e-01 -2.8895e-01 -4.8075e-01 +5.6259e-02 +2.8438e+00
% f evaluations | g evaluations | best noise-free fitness - Fopt (7.836000000000e+01) + sum g_i+ | measured fitness | best measured fitness or single-digit g-values | x1 | x2...
1 0 +7.220540453e+01 +1.505654045e+02 +1.505654045e+02 +0.0000e+00 +0.0000e+00 +0.0000e+00 +0.0000e+00 +0.0000e+00 +0.0000e+00 +0.0000e+00 +0.0000e+00 +0.0000e+00 +0.0000e+00
2 0 +5.417792343e+01 +1.325379234e+02 +1.325379234e+02 +4.3379e-01 +3.0692e-02 +9.8026e-02 +3.4094e-01 +2.4727e-01 +1.7369e-01 -1.1375e-01 -3.0566e-01 +1.1285e-01 -1.5359e-01
14 0 +5.130087799e+01 +1.296608780e+02 +1.296608780e+02 +3.2290e-02 +2.7116e-01 -2.0773e-01 +2.6775e-02 -4.3100e-01 +5.7058e-01 -1.6651e-01 +3.0304e-01 -1.2362e-01 +1.7108e-01
15 0 +4.227990061e+01 +1.206399006e+02 +1.206399006e+02 +6.5785e-01 -4.8523e-01 +1.2149e-01 -1.4718e-01 -2.7802e-01 +2.6244e-01 +1.5546e-01 +2.1135e-01 -3.2845e-02 +8.7511e-02
27 0 +3.734221357e+01 +1.157022136e+02 +1.157022136e+02 +7.0288e-02 -1.9653e-01 -4.0342e-01 -6.6018e-02 -3.4344e-01 +2.9437e-01 +7.9844e-02 -2.3715e-01 -7.7640e-01 +4.9470e-01
54 0 +2.980019022e+01 +1.081601902e+02 +1.081601902e+02 +7.0012e-01 -4.8445e-01 -4.8652e-01 -2.0412e-02 -1.0610e+00 +2.3879e-01 -4.0539e-01 -4.6510e-01 +6.6850e-02 +1.6405e-01
125 0 +2.418426913e+01 +1.025442691e+02 +1.025442691e+02 +4.2338e-01 -2.9521e-01 -7.6274e-01 -1.0905e-01 -1.0260e+00 +1.7025e-01 +2.2761e-02 -2.9088e-01 +2.0275e-02 +4.8488e-01
136 0 +1.887039891e+01 +9.723039891e+01 +9.723039891e+01 +5.4827e-01 -3.4625e-01 -1.0658e+00 -1.9770e-01 -1.2836e+00 +2.3893e-01 -6.7282e-03 -3.5754e-01 +1.8896e-01 +5.8715e-01
186 0 +1.523658183e+01 +9.359658183e+01 +9.359658183e+01 +2.9504e-01 -1.9308e-01 -1.2202e+00 -3.4318e-01 -9.2603e-01 +3.6510e-02 -2.5849e-01 -5.0784e-01 +1.1057e-02 +1.2543e-01
218 0 +1.458019685e+01 +9.294019685e+01 +9.294019685e+01 +6.4787e-01 -7.4153e-02 -1.0594e+00 -3.2058e-01 -8.0932e-01 -4.7649e-02 -2.1700e-01 -7.2634e-01 +1.4137e-01 +1.3116e-01
219 0 +1.409485329e+01 +9.245485329e+01 +9.245485329e+01 +6.3495e-01 +1.6925e-04 -1.3356e+00 -7.2786e-01 -7.7837e-01 -1.8636e-02 -2.2377e-01 -7.2033e-01 -4.0875e-02 +3.1050e-01
232 0 +1.035007423e+01 +8.871007423e+01 +8.871007423e+01 +7.2689e-01 -9.3504e-02 -1.1039e+00 -5.3806e-01 -8.5408e-01 -1.0872e-01 -2.5664e-01 -6.5527e-01 -6.5081e-02 +1.9821e-01
243 0 +9.756648743e+00 +8.811664874e+01 +8.811664874e+01 +6.6763e-01 -8.3932e-02 -1.1490e+00 -5.5466e-01 -7.8292e-01 -1.1978e-01 -2.2041e-01 -7.7876e-01 -4.8874e-02 +1.5404e-01
287 0 +8.126717066e+00 +8.648671707e+01 +8.648671707e+01 +5.3107e-01 -1.5084e-01 -1.1896e+00 -6.1998e-01 -8.2175e-01 -1.0309e-01 -1.7067e-01 -7.8325e-01 -7.2325e-02 +2.6814e-01
458 0 +7.477941762e+00 +8.583794176e+01 +8.583794176e+01 +6.3622e-01 +1.8971e-02 -1.2019e+00 -6.2322e-01 -7.4845e-01 -9.3125e-02 -8.9576e-02 -7.9865e-01 -6.2530e-03 +2.6025e-01
502 0 +7.378585557e+00 +8.573858556e+01 +8.573858556e+01 +6.1268e-01 -1.0835e-02 -1.1781e+00 -6.0277e-01 -7.6483e-01 -1.1956e-01 -1.4082e-01 -7.3457e-01 -4.4779e-03 +2.2835e-01
524 0 +6.832417293e+00 +8.519241729e+01 +8.519241729e+01 +6.7822e-01 -2.4873e-02 -1.2298e+00 -6.6358e-01 -7.8301e-01 -1.2116e-01 -1.2620e-01 -7.9520e-01 +1.3226e-02 +2.3903e-01
534 0 +6.444595394e+00 +8.480459539e+01 +8.480459539e+01 +6.4849e-01 -3.0897e-02 -1.2281e+00 -6.6493e-01 -7.6516e-01 -1.3380e-01 -1.5029e-01 -7.4591e-01 +1.5942e-02 +2.4729e-01
587 0 +6.231690099e+00 +8.459169010e+01 +8.459169010e+01 +5.8731e-01 -8.0015e-03 -1.2285e+00 -6.3122e-01 -7.5856e-01 -1.3362e-01 -1.4761e-01 -7.4251e-01 -7.8567e-03 +2.5774e-01
703 0 +5.973073241e+00 +8.433307324e+01 +8.433307324e+01 +5.9155e-01 -1.5090e-02 -1.2269e+00 -6.4391e-01 -7.6955e-01 -1.2684e-01 -1.5138e-01 -7.4125e-01 -4.6938e-02 +2.6252e-01
711 0 +5.873302584e+00 +8.423330258e+01 +8.423330258e+01 +6.0480e-01 -2.2141e-02 -1.2311e+00 -6.3231e-01 -7.6919e-01 -1.3005e-01 -1.4919e-01 -7.4134e-01 -4.5673e-02 +2.6280e-01
748 0 +5.746980933e+00 +8.410698093e+01 +8.410698093e+01 +5.7934e-01 -2.5490e-02 -1.2435e+00 -6.5460e-01 -7.8310e-01 -1.3263e-01 -1.4920e-01 -7.3634e-01 -5.5274e-02 +2.6770e-01
766 0 +5.397279727e+00 +8.375727973e+01 +8.375727973e+01 +5.7279e-01 -2.0331e-02 -1.2409e+00 -6.5695e-01 -7.7759e-01 -1.3580e-01 -1.4743e-01 -7.4644e-01 -5.0666e-02 +2.6455e-01
767 0 +5.334805008e+00 +8.369480501e+01 +8.369480501e+01 +5.8178e-01 -2.4267e-02 -1.2364e+00 -6.6154e-01 -7.6935e-01 -1.4286e-01 -1.4194e-01 -7.4415e-01 -5.0745e-02 +2.6650e-01
823 0 +5.162758019e+00 +8.352275802e+01 +8.352275802e+01 +5.7964e-01 -2.5048e-02 -1.2383e+00 -6.5853e-01 -7.7381e-01 -1.3463e-01 -1.5098e-01 -7.4736e-01 -4.9706e-02 +2.5991e-01
878 0 +5.120877624e+00 +8.348087762e+01 +8.348087762e+01 +5.7556e-01 -3.2466e-02 -1.2408e+00 -6.6103e-01 -7.7549e-01 -1.3217e-01 -1.4977e-01 -7.4501e-01 -5.2748e-02 +2.6946e-01
989 0 +4.913476080e+00 +8.327347608e+01 +8.327347608e+01 +5.6836e-01 -3.2213e-02 -1.2427e+00 -6.6143e-01 -7.7068e-01 -1.3525e-01 -1.5253e-01 -7.4500e-01 -5.6058e-02 +2.6737e-01
1023 0 +4.883743230e+00 +8.324374323e+01 +8.324374323e+01 +5.6845e-01 -3.1211e-02 -1.2429e+00 -6.5985e-01 -7.7041e-01 -1.3564e-01 -1.5541e-01 -7.4445e-01 -5.5866e-02 +2.6827e-01
1205 0 +4.783153784e+00 +8.314315378e+01 +8.314315378e+01 +5.6872e-01 -2.9130e-02 -1.2400e+00 -6.5656e-01 -7.7200e-01 -1.3633e-01 -1.5411e-01 -7.4460e-01 -5.6659e-02 +2.6662e-01
1446 0 +4.666197794e+00 +8.302619779e+01 +8.302619779e+01 +5.6709e-01 -3.0170e-02 -1.2406e+00 -6.5756e-01 -7.7164e-01 -1.3681e-01 -1.5355e-01 -7.4483e-01 -5.9580e-02 +2.6596e-01
1701 0 +4.552108461e+00 +8.291210846e+01 +8.291210846e+01 +5.6625e-01 -2.9998e-02 -1.2407e+00 -6.5753e-01 -7.7146e-01 -1.3657e-01 -1.5322e-01 -7.4475e-01 -5.9666e-02 +2.6604e-01
% f evaluations | g evaluations | best noise-free fitness - Fopt (1.140900000000e+02) + sum g_i+ | measured fitness | best measured fitness or single-digit g-values | x1 | x2...
1 0 +7.982788494e+01 +1.939178849e+02 +1.939178849e+02 +0.0000e+00 +0.0000e+00 +0.0000e+00 +0.0000e+00 +0.0000e+00 +0.0000e+00 +0.0000e+00 +0.0000e+00 +0.0000e+00 +0.0000e+00
4 0 +5.541783829e+01 +1.695078383e+02 +1.695078383e+02 +2.1661e-01 -2.7248e-01 -1.4933e-01 +1.8171e-01 -5.0930e-01 +2.3317e-01 -2.5183e-01 -1.2653e-01 +4.3300e-01 -1.9345e-02
9 0 +4.283802827e+01 +1.569280283e+02 +1.569280283e+02 +3.2075e-01 -8.8256e-02 -1.5931e-01 -1.1698e-01 -2.3584e-01 +6.5800e-02 +8.0156e-02 +3.1223e-01 +4.1734e-01 -8.7755e-02
26 0 +3.746032873e+01 +1.515503287e+02 +1.515503287e+02 +1.9933e-01 +1.8845e-01 -3.6011e-01 -6.1216e-01 -1.3242e-01 +6.3632e-01 +3.8725e-02 +1.7165e-02 +3.5049e-01 +3.9592e-01
36 0 +3.403654560e+01 +1.481265456e+02 +1.481265456e+02 +1.7904e-01 -1.4478e-01 -6.4308e-01 -3.4157e-01 -3.8105e-01 +7.1769e-02 +3.2416e-01 -5.7555e-01 +7.2448e-01 -2.6176e-01
46 0 +2.245282021e+01 +1.365428202e+02 +1.365428202e+02 +6.1065e-01 -4.6021e-01 +5.1340e-02 -2.4064e-01 -3.7568e-01 +4.8781e-01 -1.5194e-01 +7.7291e-02 +8.3332e-01 -9.1422e-02
117 0 +1.819897339e+01 +1.322889734e+02 +1.322889734e+02 +3.9198e-01 -3.1404e-01 -2.2378e-01 -1.6536e-01 -6.5024e-01 +2.4784e-01 -6.7649e-02 -7.2563e-01 +1.1575e+00 -1.1204e-01
144 0 +1.667502874e+01 +1.307650287e+02 +1.307650287e+02 +2.9063e-01 -2.1978e-01 -1.0763e-01 -1.3728e-01 -7.6783e-01 +3.3289e-01 -4.4253e-02 -4.0780e-01 +9.7612e-01 -1.6460e-01
155 0 +1.376900346e+01 +1.278590035e+02 +1.278590035e+02 +3.2614e-01 -2.9443e-01 -3.5456e-02 -1.9219e-01 -6.5536e-01 +3.5285e-01 -1.6679e-01 -4.9254e-01 +8.5300e-01 -1.8686e-01
198 0 +1.335459863e+01 +1.274445986e+02 +1.274445986e+02 +2.2985e-01 -2.8781e-01 -5.3581e-02 -3.1800e-01 -6.1520e-01 +2.2573e-01 -3.4098e-01 -5.1978e-01 +9.5111e-01 -1.0259e-01
203 0 +1.121069503e+01 +1.253006950e+02 +1.253006950e+02 +4.3478e-01 -4.1240e-01 -5.0285e-02 -2.8936e-01 -7.0346e-01 +2.8964e-01 -5.3607e-01 -6.0301e-01 +1.1032e+00 -2.7166e-01
228 0 +8.467315212e+00 +1.225573152e+02 +1.225573152e+02 +2.8345e-01 -4.3360e-01 +1.1980e-01 -4.1024e-01 -6.4834e-01 +2.1991e-01 -3.8322e-01 -3.1696e-01 +9.5250e-01 -4.2363e-01
232 0 +7.526093086e+00 +1.216160931e+02 +1.216160931e+02 +4.5013e-01 -2.9523e-01 +4.7977e-02 -3.6183e-01 -5.8212e-01 +2.4916e-01 -2.9461e-01 -3.1491e-01 +1.0385e+00 -3.1029e-01
298 0 +6.322356293e+00 +1.204123563e+02 +1.204123563e+02 +3.5530e-01 -4.4936e-01 +1.1841e-01 -4.8376e-01 -5.5306e-01 +3.3619e-01 -3.1284e-01 -3.2192e-01 +1.0728e+00 -3.5932e-01
347 0 +5.983565479e+00 +1.200735655e+02 +1.200735655e+02 +4.0634e-01 -4.5310e-01 +7.0103e-02 -4.2268e-01 -6.3422e-01 +3.9936e-01 -3.3831e-01 -4.0645e-01 +9.2201e-01 -3.7704e-01
528 0 +5.369537018e+00 +1.194595370e+02 +1.194595370e+02 +4.2790e-01 -4.7380e-01 +7.5906e-02 -4.2658e-01 -5.8065e-01 +3.9780e-01 -3.3661e-01 -3.7269e-01 +9.3882e-01 -3.6152e-01
532 0 +5.086044555e+00 +1.191760446e+02 +1.191760446e+02 +4.3651e-01 -4.6107e-01 +1.0479e-01 -4.3102e-01 -6.0796e-01 +3.8594e-01 -3.0802e-01 -3.2905e-01 +9.4883e-01 -3.6855e-01
551 0 +4.887390886e+00 +1.189773909e+02 +1.189773909e+02 +4.0763e-01 -4.6592e-01 +9.6431e-02 -4.2546e-01 -6.1083e-01 +3.7389e-01 -3.1584e-01 -3.3769e-01 +9.4922e-01 -3.5559e-01
571 0 +4.651496909e+00 +1.187414969e+02 +1.187414969e+02 +4.3485e-01 -4.5590e-01 +1.0582e-01 -4.2712e-01 -6.0699e-01 +3.7107e-01 -3.9191e-01 -3.8447e-01 +9.5257e-01 -3.8307e-01
701 0 +4.459587107e+00 +1.185495871e+02 +1.185495871e+02 +4.3383e-01 -4.6176e-01 +1.0937e-01 -4.4660e-01 -5.8866e-01 +3.7508e-01 -3.6778e-01 -3.7258e-01 +9.3024e-01 -3.7597e-01
771 0 +4.324406514e+00 +1.184144065e+02 +1.184144065e+02 +4.1294e-01 -4.6663e-01 +1.0086e-01 -4.4334e-01 -5.9561e-01 +3.6744e-01 -3.5401e-01 -3.5238e-01 +9.2087e-01 -3.7233e-01
800 0 +4.156881459e+00 +1.182468815e+02 +1.182468815e+02 +4.2234e-01 -4.6013e-01 +1.0955e-01 -4.3090e-01 -6.0008e-01 +3.6040e-01 -3.5302e-01 -3.4953e-01 +9.3225e-01 -3.7836e-01
888 0 +3.851295412e+00 +1.179412954e+02 +1.179412954e+02 +4.2265e-01 -4.6533e-01 +1.0618e-01 -4.4023e-01 -5.9608e-01 +3.6056e-01 -3.5719e-01 -3.6087e-01 +9.3973e-01 -3.7465e-01
943 0 +3.699968305e+00 +1.177899683e+02 +1.177899683e+02 +4.2050e-01 -4.6566e-01 +1.0542e-01 -4.4116e-01 -5.9696e-01 +3.6380e-01 -3.4995e-01 -3.6141e-01 +9.3714e-01 -3.6873e-01
958 0 +3.490630556e+00 +1.175806306e+02 +1.175806306e+02 +4.2071e-01 -4.6558e-01 +1.0516e-01 -4.4017e-01 -5.9694e-01 +3.6269e-01 -3.5182e-01 -3.6209e-01 +9.3806e-01 -3.7127e-01
1024 0 +3.427314321e+00 +1.175173143e+02 +1.175173143e+02 +4.1931e-01 -4.6770e-01 +1.0486e-01 -4.4051e-01 -5.9616e-01 +3.6259e-01 -3.5028e-01 -3.6491e-01 +9.3910e-01 -3.7143e-01
1131 0 +3.329865816e+00 +1.174198658e+02 +1.174198658e+02 +4.1996e-01 -4.6773e-01 +1.0372e-01 -4.3848e-01 -5.9825e-01 +3.6393e-01 -3.5022e-01 -3.6532e-01 +9.3531e-01 -3.7148e-01
1274 0 +3.308681954e+00 +1.173986820e+02 +1.173986820e+02 +4.1765e-01 -4.6886e-01 +1.0566e-01 -4.4122e-01 -5.9681e-01 +3.6292e-01 -3.5077e-01 -3.6428e-01 +9.3632e-01 -3.7193e-01
1674 0 +3.220257524e+00 +1.173102575e+02 +1.173102575e+02 +4.1864e-01 -4.6908e-01 +1.0511e-01 -4.4043e-01 -5.9460e-01 +3.6315e-01 -3.4957e-01 -3.6416e-01 +9.3776e-01 -3.7222e-01
1904 0 +3.160149905e+00 +1.172501499e+02 +1.172501499e+02 +4.1868e-01 -4.6929e-01 +1.0499e-01 -4.4048e-01 -5.9465e-01 +3.6332e-01 -3.4918e-01 -3.6432e-01 +9.3794e-01 -3.7217e-01
% f evaluations | g evaluations | best noise-free fitness - Fopt (-5.445900000000e+02) + sum g_i+ | measured fitness | best measured fitness or single-digit g-values | x1 | x2...
1 0 +1.206153092e+02 -4.239746908e+02 -4.239746908e+02 +0.0000e+00 +0.0000e+00 +0.0000e+00 +0.0000e+00 +0.0000e+00 +0.0000e+00 +0.0000e+00 +0.0000e+00 +0.0000e+00 +0.0000e+00
2 0 +5.590588040e+01 -4.886841196e+02 -4.886841196e+02 +4.3379e-01 +3.0692e-02 +9.8026e-02 +3.4094e-01 +2.4727e-01 +1.7369e-01 -1.1375e-01 -3.0566e-01 +1.1285e-01 -1.5359e-01
12 0 +4.975923855e+01 -4.948307615e+02 -4.948307615e+02 +2.7596e-01 +3.5221e-02 -1.5356e-01 +1.8996e-01 -4.0930e-02 +2.3787e-01 -1.2105e-01 -3.7112e-02 +2.3360e-01 -6.5078e-02
17 0 +4.754841345e+01 -4.970415866e+02 -4.970415866e+02 +6.6753e-01 +5.8329e-01 -1.9522e-01 +6.7305e-01 -2.6761e-01 +6.9644e-01 +2.6755e-01 -2.1837e-01 +5.1131e-01 -3.7677e-01
24 0 +3.513359607e+01 -5.094564039e+02 -5.094564039e+02 +4.0272e-01 +4.4859e-01 -4.7200e-01 +4.2728e-01 -3.6400e-01 +4.3147e-01 -2.6984e-01 -7.4232e-01 +3.2959e-01 +5.8429e-01
34 0 +2.940612029e+01 -5.151838797e+02 -5.151838797e+02 +6.3844e-01 +3.8353e-01 -3.9220e-01 +2.4949e-01 +8.4805e-02 +2.2685e-01 -6.5164e-02 -5.2012e-01 +9.0111e-03 +3.1943e-01
38 0 +2.716488201e+01 -5.174251180e+02 -5.174251180e+02 +7.6488e-01 +3.8258e-01 -4.8069e-01 +4.4992e-01 +1.9746e-01 +2.0974e-01 -2.3992e-01 -2.1718e-01 +4.5950e-01 +4.4201e-01
42 0 +1.924658285e+01 -5.253434172e+02 -5.253434172e+02 +8.0526e-01 +8.2931e-01 -9.4973e-01 -5.8615e-02 -2.4838e-01 +2.8404e-01 -5.5684e-01 -7.5593e-01 +4.3748e-01 +6.5299e-01
80 0 +1.205927500e+01 -5.325307250e+02 -5.325307250e+02 +1.0307e+00 +8.6685e-01 -7.6423e-01 +1.4064e-01 -7.7089e-01 -4.1661e-02 -6.7687e-03 -9.1861e-01 +3.4199e-02 +1.1653e+00
102 0 +8.710758468e+00 -5.358792415e+02 -5.358792415e+02 +3.9684e-01 +1.0158e+00 -1.0093e+00 -7.9358e-02 -8.5705e-01 +6.1456e-02 -2.9557e-01 -7.9242e-01 +4.0718e-01 +1.1733e+00
136 0 +4.849641924e+00 -5.397403581e+02 -5.397403581e+02 +7.1067e-02 +7.5341e-01 -1.2766e+00 +9.7301e-02 -1.1935e+00 -3.5470e-02 -3.6021e-01 -1.0595e+00 +1.9225e-01 +1.4677e+00
374 0 +2.936989920e+00 -5.416530101e+02 -5.416530101e+02 +1.0685e-01 +6.1827e-01 -8.5227e-01 +7.7103e-02 -7.9229e-01 +3.4162e-02 -1.3551e-01 -8.3030e-01 -1.7160e-01 +1.5691e+00
446 0 +2.775372913e+00 -5.418146271e+02 -5.418146271e+02 +1.3080e-01 +4.4146e-01 -9.6876e-01 +5.0751e-02 -9.4870e-01 +4.0870e-02 -6.4194e-02 -9.0397e-01 -5.1793e-02 +1.5709e+00
548 0 +2.742703304e+00 -5.418472967e+02 -5.418472967e+02 +1.8582e-01 +5.0401e-01 -9.2086e-01 +9.5853e-02 -9.2403e-01 +9.0029e-02 -4.1184e-02 -6.9808e-01 +9.7537e-02 +1.4510e+00
570 0 +2.675931269e+00 -5.419140687e+02 -5.419140687e+02 +1.3815e-01 +5.1522e-01 -9.2184e-01 +5.7043e-02 -9.1839e-01 +1.8038e-03 -2.4423e-02 -7.7579e-01 +5.0759e-02 +1.4460e+00
573 0 +2.179793957e+00 -5.424102060e+02 -5.424102060e+02 +2.0416e-01 +5.0502e-01 -9.2188e-01 +7.8408e-02 -8.8498e-01 -2.1403e-02 -9.5701e-02 -7.8327e-01 +5.3825e-02 +1.4229e+00
617 0 +1.583448366e+00 -5.430065516e+02 -5.430065516e+02 +1.8557e-01 +5.3139e-01 -8.7895e-01 +8.4516e-02 -8.6167e-01 -5.3695e-03 -7.2901e-02 -7.3640e-01 +4.7923e-02 +1.4151e+00
661 0 +1.535592359e+00 -5.430544076e+02 -5.430544076e+02 +1.8968e-01 +5.2228e-01 -8.8955e-01 +8.2602e-02 -8.6638e-01 +1.5408e-02 -7.5336e-02 -7.4893e-01 +4.6922e-02 +1.4319e+00
732 0 +1.471600052e+00 -5.431183999e+02 -5.431183999e+02 +2.0146e-01 +5.1695e-01 -8.7178e-01 +7.5280e-02 -8.5831e-01 +7.9913e-03 -8.1427e-02 -7.4797e-01 +6.5911e-02 +1.4221e+00
745 0 +1.434957780e+00 -5.431550422e+02 -5.431550422e+02 +1.7793e-01 +5.2172e-01 -8.7393e-01 +7.4846e-02 -8.4989e-01 +6.3997e-03 -7.1937e-02 -7.4905e-01 +3.3725e-02 +1.4582e+00
757 0 +1.362106953e+00 -5.432278930e+02 -5.432278930e+02 +1.8799e-01 +5.1865e-01 -8.9170e-01 +6.1770e-02 -8.4625e-01 -8.8796e-03 -8.2738e-02 -7.5583e-01 +5.0825e-02 +1.4395e+00
800 0 +1.339524148e+00 -5.432504759e+02 -5.432504759e+02 +1.8824e-01 +5.2365e-01 -8.8227e-01 +7.8453e-02 -8.5403e-01 -9.0256e-03 -7.2268e-02 -7.4119e-01 +6.4218e-02 +1.4354e+00
809 0 +1.231803501e+00 -5.433581965e+02 -5.433581965e+02 +1.9037e-01 +5.3707e-01 -8.7823e-01 +7.5147e-02 -8.4240e-01 -6.8917e-03 -7.7829e-02 -7.4213e-01 +6.4295e-02 +1.4246e+00
829 0 +1.210687375e+00 -5.433793126e+02 -5.433793126e+02 +1.8826e-01 +5.3880e-01 -8.8906e-01 +7.2873e-02 -8.6234e-01 -9.5300e-05 -8.9316e-02 -7.4756e-01 +5.2023e-02 +1.4349e+00
834 0 +1.149831647e+00 -5.434401684e+02 -5.434401684e+02 +1.9241e-01 +5.4333e-01 -8.8364e-01 +7.2045e-02 -8.6234e-01 +3.4199e-04 -7.1576e-02 -7.4139e-01 +6.8676e-02 +1.4291e+00
903 0 +1.065194401e+00 -5.435248056e+02 -5.435248056e+02 +1.9626e-01 +5.2793e-01 -8.9086e-01 +6.9876e-02 -8.5564e-01 -1.5643e-03 -9.1357e-02 -7.5080e-01 +6.5677e-02 +1.4182e+00
993 0 +1.024927241e+00 -5.435650728e+02 -5.435650728e+02 +1.9588e-01 +5.2862e-01 -8.9213e-01 +6.8657e-02 -8.5370e-01 -4.5848e-03 -9.7230e-02 -7.5632e-01 +6.2863e-02 +1.4132e+00
1049 0 +1.002444384e+00 -5.435875556e+02 -5.435875556e+02 +1.9585e-01 +5.2755e-01 -8.9185e-01 +6.9263e-02 -8.5361e-01 -5.5784e-03 -9.3268e-02 -7.5624e-01 +6.3994e-02 +1.4146e+00
1075 0 +9.846995665e-01 -5.436053004e+02 -5.436053004e+02 +1.9712e-01 +5.2856e-01 -8.9031e-01 +6.8309e-02 -8.5330e-01 -4.5142e-03 -9.7000e-02 -7.5666e-01 +6.5435e-02 +1.4143e+00
1204 0 +9.765564873e-01 -5.436134435e+02 -5.436134435e+02 +1.9596e-01 +5.2876e-01 -8.8901e-01 +6.9548e-02 -8.5858e-01 -6.9409e-03 -9.6397e-02 -7.5600e-01 +6.5742e-02 +1.4164e+00
1211 0 +9.429242058e-01 -5.436470758e+02 -5.436470758e+02 +1.9559e-01 +5.2855e-01 -8.8916e-01 +6.9412e-02 -8.5831e-01 -7.5721e-03 -9.7088e-02 -7.5727e-01 +6.4598e-02 +1.4176e+00
1244 0 +9.269428079e-01 -5.436630572e+02 -5.436630572e+02 +1.9573e-01 +5.2896e-01 -8.8857e-01 +6.9315e-02 -8.5754e-01 -7.5176e-03 -9.6954e-02 -7.5654e-01 +6.4197e-02 +1.4171e+00
1381 0 +9.056296704e-01 -5.436843703e+02 -5.436843703e+02 +1.9590e-01 +5.2890e-01 -8.8914e-01 +6.9300e-02 -8.5801e-01 -7.1390e-03 -9.6234e-02 -7.5634e-01 +6.4400e-02 +1.4167e+00
1502 0 +8.856078606e-01 -5.437043921e+02 -5.437043921e+02 +1.9604e-01 +5.2922e-01 -8.8897e-01 +6.9398e-02 -8.5724e-01 -7.4260e-03 -9.6437e-02 -7.5646e-01 +6.4536e-02 +1.4161e+00
1948 0 +8.705797797e-01 -5.437194202e+02 -5.437194202e+02 +1.9589e-01 +5.2925e-01 -8.8880e-01 +6.9558e-02 -8.5712e-01 -7.5936e-03 -9.6708e-02 -7.5640e-01 +6.4443e-02 +1.4163e+00
