% f evaluations | g evaluations | best noise-free fitness - Fopt (-1.025500000000e+02) + sum g_i+ | measured fitness | best measured fitness or single-digit g-values | x1 | x2...
1 0 +2.503737427e-01 -1.022996263e+02 -1.022996263e+02
11177 0 +2.500115907e-01 -1.022999884e+02 -1.022999884e+02
11890 0 +2.454057266e-01 -1.023045943e+02 -1.023045943e+02
12591 0 +2.397884794e-01 -1.023102115e+02 -1.023102115e+02
13172 0 +2.343415985e-01 -1.023156584e+02 -1.023156584e+02
13637 0 +2.290050845e-01 -1.023209949e+02 -1.023209949e+02
13990 0 +2.235581432e-01 -1.023264419e+02 -1.023264419e+02
14480 0 +2.186290989e-01 -1.023313709e+02 -1.023313709e+02
15593 0 +2.137561501e-01 -1.023362438e+02 -1.023362438e+02
16790 0 +2.089020890e-01 -1.023410979e+02 -1.023410979e+02
17488 0 +2.041186056e-01 -1.023458814e+02 -1.023458814e+02
18186 0 +1.993858938e-01 -1.023506141e+02 -1.023506141e+02
18919 0 +1.949665029e-01 -1.023550335e+02 -1.023550335e+02
19354 0 +1.905383690e-01 -1.023594616e+02 -1.023594616e+02
19647 0 +1.860506106e-01 -1.023639494e+02 -1.023639494e+02
19827 0 +1.814632618e-01 -1.023685367e+02 -1.023685367e+02
20001 0 +1.760100738e-01 -1.023739899e+02 -1.023739899e+02
20262 0 +1.737759064e-01 -1.023762241e+02 -1.023762241e+02
20592 0 +1.695374970e-01 -1.023804625e+02 -1.023804625e+02
21318 0 +1.659094992e-01 -1.023840905e+02 -1.023840905e+02
22657 0 +1.621294196e-01 -1.023878706e+02 -1.023878706e+02
23274 0 +1.583083883e-01 -1.023916916e+02 -1.023916916e+02
23833 0 +1.548158697e-01 -1.023951841e+02 -1.023951841e+02
24403 0 +1.512859451e-01 -1.023987141e+02 -1.023987141e+02
24980 0 +1.478555231e-01 -1.024021445e+02 -1.024021445e+02
25645 0 +1.445100962e-01 -1.024054899e+02 -1.024054899e+02
26820 0 +1.411821283e-01 -1.024088179e+02 -1.024088179e+02
27531 0 +1.379643376e-01 -1.024120357e+02 -1.024120357e+02
28265 0 +1.347869411e-01 -1.024152131e+02 -1.024152131e+02
28721 0 +1.318155954e-01 -1.024181844e+02 -1.024181844e+02
29298 0 +1.287755211e-01 -1.024212245e+02 -1.024212245e+02
32942 0 +1.258888824e-01 -1.024241111e+02 -1.024241111e+02
37349 0 +1.230222226e-01 -1.024269778e+02 -1.024269778e+02
41698 0 +1.202165446e-01 -1.024297835e+02 -1.024297835e+02
43481 0 +1.174876199e-01 -1.024325124e+02 -1.024325124e+02
51679 0 +1.148083185e-01 -1.024351917e+02 -1.024351917e+02
77982 0 +1.121982528e-01 -1.024378017e+02 -1.024378017e+02
109784 0 +1.096477751e-01 -1.024403522e+02 -1.024403522e+02
% f evaluations | g evaluations | best noise-free fitness - Fopt (7.169000000000e+01) + sum g_i+ | measured fitness | best measured fitness or single-digit g-values | x1 | x2...
1 0 +2.503737427e-01 +7.194037374e+01 +7.194037374e+01
10270 0 +2.498132922e-01 +7.193981329e+01 +7.193981329e+01
10443 0 +2.442744280e-01 +7.193427443e+01 +7.193427443e+01
10702 0 +2.398488469e-01 +7.192984885e+01 +7.192984885e+01
10999 0 +2.342542476e-01 +7.192425425e+01 +7.192425425e+01
11271 0 +2.289829252e-01 +7.191898293e+01 +7.191898293e+01
11636 0 +2.237360562e-01 +7.191373606e+01 +7.191373606e+01
12012 0 +2.182463009e-01 +7.190824630e+01 +7.190824630e+01
12396 0 +2.137854856e-01 +7.190378549e+01 +7.190378549e+01
12849 0 +2.088515462e-01 +7.189885155e+01 +7.189885155e+01
13619 0 +2.040839462e-01 +7.189408395e+01 +7.189408395e+01
14951 0 +1.995140678e-01 +7.188951407e+01 +7.188951407e+01
15829 0 +1.948362973e-01 +7.188483630e+01 +7.188483630e+01
17098 0 +1.905320134e-01 +7.188053201e+01 +7.188053201e+01
18479 0 +1.861747539e-01 +7.187617475e+01 +7.187617475e+01
20446 0 +1.819166373e-01 +7.187191664e+01 +7.187191664e+01
22111 0 +1.777273043e-01 +7.186772730e+01 +7.186772730e+01
22704 0 +1.735317920e-01 +7.186353179e+01 +7.186353179e+01
23766 0 +1.698116993e-01 +7.185981170e+01 +7.185981170e+01
25002 0 +1.659382559e-01 +7.185593826e+01 +7.185593826e+01
27140 0 +1.621254247e-01 +7.185212542e+01 +7.185212542e+01
27757 0 +1.584712699e-01 +7.184847127e+01 +7.184847127e+01
28265 0 +1.545015091e-01 +7.184450151e+01 +7.184450151e+01
30743 0 +1.513332451e-01 +7.184133325e+01 +7.184133325e+01
31887 0 +1.478644061e-01 +7.183786441e+01 +7.183786441e+01
34878 0 +1.445151184e-01 +7.183451512e+01 +7.183451512e+01
35974 0 +1.412369071e-01 +7.183123691e+01 +7.183123691e+01
39132 0 +1.380349963e-01 +7.182803500e+01 +7.182803500e+01
62004 0 +1.348962109e-01 +7.182489621e+01 +7.182489621e+01
% f evaluations | g evaluations | best noise-free fitness - Fopt (2.140100000000e+02) + sum g_i+ | measured fitness | best measured fitness or single-digit g-values | x1 | x2...
1 0 +2.503737427e-01 +2.142603737e+02 +2.142603737e+02
8178 0 +2.503050271e-01 +2.142603050e+02 +2.142603050e+02
8304 0 +2.448531839e-01 +2.142548532e+02 +2.142548532e+02
8465 0 +2.398092583e-01 +2.142498093e+02 +2.142498093e+02
8721 0 +2.340821255e-01 +2.142440821e+02 +2.142440821e+02
8983 0 +2.288993635e-01 +2.142388994e+02 +2.142388994e+02
9143 0 +2.236116600e-01 +2.142336117e+02 +2.142336117e+02
9314 0 +2.181998641e-01 +2.142281999e+02 +2.142281999e+02
9509 0 +2.137232326e-01 +2.142237232e+02 +2.142237232e+02
9724 0 +2.088893136e-01 +2.142188893e+02 +2.142188893e+02
9996 0 +2.039020165e-01 +2.142139020e+02 +2.142139020e+02
10191 0 +1.987002630e-01 +2.142087003e+02 +2.142087003e+02
10500 0 +1.949238515e-01 +2.142049239e+02 +2.142049239e+02
10842 0 +1.905144057e-01 +2.142005144e+02 +2.142005144e+02
11194 0 +1.859686004e-01 +2.141959686e+02 +2.141959686e+02
11462 0 +1.818066398e-01 +2.141918066e+02 +2.141918066e+02
11715 0 +1.772936772e-01 +2.141872937e+02 +2.141872937e+02
12066 0 +1.737553110e-01 +2.141837553e+02 +2.141837553e+02
12381 0 +1.697542259e-01 +2.141797542e+02 +2.141797542e+02
12704 0 +1.657012066e-01 +2.141757012e+02 +2.141757012e+02
13105 0 +1.620582298e-01 +2.141720582e+02 +2.141720582e+02
13667 0 +1.584433421e-01 +2.141684433e+02 +2.141684433e+02
14510 0 +1.545620960e-01 +2.141645621e+02 +2.141645621e+02
15313 0 +1.513486321e-01 +2.141613486e+02 +2.141613486e+02
16457 0 +1.478903650e-01 +2.141578904e+02 +2.141578904e+02
18321 0 +1.444919124e-01 +2.141544919e+02 +2.141544919e+02
21752 0 +1.412447739e-01 +2.141512448e+02 +2.141512448e+02
24213 0 +1.380224360e-01 +2.141480224e+02 +2.141480224e+02
34838 0 +1.348942937e-01 +2.141448943e+02 +2.141448943e+02
51017 0 +1.318237221e-01 +2.141418237e+02 +2.141418237e+02
56685 0 +1.287009584e-01 +2.141387010e+02 +2.141387010e+02
58391 0 +1.258816382e-01 +2.141358816e+02 +2.141358816e+02
71258 0 +1.229447964e-01 +2.141329448e+02 +2.141329448e+02
72461 0 +1.201508895e-01 +2.141301509e+02 +2.141301509e+02
73299 0 +1.174575624e-01 +2.141274576e+02 +2.141274576e+02
74184 0 +1.147444435e-01 +2.141247444e+02 +2.141247444e+02
74934 0 +1.121651829e-01 +2.141221652e+02 +2.141221652e+02
76136 0 +1.096060295e-01 +2.141196060e+02 +2.141196060e+02
77701 0 +1.071165816e-01 +2.141171166e+02 +2.141171166e+02
80850 0 +1.047042672e-01 +2.141147043e+02 +2.141147043e+02
85712 0 +1.023122779e-01 +2.141123123e+02 +2.141123123e+02
91713 0 +9.999447481e-02 +2.141099945e+02 +2.141099945e+02
106426 0 +9.771851402e-02 +2.141077185e+02 +2.141077185e+02
108708 0 +9.549176988e-02 +2.141054918e+02 +2.141054918e+02
113536 0 +9.332040116e-02 +2.141033204e+02 +2.141033204e+02
121824 0 +9.119902228e-02 +2.141011990e+02 +2.141011990e+02
% f evaluations | g evaluations | best noise-free fitness - Fopt (-5.848000000000e+01) + sum g_i+ | measured fitness | best measured fitness or single-digit g-values | x1 | x2...
1 0 +2.503737427e-01 -5.822962626e+01 -5.822962626e+01
37228 0 +2.502816216e-01 -5.822971838e+01 -5.822971838e+01
38928 0 +2.454642581e-01 -5.823453574e+01 -5.823453574e+01
43696 0 +2.398575171e-01 -5.824014248e+01 -5.824014248e+01
51784 0 +2.344098773e-01 -5.824559012e+01 -5.824559012e+01
60445 0 +2.289577996e-01 -5.825104220e+01 -5.825104220e+01
71323 0 +2.238707574e-01 -5.825612924e+01 -5.825612924e+01
89016 0 +2.187757833e-01 -5.826122422e+01 -5.826122422e+01
% f evaluations | g evaluations | best noise-free fitness - Fopt (-6.130800000000e+02) + sum g_i+ | measured fitness | best measured fitness or single-digit g-values | x1 | x2...
1 0 +2.503737427e-01 -6.128296263e+02 -6.128296263e+02
12706 0 +2.503269616e-01 -6.128296730e+02 -6.128296730e+02
13059 0 +2.454422422e-01 -6.128345578e+02 -6.128345578e+02
13504 0 +2.397671295e-01 -6.128402329e+02 -6.128402329e+02
14393 0 +2.344184908e-01 -6.128455815e+02 -6.128455815e+02
15201 0 +2.290686664e-01 -6.128509313e+02 -6.128509313e+02
16051 0 +2.238559575e-01 -6.128561440e+02 -6.128561440e+02
17187 0 +2.187530458e-01 -6.128612470e+02 -6.128612470e+02
17700 0 +2.136190587e-01 -6.128663809e+02 -6.128663809e+02
18045 0 +2.088369094e-01 -6.128711631e+02 -6.128711631e+02
18266 0 +2.038598096e-01 -6.128761402e+02 -6.128761402e+02
18404 0 +1.994936214e-01 -6.128805064e+02 -6.128805064e+02
18544 0 +1.948976735e-01 -6.128851023e+02 -6.128851023e+02
18725 0 +1.885162771e-01 -6.128914837e+02 -6.128914837e+02
18937 0 +1.856414553e-01 -6.128943585e+02 -6.128943585e+02
19306 0 +1.819400897e-01 -6.128980599e+02 -6.128980599e+02
21000 0 +1.778166252e-01 -6.129021834e+02 -6.129021834e+02
22311 0 +1.737475397e-01 -6.129062525e+02 -6.129062525e+02
23064 0 +1.695831917e-01 -6.129104168e+02 -6.129104168e+02
23574 0 +1.655219920e-01 -6.129144780e+02 -6.129144780e+02
24288 0 +1.621271610e-01 -6.129178728e+02 -6.129178728e+02
25502 0 +1.584827834e-01 -6.129215172e+02 -6.129215172e+02
26663 0 +1.548707811e-01 -6.129251292e+02 -6.129251292e+02
29798 0 +1.513488814e-01 -6.129286511e+02 -6.129286511e+02
30633 0 +1.478736257e-01 -6.129321264e+02 -6.129321264e+02
31173 0 +1.445007057e-01 -6.129354993e+02 -6.129354993e+02
32058 0 +1.412266561e-01 -6.129387733e+02 -6.129387733e+02
35554 0 +1.380319039e-01 -6.129419681e+02 -6.129419681e+02
36433 0 +1.348337138e-01 -6.129451663e+02 -6.129451663e+02
41452 0 +1.318211047e-01 -6.129481789e+02 -6.129481789e+02
61818 0 +1.288238473e-01 -6.129511762e+02 -6.129511762e+02
91469 0 +1.258920413e-01 -6.129541080e+02 -6.129541080e+02
106929 0 +1.230252049e-01 -6.129569748e+02 -6.129569748e+02
119682 0 +1.202214845e-01 -6.129597785e+02 -6.129597785e+02
124566 0 +1.174841856e-01 -6.129625158e+02 -6.129625158e+02
131916 0 +1.148105476e-01 -6.129651895e+02 -6.129651895e+02
138292 0 +1.121972582e-01 -6.129678027e+02 -6.129678027e+02
161382 0 +1.096467328e-01 -6.129703533e+02 -6.129703533e+02
197492 0 +1.071514675e-01 -6.129728485e+02 -6.129728485e+02
% f evaluations | g evaluations | best noise-free fitness - Fopt (6.189000000000e+01) + sum g_i+ | measured fitness | best measured fitness or single-digit g-values | x1 | x2...
1 0 +2.503737427e-01 +6.214037374e+01 +6.214037374e+01
6843 0 +2.497468782e-01 +6.213974688e+01 +6.213974688e+01
6952 0 +2.454587810e-01 +6.213545878e+01 +6.213545878e+01
7109 0 +2.395262247e-01 +6.212952622e+01 +6.212952622e+01
7219 0 +2.341896943e-01 +6.212418969e+01 +6.212418969e+01
7344 0 +2.288278154e-01 +6.211882782e+01 +6.211882782e+01
7502 0 +2.234471961e-01 +6.211344720e+01 +6.211344720e+01
7709 0 +2.187523693e-01 +6.210875237e+01 +6.210875237e+01
7908 0 +2.137460352e-01 +6.210374604e+01 +6.210374604e+01
8137 0 +2.088747825e-01 +6.209887478e+01 +6.209887478e+01
8343 0 +2.038168908e-01 +6.209381689e+01 +6.209381689e+01
8660 0 +1.989596859e-01 +6.208895969e+01 +6.208895969e+01
8967 0 +1.947915855e-01 +6.208479159e+01 +6.208479159e+01
9424 0 +1.904497005e-01 +6.208044970e+01 +6.208044970e+01
9848 0 +1.861893475e-01 +6.207618935e+01 +6.207618935e+01
10186 0 +1.818630591e-01 +6.207186306e+01 +6.207186306e+01
10442 0 +1.777382469e-01 +6.206773825e+01 +6.206773825e+01
10717 0 +1.736646300e-01 +6.206366463e+01 +6.206366463e+01
10923 0 +1.696335579e-01 +6.205963356e+01 +6.205963356e+01
11179 0 +1.658846947e-01 +6.205588469e+01 +6.205588469e+01
11500 0 +1.621325853e-01 +6.205213259e+01 +6.205213259e+01
12081 0 +1.583825956e-01 +6.204838260e+01 +6.204838260e+01
14625 0 +1.548671675e-01 +6.204486717e+01 +6.204486717e+01
16036 0 +1.512750400e-01 +6.204127504e+01 +6.204127504e+01
19073 0 +1.479050423e-01 +6.203790504e+01 +6.203790504e+01
26203 0 +1.445384709e-01 +6.203453847e+01 +6.203453847e+01
31116 0 +1.412490848e-01 +6.203124908e+01 +6.203124908e+01
42409 0 +1.380346106e-01 +6.202803461e+01 +6.202803461e+01
57620 0 +1.348936775e-01 +6.202489368e+01 +6.202489368e+01
68002 0 +1.318202648e-01 +6.202182026e+01 +6.202182026e+01
71842 0 +1.288172275e-01 +6.201881723e+01 +6.201881723e+01
74342 0 +1.258810041e-01 +6.201588100e+01 +6.201588100e+01
77607 0 +1.230187483e-01 +6.201301875e+01 +6.201301875e+01
81659 0 +1.202236126e-01 +6.201022361e+01 +6.201022361e+01
89275 0 +1.174890553e-01 +6.200748906e+01 +6.200748906e+01
% f evaluations | g evaluations | best noise-free fitness - Fopt (-8.456000000000e+01) + sum g_i+ | measured fitness | best measured fitness or single-digit g-values | x1 | x2...
1 0 +2.503737427e-01 -8.430962626e+01 -8.430962626e+01
6055 0 +2.502699149e-01 -8.430973009e+01 -8.430973009e+01
6196 0 +2.446248922e-01 -8.431537511e+01 -8.431537511e+01
6310 0 +2.387209925e-01 -8.432127901e+01 -8.432127901e+01
6442 0 +2.338813309e-01 -8.432611867e+01 -8.432611867e+01
6498 0 +2.288085659e-01 -8.433119143e+01 -8.433119143e+01
6695 0 +2.237920526e-01 -8.433620795e+01 -8.433620795e+01
6786 0 +2.184147875e-01 -8.434158521e+01 -8.434158521e+01
6967 0 +2.136854015e-01 -8.434631460e+01 -8.434631460e+01
7071 0 +2.083792334e-01 -8.435162077e+01 -8.435162077e+01
7202 0 +2.040914068e-01 -8.435590859e+01 -8.435590859e+01
7352 0 +1.994070950e-01 -8.436059291e+01 -8.436059291e+01
7477 0 +1.949115128e-01 -8.436508849e+01 -8.436508849e+01
7712 0 +1.896976894e-01 -8.437030231e+01 -8.437030231e+01
7850 0 +1.855967550e-01 -8.437440324e+01 -8.437440324e+01
8042 0 +1.817853434e-01 -8.437821466e+01 -8.437821466e+01
8253 0 +1.776371017e-01 -8.438236290e+01 -8.438236290e+01
8463 0 +1.737784497e-01 -8.438622155e+01 -8.438622155e+01
9064 0 +1.696920964e-01 -8.439030790e+01 -8.439030790e+01
10823 0 +1.659567675e-01 -8.439404323e+01 -8.439404323e+01
11667 0 +1.619291503e-01 -8.439807085e+01 -8.439807085e+01
12481 0 +1.584519706e-01 -8.440154803e+01 -8.440154803e+01
14758 0 +1.548739065e-01 -8.440512609e+01 -8.440512609e+01
15389 0 +1.510844705e-01 -8.440891553e+01 -8.440891553e+01
15880 0 +1.477853997e-01 -8.441221460e+01 -8.441221460e+01
17661 0 +1.444660278e-01 -8.441553397e+01 -8.441553397e+01
21052 0 +1.412526354e-01 -8.441874736e+01 -8.441874736e+01
26350 0 +1.380373224e-01 -8.442196268e+01 -8.442196268e+01
31519 0 +1.348936342e-01 -8.442510637e+01 -8.442510637e+01
35372 0 +1.317914698e-01 -8.442820853e+01 -8.442820853e+01
39258 0 +1.288227762e-01 -8.443117722e+01 -8.443117722e+01
41206 0 +1.258923164e-01 -8.443410768e+01 -8.443410768e+01
46120 0 +1.230129144e-01 -8.443698709e+01 -8.443698709e+01
49593 0 +1.202109649e-01 -8.443978904e+01 -8.443978904e+01
51190 0 +1.174841185e-01 -8.444251588e+01 -8.444251588e+01
62412 0 +1.148142169e-01 -8.444518578e+01 -8.444518578e+01
64879 0 +1.121475933e-01 -8.444785241e+01 -8.444785241e+01
66657 0 +1.096321589e-01 -8.445036784e+01 -8.445036784e+01
68657 0 +1.071448052e-01 -8.445285519e+01 -8.445285519e+01
70364 0 +1.047100249e-01 -8.445528998e+01 -8.445528998e+01
75343 0 +1.023289031e-01 -8.445767110e+01 -8.445767110e+01
83840 0 +9.999996041e-02 -8.446000004e+01 -8.446000004e+01
84987 0 +9.771564339e-02 -8.446228436e+01 -8.446228436e+01
86720 0 +9.542616952e-02 -8.446457383e+01 -8.446457383e+01
88596 0 +9.331562197e-02 -8.446668438e+01 -8.446668438e+01
92329 0 +9.120099121e-02 -8.446879901e+01 -8.446879901e+01
99872 0 +8.912430709e-02 -8.447087569e+01 -8.447087569e+01
107611 0 +8.708229186e-02 -8.447291771e+01 -8.447291771e+01
108848 0 +8.510893749e-02 -8.447489106e+01 -8.447489106e+01
110048 0 +8.314405029e-02 -8.447685595e+01 -8.447685595e+01
111503 0 +8.125673793e-02 -8.447874326e+01 -8.447874326e+01
112821 0 +7.942788986e-02 -8.448057211e+01 -8.448057211e+01
115401 0 +7.761876261e-02 -8.448238124e+01 -8.448238124e+01
118047 0 +7.585505928e-02 -8.448414494e+01 -8.448414494e+01
120832 0 +7.411231111e-02 -8.448588769e+01 -8.448588769e+01
125363 0 +7.243385270e-02 -8.448756615e+01 -8.448756615e+01
134175 0 +7.079452725e-02 -8.448920547e+01 -8.448920547e+01
144555 0 +6.917943183e-02 -8.449082057e+01 -8.449082057e+01
160994 0 +6.760759376e-02 -8.449239241e+01 -8.449239241e+01
180376 0 +6.606847837e-02 -8.449393152e+01 -8.449393152e+01
190619 0 +6.455752618e-02 -8.449544247e+01 -8.449544247e+01
197679 0 +6.309317687e-02 -8.449690682e+01 -8.449690682e+01
201901 0 +6.165427414e-02 -8.449834573e+01 -8.449834573e+01
205535 0 +6.024473740e-02 -8.449975526e+01 -8.449975526e+01
208826 0 +5.887171859e-02 -8.450112828e+01 -8.450112828e+01
213725 0 +5.753950028e-02 -8.450246050e+01 -8.450246050e+01
217864 0 +5.621713796e-02 -8.450378286e+01 -8.450378286e+01
220761 0 +5.494978081e-02 -8.450505022e+01 -8.450505022e+01
225015 0 +5.369415063e-02 -8.450630585e+01 -8.450630585e+01
228458 0 +5.247405910e-02 -8.450752594e+01 -8.450752594e+01
236643 0 +5.128026240e-02 -8.450871974e+01 -8.450871974e+01
242973 0 +5.011796250e-02 -8.450988204e+01 -8.450988204e+01
245943 0 +4.896194411e-02 -8.451103806e+01 -8.451103806e+01
253390 0 +4.786120026e-02 -8.451213880e+01 -8.451213880e+01
264160 0 +4.677187981e-02 -8.451322812e+01 -8.451322812e+01
275896 0 +4.570582089e-02 -8.451429418e+01 -8.451429418e+01
319106 0 +4.466817747e-02 -8.451533182e+01 -8.451533182e+01
% f evaluations | g evaluations | best noise-free fitness - Fopt (-2.602000000000e+01) + sum g_i+ | measured fitness | best measured fitness or single-digit g-values | x1 | x2...
1 0 +2.503737427e-01 -2.576962626e+01 -2.576962626e+01
16322 0 +2.502662445e-01 -2.576973376e+01 -2.576973376e+01
16712 0 +2.454203802e-01 -2.577457962e+01 -2.577457962e+01
17809 0 +2.398688413e-01 -2.578013116e+01 -2.578013116e+01
19518 0 +2.344203499e-01 -2.578557965e+01 -2.578557965e+01
20087 0 +2.290331905e-01 -2.579096681e+01 -2.579096681e+01
20324 0 +2.231371015e-01 -2.579686290e+01 -2.579686290e+01
20615 0 +2.187673940e-01 -2.580123261e+01 -2.580123261e+01
20856 0 +2.136780325e-01 -2.580632197e+01 -2.580632197e+01
21332 0 +2.089091128e-01 -2.581109089e+01 -2.581109089e+01
21868 0 +2.041253374e-01 -2.581587466e+01 -2.581587466e+01
22507 0 +1.994870848e-01 -2.582051292e+01 -2.582051292e+01
23394 0 +1.949035267e-01 -2.582509647e+01 -2.582509647e+01
23996 0 +1.903844308e-01 -2.582961557e+01 -2.582961557e+01
24683 0 +1.861431639e-01 -2.583385684e+01 -2.583385684e+01
25369 0 +1.819668089e-01 -2.583803319e+01 -2.583803319e+01
25973 0 +1.777775792e-01 -2.584222242e+01 -2.584222242e+01
26612 0 +1.736977442e-01 -2.584630226e+01 -2.584630226e+01
27400 0 +1.697674464e-01 -2.585023255e+01 -2.585023255e+01
28489 0 +1.658578877e-01 -2.585414211e+01 -2.585414211e+01
29200 0 +1.621649739e-01 -2.585783503e+01 -2.585783503e+01
31027 0 +1.584632215e-01 -2.586153678e+01 -2.586153678e+01
33656 0 +1.548527204e-01 -2.586514728e+01 -2.586514728e+01
39357 0 +1.513499190e-01 -2.586865008e+01 -2.586865008e+01
48650 0 +1.479082203e-01 -2.587209178e+01 -2.587209178e+01
53417 0 +1.445422522e-01 -2.587545775e+01 -2.587545775e+01
56400 0 +1.412482939e-01 -2.587875171e+01 -2.587875171e+01
59162 0 +1.380091362e-01 -2.588199086e+01 -2.588199086e+01
62780 0 +1.348936342e-01 -2.588510637e+01 -2.588510637e+01
66545 0 +1.318214678e-01 -2.588817853e+01 -2.588817853e+01
70964 0 +1.288193954e-01 -2.589118060e+01 -2.589118060e+01
78305 0 +1.258888369e-01 -2.589411116e+01 -2.589411116e+01
87963 0 +1.230267595e-01 -2.589697324e+01 -2.589697324e+01
97811 0 +1.202221608e-01 -2.589977784e+01 -2.589977784e+01
105386 0 +1.174876002e-01 -2.590251240e+01 -2.590251240e+01
119887 0 +1.148129782e-01 -2.590518702e+01 -2.590518702e+01
138407 0 +1.122000210e-01 -2.590779998e+01 -2.590779998e+01
149110 0 +1.096449561e-01 -2.591035504e+01 -2.591035504e+01
161083 0 +1.071512568e-01 -2.591284874e+01 -2.591284874e+01
% f evaluations | g evaluations | best noise-free fitness - Fopt (-3.015000000000e+01) + sum g_i+ | measured fitness | best measured fitness or single-digit g-values | x1 | x2...
1 0 +2.503737427e-01 -2.989962626e+01 -2.989962626e+01
12534 0 +2.502838868e-01 -2.989971611e+01 -2.989971611e+01
13182 0 +2.454341339e-01 -2.990456587e+01 -2.990456587e+01
13738 0 +2.395872885e-01 -2.991041271e+01 -2.991041271e+01
14226 0 +2.343161369e-01 -2.991568386e+01 -2.991568386e+01
14980 0 +2.289745349e-01 -2.992102547e+01 -2.992102547e+01
16893 0 +2.238471469e-01 -2.992615285e+01 -2.992615285e+01
18367 0 +2.186913444e-01 -2.993130866e+01 -2.993130866e+01
21002 0 +2.137806845e-01 -2.993621932e+01 -2.993621932e+01
36034 0 +2.089286254e-01 -2.994107137e+01 -2.994107137e+01
49654 0 +2.041660006e-01 -2.994583400e+01 -2.994583400e+01
51117 0 +1.994895390e-01 -2.995051046e+01 -2.995051046e+01
58439 0 +1.949681211e-01 -2.995503188e+01 -2.995503188e+01
60902 0 +1.904932575e-01 -2.995950674e+01 -2.995950674e+01
62663 0 +1.861670178e-01 -2.996383298e+01 -2.996383298e+01
64334 0 +1.818501377e-01 -2.996814986e+01 -2.996814986e+01
65179 0 +1.777132221e-01 -2.997228678e+01 -2.997228678e+01
66033 0 +1.736762476e-01 -2.997632375e+01 -2.997632375e+01
67207 0 +1.698169483e-01 -2.998018305e+01 -2.998018305e+01
68769 0 +1.659471332e-01 -2.998405287e+01 -2.998405287e+01
70725 0 +1.621681651e-01 -2.998783183e+01 -2.998783183e+01
73985 0 +1.584824512e-01 -2.999151755e+01 -2.999151755e+01
75440 0 +1.548398288e-01 -2.999516017e+01 -2.999516017e+01
76359 0 +1.512597770e-01 -2.999874022e+01 -2.999874022e+01
77252 0 +1.477833836e-01 -3.000221662e+01 -3.000221662e+01
78251 0 +1.445244979e-01 -3.000547550e+01 -3.000547550e+01
80043 0 +1.412393709e-01 -3.000876063e+01 -3.000876063e+01
84280 0 +1.380369759e-01 -3.001196302e+01 -3.001196302e+01
91262 0 +1.348822938e-01 -3.001511771e+01 -3.001511771e+01
94128 0 +1.318193296e-01 -3.001818067e+01 -3.001818067e+01
98843 0 +1.287901186e-01 -3.002120988e+01 -3.002120988e+01
101357 0 +1.258876860e-01 -3.002411231e+01 -3.002411231e+01
103683 0 +1.230206444e-01 -3.002697936e+01 -3.002697936e+01
105122 0 +1.202102112e-01 -3.002978979e+01 -3.002978979e+01
106706 0 +1.174875374e-01 -3.003251246e+01 -3.003251246e+01
108224 0 +1.148125923e-01 -3.003518741e+01 -3.003518741e+01
111335 0 +1.122003372e-01 -3.003779966e+01 -3.003779966e+01
116245 0 +1.096290098e-01 -3.004037099e+01 -3.004037099e+01
118478 0 +1.071156616e-01 -3.004288434e+01 -3.004288434e+01
123394 0 +1.047107931e-01 -3.004528921e+01 -3.004528921e+01
128684 0 +1.023262345e-01 -3.004767377e+01 -3.004767377e+01
131104 0 +9.999975457e-02 -3.005000025e+01 -3.005000025e+01
134141 0 +9.771770784e-02 -3.005228229e+01 -3.005228229e+01
145623 0 +9.549133880e-02 -3.005450866e+01 -3.005450866e+01
154979 0 +9.332132713e-02 -3.005667867e+01 -3.005667867e+01
176075 0 +9.120104668e-02 -3.005879895e+01 -3.005879895e+01
% f evaluations | g evaluations | best noise-free fitness - Fopt (-1.000000000000e+03) + sum g_i+ | measured fitness | best measured fitness or single-digit g-values | x1 | x2...
1 0 +2.503737427e-01 -9.997496263e+02 -9.997496263e+02
4830 0 +2.495403215e-01 -9.997504597e+02 -9.997504597e+02
4954 0 +2.418792769e-01 -9.997581207e+02 -9.997581207e+02
5144 0 +2.392792115e-01 -9.997607208e+02 -9.997607208e+02
5298 0 +2.341053571e-01 -9.997658946e+02 -9.997658946e+02
5708 0 +2.285109715e-01 -9.997714890e+02 -9.997714890e+02
6062 0 +2.235653328e-01 -9.997764347e+02 -9.997764347e+02
6392 0 +2.187248828e-01 -9.997812751e+02 -9.997812751e+02
6711 0 +2.135753702e-01 -9.997864246e+02 -9.997864246e+02
6996 0 +2.081302128e-01 -9.997918698e+02 -9.997918698e+02
7104 0 +2.040870902e-01 -9.997959129e+02 -9.997959129e+02
7273 0 +1.987134283e-01 -9.998012866e+02 -9.998012866e+02
7368 0 +1.946546843e-01 -9.998053453e+02 -9.998053453e+02
7521 0 +1.900525183e-01 -9.998099475e+02 -9.998099475e+02
7691 0 +1.851335436e-01 -9.998148665e+02 -9.998148665e+02
7813 0 +1.816550950e-01 -9.998183449e+02 -9.998183449e+02
7992 0 +1.771578966e-01 -9.998228421e+02 -9.998228421e+02
8119 0 +1.732833965e-01 -9.998267166e+02 -9.998267166e+02
8272 0 +1.692119604e-01 -9.998307880e+02 -9.998307880e+02
8473 0 +1.659167536e-01 -9.998340832e+02 -9.998340832e+02
8629 0 +1.615673190e-01 -9.998384327e+02 -9.998384327e+02
8835 0 +1.583473926e-01 -9.998416526e+02 -9.998416526e+02
9037 0 +1.544320373e-01 -9.998455680e+02 -9.998455680e+02
9207 0 +1.512619730e-01 -9.998487380e+02 -9.998487380e+02
9498 0 +1.473388676e-01 -9.998526611e+02 -9.998526611e+02
9797 0 +1.445316592e-01 -9.998554683e+02 -9.998554683e+02
10054 0 +1.412460733e-01 -9.998587539e+02 -9.998587539e+02
10330 0 +1.380320682e-01 -9.998619679e+02 -9.998619679e+02
10569 0 +1.348765028e-01 -9.998651235e+02 -9.998651235e+02
10842 0 +1.318126762e-01 -9.998681873e+02 -9.998681873e+02
11589 0 +1.288035163e-01 -9.998711965e+02 -9.998711965e+02
13370 0 +1.257188165e-01 -9.998742812e+02 -9.998742812e+02
13997 0 +1.228717582e-01 -9.998771282e+02 -9.998771282e+02
14667 0 +1.201346116e-01 -9.998798654e+02 -9.998798654e+02
15280 0 +1.174022790e-01 -9.998825977e+02 -9.998825977e+02
18304 0 +1.148044470e-01 -9.998851956e+02 -9.998851956e+02
26001 0 +1.122017671e-01 -9.998877982e+02 -9.998877982e+02
41313 0 +1.096470642e-01 -9.998903529e+02 -9.998903529e+02
59514 0 +1.071513271e-01 -9.998928487e+02 -9.998928487e+02
65108 0 +1.047107509e-01 -9.998952892e+02 -9.998952892e+02
72747 0 +1.023090706e-01 -9.998976909e+02 -9.998976909e+02
75979 0 +9.999464775e-02 -9.999000054e+02 -9.999000054e+02
78636 0 +9.770914141e-02 -9.999022909e+02 -9.999022909e+02
80805 0 +9.549618778e-02 -9.999045038e+02 -9.999045038e+02
84759 0 +9.332291006e-02 -9.999066771e+02 -9.999066771e+02
90589 0 +9.119967358e-02 -9.999088003e+02 -9.999088003e+02
92976 0 +8.908082838e-02 -9.999109192e+02 -9.999109192e+02
94780 0 +8.708511035e-02 -9.999129149e+02 -9.999129149e+02
96420 0 +8.511113242e-02 -9.999148889e+02 -9.999148889e+02
98741 0 +8.316728449e-02 -9.999168327e+02 -9.999168327e+02
101207 0 +8.127777982e-02 -9.999187222e+02 -9.999187222e+02
105276 0 +7.943264707e-02 -9.999205674e+02 -9.999205674e+02
122841 0 +7.762013606e-02 -9.999223799e+02 -9.999223799e+02
125408 0 +7.583726074e-02 -9.999241627e+02 -9.999241627e+02
138972 0 +7.412924575e-02 -9.999258708e+02 -9.999258708e+02
142218 0 +7.237227644e-02 -9.999276277e+02 -9.999276277e+02
142667 0 +7.073218861e-02 -9.999292678e+02 -9.999292678e+02
143021 0 +6.910001482e-02 -9.999309000e+02 -9.999309000e+02
143283 0 +6.752705040e-02 -9.999324729e+02 -9.999324729e+02
143856 0 +6.606257995e-02 -9.999339374e+02 -9.999339374e+02
145651 0 +6.456252346e-02 -9.999354375e+02 -9.999354375e+02
147770 0 +6.306596485e-02 -9.999369340e+02 -9.999369340e+02
151253 0 +6.165534483e-02 -9.999383447e+02 -9.999383447e+02
158909 0 +6.025171535e-02 -9.999397483e+02 -9.999397483e+02
164596 0 +5.888388469e-02 -9.999411161e+02 -9.999411161e+02
173912 0 +5.754159910e-02 -9.999424584e+02 -9.999424584e+02
192472 0 +5.623377837e-02 -9.999437662e+02 -9.999437662e+02
256118 0 +5.495404607e-02 -9.999450460e+02 -9.999450460e+02
723224 0 +5.370315040e-02 -9.999462968e+02 -9.999462968e+02
% f evaluations | g evaluations | best noise-free fitness - Fopt (-9.243000000000e+02) + sum g_i+ | measured fitness | best measured fitness or single-digit g-values | x1 | x2...
1 0 +2.503737427e-01 -9.240496263e+02 -9.240496263e+02
13232 0 +2.502860849e-01 -9.240497139e+02 -9.240497139e+02
14282 0 +2.454397543e-01 -9.240545602e+02 -9.240545602e+02
17860 0 +2.398568073e-01 -9.240601432e+02 -9.240601432e+02
25198 0 +2.343969050e-01 -9.240656031e+02 -9.240656031e+02
34914 0 +2.290852572e-01 -9.240709147e+02 -9.240709147e+02
50868 0 +2.238411809e-01 -9.240761588e+02 -9.240761588e+02
53737 0 +2.187231561e-01 -9.240812768e+02 -9.240812768e+02
56106 0 +2.137610910e-01 -9.240862389e+02 -9.240862389e+02
58179 0 +2.089284762e-01 -9.240910715e+02 -9.240910715e+02
62087 0 +2.041428854e-01 -9.240958571e+02 -9.240958571e+02
76180 0 +1.995173600e-01 -9.241004826e+02 -9.241004826e+02
87020 0 +1.949784503e-01 -9.241050215e+02 -9.241050215e+02
95633 0 +1.905433791e-01 -9.241094566e+02 -9.241094566e+02
106976 0 +1.862082732e-01 -9.241137917e+02 -9.241137917e+02
% f evaluations | g evaluations | best noise-free fitness - Fopt (-1.035000000000e+01) + sum g_i+ | measured fitness | best measured fitness or single-digit g-values | x1 | x2...
1 0 +2.503737427e-01 -1.009962626e+01 -1.009962626e+01
35486 0 +2.502851661e-01 -1.009971483e+01 -1.009971483e+01
35992 0 +2.453810398e-01 -1.010461896e+01 -1.010461896e+01
37607 0 +2.397813472e-01 -1.011021865e+01 -1.011021865e+01
39927 0 +2.343900954e-01 -1.011560990e+01 -1.011560990e+01
41687 0 +2.290464126e-01 -1.012095359e+01 -1.012095359e+01
42767 0 +2.238150499e-01 -1.012618495e+01 -1.012618495e+01
43437 0 +2.187401047e-01 -1.013125990e+01 -1.013125990e+01
44786 0 +2.137216879e-01 -1.013627831e+01 -1.013627831e+01
47820 0 +2.088769168e-01 -1.014112308e+01 -1.014112308e+01
48759 0 +2.041493572e-01 -1.014585064e+01 -1.014585064e+01
49692 0 +1.994999245e-01 -1.015050008e+01 -1.015050008e+01
54021 0 +1.949706067e-01 -1.015502939e+01 -1.015502939e+01
55160 0 +1.905391156e-01 -1.015946088e+01 -1.015946088e+01
58453 0 +1.861410975e-01 -1.016385890e+01 -1.016385890e+01
59479 0 +1.819222427e-01 -1.016807776e+01 -1.016807776e+01
60077 0 +1.776972049e-01 -1.017230280e+01 -1.017230280e+01
63337 0 +1.737705596e-01 -1.017622944e+01 -1.017622944e+01
64394 0 +1.697825964e-01 -1.018021740e+01 -1.018021740e+01
65325 0 +1.658950481e-01 -1.018410495e+01 -1.018410495e+01
70516 0 +1.621803306e-01 -1.018781967e+01 -1.018781967e+01
78143 0 +1.584877051e-01 -1.019151229e+01 -1.019151229e+01
88416 0 +1.548783547e-01 -1.019512165e+01 -1.019512165e+01
100574 0 +1.513541665e-01 -1.019864583e+01 -1.019864583e+01
% f evaluations | g evaluations | best noise-free fitness - Fopt (-1.000000000000e+03) + sum g_i+ | measured fitness | best measured fitness or single-digit g-values | x1 | x2...
1 0 +2.503737427e-01 -9.997496263e+02 -9.997496263e+02
9668 0 +2.502260245e-01 -9.997497740e+02 -9.997497740e+02
9927 0 +2.451444209e-01 -9.997548556e+02 -9.997548556e+02
10354 0 +2.396522280e-01 -9.997603478e+02 -9.997603478e+02
11289 0 +2.343446528e-01 -9.997656553e+02 -9.997656553e+02
12169 0 +2.290563830e-01 -9.997709436e+02 -9.997709436e+02
13797 0 +2.237855981e-01 -9.997762144e+02 -9.997762144e+02
14823 0 +2.187024731e-01 -9.997812975e+02 -9.997812975e+02
17201 0 +2.137334960e-01 -9.997862665e+02 -9.997862665e+02
20031 0 +2.089234992e-01 -9.997910765e+02 -9.997910765e+02
25355 0 +2.041601284e-01 -9.997958399e+02 -9.997958399e+02
26441 0 +1.994879892e-01 -9.998005120e+02 -9.998005120e+02
28106 0 +1.949824464e-01 -9.998050176e+02 -9.998050176e+02
29811 0 +1.905050389e-01 -9.998094950e+02 -9.998094950e+02
32757 0 +1.862021601e-01 -9.998137978e+02 -9.998137978e+02
34735 0 +1.819487721e-01 -9.998180512e+02 -9.998180512e+02
39381 0 +1.778052154e-01 -9.998221948e+02 -9.998221948e+02
42690 0 +1.737686352e-01 -9.998262314e+02 -9.998262314e+02
45430 0 +1.698113757e-01 -9.998301886e+02 -9.998301886e+02
48744 0 +1.658434153e-01 -9.998341566e+02 -9.998341566e+02
52172 0 +1.621228358e-01 -9.998378772e+02 -9.998378772e+02
53547 0 +1.584061818e-01 -9.998415938e+02 -9.998415938e+02
54476 0 +1.548033471e-01 -9.998451967e+02 -9.998451967e+02
56057 0 +1.513524296e-01 -9.998486476e+02 -9.998486476e+02
57437 0 +1.478975766e-01 -9.998521024e+02 -9.998521024e+02
59471 0 +1.445042110e-01 -9.998554958e+02 -9.998554958e+02
60554 0 +1.412348378e-01 -9.998587652e+02 -9.998587652e+02
61127 0 +1.380048749e-01 -9.998619951e+02 -9.998619951e+02
61794 0 +1.348187078e-01 -9.998651813e+02 -9.998651813e+02
62232 0 +1.316907677e-01 -9.998683092e+02 -9.998683092e+02
62662 0 +1.287453257e-01 -9.998712547e+02 -9.998712547e+02
62944 0 +1.257311635e-01 -9.998742688e+02 -9.998742688e+02
63275 0 +1.228689850e-01 -9.998771310e+02 -9.998771310e+02
63645 0 +1.201381379e-01 -9.998798619e+02 -9.998798619e+02
64119 0 +1.173887349e-01 -9.998826113e+02 -9.998826113e+02
64680 0 +1.147974221e-01 -9.998852026e+02 -9.998852026e+02
65236 0 +1.120504016e-01 -9.998879496e+02 -9.998879496e+02
66174 0 +1.096465198e-01 -9.998903535e+02 -9.998903535e+02
68134 0 +1.071451533e-01 -9.998928548e+02 -9.998928548e+02
71462 0 +1.046829913e-01 -9.998953170e+02 -9.998953170e+02
72982 0 +1.022633835e-01 -9.998977366e+02 -9.998977366e+02
76815 0 +9.999055817e-02 -9.999000094e+02 -9.999000094e+02
81660 0 +9.768050510e-02 -9.999023195e+02 -9.999023195e+02
83939 0 +9.548663153e-02 -9.999045134e+02 -9.999045134e+02
87184 0 +9.330413735e-02 -9.999066959e+02 -9.999066959e+02
89875 0 +9.117183534e-02 -9.999088282e+02 -9.999088282e+02
95603 0 +8.911805507e-02 -9.999108819e+02 -9.999108819e+02
98797 0 +8.709191226e-02 -9.999129081e+02 -9.999129081e+02
101188 0 +8.510557611e-02 -9.999148944e+02 -9.999148944e+02
104320 0 +8.317056030e-02 -9.999168294e+02 -9.999168294e+02
107202 0 +8.127807909e-02 -9.999187219e+02 -9.999187219e+02
117053 0 +7.943082322e-02 -9.999205692e+02 -9.999205692e+02
129263 0 +7.762428232e-02 -9.999223757e+02 -9.999223757e+02
136079 0 +7.585395068e-02 -9.999241460e+02 -9.999241460e+02
140989 0 +7.412169377e-02 -9.999258783e+02 -9.999258783e+02
143618 0 +7.244072690e-02 -9.999275593e+02 -9.999275593e+02
145604 0 +7.078910935e-02 -9.999292109e+02 -9.999292109e+02
146934 0 +6.918308149e-02 -9.999308169e+02 -9.999308169e+02
149545 0 +6.760812882e-02 -9.999323919e+02 -9.999323919e+02
152172 0 +6.605893587e-02 -9.999339411e+02 -9.999339411e+02
155257 0 +6.456339828e-02 -9.999354366e+02 -9.999354366e+02
158747 0 +6.307691479e-02 -9.999369231e+02 -9.999369231e+02
161322 0 +6.164808771e-02 -9.999383519e+02 -9.999383519e+02
163098 0 +6.024423514e-02 -9.999397558e+02 -9.999397558e+02
165797 0 +5.887447391e-02 -9.999411255e+02 -9.999411255e+02
168059 0 +5.753739460e-02 -9.999424626e+02 -9.999424626e+02
170308 0 +5.623272545e-02 -9.999437673e+02 -9.999437673e+02
174584 0 +5.495299650e-02 -9.999450470e+02 -9.999450470e+02
180109 0 +5.370298002e-02 -9.999462970e+02 -9.999462970e+02
187563 0 +5.247862773e-02 -9.999475214e+02 -9.999475214e+02
191886 0 +5.128192157e-02 -9.999487181e+02 -9.999487181e+02
199868 0 +5.011462539e-02 -9.999498854e+02 -9.999498854e+02
211038 0 +4.897724290e-02 -9.999510228e+02 -9.999510228e+02
227166 0 +4.786272405e-02 -9.999521373e+02 -9.999521373e+02
302689 0 +4.677347344e-02 -9.999532265e+02 -9.999532265e+02
% f evaluations | g evaluations | best noise-free fitness - Fopt (2.880000000000e+01) + sum g_i+ | measured fitness | best measured fitness or single-digit g-values | x1 | x2...
1 0 +2.503737427e-01 +2.905037374e+01 +2.905037374e+01
59338 0 +2.503735496e-01 +2.905037355e+01 +2.905037355e+01
64684 0 +2.454591647e-01 +2.904545916e+01 +2.904545916e+01
81070 0 +2.398710057e-01 +2.903987101e+01 +2.903987101e+01
82644 0 +2.344079781e-01 +2.903440798e+01 +2.903440798e+01
83402 0 +2.290057555e-01 +2.902900576e+01 +2.902900576e+01
84116 0 +2.237517457e-01 +2.902375175e+01 +2.902375175e+01
85000 0 +2.187221747e-01 +2.901872217e+01 +2.901872217e+01
85963 0 +2.137746094e-01 +2.901377461e+01 +2.901377461e+01
86775 0 +2.087107963e-01 +2.900871080e+01 +2.900871080e+01
87837 0 +2.041540793e-01 +2.900415408e+01 +2.900415408e+01
88783 0 +1.994042845e-01 +2.899940428e+01 +2.899940428e+01
89550 0 +1.949414331e-01 +2.899494143e+01 +2.899494143e+01
90455 0 +1.905146611e-01 +2.899051466e+01 +2.899051466e+01
91376 0 +1.861645404e-01 +2.898616454e+01 +2.898616454e+01
92015 0 +1.818869187e-01 +2.898188692e+01 +2.898188692e+01
93024 0 +1.777635549e-01 +2.897776355e+01 +2.897776355e+01
94456 0 +1.737677005e-01 +2.897376770e+01 +2.897376770e+01
95749 0 +1.697288726e-01 +2.896972887e+01 +2.896972887e+01
96693 0 +1.659225708e-01 +2.896592257e+01 +2.896592257e+01
98210 0 +1.621462035e-01 +2.896214620e+01 +2.896214620e+01
100474 0 +1.584654029e-01 +2.895846540e+01 +2.895846540e+01
136228 0 +1.548814783e-01 +2.895488148e+01 +2.895488148e+01
% f evaluations | g evaluations | best noise-free fitness - Fopt (3.534000000000e+01) + sum g_i+ | measured fitness | best measured fitness or single-digit g-values | x1 | x2...
1 0 +2.503737427e-01 +3.559037374e+01 +3.559037374e+01
18499 0 +2.500209490e-01 +3.559002095e+01 +3.559002095e+01
19063 0 +2.453885277e-01 +3.558538853e+01 +3.558538853e+01
19637 0 +2.397070993e-01 +3.557970710e+01 +3.557970710e+01
20135 0 +2.344198846e-01 +3.557441988e+01 +3.557441988e+01
21018 0 +2.289721451e-01 +3.556897215e+01 +3.556897215e+01
22503 0 +2.237826045e-01 +3.556378260e+01 +3.556378260e+01
23177 0 +2.185069518e-01 +3.555850695e+01 +3.555850695e+01
23734 0 +2.135488477e-01 +3.555354885e+01 +3.555354885e+01
24742 0 +2.089161474e-01 +3.554891615e+01 +3.554891615e+01
26384 0 +2.041493874e-01 +3.554414939e+01 +3.554414939e+01
26984 0 +1.994568164e-01 +3.553945682e+01 +3.553945682e+01
27728 0 +1.949535223e-01 +3.553495352e+01 +3.553495352e+01
31310 0 +1.905368536e-01 +3.553053685e+01 +3.553053685e+01
38429 0 +1.861797626e-01 +3.552617976e+01 +3.552617976e+01
40766 0 +1.819623128e-01 +3.552196231e+01 +3.552196231e+01
42334 0 +1.778213690e-01 +3.551782137e+01 +3.551782137e+01
45452 0 +1.737383854e-01 +3.551373839e+01 +3.551373839e+01
46333 0 +1.698014952e-01 +3.550980150e+01 +3.550980150e+01
49188 0 +1.659041439e-01 +3.550590414e+01 +3.550590414e+01
50427 0 +1.621500079e-01 +3.550215001e+01 +3.550215001e+01
51352 0 +1.584583929e-01 +3.549845839e+01 +3.549845839e+01
52096 0 +1.547762223e-01 +3.549477622e+01 +3.549477622e+01
52767 0 +1.513436425e-01 +3.549134364e+01 +3.549134364e+01
53812 0 +1.478527660e-01 +3.548785277e+01 +3.548785277e+01
54708 0 +1.443963569e-01 +3.548439636e+01 +3.548439636e+01
56104 0 +1.412246617e-01 +3.548122466e+01 +3.548122466e+01
57276 0 +1.379467358e-01 +3.547794674e+01 +3.547794674e+01
58642 0 +1.348820177e-01 +3.547488202e+01 +3.547488202e+01
59790 0 +1.318180449e-01 +3.547181804e+01 +3.547181804e+01
60872 0 +1.287532616e-01 +3.546875326e+01 +3.546875326e+01
62319 0 +1.258693306e-01 +3.546586933e+01 +3.546586933e+01
64723 0 +1.230249325e-01 +3.546302493e+01 +3.546302493e+01
67712 0 +1.202204127e-01 +3.546022041e+01 +3.546022041e+01
68735 0 +1.173594616e-01 +3.545735946e+01 +3.545735946e+01
69424 0 +1.147515083e-01 +3.545475151e+01 +3.545475151e+01
69838 0 +1.121193789e-01 +3.545211938e+01 +3.545211938e+01
70610 0 +1.095672167e-01 +3.544956722e+01 +3.544956722e+01
72471 0 +1.071475723e-01 +3.544714757e+01 +3.544714757e+01
78212 0 +1.047117518e-01 +3.544471175e+01 +3.544471175e+01
79434 0 +1.023240505e-01 +3.544232405e+01 +3.544232405e+01
86621 0 +9.999774250e-02 +3.543999774e+01 +3.543999774e+01
89434 0 +9.772111498e-02 +3.543772111e+01 +3.543772111e+01
95851 0 +9.549852270e-02 +3.543549852e+01 +3.543549852e+01
107426 0 +9.332534363e-02 +3.543332534e+01 +3.543332534e+01
109630 0 +9.118894788e-02 +3.543118895e+01 +3.543118895e+01
113509 0 +8.912085008e-02 +3.542912085e+01 +3.542912085e+01
