% f evaluations | g evaluations | best noise-free fitness - Fopt (-1.025500000000e+02) + sum g_i+ | measured fitness | best measured fitness or single-digit g-values | x1 | x2...
1 0 +2.503737427e-01 -1.022996263e+02 -1.022996263e+02 +0.0000e+00 +0.0000e+00 +0.0000e+00
97 0 +1.436769961e-01 -1.024063230e+02 -1.024063230e+02 +1.4452e-01 +1.8234e-01 +5.4946e-01
1801 0 +1.412201870e-01 -1.024087798e+02 -1.024087798e+02 +1.3175e-01 +2.3663e-01 +7.2534e-01
1846 0 +1.366472419e-01 -1.024133528e+02 -1.024133528e+02 +1.2777e-01 +2.4452e-01 +7.3053e-01
1858 0 +1.336217560e-01 -1.024163782e+02 -1.024163782e+02 +1.2418e-01 +2.4957e-01 +7.3329e-01
1873 0 +1.314626884e-01 -1.024185373e+02 -1.024185373e+02 +1.2021e-01 +2.5479e-01 +7.3590e-01
1936 0 +1.271940136e-01 -1.024228060e+02 -1.024228060e+02 +1.1769e-01 +2.6413e-01 +7.4286e-01
1949 0 +1.216043982e-01 -1.024283956e+02 -1.024283956e+02 +1.0931e-01 +2.7700e-01 +7.4933e-01
1983 0 +1.187467135e-01 -1.024312533e+02 -1.024312533e+02 +1.1012e-01 +2.8274e-01 +7.5444e-01
2051 0 +1.174499365e-01 -1.024325501e+02 -1.024325501e+02 +1.0566e-01 +2.8664e-01 +7.5547e-01
2063 0 +1.128024846e-01 -1.024371975e+02 -1.024371975e+02 +1.0013e-01 +2.9735e-01 +7.6097e-01
2171 0 +1.119081323e-01 -1.024380919e+02 -1.024380919e+02 +9.2054e-02 +3.0796e-01 +7.6511e-01
2209 0 +1.096186204e-01 -1.024403814e+02 -1.024403814e+02 +8.6971e-02 +3.1721e-01 +7.6958e-01
2218 0 +1.067853530e-01 -1.024432146e+02 -1.024432146e+02 +8.5677e-02 +3.2183e-01 +7.7254e-01
2270 0 +1.039078849e-01 -1.024460921e+02 -1.024460921e+02 +8.0907e-02 +3.3413e-01 +7.7945e-01
2292 0 +1.010141489e-01 -1.024489859e+02 -1.024489859e+02 +8.3222e-02 +3.3359e-01 +7.8016e-01
2299 0 +9.923567132e-02 -1.024507643e+02 -1.024507643e+02 +8.5853e-02 +3.3505e-01 +7.8247e-01
2378 0 +9.741888076e-02 -1.024525811e+02 -1.024525811e+02 +8.3769e-02 +3.3961e-01 +7.8464e-01
2402 0 +9.460220857e-02 -1.024553978e+02 -1.024553978e+02 +8.1105e-02 +3.4519e-01 +7.8709e-01
2417 0 +9.315882023e-02 -1.024568412e+02 -1.024568412e+02 +7.6435e-02 +3.5301e-01 +7.8982e-01
2425 0 +9.116273564e-02 -1.024588373e+02 -1.024588373e+02 +7.5636e-02 +3.5644e-01 +7.9190e-01
2437 0 +8.827099404e-02 -1.024617290e+02 -1.024617290e+02 +6.9870e-02 +3.6333e-01 +7.9384e-01
2449 0 +8.415525826e-02 -1.024658447e+02 -1.024658447e+02 +6.4348e-02 +3.7596e-01 +7.9948e-01
2473 0 +8.071837951e-02 -1.024692816e+02 -1.024692816e+02 +5.9765e-02 +3.8921e-01 +8.0587e-01
2522 0 +7.871480708e-02 -1.024712852e+02 -1.024712852e+02 +5.6181e-02 +3.9739e-01 +8.0927e-01
2545 0 +7.734804413e-02 -1.024726520e+02 -1.024726520e+02 +5.3440e-02 +3.9944e-01 +8.0909e-01
2548 0 +7.398886198e-02 -1.024760111e+02 -1.024760111e+02 +4.7547e-02 +4.1194e-01 +8.1395e-01
2600 0 +7.190628287e-02 -1.024780937e+02 -1.024780937e+02 +3.9735e-02 +4.2523e-01 +8.1842e-01
2619 0 +7.001102782e-02 -1.024799890e+02 -1.024799890e+02 +3.8804e-02 +4.2718e-01 +8.1894e-01
2633 0 +6.900790360e-02 -1.024809921e+02 -1.024809921e+02 +3.7084e-02 +4.3270e-01 +8.2133e-01
2695 0 +6.746683407e-02 -1.024825332e+02 -1.024825332e+02 +3.2249e-02 +4.3752e-01 +8.2185e-01
2723 0 +6.481823288e-02 -1.024851818e+02 -1.024851818e+02 +2.1014e-02 +4.5338e-01 +8.2560e-01
2732 0 +6.385385752e-02 -1.024861461e+02 -1.024861461e+02 +1.0442e-02 +4.7008e-01 +8.3014e-01
2769 0 +6.288032097e-02 -1.024871197e+02 -1.024871197e+02 +1.5294e-02 +4.6328e-01 +8.2844e-01
2785 0 +6.160154147e-02 -1.024883985e+02 -1.024883985e+02 +1.2039e-02 +4.6935e-01 +8.3027e-01
2809 0 +6.020190224e-02 -1.024897981e+02 -1.024897981e+02 +6.8300e-03 +4.8033e-01 +8.3392e-01
2821 0 +5.885502330e-02 -1.024911450e+02 -1.024911450e+02 +8.3666e-03 +4.7935e-01 +8.3395e-01
2891 0 +5.718574872e-02 -1.024928143e+02 -1.024928143e+02 +5.2802e-03 +4.9173e-01 +8.3901e-01
2930 0 +5.601463994e-02 -1.024939854e+02 -1.024939854e+02 +1.0877e-04 +5.0056e-01 +8.4126e-01
2944 0 +5.455289337e-02 -1.024954471e+02 -1.024954471e+02 -2.3167e-03 +5.0311e-01 +8.4140e-01
2960 0 +5.307249449e-02 -1.024969275e+02 -1.024969275e+02 -6.6189e-03 +5.1046e-01 +8.4306e-01
2974 0 +5.232334969e-02 -1.024976767e+02 -1.024976767e+02 -1.1192e-02 +5.2033e-01 +8.4605e-01
3009 0 +5.093384227e-02 -1.024990662e+02 -1.024990662e+02 -1.5398e-02 +5.2871e-01 +8.4815e-01
3034 0 +4.992154182e-02 -1.025000785e+02 -1.025000785e+02 -2.0404e-02 +5.3570e-01 +8.4944e-01
3074 0 +4.897119683e-02 -1.025010288e+02 -1.025010288e+02 -2.4147e-02 +5.3693e-01 +8.4837e-01
3174 0 +4.783829358e-02 -1.025021617e+02 -1.025021617e+02 -3.2526e-02 +5.4899e-01 +8.5052e-01
3206 0 +4.663456886e-02 -1.025033654e+02 -1.025033654e+02 -3.7249e-02 +5.5799e-01 +8.5267e-01
3236 0 +4.567835218e-02 -1.025043216e+02 -1.025043216e+02 -3.8704e-02 +5.6193e-01 +8.5374e-01
3311 0 +4.457408142e-02 -1.025054259e+02 -1.025054259e+02 -4.6603e-02 +5.7581e-01 +8.5674e-01
3351 0 +4.357173601e-02 -1.025064283e+02 -1.025064283e+02 -5.2320e-02 +5.8341e-01 +8.5768e-01
3388 0 +4.247719783e-02 -1.025075228e+02 -1.025075228e+02 -5.8077e-02 +5.9809e-01 +8.6158e-01
3419 0 +4.158209226e-02 -1.025084179e+02 -1.025084179e+02 -6.1961e-02 +6.0277e-01 +8.6193e-01
3463 0 +4.037918440e-02 -1.025096208e+02 -1.025096208e+02 -7.0626e-02 +6.1420e-01 +8.6314e-01
3468 0 +3.947494111e-02 -1.025105251e+02 -1.025105251e+02 -7.7388e-02 +6.2584e-01 +8.6519e-01
3570 0 +3.806050485e-02 -1.025119395e+02 -1.025119395e+02 -9.5427e-02 +6.4844e-01 +8.6703e-01
3595 0 +3.744702946e-02 -1.025125530e+02 -1.025125530e+02 -9.7134e-02 +6.5453e-01 +8.6877e-01
3742 0 +3.715147370e-02 -1.025128485e+02 -1.025128485e+02 -1.0037e-01 +6.6035e-01 +8.6975e-01
3819 0 +3.617455269e-02 -1.025138254e+02 -1.025138254e+02 -1.1428e-01 +6.8425e-01 +8.7332e-01
3903 0 +3.541706953e-02 -1.025145829e+02 -1.025145829e+02 -1.2184e-01 +6.9394e-01 +8.7391e-01
3930 0 +3.467351688e-02 -1.025153265e+02 -1.025153265e+02 -1.3962e-01 +7.1761e-01 +8.7570e-01
4131 0 +3.384128712e-02 -1.025161587e+02 -1.025161587e+02 -1.5590e-01 +7.3735e-01 +8.7630e-01
4227 0 +3.306076643e-02 -1.025169392e+02 -1.025169392e+02 -1.7522e-01 +7.6529e-01 +8.7850e-01
4574 0 +3.231926046e-02 -1.025176807e+02 -1.025176807e+02 -1.9844e-01 +8.0104e-01 +8.8140e-01
5288 0 +3.162211415e-02 -1.025183779e+02 -1.025183779e+02 -2.7573e-01 +8.9726e-01 +8.8201e-01
% f evaluations | g evaluations | best noise-free fitness - Fopt (7.169000000000e+01) + sum g_i+ | measured fitness | best measured fitness or single-digit g-values | x1 | x2...
1 0 +2.503737427e-01 +7.194037374e+01 +7.194037374e+01 +0.0000e+00 +0.0000e+00 +0.0000e+00
283 0 +2.333018821e-01 +7.192330188e+01 +7.192330188e+01 +2.2633e-03 -6.6973e-03 +3.4784e-01
289 0 +2.284891247e-01 +7.191848912e+01 +7.191848912e+01 -9.2883e-03 +3.1921e-03 +3.3878e-01
297 0 +2.149426617e-01 +7.190494266e+01 +7.190494266e+01 +2.6376e-02 -3.3409e-02 +3.4104e-01
303 0 +2.057214744e-01 +7.189572147e+01 +7.189572147e+01 +2.1569e-02 -2.7800e-02 +3.3937e-01
308 0 +1.810683108e-01 +7.187106831e+01 +7.187106831e+01 +2.4308e-02 -4.0850e-02 +3.2991e-01
353 0 +1.706455977e-01 +7.186064560e+01 +7.186064560e+01 +2.9741e-02 -5.3793e-02 +3.2254e-01
360 0 +1.686516304e-01 +7.185865163e+01 +7.185865163e+01 +4.3941e-02 -7.7919e-02 +3.1602e-01
369 0 +1.616928009e-01 +7.185169280e+01 +7.185169280e+01 +4.8878e-02 -7.7446e-02 +3.1905e-01
370 0 +1.576837178e-01 +7.184768372e+01 +7.184768372e+01 +3.8497e-02 -6.3712e-02 +3.1858e-01
377 0 +1.539232657e-01 +7.184392327e+01 +7.184392327e+01 +3.6290e-02 -6.1343e-02 +3.1518e-01
383 0 +1.511334559e-01 +7.184113346e+01 +7.184113346e+01 +4.4402e-02 -8.0318e-02 +3.0543e-01
397 0 +1.478213631e-01 +7.183782136e+01 +7.183782136e+01 +5.3097e-02 -9.0497e-02 +3.0662e-01
413 0 +1.387301712e-01 +7.182873017e+01 +7.182873017e+01 +6.4867e-02 -1.0873e-01 +2.9740e-01
429 0 +1.341729364e-01 +7.182417294e+01 +7.182417294e+01 +8.4193e-02 -1.3818e-01 +2.8362e-01
434 0 +1.276759266e-01 +7.181767593e+01 +7.181767593e+01 +6.0718e-02 -9.8503e-02 +2.9859e-01
441 0 +1.180911678e-01 +7.180809117e+01 +7.180809117e+01 +6.8846e-02 -1.1044e-01 +2.9093e-01
445 0 +1.134056243e-01 +7.180340562e+01 +7.180340562e+01 +8.2322e-02 -1.3017e-01 +2.8440e-01
454 0 +1.037811018e-01 +7.179378110e+01 +7.179378110e+01 +1.0311e-01 -1.5112e-01 +2.8045e-01
462 0 +9.749778150e-02 +7.178749778e+01 +7.178749778e+01 +9.0915e-02 -1.3554e-01 +2.8154e-01
463 0 +9.084681589e-02 +7.178084682e+01 +7.178084682e+01 +9.4127e-02 -1.3406e-01 +2.8136e-01
465 0 +8.133442513e-02 +7.177133443e+01 +7.177133443e+01 +1.0615e-01 -1.4478e-01 +2.7424e-01
471 0 +6.699924607e-02 +7.175699925e+01 +7.175699925e+01 +1.4424e-01 -1.9601e-01 +2.5221e-01
493 0 +5.697097576e-02 +7.174697098e+01 +7.174697098e+01 +1.4245e-01 -1.8789e-01 +2.4616e-01
504 0 +4.929529083e-02 +7.173929529e+01 +7.173929529e+01 +1.5340e-01 -2.0809e-01 +2.3672e-01
521 0 +3.896797727e-02 +7.172896798e+01 +7.172896798e+01 +2.0383e-01 -2.6604e-01 +2.0358e-01
535 0 +3.600867350e-02 +7.172600867e+01 +7.172600867e+01 +1.8535e-01 -2.4713e-01 +2.1175e-01
541 0 +3.514754504e-02 +7.172514755e+01 +7.172514755e+01 +2.1006e-01 -2.7973e-01 +1.9418e-01
551 0 +3.341429813e-02 +7.172341430e+01 +7.172341430e+01 +2.0853e-01 -2.7843e-01 +1.9362e-01
571 0 +2.976876568e-02 +7.171976877e+01 +7.171976877e+01 +1.8913e-01 -2.5267e-01 +2.0102e-01
579 0 +2.944210762e-02 +7.171944211e+01 +7.171944211e+01 +2.0757e-01 -2.7822e-01 +1.9003e-01
603 0 +2.786441619e-02 +7.171786442e+01 +7.171786442e+01 +2.0081e-01 -2.6894e-01 +1.9299e-01
608 0 +2.654815516e-02 +7.171654816e+01 +7.171654816e+01 +2.0416e-01 -2.7309e-01 +1.8956e-01
621 0 +2.478131864e-02 +7.171478132e+01 +7.171478132e+01 +2.1291e-01 -2.8196e-01 +1.8470e-01
623 0 +2.419258760e-02 +7.171419259e+01 +7.171419259e+01 +2.0752e-01 -2.7503e-01 +1.8620e-01
626 0 +2.208951493e-02 +7.171208951e+01 +7.171208951e+01 +2.1315e-01 -2.8175e-01 +1.8009e-01
635 0 +2.146198524e-02 +7.171146199e+01 +7.171146199e+01 +2.1656e-01 -2.8168e-01 +1.7727e-01
636 0 +2.042087033e-02 +7.171042087e+01 +7.171042087e+01 +2.1748e-01 -2.8469e-01 +1.7342e-01
642 0 +1.782956904e-02 +7.170782957e+01 +7.170782957e+01 +2.3059e-01 -2.9946e-01 +1.6613e-01
644 0 +1.745374114e-02 +7.170745374e+01 +7.170745374e+01 +2.2781e-01 -2.9903e-01 +1.6097e-01
646 0 +1.343705769e-02 +7.170343706e+01 +7.170343706e+01 +2.5497e-01 -3.2590e-01 +1.4527e-01
651 0 +8.713976545e-03 +7.169871398e+01 +7.169871398e+01 +2.7970e-01 -3.5506e-01 +1.1778e-01
662 0 +8.150736064e-03 +7.169815074e+01 +7.169815074e+01 +2.8675e-01 -3.6206e-01 +1.1007e-01
666 0 +7.999189480e-03 +7.169799919e+01 +7.169799919e+01 +2.8940e-01 -3.6456e-01 +1.0842e-01
669 0 +5.155193908e-03 +7.169515519e+01 +7.169515519e+01 +3.1227e-01 -3.9227e-01 +8.7632e-02
683 0 +2.660074834e-03 +7.169266007e+01 +7.169266007e+01 +3.5018e-01 -4.3275e-01 +4.7810e-02
689 0 +2.233002452e-03 +7.169223300e+01 +7.169223300e+01 +3.5402e-01 -4.3838e-01 +4.1506e-02
690 0 +1.707238719e-03 +7.169170724e+01 +7.169170724e+01 +3.9343e-01 -4.8420e-01 +6.8998e-03
707 0 +8.778998833e-04 +7.169087790e+01 +7.169087790e+01 +4.0183e-01 -4.9036e-01 -1.4041e-02
709 0 +4.780428737e-04 +7.169047804e+01 +7.169047804e+01 +4.1691e-01 -5.0565e-01 -2.3146e-02
716 0 +2.595190175e-04 +7.169025952e+01 +7.169025952e+01 +4.5540e-01 -5.4726e-01 -6.2139e-02
733 0 +1.278327725e-04 +7.169012783e+01 +7.169012783e+01 +4.9442e-01 -5.8864e-01 -1.0747e-01
737 0 +1.063834520e-04 +7.169010638e+01 +7.169010638e+01 +4.6353e-01 -5.5422e-01 -7.3310e-02
760 0 +1.041512279e-04 +7.169010415e+01 +7.169010415e+01 +4.7950e-01 -5.7375e-01 -9.3117e-02
812 0 +9.954228503e-05 +7.169009954e+01 +7.169009954e+01 +4.6448e-01 -5.5703e-01 -7.5994e-02
813 0 +9.018598088e-05 +7.169009019e+01 +7.169009019e+01 +4.6415e-01 -5.5624e-01 -7.5697e-02
816 0 +8.173377256e-05 +7.169008173e+01 +7.169008173e+01 +4.6597e-01 -5.5851e-01 -7.8634e-02
824 0 +7.776046412e-05 +7.169007776e+01 +7.169007776e+01 +4.7909e-01 -5.7259e-01 -9.2281e-02
826 0 +6.982595103e-05 +7.169006983e+01 +7.169006983e+01 +4.7762e-01 -5.7059e-01 -9.0284e-02
831 0 +5.629654710e-05 +7.169005630e+01 +7.169005630e+01 +4.8218e-01 -5.7539e-01 -9.5981e-02
836 0 +4.399447953e-05 +7.169004399e+01 +7.169004399e+01 +4.8053e-01 -5.7332e-01 -9.4921e-02
845 0 +4.216003603e-05 +7.169004216e+01 +7.169004216e+01 +5.1481e-01 -6.0971e-01 -1.3523e-01
847 0 +3.995828723e-05 +7.169003996e+01 +7.169003996e+01 +4.8081e-01 -5.7289e-01 -9.4465e-02
849 0 +3.893497848e-05 +7.169003893e+01 +7.169003893e+01 +4.8227e-01 -5.7530e-01 -9.7768e-02
850 0 +2.258091641e-05 +7.169002258e+01 +7.169002258e+01 +5.0348e-01 -5.9724e-01 -1.2344e-01
858 0 +1.984784006e-05 +7.169001985e+01 +7.169001985e+01 +5.2006e-01 -6.1424e-01 -1.4145e-01
870 0 +1.111187198e-05 +7.169001111e+01 +7.169001111e+01 +5.1074e-01 -6.0374e-01 -1.3141e-01
890 0 +1.024115757e-05 +7.169001024e+01 +7.169001024e+01 +5.2151e-01 -6.1372e-01 -1.4431e-01
897 0 +6.329721330e-06 +7.169000633e+01 +7.169000633e+01 +5.2229e-01 -6.1528e-01 -1.4403e-01
905 0 +4.647808112e-06 +7.169000465e+01 +7.169000465e+01 +5.3788e-01 -6.3076e-01 -1.6156e-01
933 0 +4.542310265e-06 +7.169000454e+01 +7.169000454e+01 +5.1466e-01 -6.0701e-01 -1.3437e-01
950 0 +2.253128088e-06 +7.169000225e+01 +7.169000225e+01 +5.2322e-01 -6.1498e-01 -1.4273e-01
967 0 +2.017836394e-06 +7.169000202e+01 +7.169000202e+01 +5.3031e-01 -6.2131e-01 -1.4977e-01
979 0 +1.340760051e-06 +7.169000134e+01 +7.169000134e+01 +5.3539e-01 -6.2667e-01 -1.5580e-01
981 0 +7.082389857e-07 +7.169000071e+01 +7.169000071e+01 +5.3594e-01 -6.2680e-01 -1.5679e-01
1003 0 +5.265657990e-07 +7.169000053e+01 +7.169000053e+01 +5.3568e-01 -6.2682e-01 -1.5687e-01
1010 0 +4.946796537e-07 +7.169000049e+01 +7.169000049e+01 +5.3973e-01 -6.3134e-01 -1.6218e-01
1013 0 +1.421801699e-07 +7.169000014e+01 +7.169000014e+01 +5.4250e-01 -6.3349e-01 -1.6569e-01
1042 0 +7.865635610e-08 +7.169000008e+01 +7.169000008e+01 +5.4500e-01 -6.3569e-01 -1.6838e-01
1046 0 +1.102461056e-08 +7.169000001e+01 +7.169000001e+01 +5.5125e-01 -6.4181e-01 -1.7551e-01
1084 0 +1.071414601e-08 +7.169000001e+01 +7.169000001e+01 +5.5402e-01 -6.4452e-01 -1.7869e-01
1090 0 +7.782418265e-09 +7.169000001e+01 +7.169000001e+01 +5.5157e-01 -6.4202e-01 -1.7564e-01
1383 0 +0.000000000e+00 +7.169000000e+01 +7.169000000e+01 +5.5250e-01 -6.4304e-01 -1.7676e-01
% f evaluations | g evaluations | best noise-free fitness - Fopt (2.140100000000e+02) + sum g_i+ | measured fitness | best measured fitness or single-digit g-values | x1 | x2...
1 0 +2.503737427e-01 +2.142603737e+02 +2.142603737e+02 +0.0000e+00 +0.0000e+00 +0.0000e+00
145 0 +7.378609447e-03 +2.140173786e+02 +2.140173786e+02 -2.1103e-01 +5.8874e-01 -1.4195e-01
241 0 +1.693193839e-03 +2.140116932e+02 +2.140116932e+02 -2.1063e-01 +6.5497e-01 -1.2145e-01
242 0 +2.962080883e-04 +2.140102962e+02 +2.140102962e+02 -2.1317e-01 +7.2054e-01 -1.0070e-01
292 0 +1.212752295e-04 +2.140101213e+02 +2.140101213e+02 -2.1236e-01 +6.7208e-01 -1.2307e-01
321 0 +1.188121465e-04 +2.140101188e+02 +2.140101188e+02 -2.1051e-01 +6.7298e-01 -1.2179e-01
346 0 +1.147679382e-04 +2.140101148e+02 +2.140101148e+02 -2.1120e-01 +6.7127e-01 -1.2412e-01
365 0 +1.114931636e-04 +2.140101115e+02 +2.140101115e+02 -2.1191e-01 +6.7480e-01 -1.2359e-01
368 0 +1.064434387e-04 +2.140101064e+02 +2.140101064e+02 -2.1239e-01 +6.7685e-01 -1.2297e-01
437 0 +9.871560519e-05 +2.140100987e+02 +2.140100987e+02 -2.1220e-01 +6.7794e-01 -1.2216e-01
443 0 +9.041438625e-05 +2.140100904e+02 +2.140100904e+02 -2.1179e-01 +6.9743e-01 -1.1590e-01
450 0 +7.923124522e-05 +2.140100792e+02 +2.140100792e+02 -2.1131e-01 +6.9411e-01 -1.1605e-01
466 0 +6.392961200e-05 +2.140100639e+02 +2.140100639e+02 -2.1185e-01 +6.9852e-01 -1.1438e-01
480 0 +6.006969286e-05 +2.140100601e+02 +2.140100601e+02 -2.1192e-01 +7.0198e-01 -1.1314e-01
485 0 +5.394677845e-05 +2.140100539e+02 +2.140100539e+02 -2.1256e-01 +7.2684e-01 -1.0482e-01
492 0 +3.318396830e-05 +2.140100332e+02 +2.140100332e+02 -2.1374e-01 +7.1640e-01 -1.0803e-01
500 0 +2.933742363e-05 +2.140100293e+02 +2.140100293e+02 -2.1372e-01 +7.4692e-01 -9.7269e-02
510 0 +2.001028776e-05 +2.140100200e+02 +2.140100200e+02 -2.1431e-01 +7.6254e-01 -8.9467e-02
511 0 +8.789444905e-07 +2.140100009e+02 +2.140100009e+02 -2.1854e-01 +8.2619e-01 -6.6652e-02
636 0 +2.730495225e-07 +2.140100003e+02 +2.140100003e+02 -2.1904e-01 +8.3083e-01 -6.4009e-02
661 0 +2.291971839e-07 +2.140100002e+02 +2.140100002e+02 -2.1971e-01 +8.2492e-01 -6.7027e-02
679 0 +9.663054357e-08 +2.140100001e+02 +2.140100001e+02 -2.1998e-01 +8.4534e-01 -5.8546e-02
696 0 +2.837003876e-08 +2.140100000e+02 +2.140100000e+02 -2.2002e-01 +8.3723e-01 -6.2192e-02
718 0 +1.554309392e-08 +2.140100000e+02 +2.140100000e+02 -2.1942e-01 +8.3035e-01 -6.4627e-02
720 0 +8.045560662e-09 +2.140100000e+02 +2.140100000e+02 -2.2000e-01 +8.4008e-01 -6.0885e-02
1049 0 +0.000000000e+00 +2.140100000e+02 +2.140100000e+02 -2.1975e-01 +8.3533e-01 -6.2769e-02
% f evaluations | g evaluations | best noise-free fitness - Fopt (-5.848000000000e+01) + sum g_i+ | measured fitness | best measured fitness or single-digit g-values | x1 | x2...
1 0 +2.503737427e-01 -5.822962626e+01 -5.822962626e+01 +0.0000e+00 +0.0000e+00 +0.0000e+00
223 0 +2.450491182e-01 -5.823495088e+01 -5.823495088e+01 +4.3944e-02 +2.3435e-01 +2.4264e-01
240 0 +2.371966091e-01 -5.824280339e+01 -5.824280339e+01 +4.4619e-02 +2.3186e-01 +2.4990e-01
253 0 +2.283407017e-01 -5.825165930e+01 -5.825165930e+01 +4.4140e-02 +2.1793e-01 +2.5398e-01
286 0 +2.221382807e-01 -5.825786172e+01 -5.825786172e+01 +4.0122e-02 +2.1238e-01 +2.5154e-01
291 0 +2.111307514e-01 -5.826886925e+01 -5.826886925e+01 +2.9474e-02 +1.6868e-01 +2.6869e-01
301 0 +2.043406517e-01 -5.827565935e+01 -5.827565935e+01 +2.8133e-02 +1.6484e-01 +2.7304e-01
306 0 +1.970764079e-01 -5.828292359e+01 -5.828292359e+01 +2.8159e-02 +1.7291e-01 +2.6730e-01
312 0 +1.724561244e-01 -5.830754388e+01 -5.830754388e+01 +1.7188e-02 +1.4170e-01 +2.8364e-01
326 0 +1.548722059e-01 -5.832512779e+01 -5.832512779e+01 +1.0056e-02 +1.2528e-01 +2.9151e-01
335 0 +1.416511981e-01 -5.833834880e+01 -5.833834880e+01 -2.3147e-03 +8.9381e-02 +3.0915e-01
337 0 +1.232971801e-01 -5.835670282e+01 -5.835670282e+01 -1.8876e-03 +1.0469e-01 +2.9870e-01
339 0 +1.074028441e-01 -5.837259716e+01 -5.837259716e+01 -1.1052e-02 +8.4689e-02 +3.1207e-01
342 0 +8.826609769e-02 -5.839173390e+01 -5.839173390e+01 -2.4998e-02 +5.1661e-02 +3.2484e-01
363 0 +6.748598584e-02 -5.841251401e+01 -5.841251401e+01 -4.7869e-02 -1.0888e-03 +3.4412e-01
378 0 +6.384694913e-02 -5.841615305e+01 -5.841615305e+01 -5.9352e-02 -1.0353e-02 +3.4028e-01
382 0 +4.656643965e-02 -5.843343356e+01 -5.843343356e+01 -6.7701e-02 -4.7646e-02 +3.5245e-01
384 0 +4.120222695e-02 -5.843879777e+01 -5.843879777e+01 -6.9076e-02 -5.4191e-02 +3.5112e-01
395 0 +4.022306439e-02 -5.843977694e+01 -5.843977694e+01 -1.1977e-01 -2.2927e-01 +3.9320e-01
401 0 +2.206960673e-02 -5.845793039e+01 -5.845793039e+01 -1.2133e-01 -2.1127e-01 +3.8868e-01
408 0 +2.026805442e-02 -5.845973195e+01 -5.845973195e+01 -1.0062e-01 -1.4288e-01 +3.6255e-01
471 0 +1.742533266e-02 -5.846257467e+01 -5.846257467e+01 -1.0398e-01 -1.6370e-01 +3.6165e-01
489 0 +1.417730049e-02 -5.846582270e+01 -5.846582270e+01 -1.1049e-01 -1.8325e-01 +3.7132e-01
505 0 +1.040818073e-02 -5.846959182e+01 -5.846959182e+01 -1.2957e-01 -2.3899e-01 +3.8468e-01
520 0 +7.609728425e-03 -5.847239027e+01 -5.847239027e+01 -1.3321e-01 -2.5392e-01 +3.7713e-01
540 0 +7.067728866e-03 -5.847293227e+01 -5.847293227e+01 -1.3791e-01 -2.6815e-01 +3.7717e-01
549 0 +6.572264341e-03 -5.847342774e+01 -5.847342774e+01 -1.3630e-01 -2.6644e-01 +3.8190e-01
555 0 +5.643473162e-03 -5.847435653e+01 -5.847435653e+01 -1.5045e-01 -3.0355e-01 +3.8910e-01
558 0 +4.566316844e-03 -5.847543368e+01 -5.847543368e+01 -1.4998e-01 -3.0786e-01 +3.8396e-01
577 0 +3.708925842e-03 -5.847629107e+01 -5.847629107e+01 -1.5408e-01 -3.2381e-01 +3.8932e-01
583 0 +3.616931355e-03 -5.847638307e+01 -5.847638307e+01 -1.5287e-01 -3.2459e-01 +3.8980e-01
587 0 +1.993048757e-03 -5.847800695e+01 -5.847800695e+01 -1.6997e-01 -3.7902e-01 +3.9374e-01
593 0 +1.483907935e-03 -5.847851609e+01 -5.847851609e+01 -1.7917e-01 -4.3145e-01 +3.9787e-01
595 0 +1.259586053e-03 -5.847874041e+01 -5.847874041e+01 -1.8023e-01 -4.3291e-01 +3.9813e-01
599 0 +9.808245151e-04 -5.847901918e+01 -5.847901918e+01 -1.8165e-01 -4.2807e-01 +3.9938e-01
617 0 +6.907023823e-04 -5.847930930e+01 -5.847930930e+01 -1.9315e-01 -4.6602e-01 +4.0403e-01
623 0 +1.801500244e-04 -5.847981985e+01 -5.847981985e+01 -2.1371e-01 -5.5966e-01 +4.0461e-01
624 0 +1.294090779e-04 -5.847987059e+01 -5.847987059e+01 -2.3180e-01 -6.3359e-01 +4.1495e-01
627 0 +5.608918270e-05 -5.847994391e+01 -5.847994391e+01 -2.2114e-01 -5.8306e-01 +4.1055e-01
648 0 +3.655003280e-05 -5.847996345e+01 -5.847996345e+01 -2.2606e-01 -6.0441e-01 +4.1195e-01
670 0 +2.583054658e-05 -5.847997417e+01 -5.847997417e+01 -2.2560e-01 -6.0590e-01 +4.0995e-01
681 0 +9.040400840e-06 -5.847999096e+01 -5.847999096e+01 -2.3350e-01 -6.3969e-01 +4.1173e-01
705 0 +5.208287448e-06 -5.847999479e+01 -5.847999479e+01 -2.4818e-01 -7.0613e-01 +4.1371e-01
711 0 +2.352954318e-06 -5.847999765e+01 -5.847999765e+01 -2.3920e-01 -6.6225e-01 +4.1213e-01
758 0 +3.420014849e-08 -5.847999997e+01 -5.847999997e+01 -2.5383e-01 -7.2523e-01 +4.1348e-01
809 0 +7.908589339e-09 -5.847999999e+01 -5.847999999e+01 -2.5324e-01 -7.2306e-01 +4.1326e-01
1151 0 +0.000000000e+00 -5.848000000e+01 -5.848000000e+01 -2.5216e-01 -7.1813e-01 +4.1316e-01
% f evaluations | g evaluations | best noise-free fitness - Fopt (-6.130800000000e+02) + sum g_i+ | measured fitness | best measured fitness or single-digit g-values | x1 | x2...
1 0 +2.503737427e-01 -6.128296263e+02 -6.128296263e+02 +0.0000e+00 +0.0000e+00 +0.0000e+00
185 0 +1.816059340e-01 -6.128983941e+02 -6.128983941e+02 -4.4830e-01 -3.2584e-01 +2.1456e-01
313 0 +6.626555054e-02 -6.130137344e+02 -6.130137344e+02 -3.7134e-01 -5.2688e-01 +1.9140e-01
368 0 +6.127935840e-02 -6.130187206e+02 -6.130187206e+02 -3.7829e-01 -5.0311e-01 +1.7506e-01
375 0 +5.435823096e-02 -6.130256418e+02 -6.130256418e+02 -3.7799e-01 -5.0364e-01 +1.7519e-01
437 0 +5.042077141e-02 -6.130295792e+02 -6.130295792e+02 -3.7622e-01 -5.0259e-01 +1.7576e-01
447 0 +4.839320287e-02 -6.130316068e+02 -6.130316068e+02 -3.7530e-01 -5.0354e-01 +1.7550e-01
479 0 +4.777408711e-02 -6.130322259e+02 -6.130322259e+02 -3.7464e-01 -5.0294e-01 +1.7564e-01
485 0 +4.334365930e-02 -6.130366563e+02 -6.130366563e+02 -3.7476e-01 -5.0193e-01 +1.7660e-01
515 0 +4.255085168e-02 -6.130374491e+02 -6.130374491e+02 -3.7474e-01 -5.0105e-01 +1.7728e-01
591 0 +4.167904621e-02 -6.130383210e+02 -6.130383210e+02 -3.7541e-01 -4.9953e-01 +1.7853e-01
606 0 +4.072916746e-02 -6.130392708e+02 -6.130392708e+02 -3.7551e-01 -4.9816e-01 +1.7954e-01
629 0 +3.959817912e-02 -6.130404018e+02 -6.130404018e+02 -3.7563e-01 -4.9378e-01 +1.8299e-01
% f evaluations | g evaluations | best noise-free fitness - Fopt (6.189000000000e+01) + sum g_i+ | measured fitness | best measured fitness or single-digit g-values | x1 | x2...
1 0 +2.503737427e-01 +6.214037374e+01 +6.214037374e+01 +0.0000e+00 +0.0000e+00 +0.0000e+00
177 0 +1.419938642e-01 +6.203199386e+01 +6.203199386e+01 +9.8203e-02 +1.4577e-02 +6.9825e-01
374 0 +1.309763466e-01 +6.202097635e+01 +6.202097635e+01 +7.5183e-02 +9.6680e-02 +6.6962e-01
% f evaluations | g evaluations | best noise-free fitness - Fopt (-8.456000000000e+01) + sum g_i+ | measured fitness | best measured fitness or single-digit g-values | x1 | x2...
1 0 +2.503737427e-01 -8.430962626e+01 -8.430962626e+01 +0.0000e+00 +0.0000e+00 +0.0000e+00
67 0 +1.577278511e-01 -8.440227215e+01 -8.440227215e+01 -2.3504e-01 +2.8059e-01 -3.8623e-01
259 0 +1.388905086e-01 -8.442110949e+01 -8.442110949e+01 +5.2291e-01 -2.3231e-01 +6.2021e-01
305 0 +1.274288235e-01 -8.443257118e+01 -8.443257118e+01 +5.5854e-01 -2.8955e-01 +6.3100e-01
619 0 +1.250005810e-01 -8.443499942e+01 -8.443499942e+01 +5.4447e-01 -2.6839e-01 +6.2992e-01
620 0 +1.186287653e-01 -8.444137123e+01 -8.444137123e+01 +5.4407e-01 -2.6759e-01 +6.3051e-01
625 0 +1.123063127e-01 -8.444769369e+01 -8.444769369e+01 +5.4350e-01 -2.6569e-01 +6.3186e-01
670 0 +1.100309932e-01 -8.444996901e+01 -8.444996901e+01 +5.4402e-01 -2.6671e-01 +6.3118e-01
% f evaluations | g evaluations | best noise-free fitness - Fopt (-2.602000000000e+01) + sum g_i+ | measured fitness | best measured fitness or single-digit g-values | x1 | x2...
1 0 +2.503737427e-01 -2.576962626e+01 -2.576962626e+01 +0.0000e+00 +0.0000e+00 +0.0000e+00
39 0 +1.375677411e-02 -2.600624323e+01 -2.600624323e+01 +3.6553e-01 +2.3856e-01 +1.1995e-01
420 0 +1.181210251e-02 -2.600818790e+01 -2.600818790e+01 +3.5854e-01 +2.3653e-01 +1.2735e-01
493 0 +9.250810172e-03 -2.601074919e+01 -2.601074919e+01 +3.9107e-01 +2.6847e-01 +9.3620e-02
509 0 +8.466319635e-03 -2.601153368e+01 -2.601153368e+01 +4.2014e-01 +3.0146e-01 +7.4274e-02
512 0 +7.745312709e-03 -2.601225469e+01 -2.601225469e+01 +4.0596e-01 +2.8560e-01 +7.8519e-02
519 0 +5.982870366e-03 -2.601401713e+01 -2.601401713e+01 +4.0292e-01 +2.8747e-01 +7.5281e-02
604 0 +5.226612540e-03 -2.601477339e+01 -2.601477339e+01 +4.1344e-01 +2.9834e-01 +6.6945e-02
606 0 +4.742560108e-03 -2.601525744e+01 -2.601525744e+01 +4.1693e-01 +3.0230e-01 +6.6513e-02
620 0 +4.397655018e-03 -2.601560234e+01 -2.601560234e+01 +4.1487e-01 +3.0265e-01 +7.0391e-02
629 0 +4.255035275e-03 -2.601574496e+01 -2.601574496e+01 +4.3271e-01 +3.2069e-01 +5.6898e-02
640 0 +4.045346848e-03 -2.601595465e+01 -2.601595465e+01 +4.3447e-01 +3.2549e-01 +5.6430e-02
647 0 +3.692974522e-03 -2.601630703e+01 -2.601630703e+01 +4.3587e-01 +3.2772e-01 +5.4007e-02
649 0 +3.621900600e-03 -2.601637810e+01 -2.601637810e+01 +4.5716e-01 +3.4859e-01 +3.2788e-02
650 0 +3.075275045e-03 -2.601692472e+01 -2.601692472e+01 +4.4326e-01 +3.3570e-01 +4.5358e-02
655 0 +2.850967690e-03 -2.601714903e+01 -2.601714903e+01 +4.4477e-01 +3.3595e-01 +3.8719e-02
661 0 +2.392640996e-03 -2.601760736e+01 -2.601760736e+01 +4.6458e-01 +3.6000e-01 +2.3275e-02
663 0 +1.915349872e-03 -2.601808465e+01 -2.601808465e+01 +4.6655e-01 +3.6582e-01 +2.0413e-02
675 0 +1.279283543e-03 -2.601872072e+01 -2.601872072e+01 +4.7788e-01 +3.8113e-01 +6.0096e-03
683 0 +1.196995182e-03 -2.601880300e+01 -2.601880300e+01 +4.9105e-01 +3.9394e-01 -8.0931e-03
685 0 +9.364291697e-04 -2.601906357e+01 -2.601906357e+01 +4.8094e-01 +3.8707e-01 -2.8205e-03
687 0 +9.028501144e-04 -2.601909715e+01 -2.601909715e+01 +4.8598e-01 +3.9011e-01 -6.0078e-03
688 0 +5.338719615e-04 -2.601946613e+01 -2.601946613e+01 +5.0006e-01 +4.0981e-01 -2.6307e-02
689 0 +5.000167084e-04 -2.601949998e+01 -2.601949998e+01 +5.1401e-01 +4.2487e-01 -3.7521e-02
694 0 +3.339614874e-04 -2.601966604e+01 -2.601966604e+01 +5.4810e-01 +4.6841e-01 -7.7471e-02
711 0 +3.166978166e-04 -2.601968330e+01 -2.601968330e+01 +5.3253e-01 +4.5013e-01 -5.6796e-02
721 0 +1.379431755e-04 -2.601986206e+01 -2.601986206e+01 +5.4786e-01 +4.7189e-01 -8.3437e-02
741 0 +8.156079285e-05 -2.601991844e+01 -2.601991844e+01 +5.7326e-01 +5.0580e-01 -1.1436e-01
755 0 +7.901216224e-05 -2.601992099e+01 -2.601992099e+01 +5.6575e-01 +4.9510e-01 -1.0345e-01
764 0 +6.567026003e-05 -2.601993433e+01 -2.601993433e+01 +5.8108e-01 +5.1634e-01 -1.2370e-01
785 0 +6.187570222e-05 -2.601993812e+01 -2.601993812e+01 +5.6091e-01 +4.8978e-01 -9.8534e-02
800 0 +5.680310505e-05 -2.601994320e+01 -2.601994320e+01 +5.6466e-01 +4.9455e-01 -1.0273e-01
801 0 +3.686387193e-05 -2.601996314e+01 -2.601996314e+01 +5.7340e-01 +5.0775e-01 -1.1541e-01
813 0 +2.786566615e-05 -2.601997213e+01 -2.601997213e+01 +5.7468e-01 +5.0866e-01 -1.1435e-01
816 0 +2.600419501e-05 -2.601997400e+01 -2.601997400e+01 +5.8114e-01 +5.1721e-01 -1.2186e-01
825 0 +2.460750420e-05 -2.601997539e+01 -2.601997539e+01 +5.7489e-01 +5.0980e-01 -1.1653e-01
831 0 +2.125733094e-05 -2.601997874e+01 -2.601997874e+01 +5.8389e-01 +5.2117e-01 -1.2550e-01
836 0 +1.596943206e-05 -2.601998403e+01 -2.601998403e+01 +5.8861e-01 +5.2793e-01 -1.3140e-01
840 0 +1.187701040e-05 -2.601998812e+01 -2.601998812e+01 +5.8437e-01 +5.2322e-01 -1.2845e-01
850 0 +4.265445941e-06 -2.601999573e+01 -2.601999573e+01 +5.9589e-01 +5.3955e-01 -1.4292e-01
863 0 +4.045966872e-06 -2.601999595e+01 -2.601999595e+01 +6.1407e-01 +5.6468e-01 -1.6510e-01
870 0 +1.941072920e-06 -2.601999806e+01 -2.601999806e+01 +6.0304e-01 +5.5008e-01 -1.5069e-01
901 0 +1.225180064e-06 -2.601999877e+01 -2.601999877e+01 +6.0642e-01 +5.5546e-01 -1.5544e-01
904 0 +7.442510856e-07 -2.601999926e+01 -2.601999926e+01 +6.1363e-01 +5.6515e-01 -1.6557e-01
943 0 +7.314736727e-07 -2.601999927e+01 -2.601999927e+01 +6.0419e-01 +5.5307e-01 -1.5385e-01
944 0 +5.079834970e-07 -2.601999949e+01 -2.601999949e+01 +6.1008e-01 +5.6043e-01 -1.6122e-01
956 0 +4.405166862e-07 -2.601999956e+01 -2.601999956e+01 +6.0975e-01 +5.6028e-01 -1.6051e-01
962 0 +1.994601533e-07 -2.601999980e+01 -2.601999980e+01 +6.1074e-01 +5.6217e-01 -1.6258e-01
981 0 +1.530368401e-07 -2.601999985e+01 -2.601999985e+01 +6.1169e-01 +5.6358e-01 -1.6396e-01
1000 0 +1.323714294e-07 -2.601999987e+01 -2.601999987e+01 +6.1375e-01 +5.6653e-01 -1.6719e-01
1003 0 +1.098897968e-07 -2.601999989e+01 -2.601999989e+01 +6.1340e-01 +5.6587e-01 -1.6617e-01
1010 0 +8.404279583e-08 -2.601999992e+01 -2.601999992e+01 +6.1653e-01 +5.7018e-01 -1.7024e-01
1013 0 +2.901236584e-08 -2.601999997e+01 -2.601999997e+01 +6.1761e-01 +5.7202e-01 -1.7183e-01
1019 0 +1.094247537e-08 -2.601999999e+01 -2.601999999e+01 +6.1962e-01 +5.7495e-01 -1.7471e-01
1038 0 +4.614143734e-09 -2.602000000e+01 -2.602000000e+01 +6.1933e-01 +5.7475e-01 -1.7445e-01
1411 0 +0.000000000e+00 -2.602000000e+01 -2.602000000e+01 +6.2101e-01 +5.7716e-01 -1.7672e-01
% f evaluations | g evaluations | best noise-free fitness - Fopt (-3.015000000000e+01) + sum g_i+ | measured fitness | best measured fitness or single-digit g-values | x1 | x2...
1 0 +2.503737427e-01 -2.989962626e+01 -2.989962626e+01 +0.0000e+00 +0.0000e+00 +0.0000e+00
80 0 +2.113661578e-01 -2.993863384e+01 -2.993863384e+01 -2.1202e-01 +4.5772e-01 +1.2086e-01
130 0 +6.786141292e-02 -3.008213859e+01 -3.008213859e+01 -2.2753e-01 +3.8914e-01 +2.8379e-02
344 0 +6.514761934e-02 -3.008485238e+01 -3.008485238e+01 -1.1262e-01 +3.3893e-01 +9.0949e-02
350 0 +5.301475697e-02 -3.009698524e+01 -3.009698524e+01 -1.1278e-01 +3.3635e-01 +9.0276e-02
357 0 +4.824209278e-02 -3.010175791e+01 -3.010175791e+01 -1.1305e-01 +3.3579e-01 +9.0082e-02
362 0 +4.750819282e-02 -3.010249181e+01 -3.010249181e+01 -1.1400e-01 +3.3296e-01 +8.9985e-02
% f evaluations | g evaluations | best noise-free fitness - Fopt (-1.000000000000e+03) + sum g_i+ | measured fitness | best measured fitness or single-digit g-values | x1 | x2...
1 0 +2.503737427e-01 -9.997496263e+02 -9.997496263e+02 +0.0000e+00 +0.0000e+00 +0.0000e+00
45 0 +1.182912945e-01 -9.998817087e+02 -9.998817087e+02 +8.3349e-02 +2.0239e-01 +6.0879e-02
262 0 +1.059431773e-01 -9.998940568e+02 -9.998940568e+02 -6.0446e-02 +3.0352e-01 -2.4079e-02
273 0 +9.634289699e-02 -9.999036571e+02 -9.999036571e+02 -1.8197e-02 +3.1517e-01 -1.6703e-02
276 0 +9.475992749e-02 -9.999052401e+02 -9.999052401e+02 -2.9174e-02 +3.0721e-01 -2.4932e-02
282 0 +8.376557693e-02 -9.999162344e+02 -9.999162344e+02 -2.2112e-02 +3.1577e-01 -2.7828e-02
296 0 +6.380348236e-02 -9.999361965e+02 -9.999361965e+02 +2.7022e-02 +3.2213e-01 -2.2952e-02
303 0 +6.262745963e-02 -9.999373725e+02 -9.999373725e+02 +7.3486e-02 +3.2897e-01 -1.6935e-02
308 0 +5.892943608e-02 -9.999410706e+02 -9.999410706e+02 +4.9666e-02 +3.2365e-01 -2.2673e-02
318 0 +5.377892545e-02 -9.999462211e+02 -9.999462211e+02 +9.8635e-02 +3.3189e-01 -1.7915e-02
320 0 +5.256639990e-02 -9.999474336e+02 -9.999474336e+02 +1.4084e-01 +3.5312e-01 -1.7253e-02
321 0 +4.598312525e-02 -9.999540169e+02 -9.999540169e+02 +1.4649e-01 +3.5672e-01 -2.0409e-02
329 0 +4.338831825e-02 -9.999566117e+02 -9.999566117e+02 +1.3009e-01 +3.4390e-01 -1.7584e-02
338 0 +3.390012707e-02 -9.999660999e+02 -9.999660999e+02 +1.1665e-01 +3.4715e-01 -2.7868e-02
350 0 +3.089503557e-02 -9.999691050e+02 -9.999691050e+02 +1.5772e-01 +3.5212e-01 -2.1920e-02
353 0 +2.865456241e-02 -9.999713454e+02 -9.999713454e+02 +1.6637e-01 +3.5973e-01 -3.0013e-02
356 0 +2.688453576e-02 -9.999731155e+02 -9.999731155e+02 +1.7236e-01 +3.5521e-01 -2.3815e-02
357 0 +2.593907223e-02 -9.999740609e+02 -9.999740609e+02 +1.6418e-01 +3.5622e-01 -2.8434e-02
369 0 +1.977331574e-02 -9.999802267e+02 -9.999802267e+02 +2.1031e-01 +3.6088e-01 -2.7098e-02
387 0 +1.685478444e-02 -9.999831452e+02 -9.999831452e+02 +2.0994e-01 +3.5358e-01 -2.8388e-02
395 0 +1.622835379e-02 -9.999837716e+02 -9.999837716e+02 +2.3248e-01 +3.5243e-01 -3.1346e-02
397 0 +1.620471817e-02 -9.999837953e+02 -9.999837953e+02 +2.2779e-01 +3.6134e-01 -2.8348e-02
408 0 +1.546824982e-02 -9.999845318e+02 -9.999845318e+02 +2.2062e-01 +3.5515e-01 -2.8409e-02
413 0 +9.728664427e-03 -9.999902713e+02 -9.999902713e+02 +3.2362e-01 +3.6805e-01 -2.8411e-02
427 0 +7.879307183e-03 -9.999921207e+02 -9.999921207e+02 +3.6611e-01 +3.7498e-01 -3.5730e-02
429 0 +7.128190759e-03 -9.999928718e+02 -9.999928718e+02 +4.5541e-01 +3.7308e-01 -3.1813e-02
440 0 +6.720203998e-03 -9.999932798e+02 -9.999932798e+02 +3.3400e-01 +3.6124e-01 -2.8598e-02
445 0 +4.794377296e-03 -9.999952056e+02 -9.999952056e+02 +3.5643e-01 +3.6261e-01 -3.1573e-02
457 0 +4.006685655e-03 -9.999959933e+02 -9.999959933e+02 +3.9867e-01 +3.6251e-01 -3.0994e-02
467 0 +2.138317053e-03 -9.999978617e+02 -9.999978617e+02 +4.5982e-01 +3.6463e-01 -3.4167e-02
482 0 +1.080531395e-03 -9.999989195e+02 -9.999989195e+02 +5.2473e-01 +3.6225e-01 -3.8879e-02
495 0 +8.188173274e-04 -9.999991812e+02 -9.999991812e+02 +5.3376e-01 +3.6184e-01 -4.0630e-02
504 0 +6.268756513e-04 -9.999993731e+02 -9.999993731e+02 +5.2572e-01 +3.6899e-01 -4.2934e-02
507 0 +3.730949685e-04 -9.999996269e+02 -9.999996269e+02 +6.3341e-01 +3.6907e-01 -4.7110e-02
513 0 +3.636479095e-04 -9.999996364e+02 -9.999996364e+02 +5.8137e-01 +3.6652e-01 -4.2804e-02
524 0 +2.196910120e-04 -9.999997803e+02 -9.999997803e+02 +6.0491e-01 +3.6883e-01 -4.7037e-02
528 0 +1.539620806e-04 -9.999998460e+02 -9.999998460e+02 +6.1577e-01 +3.6648e-01 -4.6394e-02
529 0 +1.028116700e-04 -9.999998972e+02 -9.999998972e+02 +7.0437e-01 +3.6426e-01 -5.1984e-02
536 0 +6.187111978e-05 -9.999999381e+02 -9.999999381e+02 +6.8797e-01 +3.6042e-01 -5.4438e-02
544 0 +5.796540336e-06 -9.999999942e+02 -9.999999942e+02 +7.8564e-01 +3.5396e-01 -6.0215e-02
623 0 +3.414578487e-06 -9.999999966e+02 -9.999999966e+02 +7.9362e-01 +3.5672e-01 -5.9794e-02
626 0 +1.879395541e-06 -9.999999981e+02 -9.999999981e+02 +7.9253e-01 +3.5686e-01 -6.0005e-02
636 0 +1.207322953e-06 -9.999999988e+02 -9.999999988e+02 +7.5023e-01 +3.5822e-01 -5.7813e-02
647 0 +8.014538935e-07 -9.999999992e+02 -9.999999992e+02 +7.6375e-01 +3.5678e-01 -5.8334e-02
650 0 +5.763522495e-07 -9.999999994e+02 -9.999999994e+02 +7.7016e-01 +3.5704e-01 -5.9475e-02
665 0 +1.560501914e-07 -9.999999998e+02 -9.999999998e+02 +7.8093e-01 +3.5662e-01 -6.0169e-02
679 0 +2.377521469e-08 -1.000000000e+03 -1.000000000e+03 +7.9043e-01 +3.5582e-01 -6.0624e-02
749 0 +2.069964467e-08 -1.000000000e+03 -1.000000000e+03 +7.9503e-01 +3.5569e-01 -6.0972e-02
756 0 +1.696650997e-08 -1.000000000e+03 -1.000000000e+03 +7.9120e-01 +3.5591e-01 -6.0517e-02
757 0 +9.321524885e-09 -1.000000000e+03 -1.000000000e+03 +7.9129e-01 +3.5586e-01 -6.0625e-02
1021 0 +0.000000000e+00 -1.000000000e+03 -1.000000000e+03 +7.8706e-01 +3.5626e-01 -6.0285e-02
% f evaluations | g evaluations | best noise-free fitness - Fopt (-9.243000000000e+02) + sum g_i+ | measured fitness | best measured fitness or single-digit g-values | x1 | x2...
1 0 +2.503737427e-01 -9.240496263e+02 -9.240496263e+02 +0.0000e+00 +0.0000e+00 +0.0000e+00
59 0 +1.703534708e-01 -9.241296465e+02 -9.241296465e+02 +1.9184e-02 +2.8968e-01 -2.3319e-02
108 0 +1.650477016e-01 -9.241349523e+02 -9.241349523e+02 +6.3262e-02 +1.1387e-01 +1.9073e-01
217 0 +1.169447306e-01 -9.241830553e+02 -9.241830553e+02 -3.3139e-02 +3.1783e-01 +5.6546e-02
228 0 +7.038004785e-02 -9.242296200e+02 -9.242296200e+02 -1.8442e-02 +3.2436e-01 +6.4159e-02
293 0 +6.874325387e-02 -9.242312567e+02 -9.242312567e+02 -2.2266e-02 +3.2224e-01 +6.2402e-02
408 0 +6.729216667e-02 -9.242327078e+02 -9.242327078e+02 -2.0727e-02 +3.2416e-01 +6.1811e-02
416 0 +6.561948489e-02 -9.242343805e+02 -9.242343805e+02 -2.1649e-02 +3.2438e-01 +6.0780e-02
535 0 +6.453619944e-02 -9.242354638e+02 -9.242354638e+02 -2.1933e-02 +3.2658e-01 +5.8476e-02
740 0 +6.303073909e-02 -9.242369693e+02 -9.242369693e+02 -1.3060e-02 +3.3829e-01 +5.7076e-02
745 0 +6.133015176e-02 -9.242386698e+02 -9.242386698e+02 -6.4765e-03 +3.4510e-01 +5.7738e-02
857 0 +6.000269822e-02 -9.242399973e+02 -9.242399973e+02 +6.7044e-04 +3.5357e-01 +5.7703e-02
870 0 +5.860939736e-02 -9.242413906e+02 -9.242413906e+02 +7.9931e-03 +3.6136e-01 +5.8530e-02
990 0 +5.752097014e-02 -9.242424790e+02 -9.242424790e+02 +1.6742e-02 +3.7258e-01 +5.7953e-02
1058 0 +5.610190009e-02 -9.242438981e+02 -9.242438981e+02 +2.8444e-02 +3.8615e-01 +5.8754e-02
1125 0 +5.490621257e-02 -9.242450938e+02 -9.242450938e+02 +3.2208e-02 +3.8957e-01 +6.0036e-02
1173 0 +5.316647243e-02 -9.242468335e+02 -9.242468335e+02 +4.4840e-02 +4.0306e-01 +6.2517e-02
1306 0 +5.238577619e-02 -9.242476142e+02 -9.242476142e+02 +5.1103e-02 +4.0986e-01 +6.3830e-02
1417 0 +5.104293120e-02 -9.242489571e+02 -9.242489571e+02 +6.0643e-02 +4.2234e-01 +6.3923e-02
1471 0 +5.006265677e-02 -9.242499373e+02 -9.242499373e+02 +7.1291e-02 +4.3470e-01 +6.5702e-02
1584 0 +4.885417759e-02 -9.242511458e+02 -9.242511458e+02 +8.1515e-02 +4.4869e-01 +6.5892e-02
1782 0 +4.786242763e-02 -9.242521376e+02 -9.242521376e+02 +9.1931e-02 +4.6101e-01 +6.7956e-02
1868 0 +4.676653014e-02 -9.242532335e+02 -9.242532335e+02 +1.0477e-01 +4.7646e-01 +7.0512e-02
2051 0 +4.568300040e-02 -9.242543170e+02 -9.242543170e+02 +1.1963e-01 +4.9326e-01 +7.4958e-02
2132 0 +4.452766960e-02 -9.242554723e+02 -9.242554723e+02 +1.4019e-01 +5.1914e-01 +7.9413e-02
2365 0 +4.347175492e-02 -9.242565282e+02 -9.242565282e+02 +1.6180e-01 +5.4796e-01 +8.3742e-02
2628 0 +4.257379866e-02 -9.242574262e+02 -9.242574262e+02 +1.7854e-01 +5.6797e-01 +8.9797e-02
2947 0 +4.163704165e-02 -9.242583630e+02 -9.242583630e+02 +2.0606e-01 +6.0269e-01 +9.9354e-02
3446 0 +4.072419061e-02 -9.242592758e+02 -9.242592758e+02 +2.4310e-01 +6.5213e-01 +1.1225e-01
4598 0 +3.980418189e-02 -9.242601958e+02 -9.242601958e+02 +3.0602e-01 +7.3597e-01 +1.4043e-01
% f evaluations | g evaluations | best noise-free fitness - Fopt (-1.035000000000e+01) + sum g_i+ | measured fitness | best measured fitness or single-digit g-values | x1 | x2...
1 0 +2.503737427e-01 -1.009962626e+01 -1.009962626e+01 +0.0000e+00 +0.0000e+00 +0.0000e+00
% f evaluations | g evaluations | best noise-free fitness - Fopt (-1.000000000000e+03) + sum g_i+ | measured fitness | best measured fitness or single-digit g-values | x1 | x2...
1 0 +2.503737427e-01 -9.997496263e+02 -9.997496263e+02 +0.0000e+00 +0.0000e+00 +0.0000e+00
3 0 +7.609275277e-02 -9.999239072e+02 -9.999239072e+02 +3.4094e-01 +2.4727e-01 +1.7369e-01
1179 0 +7.450214923e-02 -9.999254979e+02 -9.999254979e+02 -1.4432e-02 -3.6065e-02 +1.6792e-01
1202 0 +7.408536335e-02 -9.999259146e+02 -9.999259146e+02 -1.8097e-02 -3.4647e-02 +1.6780e-01
1204 0 +6.779057858e-02 -9.999322094e+02 -9.999322094e+02 -9.4954e-04 -4.3396e-02 +1.6352e-01
1233 0 +6.597570987e-02 -9.999340243e+02 -9.999340243e+02 +1.7720e-02 -5.2232e-02 +1.6128e-01
1238 0 +6.213746724e-02 -9.999378625e+02 -9.999378625e+02 +1.6322e-02 -5.2464e-02 +1.5850e-01
1264 0 +6.040823941e-02 -9.999395918e+02 -9.999395918e+02 +3.5467e-02 -6.1876e-02 +1.5682e-01
1283 0 +5.886298118e-02 -9.999411370e+02 -9.999411370e+02 +3.1800e-02 -6.0297e-02 +1.5683e-01
1302 0 +5.660073739e-02 -9.999433993e+02 -9.999433993e+02 +4.0287e-02 -6.4986e-02 +1.5455e-01
1306 0 +5.498245350e-02 -9.999450175e+02 -9.999450175e+02 +4.1793e-02 -6.6381e-02 +1.5264e-01
1312 0 +5.459345376e-02 -9.999454065e+02 -9.999454065e+02 +4.3787e-02 -6.7382e-02 +1.5248e-01
1331 0 +5.212383461e-02 -9.999478762e+02 -9.999478762e+02 +6.5134e-02 -7.8919e-02 +1.4844e-01
1340 0 +5.092699949e-02 -9.999490730e+02 -9.999490730e+02 +5.9278e-02 -7.7155e-02 +1.4540e-01
1350 0 +4.990221259e-02 -9.999500978e+02 -9.999500978e+02 +6.2732e-02 -7.8494e-02 +1.4685e-01
1351 0 +4.882436557e-02 -9.999511756e+02 -9.999511756e+02 +6.8063e-02 -8.1365e-02 +1.4560e-01
1363 0 +4.605352173e-02 -9.999539465e+02 -9.999539465e+02 +8.3761e-02 -9.0506e-02 +1.4245e-01
1410 0 +4.551545591e-02 -9.999544845e+02 -9.999544845e+02 +8.6886e-02 -9.2405e-02 +1.4132e-01
1431 0 +4.413241590e-02 -9.999558676e+02 -9.999558676e+02 +9.3994e-02 -9.6812e-02 +1.3966e-01
1445 0 +4.349168518e-02 -9.999565083e+02 -9.999565083e+02 +9.5369e-02 -9.7796e-02 +1.3850e-01
1453 0 +4.256949775e-02 -9.999574305e+02 -9.999574305e+02 +1.0088e-01 -1.0127e-01 +1.3661e-01
1468 0 +4.121242983e-02 -9.999587876e+02 -9.999587876e+02 +1.0456e-01 -1.0395e-01 +1.3455e-01
1474 0 +3.981217957e-02 -9.999601878e+02 -9.999601878e+02 +1.1717e-01 -1.1242e-01 +1.2888e-01
1486 0 +3.772588094e-02 -9.999622741e+02 -9.999622741e+02 +1.2728e-01 -1.1978e-01 +1.2386e-01
1559 0 +3.675369119e-02 -9.999632463e+02 -9.999632463e+02 +1.3681e-01 -1.2666e-01 +1.1942e-01
1620 0 +3.629401725e-02 -9.999637060e+02 -9.999637060e+02 +1.3571e-01 -1.2559e-01 +1.2086e-01
1718 0 +3.546680408e-02 -9.999645332e+02 -9.999645332e+02 +1.4591e-01 -1.3262e-01 +1.1705e-01
1764 0 +3.463886787e-02 -9.999653611e+02 -9.999653611e+02 +1.4810e-01 -1.3371e-01 +1.1766e-01
1802 0 +3.387665467e-02 -9.999661233e+02 -9.999661233e+02 +1.4924e-01 -1.3410e-01 +1.1885e-01
1849 0 +3.291252494e-02 -9.999670875e+02 -9.999670875e+02 +1.5955e-01 -1.4083e-01 +1.1686e-01
1866 0 +3.223184835e-02 -9.999677682e+02 -9.999677682e+02 +1.6496e-01 -1.4467e-01 +1.1504e-01
1931 0 +3.148709543e-02 -9.999685129e+02 -9.999685129e+02 +1.6918e-01 -1.4795e-01 +1.1276e-01
1955 0 +3.044684714e-02 -9.999695532e+02 -9.999695532e+02 +1.7916e-01 -1.5505e-01 +1.0986e-01
1984 0 +2.959380141e-02 -9.999704062e+02 -9.999704062e+02 +1.8388e-01 -1.5903e-01 +1.0643e-01
1993 0 +2.946976877e-02 -9.999705302e+02 -9.999705302e+02 +1.8596e-01 -1.6070e-01 +1.0586e-01
2003 0 +2.836976027e-02 -9.999716302e+02 -9.999716302e+02 +1.9518e-01 -1.6748e-01 +1.0233e-01
2036 0 +2.770483950e-02 -9.999722952e+02 -9.999722952e+02 +2.1972e-01 -1.8521e-01 +9.5790e-02
2171 0 +2.750375449e-02 -9.999724962e+02 -9.999724962e+02 +2.1195e-01 -1.7968e-01 +9.7456e-02
2216 0 +2.688755837e-02 -9.999731124e+02 -9.999731124e+02 +2.1782e-01 -1.8465e-01 +9.4045e-02
2228 0 +2.614175609e-02 -9.999738582e+02 -9.999738582e+02 +2.2253e-01 -1.8877e-01 +9.1210e-02
2267 0 +2.560412462e-02 -9.999743959e+02 -9.999743959e+02 +2.2506e-01 -1.9137e-01 +8.8886e-02
2324 0 +2.511547007e-02 -9.999748845e+02 -9.999748845e+02 +2.3241e-01 -1.9713e-01 +8.6196e-02
2387 0 +2.438583103e-02 -9.999756142e+02 -9.999756142e+02 +2.4248e-01 -2.0512e-01 +8.2552e-02
2427 0 +2.392002626e-02 -9.999760800e+02 -9.999760800e+02 +2.4673e-01 -2.0816e-01 +8.2171e-02
2481 0 +2.340040288e-02 -9.999765996e+02 -9.999765996e+02 +2.5375e-01 -2.1413e-01 +7.8833e-02
2520 0 +2.273124185e-02 -9.999772688e+02 -9.999772688e+02 +2.6249e-01 -2.2199e-01 +7.3957e-02
2546 0 +2.199229441e-02 -9.999780077e+02 -9.999780077e+02 +2.7886e-01 -2.3612e-01 +6.6527e-02
2554 0 +2.187143804e-02 -9.999781286e+02 -9.999781286e+02 +2.7610e-01 -2.3361e-01 +6.8252e-02
2647 0 +2.130393369e-02 -9.999786961e+02 -9.999786961e+02 +2.8671e-01 -2.4304e-01 +6.3356e-02
2802 0 +2.080686131e-02 -9.999791931e+02 -9.999791931e+02 +2.9866e-01 -2.5289e-01 +5.9580e-02
2851 0 +2.032099125e-02 -9.999796790e+02 -9.999796790e+02 +3.1095e-01 -2.6392e-01 +5.4109e-02
2910 0 +1.984164849e-02 -9.999801584e+02 -9.999801584e+02 +3.1881e-01 -2.7187e-01 +4.8854e-02
2938 0 +1.946152030e-02 -9.999805385e+02 -9.999805385e+02 +3.3133e-01 -2.8270e-01 +4.5008e-02
3025 0 +1.902202811e-02 -9.999809780e+02 -9.999809780e+02 +3.3895e-01 -2.9115e-01 +3.8638e-02
3174 0 +1.853264035e-02 -9.999814674e+02 -9.999814674e+02 +3.5655e-01 -3.0785e-01 +3.0615e-02
3279 0 +1.819381361e-02 -9.999818062e+02 -9.999818062e+02 +3.6444e-01 -3.1583e-01 +2.6397e-02
3357 0 +1.776978732e-02 -9.999822302e+02 -9.999822302e+02 +3.8377e-01 -3.3477e-01 +1.7466e-02
3524 0 +1.734918234e-02 -9.999826508e+02 -9.999826508e+02 +4.0538e-01 -3.5640e-01 +7.6161e-03
3683 0 +1.697764087e-02 -9.999830224e+02 -9.999830224e+02 +4.2376e-01 -3.7763e-01 -5.5199e-03
4194 0 +1.659054439e-02 -9.999834095e+02 -9.999834095e+02 +4.4686e-01 -4.0227e-01 -1.7057e-02
4666 0 +1.621641754e-02 -9.999837836e+02 -9.999837836e+02 +4.8613e-01 -4.4723e-01 -4.0005e-02
5592 0 +1.584764427e-02 -9.999841524e+02 -9.999841524e+02 +5.5690e-01 -5.3275e-01 -8.1896e-02
% f evaluations | g evaluations | best noise-free fitness - Fopt (2.880000000000e+01) + sum g_i+ | measured fitness | best measured fitness or single-digit g-values | x1 | x2...
1 0 +2.503737427e-01 +2.905037374e+01 +2.905037374e+01 +0.0000e+00 +0.0000e+00 +0.0000e+00
262 0 +1.310222671e-01 +2.893102227e+01 +2.893102227e+01 -3.8169e-01 +9.1491e-01 +2.0734e-01
471 0 +1.124794444e-01 +2.891247944e+01 +2.891247944e+01 -3.4666e-01 +8.4629e-01 +2.2735e-01
521 0 +1.108735333e-01 +2.891087353e+01 +2.891087353e+01 -3.4704e-01 +8.4454e-01 +2.2468e-01
534 0 +1.089328842e-01 +2.890893288e+01 +2.890893288e+01 -3.4571e-01 +8.4201e-01 +2.2206e-01
537 0 +1.031860873e-01 +2.890318609e+01 +2.890318609e+01 -3.4212e-01 +8.3973e-01 +2.1862e-01
541 0 +1.020732061e-01 +2.890207321e+01 +2.890207321e+01 -3.4081e-01 +8.3702e-01 +2.1560e-01
718 0 +9.982260007e-02 +2.889982260e+01 +2.889982260e+01 -3.3882e-01 +8.4033e-01 +2.2042e-01
768 0 +9.638421622e-02 +2.889638422e+01 +2.889638422e+01 -3.3467e-01 +8.4565e-01 +2.2772e-01
774 0 +9.413347488e-02 +2.889413347e+01 +2.889413347e+01 -3.3207e-01 +8.4909e-01 +2.3276e-01
784 0 +9.191581489e-02 +2.889191581e+01 +2.889191581e+01 -3.2829e-01 +8.5353e-01 +2.3936e-01
786 0 +8.899958873e-02 +2.888899959e+01 +2.888899959e+01 -3.1773e-01 +8.6360e-01 +2.5441e-01
801 0 +8.158806420e-02 +2.888158806e+01 +2.888158806e+01 -3.1357e-01 +8.7291e-01 +2.6765e-01
850 0 +8.090766993e-02 +2.888090767e+01 +2.888090767e+01 -3.1760e-01 +8.7086e-01 +2.6448e-01
891 0 +7.865822200e-02 +2.887865822e+01 +2.887865822e+01 -3.1095e-01 +8.7823e-01 +2.7541e-01
973 0 +7.738912507e-02 +2.887738913e+01 +2.887738913e+01 -3.1110e-01 +8.7873e-01 +2.7624e-01
1019 0 +7.556327990e-02 +2.887556328e+01 +2.887556328e+01 -3.0526e-01 +8.8409e-01 +2.8468e-01
1058 0 +7.154082166e-02 +2.887154082e+01 +2.887154082e+01 -3.0168e-01 +8.9042e-01 +2.9438e-01
1074 0 +7.051074113e-02 +2.887051074e+01 +2.887051074e+01 -3.0210e-01 +8.9037e-01 +2.9451e-01
1091 0 +6.702374120e-02 +2.886702374e+01 +2.886702374e+01 -2.9552e-01 +9.0010e-01 +3.0949e-01
1111 0 +6.457308846e-02 +2.886457309e+01 +2.886457309e+01 -2.9681e-01 +9.0290e-01 +3.1392e-01
1115 0 +6.434360114e-02 +2.886434360e+01 +2.886434360e+01 -2.9603e-01 +9.0383e-01 +3.1537e-01
1194 0 +6.260086676e-02 +2.886260087e+01 +2.886260087e+01 -2.9275e-01 +9.0948e-01 +3.2448e-01
1215 0 +6.127906095e-02 +2.886127906e+01 +2.886127906e+01 -2.8880e-01 +9.0964e-01 +3.2508e-01
1225 0 +5.973799324e-02 +2.885973799e+01 +2.885973799e+01 -2.8555e-01 +9.1194e-01 +3.2914e-01
1238 0 +5.859303274e-02 +2.885859303e+01 +2.885859303e+01 -2.8405e-01 +9.1429e-01 +3.3301e-01
1285 0 +5.680107142e-02 +2.885680107e+01 +2.885680107e+01 -2.8110e-01 +9.2009e-01 +3.4243e-01
1290 0 +5.574294139e-02 +2.885574294e+01 +2.885574294e+01 -2.7824e-01 +9.2233e-01 +3.4627e-01
1307 0 +5.353331616e-02 +2.885353332e+01 +2.885353332e+01 -2.7037e-01 +9.3093e-01 +3.6084e-01
1321 0 +5.221155113e-02 +2.885221155e+01 +2.885221155e+01 -2.6813e-01 +9.3026e-01 +3.6019e-01
1340 0 +5.057976514e-02 +2.885057977e+01 +2.885057977e+01 -2.6519e-01 +9.3392e-01 +3.6653e-01
1430 0 +4.992411648e-02 +2.884992412e+01 +2.884992412e+01 -2.5947e-01 +9.3937e-01 +3.7589e-01
1452 0 +4.874186765e-02 +2.884874187e+01 +2.884874187e+01 -2.6203e-01 +9.3905e-01 +3.7543e-01
1462 0 +4.753003391e-02 +2.884753003e+01 +2.884753003e+01 -2.5254e-01 +9.4450e-01 +3.8528e-01
1527 0 +4.641524748e-02 +2.884641525e+01 +2.884641525e+01 -2.4289e-01 +9.5094e-01 +3.9718e-01
1540 0 +4.545130924e-02 +2.884545131e+01 +2.884545131e+01 -2.4759e-01 +9.4889e-01 +3.9339e-01
1591 0 +4.463976194e-02 +2.884463976e+01 +2.884463976e+01 -2.4849e-01 +9.5024e-01 +3.9562e-01
1651 0 +4.332507998e-02 +2.884332508e+01 +2.884332508e+01 -2.4193e-01 +9.5540e-01 +4.0499e-01
1676 0 +4.243312795e-02 +2.884243313e+01 +2.884243313e+01 -2.3854e-01 +9.5823e-01 +4.1023e-01
1686 0 +4.138535469e-02 +2.884138535e+01 +2.884138535e+01 -2.3541e-01 +9.6095e-01 +4.1535e-01
1704 0 +3.973335464e-02 +2.883973335e+01 +2.883973335e+01 -2.2372e-01 +9.7018e-01 +4.3249e-01
1719 0 +3.825010799e-02 +2.883825011e+01 +2.883825011e+01 -2.1872e-01 +9.7557e-01 +4.4260e-01
1753 0 +3.724317487e-02 +2.883724317e+01 +2.883724317e+01 -2.1804e-01 +9.7639e-01 +4.4433e-01
1764 0 +3.658880985e-02 +2.883658881e+01 +2.883658881e+01 -2.1243e-01 +9.8164e-01 +4.5423e-01
1776 0 +3.501513396e-02 +2.883501513e+01 +2.883501513e+01 -2.0561e-01 +9.8819e-01 +4.6697e-01
1782 0 +3.430916894e-02 +2.883430917e+01 +2.883430917e+01 -1.9682e-01 +9.9597e-01 +4.8217e-01
1845 0 +3.384727242e-02 +2.883384727e+01 +2.883384727e+01 -1.9893e-01 +9.9415e-01 +4.7875e-01
1879 0 +3.285255899e-02 +2.883285256e+01 +2.883285256e+01 -1.9198e-01 +9.9996e-01 +4.9041e-01
1910 0 +3.221350639e-02 +2.883221351e+01 +2.883221351e+01 -1.7883e-01 +1.0109e+00 +5.1279e-01
1984 0 +3.159669512e-02 +2.883159670e+01 +2.883159670e+01 -1.7857e-01 +1.0104e+00 +5.1176e-01
2011 0 +3.085883222e-02 +2.883085883e+01 +2.883085883e+01 -1.7751e-01 +1.0099e+00 +5.1068e-01
2054 0 +3.019248256e-02 +2.883019248e+01 +2.883019248e+01 -1.7035e-01 +1.0151e+00 +5.2127e-01
2080 0 +2.921550444e-02 +2.882921550e+01 +2.882921550e+01 -1.6221e-01 +1.0188e+00 +5.2909e-01
2163 0 +2.882770078e-02 +2.882882770e+01 +2.882882770e+01 -1.5701e-01 +1.0220e+00 +5.3577e-01
2199 0 +2.816558835e-02 +2.882816559e+01 +2.882816559e+01 -1.4887e-01 +1.0264e+00 +5.4517e-01
2228 0 +2.715058255e-02 +2.882715058e+01 +2.882715058e+01 -1.3512e-01 +1.0350e+00 +5.6347e-01
2270 0 +2.674083965e-02 +2.882674084e+01 +2.882674084e+01 -1.2083e-01 +1.0427e+00 +5.8013e-01
2306 0 +2.598907223e-02 +2.882598907e+01 +2.882598907e+01 -1.1190e-01 +1.0489e+00 +5.9363e-01
2346 0 +2.547736860e-02 +2.882547737e+01 +2.882547737e+01 -9.8832e-02 +1.0582e+00 +6.1402e-01
2443 0 +2.511794749e-02 +2.882511795e+01 +2.882511795e+01 -9.3473e-02 +1.0613e+00 +6.2121e-01
2733 0 +2.452027734e-02 +2.882452028e+01 +2.882452028e+01 -5.8562e-02 +1.0822e+00 +6.6890e-01
2896 0 +2.398332044e-02 +2.882398332e+01 +2.882398332e+01 -3.6773e-02 +1.0919e+00 +6.9161e-01
% f evaluations | g evaluations | best noise-free fitness - Fopt (3.534000000000e+01) + sum g_i+ | measured fitness | best measured fitness or single-digit g-values | x1 | x2...
1 0 +2.503737427e-01 +3.559037374e+01 +3.559037374e+01 +0.0000e+00 +0.0000e+00 +0.0000e+00
