% f evaluations | g evaluations | best noise-free fitness - Fopt (-1.000000000000e+03) + sum g_i+ | measured fitness | best measured fitness or single-digit g-values | x1 | x2...
1 0 +8.205600107e+01 -9.179439989e+02 -9.179439989e+02
2 0 +8.171924492e+01 -9.182807551e+02 -9.182807551e+02
5 0 +8.099061879e+01 -9.190093812e+02 -9.190093812e+02
79 0 +7.931120128e+01 -9.206887987e+02 -9.206887987e+02
129 0 +7.724973576e+01 -9.227502642e+02 -9.227502642e+02
172 0 +7.561602148e+01 -9.243839785e+02 -9.243839785e+02
199 0 +7.346427839e+01 -9.265357216e+02 -9.265357216e+02
230 0 +7.238997094e+01 -9.276100291e+02 -9.276100291e+02
291 0 +7.043500211e+01 -9.295649979e+02 -9.295649979e+02
303 0 +6.831217553e+01 -9.316878245e+02 -9.316878245e+02
334 0 +6.620529764e+01 -9.337947024e+02 -9.337947024e+02
362 0 +6.223449979e+01 -9.377655002e+02 -9.377655002e+02
385 0 +5.998872107e+01 -9.400112789e+02 -9.400112789e+02
407 0 +5.624654406e+01 -9.437534559e+02 -9.437534559e+02
427 0 +4.866072645e+01 -9.513392736e+02 -9.513392736e+02
457 0 +4.742698775e+01 -9.525730122e+02 -9.525730122e+02
482 0 +4.491459485e+01 -9.550854051e+02 -9.550854051e+02
496 0 +4.337366564e+01 -9.566263344e+02 -9.566263344e+02
505 0 +4.231344634e+01 -9.576865537e+02 -9.576865537e+02
523 0 +3.905058935e+01 -9.609494107e+02 -9.609494107e+02
527 0 +3.306782523e+01 -9.669321748e+02 -9.669321748e+02
572 0 +2.879835059e+01 -9.712016494e+02 -9.712016494e+02
635 0 +2.695528512e+01 -9.730447149e+02 -9.730447149e+02
676 0 +2.546504343e+01 -9.745349566e+02 -9.745349566e+02
783 0 +2.499804678e+01 -9.750019532e+02 -9.750019532e+02
787 0 +2.383019772e+01 -9.761698023e+02 -9.761698023e+02
795 0 +2.319930463e+01 -9.768006954e+02 -9.768006954e+02
902 0 +2.165209523e+01 -9.783479048e+02 -9.783479048e+02
967 0 +2.135399342e+01 -9.786460066e+02 -9.786460066e+02
1042 0 +2.086580768e+01 -9.791341923e+02 -9.791341923e+02
1084 0 +2.033510161e+01 -9.796648984e+02 -9.796648984e+02
1088 0 +1.994326511e+01 -9.800567349e+02 -9.800567349e+02
1114 0 +1.939793546e+01 -9.806020645e+02 -9.806020645e+02
1301 0 +1.887691292e+01 -9.811230871e+02 -9.811230871e+02
1509 0 +1.852431158e+01 -9.814756884e+02 -9.814756884e+02
% f evaluations | g evaluations | best noise-free fitness - Fopt (1.000000000000e+03) + sum g_i+ | measured fitness | best measured fitness or single-digit g-values | x1 | x2...
1 0 +8.534604634e+01 +1.085346046e+03 +1.085346046e+03
3 0 +8.506804709e+01 +1.085068047e+03 +1.085068047e+03
151 0 +8.298338971e+01 +1.082983390e+03 +1.082983390e+03
272 0 +8.122347874e+01 +1.081223479e+03 +1.081223479e+03
302 0 +7.827797297e+01 +1.078277973e+03 +1.078277973e+03
313 0 +7.734781142e+01 +1.077347811e+03 +1.077347811e+03
363 0 +7.483351976e+01 +1.074833520e+03 +1.074833520e+03
371 0 +7.397442882e+01 +1.073974429e+03 +1.073974429e+03
415 0 +7.143867918e+01 +1.071438679e+03 +1.071438679e+03
422 0 +7.061637470e+01 +1.070616375e+03 +1.070616375e+03
461 0 +6.841344816e+01 +1.068413448e+03 +1.068413448e+03
486 0 +6.564875186e+01 +1.065648752e+03 +1.065648752e+03
499 0 +6.221527550e+01 +1.062215276e+03 +1.062215276e+03
520 0 +6.087461283e+01 +1.060874613e+03 +1.060874613e+03
521 0 +5.815810077e+01 +1.058158101e+03 +1.058158101e+03
543 0 +5.574511160e+01 +1.055745112e+03 +1.055745112e+03
565 0 +5.273617241e+01 +1.052736172e+03 +1.052736172e+03
566 0 +5.088542692e+01 +1.050885427e+03 +1.050885427e+03
576 0 +4.783920041e+01 +1.047839200e+03 +1.047839200e+03
589 0 +4.470669395e+01 +1.044706694e+03 +1.044706694e+03
633 0 +4.010207185e+01 +1.040102072e+03 +1.040102072e+03
677 0 +3.745389979e+01 +1.037453900e+03 +1.037453900e+03
737 0 +3.662014310e+01 +1.036620143e+03 +1.036620143e+03
768 0 +3.124721070e+01 +1.031247211e+03 +1.031247211e+03
824 0 +2.968074524e+01 +1.029680745e+03 +1.029680745e+03
846 0 +2.860651726e+01 +1.028606517e+03 +1.028606517e+03
877 0 +2.772555802e+01 +1.027725558e+03 +1.027725558e+03
881 0 +2.571886098e+01 +1.025718861e+03 +1.025718861e+03
917 0 +2.476839973e+01 +1.024768400e+03 +1.024768400e+03
924 0 +2.435524878e+01 +1.024355249e+03 +1.024355249e+03
982 0 +2.323293979e+01 +1.023232940e+03 +1.023232940e+03
986 0 +2.256670206e+01 +1.022566702e+03 +1.022566702e+03
1005 0 +2.222110092e+01 +1.022221101e+03 +1.022221101e+03
1040 0 +2.149329375e+01 +1.021493294e+03 +1.021493294e+03
1062 0 +2.112701504e+01 +1.021127015e+03 +1.021127015e+03
1068 0 +2.018501722e+01 +1.020185017e+03 +1.020185017e+03
1087 0 +1.975961070e+01 +1.019759611e+03 +1.019759611e+03
1174 0 +1.941998018e+01 +1.019419980e+03 +1.019419980e+03
1191 0 +1.870444300e+01 +1.018704443e+03 +1.018704443e+03
1252 0 +1.844107606e+01 +1.018441076e+03 +1.018441076e+03
1277 0 +1.701309232e+01 +1.017013092e+03 +1.017013092e+03
1408 0 +1.682615044e+01 +1.016826150e+03 +1.016826150e+03
1445 0 +1.657726486e+01 +1.016577265e+03 +1.016577265e+03
1569 0 +1.619643716e+01 +1.016196437e+03 +1.016196437e+03
1613 0 +1.575449999e+01 +1.015754500e+03 +1.015754500e+03
1689 0 +1.546718792e+01 +1.015467188e+03 +1.015467188e+03
1778 0 +1.510285745e+01 +1.015102857e+03 +1.015102857e+03
2141 0 +1.478055162e+01 +1.014780552e+03 +1.014780552e+03
% f evaluations | g evaluations | best noise-free fitness - Fopt (-4.913000000000e+01) + sum g_i+ | measured fitness | best measured fitness or single-digit g-values | x1 | x2...
1 0 +8.206146169e+01 +3.293146169e+01 +3.293146169e+01
3 0 +8.191134454e+01 +3.278134454e+01 +3.278134454e+01
25 0 +8.124596693e+01 +3.211596693e+01 +3.211596693e+01
98 0 +7.941684179e+01 +3.028684179e+01 +3.028684179e+01
138 0 +7.758483214e+01 +2.845483214e+01 +2.845483214e+01
185 0 +7.557005673e+01 +2.644005673e+01 +2.644005673e+01
221 0 +7.409333071e+01 +2.496333071e+01 +2.496333071e+01
272 0 +7.135151019e+01 +2.222151019e+01 +2.222151019e+01
297 0 +6.999305169e+01 +2.086305169e+01 +2.086305169e+01
329 0 +6.835608854e+01 +1.922608854e+01 +1.922608854e+01
350 0 +6.593951634e+01 +1.680951634e+01 +1.680951634e+01
356 0 +6.336137555e+01 +1.423137555e+01 +1.423137555e+01
378 0 +5.829046402e+01 +9.160464020e+00 +9.160464020e+00
382 0 +5.704005225e+01 +7.910052254e+00 +7.910052254e+00
409 0 +5.238623869e+01 +3.256238690e+00 +3.256238690e+00
427 0 +4.641090996e+01 -2.719090035e+00 -2.719090035e+00
453 0 +3.855690755e+01 -1.057309245e+01 -1.057309245e+01
470 0 +3.706382616e+01 -1.206617384e+01 -1.206617384e+01
486 0 +3.503701110e+01 -1.409298890e+01 -1.409298890e+01
495 0 +2.519649526e+01 -2.393350474e+01 -2.393350474e+01
536 0 +2.463170471e+01 -2.449829529e+01 -2.449829529e+01
541 0 +2.363965965e+01 -2.549034035e+01 -2.549034035e+01
543 0 +2.177745063e+01 -2.735254937e+01 -2.735254937e+01
563 0 +2.005256917e+01 -2.907743083e+01 -2.907743083e+01
580 0 +1.914902428e+01 -2.998097572e+01 -2.998097572e+01
592 0 +1.668578068e+01 -3.244421932e+01 -3.244421932e+01
602 0 +1.659487986e+01 -3.253512014e+01 -3.253512014e+01
676 0 +1.408050550e+01 -3.504949450e+01 -3.504949450e+01
696 0 +1.346734365e+01 -3.566265635e+01 -3.566265635e+01
795 0 +1.112893849e+01 -3.800106151e+01 -3.800106151e+01
847 0 +1.041597142e+01 -3.871402858e+01 -3.871402858e+01
856 0 +9.387106011e+00 -3.974289399e+01 -3.974289399e+01
881 0 +8.865956132e+00 -4.026404387e+01 -4.026404387e+01
902 0 +8.265105587e+00 -4.086489441e+01 -4.086489441e+01
961 0 +7.870007445e+00 -4.125999255e+01 -4.125999255e+01
967 0 +7.738789686e+00 -4.139121031e+01 -4.139121031e+01
982 0 +7.349186789e+00 -4.178081321e+01 -4.178081321e+01
1010 0 +6.881068993e+00 -4.224893101e+01 -4.224893101e+01
1046 0 +6.608962518e+00 -4.252103748e+01 -4.252103748e+01
1049 0 +6.425919340e+00 -4.270408066e+01 -4.270408066e+01
1055 0 +6.186952104e+00 -4.294304790e+01 -4.294304790e+01
1068 0 +5.951480691e+00 -4.317851931e+01 -4.317851931e+01
1094 0 +5.824705899e+00 -4.330529410e+01 -4.330529410e+01
1106 0 +5.369790740e+00 -4.376020926e+01 -4.376020926e+01
1189 0 +4.737558968e+00 -4.439244103e+01 -4.439244103e+01
1191 0 +4.638280715e+00 -4.449171929e+01 -4.449171929e+01
1204 0 +4.434914696e+00 -4.469508530e+01 -4.469508530e+01
1225 0 +4.232603987e+00 -4.489739601e+01 -4.489739601e+01
1243 0 +4.153264965e+00 -4.497673504e+01 -4.497673504e+01
1256 0 +3.749740808e+00 -4.538025919e+01 -4.538025919e+01
1301 0 +3.471830902e+00 -4.565816910e+01 -4.565816910e+01
1326 0 +3.465484365e+00 -4.566451563e+01 -4.566451563e+01
1388 0 +3.362281272e+00 -4.576771873e+01 -4.576771873e+01
1390 0 +3.304425993e+00 -4.582557401e+01 -4.582557401e+01
1408 0 +3.192358809e+00 -4.593764119e+01 -4.593764119e+01
1481 0 +3.154904889e+00 -4.597509511e+01 -4.597509511e+01
1511 0 +3.061582359e+00 -4.606841764e+01 -4.606841764e+01
1522 0 +2.991995633e+00 -4.613800437e+01 -4.613800437e+01
1577 0 +2.897731168e+00 -4.623226883e+01 -4.623226883e+01
1598 0 +2.855085159e+00 -4.627491484e+01 -4.627491484e+01
1613 0 +2.815539620e+00 -4.631446038e+01 -4.631446038e+01
1690 0 +2.739535569e+00 -4.639046443e+01 -4.639046443e+01
1778 0 +2.687499246e+00 -4.644250075e+01 -4.644250075e+01
1909 0 +2.627116134e+00 -4.650288387e+01 -4.650288387e+01
% f evaluations | g evaluations | best noise-free fitness - Fopt (2.977300000000e+02) + sum g_i+ | measured fitness | best measured fitness or single-digit g-values | x1 | x2...
1 0 +8.202319017e+01 +3.797531902e+02 +3.797531902e+02
2 0 +8.199390428e+01 +3.797239043e+02 +3.797239043e+02
20 0 +8.122385039e+01 +3.789538504e+02 +3.789538504e+02
99 0 +7.900666037e+01 +3.767366604e+02 +3.767366604e+02
144 0 +7.753107119e+01 +3.752610712e+02 +3.752610712e+02
205 0 +7.558048788e+01 +3.733104879e+02 +3.733104879e+02
243 0 +7.311352102e+01 +3.708435210e+02 +3.708435210e+02
299 0 +7.238098617e+01 +3.701109862e+02 +3.701109862e+02
339 0 +7.030464518e+01 +3.680346452e+02 +3.680346452e+02
359 0 +6.794978109e+01 +3.656797811e+02 +3.656797811e+02
379 0 +6.338930937e+01 +3.611193094e+02 +3.611193094e+02
434 0 +6.013720443e+01 +3.578672044e+02 +3.578672044e+02
454 0 +5.416665804e+01 +3.518966580e+02 +3.518966580e+02
487 0 +5.238972949e+01 +3.501197295e+02 +3.501197295e+02
499 0 +5.035553823e+01 +3.480855382e+02 +3.480855382e+02
502 0 +4.291263445e+01 +3.406426344e+02 +3.406426344e+02
524 0 +3.707549787e+01 +3.348054979e+02 +3.348054979e+02
527 0 +3.556546911e+01 +3.332954691e+02 +3.332954691e+02
548 0 +3.463435436e+01 +3.323643544e+02 +3.323643544e+02
553 0 +3.185665379e+01 +3.295866538e+02 +3.295866538e+02
568 0 +2.817314818e+01 +3.259031482e+02 +3.259031482e+02
576 0 +2.653289965e+01 +3.242628997e+02 +3.242628997e+02
596 0 +2.580391977e+01 +3.235339198e+02 +3.235339198e+02
602 0 +2.418912198e+01 +3.219191220e+02 +3.219191220e+02
603 0 +2.179184170e+01 +3.195218417e+02 +3.195218417e+02
655 0 +2.108821377e+01 +3.188182138e+02 +3.188182138e+02
656 0 +2.072310781e+01 +3.184531078e+02 +3.184531078e+02
659 0 +2.016010965e+01 +3.178901097e+02 +3.178901097e+02
675 0 +1.916148580e+01 +3.168914858e+02 +3.168914858e+02
676 0 +1.683651926e+01 +3.145665193e+02 +3.145665193e+02
677 0 +1.486403100e+01 +3.125940310e+02 +3.125940310e+02
712 0 +1.367021171e+01 +3.114002117e+02 +3.114002117e+02
724 0 +1.324848300e+01 +3.109784830e+02 +3.109784830e+02
726 0 +1.308320452e+01 +3.108132045e+02 +3.108132045e+02
747 0 +1.275958821e+01 +3.104895882e+02 +3.104895882e+02
758 0 +1.101469872e+01 +3.087446987e+02 +3.087446987e+02
785 0 +9.636339251e+00 +3.073663393e+02 +3.073663393e+02
795 0 +9.533929393e+00 +3.072639294e+02 +3.072639294e+02
802 0 +8.635836744e+00 +3.063658367e+02 +3.063658367e+02
815 0 +8.382147240e+00 +3.061121472e+02 +3.061121472e+02
828 0 +8.148179284e+00 +3.058781793e+02 +3.058781793e+02
830 0 +7.638092285e+00 +3.053680923e+02 +3.053680923e+02
856 0 +5.734493454e+00 +3.034644935e+02 +3.034644935e+02
917 0 +4.776482529e+00 +3.025064825e+02 +3.025064825e+02
946 0 +4.483242730e+00 +3.022132427e+02 +3.022132427e+02
947 0 +3.763295004e+00 +3.014932950e+02 +3.014932950e+02
985 0 +3.329756165e+00 +3.010597562e+02 +3.010597562e+02
1008 0 +3.248551052e+00 +3.009785511e+02 +3.009785511e+02
1010 0 +2.921092708e+00 +3.006510927e+02 +3.006510927e+02
1049 0 +2.509884063e+00 +3.002398841e+02 +3.002398841e+02
1059 0 +2.266545236e+00 +2.999965452e+02 +2.999965452e+02
1106 0 +2.083078794e+00 +2.998130788e+02 +2.998130788e+02
1150 0 +2.008342776e+00 +2.997383428e+02 +2.997383428e+02
1171 0 +1.990392450e+00 +2.997203925e+02 +2.997203925e+02
1226 0 +1.940382219e+00 +2.996703822e+02 +2.996703822e+02
1286 0 +1.877677631e+00 +2.996076776e+02 +2.996076776e+02
1301 0 +1.712268085e+00 +2.994422681e+02 +2.994422681e+02
1307 0 +1.693998908e+00 +2.994239989e+02 +2.994239989e+02
1320 0 +1.585148294e+00 +2.993151483e+02 +2.993151483e+02
1360 0 +1.546123442e+00 +2.992761234e+02 +2.992761234e+02
1370 0 +1.501435551e+00 +2.992314356e+02 +2.992314356e+02
1399 0 +1.425535226e+00 +2.991555352e+02 +2.991555352e+02
1405 0 +1.370772152e+00 +2.991007722e+02 +2.991007722e+02
1435 0 +1.338205833e+00 +2.990682058e+02 +2.990682058e+02
1443 0 +1.173552084e+00 +2.989035521e+02 +2.989035521e+02
1509 0 +1.059373684e+00 +2.987893737e+02 +2.987893737e+02
1531 0 +1.032578752e+00 +2.987625788e+02 +2.987625788e+02
1563 0 +1.015995152e+00 +2.987459952e+02 +2.987459952e+02
1580 0 +9.865595541e-01 +2.987165596e+02 +2.987165596e+02
1585 0 +9.768376710e-01 +2.987068377e+02 +2.987068377e+02
1598 0 +9.065379066e-01 +2.986365379e+02 +2.986365379e+02
1634 0 +8.634976930e-01 +2.985934977e+02 +2.985934977e+02
1669 0 +8.259486977e-01 +2.985559487e+02 +2.985559487e+02
1743 0 +8.088472776e-01 +2.985388473e+02 +2.985388473e+02
1828 0 +7.676947983e-01 +2.984976948e+02 +2.984976948e+02
1873 0 +7.536253448e-01 +2.984836253e+02 +2.984836253e+02
1919 0 +7.398802697e-01 +2.984698803e+02 +2.984698803e+02
2078 0 +7.214287089e-01 +2.984514287e+02 +2.984514287e+02
2157 0 +7.072753766e-01 +2.984372754e+02 +2.984372754e+02
% f evaluations | g evaluations | best noise-free fitness - Fopt (5.157000000000e+01) + sum g_i+ | measured fitness | best measured fitness or single-digit g-values | x1 | x2...
1 0 +8.378166644e+01 +1.353516664e+02 +1.353516664e+02
7 0 +8.358288982e+01 +1.351528898e+02 +1.351528898e+02
8 0 +8.309122810e+01 +1.346612281e+02 +1.346612281e+02
124 0 +8.113979495e+01 +1.327097949e+02 +1.327097949e+02
213 0 +7.897019684e+01 +1.305401968e+02 +1.305401968e+02
264 0 +7.755381076e+01 +1.291238108e+02 +1.291238108e+02
291 0 +7.559239739e+01 +1.271623974e+02 +1.271623974e+02
333 0 +7.398227988e+01 +1.255522799e+02 +1.255522799e+02
345 0 +7.243295135e+01 +1.240029514e+02 +1.240029514e+02
382 0 +7.057825486e+01 +1.221482549e+02 +1.221482549e+02
423 0 +6.900091341e+01 +1.205709134e+02 +1.205709134e+02
427 0 +6.754089488e+01 +1.191108949e+02 +1.191108949e+02
429 0 +6.537258080e+01 +1.169425808e+02 +1.169425808e+02
454 0 +6.295679400e+01 +1.145267940e+02 +1.145267940e+02
469 0 +5.871231763e+01 +1.102823176e+02 +1.102823176e+02
514 0 +5.082225499e+01 +1.023922550e+02 +1.023922550e+02
536 0 +4.508473155e+01 +9.665473155e+01 +9.665473155e+01
548 0 +4.393594585e+01 +9.550594585e+01 +9.550594585e+01
551 0 +4.218060548e+01 +9.375060548e+01 +9.375060548e+01
555 0 +3.559065790e+01 +8.716065790e+01 +8.716065790e+01
566 0 +3.502432835e+01 +8.659432835e+01 +8.659432835e+01
569 0 +3.353825615e+01 +8.510825615e+01 +8.510825615e+01
596 0 +3.158086390e+01 +8.315086390e+01 +8.315086390e+01
606 0 +3.074823615e+01 +8.231823615e+01 +8.231823615e+01
612 0 +2.520482819e+01 +7.677482819e+01 +7.677482819e+01
636 0 +2.494675583e+01 +7.651675583e+01 +7.651675583e+01
650 0 +2.014838486e+01 +7.171838486e+01 +7.171838486e+01
678 0 +1.875346149e+01 +7.032346149e+01 +7.032346149e+01
723 0 +1.645571648e+01 +6.802571648e+01 +6.802571648e+01
755 0 +1.411343906e+01 +6.568343906e+01 +6.568343906e+01
779 0 +1.076581678e+01 +6.233581678e+01 +6.233581678e+01
823 0 +1.061546782e+01 +6.218546782e+01 +6.218546782e+01
824 0 +1.029578956e+01 +6.186578956e+01 +6.186578956e+01
829 0 +9.805298405e+00 +6.137529840e+01 +6.137529840e+01
830 0 +9.347282089e+00 +6.091728209e+01 +6.091728209e+01
856 0 +6.938875154e+00 +5.850887515e+01 +5.850887515e+01
961 0 +6.074336797e+00 +5.764433680e+01 +5.764433680e+01
967 0 +5.602266247e+00 +5.717226625e+01 +5.717226625e+01
982 0 +4.645125972e+00 +5.621512597e+01 +5.621512597e+01
1042 0 +4.564499030e+00 +5.613449903e+01 +5.613449903e+01
1049 0 +3.725570030e+00 +5.529557003e+01 +5.529557003e+01
1056 0 +3.395039550e+00 +5.496503955e+01 +5.496503955e+01
1106 0 +2.407091509e+00 +5.397709151e+01 +5.397709151e+01
1182 0 +2.333589859e+00 +5.390358986e+01 +5.390358986e+01
1203 0 +2.246723371e+00 +5.381672337e+01 +5.381672337e+01
1204 0 +2.102155182e+00 +5.367215518e+01 +5.367215518e+01
1229 0 +2.050511544e+00 +5.362051154e+01 +5.362051154e+01
1301 0 +2.017041274e+00 +5.358704127e+01 +5.358704127e+01
1322 0 +1.985291349e+00 +5.355529135e+01 +5.355529135e+01
1375 0 +1.946654623e+00 +5.351665462e+01 +5.351665462e+01
1387 0 +1.867400439e+00 +5.343740044e+01 +5.343740044e+01
1399 0 +1.841934984e+00 +5.341193498e+01 +5.341193498e+01
1419 0 +1.774072480e+00 +5.334407248e+01 +5.334407248e+01
1460 0 +1.692517960e+00 +5.326251796e+01 +5.326251796e+01
1465 0 +1.595159507e+00 +5.316515951e+01 +5.316515951e+01
1471 0 +1.526027539e+00 +5.309602754e+01 +5.309602754e+01
1514 0 +1.460840436e+00 +5.303084044e+01 +5.303084044e+01
1565 0 +1.428268129e+00 +5.299826813e+01 +5.299826813e+01
1577 0 +1.390031650e+00 +5.296003165e+01 +5.296003165e+01
1585 0 +1.366549452e+00 +5.293654945e+01 +5.293654945e+01
1613 0 +1.328228840e+00 +5.289822884e+01 +5.289822884e+01
1650 0 +1.267430528e+00 +5.283743053e+01 +5.283743053e+01
1664 0 +1.213796957e+00 +5.278379696e+01 +5.278379696e+01
1709 0 +1.132601565e+00 +5.270260156e+01 +5.270260156e+01
1728 0 +1.107880571e+00 +5.267788057e+01 +5.267788057e+01
1743 0 +1.018697883e+00 +5.258869788e+01 +5.258869788e+01
1757 0 +9.934255491e-01 +5.256342555e+01 +5.256342555e+01
1780 0 +9.767462421e-01 +5.254674624e+01 +5.254674624e+01
1790 0 +9.245750626e-01 +5.249457506e+01 +5.249457506e+01
1805 0 +9.086992573e-01 +5.247869926e+01 +5.247869926e+01
1819 0 +8.719599868e-01 +5.244195999e+01 +5.244195999e+01
1852 0 +8.450002995e-01 +5.241500030e+01 +5.241500030e+01
1919 0 +8.270364236e-01 +5.239703642e+01 +5.239703642e+01
1961 0 +7.823881951e-01 +5.235238820e+01 +5.235238820e+01
1983 0 +7.760447469e-01 +5.234604475e+01 +5.234604475e+01
2104 0 +7.482716357e-01 +5.231827164e+01 +5.231827164e+01
2177 0 +7.308552344e-01 +5.230085523e+01 +5.230085523e+01
2276 0 +7.224438292e-01 +5.229244383e+01 +5.229244383e+01
2490 0 +7.045380366e-01 +5.227453804e+01 +5.227453804e+01
% f evaluations | g evaluations | best noise-free fitness - Fopt (1.527100000000e+02) + sum g_i+ | measured fitness | best measured fitness or single-digit g-values | x1 | x2...
1 0 +8.224979533e+01 +2.349597953e+02 +2.349597953e+02
2 0 +8.163040177e+01 +2.343404018e+02 +2.343404018e+02
5 0 +8.114973393e+01 +2.338597339e+02 +2.338597339e+02
40 0 +7.870763944e+01 +2.314176394e+02 +2.314176394e+02
92 0 +7.729779656e+01 +2.300077966e+02 +2.300077966e+02
150 0 +7.544980601e+01 +2.281598060e+02 +2.281598060e+02
197 0 +7.377032390e+01 +2.264803239e+02 +2.264803239e+02
232 0 +7.227608342e+01 +2.249860834e+02 +2.249860834e+02
256 0 +7.044384587e+01 +2.231538459e+02 +2.231538459e+02
288 0 +6.857586535e+01 +2.212858654e+02 +2.212858654e+02
304 0 +6.743153725e+01 +2.201415373e+02 +2.201415373e+02
309 0 +6.605972298e+01 +2.187697230e+02 +2.187697230e+02
319 0 +6.387521430e+01 +2.165852143e+02 +2.165852143e+02
340 0 +6.220953659e+01 +2.149195366e+02 +2.149195366e+02
341 0 +5.904183994e+01 +2.117518399e+02 +2.117518399e+02
352 0 +5.879391868e+01 +2.115039187e+02 +2.115039187e+02
364 0 +5.088757523e+01 +2.035975752e+02 +2.035975752e+02
373 0 +4.670571373e+01 +1.994157137e+02 +1.994157137e+02
380 0 +3.385772845e+01 +1.865677285e+02 +1.865677285e+02
427 0 +2.864607537e+01 +1.813560754e+02 +1.813560754e+02
432 0 +2.806921002e+01 +1.807792100e+02 +1.807792100e+02
445 0 +2.674944684e+01 +1.794594468e+02 +1.794594468e+02
452 0 +2.472605421e+01 +1.774360542e+02 +1.774360542e+02
456 0 +2.170672499e+01 +1.744167250e+02 +1.744167250e+02
469 0 +2.078215448e+01 +1.734921545e+02 +1.734921545e+02
492 0 +1.852412602e+01 +1.712341260e+02 +1.712341260e+02
499 0 +1.541406788e+01 +1.681240679e+02 +1.681240679e+02
523 0 +1.221755687e+01 +1.649275569e+02 +1.649275569e+02
551 0 +9.728860106e+00 +1.624388601e+02 +1.624388601e+02
625 0 +9.033607969e+00 +1.617436080e+02 +1.617436080e+02
658 0 +7.634909789e+00 +1.603449098e+02 +1.603449098e+02
682 0 +6.828926758e+00 +1.595389268e+02 +1.595389268e+02
778 0 +6.643703700e+00 +1.593537037e+02 +1.593537037e+02
781 0 +5.710149664e+00 +1.584201497e+02 +1.584201497e+02
787 0 +4.178369809e+00 +1.568883698e+02 +1.568883698e+02
802 0 +3.546089453e+00 +1.562560895e+02 +1.562560895e+02
830 0 +3.222796579e+00 +1.559327966e+02 +1.559327966e+02
877 0 +2.630938735e+00 +1.553409387e+02 +1.553409387e+02
902 0 +2.149432278e+00 +1.548594323e+02 +1.548594323e+02
1000 0 +2.076880629e+00 +1.547868806e+02 +1.547868806e+02
1046 0 +2.033424171e+00 +1.547434242e+02 +1.547434242e+02
1061 0 +1.979460938e+00 +1.546894609e+02 +1.546894609e+02
1076 0 +1.893746937e+00 +1.546037469e+02 +1.546037469e+02
1088 0 +1.812249928e+00 +1.545222499e+02 +1.545222499e+02
1106 0 +1.717427826e+00 +1.544274278e+02 +1.544274278e+02
1114 0 +1.570586131e+00 +1.542805861e+02 +1.542805861e+02
1204 0 +1.460161190e+00 +1.541701612e+02 +1.541701612e+02
1226 0 +1.388278752e+00 +1.540982788e+02 +1.540982788e+02
1245 0 +1.338608597e+00 +1.540486086e+02 +1.540486086e+02
1286 0 +1.309150076e+00 +1.540191501e+02 +1.540191501e+02
1301 0 +1.248891668e+00 +1.539588917e+02 +1.539588917e+02
1359 0 +1.205789915e+00 +1.539157899e+02 +1.539157899e+02
1366 0 +1.182119598e+00 +1.538921196e+02 +1.538921196e+02
1370 0 +1.135832207e+00 +1.538458322e+02 +1.538458322e+02
1388 0 +1.044835604e+00 +1.537548356e+02 +1.537548356e+02
1408 0 +1.012093494e+00 +1.537220935e+02 +1.537220935e+02
1460 0 +9.936409209e-01 +1.537036409e+02 +1.537036409e+02
1471 0 +9.495542151e-01 +1.536595542e+02 +1.536595542e+02
1518 0 +8.915066178e-01 +1.536015066e+02 +1.536015066e+02
1550 0 +8.895506641e-01 +1.535995507e+02 +1.535995507e+02
1563 0 +8.449222569e-01 +1.535549223e+02 +1.535549223e+02
1611 0 +8.279870914e-01 +1.535379871e+02 +1.535379871e+02
1635 0 +8.057284671e-01 +1.535157285e+02 +1.535157285e+02
1685 0 +7.910302544e-01 +1.535010303e+02 +1.535010303e+02
1731 0 +7.723217724e-01 +1.534823218e+02 +1.534823218e+02
1778 0 +7.536731630e-01 +1.534636732e+02 +1.534636732e+02
1818 0 +7.342825582e-01 +1.534442826e+02 +1.534442826e+02
1903 0 +7.198205367e-01 +1.534298205e+02 +1.534298205e+02
2133 0 +7.078622000e-01 +1.534178622e+02 +1.534178622e+02
% f evaluations | g evaluations | best noise-free fitness - Fopt (9.980000000000e+01) + sum g_i+ | measured fitness | best measured fitness or single-digit g-values | x1 | x2...
1 0 +7.973996594e+01 +1.795399659e+02 +1.795399659e+02
2 0 +7.940194139e+01 +1.792019414e+02 +1.792019414e+02
14 0 +7.748342861e+01 +1.772834286e+02 +1.772834286e+02
65 0 +7.560531770e+01 +1.754053177e+02 +1.754053177e+02
105 0 +7.396081195e+01 +1.737608120e+02 +1.737608120e+02
162 0 +7.234400484e+01 +1.721440048e+02 +1.721440048e+02
174 0 +7.064384799e+01 +1.704438480e+02 +1.704438480e+02
213 0 +6.840690240e+01 +1.682069024e+02 +1.682069024e+02
248 0 +6.655375105e+01 +1.663537511e+02 +1.663537511e+02
260 0 +6.478795064e+01 +1.645879506e+02 +1.645879506e+02
279 0 +6.303421035e+01 +1.628342104e+02 +1.628342104e+02
302 0 +5.999131194e+01 +1.597913119e+02 +1.597913119e+02
314 0 +5.869810180e+01 +1.584981018e+02 +1.584981018e+02
325 0 +5.710750794e+01 +1.569075079e+02 +1.569075079e+02
346 0 +5.439085285e+01 +1.541908528e+02 +1.541908528e+02
351 0 +4.983110712e+01 +1.496311071e+02 +1.496311071e+02
365 0 +4.588526366e+01 +1.456852637e+02 +1.456852637e+02
386 0 +4.521118635e+01 +1.450111863e+02 +1.450111863e+02
391 0 +4.395595945e+01 +1.437559595e+02 +1.437559595e+02
437 0 +4.274855077e+01 +1.425485508e+02 +1.425485508e+02
454 0 +4.140089507e+01 +1.412008951e+02 +1.412008951e+02
484 0 +3.943410573e+01 +1.392341057e+02 +1.392341057e+02
490 0 +3.749851357e+01 +1.372985136e+02 +1.372985136e+02
497 0 +3.688631821e+01 +1.366863182e+02 +1.366863182e+02
504 0 +3.329160057e+01 +1.330916006e+02 +1.330916006e+02
507 0 +3.254600350e+01 +1.323460035e+02 +1.323460035e+02
518 0 +3.145020280e+01 +1.312502028e+02 +1.312502028e+02
572 0 +2.991424776e+01 +1.297142478e+02 +1.297142478e+02
595 0 +2.946006623e+01 +1.292600662e+02 +1.292600662e+02
607 0 +2.571912236e+01 +1.255191224e+02 +1.255191224e+02
639 0 +2.520056888e+01 +1.250005689e+02 +1.250005689e+02
650 0 +2.493106392e+01 +1.247310639e+02 +1.247310639e+02
676 0 +2.448002201e+01 +1.242800220e+02 +1.242800220e+02
677 0 +2.333858109e+01 +1.231385811e+02 +1.231385811e+02
692 0 +2.219452174e+01 +1.219945217e+02 +1.219945217e+02
712 0 +2.160379928e+01 +1.214037993e+02 +1.214037993e+02
723 0 +1.858886351e+01 +1.183888635e+02 +1.183888635e+02
778 0 +1.816126030e+01 +1.179612603e+02 +1.179612603e+02
787 0 +1.644734380e+01 +1.162473438e+02 +1.162473438e+02
788 0 +1.565003502e+01 +1.154500350e+02 +1.154500350e+02
846 0 +1.524188130e+01 +1.150418813e+02 +1.150418813e+02
848 0 +1.449088867e+01 +1.142908887e+02 +1.142908887e+02
856 0 +1.360050345e+01 +1.134005035e+02 +1.134005035e+02
877 0 +1.274693826e+01 +1.125469383e+02 +1.125469383e+02
915 0 +1.215835566e+01 +1.119583557e+02 +1.119583557e+02
955 0 +1.122939736e+01 +1.110293974e+02 +1.110293974e+02
967 0 +1.038192119e+01 +1.101819212e+02 +1.101819212e+02
1000 0 +9.036144865e+00 +1.088361449e+02 +1.088361449e+02
1039 0 +8.523788170e+00 +1.083237882e+02 +1.083237882e+02
1056 0 +7.975250921e+00 +1.077752509e+02 +1.077752509e+02
1088 0 +7.726944634e+00 +1.075269446e+02 +1.075269446e+02
1162 0 +7.534509124e+00 +1.073345091e+02 +1.073345091e+02
1194 0 +7.354777349e+00 +1.071547773e+02 +1.071547773e+02
1256 0 +6.659091400e+00 +1.064590914e+02 +1.064590914e+02
1299 0 +6.558126914e+00 +1.063581269e+02 +1.063581269e+02
1309 0 +6.414592377e+00 +1.062145924e+02 +1.062145924e+02
1321 0 +6.153279734e+00 +1.059532797e+02 +1.059532797e+02
1326 0 +5.673436855e+00 +1.054734369e+02 +1.054734369e+02
1373 0 +5.472368567e+00 +1.052723686e+02 +1.052723686e+02
1387 0 +4.595159351e+00 +1.043951594e+02 +1.043951594e+02
1509 0 +4.438365960e+00 +1.042383660e+02 +1.042383660e+02
1512 0 +3.963610502e+00 +1.037636105e+02 +1.037636105e+02
1523 0 +3.736897390e+00 +1.035368974e+02 +1.035368974e+02
1563 0 +3.576871589e+00 +1.033768716e+02 +1.033768716e+02
1567 0 +3.481147173e+00 +1.032811472e+02 +1.032811472e+02
1595 0 +3.227313644e+00 +1.030273136e+02 +1.030273136e+02
1635 0 +2.796110912e+00 +1.025961109e+02 +1.025961109e+02
1664 0 +2.694047269e+00 +1.024940473e+02 +1.024940473e+02
1686 0 +2.687987543e+00 +1.024879875e+02 +1.024879875e+02
1689 0 +2.534512501e+00 +1.023345125e+02 +1.023345125e+02
1729 0 +2.483202305e+00 +1.022832023e+02 +1.022832023e+02
1731 0 +2.437817290e+00 +1.022378173e+02 +1.022378173e+02
1754 0 +2.361240312e+00 +1.021612403e+02 +1.021612403e+02
1775 0 +2.262859334e+00 +1.020628593e+02 +1.020628593e+02
1812 0 +2.235170640e+00 +1.020351706e+02 +1.020351706e+02
1873 0 +2.159672581e+00 +1.019596726e+02 +1.019596726e+02
1879 0 +2.137361664e+00 +1.019373617e+02 +1.019373617e+02
1961 0 +2.083853401e+00 +1.018838534e+02 +1.018838534e+02
2119 0 +2.038874205e+00 +1.018388742e+02 +1.018388742e+02
2569 0 +1.995158153e+00 +1.017951582e+02 +1.017951582e+02
% f evaluations | g evaluations | best noise-free fitness - Fopt (-1.194100000000e+02) + sum g_i+ | measured fitness | best measured fitness or single-digit g-values | x1 | x2...
1 0 +8.298042054e+01 -3.642957946e+01 -3.642957946e+01
2 0 +8.249888486e+01 -3.691111514e+01 -3.691111514e+01
52 0 +8.124243881e+01 -3.816756119e+01 -3.816756119e+01
122 0 +7.920965197e+01 -4.020034803e+01 -4.020034803e+01
154 0 +7.757713779e+01 -4.183286221e+01 -4.183286221e+01
221 0 +7.566063543e+01 -4.374936457e+01 -4.374936457e+01
249 0 +7.354684724e+01 -4.586315276e+01 -4.586315276e+01
291 0 +7.224430298e+01 -4.716569702e+01 -4.716569702e+01
312 0 +7.006576725e+01 -4.934423275e+01 -4.934423275e+01
319 0 +6.799209462e+01 -5.141790538e+01 -5.141790538e+01
348 0 +6.672757550e+01 -5.268242450e+01 -5.268242450e+01
371 0 +6.593765148e+01 -5.347234852e+01 -5.347234852e+01
387 0 +6.221148302e+01 -5.719851698e+01 -5.719851698e+01
393 0 +6.160820511e+01 -5.780179489e+01 -5.780179489e+01
410 0 +5.983618880e+01 -5.957381120e+01 -5.957381120e+01
415 0 +5.721773581e+01 -6.219226419e+01 -6.219226419e+01
417 0 +5.414480116e+01 -6.526519884e+01 -6.526519884e+01
430 0 +5.185940510e+01 -6.755059490e+01 -6.755059490e+01
448 0 +4.840990596e+01 -7.100009404e+01 -7.100009404e+01
452 0 +4.302886789e+01 -7.638113211e+01 -7.638113211e+01
482 0 +3.475570686e+01 -8.465429314e+01 -8.465429314e+01
496 0 +3.351085069e+01 -8.589914931e+01 -8.589914931e+01
499 0 +2.971899331e+01 -8.969100669e+01 -8.969100669e+01
513 0 +2.306782591e+01 -9.634217409e+01 -9.634217409e+01
543 0 +2.206238930e+01 -9.734761070e+01 -9.734761070e+01
551 0 +1.716063325e+01 -1.022493668e+02 -1.022493668e+02
565 0 +1.606256817e+01 -1.033474318e+02 -1.033474318e+02
590 0 +1.171447184e+01 -1.076955282e+02 -1.076955282e+02
618 0 +1.103128877e+01 -1.083787112e+02 -1.083787112e+02
656 0 +1.072858819e+01 -1.086814118e+02 -1.086814118e+02
658 0 +1.055855325e+01 -1.088514468e+02 -1.088514468e+02
676 0 +9.213054947e+00 -1.101969451e+02 -1.101969451e+02
677 0 +8.368936375e+00 -1.110410636e+02 -1.110410636e+02
712 0 +8.036358715e+00 -1.113736413e+02 -1.113736413e+02
723 0 +7.112864710e+00 -1.122971353e+02 -1.122971353e+02
724 0 +6.807131316e+00 -1.126028687e+02 -1.126028687e+02
786 0 +6.618445196e+00 -1.127915548e+02 -1.127915548e+02
823 0 +4.332228085e+00 -1.150777719e+02 -1.150777719e+02
858 0 +3.969343441e+00 -1.154406566e+02 -1.154406566e+02
877 0 +3.445663889e+00 -1.159643361e+02 -1.159643361e+02
921 0 +3.274756087e+00 -1.161352439e+02 -1.161352439e+02
926 0 +2.781894436e+00 -1.166281056e+02 -1.166281056e+02
961 0 +2.684791656e+00 -1.167252083e+02 -1.167252083e+02
967 0 +2.207066792e+00 -1.172029332e+02 -1.172029332e+02
1010 0 +2.095383909e+00 -1.173146161e+02 -1.173146161e+02
1061 0 +2.054939032e+00 -1.173550610e+02 -1.173550610e+02
1105 0 +2.031828008e+00 -1.173781720e+02 -1.173781720e+02
1118 0 +1.925549868e+00 -1.174844501e+02 -1.174844501e+02
1191 0 +1.893057646e+00 -1.175169424e+02 -1.175169424e+02
1203 0 +1.794158817e+00 -1.176158412e+02 -1.176158412e+02
1225 0 +1.765678460e+00 -1.176443215e+02 -1.176443215e+02
1233 0 +1.692577714e+00 -1.177174223e+02 -1.177174223e+02
1274 0 +1.648361500e+00 -1.177616385e+02 -1.177616385e+02
1281 0 +1.544802487e+00 -1.178651975e+02 -1.178651975e+02
1301 0 +1.492845513e+00 -1.179171545e+02 -1.179171545e+02
1310 0 +1.338123096e+00 -1.180718769e+02 -1.180718769e+02
1390 0 +1.293825480e+00 -1.181161745e+02 -1.181161745e+02
1431 0 +1.244893963e+00 -1.181651060e+02 -1.181651060e+02
1435 0 +1.174642209e+00 -1.182353578e+02 -1.182353578e+02
1476 0 +1.105199958e+00 -1.183048000e+02 -1.183048000e+02
1518 0 +1.020776262e+00 -1.183892237e+02 -1.183892237e+02
1563 0 +9.734932457e-01 -1.184365068e+02 -1.184365068e+02
1598 0 +9.052211737e-01 -1.185047788e+02 -1.185047788e+02
1664 0 +8.771963869e-01 -1.185328036e+02 -1.185328036e+02
1669 0 +8.559515562e-01 -1.185540484e+02 -1.185540484e+02
1686 0 +8.492531558e-01 -1.185607468e+02 -1.185607468e+02
1690 0 +8.305198194e-01 -1.185794802e+02 -1.185794802e+02
1739 0 +8.103688040e-01 -1.185996312e+02 -1.185996312e+02
1775 0 +7.762410900e-01 -1.186337589e+02 -1.186337589e+02
1865 0 +7.575424066e-01 -1.186524576e+02 -1.186524576e+02
1903 0 +7.398022711e-01 -1.186701977e+02 -1.186701977e+02
2040 0 +7.144591171e-01 -1.186955409e+02 -1.186955409e+02
2157 0 +7.045916887e-01 -1.187054083e+02 -1.187054083e+02
% f evaluations | g evaluations | best noise-free fitness - Fopt (1.077000000000e+01) + sum g_i+ | measured fitness | best measured fitness or single-digit g-values | x1 | x2...
1 0 +8.333343445e+01 +9.410343445e+01 +9.410343445e+01
3 0 +8.305503070e+01 +9.382503070e+01 +9.382503070e+01
81 0 +8.106165484e+01 +9.183165484e+01 +9.183165484e+01
143 0 +7.919962369e+01 +8.996962369e+01 +8.996962369e+01
192 0 +7.651790643e+01 +8.728790643e+01 +8.728790643e+01
221 0 +7.584803806e+01 +8.661803806e+01 +8.661803806e+01
275 0 +7.324627972e+01 +8.401627972e+01 +8.401627972e+01
292 0 +7.238809530e+01 +8.315809530e+01 +8.315809530e+01
297 0 +7.033643018e+01 +8.110643018e+01 +8.110643018e+01
353 0 +6.886746466e+01 +7.963746466e+01 +7.963746466e+01
377 0 +6.742778211e+01 +7.819778211e+01 +7.819778211e+01
378 0 +6.521523836e+01 +7.598523836e+01 +7.598523836e+01
407 0 +6.279702830e+01 +7.356702830e+01 +7.356702830e+01
428 0 +5.824567874e+01 +6.901567874e+01 +6.901567874e+01
452 0 +5.615364971e+01 +6.692364971e+01 +6.692364971e+01
455 0 +5.059900651e+01 +6.136900651e+01 +6.136900651e+01
482 0 +4.684829187e+01 +5.761829187e+01 +5.761829187e+01
495 0 +4.354691394e+01 +5.431691394e+01 +5.431691394e+01
519 0 +3.724716982e+01 +4.801716982e+01 +4.801716982e+01
545 0 +3.610642036e+01 +4.687642036e+01 +4.687642036e+01
589 0 +3.520988531e+01 +4.597988531e+01 +4.597988531e+01
596 0 +3.133639000e+01 +4.210639000e+01 +4.210639000e+01
623 0 +3.086889355e+01 +4.163889355e+01 +4.163889355e+01
625 0 +2.969137680e+01 +4.046137680e+01 +4.046137680e+01
660 0 +2.905366001e+01 +3.982366001e+01 +3.982366001e+01
673 0 +2.818803417e+01 +3.895803417e+01 +3.895803417e+01
680 0 +2.688126046e+01 +3.765126046e+01 +3.765126046e+01
682 0 +2.529083604e+01 +3.606083604e+01 +3.606083604e+01
733 0 +2.489723123e+01 +3.566723123e+01 +3.566723123e+01
737 0 +2.348034348e+01 +3.425034348e+01 +3.425034348e+01
750 0 +2.246877293e+01 +3.323877293e+01 +3.323877293e+01
755 0 +2.177345314e+01 +3.254345314e+01 +3.254345314e+01
787 0 +2.091765153e+01 +3.168765153e+01 +3.168765153e+01
804 0 +2.058556819e+01 +3.135556819e+01 +3.135556819e+01
830 0 +1.963445847e+01 +3.040445847e+01 +3.040445847e+01
846 0 +1.937367573e+01 +3.014367573e+01 +3.014367573e+01
856 0 +1.730245529e+01 +2.807245529e+01 +2.807245529e+01
1084 0 +1.683684032e+01 +2.760684032e+01 +2.760684032e+01
1106 0 +1.648604413e+01 +2.725604413e+01 +2.725604413e+01
1218 0 +1.618028388e+01 +2.695028388e+01 +2.695028388e+01
1301 0 +1.575041245e+01 +2.652041245e+01 +2.652041245e+01
1370 0 +1.526672354e+01 +2.603672354e+01 +2.603672354e+01
1419 0 +1.512831235e+01 +2.589831235e+01 +2.589831235e+01
1650 0 +1.477208263e+01 +2.554208263e+01 +2.554208263e+01
% f evaluations | g evaluations | best noise-free fitness - Fopt (2.137000000000e+01) + sum g_i+ | measured fitness | best measured fitness or single-digit g-values | x1 | x2...
1 0 +8.328308459e+01 +1.046530846e+02 +1.046530846e+02
4 0 +8.285626719e+01 +1.042262672e+02 +1.042262672e+02
76 0 +8.098626610e+01 +1.023562661e+02 +1.023562661e+02
153 0 +7.872770709e+01 +1.000977071e+02 +1.000977071e+02
190 0 +7.728923268e+01 +9.865923268e+01 +9.865923268e+01
227 0 +7.522269979e+01 +9.659269979e+01 +9.659269979e+01
282 0 +7.370513832e+01 +9.507513832e+01 +9.507513832e+01
312 0 +7.204309724e+01 +9.341309724e+01 +9.341309724e+01
359 0 +6.928543511e+01 +9.065543511e+01 +9.065543511e+01
374 0 +6.882888966e+01 +9.019888966e+01 +9.019888966e+01
399 0 +6.665841740e+01 +8.802841740e+01 +8.802841740e+01
406 0 +6.552454925e+01 +8.689454925e+01 +8.689454925e+01
410 0 +6.167327464e+01 +8.304327464e+01 +8.304327464e+01
464 0 +6.158240628e+01 +8.295240628e+01 +8.295240628e+01
467 0 +6.024483158e+01 +8.161483158e+01 +8.161483158e+01
468 0 +5.742396918e+01 +7.879396918e+01 +7.879396918e+01
482 0 +4.330166795e+01 +6.467166795e+01 +6.467166795e+01
520 0 +4.117769941e+01 +6.254769941e+01 +6.254769941e+01
527 0 +3.912432677e+01 +6.049432677e+01 +6.049432677e+01
542 0 +3.578809482e+01 +5.715809482e+01 +5.715809482e+01
545 0 +3.291600206e+01 +5.428600206e+01 +5.428600206e+01
557 0 +2.653087384e+01 +4.790087384e+01 +4.790087384e+01
569 0 +2.607967779e+01 +4.744967779e+01 +4.744967779e+01
586 0 +2.401332565e+01 +4.538332565e+01 +4.538332565e+01
592 0 +2.244340312e+01 +4.381340312e+01 +4.381340312e+01
633 0 +2.206411575e+01 +4.343411575e+01 +4.343411575e+01
638 0 +1.948271777e+01 +4.085271777e+01 +4.085271777e+01
677 0 +1.470510325e+01 +3.607510325e+01 +3.607510325e+01
750 0 +1.310644919e+01 +3.447644919e+01 +3.447644919e+01
779 0 +1.209570213e+01 +3.346570213e+01 +3.346570213e+01
800 0 +1.125779992e+01 +3.262779992e+01 +3.262779992e+01
818 0 +1.079406902e+01 +3.216406902e+01 +3.216406902e+01
823 0 +1.065027166e+01 +3.202027166e+01 +3.202027166e+01
828 0 +1.043462288e+01 +3.180462288e+01 +3.180462288e+01
847 0 +9.929509007e+00 +3.129950901e+01 +3.129950901e+01
856 0 +8.929960656e+00 +3.029996066e+01 +3.029996066e+01
928 0 +8.621182236e+00 +2.999118224e+01 +2.999118224e+01
978 0 +8.220275928e+00 +2.959027593e+01 +2.959027593e+01
985 0 +8.077994616e+00 +2.944799462e+01 +2.944799462e+01
1049 0 +7.499809216e+00 +2.886980922e+01 +2.886980922e+01
1088 0 +6.918547089e+00 +2.828854709e+01 +2.828854709e+01
1106 0 +6.718567496e+00 +2.808856750e+01 +2.808856750e+01
1204 0 +6.523775108e+00 +2.789377511e+01 +2.789377511e+01
1265 0 +6.429830838e+00 +2.779983084e+01 +2.779983084e+01
1277 0 +6.196078277e+00 +2.756607828e+01 +2.756607828e+01
1298 0 +6.153151822e+00 +2.752315182e+01 +2.752315182e+01
1301 0 +5.945834736e+00 +2.731583474e+01 +2.731583474e+01
1387 0 +5.828319318e+00 +2.719831932e+01 +2.719831932e+01
1419 0 +5.710196023e+00 +2.708019602e+01 +2.708019602e+01
1554 0 +5.621880046e+00 +2.699188005e+01 +2.699188005e+01
1577 0 +5.481195943e+00 +2.685119594e+01 +2.685119594e+01
1664 0 +5.359808195e+00 +2.672980819e+01 +2.672980819e+01
1754 0 +5.246594777e+00 +2.661659478e+01 +2.661659478e+01
1941 0 +5.128592195e+00 +2.649859220e+01 +2.649859220e+01
% f evaluations | g evaluations | best noise-free fitness - Fopt (1.673000000000e+01) + sum g_i+ | measured fitness | best measured fitness or single-digit g-values | x1 | x2...
1 0 +8.290555338e+01 +9.963555338e+01 +9.963555338e+01
2 0 +8.260018607e+01 +9.933018607e+01 +9.933018607e+01
65 0 +8.119419152e+01 +9.792419152e+01 +9.792419152e+01
109 0 +7.940286664e+01 +9.613286664e+01 +9.613286664e+01
182 0 +7.742293530e+01 +9.415293530e+01 +9.415293530e+01
229 0 +7.508683563e+01 +9.181683563e+01 +9.181683563e+01
259 0 +7.321772670e+01 +8.994772670e+01 +8.994772670e+01
289 0 +7.090688430e+01 +8.763688430e+01 +8.763688430e+01
313 0 +6.947034838e+01 +8.620034838e+01 +8.620034838e+01
347 0 +6.883042523e+01 +8.556042523e+01 +8.556042523e+01
384 0 +6.638298182e+01 +8.311298182e+01 +8.311298182e+01
386 0 +6.601099167e+01 +8.274099167e+01 +8.274099167e+01
395 0 +6.372305784e+01 +8.045305784e+01 +8.045305784e+01
396 0 +6.250792428e+01 +7.923792428e+01 +7.923792428e+01
413 0 +6.070578320e+01 +7.743578320e+01 +7.743578320e+01
422 0 +5.692801077e+01 +7.365801077e+01 +7.365801077e+01
443 0 +5.526456044e+01 +7.199456044e+01 +7.199456044e+01
458 0 +5.456939015e+01 +7.129939015e+01 +7.129939015e+01
462 0 +5.313963171e+01 +6.986963171e+01 +6.986963171e+01
471 0 +4.936219090e+01 +6.609219090e+01 +6.609219090e+01
477 0 +3.508911420e+01 +5.181911420e+01 +5.181911420e+01
511 0 +3.426599679e+01 +5.099599679e+01 +5.099599679e+01
537 0 +3.052098826e+01 +4.725098826e+01 +4.725098826e+01
560 0 +2.470078385e+01 +4.143078385e+01 +4.143078385e+01
568 0 +2.443823847e+01 +4.116823847e+01 +4.116823847e+01
580 0 +2.049968861e+01 +3.722968861e+01 +3.722968861e+01
696 0 +2.039397316e+01 +3.712397316e+01 +3.712397316e+01
792 0 +1.939618096e+01 +3.612618096e+01 +3.612618096e+01
795 0 +1.632809536e+01 +3.305809536e+01 +3.305809536e+01
830 0 +1.440806023e+01 +3.113806023e+01 +3.113806023e+01
856 0 +1.162175880e+01 +2.835175880e+01 +2.835175880e+01
897 0 +1.145869172e+01 +2.818869172e+01 +2.818869172e+01
906 0 +1.051599236e+01 +2.724599236e+01 +2.724599236e+01
915 0 +1.039976430e+01 +2.712976430e+01 +2.712976430e+01
947 0 +9.671569863e+00 +2.640156986e+01 +2.640156986e+01
965 0 +8.685884040e+00 +2.541588404e+01 +2.541588404e+01
976 0 +8.340039083e+00 +2.507003908e+01 +2.507003908e+01
1004 0 +7.985070825e+00 +2.471507082e+01 +2.471507082e+01
1049 0 +7.630730502e+00 +2.436073050e+01 +2.436073050e+01
1063 0 +7.541249351e+00 +2.427124935e+01 +2.427124935e+01
1068 0 +7.403629035e+00 +2.413362903e+01 +2.413362903e+01
1106 0 +7.209034736e+00 +2.393903474e+01 +2.393903474e+01
1114 0 +6.353439187e+00 +2.308343919e+01 +2.308343919e+01
1118 0 +6.298516829e+00 +2.302851683e+01 +2.302851683e+01
1171 0 +5.919103026e+00 +2.264910303e+01 +2.264910303e+01
1191 0 +5.418439426e+00 +2.214843943e+01 +2.214843943e+01
1226 0 +4.969435058e+00 +2.169943506e+01 +2.169943506e+01
1277 0 +4.855030788e+00 +2.158503079e+01 +2.158503079e+01
1286 0 +4.477885744e+00 +2.120788574e+01 +2.120788574e+01
1301 0 +4.245805748e+00 +2.097580575e+01 +2.097580575e+01
1310 0 +4.079799085e+00 +2.080979909e+01 +2.080979909e+01
1320 0 +3.877533720e+00 +2.060753372e+01 +2.060753372e+01
1387 0 +3.538144795e+00 +2.026814480e+01 +2.026814480e+01
1419 0 +3.415585600e+00 +2.014558560e+01 +2.014558560e+01
1451 0 +3.298619234e+00 +2.002861923e+01 +2.002861923e+01
1509 0 +3.119650306e+00 +1.984965031e+01 +1.984965031e+01
1563 0 +3.017867823e+00 +1.974786782e+01 +1.974786782e+01
1613 0 +2.947802458e+00 +1.967780246e+01 +1.967780246e+01
1690 0 +2.837939758e+00 +1.956793976e+01 +1.956793976e+01
1721 0 +2.817664916e+00 +1.954766492e+01 +1.954766492e+01
1795 0 +2.750520653e+00 +1.948052065e+01 +1.948052065e+01
1906 0 +2.676587899e+00 +1.940658790e+01 +1.940658790e+01
2138 0 +2.628280328e+00 +1.935828033e+01 +1.935828033e+01
% f evaluations | g evaluations | best noise-free fitness - Fopt (1.000000000000e+03) + sum g_i+ | measured fitness | best measured fitness or single-digit g-values | x1 | x2...
1 0 +8.368313818e+01 +1.083683138e+03 +1.083683138e+03
2 0 +8.351376079e+01 +1.083513761e+03 +1.083513761e+03
7 0 +8.306582723e+01 +1.083065827e+03 +1.083065827e+03
154 0 +8.085523746e+01 +1.080855237e+03 +1.080855237e+03
218 0 +7.878242862e+01 +1.078782429e+03 +1.078782429e+03
261 0 +7.745979145e+01 +1.077459791e+03 +1.077459791e+03
287 0 +7.570482784e+01 +1.075704828e+03 +1.075704828e+03
328 0 +7.409310504e+01 +1.074093105e+03 +1.074093105e+03
366 0 +7.199722900e+01 +1.071997229e+03 +1.071997229e+03
377 0 +6.995127055e+01 +1.069951271e+03 +1.069951271e+03
407 0 +6.889371346e+01 +1.068893713e+03 +1.068893713e+03
455 0 +6.712381859e+01 +1.067123819e+03 +1.067123819e+03
476 0 +6.522764182e+01 +1.065227642e+03 +1.065227642e+03
492 0 +6.341146685e+01 +1.063411467e+03 +1.063411467e+03
510 0 +6.255685987e+01 +1.062556860e+03 +1.062556860e+03
527 0 +6.120231011e+01 +1.061202310e+03 +1.061202310e+03
544 0 +6.018133158e+01 +1.060181332e+03 +1.060181332e+03
572 0 +5.856686514e+01 +1.058566865e+03 +1.058566865e+03
616 0 +5.635702355e+01 +1.056357024e+03 +1.056357024e+03
623 0 +5.586830039e+01 +1.055868300e+03 +1.055868300e+03
682 0 +5.382801953e+01 +1.053828020e+03 +1.053828020e+03
738 0 +5.354574800e+01 +1.053545748e+03 +1.053545748e+03
771 0 +5.242151536e+01 +1.052421515e+03 +1.052421515e+03
779 0 +5.095909011e+01 +1.050959090e+03 +1.050959090e+03
786 0 +5.005275749e+01 +1.050052757e+03 +1.050052757e+03
801 0 +4.871126488e+01 +1.048711265e+03 +1.048711265e+03
856 0 +4.751913489e+01 +1.047519135e+03 +1.047519135e+03
877 0 +4.672812107e+01 +1.046728121e+03 +1.046728121e+03
1088 0 +4.568906037e+01 +1.045689060e+03 +1.045689060e+03
1195 0 +4.465143227e+01 +1.044651432e+03 +1.044651432e+03
1390 0 +4.364011092e+01 +1.043640111e+03 +1.043640111e+03
% f evaluations | g evaluations | best noise-free fitness - Fopt (-1.079600000000e+02) + sum g_i+ | measured fitness | best measured fitness or single-digit g-values | x1 | x2...
1 0 +8.402732634e+01 -2.393267366e+01 -2.393267366e+01
7 0 +8.399290932e+01 -2.396709068e+01 -2.396709068e+01
86 0 +8.231778618e+01 -2.564221382e+01 -2.564221382e+01
153 0 +8.122988557e+01 -2.673011443e+01 -2.673011443e+01
251 0 +7.942138330e+01 -2.853861670e+01 -2.853861670e+01
309 0 +7.761750555e+01 -3.034249445e+01 -3.034249445e+01
345 0 +7.515021875e+01 -3.280978125e+01 -3.280978125e+01
362 0 +7.352458874e+01 -3.443541126e+01 -3.443541126e+01
408 0 +7.163967775e+01 -3.632032225e+01 -3.632032225e+01
427 0 +6.998479245e+01 -3.797520755e+01 -3.797520755e+01
453 0 +6.701501058e+01 -4.094498942e+01 -4.094498942e+01
485 0 +6.532478753e+01 -4.263521247e+01 -4.263521247e+01
522 0 +6.212692488e+01 -4.583307512e+01 -4.583307512e+01
527 0 +6.155634468e+01 -4.640365532e+01 -4.640365532e+01
551 0 +5.670725456e+01 -5.125274544e+01 -5.125274544e+01
572 0 +5.259221325e+01 -5.536778675e+01 -5.536778675e+01
587 0 +5.020962163e+01 -5.775037837e+01 -5.775037837e+01
602 0 +4.210306231e+01 -6.585693769e+01 -6.585693769e+01
678 0 +3.903673256e+01 -6.892326744e+01 -6.892326744e+01
714 0 +3.704273785e+01 -7.091726215e+01 -7.091726215e+01
734 0 +3.268698512e+01 -7.527301488e+01 -7.527301488e+01
745 0 +3.085438197e+01 -7.710561803e+01 -7.710561803e+01
755 0 +2.906299786e+01 -7.889700214e+01 -7.889700214e+01
781 0 +2.877784449e+01 -7.918215551e+01 -7.918215551e+01
794 0 +2.809352237e+01 -7.986647763e+01 -7.986647763e+01
795 0 +2.517825103e+01 -8.278174897e+01 -8.278174897e+01
823 0 +2.495904775e+01 -8.300095225e+01 -8.300095225e+01
831 0 +2.400321714e+01 -8.395678286e+01 -8.395678286e+01
847 0 +2.201366194e+01 -8.594633806e+01 -8.594633806e+01
917 0 +2.056978245e+01 -8.739021755e+01 -8.739021755e+01
967 0 +1.995138673e+01 -8.800861327e+01 -8.800861327e+01
1049 0 +1.915436266e+01 -8.880563734e+01 -8.880563734e+01
1056 0 +1.757191402e+01 -9.038808598e+01 -9.038808598e+01
1076 0 +1.708773728e+01 -9.087226272e+01 -9.087226272e+01
1088 0 +1.663144818e+01 -9.132855182e+01 -9.132855182e+01
1106 0 +1.625628054e+01 -9.170371946e+01 -9.170371946e+01
1114 0 +1.562132002e+01 -9.233867998e+01 -9.233867998e+01
1171 0 +1.446771703e+01 -9.349228297e+01 -9.349228297e+01
1189 0 +1.439944944e+01 -9.356055056e+01 -9.356055056e+01
1194 0 +1.412522661e+01 -9.383477339e+01 -9.383477339e+01
1244 0 +1.375284871e+01 -9.420715129e+01 -9.420715129e+01
1265 0 +1.322436483e+01 -9.473563517e+01 -9.473563517e+01
1274 0 +1.303486825e+01 -9.492513175e+01 -9.492513175e+01
1301 0 +1.275896771e+01 -9.520103229e+01 -9.520103229e+01
1376 0 +1.258654475e+01 -9.537345525e+01 -9.537345525e+01
1409 0 +1.225819609e+01 -9.570180391e+01 -9.570180391e+01
1433 0 +1.194982728e+01 -9.601017272e+01 -9.601017272e+01
1563 0 +1.169985501e+01 -9.626014499e+01 -9.626014499e+01
1613 0 +1.145853107e+01 -9.650146893e+01 -9.650146893e+01
1936 0 +1.121657686e+01 -9.674342314e+01 -9.674342314e+01
% f evaluations | g evaluations | best noise-free fitness - Fopt (-3.025900000000e+02) + sum g_i+ | measured fitness | best measured fitness or single-digit g-values | x1 | x2...
1 0 +8.410196611e+01 -2.184880339e+02 -2.184880339e+02
7 0 +8.401701175e+01 -2.185729883e+02 -2.185729883e+02
22 0 +8.308326018e+01 -2.195067398e+02 -2.195067398e+02
89 0 +8.118110777e+01 -2.214088922e+02 -2.214088922e+02
142 0 +7.903017561e+01 -2.235598244e+02 -2.235598244e+02
184 0 +7.748525938e+01 -2.251047406e+02 -2.251047406e+02
232 0 +7.583248843e+01 -2.267575116e+02 -2.267575116e+02
262 0 +7.338203941e+01 -2.292079606e+02 -2.292079606e+02
263 0 +7.177963063e+01 -2.308103694e+02 -2.308103694e+02
294 0 +6.969204109e+01 -2.328979589e+02 -2.328979589e+02
325 0 +6.916103406e+01 -2.334289659e+02 -2.334289659e+02
365 0 +6.511691750e+01 -2.374730825e+02 -2.374730825e+02
383 0 +6.390487657e+01 -2.386851234e+02 -2.386851234e+02
397 0 +5.933895155e+01 -2.432510484e+02 -2.432510484e+02
446 0 +5.384440910e+01 -2.487455909e+02 -2.487455909e+02
460 0 +5.171826596e+01 -2.508717340e+02 -2.508717340e+02
474 0 +4.331260310e+01 -2.592773969e+02 -2.592773969e+02
496 0 +4.212423378e+01 -2.604657662e+02 -2.604657662e+02
506 0 +3.883091081e+01 -2.637590892e+02 -2.637590892e+02
523 0 +3.264818005e+01 -2.699418200e+02 -2.699418200e+02
567 0 +3.191789933e+01 -2.706721007e+02 -2.706721007e+02
572 0 +2.796219916e+01 -2.746278008e+02 -2.746278008e+02
574 0 +2.709491331e+01 -2.754950867e+02 -2.754950867e+02
601 0 +2.587613902e+01 -2.767138610e+02 -2.767138610e+02
604 0 +2.543782260e+01 -2.771521774e+02 -2.771521774e+02
605 0 +2.079005464e+01 -2.817999454e+02 -2.817999454e+02
644 0 +2.028010762e+01 -2.823098924e+02 -2.823098924e+02
656 0 +1.709356384e+01 -2.854964362e+02 -2.854964362e+02
662 0 +1.460910077e+01 -2.879808992e+02 -2.879808992e+02
688 0 +1.301382280e+01 -2.895761772e+02 -2.895761772e+02
696 0 +1.250476872e+01 -2.900852313e+02 -2.900852313e+02
744 0 +1.221310845e+01 -2.903768915e+02 -2.903768915e+02
748 0 +1.034180536e+01 -2.922481946e+02 -2.922481946e+02
781 0 +1.001821799e+01 -2.925717820e+02 -2.925717820e+02
787 0 +7.480592655e+00 -2.951094073e+02 -2.951094073e+02
858 0 +7.317241996e+00 -2.952727580e+02 -2.952727580e+02
881 0 +7.094893457e+00 -2.954951065e+02 -2.954951065e+02
882 0 +7.052215658e+00 -2.955377843e+02 -2.955377843e+02
894 0 +6.705334040e+00 -2.958846660e+02 -2.958846660e+02
902 0 +4.828437821e+00 -2.977615622e+02 -2.977615622e+02
932 0 +4.125378602e+00 -2.984646214e+02 -2.984646214e+02
961 0 +2.713193162e+00 -2.998768068e+02 -2.998768068e+02
1065 0 +2.600056065e+00 -2.999899439e+02 -2.999899439e+02
1068 0 +2.542851975e+00 -3.000471480e+02 -3.000471480e+02
1076 0 +2.328766704e+00 -3.002612333e+02 -3.002612333e+02
1088 0 +2.178987895e+00 -3.004110121e+02 -3.004110121e+02
1089 0 +2.088844776e+00 -3.005011552e+02 -3.005011552e+02
1106 0 +2.033189626e+00 -3.005568104e+02 -3.005568104e+02
1118 0 +1.949755777e+00 -3.006402442e+02 -3.006402442e+02
1277 0 +1.889945264e+00 -3.007000547e+02 -3.007000547e+02
1301 0 +1.802093058e+00 -3.007879069e+02 -3.007879069e+02
1317 0 +1.721272087e+00 -3.008687279e+02 -3.008687279e+02
1322 0 +1.673641559e+00 -3.009163584e+02 -3.009163584e+02
1383 0 +1.448726419e+00 -3.011412736e+02 -3.011412736e+02
1439 0 +1.416735912e+00 -3.011732641e+02 -3.011732641e+02
1460 0 +1.358354012e+00 -3.012316460e+02 -3.012316460e+02
1505 0 +1.339026714e+00 -3.012509733e+02 -3.012509733e+02
1509 0 +1.304694350e+00 -3.012853057e+02 -3.012853057e+02
1547 0 +1.256666678e+00 -3.013333333e+02 -3.013333333e+02
1570 0 +1.193353801e+00 -3.013966462e+02 -3.013966462e+02
1585 0 +1.162251292e+00 -3.014277487e+02 -3.014277487e+02
1595 0 +1.114350081e+00 -3.014756499e+02 -3.014756499e+02
1613 0 +1.095483983e+00 -3.014945160e+02 -3.014945160e+02
1624 0 +1.041060812e+00 -3.015489392e+02 -3.015489392e+02
1664 0 +9.975497323e-01 -3.015924503e+02 -3.015924503e+02
1685 0 +9.741169842e-01 -3.016158830e+02 -3.016158830e+02
1709 0 +9.281792962e-01 -3.016618207e+02 -3.016618207e+02
1775 0 +9.100631247e-01 -3.016799369e+02 -3.016799369e+02
1855 0 +8.672349970e-01 -3.017227650e+02 -3.017227650e+02
1939 0 +8.449512758e-01 -3.017450487e+02 -3.017450487e+02
1941 0 +8.243618050e-01 -3.017656382e+02 -3.017656382e+02
2057 0 +8.069028556e-01 -3.017830971e+02 -3.017830971e+02
2105 0 +7.923156076e-01 -3.017976844e+02 -3.017976844e+02
2149 0 +7.666819481e-01 -3.018233181e+02 -3.018233181e+02
2169 0 +7.585468820e-01 -3.018314531e+02 -3.018314531e+02
2285 0 +7.400526891e-01 -3.018499473e+02 -3.018499473e+02
2428 0 +7.228574232e-01 -3.018671426e+02 -3.018671426e+02
2725 0 +7.075595509e-01 -3.018824404e+02 -3.018824404e+02
% f evaluations | g evaluations | best noise-free fitness - Fopt (-3.065500000000e+02) + sum g_i+ | measured fitness | best measured fitness or single-digit g-values | x1 | x2...
1 0 +8.471804842e+01 -2.218319516e+02 -2.218319516e+02
2 0 +8.423578421e+01 -2.223142158e+02 -2.223142158e+02
105 0 +8.272152484e+01 -2.238284752e+02 -2.238284752e+02
197 0 +8.126392015e+01 -2.252860799e+02 -2.252860799e+02
242 0 +7.897435787e+01 -2.275756421e+02 -2.275756421e+02
276 0 +7.726255842e+01 -2.292874416e+02 -2.292874416e+02
293 0 +7.585560107e+01 -2.306943989e+02 -2.306943989e+02
321 0 +7.361663073e+01 -2.329333693e+02 -2.329333693e+02
348 0 +7.218527250e+01 -2.343647275e+02 -2.343647275e+02
371 0 +7.018106340e+01 -2.363689366e+02 -2.363689366e+02
388 0 +6.866292991e+01 -2.378870701e+02 -2.378870701e+02
397 0 +6.744275686e+01 -2.391072431e+02 -2.391072431e+02
413 0 +6.502562345e+01 -2.415243766e+02 -2.415243766e+02
436 0 +6.219435760e+01 -2.443556424e+02 -2.443556424e+02
440 0 +5.928374946e+01 -2.472662505e+02 -2.472662505e+02
459 0 +5.710146497e+01 -2.494485350e+02 -2.494485350e+02
472 0 +5.397844596e+01 -2.525715540e+02 -2.525715540e+02
474 0 +4.854636712e+01 -2.580036329e+02 -2.580036329e+02
484 0 +4.408472918e+01 -2.624652708e+02 -2.624652708e+02
494 0 +3.621634842e+01 -2.703336516e+02 -2.703336516e+02
501 0 +3.287715849e+01 -2.736728415e+02 -2.736728415e+02
514 0 +3.157600303e+01 -2.749739970e+02 -2.749739970e+02
537 0 +3.076153935e+01 -2.757884607e+02 -2.757884607e+02
541 0 +2.610128439e+01 -2.804487156e+02 -2.804487156e+02
560 0 +2.481639846e+01 -2.817336015e+02 -2.817336015e+02
568 0 +2.251775315e+01 -2.840322469e+02 -2.840322469e+02
613 0 +2.039538349e+01 -2.861546165e+02 -2.861546165e+02
621 0 +1.438274504e+01 -2.921672550e+02 -2.921672550e+02
696 0 +1.380566766e+01 -2.927443323e+02 -2.927443323e+02
707 0 +1.159267979e+01 -2.949573202e+02 -2.949573202e+02
723 0 +1.020885005e+01 -2.963411500e+02 -2.963411500e+02
737 0 +9.959434366e+00 -2.965905656e+02 -2.965905656e+02
761 0 +9.430737270e+00 -2.971192627e+02 -2.971192627e+02
770 0 +9.304710706e+00 -2.972452893e+02 -2.972452893e+02
787 0 +8.243295574e+00 -2.983067044e+02 -2.983067044e+02
796 0 +7.945652684e+00 -2.986043473e+02 -2.986043473e+02
856 0 +6.566750672e+00 -2.999832493e+02 -2.999832493e+02
877 0 +6.192911842e+00 -3.003570882e+02 -3.003570882e+02
903 0 +6.155068874e+00 -3.003949311e+02 -3.003949311e+02
913 0 +4.823691401e+00 -3.017263086e+02 -3.017263086e+02
914 0 +4.183436270e+00 -3.023665637e+02 -3.023665637e+02
926 0 +2.597389591e+00 -3.039526104e+02 -3.039526104e+02
1061 0 +2.357351028e+00 -3.041926490e+02 -3.041926490e+02
1076 0 +2.310350529e+00 -3.042396495e+02 -3.042396495e+02
1088 0 +2.174185809e+00 -3.043758142e+02 -3.043758142e+02
1106 0 +2.009240433e+00 -3.045407596e+02 -3.045407596e+02
1118 0 +1.979774557e+00 -3.045702254e+02 -3.045702254e+02
1191 0 +1.923929176e+00 -3.046260708e+02 -3.046260708e+02
1204 0 +1.884711379e+00 -3.046652886e+02 -3.046652886e+02
1226 0 +1.684165481e+00 -3.048658345e+02 -3.048658345e+02
1301 0 +1.579095287e+00 -3.049709047e+02 -3.049709047e+02
1321 0 +1.474390708e+00 -3.050756093e+02 -3.050756093e+02
1370 0 +1.391656275e+00 -3.051583437e+02 -3.051583437e+02
1376 0 +1.369425436e+00 -3.051805746e+02 -3.051805746e+02
1387 0 +1.343736528e+00 -3.052062635e+02 -3.052062635e+02
1399 0 +1.250813234e+00 -3.052991868e+02 -3.052991868e+02
1417 0 +1.100257938e+00 -3.054497421e+02 -3.054497421e+02
1460 0 +9.893849962e-01 -3.055606150e+02 -3.055606150e+02
1580 0 +9.689167328e-01 -3.055810833e+02 -3.055810833e+02
1613 0 +9.282686675e-01 -3.056217313e+02 -3.056217313e+02
1634 0 +8.879393891e-01 -3.056620606e+02 -3.056620606e+02
1656 0 +8.393664978e-01 -3.057106335e+02 -3.057106335e+02
1690 0 +8.287173923e-01 -3.057212826e+02 -3.057212826e+02
1743 0 +7.971329475e-01 -3.057528671e+02 -3.057528671e+02
1775 0 +7.800607597e-01 -3.057699392e+02 -3.057699392e+02
1800 0 +7.621341993e-01 -3.057878658e+02 -3.057878658e+02
1819 0 +7.360001861e-01 -3.058139998e+02 -3.058139998e+02
1936 0 +7.221397056e-01 -3.058278603e+02 -3.058278603e+02
2157 0 +7.036383675e-01 -3.058463616e+02 -3.058463616e+02
