% f evaluations | g evaluations | best noise-free fitness - Fopt (-1.694000000000e+01) + sum g_i+ | measured fitness | best measured fitness or single-digit g-values | x1 | x2...
1 0 +2.014078356e+02 +1.844678356e+02 +1.844678356e+02 +0.0000e+00 +0.0000e+00 +0.0000e+00 +0.0000e+00 +0.0000e+00 +0.0000e+00 +0.0000e+00 +0.0000e+00 +0.0000e+00 +0.0000e+00
2 0 +9.557739163e+01 +7.863739163e+01 +7.863739163e+01 +4.3379e-01 +3.0692e-02 +9.8026e-02 +3.4094e-01 +2.4727e-01 +1.7369e-01 -1.1375e-01 -3.0566e-01 +1.1285e-01 -1.5359e-01
33 0 +9.032936351e+01 +7.338936351e+01 +7.338936351e+01 +5.3056e-01 -1.3732e-01 -3.9850e-01 +8.9438e-02 +3.6088e-01 +1.8417e-01 +8.5445e-02 +1.6728e-01 -6.8715e-01 -1.4977e-01
34 0 +8.708791621e+01 +7.014791621e+01 +7.014791621e+01 +1.2125e+00 +3.1977e-01 -2.2708e-01 +5.0690e-02 +5.6766e-01 +4.9414e-01 +4.9086e-01 -6.6724e-01 -3.8135e-02 +4.5064e-02
37 0 +7.984037579e+01 +6.290037579e+01 +6.290037579e+01 +8.0518e-01 +2.8050e-01 -4.4177e-01 +1.7634e-01 +9.0158e-02 +2.6671e-02 +4.8059e-01 -6.2749e-01 -5.8538e-01 +4.0392e-01
76 0 +6.885009532e+01 +5.191009532e+01 +5.191009532e+01 +1.1806e+00 +6.8717e-01 -3.7647e-01 +1.1557e+00 +2.4186e-01 +1.3634e-01 +5.2323e-01 -3.0480e-01 -1.6995e-01 +3.2235e-01
84 0 +5.700532662e+01 +4.006532662e+01 +4.006532662e+01 +1.7658e+00 +9.0916e-01 -9.1496e-01 +9.1819e-01 +1.8001e-01 +3.3338e-01 +7.1922e-02 -9.1876e-01 -1.7176e-01 +3.6930e-01
110 0 +5.479013966e+01 +3.785013966e+01 +3.785013966e+01 +2.2442e+00 +9.4675e-01 -9.3155e-01 +1.3373e+00 -7.7138e-02 +2.7618e-01 +8.4773e-01 -3.1905e-01 +1.1450e-02 +4.5252e-01
113 0 +5.027565713e+01 +3.333565713e+01 +3.333565713e+01 +1.7619e+00 +1.0771e+00 -1.4893e-01 +1.9660e+00 +8.3403e-01 -3.8267e-02 +7.4588e-01 -7.8329e-01 +1.0320e-01 +8.9369e-02
121 0 +5.007606051e+01 +3.313606051e+01 +3.313606051e+01 +1.7010e+00 +1.3501e+00 -5.5952e-01 +1.4923e+00 +2.4820e-01 +6.0632e-01 +7.7148e-01 -2.9987e-01 +2.5792e-01 +2.2812e-01
124 0 +4.325150493e+01 +2.631150493e+01 +2.631150493e+01 +1.8683e+00 +2.1612e+00 -8.7962e-01 +1.6193e+00 +6.4542e-01 +6.9817e-01 +6.0704e-01 -5.2194e-01 +6.9856e-01 -1.8911e-01
125 0 +3.647259911e+01 +1.953259911e+01 +1.953259911e+01 +2.8259e+00 +2.1616e+00 -7.3044e-01 +1.9676e+00 +4.1296e-01 +5.9515e-01 +1.0218e+00 -1.1536e+00 -5.1841e-01 -2.6272e-02
143 0 +3.491147912e+01 +1.797147912e+01 +1.797147912e+01 +3.1964e+00 +2.1688e+00 -9.3970e-01 +3.0448e+00 +9.1216e-01 +6.9219e-01 +9.3860e-01 -2.2921e+00 +6.9361e-02 -7.4631e-02
144 0 +2.749910492e+01 +1.055910492e+01 +1.055910492e+01 +3.2183e+00 +2.4896e+00 -1.4208e+00 +1.9234e+00 +1.5574e-01 +5.8421e-01 +1.4825e+00 -1.6524e+00 -8.8535e-01 +1.2275e-01
161 0 +2.585830138e+01 +8.918301385e+00 +8.918301385e+00 +2.5588e+00 +2.1605e+00 -7.3908e-01 +2.3297e+00 +8.4523e-01 +3.4803e-01 +1.4169e+00 -1.4069e+00 -3.1505e-01 -2.5097e-01
163 0 +2.488610880e+01 +7.946108802e+00 +7.946108802e+00 +3.4785e+00 +3.0111e+00 -7.7845e-01 +2.7301e+00 +1.0367e+00 +4.0786e-01 +1.4588e+00 -1.6238e+00 -3.4188e-01 -5.4838e-01
170 0 +2.082772108e+01 +3.887721083e+00 +3.887721083e+00 +3.5135e+00 +2.4038e+00 -1.0880e-01 +2.9072e+00 +7.3304e-01 -7.0619e-02 +2.0912e+00 -3.0325e+00 -6.7762e-01 +4.8704e-01
171 0 +1.488042498e+01 -2.059575022e+00 -2.059575022e+00 +2.7961e+00 +2.6944e+00 -6.0187e-01 +2.5789e+00 +1.0286e+00 +2.1178e-01 +1.5317e+00 -2.1808e+00 -3.8308e-01 -4.3387e-01
191 0 +1.415466491e+01 -2.785335088e+00 -2.785335088e+00 +3.2076e+00 +2.9168e+00 -7.6975e-01 +2.9963e+00 +1.4677e+00 +1.2275e-01 +1.9502e+00 -2.8063e+00 -1.1910e-02 -1.1391e+00
201 0 +1.366670490e+01 -3.273295100e+00 -3.273295100e+00 +3.3376e+00 +2.7233e+00 -8.5787e-01 +2.5969e+00 +1.8180e+00 +5.8229e-02 +1.9147e+00 -2.8801e+00 -1.0094e-01 -1.2033e+00
223 0 +9.966970363e+00 -6.973029637e+00 -6.973029637e+00 +3.4465e+00 +2.3372e+00 -5.4208e-01 +3.2697e+00 +1.6460e+00 -8.2475e-01 +2.6159e+00 -2.4515e+00 +7.1015e-01 -1.5479e+00
257 0 +9.177299812e+00 -7.762700188e+00 -7.762700188e+00 +3.3658e+00 +2.5485e+00 -9.3637e-01 +2.7491e+00 +1.8414e+00 -5.0942e-01 +2.0950e+00 -2.5477e+00 +5.7211e-02 -1.3818e+00
282 0 +5.691573991e+00 -1.124842601e+01 -1.124842601e+01 +2.4513e+00 +2.4235e+00 -7.5993e-01 +2.8083e+00 +1.9989e+00 -7.3961e-01 +2.4508e+00 -2.6224e+00 -2.3787e-01 -2.3868e+00
557 0 +5.173956260e+00 -1.176604374e+01 -1.176604374e+01 +2.5566e+00 +2.3004e+00 -1.4417e+00 +2.4896e+00 +1.6680e+00 -6.5191e-01 +2.9012e+00 -2.7623e+00 -5.6173e-01 -2.3065e+00
601 0 +4.878273343e+00 -1.206172666e+01 -1.206172666e+01 +2.5372e+00 +2.1475e+00 -1.4226e+00 +2.5230e+00 +1.5162e+00 -5.1588e-01 +2.5057e+00 -2.7089e+00 -4.8024e-01 -2.2477e+00
676 0 +4.516967056e+00 -1.242303294e+01 -1.242303294e+01 +2.4710e+00 +2.1044e+00 -1.3534e+00 +2.4872e+00 +1.5514e+00 -6.3049e-01 +2.4200e+00 -2.5438e+00 -4.7949e-01 -2.1914e+00
677 0 +4.430542571e+00 -1.250945743e+01 -1.250945743e+01 +2.6402e+00 +2.2102e+00 -1.3404e+00 +2.6795e+00 +1.4743e+00 -5.1773e-01 +2.4586e+00 -2.6020e+00 -4.1749e-01 -2.1502e+00
814 0 +4.302546665e+00 -1.263745334e+01 -1.263745334e+01 +2.6179e+00 +2.1744e+00 -1.4081e+00 +2.6428e+00 +1.4219e+00 -5.0747e-01 +2.4245e+00 -2.4333e+00 -4.5832e-01 -2.1579e+00
865 0 +4.104323833e+00 -1.283567617e+01 -1.283567617e+01 +2.6530e+00 +2.1774e+00 -1.4289e+00 +2.6138e+00 +1.3965e+00 -5.0458e-01 +2.3899e+00 -2.4521e+00 -4.7793e-01 -2.1207e+00
1013 0 +4.025444249e+00 -1.291455575e+01 -1.291455575e+01 +2.6777e+00 +2.1956e+00 -1.4544e+00 +2.6310e+00 +1.3998e+00 -4.9247e-01 +2.4032e+00 -2.4732e+00 -4.7200e-01 -2.1503e+00
1026 0 +3.977428558e+00 -1.296257144e+01 -1.296257144e+01 +2.6702e+00 +2.1740e+00 -1.4575e+00 +2.6143e+00 +1.3921e+00 -4.9474e-01 +2.3946e+00 -2.4638e+00 -4.5471e-01 -2.1216e+00
1039 0 +3.855033492e+00 -1.308496651e+01 -1.308496651e+01 +2.6621e+00 +2.1860e+00 -1.4639e+00 +2.6143e+00 +1.4045e+00 -5.0057e-01 +2.4072e+00 -2.4760e+00 -4.4832e-01 -2.1512e+00
1271 0 +3.748035743e+00 -1.319196426e+01 -1.319196426e+01 +2.6895e+00 +2.2079e+00 -1.4617e+00 +2.6296e+00 +1.3784e+00 -5.0537e-01 +2.3901e+00 -2.5001e+00 -4.6298e-01 -2.1430e+00
1285 0 +3.678877748e+00 -1.326112225e+01 -1.326112225e+01 +2.6876e+00 +2.2083e+00 -1.4587e+00 +2.6269e+00 +1.3811e+00 -5.0668e-01 +2.3949e+00 -2.5014e+00 -4.6712e-01 -2.1510e+00
1661 0 +3.625283204e+00 -1.331471680e+01 -1.331471680e+01 +2.6898e+00 +2.2226e+00 -1.4745e+00 +2.6344e+00 +1.3857e+00 -5.0715e-01 +2.4063e+00 -2.5020e+00 -4.6336e-01 -2.1564e+00
1874 0 +3.518044239e+00 -1.342195576e+01 -1.342195576e+01 +2.6907e+00 +2.2300e+00 -1.4788e+00 +2.6332e+00 +1.3909e+00 -5.0900e-01 +2.4045e+00 -2.5121e+00 -4.5820e-01 -2.1577e+00
2143 0 +3.463661980e+00 -1.347633802e+01 -1.347633802e+01 +2.6898e+00 +2.2333e+00 -1.4781e+00 +2.6338e+00 +1.3912e+00 -5.0971e-01 +2.4045e+00 -2.5123e+00 -4.5612e-01 -2.1552e+00
7325 0 +3.388286544e+00 -1.355171346e+01 -1.355171346e+01 +2.6869e+00 +2.2319e+00 -1.4826e+00 +2.6270e+00 +1.3909e+00 -5.1126e-01 +2.4073e+00 -2.5129e+00 -4.6141e-01 -2.1631e+00
8824 0 +3.310740172e+00 -1.362925983e+01 -1.362925983e+01 +2.6907e+00 +2.2281e+00 -1.4978e+00 +2.6197e+00 +1.3846e+00 -5.0716e-01 +2.3954e+00 -2.5132e+00 -4.6728e-01 -2.1613e+00
11094 0 +3.235624632e+00 -1.370437537e+01 -1.370437537e+01 +2.6904e+00 +2.2276e+00 -1.5022e+00 +2.6156e+00 +1.3886e+00 -5.0790e-01 +2.3855e+00 -2.5126e+00 -4.6895e-01 -2.1634e+00
48233 0 +3.162171441e+00 -1.377782856e+01 -1.377782856e+01 +2.6903e+00 +2.2332e+00 -1.5126e+00 +2.6087e+00 +1.4038e+00 -5.0678e-01 +2.3949e+00 -2.5194e+00 -4.8147e-01 -2.1645e+00
% f evaluations | g evaluations | best noise-free fitness - Fopt (1.881000000000e+01) + sum g_i+ | measured fitness | best measured fitness or single-digit g-values | x1 | x2...
1 0 +1.945093650e+01 +3.826093650e+01 +3.826093650e+01 +0.0000e+00 +0.0000e+00 +0.0000e+00 +0.0000e+00 +0.0000e+00 +0.0000e+00 +0.0000e+00 +0.0000e+00 +0.0000e+00 +0.0000e+00
21 0 +1.835790850e+01 +3.716790850e+01 +3.716790850e+01 +2.8778e-01 -3.8183e-02 -2.3357e-01 -5.7092e-02 +2.9764e-01 +2.5719e-01 +3.3486e-02 -7.1640e-02 +1.9209e-01 +3.9075e-02
41 0 +1.767196881e+01 +3.648196881e+01 +3.648196881e+01 +5.7876e-01 -1.6145e-01 -4.2754e-01 -1.3022e-01 +2.8483e-01 +1.4376e-01 +1.2610e-01 -2.7935e-01 +6.6486e-01 +2.2029e-01
48 0 +1.360823581e+01 +3.241823581e+01 +3.241823581e+01 +5.9814e-01 -3.1559e-01 -2.3995e-01 -1.6056e-01 +2.9688e-01 +3.4261e-03 +9.0799e-02 -1.3225e-01 +8.8619e-01 +2.3555e-01
152 0 +1.278615760e+01 +3.159615760e+01 +3.159615760e+01 +4.0141e-01 +2.5298e-01 -2.4078e-01 -1.1216e-01 +9.5866e-01 -6.0036e-01 +1.0854e+00 -4.8929e-02 +9.3641e-01 +8.3017e-01
155 0 +1.093256824e+01 +2.974256824e+01 +2.974256824e+01 +4.3525e-01 +1.8371e-01 -6.2649e-01 +9.6194e-02 +8.5444e-01 -7.5837e-01 +5.5718e-01 +4.3802e-01 +8.3291e-01 +1.1361e+00
198 0 +9.628106308e+00 +2.843810631e+01 +2.843810631e+01 -2.6655e-01 +1.0236e-01 -4.6973e-01 +1.0916e-01 +8.2273e-01 -1.1655e+00 +8.1458e-01 +7.1942e-02 +7.8891e-01 +1.3827e+00
228 0 +8.204320542e+00 +2.701432054e+01 +2.701432054e+01 -2.8883e-01 +1.4100e-01 -6.6455e-01 -1.0148e-01 +1.2896e+00 -1.3502e+00 +1.2777e+00 +7.6119e-02 +8.9227e-01 +9.1270e-01
276 0 +7.755056050e+00 +2.656505605e+01 +2.656505605e+01 -3.5130e-01 +9.9677e-02 -8.6169e-01 -1.3566e-01 +1.2572e+00 -1.2956e+00 +1.0563e+00 +2.7843e-01 +5.3088e-01 +9.8680e-01
391 0 +7.389985161e+00 +2.619998516e+01 +2.619998516e+01 -2.3751e-01 +1.9350e-01 -9.0583e-01 -2.0161e-01 +1.2757e+00 -1.0392e+00 +1.4808e+00 -1.8038e-01 +6.7444e-01 +1.1498e+00
564 0 +6.998151128e+00 +2.580815113e+01 +2.580815113e+01 -1.5776e-01 +1.9952e-01 -8.5498e-01 -1.2610e-01 +1.1753e+00 -1.0272e+00 +1.4509e+00 -1.2167e-01 +8.3748e-01 +1.2320e+00
601 0 +6.795746028e+00 +2.560574603e+01 +2.560574603e+01 -1.8025e-01 +1.7654e-01 -8.4724e-01 -9.7707e-02 +1.1384e+00 -1.0453e+00 +1.4482e+00 -1.8463e-01 +7.5960e-01 +1.2060e+00
703 0 +6.450932114e+00 +2.526093211e+01 +2.526093211e+01 -1.5525e-01 +1.8613e-01 -8.6961e-01 -9.4163e-02 +1.1697e+00 -1.0332e+00 +1.4821e+00 -1.8036e-01 +7.5923e-01 +1.2313e+00
814 0 +6.230157405e+00 +2.504015741e+01 +2.504015741e+01 -1.6106e-01 +1.7423e-01 -8.9224e-01 -1.2068e-01 +1.1846e+00 -1.0014e+00 +1.4529e+00 -1.6135e-01 +7.7485e-01 +1.2530e+00
832 0 +6.040442577e+00 +2.485044258e+01 +2.485044258e+01 -1.6048e-01 +1.8302e-01 -8.9360e-01 -1.3138e-01 +1.1972e+00 -1.0058e+00 +1.4478e+00 -1.6983e-01 +7.7551e-01 +1.2487e+00
914 0 +6.022330495e+00 +2.483233049e+01 +2.483233049e+01 -1.5717e-01 +1.6079e-01 -9.0240e-01 -1.3860e-01 +1.1922e+00 -9.8691e-01 +1.4247e+00 -1.7819e-01 +7.7935e-01 +1.2412e+00
933 0 +5.749898285e+00 +2.455989829e+01 +2.455989829e+01 -1.6264e-01 +1.6772e-01 -9.1758e-01 -1.4199e-01 +1.1998e+00 -9.8364e-01 +1.4153e+00 -1.7814e-01 +7.8720e-01 +1.2413e+00
1136 0 +5.595390592e+00 +2.440539059e+01 +2.440539059e+01 -1.5710e-01 +1.7967e-01 -9.2682e-01 -1.3096e-01 +1.1961e+00 -9.9896e-01 +1.4243e+00 -1.8856e-01 +7.8197e-01 +1.2421e+00
15172 0 +5.495191631e+00 +2.430519163e+01 +2.430519163e+01 -1.5660e-01 +1.7994e-01 -9.2535e-01 -1.3385e-01 +1.1981e+00 -1.0008e+00 +1.4277e+00 -1.9343e-01 +7.8307e-01 +1.2438e+00
% f evaluations | g evaluations | best noise-free fitness - Fopt (2.731500000000e+02) + sum g_i+ | measured fitness | best measured fitness or single-digit g-values | x1 | x2...
1 0 +1.192829884e+02 +3.924329884e+02 +3.924329884e+02 +0.0000e+00 +0.0000e+00 +0.0000e+00 +0.0000e+00 +0.0000e+00 +0.0000e+00 +0.0000e+00 +0.0000e+00 +0.0000e+00 +0.0000e+00
2 0 +9.477576324e+01 +3.679257632e+02 +3.679257632e+02 +4.3379e-01 +3.0692e-02 +9.8026e-02 +3.4094e-01 +2.4727e-01 +1.7369e-01 -1.1375e-01 -3.0566e-01 +1.1285e-01 -1.5359e-01
6 0 +9.012018274e+01 +3.632701827e+02 +3.632701827e+02 +1.8723e-01 -2.5702e-01 +1.5212e-01 +1.5671e-02 +5.1476e-01 -6.3323e-02 +3.7553e-01 -3.4671e-01 +9.3874e-02 -2.1343e-01
13 0 +7.201351994e+01 +3.451635199e+02 +3.451635199e+02 +2.2572e-01 -3.2924e-02 +3.4321e-01 +1.5370e-01 -6.7507e-02 -1.4585e-01 -1.7574e-01 -6.3756e-01 -4.5747e-01 +5.7497e-01
54 0 +6.652557530e+01 +3.396755753e+02 +3.396755753e+02 +6.6725e-01 +6.7470e-01 -1.9457e-01 +5.9542e-01 -7.0256e-02 -2.9831e-01 -1.2655e-01 -3.5214e-01 -2.8636e-01 +5.8469e-01
104 0 +5.964527466e+01 +3.327952747e+02 +3.327952747e+02 +8.6193e-01 +9.2943e-01 -2.5164e-01 +4.6727e-01 +3.0672e-01 -3.2950e-01 +5.9104e-01 -6.7789e-01 +2.3921e-01 +1.6011e+00
113 0 +4.610266085e+01 +3.192526609e+02 +3.192526609e+02 +8.6313e-01 +9.4863e-01 -2.0440e-02 +1.0718e+00 +7.0423e-01 -1.3194e+00 +4.4421e-01 -8.9092e-01 +2.8225e-01 +1.7526e+00
152 0 +4.398778967e+01 +3.171377897e+02 +3.171377897e+02 +1.4438e+00 +1.7696e+00 -3.5714e-01 +1.4407e+00 +6.6652e-01 -1.2097e+00 +1.2161e+00 -1.5769e+00 +2.5053e-01 +2.3052e+00
160 0 +4.206713393e+01 +3.152171339e+02 +3.152171339e+02 +1.3732e+00 +1.7782e+00 -3.4187e-01 +1.4849e+00 +1.3830e-01 -9.9458e-01 +5.5876e-01 -1.3276e+00 +2.3689e-01 +2.2436e+00
170 0 +3.695121842e+01 +3.101012184e+02 +3.101012184e+02 +2.1790e+00 +2.1540e+00 -6.3841e-02 +2.1099e+00 +2.9357e-01 -2.0537e+00 +1.3371e+00 -2.5553e+00 +3.9551e-02 +3.7311e+00
177 0 +3.568811681e+01 +3.088381168e+02 +3.088381168e+02 +1.7851e+00 +1.9543e+00 -1.3003e+00 +1.4780e+00 +6.1666e-01 -1.9011e+00 +1.8778e+00 -1.6317e+00 +2.3618e-01 +3.2191e+00
189 0 +2.937427340e+01 +3.025242734e+02 +3.025242734e+02 +1.1501e+00 +1.6999e+00 -9.3745e-01 +1.4614e+00 +6.9637e-01 -1.9659e+00 +1.3309e+00 -1.5936e+00 -2.1760e-01 +3.4964e+00
198 0 +2.762241119e+01 +3.007724112e+02 +3.007724112e+02 +1.2158e+00 +2.3901e+00 -7.6278e-01 +2.4189e+00 +2.6617e-01 -2.2915e+00 +1.4126e+00 -2.3156e+00 -7.9036e-02 +3.8132e+00
200 0 +2.500910497e+01 +2.981591050e+02 +2.981591050e+02 +1.9095e+00 +2.2538e+00 -9.6287e-01 +1.8078e+00 +4.9201e-01 -2.4200e+00 +1.1270e+00 -2.4554e+00 +2.0191e-01 +4.0050e+00
292 0 +2.418892568e+01 +2.973389257e+02 +2.973389257e+02 +1.3705e+00 +1.6827e+00 -1.0503e+00 +9.4836e-01 +1.2561e+00 -2.7059e+00 +2.4019e+00 -2.5580e+00 +5.4814e-01 +2.0240e+00
300 0 +2.179696311e+01 +2.949469631e+02 +2.949469631e+02 +6.2195e-01 +2.0100e+00 -7.6870e-01 +6.4775e-01 +1.1669e+00 -1.8736e+00 +2.2935e+00 -2.8364e+00 +8.7159e-01 +2.3286e+00
357 0 +1.799920150e+01 +2.911492015e+02 +2.911492015e+02 +1.3206e+00 +2.8069e+00 -1.6866e+00 +1.9200e+00 +8.6341e-01 -2.1388e+00 +2.4507e+00 -2.6560e+00 +2.1071e-01 +3.3648e+00
748 0 +1.760322986e+01 +2.907532299e+02 +2.907532299e+02 +1.7638e+00 +2.3551e+00 -1.6102e+00 +2.0537e+00 +8.6853e-01 -1.4959e+00 +2.4318e+00 -3.2472e+00 +1.4492e-01 +3.8178e+00
833 0 +1.649244747e+01 +2.896424475e+02 +2.896424475e+02 +1.7115e+00 +2.3843e+00 -1.8546e+00 +1.9998e+00 +9.9285e-01 -1.5324e+00 +2.3012e+00 -3.2926e+00 +1.3469e-01 +4.0915e+00
927 0 +1.602207455e+01 +2.891720745e+02 +2.891720745e+02 +1.7082e+00 +2.3883e+00 -1.9067e+00 +1.9202e+00 +9.4061e-01 -1.5009e+00 +2.2765e+00 -3.2598e+00 +1.4638e-01 +4.1681e+00
1071 0 +1.559129512e+01 +2.887412951e+02 +2.887412951e+02 +1.6961e+00 +2.4365e+00 -1.9523e+00 +1.9773e+00 +9.4663e-01 -1.6059e+00 +2.3223e+00 -3.3435e+00 +1.9604e-01 +4.1877e+00
1101 0 +1.532918821e+01 +2.884791882e+02 +2.884791882e+02 +1.7147e+00 +2.4340e+00 -1.9503e+00 +1.9766e+00 +9.3200e-01 -1.6042e+00 +2.2941e+00 -3.3355e+00 +1.9784e-01 +4.1929e+00
1788 0 +1.512449959e+01 +2.882744996e+02 +2.882744996e+02 +1.6994e+00 +2.4229e+00 -1.9340e+00 +1.9623e+00 +9.3838e-01 -1.6095e+00 +2.2713e+00 -3.3231e+00 +2.0691e-01 +4.1956e+00
2341 0 +1.479090633e+01 +2.879409063e+02 +2.879409063e+02 +1.6737e+00 +2.4165e+00 -1.9051e+00 +1.9531e+00 +9.8579e-01 -1.6025e+00 +2.2412e+00 -3.3224e+00 +2.2631e-01 +4.1628e+00
5744 0 +1.444455464e+01 +2.875945546e+02 +2.875945546e+02 +1.4817e+00 +2.5092e+00 -2.0799e+00 +1.8808e+00 +1.0974e+00 -1.4668e+00 +2.0948e+00 -3.4428e+00 +3.2436e-01 +4.3172e+00
5936 0 +1.412440371e+01 +2.872744037e+02 +2.872744037e+02 +1.3842e+00 +2.5691e+00 -2.1927e+00 +1.8619e+00 +1.1765e+00 -1.3769e+00 +2.0281e+00 -3.5074e+00 +3.6623e-01 +4.3974e+00
6915 0 +1.379573644e+01 +2.869457364e+02 +2.869457364e+02 +1.3337e+00 +2.5949e+00 -2.2662e+00 +1.8569e+00 +1.2025e+00 -1.3112e+00 +1.9911e+00 -3.5550e+00 +3.9149e-01 +4.4545e+00
34656 0 +1.348918670e+01 +2.866391867e+02 +2.866391867e+02 +1.2239e+00 +3.2449e+00 -2.4477e+00 +1.1606e+00 +2.6433e+00 -9.6979e-01 +1.6898e+00 -3.4416e+00 +1.0548e+00 +4.3574e+00
% f evaluations | g evaluations | best noise-free fitness - Fopt (3.718000000000e+01) + sum g_i+ | measured fitness | best measured fitness or single-digit g-values | x1 | x2...
1 0 +6.178170747e+01 +9.896170747e+01 +9.896170747e+01 +0.0000e+00 +0.0000e+00 +0.0000e+00 +0.0000e+00 +0.0000e+00 +0.0000e+00 +0.0000e+00 +0.0000e+00 +0.0000e+00 +0.0000e+00
3 0 +6.012222802e+01 +9.730222802e+01 +9.730222802e+01 +2.4817e-01 +6.3376e-02 -2.2359e-01 +8.0318e-02 +2.1275e-01 +5.3256e-02 -2.3477e-01 +7.8699e-02 +1.0710e-01 +2.4729e-01
6 0 +5.827148918e+01 +9.545148918e+01 +9.545148918e+01 +1.8723e-01 -2.5702e-01 +1.5212e-01 +1.5671e-02 +5.1476e-01 -6.3323e-02 +3.7553e-01 -3.4671e-01 +9.3874e-02 -2.1343e-01
11 0 +3.976722451e+01 +7.694722451e+01 +7.694722451e+01 +3.1359e-01 -5.0212e-02 +1.6548e-02 -1.0702e-01 +1.8608e-01 +6.0807e-02 -1.2529e-01 -7.3717e-02 +2.5590e-01 -1.1205e-01
13 0 +3.777561224e+01 +7.495561224e+01 +7.495561224e+01 +3.2539e-01 -6.7180e-02 +3.6019e-01 +3.4523e-03 -1.6062e-01 -2.8384e-01 -3.6432e-01 -6.1188e-01 -3.2429e-01 +4.6124e-01
61 0 +3.492186553e+01 +7.210186553e+01 +7.210186553e+01 +8.5651e-01 -8.8029e-02 +3.9428e-01 -8.1379e-02 -4.6579e-02 -8.3384e-02 -2.6015e-01 -4.1590e-01 +4.9697e-01 -7.0455e-02
149 0 +3.198274710e+01 +6.916274710e+01 +6.916274710e+01 +6.2004e-01 +5.9551e-02 +7.2575e-01 +2.1373e-01 -7.1959e-02 -2.6449e-01 -5.7625e-02 -3.9360e-01 +8.5925e-01 +1.8090e-01
210 0 +2.850342973e+01 +6.568342973e+01 +6.568342973e+01 +6.7826e-01 +2.7335e-01 +4.5172e-01 +3.4972e-01 +1.1713e-01 -2.2862e-01 -1.5247e-01 -8.4240e-01 +7.3120e-01 +1.9382e-01
363 0 +2.789253290e+01 +6.507253290e+01 +6.507253290e+01 +7.4235e-01 +3.9065e-01 +2.8705e-01 +4.8799e-01 -5.9893e-03 -2.6950e-01 +1.1735e-01 -9.6633e-01 +6.6180e-01 +1.3639e-01
380 0 +2.734205632e+01 +6.452205632e+01 +6.452205632e+01 +7.7050e-01 +2.9834e-01 +2.8171e-01 +3.4979e-01 -1.1052e-01 -1.8235e-01 -5.6264e-02 -8.7178e-01 +6.6269e-01 -7.2400e-03
515 0 +2.658363541e+01 +6.376363541e+01 +6.376363541e+01 +6.8122e-01 +2.5082e-01 +2.9469e-01 +3.8297e-01 -2.1075e-02 -2.1163e-01 +2.6626e-02 -8.8579e-01 +6.7860e-01 +3.4955e-02
602 0 +2.614227752e+01 +6.332227752e+01 +6.332227752e+01 +7.3836e-01 +2.9546e-01 +3.0207e-01 +4.1132e-01 -3.1287e-02 -2.3026e-01 -5.8246e-02 -8.6136e-01 +6.2899e-01 +2.5123e-02
796 0 +2.569330257e+01 +6.287330257e+01 +6.287330257e+01 +7.4030e-01 +2.7648e-01 +3.1376e-01 +3.8258e-01 -3.9345e-02 -2.3809e-01 -6.7141e-02 -8.4528e-01 +6.2392e-01 +3.0328e-02
1004 0 +2.507241148e+01 +6.225241148e+01 +6.225241148e+01 +7.2187e-01 +2.4298e-01 +3.1168e-01 +3.8734e-01 -5.0975e-02 -2.0588e-01 -1.3565e-01 -8.2723e-01 +6.0013e-01 +4.2252e-02
1206 0 +2.452861392e+01 +6.170861392e+01 +6.170861392e+01 +7.4234e-01 +2.2487e-01 +3.2019e-01 +4.4032e-01 -4.8574e-02 -2.3594e-01 -2.2994e-01 -7.7213e-01 +5.8299e-01 +8.4179e-02
2922 0 +2.398768417e+01 +6.116768417e+01 +6.116768417e+01 +8.0785e-01 +1.4981e-01 +2.5229e-01 +5.6532e-01 -2.3435e-02 -3.1055e-01 -3.0703e-01 -7.2008e-01 +5.9374e-01 +5.3083e-02
% f evaluations | g evaluations | best noise-free fitness - Fopt (-1.479000000000e+02) + sum g_i+ | measured fitness | best measured fitness or single-digit g-values | x1 | x2...
1 0 +2.130772869e+01 -1.265922713e+02 -1.265922713e+02 +0.0000e+00 +0.0000e+00 +0.0000e+00 +0.0000e+00 +0.0000e+00 +0.0000e+00 +0.0000e+00 +0.0000e+00 +0.0000e+00 +0.0000e+00
10 0 +2.049993092e+01 -1.274000691e+02 -1.274000691e+02 +3.2216e-01 -3.3442e-01 +1.9285e-01 -3.1559e-01 -1.5896e-01 +1.8278e-01 -2.1053e-01 +1.4883e-01 -4.2076e-01 -2.0280e-01
39 0 +2.013886169e+01 -1.277611383e+02 -1.277611383e+02 +9.8921e-01 +2.1499e-01 -1.1761e-01 +2.5808e-01 +1.2972e-01 +3.4962e-01 +3.3730e-01 +7.4340e-02 -6.6026e-01 +3.3256e-03
56 0 +1.899443320e+01 -1.289055668e+02 -1.289055668e+02 +5.8742e-01 +2.6501e-01 +1.6097e-01 -1.0657e-01 +1.9472e-01 +1.6505e-01 +4.6797e-01 +6.3442e-02 -3.2259e-01 +4.4169e-01
61 0 +1.519915671e+01 -1.327008433e+02 -1.327008433e+02 +7.3591e-01 +1.6933e-01 -5.8291e-02 +4.1635e-02 -1.1389e-01 +1.3849e-01 +4.2326e-01 +9.6310e-02 -5.1673e-01 +2.4437e-01
225 0 +1.471151202e+01 -1.331884880e+02 -1.331884880e+02 +6.7191e-01 +6.0826e-01 -9.2822e-02 -5.2339e-02 -8.2804e-01 +3.1431e-01 +7.9068e-01 +3.0526e-01 -4.6686e-01 +8.2182e-02
234 0 +1.413982267e+01 -1.337601773e+02 -1.337601773e+02 +6.0950e-01 +5.4559e-01 -5.7560e-02 -1.5830e-01 -7.4899e-01 +2.9897e-01 +9.5038e-01 +5.0036e-01 -3.9383e-01 +2.2781e-01
250 0 +1.412066455e+01 -1.337793354e+02 -1.337793354e+02 +4.2000e-01 +6.9137e-01 -7.3173e-02 -6.6888e-02 -7.8869e-01 +2.3104e-01 +8.0768e-01 +3.6168e-01 -3.5427e-01 +1.0029e-01
290 0 +1.354502244e+01 -1.343549776e+02 -1.343549776e+02 +2.0097e-01 +4.4399e-01 -3.9570e-02 -1.0036e-01 -7.3888e-01 +3.3758e-01 +9.4567e-01 +4.2017e-01 -3.6115e-01 +5.1531e-02
330 0 +1.261410509e+01 -1.352858949e+02 -1.352858949e+02 +2.2704e-01 +7.2814e-01 -1.1572e-01 -1.6052e-01 -8.2092e-01 +4.2238e-01 +1.0343e+00 +2.9148e-01 -3.5777e-01 -9.2799e-03
375 0 +1.245802399e+01 -1.354419760e+02 -1.354419760e+02 +3.1694e-01 +6.9611e-01 -3.2306e-01 -8.2605e-02 -5.7740e-01 +5.8796e-01 +1.1738e+00 +2.7561e-01 -5.7714e-01 -4.1168e-02
595 0 +1.173660666e+01 -1.361633933e+02 -1.361633933e+02 +2.2037e-01 +5.3579e-01 -7.2794e-02 -1.5434e-01 -6.3675e-01 +4.2160e-01 +1.1398e+00 +5.0974e-01 -4.2073e-01 -1.1153e-01
678 0 +1.143225550e+01 -1.364677445e+02 -1.364677445e+02 +1.9710e-01 +5.0962e-01 -9.3472e-02 -1.4303e-01 -6.5548e-01 +4.5638e-01 +1.1104e+00 +4.9082e-01 -4.4110e-01 -1.0461e-01
686 0 +1.096900153e+01 -1.369309985e+02 -1.369309985e+02 +2.2374e-01 +5.1709e-01 -1.1339e-01 -1.2210e-01 -6.7227e-01 +5.0433e-01 +1.1022e+00 +4.9113e-01 -4.7357e-01 -5.1165e-02
788 0 +1.088803470e+01 -1.370119653e+02 -1.370119653e+02 +2.3542e-01 +5.3555e-01 -1.5360e-01 -1.2139e-01 -6.8627e-01 +5.2589e-01 +1.0784e+00 +4.9590e-01 -5.0465e-01 -2.4437e-02
795 0 +1.057039483e+01 -1.373296052e+02 -1.373296052e+02 +2.1925e-01 +5.2029e-01 -1.2274e-01 -1.2592e-01 -6.8710e-01 +5.3022e-01 +1.0706e+00 +4.7212e-01 -5.1403e-01 -1.2696e-02
1082 0 +1.045930239e+01 -1.374406976e+02 -1.374406976e+02 +2.1627e-01 +5.5643e-01 -1.1831e-01 -1.0946e-01 -6.8558e-01 +5.2693e-01 +1.0716e+00 +4.5672e-01 -4.9097e-01 -1.1295e-02
1368 0 +1.023219610e+01 -1.376678039e+02 -1.376678039e+02 +1.8592e-01 +5.6021e-01 -1.0420e-01 -1.2483e-01 -7.1133e-01 +5.2371e-01 +1.0738e+00 +4.3606e-01 -4.9543e-01 +2.5223e-02
1689 0 +9.991318408e+00 -1.379086816e+02 -1.379086816e+02 +1.1199e-01 +6.4148e-01 -8.5208e-02 -1.3622e-01 -7.5526e-01 +4.7621e-01 +1.1164e+00 +4.1674e-01 -4.3888e-01 +8.3214e-02
2175 0 +9.771553094e+00 -1.381284469e+02 -1.381284469e+02 +6.2972e-02 +7.3167e-01 -4.3285e-02 -1.5318e-01 -7.4728e-01 +4.2763e-01 +1.1497e+00 +4.1504e-01 -3.4220e-01 +7.0284e-02
% f evaluations | g evaluations | best noise-free fitness - Fopt (4.817100000000e+02) + sum g_i+ | measured fitness | best measured fitness or single-digit g-values | x1 | x2...
1 0 +8.324974396e+01 +5.649597440e+02 +5.649597440e+02 +0.0000e+00 +0.0000e+00 +0.0000e+00 +0.0000e+00 +0.0000e+00 +0.0000e+00 +0.0000e+00 +0.0000e+00 +0.0000e+00 +0.0000e+00
2 0 +5.663208548e+01 +5.383420855e+02 +5.383420855e+02 +4.3379e-01 +3.0692e-02 +9.8026e-02 +3.4094e-01 +2.4727e-01 +1.7369e-01 -1.1375e-01 -3.0566e-01 +1.1285e-01 -1.5359e-01
11 0 +5.537769866e+01 +5.370876987e+02 +5.370876987e+02 +2.8995e-01 -2.0831e-01 +7.3416e-02 +5.5684e-02 +2.3442e-02 +1.3158e-01 -5.0148e-02 -1.5752e-01 +5.4741e-02 -1.4729e-01
16 0 +5.337726480e+01 +5.350872648e+02 +5.350872648e+02 +4.3889e-01 -2.0569e-01 -1.7255e-01 +7.5067e-02 +9.7125e-01 -1.1954e-01 -8.2185e-02 -4.0509e-01 +4.2331e-01 +3.2622e-01
29 0 +4.590120092e+01 +5.276112009e+02 +5.276112009e+02 +1.0935e+00 -6.6248e-01 -3.3159e-02 +1.4189e-01 +2.3288e-01 +6.6675e-02 +1.3420e-01 -6.0030e-01 +2.5170e-01 +3.7747e-01
33 0 +4.458079973e+01 +5.262907997e+02 +5.262907997e+02 +5.7765e-01 -6.5379e-01 -2.9103e-01 -5.5181e-03 +3.1984e-01 -8.9394e-02 -1.5675e-01 +7.9075e-02 -4.9284e-01 +3.4689e-03
35 0 +4.216976585e+01 +5.238797659e+02 +5.238797659e+02 +7.3546e-01 -7.1824e-01 +2.0373e-01 +5.7755e-01 -6.0366e-02 +2.1119e-01 +3.8600e-01 -1.8805e-01 +1.1051e-01 +2.8936e-01
53 0 +3.831659001e+01 +5.200265900e+02 +5.200265900e+02 +1.1980e+00 -6.0647e-01 -4.4086e-02 +5.3515e-01 +3.8971e-02 -2.8516e-01 +2.5511e-01 +7.5424e-02 -3.5636e-01 +8.6388e-01
71 0 +2.724992858e+01 +5.089599286e+02 +5.089599286e+02 +1.6073e+00 -6.1262e-01 -7.6159e-02 +5.5841e-01 +2.3881e-01 -7.0035e-02 -8.4613e-02 +2.4596e-01 +1.6928e-01 +7.2707e-01
134 0 +2.599110576e+01 +5.077011058e+02 +5.077011058e+02 +1.4878e+00 -8.1038e-01 -2.6593e-01 +7.2189e-01 +1.8780e-02 -8.4951e-01 -1.0182e-01 -2.9671e-01 +6.0174e-02 +6.9367e-01
156 0 +2.442178861e+01 +5.061317886e+02 +5.061317886e+02 +1.6031e+00 -9.0847e-01 +4.4589e-02 +8.6484e-01 +4.8524e-01 -6.1357e-01 -1.3043e-01 -5.1520e-01 +1.0027e-01 +7.3064e-01
162 0 +1.941882776e+01 +5.011288278e+02 +5.011288278e+02 +1.3556e+00 -1.2125e+00 -3.1171e-01 +5.1675e-01 +5.9060e-01 -9.8356e-01 -7.8113e-02 -7.1887e-01 +2.0250e-01 +7.6478e-01
298 0 +1.526717802e+01 +4.969771780e+02 +4.969771780e+02 +1.2959e+00 -1.6351e+00 -1.7540e-01 +3.3385e-01 +5.3647e-01 -1.5316e+00 -6.1594e-02 -7.5683e-01 +3.4525e-02 +2.9777e-01
567 0 +1.489870588e+01 +4.966087059e+02 +4.966087059e+02 +1.3886e+00 -1.7927e+00 -9.5729e-01 +6.3088e-01 +5.7426e-01 -1.0272e+00 +1.7563e-01 -1.2106e-01 -6.0144e-01 +5.7665e-01
585 0 +1.445668808e+01 +4.961666881e+02 +4.961666881e+02 +1.3908e+00 -1.6855e+00 -9.6509e-01 +6.4008e-01 +5.7707e-01 -9.0508e-01 +1.0337e-01 -2.0952e-01 -5.2733e-01 +5.5614e-01
765 0 +1.386684920e+01 +4.955768492e+02 +4.955768492e+02 +1.4019e+00 -1.6142e+00 -9.3254e-01 +6.8752e-01 +5.1895e-01 -1.0366e+00 +1.5188e-01 -2.8065e-01 -6.4707e-01 +5.5641e-01
774 0 +1.364584508e+01 +4.953558451e+02 +4.953558451e+02 +1.3712e+00 -1.6060e+00 -9.1958e-01 +6.9456e-01 +4.9392e-01 -1.0164e+00 +1.5063e-01 -2.9740e-01 -6.4912e-01 +5.6634e-01
784 0 +1.315548840e+01 +4.948654884e+02 +4.948654884e+02 +1.3843e+00 -1.5876e+00 -9.0465e-01 +7.2444e-01 +4.7504e-01 -9.9816e-01 +1.6434e-01 -2.9784e-01 -6.5877e-01 +5.5539e-01
891 0 +1.277482296e+01 +4.944848230e+02 +4.944848230e+02 +1.3531e+00 -1.5929e+00 -9.2944e-01 +6.9415e-01 +4.8623e-01 -1.0060e+00 +1.6522e-01 -2.4282e-01 -6.5802e-01 +5.5698e-01
897 0 +1.247508720e+01 +4.941850872e+02 +4.941850872e+02 +1.3463e+00 -1.5872e+00 -9.2530e-01 +6.9705e-01 +4.9079e-01 -1.0158e+00 +1.6699e-01 -2.5295e-01 -6.4704e-01 +5.5869e-01
959 0 +1.216441602e+01 +4.938744160e+02 +4.938744160e+02 +1.3549e+00 -1.5701e+00 -9.0788e-01 +7.1284e-01 +4.7773e-01 -1.0121e+00 +1.7628e-01 -2.7910e-01 -6.4360e-01 +5.6242e-01
977 0 +1.200888768e+01 +4.937188877e+02 +4.937188877e+02 +1.3594e+00 -1.5661e+00 -9.1339e-01 +7.1480e-01 +4.7124e-01 -1.0121e+00 +1.7828e-01 -2.7031e-01 -6.6465e-01 +5.6164e-01
1044 0 +1.167206630e+01 +4.933820663e+02 +4.933820663e+02 +1.3621e+00 -1.5613e+00 -8.9895e-01 +7.3132e-01 +4.6409e-01 -1.0208e+00 +1.8271e-01 -3.0274e-01 -6.7392e-01 +5.6675e-01
1087 0 +1.142630027e+01 +4.931363003e+02 +4.931363003e+02 +1.3745e+00 -1.5419e+00 -8.8106e-01 +7.5092e-01 +4.5551e-01 -1.0232e+00 +1.9528e-01 -3.4090e-01 -6.6657e-01 +5.7285e-01
1285 0 +1.118239152e+01 +4.928923915e+02 +4.928923915e+02 +1.3840e+00 -1.5343e+00 -8.5814e-01 +7.8062e-01 +4.3001e-01 -1.0468e+00 +2.0850e-01 -3.5489e-01 -6.9095e-01 +5.7788e-01
2502 0 +1.095385283e+01 +4.926638528e+02 +4.926638528e+02 +1.3472e+00 -1.5272e+00 -8.0456e-01 +8.4487e-01 +4.2346e-01 -1.0767e+00 +2.2967e-01 -3.7706e-01 -7.1611e-01 +5.9853e-01
3172 0 +1.071153617e+01 +4.924215362e+02 +4.924215362e+02 +1.2983e+00 -1.5743e+00 -7.8679e-01 +8.5849e-01 +4.5451e-01 -1.1072e+00 +2.3271e-01 -3.4410e-01 -7.2912e-01 +5.9278e-01
3521 0 +1.046426384e+01 +4.921742638e+02 +4.921742638e+02 +1.2452e+00 -1.6110e+00 -7.7328e-01 +8.7101e-01 +5.0269e-01 -1.1356e+00 +2.0780e-01 -3.1906e-01 -7.3734e-01 +6.0227e-01
3669 0 +1.023017531e+01 +4.919401753e+02 +4.919401753e+02 +1.2078e+00 -1.6322e+00 -7.6504e-01 +8.8426e-01 +5.3242e-01 -1.1565e+00 +1.8011e-01 -3.1434e-01 -7.5100e-01 +6.1857e-01
3780 0 +9.983123744e+00 +4.916931237e+02 +4.916931237e+02 +1.1498e+00 -1.6699e+00 -7.5005e-01 +9.0963e-01 +5.6450e-01 -1.1910e+00 +1.4585e-01 -3.0989e-01 -7.7865e-01 +6.2836e-01
5142 0 +9.771695223e+00 +4.914816952e+02 +4.914816952e+02 +1.0491e+00 -1.7366e+00 -7.3246e-01 +9.3969e-01 +6.2057e-01 -1.2508e+00 +7.8330e-02 -3.1178e-01 -8.2149e-01 +6.3640e-01
% f evaluations | g evaluations | best noise-free fitness - Fopt (-3.646000000000e+01) + sum g_i+ | measured fitness | best measured fitness or single-digit g-values | x1 | x2...
1 0 +1.571901399e+02 +1.207301399e+02 +1.207301399e+02 +0.0000e+00 +0.0000e+00 +0.0000e+00 +0.0000e+00 +0.0000e+00 +0.0000e+00 +0.0000e+00 +0.0000e+00 +0.0000e+00 +0.0000e+00
3 0 +1.429786964e+02 +1.065186964e+02 +1.065186964e+02 +2.4817e-01 +6.3376e-02 -2.2359e-01 +8.0318e-02 +2.1275e-01 +5.3256e-02 -2.3477e-01 +7.8699e-02 +1.0710e-01 +2.4729e-01
17 0 +1.259338870e+02 +8.947388702e+01 +8.947388702e+01 +5.4157e-01 +5.7674e-01 -1.7359e-01 +5.0399e-01 -2.1224e-01 +5.1169e-01 +3.3657e-01 -3.2032e-01 +4.6880e-01 -3.3328e-01
18 0 +1.131932379e+02 +7.673323788e+01 +7.673323788e+01 -1.8609e-01 -2.9983e-01 -4.3976e-01 -2.3586e-01 -3.4065e-02 +5.5350e-01 -1.1423e-01 -3.7461e-01 +3.8892e-01 -1.1606e-01
39 0 +1.016498878e+02 +6.518988777e+01 +6.518988777e+01 +1.3482e+00 +3.9677e-01 -4.9060e-01 +8.3462e-01 +4.1237e-01 +4.5359e-01 -9.6206e-02 -4.5581e-01 -1.5404e-01 -1.8961e-01
143 0 +9.757496495e+01 +6.111496495e+01 +6.111496495e+01 +1.5669e+00 +1.3305e-01 -1.2033e+00 +1.8804e+00 +1.3052e-01 +4.0723e-01 -3.4448e-01 -1.5147e+00 +9.5493e-01 -1.2140e-01
149 0 +9.189577619e+01 +5.543577619e+01 +5.543577619e+01 +7.6509e-01 -1.4526e-01 -2.9796e-01 +1.3680e+00 +1.0155e-01 +2.3208e-01 -8.5492e-02 -4.5994e-01 +7.9567e-01 +3.0666e-02
218 0 +8.745803389e+01 +5.099803389e+01 +5.099803389e+01 +9.9496e-01 +3.3749e-02 -1.1930e+00 +1.2634e+00 -1.5210e-01 -5.2428e-02 +2.1078e-01 -1.4182e+00 +3.8536e-01 -2.9468e-01
256 0 +8.577355224e+01 +4.931355224e+01 +4.931355224e+01 +1.1164e+00 -1.2962e-01 -1.3248e+00 +1.1202e+00 +1.1288e-02 +2.1861e-01 +1.7087e-02 -1.2735e+00 +7.9963e-01 +1.5131e-01
267 0 +8.168822527e+01 +4.522822527e+01 +4.522822527e+01 +1.4445e+00 +2.4474e-01 -1.4735e+00 +1.4843e+00 +9.5093e-02 +2.0209e-01 +2.0464e-01 -1.4681e+00 +7.8703e-01 +2.0162e-01
324 0 +7.630493527e+01 +3.984493527e+01 +3.984493527e+01 +8.6789e-01 +1.2198e-01 -1.7443e+00 +1.0756e+00 +3.3036e-01 -2.3253e-02 +4.2738e-01 -1.9546e+00 +9.2129e-01 +3.7366e-02
373 0 +7.210921045e+01 +3.564921045e+01 +3.564921045e+01 +8.7983e-01 +2.6244e-01 -2.0970e+00 +1.0372e+00 +4.9055e-01 +2.9576e-01 +7.7164e-01 -2.7692e+00 +6.7262e-01 -2.3572e-01
381 0 +6.831759974e+01 +3.185759974e+01 +3.185759974e+01 +1.2711e+00 +3.4477e-01 -2.1930e+00 +1.3494e+00 +3.6290e-01 +2.1671e-01 +7.5060e-01 -2.7226e+00 +6.8248e-01 -9.0198e-02
416 0 +6.724550269e+01 +3.078550269e+01 +3.078550269e+01 +1.5280e+00 +8.1837e-01 -2.1679e+00 +1.7530e+00 +4.2988e-01 +7.1011e-01 +1.0201e+00 -2.6693e+00 +1.3633e+00 -1.7918e-01
436 0 +6.256478016e+01 +2.610478016e+01 +2.610478016e+01 +1.3200e+00 +3.5066e-01 -2.4643e+00 +1.2653e+00 +3.0290e-01 +2.8241e-01 +1.0880e+00 -2.8692e+00 +1.2592e+00 -3.1764e-01
532 0 +6.020634102e+01 +2.374634102e+01 +2.374634102e+01 +1.4424e+00 +2.7247e-01 -2.1663e+00 +1.2801e+00 +3.7908e-01 +2.9171e-01 +1.0785e+00 -2.3651e+00 +1.1445e+00 -1.1378e-01
651 0 +5.860598841e+01 +2.214598841e+01 +2.214598841e+01 +1.6871e+00 +2.4467e-01 -1.8065e+00 +1.5822e+00 +2.9134e-01 +3.4222e-01 +8.8982e-01 -2.1284e+00 +1.0544e+00 -6.5378e-02
779 0 +5.749836987e+01 +2.103836987e+01 +2.103836987e+01 +1.7733e+00 +3.1674e-01 -1.8182e+00 +1.6497e+00 +3.0382e-01 +3.4346e-01 +9.3951e-01 -2.1441e+00 +1.0228e+00 -2.3508e-02
833 0 +5.584659836e+01 +1.938659836e+01 +1.938659836e+01 +1.7479e+00 +2.8810e-01 -1.8515e+00 +1.6404e+00 +3.2257e-01 +3.0189e-01 +8.8168e-01 -2.1657e+00 +1.0215e+00 -2.6970e-02
888 0 +5.494034308e+01 +1.848034308e+01 +1.848034308e+01 +1.8074e+00 +3.0001e-01 -1.8990e+00 +1.6308e+00 +3.2200e-01 +2.9069e-01 +9.0340e-01 -2.1888e+00 +1.1049e+00 -3.6324e-02
1056 0 +5.370175138e+01 +1.724175138e+01 +1.724175138e+01 +1.7846e+00 +2.9875e-01 -1.9268e+00 +1.6258e+00 +3.4704e-01 +2.7975e-01 +8.4737e-01 -2.1554e+00 +1.1397e+00 -1.6187e-02
% f evaluations | g evaluations | best noise-free fitness - Fopt (3.920000000000e+01) + sum g_i+ | measured fitness | best measured fitness or single-digit g-values | x1 | x2...
1 0 +1.288356632e+02 +1.680356632e+02 +1.680356632e+02 +0.0000e+00 +0.0000e+00 +0.0000e+00 +0.0000e+00 +0.0000e+00 +0.0000e+00 +0.0000e+00 +0.0000e+00 +0.0000e+00 +0.0000e+00
2 0 +8.463807708e+01 +1.238380771e+02 +1.238380771e+02 +4.3379e-01 +3.0692e-02 +9.8026e-02 +3.4094e-01 +2.4727e-01 +1.7369e-01 -1.1375e-01 -3.0566e-01 +1.1285e-01 -1.5359e-01
4 0 +7.480120235e+01 +1.140012024e+02 +1.140012024e+02 +2.1661e-01 -2.7248e-01 -1.4933e-01 +1.8171e-01 -5.0930e-01 +2.3317e-01 -2.5183e-01 -1.2653e-01 +4.3300e-01 -1.9345e-02
6 0 +6.117046880e+01 +1.003704688e+02 +1.003704688e+02 +1.8723e-01 -2.5702e-01 +1.5212e-01 +1.5671e-02 +5.1476e-01 -6.3323e-02 +3.7553e-01 -3.4671e-01 +9.3874e-02 -2.1343e-01
20 0 +5.829651693e+01 +9.749651693e+01 +9.749651693e+01 -4.8193e-02 +1.3356e-01 -8.8884e-02 -4.3454e-01 +2.0795e-01 -3.5563e-02 +1.0130e+00 -7.0683e-02 +1.2488e-01 +1.5742e-01
37 0 +5.539843061e+01 +9.459843061e+01 +9.459843061e+01 +3.4526e-01 +1.5944e-01 -4.1502e-01 -1.9378e-01 -1.4577e-01 -2.2386e-01 +4.7868e-01 -6.0980e-01 -5.2035e-01 +5.1281e-01
76 0 +5.080945863e+01 +9.000945863e+01 +9.000945863e+01 +1.0682e-01 +3.7799e-01 -1.3076e-01 +1.6208e-01 -1.9269e-01 -1.8365e-01 +3.2849e-01 -4.6776e-01 +1.7174e-01 +2.9173e-01
186 0 +4.374291725e+01 +8.294291725e+01 +8.294291725e+01 +1.1473e-01 +5.4216e-01 -1.7791e-01 -1.2037e-01 -1.8509e-01 -1.3963e-01 +5.3720e-01 -8.0628e-01 -1.6936e-02 +4.6186e-01
272 0 +4.089910916e+01 +8.009910916e+01 +8.009910916e+01 +1.0877e+00 +1.4638e+00 -7.2719e-02 +9.4080e-01 -1.6383e-02 +1.5919e-01 +1.0965e+00 -1.9386e+00 -1.7803e-01 +1.2299e+00
281 0 +3.970895090e+01 +7.890895090e+01 +7.890895090e+01 +1.0712e+00 +1.4352e+00 -6.6052e-02 +9.6454e-01 -1.9496e-01 +1.5339e-01 +1.0646e+00 -1.5270e+00 -2.4127e-01 +1.2901e+00
287 0 +3.724999284e+01 +7.644999284e+01 +7.644999284e+01 +1.2806e+00 +1.4267e+00 -1.4769e-01 +1.0513e+00 -2.5670e-01 +4.6333e-02 +1.0980e+00 -1.7851e+00 -6.0376e-03 +1.5143e+00
305 0 +3.203183777e+01 +7.123183777e+01 +7.123183777e+01 +1.2338e+00 +1.5837e+00 -2.9279e-01 +8.7586e-01 -1.1853e-01 +1.2536e-01 +1.2446e+00 -1.6936e+00 -1.7616e-01 +1.6079e+00
337 0 +2.975230086e+01 +6.895230086e+01 +6.895230086e+01 +1.4051e+00 +1.8334e+00 -3.5801e-02 +1.1929e+00 -4.7839e-01 +3.7224e-01 +1.7299e+00 -1.5491e+00 -5.2620e-02 +1.7152e+00
360 0 +2.237012452e+01 +6.157012452e+01 +6.157012452e+01 +1.5890e+00 +2.6204e+00 -4.2011e-01 +1.8097e+00 +2.3546e-03 +6.2393e-01 +2.4491e+00 -2.0905e+00 -2.9047e-01 +2.5483e+00
477 0 +1.926409340e+01 +5.846409340e+01 +5.846409340e+01 +1.7937e+00 +2.6039e+00 -2.1030e-01 +2.0284e+00 +1.4382e-02 +8.3556e-01 +2.3677e+00 -2.1158e+00 +6.2063e-01 +1.8652e+00
591 0 +1.841163454e+01 +5.761163454e+01 +5.761163454e+01 +1.8698e+00 +3.1734e+00 -3.8250e-01 +2.1662e+00 -2.5778e-01 +1.0430e+00 +2.7949e+00 -1.8758e+00 +7.1897e-01 +1.6614e+00
840 0 +1.787530541e+01 +5.707530541e+01 +5.707530541e+01 +1.7959e+00 +3.6979e+00 -3.3606e-01 +2.5871e+00 -3.6367e-01 +1.4266e+00 +2.7306e+00 -1.4605e+00 +5.4180e-01 +1.8603e+00
866 0 +1.668547255e+01 +5.588547255e+01 +5.588547255e+01 +1.7982e+00 +3.4907e+00 -4.2645e-01 +2.4075e+00 -3.0561e-01 +1.2357e+00 +2.6323e+00 -1.5038e+00 +4.9464e-01 +1.7561e+00
884 0 +1.535748667e+01 +5.455748667e+01 +5.455748667e+01 +1.7664e+00 +3.4106e+00 -4.7513e-01 +2.4320e+00 -2.7837e-01 +1.2127e+00 +2.6152e+00 -1.6016e+00 +5.4933e-01 +1.7925e+00
914 0 +1.491364864e+01 +5.411364864e+01 +5.411364864e+01 +1.8207e+00 +3.4660e+00 -5.0264e-01 +2.4435e+00 -3.0447e-01 +1.2643e+00 +2.6044e+00 -1.6444e+00 +5.0434e-01 +1.7964e+00
918 0 +1.444933250e+01 +5.364933250e+01 +5.364933250e+01 +1.7562e+00 +3.5144e+00 -5.4825e-01 +2.4545e+00 -2.7434e-01 +1.2281e+00 +2.6107e+00 -1.5585e+00 +5.1293e-01 +1.7750e+00
947 0 +1.397062209e+01 +5.317062209e+01 +5.317062209e+01 +1.6698e+00 +3.5559e+00 -5.6137e-01 +2.4381e+00 -2.3083e-01 +1.2875e+00 +2.4988e+00 -1.5236e+00 +5.7095e-01 +1.6460e+00
1024 0 +1.350218254e+01 +5.270218254e+01 +5.270218254e+01 +1.6883e+00 +3.4818e+00 -5.9061e-01 +2.3809e+00 -2.6214e-01 +1.2479e+00 +2.5067e+00 -1.5350e+00 +5.1885e-01 +1.7048e+00
1047 0 +1.325529638e+01 +5.245529638e+01 +5.245529638e+01 +1.7080e+00 +3.4788e+00 -6.1287e-01 +2.3700e+00 -2.8596e-01 +1.2326e+00 +2.5259e+00 -1.5559e+00 +5.3783e-01 +1.7290e+00
1089 0 +1.302239261e+01 +5.222239261e+01 +5.222239261e+01 +1.7349e+00 +3.4521e+00 -5.7312e-01 +2.3480e+00 -3.2005e-01 +1.2069e+00 +2.4760e+00 -1.5362e+00 +5.2998e-01 +1.6921e+00
1188 0 +1.251349141e+01 +5.171349141e+01 +5.171349141e+01 +1.7128e+00 +3.4959e+00 -5.6377e-01 +2.3839e+00 -3.4671e-01 +1.2052e+00 +2.5169e+00 -1.5660e+00 +5.2535e-01 +1.7487e+00
5182 0 +1.230170117e+01 +5.150170117e+01 +5.150170117e+01 +1.7073e+00 +3.5316e+00 -5.4518e-01 +2.3672e+00 -3.5682e-01 +1.1883e+00 +2.5653e+00 -1.5610e+00 +5.0608e-01 +1.7703e+00
8133 0 +1.202121136e+01 +5.122121136e+01 +5.122121136e+01 +1.6816e+00 +3.5619e+00 -5.9495e-01 +2.3699e+00 -3.6574e-01 +1.1971e+00 +2.5925e+00 -1.5627e+00 +4.9074e-01 +1.7683e+00
% f evaluations | g evaluations | best noise-free fitness - Fopt (-3.225000000000e+01) + sum g_i+ | measured fitness | best measured fitness or single-digit g-values | x1 | x2...
1 0 +3.051352260e+02 +2.728852260e+02 +2.728852260e+02 +0.0000e+00 +0.0000e+00 +0.0000e+00 +0.0000e+00 +0.0000e+00 +0.0000e+00 +0.0000e+00 +0.0000e+00 +0.0000e+00 +0.0000e+00
2 0 +1.950479780e+02 +1.627979780e+02 +1.627979780e+02 +4.3379e-01 +3.0692e-02 +9.8026e-02 +3.4094e-01 +2.4727e-01 +1.7369e-01 -1.1375e-01 -3.0566e-01 +1.1285e-01 -1.5359e-01
8 0 +1.453426728e+02 +1.130926728e+02 +1.130926728e+02 +6.0234e-01 +2.6527e-01 +2.8700e-01 -7.0577e-01 +5.2611e-01 +2.0125e-02 -3.9010e-01 +9.9670e-02 +3.8961e-01 -4.6269e-01
56 0 +1.418255800e+02 +1.095755800e+02 +1.095755800e+02 +4.8028e-01 +2.5042e-01 -2.8060e-01 -4.0856e-01 +4.9612e-01 -8.8813e-02 +1.8543e-01 -5.6464e-01 +4.4378e-01 +4.7074e-01
62 0 +1.085819022e+02 +7.633190220e+01 +7.633190220e+01 +9.9725e-01 -1.3821e-01 -8.7387e-01 -2.8082e-01 +5.8450e-01 -1.2101e-01 -2.3751e-01 +2.4323e-02 +1.1227e-01 +5.9871e-01
87 0 +9.551188519e+01 +6.326188519e+01 +6.326188519e+01 +4.1678e-01 +2.9811e-01 -7.8341e-01 -1.0275e-01 +3.2476e-01 -1.8406e-01 -1.5706e-01 -4.9997e-01 +1.5479e+00 +9.8427e-01
95 0 +9.220816252e+01 +5.995816252e+01 +5.995816252e+01 +8.8357e-01 +7.9351e-01 -1.1764e+00 -8.9257e-02 +3.7549e-01 -1.9602e-01 -2.2275e-01 -1.0550e+00 +1.5913e+00 +1.4350e+00
96 0 +8.603380596e+01 +5.378380596e+01 +5.378380596e+01 +6.4729e-01 +9.6993e-02 -8.6013e-01 -2.4275e-01 +9.3762e-01 -2.6682e-01 -3.6576e-01 -1.6183e-02 +1.3303e+00 +9.8093e-01
112 0 +7.399213857e+01 +4.174213857e+01 +4.174213857e+01 +4.1682e-01 +4.3557e-01 -9.6984e-01 -5.8014e-01 +9.7019e-01 -1.0302e+00 +1.4859e-01 -9.9085e-02 +1.4885e+00 +8.3922e-01
117 0 +7.094328036e+01 +3.869328036e+01 +3.869328036e+01 +9.5712e-01 +6.3743e-01 -1.3811e+00 -3.9512e-01 +9.3251e-01 -8.8567e-01 -4.3560e-01 +6.4901e-02 +1.8929e+00 +1.1081e+00
124 0 +6.693223528e+01 +3.468223528e+01 +3.468223528e+01 +8.5581e-01 +1.2983e+00 -1.3477e+00 -2.8824e-01 +1.3196e+00 -1.0821e+00 -5.7467e-01 -4.3111e-01 +2.0878e+00 +9.8021e-01
173 0 +5.548939849e+01 +2.323939849e+01 +2.323939849e+01 +7.4672e-01 +1.7658e-01 -1.0451e+00 -3.9574e-01 +1.1944e+00 -1.2366e+00 -6.6876e-02 +1.2366e+00 +1.6419e+00 +1.4805e+00
197 0 +5.139261727e+01 +1.914261727e+01 +1.914261727e+01 +8.5411e-01 +4.3838e-01 -1.5950e+00 +1.1306e-01 +1.5128e+00 -1.3161e+00 -4.9032e-01 +3.4274e-01 +1.8582e+00 +2.1488e+00
205 0 +4.255877942e+01 +1.030877942e+01 +1.030877942e+01 +1.1456e+00 +9.7669e-02 -1.5768e+00 -3.3889e-01 +1.1348e+00 -1.4674e+00 -7.1975e-01 +6.1148e-02 +1.9898e+00 +2.0340e+00
234 0 +3.856734298e+01 +6.317342982e+00 +6.317342982e+00 +1.5164e+00 +9.0931e-02 -1.6325e+00 -4.9820e-01 +1.7384e+00 -2.1428e+00 -3.0200e-02 +1.1867e+00 +2.2097e+00 +2.6991e+00
242 0 +3.069454439e+01 -1.555455607e+00 -1.555455607e+00 +1.5786e+00 +3.3359e-01 -1.9303e+00 -3.1520e-01 +2.1830e+00 -2.2910e+00 -2.3682e-01 +7.3659e-01 +2.7850e+00 +2.4333e+00
253 0 +2.844591846e+01 -3.804081535e+00 -3.804081535e+00 +1.4986e+00 +1.6311e-01 -1.6075e+00 -5.8322e-01 +1.9007e+00 -2.0474e+00 -5.3174e-01 +1.1532e+00 +2.6923e+00 +3.1229e+00
263 0 +1.967181788e+01 -1.257818212e+01 -1.257818212e+01 +1.6594e+00 +2.6432e-01 -2.1968e+00 -2.8741e-01 +2.0350e+00 -2.3323e+00 -7.5925e-01 +7.5385e-01 +3.3189e+00 +4.4753e+00
273 0 +1.660001777e+01 -1.564998223e+01 -1.564998223e+01 +1.5426e+00 +4.9263e-01 -2.5225e+00 -2.7113e-02 +2.2411e+00 -2.4668e+00 -1.6536e-01 +4.0887e-01 +3.7815e+00 +3.8314e+00
312 0 +1.359097286e+01 -1.865902714e+01 -1.865902714e+01 +1.9778e+00 +3.7544e-01 -2.6288e+00 -4.4260e-01 +2.0876e+00 -2.2108e+00 -7.4504e-01 +1.4425e+00 +3.2379e+00 +4.6796e+00
458 0 +1.299627180e+01 -1.925372820e+01 -1.925372820e+01 +2.5618e+00 +7.0720e-01 -2.9028e+00 -4.2135e-01 +2.0336e+00 -1.7325e+00 -3.8462e-01 +1.0454e+00 +4.0876e+00 +4.1469e+00
471 0 +1.220117613e+01 -2.004882387e+01 -2.004882387e+01 +2.2607e+00 +4.8272e-01 -2.5578e+00 -2.4558e-01 +2.0713e+00 -1.8656e+00 -3.1006e-01 +1.1346e+00 +4.1169e+00 +4.1126e+00
619 0 +1.071710668e+01 -2.153289332e+01 -2.153289332e+01 +1.9471e+00 +4.0399e-01 -2.2266e+00 -1.7343e-01 +2.0920e+00 -2.1765e+00 -2.6541e-01 +9.7537e-01 +3.9301e+00 +3.9288e+00
791 0 +1.052051308e+01 -2.172948692e+01 -2.172948692e+01 +2.1073e+00 +5.9536e-01 -2.4752e+00 -9.2543e-02 +2.0887e+00 -2.0933e+00 -4.2533e-01 +1.1449e+00 +4.0793e+00 +3.9695e+00
795 0 +1.043473432e+01 -2.181526568e+01 -2.181526568e+01 +2.0833e+00 +6.2606e-01 -2.4417e+00 -7.7229e-02 +2.1008e+00 -2.0395e+00 -4.7639e-01 +1.0683e+00 +4.0136e+00 +4.0474e+00
836 0 +9.730706736e+00 -2.251929326e+01 -2.251929326e+01 +2.1024e+00 +5.6788e-01 -2.4626e+00 -1.5501e-01 +2.0901e+00 -2.0928e+00 -4.5715e-01 +1.1231e+00 +4.0814e+00 +3.9367e+00
842 0 +9.000220558e+00 -2.324977944e+01 -2.324977944e+01 +2.1915e+00 +6.1615e-01 -2.4712e+00 -1.4280e-01 +2.1056e+00 -2.0943e+00 -5.2198e-01 +1.2514e+00 +4.0793e+00 +3.9781e+00
875 0 +8.651448150e+00 -2.359855185e+01 -2.359855185e+01 +2.2796e+00 +6.6072e-01 -2.5331e+00 -1.8054e-01 +2.1646e+00 -2.1022e+00 -5.1818e-01 +1.2189e+00 +4.2010e+00 +4.0578e+00
887 0 +8.481833651e+00 -2.376816635e+01 -2.376816635e+01 +2.1909e+00 +5.9571e-01 -2.4567e+00 -1.6734e-01 +2.1176e+00 -2.0461e+00 -4.9656e-01 +1.1756e+00 +4.0607e+00 +4.0122e+00
889 0 +8.128943675e+00 -2.412105632e+01 -2.412105632e+01 +2.2298e+00 +6.1361e-01 -2.4540e+00 -1.4523e-01 +2.0962e+00 -2.0567e+00 -5.2918e-01 +1.2605e+00 +4.0650e+00 +3.9809e+00
914 0 +7.948466204e+00 -2.430153380e+01 -2.430153380e+01 +2.2364e+00 +6.0830e-01 -2.4446e+00 -1.7636e-01 +2.0679e+00 -2.0074e+00 -5.3080e-01 +1.1988e+00 +4.0618e+00 +3.9507e+00
951 0 +7.780657491e+00 -2.446934251e+01 -2.446934251e+01 +2.2678e+00 +6.2437e-01 -2.4428e+00 -1.4207e-01 +2.1026e+00 -2.0151e+00 -5.4026e-01 +1.2434e+00 +4.0695e+00 +4.0262e+00
971 0 +7.438323918e+00 -2.481167608e+01 -2.481167608e+01 +2.2801e+00 +6.2184e-01 -2.4536e+00 -1.3772e-01 +2.1117e+00 -2.0144e+00 -5.5598e-01 +1.2431e+00 +4.0434e+00 +4.0560e+00
1000 0 +7.077671156e+00 -2.517232884e+01 -2.517232884e+01 +2.3422e+00 +5.8299e-01 -2.4729e+00 -1.5430e-01 +2.0588e+00 -2.0006e+00 -5.3335e-01 +1.2554e+00 +4.0165e+00 +3.9959e+00
1013 0 +6.700570209e+00 -2.554942979e+01 -2.554942979e+01 +2.3264e+00 +6.1283e-01 -2.4767e+00 -1.3740e-01 +2.0699e+00 -1.9599e+00 -5.3118e-01 +1.2505e+00 +3.9919e+00 +4.0303e+00
1077 0 +6.472780187e+00 -2.577721981e+01 -2.577721981e+01 +2.3480e+00 +5.8711e-01 -2.4702e+00 -1.2054e-01 +2.0571e+00 -1.9959e+00 -5.3710e-01 +1.2432e+00 +3.9910e+00 +4.0663e+00
1123 0 +6.427875716e+00 -2.582212428e+01 -2.582212428e+01 +2.3256e+00 +5.9154e-01 -2.4893e+00 -1.0496e-01 +2.0752e+00 -2.0224e+00 -5.2948e-01 +1.2244e+00 +4.0207e+00 +4.0714e+00
1131 0 +6.247821743e+00 -2.600217826e+01 -2.600217826e+01 +2.3351e+00 +5.9297e-01 -2.4802e+00 -1.0331e-01 +2.0727e+00 -2.0008e+00 -5.2926e-01 +1.2194e+00 +4.0077e+00 +4.0718e+00
1217 0 +6.090742793e+00 -2.615925721e+01 -2.615925721e+01 +2.3538e+00 +5.8639e-01 -2.4896e+00 -1.0826e-01 +2.0623e+00 -1.9906e+00 -5.3734e-01 +1.2198e+00 +4.0054e+00 +4.0956e+00
1361 0 +6.015775781e+00 -2.623422422e+01 -2.623422422e+01 +2.3529e+00 +5.8235e-01 -2.4872e+00 -1.0089e-01 +2.0603e+00 -2.0072e+00 -5.3482e-01 +1.2315e+00 +4.0058e+00 +4.0919e+00
1566 0 +5.853516648e+00 -2.639648335e+01 -2.639648335e+01 +2.3590e+00 +5.8667e-01 -2.4903e+00 -1.0077e-01 +2.0651e+00 -2.0032e+00 -5.3526e-01 +1.2322e+00 +4.0074e+00 +4.0912e+00
7063 0 +5.754337189e+00 -2.649566281e+01 -2.649566281e+01 +2.3563e+00 +5.8894e-01 -2.4904e+00 -9.4704e-02 +2.0711e+00 -1.9965e+00 -5.3317e-01 +1.2224e+00 +4.0075e+00 +4.0970e+00
14925 0 +5.619973927e+00 -2.663002607e+01 -2.663002607e+01 +2.3486e+00 +5.9351e-01 -2.4857e+00 -8.8875e-02 +2.0754e+00 -1.9670e+00 -5.3447e-01 +1.2023e+00 +3.9971e+00 +4.1238e+00
14986 0 +5.468275195e+00 -2.678172480e+01 -2.678172480e+01 +2.3427e+00 +5.9775e-01 -2.4828e+00 -1.1029e-01 +2.0643e+00 -1.9461e+00 -5.3850e-01 +1.1991e+00 +3.9889e+00 +4.1392e+00
15846 0 +5.370307000e+00 -2.687969300e+01 -2.687969300e+01 +2.3346e+00 +6.0551e-01 -2.4765e+00 -1.4157e-01 +2.0478e+00 -1.9145e+00 -5.4659e-01 +1.1978e+00 +3.9741e+00 +4.1629e+00
24145 0 +5.248060960e+00 -2.700193904e+01 -2.700193904e+01 +2.3033e+00 +6.2455e-01 -2.4698e+00 -1.7125e-01 +2.0519e+00 -1.9078e+00 -5.3994e-01 +1.1768e+00 +3.9808e+00 +4.1643e+00
27617 0 +5.124161757e+00 -2.712583824e+01 -2.712583824e+01 +2.2584e+00 +6.2640e-01 -2.4661e+00 -2.1004e-01 +2.0198e+00 -1.9045e+00 -5.4430e-01 +1.1711e+00 +3.9780e+00 +4.1783e+00
% f evaluations | g evaluations | best noise-free fitness - Fopt (3.681200000000e+02) + sum g_i+ | measured fitness | best measured fitness or single-digit g-values | x1 | x2...
1 0 +7.105251432e+01 +4.391725143e+02 +4.391725143e+02 +0.0000e+00 +0.0000e+00 +0.0000e+00 +0.0000e+00 +0.0000e+00 +0.0000e+00 +0.0000e+00 +0.0000e+00 +0.0000e+00 +0.0000e+00
2 0 +6.365170941e+01 +4.317717094e+02 +4.317717094e+02 +4.3379e-01 +3.0692e-02 +9.8026e-02 +3.4094e-01 +2.4727e-01 +1.7369e-01 -1.1375e-01 -3.0566e-01 +1.1285e-01 -1.5359e-01
3 0 +5.649650612e+01 +4.246165061e+02 +4.246165061e+02 +2.4817e-01 +6.3376e-02 -2.2359e-01 +8.0318e-02 +2.1275e-01 +5.3256e-02 -2.3477e-01 +7.8699e-02 +1.0710e-01 +2.4729e-01
19 0 +5.593379169e+01 +4.240537917e+02 +4.240537917e+02 +1.1618e-01 +4.1642e-02 -2.2134e-02 -1.2480e-01 -7.1835e-02 +3.2608e-01 -1.1285e-01 -3.3093e-01 +2.8836e-01 +6.3321e-02
21 0 +5.273567306e+01 +4.208556731e+02 +4.208556731e+02 -6.7490e-02 -3.2093e-03 -2.2398e-01 -1.7569e-01 -9.4523e-02 +2.8147e-01 +1.2383e-01 -2.0867e-01 +2.0805e-01 +1.0522e-01
27 0 +4.856348957e+01 +4.166834896e+02 +4.166834896e+02 -2.8261e-01 -2.7805e-02 -6.0404e-01 -2.0660e-01 -1.7656e-01 +2.9078e-01 +3.8411e-01 -1.8110e-01 -5.0471e-01 +4.4224e-01
112 0 +4.608061281e+01 +4.142006128e+02 +4.142006128e+02 -5.4933e-01 -1.6993e-02 -6.1858e-01 -1.4995e-01 -4.1098e-01 +4.7354e-01 +8.2470e-01 -2.5141e-01 +5.2437e-01 +5.5859e-01
126 0 +4.386227608e+01 +4.119822761e+02 +4.119822761e+02 -6.7043e-01 +1.7456e-01 -6.5636e-01 +9.5161e-02 -7.1706e-01 +6.6405e-01 +6.2435e-01 -6.5358e-01 +2.4220e-01 +6.7563e-01
151 0 +4.308078357e+01 +4.112007836e+02 +4.112007836e+02 -6.7305e-01 +9.6825e-02 -6.8741e-01 -6.5931e-02 -8.0526e-01 +5.4829e-01 +5.4489e-01 -5.3131e-01 +3.3430e-01 +6.9029e-01
155 0 +3.625570511e+01 +4.043757051e+02 +4.043757051e+02 -6.0578e-01 +1.2363e-01 -8.3909e-01 +1.0978e-01 -6.8921e-01 +4.2472e-01 +4.4689e-01 -3.8203e-01 +2.0890e-01 +8.6851e-01
196 0 +3.361016404e+01 +4.017301640e+02 +4.017301640e+02 -8.2872e-01 +1.8889e-01 -7.5859e-01 -2.2487e-01 -5.4584e-01 +6.1695e-01 +1.6076e-01 -8.4867e-01 -2.5837e-01 +3.8471e-01
632 0 +3.271188126e+01 +4.008318813e+02 +4.008318813e+02 -7.1082e-01 +5.0118e-01 -7.5405e-01 -3.2567e-01 -7.6781e-01 +3.8714e-01 +5.7626e-01 -5.7948e-01 -9.1205e-02 +6.6714e-01
648 0 +3.110405286e+01 +3.992240529e+02 +3.992240529e+02 -7.2676e-01 +5.1092e-01 -7.3746e-01 -3.3675e-01 -7.6933e-01 +3.9482e-01 +5.7281e-01 -5.9839e-01 -8.8201e-02 +6.5864e-01
681 0 +3.035249975e+01 +3.984724998e+02 +3.984724998e+02 -7.8037e-01 +5.3756e-01 -7.3005e-01 -3.3452e-01 -7.7561e-01 +3.6525e-01 +5.9682e-01 -5.3583e-01 -1.1278e-01 +6.5450e-01
691 0 +3.015581370e+01 +3.982758137e+02 +3.982758137e+02 -7.6605e-01 +5.6349e-01 -7.1840e-01 -3.2996e-01 -7.7174e-01 +3.4516e-01 +5.8414e-01 -5.3520e-01 -1.2485e-01 +6.5422e-01
702 0 +2.869324224e+01 +3.968132422e+02 +3.968132422e+02 -7.5072e-01 +6.3097e-01 -6.8467e-01 -3.3661e-01 -7.3381e-01 +3.1437e-01 +6.1639e-01 -5.3175e-01 -1.1056e-01 +6.5771e-01
741 0 +2.783692368e+01 +3.959569237e+02 +3.959569237e+02 -7.7501e-01 +6.4350e-01 -6.7641e-01 -3.6002e-01 -7.1895e-01 +2.8955e-01 +6.1508e-01 -5.3877e-01 -1.1207e-01 +6.4222e-01
831 0 +2.749428668e+01 +3.956142867e+02 +3.956142867e+02 -7.8535e-01 +6.4188e-01 -6.8878e-01 -3.6041e-01 -7.3615e-01 +2.7845e-01 +6.1944e-01 -5.3536e-01 -1.0886e-01 +6.4383e-01
898 0 +2.688969167e+01 +3.950096917e+02 +3.950096917e+02 -7.6119e-01 +6.3671e-01 -6.9273e-01 -3.8330e-01 -7.4989e-01 +3.1702e-01 +6.2848e-01 -5.5160e-01 -1.0530e-01 +6.4196e-01
1151 0 +2.629717860e+01 +3.944171786e+02 +3.944171786e+02 -7.3668e-01 +6.9823e-01 -6.6474e-01 -3.6442e-01 -7.7546e-01 +3.0449e-01 +6.6384e-01 -5.8391e-01 -1.1631e-01 +6.1994e-01
1499 0 +2.570181662e+01 +3.938218166e+02 +3.938218166e+02 -6.9902e-01 +6.3832e-01 -6.2215e-01 -3.8835e-01 -7.9551e-01 +3.6755e-01 +6.4262e-01 -6.3595e-01 -1.1056e-01 +5.9428e-01
% f evaluations | g evaluations | best noise-free fitness - Fopt (4.739000000000e+01) + sum g_i+ | measured fitness | best measured fitness or single-digit g-values | x1 | x2...
1 0 +4.550479530e+01 +9.289479530e+01 +9.289479530e+01 +0.0000e+00 +0.0000e+00 +0.0000e+00 +0.0000e+00 +0.0000e+00 +0.0000e+00 +0.0000e+00 +0.0000e+00 +0.0000e+00 +0.0000e+00
3 0 +3.489563278e+01 +8.228563278e+01 +8.228563278e+01 +2.4817e-01 +6.3376e-02 -2.2359e-01 +8.0318e-02 +2.1275e-01 +5.3256e-02 -2.3477e-01 +7.8699e-02 +1.0710e-01 +2.4729e-01
7 0 +2.993633103e+01 +7.732633103e+01 +7.732633103e+01 -2.6321e-01 +2.3560e-01 -2.9494e-01 -4.1433e-02 -2.1060e-01 +1.1878e-01 +8.3286e-02 -6.4943e-01 +2.1039e-01 -1.8282e-01
46 0 +2.807653113e+01 +7.546653113e+01 +7.546653113e+01 +4.7018e-01 -3.0529e-02 +2.3001e-01 -5.0418e-02 -2.2768e-01 +5.0089e-01 -4.3769e-01 +1.7796e-01 +4.0744e-01 -2.5201e-02
161 0 +2.702488905e+01 +7.441488905e+01 +7.441488905e+01 +4.6341e-01 +3.3488e-01 -3.7235e-01 -1.9762e-01 -9.5092e-01 -4.0156e-02 -5.3459e-01 +3.8340e-01 -3.8656e-01 +6.0370e-01
171 0 +2.391519982e+01 +7.130519982e+01 +7.130519982e+01 +5.2079e-01 +4.0476e-01 -2.3546e-01 -2.1437e-01 -9.1310e-01 -1.2835e-01 -5.6823e-01 +2.0670e-01 -4.3056e-01 +6.1555e-01
344 0 +2.342326583e+01 +7.081326583e+01 +7.081326583e+01 +8.8647e-01 +5.9323e-01 -6.2884e-01 -3.9924e-01 -1.0054e+00 -6.7280e-02 -4.7483e-01 +6.4765e-01 -4.2703e-01 +6.7488e-01
362 0 +2.121737630e+01 +6.860737630e+01 +6.860737630e+01 +7.2038e-01 +6.6349e-01 -5.9879e-01 -3.7113e-01 -8.8615e-01 +1.1714e-01 -5.1153e-01 +5.9942e-01 -3.5300e-01 +6.3416e-01
380 0 +1.993810328e+01 +6.732810328e+01 +6.732810328e+01 +9.3017e-01 +6.4117e-01 -7.0248e-01 -4.4937e-01 -1.1057e+00 +9.0104e-02 -5.9076e-01 +6.3809e-01 -4.0685e-01 +5.7715e-01
401 0 +1.851162823e+01 +6.590162823e+01 +6.590162823e+01 +8.9792e-01 +6.2497e-01 -6.7083e-01 -4.4964e-01 -1.0734e+00 +6.9815e-02 -4.8225e-01 +7.3499e-01 -4.0452e-01 +5.8911e-01
409 0 +1.765797402e+01 +6.504797402e+01 +6.504797402e+01 +7.6640e-01 +4.8115e-01 -7.8390e-01 -4.1723e-01 -1.1171e+00 +7.5225e-02 -4.6432e-01 +8.1675e-01 -5.1232e-01 +5.1659e-01
461 0 +1.679277222e+01 +6.418277222e+01 +6.418277222e+01 +9.4019e-01 +4.7161e-01 -7.1549e-01 -5.1184e-01 -1.1595e+00 -2.8870e-02 -4.7121e-01 +8.3278e-01 -4.0870e-01 +5.9017e-01
551 0 +1.586612133e+01 +6.325612133e+01 +6.325612133e+01 +9.0851e-01 +4.1795e-01 -7.2008e-01 -4.8291e-01 -1.2254e+00 -1.9855e-02 -4.0935e-01 +9.1712e-01 -4.5865e-01 +5.3803e-01
560 0 +1.558939221e+01 +6.297939221e+01 +6.297939221e+01 +9.3202e-01 +4.9045e-01 -7.6282e-01 -4.5612e-01 -1.2204e+00 +2.0719e-02 -4.4874e-01 +9.0596e-01 -4.8637e-01 +5.4518e-01
590 0 +1.546956761e+01 +6.285956761e+01 +6.285956761e+01 +9.1603e-01 +4.6286e-01 -7.3364e-01 -4.4359e-01 -1.2436e+00 +1.4719e-02 -4.3108e-01 +9.2016e-01 -4.6366e-01 +5.0109e-01
677 0 +1.506958330e+01 +6.245958330e+01 +6.245958330e+01 +9.2114e-01 +4.7336e-01 -7.0175e-01 -4.6231e-01 -1.2301e+00 +2.2038e-02 -4.4642e-01 +9.0926e-01 -4.8303e-01 +5.3009e-01
808 0 +1.478880030e+01 +6.217880030e+01 +6.217880030e+01 +9.1417e-01 +4.7753e-01 -7.0209e-01 -4.7125e-01 -1.2245e+00 +1.3483e-02 -4.5310e-01 +9.0969e-01 -4.8234e-01 +5.4893e-01
7823 0 +1.445274964e+01 +6.184274964e+01 +6.184274964e+01 +9.2513e-01 +4.9554e-01 -6.7137e-01 -5.0647e-01 -1.2034e+00 +3.7107e-02 -4.7013e-01 +8.9057e-01 -4.6768e-01 +5.6656e-01
% f evaluations | g evaluations | best noise-free fitness - Fopt (-3.428900000000e+02) + sum g_i+ | measured fitness | best measured fitness or single-digit g-values | x1 | x2...
1 0 +6.529145050e+01 -2.775985495e+02 -2.775985495e+02 +0.0000e+00 +0.0000e+00 +0.0000e+00 +0.0000e+00 +0.0000e+00 +0.0000e+00 +0.0000e+00 +0.0000e+00 +0.0000e+00 +0.0000e+00
2 0 +4.904096706e+01 -2.938490329e+02 -2.938490329e+02 +4.3379e-01 +3.0692e-02 +9.8026e-02 +3.4094e-01 +2.4727e-01 +1.7369e-01 -1.1375e-01 -3.0566e-01 +1.1285e-01 -1.5359e-01
5 0 +4.311659534e+01 -2.997734047e+02 -2.997734047e+02 -9.0564e-02 +8.4424e-02 -2.8183e-02 -1.8777e-01 +7.4957e-02 +6.4105e-01 +2.7589e-01 +1.3137e-01 +7.7185e-02 +2.3934e-01
10 0 +3.767595918e+01 -3.052140408e+02 -3.052140408e+02 +3.2216e-01 -3.3442e-01 +1.9285e-01 -3.1559e-01 -1.5896e-01 +1.8278e-01 -2.1053e-01 +1.4883e-01 -4.2076e-01 -2.0280e-01
26 0 +3.627383044e+01 -3.066161696e+02 -3.066161696e+02 +5.3635e-01 +3.8810e-01 -2.1724e-02 -4.9677e-01 +4.0887e-01 +5.8785e-01 -4.7351e-02 -2.7238e-02 +1.0505e-01 +2.4712e-01
79 0 +3.512183462e+01 -3.077681654e+02 -3.077681654e+02 +3.3515e-01 -3.6482e-01 +4.4661e-01 +3.3299e-01 -3.0886e-02 -1.5454e-01 -2.7426e-01 +5.5177e-02 +2.1247e-01 +8.3361e-01
135 0 +3.454485724e+01 -3.083451428e+02 -3.083451428e+02 +6.7998e-02 -6.7460e-01 +3.2828e-01 -1.6289e-01 -5.0756e-01 +2.3188e-03 -1.1215e-01 +3.0480e-01 +2.1736e-01 +5.4116e-01
163 0 +3.275495128e+01 -3.101350487e+02 -3.101350487e+02 +4.6759e-01 -3.0963e-01 +3.9875e-01 -5.0161e-02 -3.0513e-01 +1.1280e-01 -2.0535e-01 +8.7997e-02 +6.1627e-02 +6.3044e-01
250 0 +2.819298185e+01 -3.146970182e+02 -3.146970182e+02 +4.2659e-01 -4.3593e-01 +3.3020e-01 -2.7043e-01 -1.8677e-01 +1.7317e-02 -2.2030e-02 -1.2209e-01 -1.4597e-02 +4.2084e-01
436 0 +2.788927893e+01 -3.150007211e+02 -3.150007211e+02 +4.9649e-01 -3.4166e-01 +3.3807e-02 -2.5714e-01 +8.4343e-03 +5.3414e-02 +1.6843e-01 -2.7417e-01 +3.4258e-02 +3.0168e-01
457 0 +2.656856147e+01 -3.163214385e+02 -3.163214385e+02 +5.1073e-01 -4.3801e-01 +1.7384e-01 -2.2495e-01 +4.9698e-02 +4.0240e-02 +1.2045e-01 -2.3669e-01 +1.3692e-02 +3.5342e-01
491 0 +2.625008559e+01 -3.166399144e+02 -3.166399144e+02 +5.0477e-01 -3.9350e-01 +1.3372e-01 -2.0950e-01 +5.5125e-02 +3.9249e-02 +1.4760e-01 -2.4272e-01 +5.6494e-03 +3.1384e-01
529 0 +2.545319601e+01 -3.174368040e+02 -3.174368040e+02 +5.2159e-01 -4.2677e-01 +1.4120e-01 -2.4358e-01 +6.8705e-02 +2.5406e-02 +1.6229e-01 -2.8464e-01 -8.6219e-03 +2.7877e-01
651 0 +2.511075541e+01 -3.177792446e+02 -3.177792446e+02 +5.0923e-01 -4.2628e-01 +1.6957e-01 -2.1599e-01 +8.4061e-02 +2.0142e-02 +1.1705e-01 -2.5876e-01 +2.5869e-03 +2.8455e-01
901 0 +2.454655182e+01 -3.183434482e+02 -3.183434482e+02 +5.0828e-01 -4.2252e-01 +1.5404e-01 -2.2508e-01 +1.0982e-01 -1.4219e-02 +1.1794e-01 -2.5704e-01 -9.9656e-04 +2.0028e-01
1442 0 +2.398412398e+01 -3.189058760e+02 -3.189058760e+02 +4.5505e-01 -4.7338e-01 +2.0298e-02 -2.6629e-01 +8.8143e-02 +2.6093e-02 +1.3645e-01 -2.8307e-01 -1.7986e-04 +3.5072e-02
1814 0 +2.343526704e+01 -3.194547330e+02 -3.194547330e+02 +3.5108e-01 -5.7442e-01 -1.5866e-01 -3.6798e-01 -9.6278e-03 +1.3598e-01 +1.7104e-01 -3.4710e-01 +1.4305e-02 -6.8611e-02
% f evaluations | g evaluations | best noise-free fitness - Fopt (9.102000000000e+01) + sum g_i+ | measured fitness | best measured fitness or single-digit g-values | x1 | x2...
1 0 +4.402282542e+01 +1.350428254e+02 +1.350428254e+02 +0.0000e+00 +0.0000e+00 +0.0000e+00 +0.0000e+00 +0.0000e+00 +0.0000e+00 +0.0000e+00 +0.0000e+00 +0.0000e+00 +0.0000e+00
2 0 +3.331155160e+01 +1.243315516e+02 +1.243315516e+02 +4.3379e-01 +3.0692e-02 +9.8026e-02 +3.4094e-01 +2.4727e-01 +1.7369e-01 -1.1375e-01 -3.0566e-01 +1.1285e-01 -1.5359e-01
3 0 +3.002614376e+01 +1.210461438e+02 +1.210461438e+02 +2.4817e-01 +6.3376e-02 -2.2359e-01 +8.0318e-02 +2.1275e-01 +5.3256e-02 -2.3477e-01 +7.8699e-02 +1.0710e-01 +2.4729e-01
4 0 +2.397921533e+01 +1.149992153e+02 +1.149992153e+02 +2.1661e-01 -2.7248e-01 -1.4933e-01 +1.8171e-01 -5.0930e-01 +2.3317e-01 -2.5183e-01 -1.2653e-01 +4.3300e-01 -1.9345e-02
23 0 +2.055790817e+01 +1.115779082e+02 +1.115779082e+02 +6.6343e-01 +4.7888e-02 -3.2268e-01 -2.0106e-01 -2.4266e-01 +1.1295e-01 -4.4273e-01 -6.9700e-01 +6.9296e-01 +5.5492e-01
42 0 +2.028422355e+01 +1.113042236e+02 +1.113042236e+02 +7.9134e-01 +1.7003e-01 -3.0075e-01 +1.9094e-01 -4.7535e-01 -1.5899e-01 -5.4746e-01 -4.2313e-01 +7.7393e-01 +6.2674e-01
45 0 +1.876644486e+01 +1.097864449e+02 +1.097864449e+02 +7.1005e-01 +5.7053e-02 -3.8809e-01 +4.7792e-02 -4.9114e-01 -1.5146e-01 -3.8626e-01 -1.4316e-01 +6.6576e-01 +4.5853e-01
53 0 +1.855120577e+01 +1.095712058e+02 +1.095712058e+02 +5.8976e-01 -8.8674e-03 -5.0315e-01 +2.7899e-01 -5.3858e-01 -3.8180e-02 -2.1863e-01 -9.2645e-02 +2.0862e-01 +9.3442e-01
124 0 +1.532144185e+01 +1.063414418e+02 +1.063414418e+02 +3.4637e-01 +6.6123e-01 -9.0213e-01 +4.4487e-01 -4.3867e-01 -6.9501e-03 -3.2481e-01 -9.1744e-01 +1.1721e+00 +7.7722e-01
146 0 +1.292337258e+01 +1.039433726e+02 +1.039433726e+02 +1.0706e-01 +1.1184e-01 -9.4480e-01 +1.2820e-01 -9.6428e-01 -4.1009e-01 -7.0529e-02 -8.6804e-01 +2.8514e-01 +1.2726e+00
242 0 +1.150752578e+01 +1.025275258e+02 +1.025275258e+02 +2.6631e-01 -3.0858e-02 -7.0992e-01 +2.7584e-01 -1.7562e-02 -4.1794e-01 -3.6389e-01 -7.8724e-01 +8.0597e-01 +1.2320e+00
269 0 +1.093379795e+01 +1.019537980e+02 +1.019537980e+02 +1.5745e-01 -1.5636e-01 -8.6099e-01 +3.2356e-01 -2.7972e-01 -3.7362e-01 -5.2523e-01 -7.7372e-01 +3.4265e-01 +1.2689e+00
401 0 +1.057615896e+01 +1.015961590e+02 +1.015961590e+02 +1.1921e-01 +5.5265e-02 -9.3706e-01 +2.1478e-01 -2.5787e-01 -1.3054e-01 -2.5669e-01 -8.1731e-01 +5.0850e-01 +1.2534e+00
481 0 +1.034669679e+01 +1.013666968e+02 +1.013666968e+02 +2.0571e-01 +5.7232e-02 -9.0032e-01 +3.3468e-01 -1.9841e-01 -2.5963e-01 -3.1404e-01 -7.6392e-01 +6.7297e-01 +1.1417e+00
549 0 +1.016373258e+01 +1.011837326e+02 +1.011837326e+02 +1.5800e-01 -6.0788e-03 -8.4531e-01 +3.8205e-01 -2.8885e-01 -3.5539e-01 -3.3550e-01 -7.4052e-01 +6.1877e-01 +1.1981e+00
554 0 +9.984650764e+00 +1.010046508e+02 +1.010046508e+02 +1.7151e-01 +2.5262e-02 -8.7998e-01 +3.7346e-01 -2.2376e-01 -3.1709e-01 -2.9058e-01 -7.5117e-01 +7.0114e-01 +1.2006e+00
561 0 +9.036596809e+00 +1.000565968e+02 +1.000565968e+02 +1.8173e-01 +2.0277e-02 -9.0251e-01 +3.5543e-01 -2.3852e-01 -3.7626e-01 -2.6353e-01 -7.8896e-01 +6.8666e-01 +1.1872e+00
681 0 +8.727285334e+00 +9.974728533e+01 +9.974728533e+01 +1.7597e-01 +4.0580e-03 -8.7424e-01 +4.0078e-01 -2.5147e-01 -3.7518e-01 -3.0373e-01 -7.7616e-01 +6.4758e-01 +1.1986e+00
741 0 +8.486033444e+00 +9.950603344e+01 +9.950603344e+01 +1.9740e-01 +2.9716e-02 -8.6784e-01 +4.0791e-01 -2.7165e-01 -3.6085e-01 -2.8491e-01 -7.4328e-01 +6.3445e-01 +1.1985e+00
825 0 +8.217295923e+00 +9.923729592e+01 +9.923729592e+01 +2.0182e-01 -3.2131e-03 -8.9581e-01 +4.1050e-01 -2.7404e-01 -3.5423e-01 -3.3054e-01 -7.5626e-01 +6.4196e-01 +1.2108e+00
868 0 +8.077360518e+00 +9.909736052e+01 +9.909736052e+01 +1.9635e-01 +3.2126e-03 -9.0100e-01 +4.0110e-01 -2.6082e-01 -3.7431e-01 -3.1217e-01 -7.6417e-01 +6.5882e-01 +1.2154e+00
951 0 +7.901475842e+00 +9.892147584e+01 +9.892147584e+01 +2.1157e-01 +1.2169e-02 -8.9073e-01 +4.1231e-01 -2.8168e-01 -3.5939e-01 -3.0906e-01 -7.6008e-01 +6.5056e-01 +1.2127e+00
1000 0 +7.667571587e+00 +9.868757159e+01 +9.868757159e+01 +2.1484e-01 +1.2648e-02 -8.9202e-01 +4.0831e-01 -2.8254e-01 -3.6266e-01 -3.0616e-01 -7.5975e-01 +6.5391e-01 +1.2118e+00
1501 0 +7.576512159e+00 +9.859651216e+01 +9.859651216e+01 +2.0242e-01 +1.3363e-02 -8.9524e-01 +4.0838e-01 -2.8377e-01 -3.6319e-01 -3.0187e-01 -7.6071e-01 +6.4858e-01 +1.2158e+00
% f evaluations | g evaluations | best noise-free fitness - Fopt (7.324200000000e+02) + sum g_i+ | measured fitness | best measured fitness or single-digit g-values | x1 | x2...
1 0 +3.947388154e+01 +7.718938815e+02 +7.718938815e+02 +0.0000e+00 +0.0000e+00 +0.0000e+00 +0.0000e+00 +0.0000e+00 +0.0000e+00 +0.0000e+00 +0.0000e+00 +0.0000e+00 +0.0000e+00
6 0 +3.712346087e+01 +7.695434609e+02 +7.695434609e+02 +1.8723e-01 -2.5702e-01 +1.5212e-01 +1.5671e-02 +5.1476e-01 -6.3323e-02 +3.7553e-01 -3.4671e-01 +9.3874e-02 -2.1343e-01
18 0 +3.578136268e+01 +7.682013627e+02 +7.682013627e+02 -8.0892e-02 -5.8449e-01 -2.2299e-01 -2.4992e-01 -1.6109e-02 +5.9260e-01 -1.2434e-01 -3.8758e-01 +2.3452e-01 -2.1847e-01
27 0 +3.149290549e+01 +7.639129055e+02 +7.639129055e+02 +5.2801e-02 -3.7038e-01 -3.3205e-01 -2.6086e-01 -1.1732e-01 +2.5211e-01 +4.3312e-01 -9.6150e-02 -6.5601e-01 +3.2652e-01
77 0 +2.913123826e+01 +7.615512383e+02 +7.615512383e+02 +1.6114e+00 -8.0194e-01 -7.3566e-01 -6.4700e-02 -1.2572e+00 +7.9382e-01 +2.3248e-03 +4.3810e-03 -4.4720e-01 +9.6986e-01
153 0 +2.872260803e+01 +7.611426080e+02 +7.611426080e+02 -2.1516e-02 -1.3024e+00 -6.3683e-01 -1.2342e+00 -1.4782e+00 +5.9032e-01 +5.9294e-01 +3.0978e-01 -8.1239e-01 +7.2598e-01
264 0 +2.789163612e+01 +7.603116361e+02 +7.603116361e+02 -1.0629e+00 -1.0867e+00 -3.4005e-01 -7.3250e-01 -9.5673e-01 -9.9006e-05 +2.2346e+00 +3.9989e-01 -1.0426e+00 +5.6791e-02
273 0 +2.694377897e+01 +7.593637790e+02 +7.593637790e+02 -8.6901e-01 -8.2392e-01 -2.5068e-01 -5.4053e-01 -8.3611e-01 -2.1834e-01 +2.3205e+00 +9.7010e-03 -5.1661e-01 +8.9234e-02
282 0 +2.227482266e+01 +7.546948227e+02 +7.546948227e+02 -1.2861e+00 -9.9571e-01 +8.3987e-03 -5.0361e-01 -8.4701e-01 -1.8934e-01 +2.2562e+00 +9.7263e-01 -1.1374e+00 -4.3019e-01
577 0 +1.985695672e+01 +7.522769567e+02 +7.522769567e+02 -2.3324e+00 -2.4143e-01 +1.6509e-01 +7.8932e-01 -9.2474e-01 +2.8102e-01 +2.1913e+00 +5.1580e-01 -3.2904e-01 -7.4039e-01
634 0 +1.803863532e+01 +7.504586353e+02 +7.504586353e+02 -2.4547e+00 -9.5901e-02 +4.2842e-01 +1.0972e+00 -9.6588e-01 +4.4173e-01 +2.5017e+00 +7.9656e-01 -5.8615e-01 -5.1779e-01
657 0 +1.744626497e+01 +7.498662650e+02 +7.498662650e+02 -2.9031e+00 +1.0472e-01 +4.2585e-01 +1.4646e+00 -9.9086e-01 +6.0847e-01 +2.3464e+00 +1.0545e+00 -3.5447e-01 -7.1872e-01
661 0 +1.601530071e+01 +7.484353007e+02 +7.484353007e+02 -2.7495e+00 -3.3629e-02 +4.2936e-01 +1.3554e+00 -1.0661e+00 +7.0515e-01 +2.2275e+00 +1.0132e+00 -3.6487e-01 -6.3021e-01
664 0 +1.580655204e+01 +7.482265520e+02 +7.482265520e+02 -2.9228e+00 +6.0902e-02 +7.4115e-01 +1.2232e+00 -9.5979e-01 +5.7451e-01 +1.9016e+00 +9.5309e-01 -3.3514e-01 -1.0072e+00
700 0 +1.426444965e+01 +7.466844497e+02 +7.466844497e+02 -3.3773e+00 -6.7334e-02 +8.4171e-01 +1.8538e+00 -1.2098e+00 +1.4008e+00 +2.1946e+00 +1.2853e+00 -5.7205e-01 -8.3081e-01
701 0 +1.408631037e+01 +7.465063104e+02 +7.465063104e+02 -2.9446e+00 -1.8974e-01 +5.1796e-01 +1.4731e+00 -1.1516e+00 +9.7624e-01 +2.3027e+00 +1.1055e+00 -4.5449e-01 -5.6451e-01
1205 0 +1.328661678e+01 +7.457066168e+02 +7.457066168e+02 -2.8550e+00 +1.2629e-01 +5.2476e-01 +1.8900e+00 -1.6053e+00 +1.2115e+00 +2.1059e+00 +1.4489e+00 -1.5705e-01 -2.5525e-01
1252 0 +1.309760139e+01 +7.455176014e+02 +7.455176014e+02 -2.8655e+00 +1.6066e-01 +6.3428e-01 +1.9264e+00 -1.5553e+00 +1.0954e+00 +2.1243e+00 +1.5025e+00 -1.7888e-01 -2.0400e-01
1262 0 +1.208682871e+01 +7.445068287e+02 +7.445068287e+02 -2.8301e+00 +1.2849e-01 +6.3998e-01 +1.9119e+00 -1.6011e+00 +1.0841e+00 +2.1199e+00 +1.4970e+00 -2.0581e-01 -1.9528e-01
1321 0 +1.191403255e+01 +7.443340325e+02 +7.443340325e+02 -2.8430e+00 +1.4621e-01 +6.1182e-01 +1.9126e+00 -1.5848e+00 +1.1017e+00 +2.1282e+00 +1.5019e+00 -2.0051e-01 -2.1342e-01
1341 0 +1.174364765e+01 +7.441636477e+02 +7.441636477e+02 -2.8495e+00 +1.3905e-01 +6.1680e-01 +1.9186e+00 -1.5927e+00 +1.0903e+00 +2.1126e+00 +1.5154e+00 -1.9625e-01 -2.1283e-01
1551 0 +1.144815080e+01 +7.438681508e+02 +7.438681508e+02 -2.8593e+00 +1.2828e-01 +6.1466e-01 +1.9246e+00 -1.5753e+00 +1.0833e+00 +2.1096e+00 +1.5117e+00 -2.0021e-01 -2.2236e-01
1865 0 +1.118710980e+01 +7.436071098e+02 +7.436071098e+02 -2.8487e+00 +1.3467e-01 +6.2188e-01 +1.9340e+00 -1.5708e+00 +1.0731e+00 +2.1189e+00 +1.5156e+00 -2.0042e-01 -2.0210e-01
1960 0 +1.089726542e+01 +7.433172654e+02 +7.433172654e+02 -2.8443e+00 +1.3379e-01 +6.3166e-01 +1.9308e+00 -1.5655e+00 +1.0652e+00 +2.1276e+00 +1.5128e+00 -1.9873e-01 -1.9238e-01
2064 0 +1.070343555e+01 +7.431234355e+02 +7.431234355e+02 -2.8440e+00 +1.3155e-01 +6.3657e-01 +1.9210e+00 -1.5668e+00 +1.0568e+00 +2.1278e+00 +1.5035e+00 -1.9699e-01 -1.7507e-01
% f evaluations | g evaluations | best noise-free fitness - Fopt (3.542000000000e+01) + sum g_i+ | measured fitness | best measured fitness or single-digit g-values | x1 | x2...
1 0 +1.985277241e+02 +2.339477241e+02 +2.339477241e+02 +0.0000e+00 +0.0000e+00 +0.0000e+00 +0.0000e+00 +0.0000e+00 +0.0000e+00 +0.0000e+00 +0.0000e+00 +0.0000e+00 +0.0000e+00
2 0 +1.595127071e+02 +1.949327071e+02 +1.949327071e+02 +4.3379e-01 +3.0692e-02 +9.8026e-02 +3.4094e-01 +2.4727e-01 +1.7369e-01 -1.1375e-01 -3.0566e-01 +1.1285e-01 -1.5359e-01
3 0 +1.544719311e+02 +1.898919311e+02 +1.898919311e+02 +2.4817e-01 +6.3376e-02 -2.2359e-01 +8.0318e-02 +2.1275e-01 +5.3256e-02 -2.3477e-01 +7.8699e-02 +1.0710e-01 +2.4729e-01
4 0 +1.184853983e+02 +1.539053983e+02 +1.539053983e+02 +2.1661e-01 -2.7248e-01 -1.4933e-01 +1.8171e-01 -5.0930e-01 +2.3317e-01 -2.5183e-01 -1.2653e-01 +4.3300e-01 -1.9345e-02
13 0 +9.560783259e+01 +1.310278326e+02 +1.310278326e+02 +1.7769e-01 -1.2713e-01 +2.4906e-01 +1.8778e-02 -5.9411e-01 -1.9023e-01 -3.2260e-01 -6.1637e-01 -4.0887e-01 +4.3042e-01
44 0 +8.909122978e+01 +1.245112298e+02 +1.245112298e+02 +9.9492e-01 -3.3306e-01 -5.7388e-01 +2.0227e-01 -2.9150e-01 +1.0371e-01 +9.4493e-03 -1.8332e-01 +6.1395e-02 +6.7013e-01
55 0 +8.151001702e+01 +1.169300170e+02 +1.169300170e+02 +7.9212e-01 -3.1364e-01 -3.1696e-01 +3.8552e-01 -4.8129e-01 +1.7711e-02 -3.6897e-01 -2.0927e-01 +3.5291e-02 +2.1442e-01
69 0 +6.681482330e+01 +1.022348233e+02 +1.022348233e+02 +1.2008e+00 -3.1561e-01 -9.4347e-02 +3.8971e-01 -4.3812e-01 +4.2745e-01 -3.8910e-01 -7.3454e-02 +1.4435e-01 +6.4545e-01
72 0 +5.971692129e+01 +9.513692129e+01 +9.513692129e+01 +1.1242e+00 -5.5901e-01 -4.6078e-01 +6.4685e-01 -2.2775e-01 +4.8327e-01 -8.0660e-01 -2.5211e-01 -1.3525e-01 +1.0980e+00
99 0 +5.573473711e+01 +9.115473711e+01 +9.115473711e+01 +1.4684e+00 -3.8914e-01 +1.1779e-01 +6.4633e-01 -2.2396e-01 +1.1513e+00 -1.2938e+00 -6.6369e-02 +1.1683e-01 +1.4137e+00
120 0 +5.433580103e+01 +8.975580103e+01 +8.975580103e+01 +1.5413e+00 -7.2499e-01 -6.8385e-01 +9.4350e-01 -4.9491e-01 +3.3708e-01 -1.3706e+00 -1.1030e-02 +2.5591e-01 +1.6861e+00
143 0 +4.748414307e+01 +8.290414307e+01 +8.290414307e+01 +2.3266e+00 -7.1794e-01 -4.5814e-01 +1.4860e+00 -2.4847e-01 +5.4196e-01 -1.7370e+00 -1.2633e+00 -2.2943e-01 +2.0327e+00
162 0 +3.602814775e+01 +7.144814775e+01 +7.144814775e+01 +1.8522e+00 -9.0452e-01 -8.8118e-01 +3.8880e-01 +9.1054e-02 +2.0621e-01 -1.3378e+00 -1.4882e+00 -6.1537e-01 +1.9606e+00
217 0 +3.533136156e+01 +7.075136156e+01 +7.075136156e+01 +1.0110e+00 -1.1234e+00 -2.8106e-01 +5.8886e-01 +4.6821e-02 +3.2252e-01 -1.9831e+00 -1.0192e+00 -5.0374e-01 +1.7393e+00
230 0 +3.224090847e+01 +6.766090847e+01 +6.766090847e+01 +1.8104e+00 -1.5515e+00 -2.6787e-01 +9.9111e-01 -8.7358e-02 +2.6825e-01 -2.7890e+00 -1.4114e+00 -9.1892e-01 +2.2779e+00
262 0 +3.136100978e+01 +6.678100978e+01 +6.678100978e+01 +1.7882e+00 -1.2144e+00 -2.8088e-01 +2.8945e-01 +4.9374e-01 -7.0982e-02 -2.0576e+00 -1.8216e+00 -1.0051e-01 +1.2644e+00
305 0 +2.816909049e+01 +6.358909049e+01 +6.358909049e+01 +2.9894e+00 -1.7583e+00 -6.3327e-01 +6.4251e-02 +2.9016e-01 +2.0395e-01 -2.7668e+00 -2.2502e+00 -5.2200e-01 +2.0138e+00
320 0 +2.511974124e+01 +6.053974124e+01 +6.053974124e+01 +2.1412e+00 -2.5390e+00 -6.0676e-01 +6.9356e-02 -1.9431e-01 +5.6447e-01 -3.1099e+00 -2.5367e+00 -8.4779e-01 +1.8486e+00
370 0 +2.090035402e+01 +5.632035402e+01 +5.632035402e+01 +2.8319e+00 -2.1263e+00 -7.3351e-01 +5.9753e-01 +2.7121e-01 +7.9011e-01 -3.1307e+00 -3.1723e+00 -1.6898e+00 +1.7291e+00
493 0 +1.833787353e+01 +5.375787353e+01 +5.375787353e+01 +2.8950e+00 -1.6526e+00 -2.2000e-01 +2.2225e-02 +4.6642e-01 +1.3463e+00 -1.2993e+00 -2.5679e+00 -4.7988e-01 -3.6584e-01
526 0 +1.729219602e+01 +5.271219602e+01 +5.271219602e+01 +3.0767e+00 -1.8281e+00 -3.9745e-01 +3.9447e-01 +5.3918e-01 +1.4164e+00 -1.2320e+00 -2.1208e+00 -2.2522e-01 -3.9356e-01
633 0 +1.604548085e+01 +5.146548085e+01 +5.146548085e+01 +4.0041e+00 -1.7083e+00 +6.9839e-01 +7.1312e-01 +7.9555e-01 +1.3025e+00 -1.9876e+00 -2.6562e+00 -9.4145e-01 -4.9408e-01
641 0 +1.533484061e+01 +5.075484061e+01 +5.075484061e+01 +4.2123e+00 -1.7360e+00 +4.6995e-01 +6.1367e-01 +5.2508e-01 +1.3393e+00 -1.7664e+00 -2.7923e+00 -8.2819e-01 -4.6484e-01
671 0 +1.164230399e+01 +4.706230399e+01 +4.706230399e+01 +4.0906e+00 -1.8068e+00 +5.0670e-01 +6.0079e-01 +4.4619e-01 +1.3485e+00 -2.0086e+00 -2.8904e+00 -9.2121e-01 -5.6244e-01
725 0 +1.095926507e+01 +4.637926507e+01 +4.637926507e+01 +4.3542e+00 -1.5730e+00 +9.8641e-01 +8.0072e-01 +1.3202e+00 +1.5978e+00 -2.0163e+00 -3.0646e+00 -1.1159e+00 -7.9945e-01
738 0 +9.399461126e+00 +4.481946113e+01 +4.481946113e+01 +4.3501e+00 -1.6551e+00 +6.7977e-01 +6.3812e-01 +9.9552e-01 +1.2768e+00 -1.9590e+00 -3.2598e+00 -1.3669e+00 -8.5024e-01
821 0 +8.283247589e+00 +4.370324759e+01 +4.370324759e+01 +4.4331e+00 -1.6326e+00 +9.2752e-01 +7.5968e-01 +1.5966e+00 +2.0013e+00 -1.9167e+00 -3.1555e+00 -1.5571e+00 -1.6116e+00
831 0 +8.075566705e+00 +4.349556670e+01 +4.349556670e+01 +4.4417e+00 -1.5793e+00 +7.7973e-01 +8.0059e-01 +1.5131e+00 +1.9309e+00 -2.0334e+00 -3.2331e+00 -1.6042e+00 -1.2662e+00
858 0 +7.235693443e+00 +4.265569344e+01 +4.265569344e+01 +4.5857e+00 -1.5548e+00 +7.1324e-01 +7.3382e-01 +1.4109e+00 +1.9991e+00 -1.8795e+00 -3.1368e+00 -1.3204e+00 -1.1818e+00
985 0 +6.102879085e+00 +4.152287908e+01 +4.152287908e+01 +4.3983e+00 -1.6426e+00 +8.1897e-01 +7.0291e-01 +1.4606e+00 +1.9567e+00 -1.9975e+00 -3.2100e+00 -1.4738e+00 -1.1514e+00
1171 0 +5.540147502e+00 +4.096014750e+01 +4.096014750e+01 +4.4203e+00 -1.6729e+00 +6.9380e-01 +6.9659e-01 +1.3231e+00 +1.8204e+00 -2.0847e+00 -3.2775e+00 -1.4524e+00 -1.1743e+00
1181 0 +5.101887882e+00 +4.052188788e+01 +4.052188788e+01 +4.3971e+00 -1.6815e+00 +6.7993e-01 +6.8545e-01 +1.3288e+00 +1.8342e+00 -2.0975e+00 -3.2568e+00 -1.4621e+00 -1.1809e+00
1299 0 +4.935621131e+00 +4.035562113e+01 +4.035562113e+01 +4.3756e+00 -1.7390e+00 +6.6736e-01 +6.4791e-01 +1.2994e+00 +1.8317e+00 -2.1136e+00 -3.2562e+00 -1.4589e+00 -1.1824e+00
1356 0 +4.865949773e+00 +4.028594977e+01 +4.028594977e+01 +4.3855e+00 -1.7396e+00 +6.6647e-01 +6.5817e-01 +1.3039e+00 +1.8304e+00 -2.1084e+00 -3.2569e+00 -1.4540e+00 -1.1894e+00
1429 0 +4.759129628e+00 +4.017912963e+01 +4.017912963e+01 +4.3956e+00 -1.7425e+00 +6.6789e-01 +6.6033e-01 +1.3030e+00 +1.8208e+00 -2.1176e+00 -3.2514e+00 -1.4620e+00 -1.1934e+00
1523 0 +4.656934187e+00 +4.007693419e+01 +4.007693419e+01 +4.3816e+00 -1.7493e+00 +6.5903e-01 +6.5202e-01 +1.3057e+00 +1.8280e+00 -2.1276e+00 -3.2493e+00 -1.4661e+00 -1.1830e+00
2306 0 +4.570660620e+00 +3.999066062e+01 +3.999066062e+01 +4.3798e+00 -1.7511e+00 +6.5883e-01 +6.5117e-01 +1.3081e+00 +1.8349e+00 -2.1264e+00 -3.2514e+00 -1.4668e+00 -1.1837e+00
5061 0 +4.466754969e+00 +3.988675497e+01 +3.988675497e+01 +4.3658e+00 -1.7588e+00 +6.7109e-01 +6.4046e-01 +1.3135e+00 +1.8404e+00 -2.1438e+00 -3.2419e+00 -1.4645e+00 -1.1790e+00
