% f evaluations | g evaluations | best noise-free fitness - Fopt (6.870000000000e+00) + sum g_i+ | measured fitness | best measured fitness or single-digit g-values | x1 | x2...
1 0 +1.700119263e+01 +2.387119263e+01 +2.387119263e+01 +0.0000e+00 +0.0000e+00 +0.0000e+00 +0.0000e+00 +0.0000e+00 +0.0000e+00 +0.0000e+00 +0.0000e+00 +0.0000e+00 +0.0000e+00
2 0 +3.778242784e+00 +1.064824278e+01 +1.064824278e+01 +4.3379e-01 +3.0692e-02 +9.8026e-02 +3.4094e-01 +2.4727e-01 +1.7369e-01 -1.1375e-01 -3.0566e-01 +1.1285e-01 -1.5359e-01
497 0 +3.554081885e+00 +1.042408189e+01 +1.042408189e+01 +2.2973e-01 +4.1474e-01 -7.2454e-01 -1.9589e-01 -5.6240e-01 +4.7784e-02 +3.7699e-02 -4.9958e-01 +3.7566e-01 +3.9908e-01
540 0 +3.539659022e+00 +1.040965902e+01 +1.040965902e+01 +2.7854e-01 +4.6237e-01 -6.5247e-01 -1.5751e-01 -6.1598e-01 +8.9231e-02 +3.4361e-02 -4.0444e-01 +4.1183e-01 +4.4161e-01
621 0 +2.663772316e+00 +9.533772316e+00 +9.533772316e+00 +1.6855e-01 +4.5923e-01 -6.4678e-01 -1.3724e-01 -5.5419e-01 -3.9385e-02 -4.0676e-03 -4.5215e-01 +4.2168e-01 +3.9050e-01
651 0 +2.448041543e+00 +9.318041543e+00 +9.318041543e+00 +1.9157e-01 +4.4607e-01 -6.8385e-01 -1.4221e-01 -5.6189e-01 -7.8587e-03 +1.6053e-02 -4.2205e-01 +3.8423e-01 +4.2368e-01
731 0 +2.249963038e+00 +9.119963038e+00 +9.119963038e+00 +2.1993e-01 +4.4729e-01 -6.5280e-01 -1.2149e-01 -5.4729e-01 +5.3659e-02 -2.5811e-03 -3.3995e-01 +3.5035e-01 +4.0704e-01
931 0 +2.042019524e+00 +8.912019524e+00 +8.912019524e+00 +1.8552e-01 +4.5331e-01 -6.8621e-01 -1.2790e-01 -5.3573e-01 +6.8980e-02 -4.2233e-02 -3.2953e-01 +3.6796e-01 +4.2256e-01
932 0 +1.680142492e+00 +8.550142492e+00 +8.550142492e+00 +1.8446e-01 +4.5467e-01 -6.8057e-01 -1.2630e-01 -5.3008e-01 +7.0557e-02 -4.9275e-02 -3.3014e-01 +3.6234e-01 +4.2459e-01
958 0 +1.438139662e+00 +8.308139662e+00 +8.308139662e+00 +1.7158e-01 +4.6124e-01 -6.9440e-01 -1.3558e-01 -5.2669e-01 +5.5869e-02 -5.3056e-02 -3.5009e-01 +3.6812e-01 +4.2582e-01
1011 0 +1.223112739e+00 +8.093112739e+00 +8.093112739e+00 +1.7990e-01 +4.5449e-01 -6.8528e-01 -1.2588e-01 -5.3298e-01 +6.5928e-02 -5.2345e-02 -3.3312e-01 +3.6063e-01 +4.2571e-01
1084 0 +1.109737959e+00 +7.979737959e+00 +7.979737959e+00 +1.7873e-01 +4.5259e-01 -6.9500e-01 -1.2692e-01 -5.3665e-01 +6.2065e-02 -5.9445e-02 -3.4467e-01 +3.6573e-01 +4.3225e-01
1126 0 +1.089431565e+00 +7.959431565e+00 +7.959431565e+00 +1.7712e-01 +4.5384e-01 -6.9880e-01 -1.2642e-01 -5.3874e-01 +6.4601e-02 -6.0163e-02 -3.4438e-01 +3.6211e-01 +4.3535e-01
1127 0 +9.230792468e-01 +7.793079247e+00 +7.793079247e+00 +1.8138e-01 +4.5024e-01 -6.9725e-01 -1.2796e-01 -5.2970e-01 +6.3216e-02 -6.1877e-02 -3.4528e-01 +3.6027e-01 +4.3639e-01
1131 0 +8.943707003e-01 +7.764370700e+00 +7.764370700e+00 +1.7925e-01 +4.5278e-01 -6.9638e-01 -1.2604e-01 -5.3387e-01 +6.3261e-02 -5.9976e-02 -3.4397e-01 +3.6365e-01 +4.3501e-01
1192 0 +8.319721660e-01 +7.701972166e+00 +7.701972166e+00 +1.7856e-01 +4.5105e-01 -7.0141e-01 -1.2895e-01 -5.3569e-01 +6.3964e-02 -6.3651e-02 -3.4608e-01 +3.6289e-01 +4.3487e-01
1201 0 +7.314192767e-01 +7.601419277e+00 +7.601419277e+00 +1.8086e-01 +4.5150e-01 -6.9987e-01 -1.2940e-01 -5.3757e-01 +6.4964e-02 -6.4569e-02 -3.4574e-01 +3.6507e-01 +4.3541e-01
1222 0 +6.980581243e-01 +7.568058124e+00 +7.568058124e+00 +1.8329e-01 +4.4976e-01 -7.0338e-01 -1.2993e-01 -5.3912e-01 +6.4207e-02 -6.4134e-02 -3.4567e-01 +3.6674e-01 +4.3545e-01
1231 0 +6.281623008e-01 +7.498162301e+00 +7.498162301e+00 +1.8306e-01 +4.5019e-01 -7.0085e-01 -1.2970e-01 -5.3698e-01 +6.4660e-02 -6.5214e-02 -3.4531e-01 +3.6398e-01 +4.3516e-01
1281 0 +6.129927711e-01 +7.482992771e+00 +7.482992771e+00 +1.8427e-01 +4.5153e-01 -6.9996e-01 -1.3004e-01 -5.3370e-01 +6.4402e-02 -6.5543e-02 -3.4447e-01 +3.6188e-01 +4.3469e-01
1411 0 +6.016650607e-01 +7.471665061e+00 +7.471665061e+00 +1.8497e-01 +4.5094e-01 -6.9970e-01 -1.3041e-01 -5.3705e-01 +6.6154e-02 -6.3933e-02 -3.4530e-01 +3.6481e-01 +4.3397e-01
1421 0 +5.874355144e-01 +7.457435514e+00 +7.457435514e+00 +1.8523e-01 +4.5142e-01 -6.9994e-01 -1.2997e-01 -5.3655e-01 +6.6537e-02 -6.3823e-02 -3.4469e-01 +3.6470e-01 +4.3407e-01
1432 0 +5.703822651e-01 +7.440382265e+00 +7.440382265e+00 +1.8447e-01 +4.5153e-01 -7.0003e-01 -1.3033e-01 -5.3611e-01 +6.5814e-02 -6.3900e-02 -3.4501e-01 +3.6392e-01 +4.3493e-01
1464 0 +5.462337523e-01 +7.416233752e+00 +7.416233752e+00 +1.8419e-01 +4.5134e-01 -6.9974e-01 -1.3056e-01 -5.3629e-01 +6.6707e-02 -6.2356e-02 -3.4469e-01 +3.6432e-01 +4.3406e-01
1480 0 +5.282654909e-01 +7.398265491e+00 +7.398265491e+00 +1.8399e-01 +4.5135e-01 -7.0049e-01 -1.3089e-01 -5.3606e-01 +6.6820e-02 -6.3275e-02 -3.4522e-01 +3.6434e-01 +4.3501e-01
1481 0 +5.190436092e-01 +7.389043609e+00 +7.389043609e+00 +1.8425e-01 +4.5126e-01 -6.9928e-01 -1.3095e-01 -5.3586e-01 +6.6547e-02 -6.2697e-02 -3.4518e-01 +3.6371e-01 +4.3430e-01
1491 0 +4.799385808e-01 +7.349938581e+00 +7.349938581e+00 +1.8427e-01 +4.5149e-01 -6.9931e-01 -1.3082e-01 -5.3590e-01 +6.6544e-02 -6.2933e-02 -3.4517e-01 +3.6368e-01 +4.3472e-01
1531 0 +4.771991539e-01 +7.347199154e+00 +7.347199154e+00 +1.8345e-01 +4.5198e-01 -6.9889e-01 -1.3036e-01 -5.3527e-01 +6.6616e-02 -6.2669e-02 -3.4484e-01 +3.6337e-01 +4.3449e-01
1589 0 +4.636808789e-01 +7.333680879e+00 +7.333680879e+00 +1.8337e-01 +4.5186e-01 -6.9937e-01 -1.3029e-01 -5.3519e-01 +6.7351e-02 -6.2567e-02 -3.4499e-01 +3.6331e-01 +4.3458e-01
1641 0 +4.499684177e-01 +7.319968418e+00 +7.319968418e+00 +1.8360e-01 +4.5210e-01 -6.9932e-01 -1.3061e-01 -5.3470e-01 +6.7408e-02 -6.2786e-02 -3.4455e-01 +3.6317e-01 +4.3461e-01
1712 0 +4.368790514e-01 +7.306879051e+00 +7.306879051e+00 +1.8350e-01 +4.5226e-01 -6.9906e-01 -1.3075e-01 -5.3407e-01 +6.7707e-02 -6.2676e-02 -3.4443e-01 +3.6263e-01 +4.3452e-01
1727 0 +4.350565512e-01 +7.305056551e+00 +7.305056551e+00 +1.8344e-01 +4.5234e-01 -6.9893e-01 -1.3065e-01 -5.3409e-01 +6.7751e-02 -6.2494e-02 -3.4443e-01 +3.6279e-01 +4.3436e-01
1734 0 +4.179702298e-01 +7.287970230e+00 +7.287970230e+00 +1.8350e-01 +4.5224e-01 -6.9883e-01 -1.3080e-01 -5.3410e-01 +6.7715e-02 -6.2722e-02 -3.4445e-01 +3.6270e-01 +4.3436e-01
1813 0 +4.092259304e-01 +7.279225930e+00 +7.279225930e+00 +1.8371e-01 +4.5204e-01 -6.9888e-01 -1.3081e-01 -5.3383e-01 +6.7723e-02 -6.2754e-02 -3.4461e-01 +3.6225e-01 +4.3443e-01
1857 0 +4.028011834e-01 +7.272801183e+00 +7.272801183e+00 +1.8352e-01 +4.5218e-01 -6.9879e-01 -1.3073e-01 -5.3367e-01 +6.7727e-02 -6.2713e-02 -3.4456e-01 +3.6208e-01 +4.3447e-01
1957 0 +3.975656673e-01 +7.267565667e+00 +7.267565667e+00 +1.8359e-01 +4.5226e-01 -6.9878e-01 -1.3084e-01 -5.3343e-01 +6.7992e-02 -6.2745e-02 -3.4441e-01 +3.6200e-01 +4.3444e-01
2041 0 +3.884622064e-01 +7.258462206e+00 +7.258462206e+00 +1.8355e-01 +4.5223e-01 -6.9875e-01 -1.3082e-01 -5.3342e-01 +6.7970e-02 -6.2727e-02 -3.4442e-01 +3.6195e-01 +4.3438e-01
% f evaluations | g evaluations | best noise-free fitness - Fopt (1.000000000000e-02) + sum g_i+ | measured fitness | best measured fitness or single-digit g-values | x1 | x2...
1 0 +9.237923688e+00 +9.247923688e+00 +9.247923688e+00 +0.0000e+00 +0.0000e+00 +0.0000e+00 +0.0000e+00 +0.0000e+00 +0.0000e+00 +0.0000e+00 +0.0000e+00 +0.0000e+00 +0.0000e+00
3 0 +8.380208402e+00 +8.390208402e+00 +8.390208402e+00 +2.4817e-01 +6.3376e-02 -2.2359e-01 +8.0318e-02 +2.1275e-01 +5.3256e-02 -2.3477e-01 +7.8699e-02 +1.0710e-01 +2.4729e-01
5 0 +5.125399856e+00 +5.135399856e+00 +5.135399856e+00 -9.0564e-02 +8.4424e-02 -2.8183e-02 -1.8777e-01 +7.4957e-02 +6.4105e-01 +2.7589e-01 +1.3137e-01 +7.7185e-02 +2.3934e-01
21 0 +3.983754810e+00 +3.993754810e+00 +3.993754810e+00 -1.2444e-02 +1.7450e-01 -1.8222e-01 -1.9002e-01 +2.9210e-01 +2.1634e-01 +2.6451e-01 -1.4576e-01 +1.6720e-01 +3.0546e-01
289 0 +3.544475604e+00 +3.554475604e+00 +3.554475604e+00 +6.9414e-01 +3.7438e-01 -3.4072e-02 -3.0967e-01 +1.4618e-01 +2.1858e-01 +8.9645e-01 -4.4678e-01 +6.4567e-01 +4.8682e-01
697 0 +3.140204381e+00 +3.150204381e+00 +3.150204381e+00 +1.1333e+00 +8.4935e-01 -2.5930e-01 +4.2161e-02 -1.4144e-01 +3.9613e-01 +1.2851e+00 -2.6737e-01 +5.0689e-01 +4.8494e-01
908 0 +2.035454482e+00 +2.045454482e+00 +2.045454482e+00 +1.1192e+00 +9.1034e-01 -3.2399e-01 +3.0774e-02 -1.4376e-01 +3.3306e-01 +1.2684e+00 -2.8068e-01 +6.2092e-01 +5.1120e-01
994 0 +1.075341460e+00 +1.085341460e+00 +1.085341460e+00 +1.1123e+00 +9.1822e-01 -3.0506e-01 +4.4048e-02 -1.4503e-01 +3.3041e-01 +1.2740e+00 -2.7026e-01 +6.3451e-01 +4.9855e-01
1184 0 +7.729989363e-01 +7.829989363e-01 +7.829989363e-01 +1.1427e+00 +9.3771e-01 -3.1232e-01 +7.3849e-02 -1.7661e-01 +3.5489e-01 +1.2859e+00 -2.7097e-01 +6.3176e-01 +5.0042e-01
1265 0 +6.235374647e-01 +6.335374647e-01 +6.335374647e-01 +1.1486e+00 +9.3576e-01 -3.1230e-01 +7.2519e-02 -1.7288e-01 +3.5518e-01 +1.2878e+00 -2.7072e-01 +6.2973e-01 +4.9859e-01
1301 0 +6.124337168e-01 +6.224337168e-01 +6.224337168e-01 +1.1476e+00 +9.3699e-01 -3.0926e-01 +7.3450e-02 -1.7414e-01 +3.5517e-01 +1.2881e+00 -2.7203e-01 +6.3059e-01 +4.9711e-01
1321 0 +5.517521962e-01 +5.617521962e-01 +5.617521962e-01 +1.1484e+00 +9.3535e-01 -3.0966e-01 +7.4021e-02 -1.7438e-01 +3.5644e-01 +1.2890e+00 -2.7272e-01 +6.3075e-01 +4.9563e-01
1415 0 +4.108702083e-01 +4.208702083e-01 +4.208702083e-01 +1.1518e+00 +9.3557e-01 -3.0958e-01 +7.7670e-02 -1.7500e-01 +3.6131e-01 +1.2914e+00 -2.7393e-01 +6.2909e-01 +4.9065e-01
1441 0 +3.842208222e-01 +3.942208222e-01 +3.942208222e-01 +1.1521e+00 +9.3585e-01 -3.0985e-01 +7.6830e-02 -1.7381e-01 +3.6010e-01 +1.2924e+00 -2.7376e-01 +6.2898e-01 +4.9493e-01
1461 0 +3.513498403e-01 +3.613498403e-01 +3.613498403e-01 +1.1516e+00 +9.3478e-01 -3.0898e-01 +7.5646e-02 -1.7316e-01 +3.6060e-01 +1.2924e+00 -2.7317e-01 +6.2882e-01 +4.9324e-01
1635 0 +3.443044226e-01 +3.543044226e-01 +3.543044226e-01 +1.1495e+00 +9.3505e-01 -3.0830e-01 +7.5491e-02 -1.7259e-01 +3.5982e-01 +1.2902e+00 -2.7273e-01 +6.2852e-01 +4.9312e-01
1661 0 +3.237309689e-01 +3.337309689e-01 +3.337309689e-01 +1.1504e+00 +9.3565e-01 -3.0859e-01 +7.5859e-02 -1.7274e-01 +3.6038e-01 +1.2914e+00 -2.7226e-01 +6.2867e-01 +4.9268e-01
1751 0 +3.223912236e-01 +3.323912236e-01 +3.323912236e-01 +1.1501e+00 +9.3541e-01 -3.0881e-01 +7.5336e-02 -1.7254e-01 +3.6020e-01 +1.2909e+00 -2.7209e-01 +6.2851e-01 +4.9247e-01
1757 0 +2.901233099e-01 +3.001233099e-01 +3.001233099e-01 +1.1508e+00 +9.3572e-01 -3.0895e-01 +7.5879e-02 -1.7298e-01 +3.6077e-01 +1.2915e+00 -2.7219e-01 +6.2835e-01 +4.9287e-01
1771 0 +2.813855536e-01 +2.913855536e-01 +2.913855536e-01 +1.1503e+00 +9.3536e-01 -3.0880e-01 +7.5513e-02 -1.7269e-01 +3.6023e-01 +1.2907e+00 -2.7219e-01 +6.2841e-01 +4.9303e-01
2157 0 +2.744853093e-01 +2.844853093e-01 +2.844853093e-01 +1.1500e+00 +9.3529e-01 -3.0877e-01 +7.5113e-02 -1.7243e-01 +3.5986e-01 +1.2903e+00 -2.7188e-01 +6.2844e-01 +4.9333e-01
3372 0 +2.691505309e-01 +2.791505309e-01 +2.791505309e-01 +1.1502e+00 +9.3525e-01 -3.0880e-01 +7.5243e-02 -1.7257e-01 +3.6000e-01 +1.2903e+00 -2.7188e-01 +6.2845e-01 +4.9320e-01
3458 0 +2.628722261e-01 +2.728722261e-01 +2.728722261e-01 +1.1505e+00 +9.3518e-01 -3.0885e-01 +7.5403e-02 -1.7275e-01 +3.6019e-01 +1.2904e+00 -2.7188e-01 +6.2848e-01 +4.9305e-01
3509 0 +2.557159049e-01 +2.657159049e-01 +2.657159049e-01 +1.1512e+00 +9.3503e-01 -3.0895e-01 +7.5724e-02 -1.7312e-01 +3.6058e-01 +1.2905e+00 -2.7188e-01 +6.2853e-01 +4.9275e-01
6291 0 +2.511733415e-01 +2.611733415e-01 +2.611733415e-01 +1.1515e+00 +9.3497e-01 -3.0897e-01 +7.5827e-02 -1.7323e-01 +3.6071e-01 +1.2905e+00 -2.7189e-01 +6.2853e-01 +4.9264e-01
% f evaluations | g evaluations | best noise-free fitness - Fopt (-1.306100000000e+02) + sum g_i+ | measured fitness | best measured fitness or single-digit g-values | x1 | x2...
1 0 +1.631815340e+01 -1.142918466e+02 -1.142918466e+02 +0.0000e+00 +0.0000e+00 +0.0000e+00 +0.0000e+00 +0.0000e+00 +0.0000e+00 +0.0000e+00 +0.0000e+00 +0.0000e+00 +0.0000e+00
4 0 +1.499876931e+01 -1.156112307e+02 -1.156112307e+02 +2.1661e-01 -2.7248e-01 -1.4933e-01 +1.8171e-01 -5.0930e-01 +2.3317e-01 -2.5183e-01 -1.2653e-01 +4.3300e-01 -1.9345e-02
6 0 +9.998692438e+00 -1.206113076e+02 -1.206113076e+02 +1.8723e-01 -2.5702e-01 +1.5212e-01 +1.5671e-02 +5.1476e-01 -6.3323e-02 +3.7553e-01 -3.4671e-01 +9.3874e-02 -2.1343e-01
8 0 +8.558776978e+00 -1.220512230e+02 -1.220512230e+02 +6.0234e-01 +2.6527e-01 +2.8700e-01 -7.0577e-01 +5.2611e-01 +2.0125e-02 -3.9010e-01 +9.9670e-02 +3.8961e-01 -4.6269e-01
11 0 +5.825987723e+00 -1.247840123e+02 -1.247840123e+02 +2.2890e-01 -4.4950e-02 +6.5399e-02 -1.7404e-01 +1.5163e-01 +2.0775e-01 +2.3707e-03 -6.0549e-02 +2.4842e-01 -1.1403e-01
51 0 +5.266489177e+00 -1.253435108e+02 -1.253435108e+02 +5.5199e-01 +6.3184e-02 -4.3649e-02 -3.9026e-01 +8.8503e-02 +1.8136e-01 +2.3708e-01 -2.7327e-01 +6.2331e-01 +1.3813e-01
115 0 +4.673879739e+00 -1.259361203e+02 -1.259361203e+02 +3.0054e-01 +2.6539e-01 +1.2319e-01 -9.3626e-01 -7.3928e-01 +1.4797e-01 -9.1592e-02 -3.4026e-01 +1.1129e+00 +1.5200e-01
131 0 +4.073310738e+00 -1.265366893e+02 -1.265366893e+02 +4.3900e-01 +2.4199e-01 +2.4118e-01 -6.2774e-01 -5.8860e-01 -8.5842e-02 -2.7522e-01 -3.1480e-01 +9.8761e-01 +3.8045e-01
376 0 +2.695713548e+00 -1.279142865e+02 -1.279142865e+02 -1.3986e-01 +3.3528e-01 -5.8383e-01 -9.0178e-01 +3.0659e-01 +1.0279e+00 -1.7863e-02 -4.1631e-01 +1.0220e+00 +6.6985e-01
490 0 +2.380830584e+00 -1.282291694e+02 -1.282291694e+02 +9.2238e-02 +1.5447e-01 -7.9933e-01 -1.1220e+00 +7.9599e-01 +1.5097e+00 +4.4010e-01 -6.2318e-01 +1.2177e+00 +7.5076e-01
1157 0 +1.903529654e+00 -1.287064703e+02 -1.287064703e+02 +7.0122e-02 -3.2588e-02 -5.3725e-01 -1.3778e+00 +8.0796e-01 +1.4902e+00 +2.9432e-01 -4.3417e-01 +1.2732e+00 +6.8795e-01
1230 0 +1.857359550e+00 -1.287526404e+02 -1.287526404e+02 +6.8821e-02 -3.4827e-02 -5.3479e-01 -1.3804e+00 +8.0392e-01 +1.4851e+00 +2.8875e-01 -4.3285e-01 +1.2699e+00 +6.9213e-01
1266 0 +1.559212665e+00 -1.290507873e+02 -1.290507873e+02 +6.7631e-02 -3.5392e-02 -5.3732e-01 -1.3795e+00 +8.0645e-01 +1.4893e+00 +2.9246e-01 -4.3122e-01 +1.2675e+00 +6.9206e-01
1361 0 +1.493540181e+00 -1.291164598e+02 -1.291164598e+02 +6.9093e-02 -3.4345e-02 -5.3922e-01 -1.3776e+00 +8.0604e-01 +1.4904e+00 +2.9310e-01 -4.3140e-01 +1.2702e+00 +6.9250e-01
1391 0 +1.472380669e+00 -1.291376193e+02 -1.291376193e+02 +7.0843e-02 -3.4293e-02 -5.3882e-01 -1.3765e+00 +8.0592e-01 +1.4909e+00 +2.9363e-01 -4.3074e-01 +1.2710e+00 +6.9169e-01
1396 0 +1.436001295e+00 -1.291739987e+02 -1.291739987e+02 +7.0729e-02 -3.4216e-02 -5.3916e-01 -1.3766e+00 +8.0562e-01 +1.4918e+00 +2.9326e-01 -4.2991e-01 +1.2702e+00 +6.9337e-01
1411 0 +1.381493841e+00 -1.292285062e+02 -1.292285062e+02 +7.1512e-02 -3.4419e-02 -5.3875e-01 -1.3770e+00 +8.0644e-01 +1.4913e+00 +2.9356e-01 -4.3082e-01 +1.2715e+00 +6.9155e-01
1421 0 +1.361198009e+00 -1.292488020e+02 -1.292488020e+02 +7.1892e-02 -3.3684e-02 -5.3939e-01 -1.3763e+00 +8.0643e-01 +1.4919e+00 +2.9462e-01 -4.3106e-01 +1.2715e+00 +6.9138e-01
1441 0 +1.344533351e+00 -1.292654666e+02 -1.292654666e+02 +7.1832e-02 -3.3260e-02 -5.3956e-01 -1.3765e+00 +8.0622e-01 +1.4919e+00 +2.9517e-01 -4.3200e-01 +1.2725e+00 +6.9119e-01
1461 0 +1.274223003e+00 -1.293357770e+02 -1.293357770e+02 +7.1834e-02 -3.2772e-02 -5.3958e-01 -1.3762e+00 +8.0559e-01 +1.4923e+00 +2.9574e-01 -4.3199e-01 +1.2721e+00 +6.9096e-01
1471 0 +1.251283774e+00 -1.293587162e+02 -1.293587162e+02 +7.1476e-02 -3.2874e-02 -5.4004e-01 -1.3760e+00 +8.0568e-01 +1.4924e+00 +2.9591e-01 -4.3216e-01 +1.2720e+00 +6.9116e-01
1731 0 +1.225037427e+00 -1.293849626e+02 -1.293849626e+02 +7.1080e-02 -3.2517e-02 -5.3997e-01 -1.3761e+00 +8.0667e-01 +1.4922e+00 +2.9599e-01 -4.3246e-01 +1.2726e+00 +6.9048e-01
2021 0 +1.202217903e+00 -1.294077821e+02 -1.294077821e+02 +7.0958e-02 -3.2635e-02 -5.3992e-01 -1.3762e+00 +8.0656e-01 +1.4924e+00 +2.9578e-01 -4.3237e-01 +1.2724e+00 +6.9082e-01
% f evaluations | g evaluations | best noise-free fitness - Fopt (-2.231200000000e+02) + sum g_i+ | measured fitness | best measured fitness or single-digit g-values | x1 | x2...
1 0 +2.847414819e+01 -1.946458518e+02 -1.946458518e+02 +0.0000e+00 +0.0000e+00 +0.0000e+00 +0.0000e+00 +0.0000e+00 +0.0000e+00 +0.0000e+00 +0.0000e+00 +0.0000e+00 +0.0000e+00
2 0 +2.828492424e+01 -1.948350758e+02 -1.948350758e+02 +4.3379e-01 +3.0692e-02 +9.8026e-02 +3.4094e-01 +2.4727e-01 +1.7369e-01 -1.1375e-01 -3.0566e-01 +1.1285e-01 -1.5359e-01
3 0 +2.023141873e+01 -2.028885813e+02 -2.028885813e+02 +2.4817e-01 +6.3376e-02 -2.2359e-01 +8.0318e-02 +2.1275e-01 +5.3256e-02 -2.3477e-01 +7.8699e-02 +1.0710e-01 +2.4729e-01
4 0 +1.166451009e+01 -2.114554899e+02 -2.114554899e+02 +2.1661e-01 -2.7248e-01 -1.4933e-01 +1.8171e-01 -5.0930e-01 +2.3317e-01 -2.5183e-01 -1.2653e-01 +4.3300e-01 -1.9345e-02
9 0 +7.329957083e+00 -2.157900429e+02 -2.157900429e+02 +3.2075e-01 -8.8256e-02 -1.5931e-01 -1.1698e-01 -2.3584e-01 +6.5800e-02 +8.0156e-02 +3.1223e-01 +4.1734e-01 -8.7755e-02
56 0 +4.034653977e+00 -2.190853460e+02 -2.190853460e+02 +2.9737e-01 -1.1681e-01 +7.9093e-02 -3.2594e-01 +1.7988e-01 +4.1428e-01 +2.5473e-01 -5.7633e-02 +8.8508e-01 +6.9979e-01
294 0 +3.933510706e+00 -2.191864893e+02 -2.191864893e+02 -9.2105e-01 -9.6533e-02 -4.5305e-01 -3.3057e-01 -1.9566e-01 +5.9452e-01 +1.1222e+00 +2.2116e-02 -6.2432e-02 +7.7316e-01
749 0 +2.249465195e+00 -2.208705348e+02 -2.208705348e+02 -7.0854e-02 -5.1157e-02 -2.3466e-01 -8.5520e-02 -4.2809e-01 +8.6131e-01 +1.0970e+00 +2.3418e-01 -3.0860e-01 +6.5107e-01
1010 0 +2.114871752e+00 -2.210051282e+02 -2.210051282e+02 -1.2046e-01 +7.2320e-02 -3.3759e-01 -8.7270e-02 -3.9827e-01 +8.3347e-01 +1.1162e+00 +1.9182e-01 -3.1838e-01 +6.0606e-01
1023 0 +2.058225741e+00 -2.210617743e+02 -2.210617743e+02 -1.3020e-01 +7.1733e-02 -3.2831e-01 -1.1360e-01 -3.9928e-01 +8.2131e-01 +1.1528e+00 +1.9164e-01 -2.9371e-01 +5.9806e-01
1024 0 +1.713477086e+00 -2.214065229e+02 -2.214065229e+02 -1.3713e-01 +9.5397e-02 -3.4234e-01 -1.1145e-01 -4.0231e-01 +8.1496e-01 +1.1264e+00 +1.8072e-01 -3.0589e-01 +5.9033e-01
1047 0 +1.598909694e+00 -2.215210903e+02 -2.215210903e+02 -1.3882e-01 +8.4002e-02 -3.5371e-01 -1.1946e-01 -4.1437e-01 +8.0999e-01 +1.1518e+00 +1.7845e-01 -2.8940e-01 +6.0058e-01
1065 0 +1.057572125e+00 -2.220624279e+02 -2.220624279e+02 -1.3644e-01 +7.7905e-02 -3.5051e-01 -1.1570e-01 -4.0696e-01 +8.1295e-01 +1.1423e+00 +1.7123e-01 -3.1255e-01 +5.8941e-01
1243 0 +8.733533301e-01 -2.222466467e+02 -2.222466467e+02 -1.2603e-01 +6.2490e-02 -3.4573e-01 -1.1907e-01 -4.4006e-01 +7.8881e-01 +1.1287e+00 +1.8317e-01 -3.0282e-01 +6.1183e-01
1282 0 +8.255906675e-01 -2.222944093e+02 -2.222944093e+02 -1.2817e-01 +6.5895e-02 -3.4752e-01 -1.1783e-01 -4.3860e-01 +7.8944e-01 +1.1364e+00 +1.8492e-01 -2.9916e-01 +6.0913e-01
1350 0 +7.379508491e-01 -2.223820492e+02 -2.223820492e+02 -1.3098e-01 +6.0985e-02 -3.5655e-01 -1.2011e-01 -4.4727e-01 +7.8401e-01 +1.1407e+00 +1.7572e-01 -2.9823e-01 +6.0240e-01
1381 0 +6.852068594e-01 -2.224347931e+02 -2.224347931e+02 -1.2940e-01 +6.4560e-02 -3.5781e-01 -1.1916e-01 -4.4612e-01 +7.8333e-01 +1.1417e+00 +1.7874e-01 -2.9370e-01 +6.0218e-01
1435 0 +6.036828326e-01 -2.225163172e+02 -2.225163172e+02 -1.3051e-01 +6.6895e-02 -3.5777e-01 -1.1999e-01 -4.4245e-01 +7.8533e-01 +1.1498e+00 +1.7496e-01 -2.9233e-01 +5.9644e-01
1451 0 +5.621471804e-01 -2.225578528e+02 -2.225578528e+02 -1.3106e-01 +6.6533e-02 -3.5875e-01 -1.2060e-01 -4.4264e-01 +7.8274e-01 +1.1483e+00 +1.7425e-01 -2.9362e-01 +5.9588e-01
1531 0 +5.319587913e-01 -2.225880412e+02 -2.225880412e+02 -1.3229e-01 +6.6187e-02 -3.5828e-01 -1.1960e-01 -4.4246e-01 +7.8311e-01 +1.1484e+00 +1.7605e-01 -2.9420e-01 +5.9744e-01
1535 0 +4.881303823e-01 -2.226318696e+02 -2.226318696e+02 -1.3222e-01 +6.6761e-02 -3.5940e-01 -1.1858e-01 -4.4386e-01 +7.8229e-01 +1.1483e+00 +1.7672e-01 -2.9354e-01 +5.9664e-01
1555 0 +4.741959079e-01 -2.226458041e+02 -2.226458041e+02 -1.3297e-01 +6.7855e-02 -3.5935e-01 -1.1932e-01 -4.4258e-01 +7.8248e-01 +1.1487e+00 +1.7651e-01 -2.9301e-01 +5.9639e-01
1561 0 +4.130207936e-01 -2.227069792e+02 -2.227069792e+02 -1.3202e-01 +6.7125e-02 -3.5866e-01 -1.1894e-01 -4.4231e-01 +7.8316e-01 +1.1475e+00 +1.7628e-01 -2.9391e-01 +5.9696e-01
1621 0 +3.812921189e-01 -2.227387079e+02 -2.227387079e+02 -1.3342e-01 +6.9847e-02 -3.5904e-01 -1.1850e-01 -4.4023e-01 +7.8285e-01 +1.1489e+00 +1.7694e-01 -2.9233e-01 +5.9509e-01
1661 0 +3.635778421e-01 -2.227564222e+02 -2.227564222e+02 -1.3341e-01 +6.9962e-02 -3.5940e-01 -1.1837e-01 -4.4050e-01 +7.8268e-01 +1.1489e+00 +1.7757e-01 -2.9225e-01 +5.9542e-01
1680 0 +3.464873282e-01 -2.227735127e+02 -2.227735127e+02 -1.3463e-01 +7.1350e-02 -3.6005e-01 -1.1867e-01 -4.3967e-01 +7.8182e-01 +1.1495e+00 +1.7745e-01 -2.9141e-01 +5.9401e-01
1681 0 +3.242866218e-01 -2.227957134e+02 -2.227957134e+02 -1.3430e-01 +7.0871e-02 -3.5990e-01 -1.1834e-01 -4.3991e-01 +7.8231e-01 +1.1490e+00 +1.7812e-01 -2.9176e-01 +5.9497e-01
1721 0 +3.219493930e-01 -2.227980506e+02 -2.227980506e+02 -1.3371e-01 +7.0979e-02 -3.5967e-01 -1.1798e-01 -4.3993e-01 +7.8286e-01 +1.1496e+00 +1.7809e-01 -2.9179e-01 +5.9455e-01
1841 0 +3.123765632e-01 -2.228076234e+02 -2.228076234e+02 -1.3444e-01 +7.1252e-02 -3.5969e-01 -1.1856e-01 -4.3942e-01 +7.8214e-01 +1.1501e+00 +1.7803e-01 -2.9123e-01 +5.9454e-01
1871 0 +3.059103597e-01 -2.228140896e+02 -2.228140896e+02 -1.3458e-01 +7.1366e-02 -3.5967e-01 -1.1862e-01 -4.3933e-01 +7.8210e-01 +1.1501e+00 +1.7798e-01 -2.9124e-01 +5.9439e-01
1954 0 +3.018365056e-01 -2.228181635e+02 -2.228181635e+02 -1.3471e-01 +7.1644e-02 -3.5980e-01 -1.1863e-01 -4.3924e-01 +7.8199e-01 +1.1506e+00 +1.7784e-01 -2.9103e-01 +5.9398e-01
1982 0 +2.934491144e-01 -2.228265509e+02 -2.228265509e+02 -1.3498e-01 +7.1823e-02 -3.5976e-01 -1.1873e-01 -4.3896e-01 +7.8187e-01 +1.1508e+00 +1.7769e-01 -2.9081e-01 +5.9381e-01
2213 0 +2.877127756e-01 -2.228322872e+02 -2.228322872e+02 -1.3479e-01 +7.1726e-02 -3.5979e-01 -1.1867e-01 -4.3909e-01 +7.8194e-01 +1.1505e+00 +1.7769e-01 -2.9109e-01 +5.9381e-01
% f evaluations | g evaluations | best noise-free fitness - Fopt (-4.443000000000e+01) + sum g_i+ | measured fitness | best measured fitness or single-digit g-values | x1 | x2...
1 0 +1.456676615e+01 -2.986323385e+01 -2.986323385e+01 +0.0000e+00 +0.0000e+00 +0.0000e+00 +0.0000e+00 +0.0000e+00 +0.0000e+00 +0.0000e+00 +0.0000e+00 +0.0000e+00 +0.0000e+00
6 0 +1.157568994e+01 -3.285431006e+01 -3.285431006e+01 +1.8723e-01 -2.5702e-01 +1.5212e-01 +1.5671e-02 +5.1476e-01 -6.3323e-02 +3.7553e-01 -3.4671e-01 +9.3874e-02 -2.1343e-01
11 0 +1.146251592e+01 -3.296748408e+01 -3.296748408e+01 +1.6999e-01 -8.1289e-02 +3.7013e-02 -1.0284e-04 +9.8119e-02 +1.0298e-01 +3.3632e-02 -2.8824e-01 -9.1248e-04 -1.8816e-01
16 0 +1.110737584e+01 -3.332262416e+01 -3.332262416e+01 +3.2156e-01 -8.2637e-02 -2.0758e-01 +2.1167e-02 +1.0331e+00 -1.4299e-01 -8.1868e-04 -5.3548e-01 +3.6867e-01 +2.8017e-01
18 0 +8.864228009e+00 -3.556577199e+01 -3.556577199e+01 -2.0395e-01 -4.4728e-01 -2.5971e-01 -3.0586e-01 +6.1866e-02 +5.5940e-01 -3.5424e-02 -5.2629e-01 +1.7555e-01 -2.6206e-01
31 0 +7.031983576e+00 -3.739801642e+01 -3.739801642e+01 +2.6502e-01 +5.6700e-02 -1.5152e-01 +8.9658e-02 +2.3103e-01 +1.5920e-01 -9.9988e-02 -8.1654e-01 +9.7143e-02 +2.9297e-01
35 0 +2.670821725e+00 -4.175917827e+01 -4.175917827e+01 +3.6219e-01 -3.4760e-01 +7.1902e-03 +4.6748e-01 -1.4423e-01 +3.8317e-01 +3.2764e-01 -5.5472e-01 +6.9737e-02 +2.8231e-01
840 0 +2.306661366e+00 -4.212333863e+01 -4.212333863e+01 +5.9322e-01 -2.2891e-01 -6.0830e-01 +5.5517e-01 +8.0144e-02 +3.6094e-01 +3.2755e-01 -1.6424e+00 +1.2407e-01 +8.2976e-01
981 0 +2.079261262e+00 -4.235073874e+01 -4.235073874e+01 +5.9463e-01 -2.4388e-01 -6.1199e-01 +5.6315e-01 +7.8917e-02 +3.6360e-01 +3.1618e-01 -1.6491e+00 +1.0533e-01 +8.5649e-01
1048 0 +2.040583158e+00 -4.238941684e+01 -4.238941684e+01 +5.9775e-01 -2.3999e-01 -6.1088e-01 +5.7087e-01 +8.1285e-02 +3.6776e-01 +3.1979e-01 -1.6445e+00 +1.1393e-01 +8.5655e-01
1081 0 +1.614231628e+00 -4.281576837e+01 -4.281576837e+01 +5.9187e-01 -2.4417e-01 -6.1147e-01 +5.6970e-01 +7.6279e-02 +3.6539e-01 +3.1942e-01 -1.6456e+00 +1.0842e-01 +8.5614e-01
1675 0 +1.577685623e+00 -4.285231438e+01 -4.285231438e+01 +5.9318e-01 -2.4165e-01 -6.0927e-01 +5.8292e-01 +6.6802e-02 +3.5625e-01 +3.2227e-01 -1.6319e+00 +1.1479e-01 +8.5882e-01
1690 0 +1.546531709e+00 -4.288346829e+01 -4.288346829e+01 +5.9337e-01 -2.4178e-01 -6.0970e-01 +5.8273e-01 +6.7048e-02 +3.5631e-01 +3.2221e-01 -1.6318e+00 +1.1487e-01 +8.5888e-01
1901 0 +1.510682774e+00 -4.291931723e+01 -4.291931723e+01 +5.9262e-01 -2.4190e-01 -6.0963e-01 +5.8280e-01 +6.7157e-02 +3.5642e-01 +3.2272e-01 -1.6322e+00 +1.1477e-01 +8.5895e-01
2081 0 +1.476225548e+00 -4.295377445e+01 -4.295377445e+01 +5.9188e-01 -2.4186e-01 -6.0961e-01 +5.8286e-01 +6.7391e-02 +3.5636e-01 +3.2326e-01 -1.6323e+00 +1.1482e-01 +8.5880e-01
2149 0 +1.438743448e+00 -4.299125655e+01 -4.299125655e+01 +5.9098e-01 -2.4188e-01 -6.0966e-01 +5.8303e-01 +6.7413e-02 +3.5646e-01 +3.2387e-01 -1.6324e+00 +1.1502e-01 +8.5837e-01
2162 0 +1.381290563e+00 -4.304870944e+01 -4.304870944e+01 +5.9072e-01 -2.4177e-01 -6.0957e-01 +5.8317e-01 +6.7397e-02 +3.5627e-01 +3.2406e-01 -1.6322e+00 +1.1514e-01 +8.5820e-01
2181 0 +1.376276141e+00 -4.305372386e+01 -4.305372386e+01 +5.9063e-01 -2.4177e-01 -6.0948e-01 +5.8318e-01 +6.7461e-02 +3.5631e-01 +3.2421e-01 -1.6323e+00 +1.1515e-01 +8.5818e-01
2224 0 +1.346053575e+00 -4.308394643e+01 -4.308394643e+01 +5.8913e-01 -2.4154e-01 -6.0919e-01 +5.8370e-01 +6.7411e-02 +3.5598e-01 +3.2530e-01 -1.6319e+00 +1.1553e-01 +8.5746e-01
2246 0 +1.314810815e+00 -4.311518919e+01 -4.311518919e+01 +5.8842e-01 -2.4158e-01 -6.0922e-01 +5.8411e-01 +6.7125e-02 +3.5598e-01 +3.2566e-01 -1.6317e+00 +1.1589e-01 +8.5713e-01
2266 0 +1.286882865e+00 -4.314311714e+01 -4.314311714e+01 +5.8777e-01 -2.4149e-01 -6.0906e-01 +5.8412e-01 +6.7284e-02 +3.5593e-01 +3.2618e-01 -1.6319e+00 +1.1584e-01 +8.5688e-01
2861 0 +1.258852891e+00 -4.317114711e+01 -4.317114711e+01 +5.8766e-01 -2.4158e-01 -6.0921e-01 +5.8404e-01 +6.7261e-02 +3.5585e-01 +3.2601e-01 -1.6318e+00 +1.1568e-01 +8.5678e-01
% f evaluations | g evaluations | best noise-free fitness - Fopt (2.557800000000e+02) + sum g_i+ | measured fitness | best measured fitness or single-digit g-values | x1 | x2...
1 0 +2.397319266e+01 +2.797531927e+02 +2.797531927e+02 +0.0000e+00 +0.0000e+00 +0.0000e+00 +0.0000e+00 +0.0000e+00 +0.0000e+00 +0.0000e+00 +0.0000e+00 +0.0000e+00 +0.0000e+00
2 0 +1.801319427e+01 +2.737931943e+02 +2.737931943e+02 +4.3379e-01 +3.0692e-02 +9.8026e-02 +3.4094e-01 +2.4727e-01 +1.7369e-01 -1.1375e-01 -3.0566e-01 +1.1285e-01 -1.5359e-01
4 0 +9.617790784e+00 +2.653977908e+02 +2.653977908e+02 +2.1661e-01 -2.7248e-01 -1.4933e-01 +1.8171e-01 -5.0930e-01 +2.3317e-01 -2.5183e-01 -1.2653e-01 +4.3300e-01 -1.9345e-02
11 0 +8.710028218e+00 +2.644900282e+02 +2.644900282e+02 +1.1570e-01 -1.5708e-01 -2.4826e-02 -3.9909e-02 -9.1025e-02 +1.1785e-01 -8.8883e-04 -2.4346e-01 +7.9125e-02 -1.5460e-01
34 0 +6.450055985e+00 +2.622300560e+02 +2.622300560e+02 +7.9960e-01 +1.1731e-01 -2.9787e-01 -2.9458e-01 -7.0763e-02 +4.2693e-01 +3.1229e-01 -4.6380e-01 -2.6641e-01 +2.2671e-01
37 0 +6.142373923e+00 +2.619223739e+02 +2.619223739e+02 +4.5353e-01 +9.8514e-02 -5.2657e-01 -1.5595e-01 -5.1809e-01 +3.7660e-02 +3.2899e-01 -4.3667e-01 -8.0818e-01 +5.9452e-01
50 0 +5.247789338e+00 +2.610277893e+02 +2.610277893e+02 +9.3083e-01 +2.0432e-01 -1.5726e-01 +1.1354e-01 +5.1622e-02 +1.0946e-01 +3.1151e-01 +8.7099e-02 -6.3450e-01 +5.7338e-01
153 0 +5.100844480e+00 +2.608808445e+02 +2.608808445e+02 +7.6878e-01 +3.7005e-01 -6.7113e-01 -6.6643e-01 -8.5684e-01 +2.0617e-02 -4.4456e-02 -1.9799e-01 -6.1719e-01 +9.5886e-01
162 0 +4.889655762e+00 +2.606696558e+02 +2.606696558e+02 +9.6969e-01 +2.6708e-01 -1.0446e+00 -7.7947e-01 -6.5142e-01 -2.5590e-01 +2.9781e-02 -4.2848e-01 -4.4106e-01 +1.0712e+00
269 0 +3.523126077e+00 +2.593031261e+02 +2.593031261e+02 +1.0737e+00 +1.1747e-01 -1.1553e+00 -7.4977e-01 -5.7813e-01 -3.5891e-01 -1.5013e-01 -1.0675e-01 -5.3797e-01 +1.1703e+00
836 0 +3.363645574e+00 +2.591436456e+02 +2.591436456e+02 +1.3767e+00 +6.0658e-01 -1.4112e+00 -5.4794e-01 -8.7879e-01 -8.8294e-02 +3.3039e-01 -2.6158e-01 -6.2164e-01 +1.5496e+00
839 0 +3.203885539e+00 +2.589838855e+02 +2.589838855e+02 +1.4191e+00 +6.5132e-01 -1.3996e+00 -5.1069e-01 -8.6439e-01 -7.9721e-02 +3.4044e-01 -2.3667e-01 -6.2468e-01 +1.5603e+00
841 0 +2.677389343e+00 +2.584573893e+02 +2.584573893e+02 +1.3951e+00 +6.3921e-01 -1.4086e+00 -5.3006e-01 -8.6715e-01 -7.9595e-02 +3.3128e-01 -2.4938e-01 -6.2542e-01 +1.5584e+00
851 0 +1.895893874e+00 +2.576758939e+02 +2.576758939e+02 +1.4044e+00 +6.4352e-01 -1.4140e+00 -5.3318e-01 -8.6599e-01 -7.2086e-02 +3.2748e-01 -2.4482e-01 -6.2641e-01 +1.5662e+00
957 0 +1.757694201e+00 +2.575376942e+02 +2.575376942e+02 +1.4069e+00 +6.2579e-01 -1.4097e+00 -5.5083e-01 -8.9887e-01 -8.5365e-02 +3.1988e-01 -2.6082e-01 -5.9272e-01 +1.5506e+00
981 0 +1.503815180e+00 +2.572838152e+02 +2.572838152e+02 +1.4051e+00 +6.2922e-01 -1.4039e+00 -5.4486e-01 -8.9811e-01 -8.5019e-02 +3.2360e-01 -2.4356e-01 -5.9311e-01 +1.5615e+00
991 0 +1.158374053e+00 +2.569383741e+02 +2.569383741e+02 +1.4060e+00 +6.2875e-01 -1.3996e+00 -5.4465e-01 -8.9450e-01 -9.4063e-02 +3.2430e-01 -2.4984e-01 -5.9076e-01 +1.5639e+00
1076 0 +1.103073260e+00 +2.568830733e+02 +2.568830733e+02 +1.3821e+00 +6.2216e-01 -1.3966e+00 -5.4178e-01 -8.8384e-01 -9.5522e-02 +3.1675e-01 -2.6680e-01 -6.0720e-01 +1.5523e+00
1095 0 +1.045655548e+00 +2.568256555e+02 +2.568256555e+02 +1.3985e+00 +6.3836e-01 -1.4013e+00 -5.4084e-01 -9.0007e-01 -1.0100e-01 +3.1821e-01 -2.5856e-01 -5.9718e-01 +1.5624e+00
1129 0 +9.852682021e-01 +2.567652682e+02 +2.567652682e+02 +1.3946e+00 +6.3208e-01 -1.4001e+00 -5.3355e-01 -8.8887e-01 -1.0772e-01 +3.1508e-01 -2.6509e-01 -5.9610e-01 +1.5675e+00
1131 0 +9.323619284e-01 +2.567123619e+02 +2.567123619e+02 +1.3905e+00 +6.3096e-01 -1.4029e+00 -5.3699e-01 -8.9138e-01 -1.0910e-01 +3.1620e-01 -2.6838e-01 -5.9676e-01 +1.5659e+00
1140 0 +8.317969382e-01 +2.566117969e+02 +2.566117969e+02 +1.3879e+00 +6.3493e-01 -1.4030e+00 -5.3339e-01 -8.9107e-01 -1.1009e-01 +3.1209e-01 -2.7075e-01 -5.9697e-01 +1.5716e+00
1141 0 +6.856593730e-01 +2.564656594e+02 +2.564656594e+02 +1.3894e+00 +6.3145e-01 -1.4000e+00 -5.3513e-01 -8.8932e-01 -1.1357e-01 +3.1616e-01 -2.6776e-01 -5.9418e-01 +1.5693e+00
1151 0 +6.745302533e-01 +2.564545303e+02 +2.564545303e+02 +1.3889e+00 +6.3373e-01 -1.3970e+00 -5.3108e-01 -8.8741e-01 -1.1378e-01 +3.1510e-01 -2.6605e-01 -5.9806e-01 +1.5705e+00
1233 0 +6.280894506e-01 +2.564080895e+02 +2.564080895e+02 +1.3924e+00 +6.3119e-01 -1.4002e+00 -5.3194e-01 -8.8710e-01 -1.1281e-01 +3.1511e-01 -2.6323e-01 -5.9635e-01 +1.5734e+00
1281 0 +5.942552378e-01 +2.563742552e+02 +2.563742552e+02 +1.3941e+00 +6.2990e-01 -1.3963e+00 -5.2961e-01 -8.8655e-01 -1.1551e-01 +3.1576e-01 -2.6432e-01 -6.0083e-01 +1.5698e+00
1296 0 +5.662559334e-01 +2.563462559e+02 +2.563462559e+02 +1.3910e+00 +6.3132e-01 -1.3980e+00 -5.3079e-01 -8.8517e-01 -1.1811e-01 +3.1725e-01 -2.6548e-01 -5.9793e-01 +1.5707e+00
1323 0 +5.257457065e-01 +2.563057457e+02 +2.563057457e+02 +1.3940e+00 +6.3055e-01 -1.3961e+00 -5.3036e-01 -8.8602e-01 -1.1528e-01 +3.1666e-01 -2.6421e-01 -5.9749e-01 +1.5714e+00
1382 0 +5.244239564e-01 +2.563044240e+02 +2.563044240e+02 +1.3953e+00 +6.3167e-01 -1.3970e+00 -5.2994e-01 -8.8721e-01 -1.1781e-01 +3.1511e-01 -2.6436e-01 -5.9717e-01 +1.5728e+00
1384 0 +5.109456895e-01 +2.562909457e+02 +2.562909457e+02 +1.3942e+00 +6.3167e-01 -1.3970e+00 -5.3051e-01 -8.8766e-01 -1.1871e-01 +3.1616e-01 -2.6671e-01 -5.9702e-01 +1.5727e+00
1432 0 +4.992962787e-01 +2.562792963e+02 +2.562792963e+02 +1.3943e+00 +6.3171e-01 -1.3967e+00 -5.3019e-01 -8.8673e-01 -1.1655e-01 +3.1633e-01 -2.6629e-01 -5.9784e-01 +1.5717e+00
1439 0 +4.871373115e-01 +2.562671373e+02 +2.562671373e+02 +1.3943e+00 +6.3078e-01 -1.3963e+00 -5.3096e-01 -8.8600e-01 -1.1636e-01 +3.1626e-01 -2.6714e-01 -5.9677e-01 +1.5703e+00
1444 0 +4.742324112e-01 +2.562542324e+02 +2.562542324e+02 +1.3937e+00 +6.3022e-01 -1.3969e+00 -5.3140e-01 -8.8659e-01 -1.1708e-01 +3.1639e-01 -2.6867e-01 -5.9582e-01 +1.5722e+00
1451 0 +4.271850888e-01 +2.562071851e+02 +2.562071851e+02 +1.3935e+00 +6.2996e-01 -1.3965e+00 -5.3121e-01 -8.8627e-01 -1.1626e-01 +3.1604e-01 -2.6718e-01 -5.9652e-01 +1.5703e+00
1481 0 +4.178328714e-01 +2.561978329e+02 +2.561978329e+02 +1.3939e+00 +6.3034e-01 -1.3968e+00 -5.3169e-01 -8.8630e-01 -1.1620e-01 +3.1657e-01 -2.6722e-01 -5.9651e-01 +1.5710e+00
1592 0 +4.107638030e-01 +2.561907638e+02 +2.561907638e+02 +1.3927e+00 +6.3097e-01 -1.3971e+00 -5.3097e-01 -8.8614e-01 -1.1616e-01 +3.1624e-01 -2.6707e-01 -5.9693e-01 +1.5709e+00
1596 0 +4.008587526e-01 +2.561808588e+02 +2.561808588e+02 +1.3930e+00 +6.3042e-01 -1.3973e+00 -5.3056e-01 -8.8580e-01 -1.1650e-01 +3.1630e-01 -2.6682e-01 -5.9697e-01 +1.5707e+00
1634 0 +3.953156507e-01 +2.561753157e+02 +2.561753157e+02 +1.3934e+00 +6.3047e-01 -1.3973e+00 -5.3107e-01 -8.8579e-01 -1.1635e-01 +3.1639e-01 -2.6667e-01 -5.9623e-01 +1.5706e+00
1641 0 +3.833005191e-01 +2.561633005e+02 +2.561633005e+02 +1.3934e+00 +6.3047e-01 -1.3970e+00 -5.3078e-01 -8.8586e-01 -1.1667e-01 +3.1628e-01 -2.6682e-01 -5.9635e-01 +1.5708e+00
1662 0 +3.740159043e-01 +2.561540159e+02 +2.561540159e+02 +1.3933e+00 +6.3026e-01 -1.3972e+00 -5.3113e-01 -8.8571e-01 -1.1646e-01 +3.1646e-01 -2.6660e-01 -5.9595e-01 +1.5708e+00
1681 0 +3.599942666e-01 +2.561399943e+02 +2.561399943e+02 +1.3933e+00 +6.3030e-01 -1.3976e+00 -5.3121e-01 -8.8580e-01 -1.1691e-01 +3.1630e-01 -2.6695e-01 -5.9566e-01 +1.5711e+00
1701 0 +3.521019993e-01 +2.561321020e+02 +2.561321020e+02 +1.3932e+00 +6.3023e-01 -1.3975e+00 -5.3115e-01 -8.8556e-01 -1.1685e-01 +3.1647e-01 -2.6641e-01 -5.9572e-01 +1.5709e+00
1997 0 +3.452631461e-01 +2.561252631e+02 +2.561252631e+02 +1.3934e+00 +6.3034e-01 -1.3977e+00 -5.3138e-01 -8.8551e-01 -1.1686e-01 +3.1664e-01 -2.6651e-01 -5.9544e-01 +1.5712e+00
2812 0 +3.387855101e-01 +2.561187855e+02 +2.561187855e+02 +1.3934e+00 +6.3034e-01 -1.3977e+00 -5.3127e-01 -8.8546e-01 -1.1685e-01 +3.1661e-01 -2.6644e-01 -5.9549e-01 +1.5712e+00
7504 0 +3.311254107e-01 +2.561111254e+02 +2.561111254e+02 +1.3935e+00 +6.3022e-01 -1.3977e+00 -5.3120e-01 -8.8535e-01 -1.1683e-01 +3.1659e-01 -2.6632e-01 -5.9537e-01 +1.5711e+00
% f evaluations | g evaluations | best noise-free fitness - Fopt (1.000000000000e+03) + sum g_i+ | measured fitness | best measured fitness or single-digit g-values | x1 | x2...
1 0 +9.391019891e+00 +1.009391020e+03 +1.009391020e+03 +0.0000e+00 +0.0000e+00 +0.0000e+00 +0.0000e+00 +0.0000e+00 +0.0000e+00 +0.0000e+00 +0.0000e+00 +0.0000e+00 +0.0000e+00
6 0 +8.643309945e+00 +1.008643310e+03 +1.008643310e+03 +1.8723e-01 -2.5702e-01 +1.5212e-01 +1.5671e-02 +5.1476e-01 -6.3323e-02 +3.7553e-01 -3.4671e-01 +9.3874e-02 -2.1343e-01
9 0 +7.557581349e+00 +1.007557581e+03 +1.007557581e+03 +3.2075e-01 -8.8256e-02 -1.5931e-01 -1.1698e-01 -2.3584e-01 +6.5800e-02 +8.0156e-02 +3.1223e-01 +4.1734e-01 -8.7755e-02
24 0 +7.287259836e+00 +1.007287260e+03 +1.007287260e+03 +2.8963e-01 +3.1173e-01 -2.4308e-01 -2.1598e-02 -4.7404e-01 +3.6102e-01 +3.8838e-02 -2.5968e-01 +2.0678e-01 +5.3385e-01
51 0 +6.153483582e+00 +1.006153484e+03 +1.006153484e+03 +1.2027e+00 +5.8550e-02 -5.4731e-02 +3.0849e-01 -2.6468e-01 +3.6327e-01 +5.4111e-02 +2.8116e-01 +2.1742e-03 +5.6945e-01
64 0 +5.899612536e+00 +1.005899613e+03 +1.005899613e+03 +1.2029e+00 -7.4699e-02 -3.1326e-01 +5.0048e-01 -2.9952e-01 +7.4100e-01 -5.2863e-01 +4.2710e-03 -9.8462e-02 +1.2164e+00
132 0 +5.851562941e+00 +1.005851563e+03 +1.005851563e+03 +5.1847e-01 -1.7768e-01 -2.0562e-01 +4.5043e-01 -5.8410e-01 +4.4407e-01 +5.5277e-01 +7.8274e-01 +1.9325e-01 +1.3287e+00
197 0 +5.654266564e+00 +1.005654267e+03 +1.005654267e+03 +2.4720e-01 +3.5123e-01 +4.2205e-01 +6.7939e-01 +2.3805e-01 +2.3269e-01 +2.7259e-01 +2.2313e-03 +5.1548e-01 +5.7650e-01
204 0 +5.482848837e+00 +1.005482849e+03 +1.005482849e+03 -1.3044e-01 +1.1317e-01 +3.9208e-01 +3.5649e-01 +1.2983e-01 +1.4357e-01 +3.7294e-01 +2.5928e-01 +5.7694e-01 +6.6307e-01
219 0 +5.095518416e+00 +1.005095518e+03 +1.005095518e+03 -3.6591e-01 +2.8585e-02 +6.7861e-01 -3.7680e-03 +1.9363e-01 -3.6294e-02 +5.6955e-02 +1.6562e-01 +3.7997e-01 +4.4862e-01
264 0 +4.929466437e+00 +1.004929466e+03 +1.004929466e+03 -6.8181e-02 +2.5920e-01 +3.3706e-01 +2.5684e-01 +1.6949e-01 +6.3309e-03 +4.2886e-01 +3.0308e-02 +4.9089e-01 +4.2721e-01
337 0 +2.026535714e+00 +1.002026536e+03 +1.002026536e+03 +3.4851e-01 +4.0911e-01 +3.6104e-01 +2.2127e-01 -1.1518e-01 +1.4020e-01 +6.0682e-01 +9.3226e-02 +5.6450e-01 +7.4172e-01
1030 0 +1.958886731e+00 +1.001958887e+03 +1.001958887e+03 +5.2202e-01 +2.2557e-01 +4.2003e-01 +5.7488e-01 -1.0728e-01 +3.1701e-01 +4.7073e-01 +1.6355e-01 +4.9565e-01 +7.8297e-01
1062 0 +1.795344998e+00 +1.001795345e+03 +1.001795345e+03 +5.1774e-01 +2.2661e-01 +4.1415e-01 +5.7584e-01 -1.0953e-01 +3.1788e-01 +4.7051e-01 +1.6354e-01 +4.9111e-01 +7.8597e-01
1208 0 +1.714866029e+00 +1.001714866e+03 +1.001714866e+03 +5.1477e-01 +2.2578e-01 +4.1565e-01 +5.7642e-01 -1.1280e-01 +3.1716e-01 +4.6934e-01 +1.6812e-01 +4.8920e-01 +7.8895e-01
1221 0 +1.687110841e+00 +1.001687111e+03 +1.001687111e+03 +5.1686e-01 +2.2399e-01 +4.1578e-01 +5.7563e-01 -1.1295e-01 +3.1600e-01 +4.6636e-01 +1.6768e-01 +4.9019e-01 +7.8721e-01
1249 0 +1.613939784e+00 +1.001613940e+03 +1.001613940e+03 +5.1741e-01 +2.2431e-01 +4.1571e-01 +5.7580e-01 -1.1268e-01 +3.1716e-01 +4.6715e-01 +1.6764e-01 +4.8969e-01 +7.8867e-01
1252 0 +1.450198905e+00 +1.001450199e+03 +1.001450199e+03 +5.1492e-01 +2.2391e-01 +4.1768e-01 +5.7631e-01 -1.1232e-01 +3.1587e-01 +4.6860e-01 +1.6745e-01 +4.9100e-01 +7.8755e-01
1401 0 +1.440807022e+00 +1.001440807e+03 +1.001440807e+03 +5.1563e-01 +2.2364e-01 +4.1686e-01 +5.7574e-01 -1.1266e-01 +3.1640e-01 +4.6882e-01 +1.6722e-01 +4.9099e-01 +7.8717e-01
1485 0 +1.411461964e+00 +1.001411462e+03 +1.001411462e+03 +5.1504e-01 +2.2333e-01 +4.1691e-01 +5.7522e-01 -1.1248e-01 +3.1617e-01 +4.6939e-01 +1.6689e-01 +4.9136e-01 +7.8690e-01
1561 0 +1.372595750e+00 +1.001372596e+03 +1.001372596e+03 +5.1452e-01 +2.2359e-01 +4.1655e-01 +5.7541e-01 -1.1235e-01 +3.1641e-01 +4.6991e-01 +1.6656e-01 +4.9117e-01 +7.8698e-01
1616 0 +1.345519654e+00 +1.001345520e+03 +1.001345520e+03 +5.1454e-01 +2.2381e-01 +4.1651e-01 +5.7538e-01 -1.1210e-01 +3.1645e-01 +4.6956e-01 +1.6630e-01 +4.9139e-01 +7.8689e-01
1667 0 +1.310865769e+00 +1.001310866e+03 +1.001310866e+03 +5.1439e-01 +2.2381e-01 +4.1661e-01 +5.7537e-01 -1.1209e-01 +3.1643e-01 +4.6971e-01 +1.6621e-01 +4.9137e-01 +7.8687e-01
1740 0 +1.287224858e+00 +1.001287225e+03 +1.001287225e+03 +5.1395e-01 +2.2395e-01 +4.1654e-01 +5.7527e-01 -1.1215e-01 +3.1636e-01 +4.6997e-01 +1.6613e-01 +4.9141e-01 +7.8678e-01
2011 0 +1.258634047e+00 +1.001258634e+03 +1.001258634e+03 +5.1351e-01 +2.2400e-01 +4.1675e-01 +5.7521e-01 -1.1198e-01 +3.1627e-01 +4.7024e-01 +1.6592e-01 +4.9163e-01 +7.8672e-01
3844 0 +1.226373975e+00 +1.001226374e+03 +1.001226374e+03 +5.1272e-01 +2.2299e-01 +4.1680e-01 +5.7481e-01 -1.1246e-01 +3.1630e-01 +4.7061e-01 +1.6570e-01 +4.9161e-01 +7.8714e-01
3864 0 +1.190581691e+00 +1.001190582e+03 +1.001190582e+03 +5.1207e-01 +2.2215e-01 +4.1685e-01 +5.7447e-01 -1.1287e-01 +3.1633e-01 +4.7093e-01 +1.6551e-01 +4.9160e-01 +7.8749e-01
% f evaluations | g evaluations | best noise-free fitness - Fopt (-1.869500000000e+02) + sum g_i+ | measured fitness | best measured fitness or single-digit g-values | x1 | x2...
1 0 +2.348465466e+01 -1.634653453e+02 -1.634653453e+02 +0.0000e+00 +0.0000e+00 +0.0000e+00 +0.0000e+00 +0.0000e+00 +0.0000e+00 +0.0000e+00 +0.0000e+00 +0.0000e+00 +0.0000e+00
2 0 +6.578878555e+00 -1.803711214e+02 -1.803711214e+02 +4.3379e-01 +3.0692e-02 +9.8026e-02 +3.4094e-01 +2.4727e-01 +1.7369e-01 -1.1375e-01 -3.0566e-01 +1.1285e-01 -1.5359e-01
47 0 +4.547732083e+00 -1.824022679e+02 -1.824022679e+02 +7.8515e-01 -1.1115e-01 -3.3764e-01 +6.6251e-01 +1.2389e-01 +5.8650e-01 -5.5862e-01 -1.7517e-01 +2.5984e-01 +4.3831e-01
118 0 +1.798817362e+00 -1.851511826e+02 -1.851511826e+02 +1.0073e+00 -1.8666e-01 -3.8128e-01 +9.1760e-01 -2.1601e-01 +1.6864e-01 -4.9571e-01 -3.1467e-01 +9.1209e-01 +8.1014e-01
1091 0 +1.752442710e+00 -1.851975573e+02 -1.851975573e+02 +1.2504e+00 +1.7354e-01 -1.0964e+00 +1.5405e+00 -3.9576e-01 +3.4409e-02 +1.6655e-01 +7.3814e-01 +1.0595e+00 +9.4629e-01
1107 0 +1.604150584e+00 -1.853458494e+02 -1.853458494e+02 +1.2360e+00 +1.7758e-01 -1.0884e+00 +1.5359e+00 -3.8931e-01 +3.6491e-02 +1.6272e-01 +7.3167e-01 +1.0392e+00 +9.4703e-01
1146 0 +1.510507626e+00 -1.854394924e+02 -1.854394924e+02 +1.2592e+00 +1.7321e-01 -1.0891e+00 +1.5391e+00 -4.0011e-01 +3.2849e-02 +1.5526e-01 +7.2680e-01 +1.0622e+00 +9.5918e-01
1161 0 +1.393750426e+00 -1.855562496e+02 -1.855562496e+02 +1.2410e+00 +1.7481e-01 -1.0684e+00 +1.5366e+00 -3.9294e-01 +2.3952e-02 +1.5604e-01 +7.3369e-01 +1.0497e+00 +9.5171e-01
1181 0 +9.769043836e-01 -1.859730956e+02 -1.859730956e+02 +1.2456e+00 +1.7642e-01 -1.0799e+00 +1.5344e+00 -3.9816e-01 +3.2327e-02 +1.5533e-01 +7.2870e-01 +1.0517e+00 +9.5649e-01
1290 0 +8.883583629e-01 -1.860616416e+02 -1.860616416e+02 +1.2391e+00 +1.6977e-01 -1.0732e+00 +1.5394e+00 -4.0420e-01 +3.2872e-02 +1.5937e-01 +7.3611e-01 +1.0501e+00 +9.5787e-01
1402 0 +8.483112861e-01 -1.861016887e+02 -1.861016887e+02 +1.2529e+00 +1.7207e-01 -1.0876e+00 +1.5413e+00 -4.0430e-01 +3.3444e-02 +1.5984e-01 +7.3750e-01 +1.0580e+00 +9.6105e-01
1431 0 +8.154321246e-01 -1.861345679e+02 -1.861345679e+02 +1.2517e+00 +1.7215e-01 -1.0848e+00 +1.5414e+00 -4.0382e-01 +3.2221e-02 +1.6054e-01 +7.3776e-01 +1.0569e+00 +9.6028e-01
1441 0 +8.078096871e-01 -1.861421903e+02 -1.861421903e+02 +1.2519e+00 +1.7213e-01 -1.0845e+00 +1.5412e+00 -4.0347e-01 +3.1945e-02 +1.6024e-01 +7.3726e-01 +1.0566e+00 +9.6072e-01
1491 0 +7.759111908e-01 -1.861740888e+02 -1.861740888e+02 +1.2512e+00 +1.7202e-01 -1.0845e+00 +1.5403e+00 -4.0229e-01 +3.3163e-02 +1.6122e-01 +7.3639e-01 +1.0558e+00 +9.6067e-01
1521 0 +7.435436447e-01 -1.862064564e+02 -1.862064564e+02 +1.2504e+00 +1.7201e-01 -1.0829e+00 +1.5408e+00 -4.0167e-01 +3.2262e-02 +1.6119e-01 +7.3768e-01 +1.0552e+00 +9.6032e-01
1531 0 +7.057939393e-01 -1.862442061e+02 -1.862442061e+02 +1.2500e+00 +1.7173e-01 -1.0827e+00 +1.5401e+00 -4.0250e-01 +3.2671e-02 +1.6029e-01 +7.3668e-01 +1.0550e+00 +9.6049e-01
1541 0 +6.766360858e-01 -1.862733639e+02 -1.862733639e+02 +1.2505e+00 +1.7221e-01 -1.0834e+00 +1.5408e+00 -4.0262e-01 +3.2557e-02 +1.6041e-01 +7.3705e-01 +1.0551e+00 +9.6039e-01
1601 0 +6.014462222e-01 -1.863485538e+02 -1.863485538e+02 +1.2496e+00 +1.7251e-01 -1.0830e+00 +1.5404e+00 -4.0198e-01 +3.2379e-02 +1.6059e-01 +7.3671e-01 +1.0547e+00 +9.5998e-01
1944 0 +5.876617276e-01 -1.863623383e+02 -1.863623383e+02 +1.2494e+00 +1.7270e-01 -1.0830e+00 +1.5401e+00 -4.0184e-01 +3.2205e-02 +1.6047e-01 +7.3643e-01 +1.0549e+00 +9.5949e-01
2081 0 +5.746590196e-01 -1.863753410e+02 -1.863753410e+02 +1.2495e+00 +1.7262e-01 -1.0829e+00 +1.5401e+00 -4.0193e-01 +3.2226e-02 +1.6038e-01 +7.3646e-01 +1.0550e+00 +9.5952e-01
2280 0 +5.616279138e-01 -1.863883721e+02 -1.863883721e+02 +1.2494e+00 +1.7259e-01 -1.0827e+00 +1.5400e+00 -4.0205e-01 +3.2243e-02 +1.6014e-01 +7.3632e-01 +1.0550e+00 +9.5961e-01
2431 0 +5.494974710e-01 -1.864005025e+02 -1.864005025e+02 +1.2493e+00 +1.7251e-01 -1.0825e+00 +1.5400e+00 -4.0219e-01 +3.2276e-02 +1.5990e-01 +7.3621e-01 +1.0550e+00 +9.5967e-01
% f evaluations | g evaluations | best noise-free fitness - Fopt (5.859500000000e+02) + sum g_i+ | measured fitness | best measured fitness or single-digit g-values | x1 | x2...
1 0 +2.472371669e+01 +6.106737167e+02 +6.106737167e+02 +0.0000e+00 +0.0000e+00 +0.0000e+00 +0.0000e+00 +0.0000e+00 +0.0000e+00 +0.0000e+00 +0.0000e+00 +0.0000e+00 +0.0000e+00
2 0 +1.846604782e+01 +6.044160478e+02 +6.044160478e+02 +4.3379e-01 +3.0692e-02 +9.8026e-02 +3.4094e-01 +2.4727e-01 +1.7369e-01 -1.1375e-01 -3.0566e-01 +1.1285e-01 -1.5359e-01
3 0 +1.420331547e+01 +6.001533155e+02 +6.001533155e+02 +2.4817e-01 +6.3376e-02 -2.2359e-01 +8.0318e-02 +2.1275e-01 +5.3256e-02 -2.3477e-01 +7.8699e-02 +1.0710e-01 +2.4729e-01
5 0 +1.309577460e+01 +5.990457746e+02 +5.990457746e+02 -9.0564e-02 +8.4424e-02 -2.8183e-02 -1.8777e-01 +7.4957e-02 +6.4105e-01 +2.7589e-01 +1.3137e-01 +7.7185e-02 +2.3934e-01
6 0 +3.916614422e+00 +5.898666144e+02 +5.898666144e+02 +1.8723e-01 -2.5702e-01 +1.5212e-01 +1.5671e-02 +5.1476e-01 -6.3323e-02 +3.7553e-01 -3.4671e-01 +9.3874e-02 -2.1343e-01
125 0 +3.818212488e+00 +5.897682125e+02 +5.897682125e+02 +9.9445e-01 +3.1467e-01 -1.3759e-01 +5.2205e-01 -4.1719e-01 -2.5502e-01 +2.2940e-01 -8.3131e-02 -1.4922e-01 +2.9774e-01
540 0 +2.938200466e+00 +5.888882005e+02 +5.888882005e+02 +8.0826e-01 +3.2373e-01 -3.2085e-01 +4.5609e-01 -1.0685e-01 -3.0324e-01 +5.0421e-01 -3.9811e-02 +8.1411e-03 -1.6078e-01
703 0 +1.109481816e+00 +5.870594818e+02 +5.870594818e+02 +7.6714e-01 +4.0513e-01 -2.6001e-01 +6.1299e-01 -1.2703e-01 -3.4696e-01 +4.0291e-01 -3.6504e-02 -1.0162e-01 -1.1750e-01
1130 0 +8.621425306e-01 +5.868121425e+02 +5.868121425e+02 +7.6043e-01 +3.8604e-01 -2.7613e-01 +5.9826e-01 -1.0500e-01 -2.9951e-01 +2.5968e-01 +5.0610e-02 -8.7330e-02 -5.4812e-02
1141 0 +7.803086103e-01 +5.867303086e+02 +5.867303086e+02 +7.5830e-01 +3.8621e-01 -2.7397e-01 +6.0322e-01 -1.0661e-01 -2.9792e-01 +2.5884e-01 +5.2897e-02 -8.9488e-02 -5.1170e-02
1231 0 +7.410294567e-01 +5.866910295e+02 +5.866910295e+02 +7.5594e-01 +3.8495e-01 -2.7375e-01 +5.9944e-01 -1.1213e-01 -2.9238e-01 +2.5982e-01 +5.1845e-02 -9.1987e-02 -4.8286e-02
1338 0 +7.201088540e-01 +5.866701089e+02 +5.866701089e+02 +7.5099e-01 +3.8210e-01 -2.6647e-01 +6.0265e-01 -1.0898e-01 -2.9439e-01 +2.5897e-01 +5.5972e-02 -9.2566e-02 -4.5711e-02
1381 0 +6.904421463e-01 +5.866404421e+02 +5.866404421e+02 +7.5083e-01 +3.8055e-01 -2.6643e-01 +5.9978e-01 -1.0939e-01 -2.9457e-01 +2.6115e-01 +5.5699e-02 -9.1662e-02 -4.6491e-02
1401 0 +6.467013849e-01 +5.865967014e+02 +5.865967014e+02 +7.5093e-01 +3.8077e-01 -2.6603e-01 +6.0030e-01 -1.0987e-01 -2.9412e-01 +2.6154e-01 +5.5263e-02 -9.3267e-02 -4.5964e-02
1416 0 +5.976668981e-01 +5.865476669e+02 +5.865476669e+02 +7.5141e-01 +3.8100e-01 -2.6571e-01 +6.0015e-01 -1.0877e-01 -2.9390e-01 +2.6095e-01 +5.4716e-02 -9.3002e-02 -4.5281e-02
1432 0 +5.820042403e-01 +5.865320042e+02 +5.865320042e+02 +7.5161e-01 +3.8156e-01 -2.6607e-01 +6.0123e-01 -1.0774e-01 -2.9425e-01 +2.6066e-01 +5.4433e-02 -9.4090e-02 -4.4846e-02
1451 0 +5.706766300e-01 +5.865206766e+02 +5.865206766e+02 +7.5171e-01 +3.8092e-01 -2.6738e-01 +5.9967e-01 -1.0807e-01 -2.9355e-01 +2.6192e-01 +5.3553e-02 -9.2991e-02 -4.6661e-02
1474 0 +5.474612225e-01 +5.864974612e+02 +5.864974612e+02 +7.5073e-01 +3.8063e-01 -2.6785e-01 +5.9920e-01 -1.0706e-01 -2.9252e-01 +2.6156e-01 +5.2809e-02 -9.4055e-02 -4.6333e-02
1551 0 +5.166209993e-01 +5.864666210e+02 +5.864666210e+02 +7.5110e-01 +3.8115e-01 -2.6625e-01 +6.0108e-01 -1.0703e-01 -2.9352e-01 +2.6120e-01 +5.3691e-02 -9.4734e-02 -4.5823e-02
1561 0 +5.091768373e-01 +5.864591768e+02 +5.864591768e+02 +7.5087e-01 +3.8119e-01 -2.6624e-01 +6.0135e-01 -1.0738e-01 -2.9352e-01 +2.6107e-01 +5.4002e-02 -9.4754e-02 -4.5730e-02
1751 0 +4.926869300e-01 +5.864426869e+02 +5.864426869e+02 +7.5108e-01 +3.8135e-01 -2.6723e-01 +6.0140e-01 -1.0686e-01 -2.9393e-01 +2.6091e-01 +5.3552e-02 -9.4551e-02 -4.5782e-02
1801 0 +4.883707410e-01 +5.864383707e+02 +5.864383707e+02 +7.5103e-01 +3.8137e-01 -2.6729e-01 +6.0135e-01 -1.0691e-01 -2.9414e-01 +2.6087e-01 +5.3478e-02 -9.4537e-02 -4.5729e-02
1804 0 +4.767414532e-01 +5.864267415e+02 +5.864267415e+02 +7.5110e-01 +3.8133e-01 -2.6763e-01 +6.0103e-01 -1.0679e-01 -2.9409e-01 +2.6088e-01 +5.3322e-02 -9.4481e-02 -4.5997e-02
1881 0 +4.676523235e-01 +5.864176523e+02 +5.864176523e+02 +7.5083e-01 +3.8122e-01 -2.6741e-01 +6.0074e-01 -1.0681e-01 -2.9430e-01 +2.6091e-01 +5.3536e-02 -9.4530e-02 -4.6001e-02
2034 0 +4.537317219e-01 +5.864037317e+02 +5.864037317e+02 +7.5088e-01 +3.8120e-01 -2.6736e-01 +6.0076e-01 -1.0686e-01 -2.9431e-01 +2.6096e-01 +5.3504e-02 -9.4605e-02 -4.5990e-02
2121 0 +4.457703628e-01 +5.863957704e+02 +5.863957704e+02 +7.5082e-01 +3.8114e-01 -2.6728e-01 +6.0064e-01 -1.0696e-01 -2.9432e-01 +2.6097e-01 +5.3548e-02 -9.4644e-02 -4.5992e-02
% f evaluations | g evaluations | best noise-free fitness - Fopt (2.871600000000e+02) + sum g_i+ | measured fitness | best measured fitness or single-digit g-values | x1 | x2...
1 0 +1.418167891e+01 +3.013416789e+02 +3.013416789e+02 +0.0000e+00 +0.0000e+00 +0.0000e+00 +0.0000e+00 +0.0000e+00 +0.0000e+00 +0.0000e+00 +0.0000e+00 +0.0000e+00 +0.0000e+00
2 0 +9.846044461e+00 +2.970060445e+02 +2.970060445e+02 +4.3379e-01 +3.0692e-02 +9.8026e-02 +3.4094e-01 +2.4727e-01 +1.7369e-01 -1.1375e-01 -3.0566e-01 +1.1285e-01 -1.5359e-01
3 0 +5.616108229e+00 +2.927761082e+02 +2.927761082e+02 +2.4817e-01 +6.3376e-02 -2.2359e-01 +8.0318e-02 +2.1275e-01 +5.3256e-02 -2.3477e-01 +7.8699e-02 +1.0710e-01 +2.4729e-01
4 0 +4.834867550e+00 +2.919948675e+02 +2.919948675e+02 +2.1661e-01 -2.7248e-01 -1.4933e-01 +1.8171e-01 -5.0930e-01 +2.3317e-01 -2.5183e-01 -1.2653e-01 +4.3300e-01 -1.9345e-02
58 0 +4.013469210e+00 +2.911734692e+02 +2.911734692e+02 +1.8917e+00 -1.3456e-01 -8.2273e-01 +8.9637e-01 -2.3673e-01 +7.9825e-01 -1.2417e+00 -6.2838e-01 +5.6929e-01 +7.2087e-01
88 0 +3.148531184e+00 +2.903085312e+02 +2.903085312e+02 +2.2198e+00 +6.4650e-01 -1.4398e+00 +8.3289e-01 +1.3543e-01 +2.5660e-01 -1.4496e+00 +1.0675e+00 +7.1619e-01 +1.3800e+00
372 0 +2.587438105e+00 +2.897474381e+02 +2.897474381e+02 +1.7518e+00 +8.3250e-01 -1.2634e+00 +8.2211e-01 +4.2345e-01 +5.7770e-01 -1.2168e+00 -3.4886e-01 +1.2169e-01 +1.2894e+00
821 0 +2.337492531e+00 +2.894974925e+02 +2.894974925e+02 +1.3710e+00 +6.4299e-01 -9.7408e-01 +7.7783e-01 +7.4549e-01 +6.2207e-01 -8.8620e-01 +9.5007e-02 -3.4659e-02 +9.9866e-01
851 0 +1.503126958e+00 +2.886631270e+02 +2.886631270e+02 +1.4094e+00 +6.4835e-01 -9.9267e-01 +7.8285e-01 +7.4257e-01 +6.2599e-01 -9.0460e-01 +8.0485e-02 -2.4886e-02 +1.0103e+00
961 0 +1.391881251e+00 +2.885518813e+02 +2.885518813e+02 +1.3982e+00 +6.5387e-01 -9.8872e-01 +7.8182e-01 +7.5206e-01 +6.3400e-01 -9.0343e-01 +9.6030e-02 -2.4478e-02 +1.0039e+00
963 0 +1.345733771e+00 +2.885057338e+02 +2.885057338e+02 +1.3963e+00 +6.6087e-01 -9.8455e-01 +7.8206e-01 +7.4654e-01 +6.3390e-01 -9.0103e-01 +1.0116e-01 -2.1437e-02 +1.0050e+00
974 0 +9.703506964e-01 +2.881303507e+02 +2.881303507e+02 +1.4031e+00 +6.7196e-01 -9.7880e-01 +7.9064e-01 +7.4564e-01 +6.4268e-01 -9.0521e-01 +1.0222e-01 -2.3571e-02 +1.0118e+00
1617 0 +9.355909450e-01 +2.880955909e+02 +2.880955909e+02 +1.4105e+00 +6.5835e-01 -9.8497e-01 +7.8345e-01 +7.3840e-01 +6.2835e-01 -9.0974e-01 +8.8467e-02 -2.1480e-02 +1.0111e+00
1662 0 +9.135904245e-01 +2.880735904e+02 +2.880735904e+02 +1.4097e+00 +6.5870e-01 -9.8435e-01 +7.8327e-01 +7.3882e-01 +6.2843e-01 -9.0935e-01 +8.8629e-02 -2.1996e-02 +1.0107e+00
1686 0 +9.064819566e-01 +2.880664820e+02 +2.880664820e+02 +1.4089e+00 +6.5885e-01 -9.8419e-01 +7.8310e-01 +7.3919e-01 +6.2844e-01 -9.0884e-01 +8.8993e-02 -2.2549e-02 +1.0099e+00
1848 0 +8.902790345e-01 +2.880502790e+02 +2.880502790e+02 +1.4095e+00 +6.5862e-01 -9.8452e-01 +7.8326e-01 +7.3894e-01 +6.2839e-01 -9.0923e-01 +8.8928e-02 -2.2048e-02 +1.0104e+00
% f evaluations | g evaluations | best noise-free fitness - Fopt (-3.943800000000e+02) + sum g_i+ | measured fitness | best measured fitness or single-digit g-values | x1 | x2...
1 0 +3.742343468e+01 -3.569565653e+02 -3.569565653e+02 +0.0000e+00 +0.0000e+00 +0.0000e+00 +0.0000e+00 +0.0000e+00 +0.0000e+00 +0.0000e+00 +0.0000e+00 +0.0000e+00 +0.0000e+00
2 0 +2.204041427e+01 -3.723395857e+02 -3.723395857e+02 +4.3379e-01 +3.0692e-02 +9.8026e-02 +3.4094e-01 +2.4727e-01 +1.7369e-01 -1.1375e-01 -3.0566e-01 +1.1285e-01 -1.5359e-01
3 0 +7.499129315e+00 -3.868808707e+02 -3.868808707e+02 +2.4817e-01 +6.3376e-02 -2.2359e-01 +8.0318e-02 +2.1275e-01 +5.3256e-02 -2.3477e-01 +7.8699e-02 +1.0710e-01 +2.4729e-01
33 0 +4.983374447e+00 -3.893966256e+02 -3.893966256e+02 +5.3493e-01 -6.1746e-02 -3.7161e-01 -3.7816e-01 -1.1275e-01 +2.1536e-01 -5.9832e-01 +4.9159e-01 -9.7366e-01 +4.6853e-02
156 0 +4.872028381e+00 -3.895079716e+02 -3.895079716e+02 +1.6457e+00 +4.6998e-01 +1.8692e-01 +4.6249e-01 -2.1812e-01 +3.7972e-01 -3.0845e-01 -1.7512e-01 -2.1502e-01 +1.1582e+00
196 0 +4.582784094e+00 -3.897972159e+02 -3.897972159e+02 +8.9537e-01 +3.5036e-01 -4.8149e-01 -6.5155e-02 +1.1782e-01 +1.0633e-01 -1.8124e-01 -1.3858e-01 -5.5304e-01 +4.8966e-01
207 0 +4.128861962e+00 -3.902511380e+02 -3.902511380e+02 +1.5259e+00 +5.8812e-01 -8.7446e-02 +3.7961e-01 -3.4181e-01 +3.7551e-01 +4.0452e-01 +5.4506e-01 -4.6796e-02 +7.3572e-01
336 0 +3.899068856e+00 -3.904809311e+02 -3.904809311e+02 +1.0254e+00 +2.5843e-01 -6.1359e-01 +7.8213e-02 -3.1298e-01 +2.8306e-01 +2.8933e-01 +1.8470e-01 -8.8606e-02 +1.0379e+00
536 0 +3.050213743e+00 -3.913297863e+02 -3.913297863e+02 +1.0658e+00 +2.7388e-01 -9.5098e-01 -2.0688e-01 -6.0256e-01 +3.6171e-01 +5.4591e-01 +3.3661e-01 +1.1786e-01 +8.0497e-01
813 0 +2.453617021e+00 -3.919263830e+02 -3.919263830e+02 +1.3097e+00 +4.9898e-01 -6.0759e-01 +2.5561e-01 -7.4198e-01 +4.3861e-01 +6.2448e-01 +5.5530e-01 +1.4016e-01 +7.4784e-01
913 0 +1.412361345e+00 -3.929676387e+02 -3.929676387e+02 +1.3084e+00 +5.4010e-01 -6.2577e-01 +2.1795e-01 -6.8915e-01 +4.4120e-01 +5.9230e-01 +6.0408e-01 +1.2396e-01 +7.5612e-01
941 0 +1.171140416e+00 -3.932088596e+02 -3.932088596e+02 +1.2989e+00 +5.1922e-01 -6.2482e-01 +2.0621e-01 -6.9049e-01 +4.3475e-01 +5.8772e-01 +5.8203e-01 +1.2241e-01 +7.5674e-01
1000 0 +8.834222652e-01 -3.934965777e+02 -3.934965777e+02 +1.3203e+00 +5.2011e-01 -6.1650e-01 +2.1611e-01 -7.1640e-01 +4.4630e-01 +6.0009e-01 +6.1735e-01 +1.3160e-01 +7.3748e-01
1059 0 +7.616109587e-01 -3.936183890e+02 -3.936183890e+02 +1.3160e+00 +5.2177e-01 -6.1370e-01 +2.2999e-01 -7.0221e-01 +4.3001e-01 +6.0720e-01 +5.9677e-01 +1.2843e-01 +7.3223e-01
1079 0 +7.062841889e-01 -3.936737158e+02 -3.936737158e+02 +1.3118e+00 +5.3705e-01 -6.1313e-01 +2.3498e-01 -7.1423e-01 +4.4118e-01 +6.0468e-01 +6.0662e-01 +1.3416e-01 +7.3812e-01
1111 0 +6.321357586e-01 -3.937478642e+02 -3.937478642e+02 +1.3244e+00 +5.3140e-01 -6.1415e-01 +2.3626e-01 -7.0933e-01 +4.3526e-01 +6.0027e-01 +6.0876e-01 +1.3238e-01 +7.3450e-01
1121 0 +5.192865388e-01 -3.938607135e+02 -3.938607135e+02 +1.3188e+00 +5.2778e-01 -6.1700e-01 +2.3312e-01 -7.1262e-01 +4.3504e-01 +6.0017e-01 +6.0719e-01 +1.3214e-01 +7.3434e-01
1171 0 +4.737886641e-01 -3.939062113e+02 -3.939062113e+02 +1.3262e+00 +5.2959e-01 -6.2190e-01 +2.3025e-01 -7.1092e-01 +4.4031e-01 +5.9129e-01 +6.0715e-01 +1.3139e-01 +7.4164e-01
1175 0 +4.300288938e-01 -3.939499711e+02 -3.939499711e+02 +1.3291e+00 +5.2779e-01 -6.2112e-01 +2.3145e-01 -7.1177e-01 +4.4446e-01 +5.9077e-01 +6.1646e-01 +1.3176e-01 +7.3722e-01
1181 0 +3.484923795e-01 -3.940315076e+02 -3.940315076e+02 +1.3277e+00 +5.3072e-01 -6.2086e-01 +2.3190e-01 -7.1203e-01 +4.4201e-01 +5.9043e-01 +6.1190e-01 +1.3119e-01 +7.4099e-01
1201 0 +3.246109530e-01 -3.940553890e+02 -3.940553890e+02 +1.3310e+00 +5.2923e-01 -6.2164e-01 +2.3190e-01 -7.1153e-01 +4.4400e-01 +5.8761e-01 +6.1147e-01 +1.2967e-01 +7.4152e-01
1281 0 +3.023854855e-01 -3.940776145e+02 -3.940776145e+02 +1.3337e+00 +5.2856e-01 -6.2344e-01 +2.3394e-01 -7.0922e-01 +4.4420e-01 +5.8327e-01 +6.0927e-01 +1.2775e-01 +7.4512e-01
1282 0 +2.971188250e-01 -3.940828812e+02 -3.940828812e+02 +1.3334e+00 +5.2960e-01 -6.2451e-01 +2.3276e-01 -7.0985e-01 +4.4627e-01 +5.8338e-01 +6.1050e-01 +1.2904e-01 +7.4588e-01
1290 0 +1.945917960e-01 -3.941854082e+02 -3.941854082e+02 +1.3263e+00 +5.2434e-01 -6.1810e-01 +2.3405e-01 -7.1076e-01 +4.4530e-01 +5.8576e-01 +6.0797e-01 +1.2852e-01 +7.4508e-01
1312 0 +1.624698800e-01 -3.942175301e+02 -3.942175301e+02 +1.3293e+00 +5.2569e-01 -6.2119e-01 +2.3308e-01 -7.0787e-01 +4.4566e-01 +5.8791e-01 +6.0820e-01 +1.3029e-01 +7.4436e-01
1381 0 +1.599027965e-01 -3.942200972e+02 -3.942200972e+02 +1.3318e+00 +5.2558e-01 -6.2413e-01 +2.3296e-01 -7.0990e-01 +4.4659e-01 +5.8496e-01 +6.0853e-01 +1.3257e-01 +7.4349e-01
1396 0 +1.495638251e-01 -3.942304362e+02 -3.942304362e+02 +1.3345e+00 +5.2687e-01 -6.2550e-01 +2.3294e-01 -7.1053e-01 +4.4832e-01 +5.8251e-01 +6.0932e-01 +1.3148e-01 +7.4722e-01
1402 0 +1.372980565e-01 -3.942427019e+02 -3.942427019e+02 +1.3339e+00 +5.2653e-01 -6.2546e-01 +2.3288e-01 -7.0942e-01 +4.4627e-01 +5.8437e-01 +6.0807e-01 +1.3319e-01 +7.4372e-01
1409 0 +1.193868419e-01 -3.942606132e+02 -3.942606132e+02 +1.3341e+00 +5.2755e-01 -6.2461e-01 +2.3389e-01 -7.0826e-01 +4.4643e-01 +5.8572e-01 +6.0647e-01 +1.3279e-01 +7.4494e-01
1421 0 +9.965509863e-02 -3.942803449e+02 -3.942803449e+02 +1.3346e+00 +5.2723e-01 -6.2548e-01 +2.3464e-01 -7.0886e-01 +4.4674e-01 +5.8496e-01 +6.0778e-01 +1.3400e-01 +7.4322e-01
1451 0 +8.685291367e-02 -3.942931471e+02 -3.942931471e+02 +1.3343e+00 +5.2717e-01 -6.2574e-01 +2.3486e-01 -7.0859e-01 +4.4688e-01 +5.8673e-01 +6.0733e-01 +1.3438e-01 +7.4261e-01
1541 0 +8.015833204e-02 -3.942998417e+02 -3.942998417e+02 +1.3347e+00 +5.2814e-01 -6.2491e-01 +2.3402e-01 -7.0823e-01 +4.4727e-01 +5.8449e-01 +6.0878e-01 +1.3255e-01 +7.4448e-01
1580 0 +6.871171167e-02 -3.943112883e+02 -3.943112883e+02 +1.3359e+00 +5.2787e-01 -6.2475e-01 +2.3466e-01 -7.0877e-01 +4.4763e-01 +5.8474e-01 +6.0892e-01 +1.3332e-01 +7.4396e-01
1618 0 +6.586317037e-02 -3.943141368e+02 -3.943141368e+02 +1.3355e+00 +5.2820e-01 -6.2486e-01 +2.3401e-01 -7.0881e-01 +4.4775e-01 +5.8470e-01 +6.0951e-01 +1.3331e-01 +7.4372e-01
1632 0 +6.171461031e-02 -3.943182854e+02 -3.943182854e+02 +1.3358e+00 +5.2795e-01 -6.2529e-01 +2.3382e-01 -7.0827e-01 +4.4776e-01 +5.8490e-01 +6.0965e-01 +1.3396e-01 +7.4319e-01
1646 0 +5.876729333e-02 -3.943212327e+02 -3.943212327e+02 +1.3360e+00 +5.2823e-01 -6.2532e-01 +2.3413e-01 -7.0792e-01 +4.4759e-01 +5.8446e-01 +6.0955e-01 +1.3350e-01 +7.4343e-01
1685 0 +5.628673546e-02 -3.943237133e+02 -3.943237133e+02 +1.3357e+00 +5.2801e-01 -6.2563e-01 +2.3389e-01 -7.0752e-01 +4.4749e-01 +5.8542e-01 +6.0923e-01 +1.3400e-01 +7.4279e-01
1688 0 +5.571944365e-02 -3.943242806e+02 -3.943242806e+02 +1.3355e+00 +5.2809e-01 -6.2579e-01 +2.3395e-01 -7.0839e-01 +4.4806e-01 +5.8549e-01 +6.0955e-01 +1.3404e-01 +7.4293e-01
1701 0 +5.090414876e-02 -3.943290959e+02 -3.943290959e+02 +1.3358e+00 +5.2835e-01 -6.2553e-01 +2.3406e-01 -7.0766e-01 +4.4756e-01 +5.8502e-01 +6.0942e-01 +1.3372e-01 +7.4323e-01
1711 0 +4.924008189e-02 -3.943307599e+02 -3.943307599e+02 +1.3361e+00 +5.2845e-01 -6.2568e-01 +2.3405e-01 -7.0758e-01 +4.4754e-01 +5.8492e-01 +6.0919e-01 +1.3365e-01 +7.4322e-01
1721 0 +4.745805762e-02 -3.943325419e+02 -3.943325419e+02 +1.3360e+00 +5.2833e-01 -6.2546e-01 +2.3405e-01 -7.0781e-01 +4.4768e-01 +5.8517e-01 +6.0938e-01 +1.3374e-01 +7.4304e-01
1727 0 +4.312355627e-02 -3.943368764e+02 -3.943368764e+02 +1.3357e+00 +5.2832e-01 -6.2514e-01 +2.3411e-01 -7.0790e-01 +4.4778e-01 +5.8547e-01 +6.0954e-01 +1.3390e-01 +7.4256e-01
1748 0 +4.251205803e-02 -3.943374879e+02 -3.943374879e+02 +1.3366e+00 +5.2875e-01 -6.2580e-01 +2.3409e-01 -7.0761e-01 +4.4768e-01 +5.8482e-01 +6.0957e-01 +1.3370e-01 +7.4283e-01
1751 0 +4.052866917e-02 -3.943394713e+02 -3.943394713e+02 +1.3363e+00 +5.2865e-01 -6.2549e-01 +2.3421e-01 -7.0771e-01 +4.4773e-01 +5.8510e-01 +6.0956e-01 +1.3389e-01 +7.4301e-01
1765 0 +3.716352214e-02 -3.943428365e+02 -3.943428365e+02 +1.3365e+00 +5.2850e-01 -6.2561e-01 +2.3400e-01 -7.0773e-01 +4.4797e-01 +5.8515e-01 +6.0948e-01 +1.3403e-01 +7.4331e-01
1781 0 +3.622055315e-02 -3.943437794e+02 -3.943437794e+02 +1.3364e+00 +5.2855e-01 -6.2551e-01 +2.3396e-01 -7.0779e-01 +4.4789e-01 +5.8514e-01 +6.0944e-01 +1.3390e-01 +7.4320e-01
1844 0 +3.473099091e-02 -3.943452690e+02 -3.943452690e+02 +1.3364e+00 +5.2863e-01 -6.2554e-01 +2.3394e-01 -7.0768e-01 +4.4795e-01 +5.8520e-01 +6.0946e-01 +1.3397e-01 +7.4330e-01
1981 0 +3.466704691e-02 -3.943453330e+02 -3.943453330e+02 +1.3363e+00 +5.2863e-01 -6.2549e-01 +2.3393e-01 -7.0762e-01 +4.4790e-01 +5.8523e-01 +6.0947e-01 +1.3392e-01 +7.4318e-01
1991 0 +3.365724246e-02 -3.943463428e+02 -3.943463428e+02 +1.3364e+00 +5.2864e-01 -6.2553e-01 +2.3393e-01 -7.0759e-01 +4.4793e-01 +5.8522e-01 +6.0945e-01 +1.3395e-01 +7.4320e-01
2135 0 +3.281108929e-02 -3.943471889e+02 -3.943471889e+02 +1.3365e+00 +5.2861e-01 -6.2557e-01 +2.3393e-01 -7.0767e-01 +4.4796e-01 +5.8510e-01 +6.0947e-01 +1.3393e-01 +7.4323e-01
2381 0 +3.228225682e-02 -3.943477177e+02 -3.943477177e+02 +1.3364e+00 +5.2861e-01 -6.2556e-01 +2.3392e-01 -7.0769e-01 +4.4797e-01 +5.8511e-01 +6.0945e-01 +1.3394e-01 +7.4326e-01
3575 0 +3.156279548e-02 -3.943484372e+02 -3.943484372e+02 +1.3364e+00 +5.2861e-01 -6.2556e-01 +2.3394e-01 -7.0773e-01 +4.4799e-01 +5.8509e-01 +6.0944e-01 +1.3395e-01 +7.4331e-01
% f evaluations | g evaluations | best noise-free fitness - Fopt (5.443000000000e+01) + sum g_i+ | measured fitness | best measured fitness or single-digit g-values | x1 | x2...
1 0 +1.626782493e+01 +7.069782493e+01 +7.069782493e+01 +0.0000e+00 +0.0000e+00 +0.0000e+00 +0.0000e+00 +0.0000e+00 +0.0000e+00 +0.0000e+00 +0.0000e+00 +0.0000e+00 +0.0000e+00
2 0 +1.364747944e+01 +6.807747944e+01 +6.807747944e+01 +4.3379e-01 +3.0692e-02 +9.8026e-02 +3.4094e-01 +2.4727e-01 +1.7369e-01 -1.1375e-01 -3.0566e-01 +1.1285e-01 -1.5359e-01
4 0 +1.169749123e+01 +6.612749123e+01 +6.612749123e+01 +2.1661e-01 -2.7248e-01 -1.4933e-01 +1.8171e-01 -5.0930e-01 +2.3317e-01 -2.5183e-01 -1.2653e-01 +4.3300e-01 -1.9345e-02
14 0 +8.194253039e+00 +6.262425304e+01 +6.262425304e+01 -1.7736e-02 +3.1172e-01 -2.6850e-01 -6.3114e-03 -4.3744e-01 +6.1294e-01 -1.7608e-01 +3.8609e-01 +3.8392e-03 +4.2139e-01
21 0 +4.405440349e+00 +5.883544035e+01 +5.883544035e+01 +9.9184e-02 -7.0834e-03 -2.3288e-01 -4.2460e-02 +1.0090e-01 +4.7886e-01 -1.6054e-01 -7.7920e-02 +2.9320e-01 +2.9380e-01
32 0 +3.921562106e+00 +5.835156211e+01 +5.835156211e+01 +1.5550e-01 -8.0364e-02 -2.6505e-01 +1.8229e-01 -2.3493e-01 +6.2967e-01 -3.0051e-01 +4.2321e-01 +3.7698e-01 +8.3919e-01
410 0 +3.821355380e+00 +5.825135538e+01 +5.825135538e+01 +6.0989e-01 -6.6248e-02 -5.1754e-01 -3.3299e-01 -5.2639e-01 +7.2743e-01 -2.3417e-02 -8.1544e-02 +5.8253e-01 +6.2081e-01
700 0 +3.655572603e+00 +5.808557260e+01 +5.808557260e+01 +6.7618e-01 -1.6498e-01 -5.0494e-01 -3.4562e-01 -6.7023e-01 +7.0133e-01 -6.2675e-03 -1.1542e-01 +4.4400e-01 +6.3982e-01
761 0 +2.989246140e+00 +5.741924614e+01 +5.741924614e+01 +6.7559e-01 -1.5996e-01 -5.0421e-01 -3.6112e-01 -6.4633e-01 +6.6204e-01 -1.4360e-02 -9.5020e-02 +4.6029e-01 +6.5422e-01
769 0 +2.296293066e+00 +5.672629307e+01 +5.672629307e+01 +6.6439e-01 -1.7677e-01 -5.1030e-01 -3.7642e-01 -6.6428e-01 +6.5914e-01 -1.0075e-02 -9.9394e-02 +4.5129e-01 +6.5883e-01
771 0 +1.928955618e+00 +5.635895562e+01 +5.635895562e+01 +6.7168e-01 -1.6672e-01 -5.0488e-01 -3.6960e-01 -6.4985e-01 +6.4471e-01 -1.7482e-02 -1.0428e-01 +4.6587e-01 +6.4736e-01
894 0 +1.845490815e+00 +5.627549082e+01 +5.627549082e+01 +6.7360e-01 -1.6407e-01 -4.9911e-01 -3.6861e-01 -6.5759e-01 +6.3961e-01 -3.1164e-02 -1.1344e-01 +4.8426e-01 +6.4129e-01
921 0 +1.815007269e+00 +5.624500727e+01 +5.624500727e+01 +6.7544e-01 -1.6057e-01 -5.0239e-01 -3.6120e-01 -6.6030e-01 +6.4739e-01 -2.3653e-02 -1.0881e-01 +4.8678e-01 +6.4766e-01
938 0 +1.545488993e+00 +5.597548899e+01 +5.597548899e+01 +6.6796e-01 -1.6404e-01 -4.9959e-01 -3.6624e-01 -6.5899e-01 +6.4211e-01 -2.8384e-02 -1.1363e-01 +4.7772e-01 +6.4744e-01
971 0 +1.272454424e+00 +5.570245442e+01 +5.570245442e+01 +6.6787e-01 -1.6606e-01 -5.0134e-01 -3.6330e-01 -6.6143e-01 +6.4604e-01 -2.4563e-02 -1.1388e-01 +4.7795e-01 +6.4619e-01
973 0 +1.198461296e+00 +5.562846130e+01 +5.562846130e+01 +6.6733e-01 -1.6987e-01 -5.0669e-01 -3.6403e-01 -6.6495e-01 +6.5329e-01 -2.0162e-02 -1.1678e-01 +4.6935e-01 +6.4937e-01
1023 0 +9.316154262e-01 +5.536161543e+01 +5.536161543e+01 +6.6268e-01 -1.7268e-01 -5.0339e-01 -3.6959e-01 -6.6655e-01 +6.4442e-01 -2.1559e-02 -1.1979e-01 +4.7585e-01 +6.4676e-01
1061 0 +8.042881583e-01 +5.523428816e+01 +5.523428816e+01 +6.6377e-01 -1.7014e-01 -5.0277e-01 -3.6679e-01 -6.6558e-01 +6.4300e-01 -2.2714e-02 -1.2247e-01 +4.7353e-01 +6.4517e-01
1131 0 +7.786317825e-01 +5.520863178e+01 +5.520863178e+01 +6.6091e-01 -1.6929e-01 -5.0100e-01 -3.6525e-01 -6.6445e-01 +6.3974e-01 -2.4538e-02 -1.2217e-01 +4.7496e-01 +6.4487e-01
1141 0 +6.782559871e-01 +5.510825599e+01 +5.510825599e+01 +6.6122e-01 -1.6956e-01 -5.0200e-01 -3.6532e-01 -6.6474e-01 +6.3916e-01 -2.3898e-02 -1.2285e-01 +4.7606e-01 +6.4469e-01
1205 0 +6.519315697e-01 +5.508193157e+01 +5.508193157e+01 +6.6081e-01 -1.7130e-01 -5.0161e-01 -3.6564e-01 -6.6556e-01 +6.3987e-01 -2.4610e-02 -1.2335e-01 +4.7488e-01 +6.4452e-01
1263 0 +6.387046519e-01 +5.506870465e+01 +5.506870465e+01 +6.6033e-01 -1.7084e-01 -5.0081e-01 -3.6445e-01 -6.6451e-01 +6.3790e-01 -2.5204e-02 -1.2304e-01 +4.7520e-01 +6.4503e-01
1267 0 +5.903391314e-01 +5.502033913e+01 +5.502033913e+01 +6.6069e-01 -1.7085e-01 -5.0062e-01 -3.6512e-01 -6.6470e-01 +6.3815e-01 -2.4589e-02 -1.2291e-01 +4.7573e-01 +6.4508e-01
1303 0 +5.697732218e-01 +5.499977322e+01 +5.499977322e+01 +6.6104e-01 -1.7043e-01 -5.0171e-01 -3.6455e-01 -6.6410e-01 +6.3868e-01 -2.3566e-02 -1.2193e-01 +4.7578e-01 +6.4506e-01
1311 0 +5.404665754e-01 +5.497046658e+01 +5.497046658e+01 +6.6102e-01 -1.7077e-01 -5.0125e-01 -3.6474e-01 -6.6445e-01 +6.3874e-01 -2.3959e-02 -1.2211e-01 +4.7584e-01 +6.4513e-01
1503 0 +5.259729124e-01 +5.495597291e+01 +5.495597291e+01 +6.6098e-01 -1.7110e-01 -5.0095e-01 -3.6524e-01 -6.6437e-01 +6.3806e-01 -2.4463e-02 -1.2194e-01 +4.7667e-01 +6.4500e-01
1518 0 +5.239761235e-01 +5.495397612e+01 +5.495397612e+01 +6.6087e-01 -1.7109e-01 -5.0094e-01 -3.6511e-01 -6.6433e-01 +6.3815e-01 -2.4416e-02 -1.2191e-01 +4.7648e-01 +6.4499e-01
1653 0 +5.108191897e-01 +5.494081919e+01 +5.494081919e+01 +6.6075e-01 -1.7104e-01 -5.0090e-01 -3.6499e-01 -6.6430e-01 +6.3811e-01 -2.4470e-02 -1.2192e-01 +4.7646e-01 +6.4502e-01
4638 0 +5.011066374e-01 +5.493110664e+01 +5.493110664e+01 +6.6077e-01 -1.7105e-01 -5.0113e-01 -3.6483e-01 -6.6403e-01 +6.3828e-01 -2.4395e-02 -1.2169e-01 +4.7629e-01 +6.4493e-01
4733 0 +4.892641849e-01 +5.491926418e+01 +5.491926418e+01 +6.6073e-01 -1.7135e-01 -5.0129e-01 -3.6423e-01 -6.6332e-01 +6.3863e-01 -2.4458e-02 -1.2113e-01 +4.7559e-01 +6.4485e-01
4766 0 +4.775650624e-01 +5.490756506e+01 +5.490756506e+01 +6.6071e-01 -1.7153e-01 -5.0139e-01 -3.6387e-01 -6.6290e-01 +6.3883e-01 -2.4496e-02 -1.2080e-01 +4.7517e-01 +6.4480e-01
4792 0 +4.663335489e-01 +5.489633355e+01 +5.489633355e+01 +6.6069e-01 -1.7175e-01 -5.0152e-01 -3.6342e-01 -6.6238e-01 +6.3909e-01 -2.4543e-02 -1.2038e-01 +4.7465e-01 +6.4474e-01
% f evaluations | g evaluations | best noise-free fitness - Fopt (1.396900000000e+02) + sum g_i+ | measured fitness | best measured fitness or single-digit g-values | x1 | x2...
1 0 +2.266168168e+01 +1.623516817e+02 +1.623516817e+02 +0.0000e+00 +0.0000e+00 +0.0000e+00 +0.0000e+00 +0.0000e+00 +0.0000e+00 +0.0000e+00 +0.0000e+00 +0.0000e+00 +0.0000e+00
2 0 +1.520882407e+01 +1.548988241e+02 +1.548988241e+02 +4.3379e-01 +3.0692e-02 +9.8026e-02 +3.4094e-01 +2.4727e-01 +1.7369e-01 -1.1375e-01 -3.0566e-01 +1.1285e-01 -1.5359e-01
4 0 +8.132615665e+00 +1.478226157e+02 +1.478226157e+02 +2.1661e-01 -2.7248e-01 -1.4933e-01 +1.8171e-01 -5.0930e-01 +2.3317e-01 -2.5183e-01 -1.2653e-01 +4.3300e-01 -1.9345e-02
6 0 +6.964269807e+00 +1.466542698e+02 +1.466542698e+02 +1.8723e-01 -2.5702e-01 +1.5212e-01 +1.5671e-02 +5.1476e-01 -6.3323e-02 +3.7553e-01 -3.4671e-01 +9.3874e-02 -2.1343e-01
69 0 +6.815071735e+00 +1.465050717e+02 +1.465050717e+02 +8.5143e-01 -6.1707e-03 -1.0906e-01 +1.4175e-01 -9.8190e-01 +6.4103e-01 -2.1940e-02 -3.4548e-01 +8.5227e-01 +6.7718e-01
70 0 +6.407562064e+00 +1.460975621e+02 +1.460975621e+02 +1.1273e+00 -2.7396e-01 -4.6214e-01 +1.7678e-01 -1.0222e+00 +7.7725e-01 +4.3149e-01 -4.2031e-01 +6.9329e-01 +5.6488e-01
114 0 +5.604460632e+00 +1.452944606e+02 +1.452944606e+02 +4.9057e-01 +9.0751e-02 -1.1925e-01 -7.3503e-02 -1.0976e+00 +5.7543e-03 -6.7306e-02 +1.7904e-01 +8.6145e-01 +1.1721e+00
347 0 +4.942837171e+00 +1.446328372e+02 +1.446328372e+02 +8.5355e-01 +2.0687e-01 -7.3973e-01 +3.4944e-02 -1.1928e+00 +5.3628e-02 +7.3967e-01 -2.7353e-01 +6.7850e-01 +1.4539e+00
392 0 +4.466859295e+00 +1.441568593e+02 +1.441568593e+02 +9.5487e-01 +2.8121e-01 -1.1204e+00 +1.2759e-02 -1.7133e+00 -1.4798e-01 +9.0272e-01 -2.2519e-01 -2.2283e-02 +1.3032e+00
446 0 +3.893648010e+00 +1.435836480e+02 +1.435836480e+02 +8.2197e-01 +2.7476e-01 -1.1036e+00 +6.9819e-02 -1.1271e+00 +1.0069e-01 +7.9217e-01 -1.0733e-01 +3.4377e-01 +1.0993e+00
868 0 +1.931671646e+00 +1.416216716e+02 +1.416216716e+02 +1.0367e+00 +2.8074e-01 -9.6708e-01 +1.7448e-01 -1.2121e+00 -1.3607e-01 +7.2440e-01 +1.6837e-01 +3.4353e-01 +1.2895e+00
1030 0 +1.597445192e+00 +1.412874452e+02 +1.412874452e+02 +1.0324e+00 +2.8255e-01 -9.3931e-01 +1.8546e-01 -1.2199e+00 -9.8582e-02 +7.4034e-01 +1.2622e-01 +3.3288e-01 +1.3174e+00
1108 0 +1.287831242e+00 +1.409778312e+02 +1.409778312e+02 +1.0451e+00 +3.1021e-01 -9.5777e-01 +2.0069e-01 -1.2597e+00 -1.3249e-01 +7.3818e-01 +1.1712e-01 +3.3224e-01 +1.3275e+00
1148 0 +1.062503501e+00 +1.407525035e+02 +1.407525035e+02 +1.0461e+00 +3.0234e-01 -9.5470e-01 +2.0430e-01 -1.2599e+00 -1.3463e-01 +7.3927e-01 +1.1902e-01 +3.2943e-01 +1.3329e+00
1151 0 +9.203624318e-01 +1.406103624e+02 +1.406103624e+02 +1.0414e+00 +2.9908e-01 -9.5286e-01 +1.9654e-01 -1.2541e+00 -1.3104e-01 +7.4274e-01 +1.1467e-01 +3.2832e-01 +1.3310e+00
1226 0 +8.927878645e-01 +1.405827879e+02 +1.405827879e+02 +1.0560e+00 +3.0372e-01 -9.4879e-01 +2.0612e-01 -1.2634e+00 -1.2449e-01 +7.4365e-01 +1.1366e-01 +3.2626e-01 +1.3396e+00
1265 0 +7.839837259e-01 +1.404739837e+02 +1.404739837e+02 +1.0573e+00 +2.9408e-01 -9.4887e-01 +1.9908e-01 -1.2558e+00 -1.2919e-01 +7.5199e-01 +1.2521e-01 +3.2444e-01 +1.3434e+00
1271 0 +6.446476611e-01 +1.403346477e+02 +1.403346477e+02 +1.0558e+00 +2.9878e-01 -9.4678e-01 +1.9937e-01 -1.2639e+00 -1.3243e-01 +7.5037e-01 +1.2022e-01 +3.2117e-01 +1.3453e+00
1391 0 +6.194316636e-01 +1.403094317e+02 +1.403094317e+02 +1.0743e+00 +2.9679e-01 -9.5686e-01 +2.0022e-01 -1.2657e+00 -1.5163e-01 +7.5562e-01 +1.3190e-01 +3.2247e-01 +1.3457e+00
1392 0 +5.642270460e-01 +1.402542270e+02 +1.402542270e+02 +1.0636e+00 +2.9279e-01 -9.5436e-01 +1.9933e-01 -1.2625e+00 -1.5120e-01 +7.5943e-01 +1.2192e-01 +3.1672e-01 +1.3385e+00
1401 0 +5.491457362e-01 +1.402391457e+02 +1.402391457e+02 +1.0732e+00 +2.9572e-01 -9.5682e-01 +2.0125e-01 -1.2639e+00 -1.5026e-01 +7.5575e-01 +1.3018e-01 +3.2371e-01 +1.3429e+00
1437 0 +4.571215984e-01 +1.401471216e+02 +1.401471216e+02 +1.0765e+00 +2.9353e-01 -9.5742e-01 +2.0021e-01 -1.2614e+00 -1.5429e-01 +7.6279e-01 +1.2609e-01 +3.2465e-01 +1.3388e+00
1479 0 +4.281838057e-01 +1.401181838e+02 +1.401181838e+02 +1.0706e+00 +2.8491e-01 -9.5484e-01 +1.9240e-01 -1.2547e+00 -1.5008e-01 +7.5952e-01 +1.3410e-01 +3.1951e-01 +1.3341e+00
1481 0 +4.207156006e-01 +1.401107156e+02 +1.401107156e+02 +1.0724e+00 +2.8771e-01 -9.5805e-01 +1.9562e-01 -1.2564e+00 -1.5092e-01 +7.5755e-01 +1.3234e-01 +3.2311e-01 +1.3372e+00
1503 0 +4.023713831e-01 +1.400923714e+02 +1.400923714e+02 +1.0743e+00 +2.8700e-01 -9.5876e-01 +1.9600e-01 -1.2521e+00 -1.5356e-01 +7.5521e-01 +1.3865e-01 +3.2607e-01 +1.3358e+00
1531 0 +3.854083427e-01 +1.400754083e+02 +1.400754083e+02 +1.0705e+00 +2.8835e-01 -9.5583e-01 +1.9601e-01 -1.2554e+00 -1.5260e-01 +7.5746e-01 +1.3685e-01 +3.2188e-01 +1.3379e+00
1541 0 +3.720467735e-01 +1.400620468e+02 +1.400620468e+02 +1.0720e+00 +2.8949e-01 -9.5585e-01 +1.9600e-01 -1.2552e+00 -1.5252e-01 +7.5604e-01 +1.3746e-01 +3.2296e-01 +1.3372e+00
1580 0 +3.635976926e-01 +1.400535977e+02 +1.400535977e+02 +1.0752e+00 +2.8823e-01 -9.5589e-01 +1.9689e-01 -1.2548e+00 -1.5108e-01 +7.5734e-01 +1.3604e-01 +3.2486e-01 +1.3356e+00
1581 0 +3.598331716e-01 +1.400498332e+02 +1.400498332e+02 +1.0710e+00 +2.8838e-01 -9.5498e-01 +1.9539e-01 -1.2537e+00 -1.4857e-01 +7.5598e-01 +1.3682e-01 +3.2491e-01 +1.3364e+00
1641 0 +2.919141885e-01 +1.399819142e+02 +1.399819142e+02 +1.0719e+00 +2.8703e-01 -9.5507e-01 +1.9524e-01 -1.2510e+00 -1.4540e-01 +7.5459e-01 +1.3822e-01 +3.2638e-01 +1.3332e+00
1741 0 +2.570882816e-01 +1.399470883e+02 +1.399470883e+02 +1.0730e+00 +2.8647e-01 -9.5604e-01 +1.9447e-01 -1.2511e+00 -1.4880e-01 +7.5512e-01 +1.3972e-01 +3.2566e-01 +1.3345e+00
1751 0 +2.386315576e-01 +1.399286316e+02 +1.399286316e+02 +1.0728e+00 +2.8624e-01 -9.5571e-01 +1.9449e-01 -1.2506e+00 -1.4904e-01 +7.5521e-01 +1.3992e-01 +3.2531e-01 +1.3345e+00
1756 0 +2.225677788e-01 +1.399125678e+02 +1.399125678e+02 +1.0729e+00 +2.8585e-01 -9.5549e-01 +1.9421e-01 -1.2507e+00 -1.4882e-01 +7.5531e-01 +1.4038e-01 +3.2546e-01 +1.3349e+00
1812 0 +2.187274560e-01 +1.399087275e+02 +1.399087275e+02 +1.0727e+00 +2.8569e-01 -9.5518e-01 +1.9404e-01 -1.2507e+00 -1.4864e-01 +7.5531e-01 +1.4082e-01 +3.2567e-01 +1.3354e+00
1871 0 +2.102278248e-01 +1.399002278e+02 +1.399002278e+02 +1.0722e+00 +2.8591e-01 -9.5511e-01 +1.9389e-01 -1.2508e+00 -1.4865e-01 +7.5538e-01 +1.4045e-01 +3.2552e-01 +1.3356e+00
1875 0 +2.087801882e-01 +1.398987802e+02 +1.398987802e+02 +1.0726e+00 +2.8569e-01 -9.5528e-01 +1.9353e-01 -1.2505e+00 -1.4919e-01 +7.5547e-01 +1.4126e-01 +3.2545e-01 +1.3357e+00
1940 0 +2.032598373e-01 +1.398932598e+02 +1.398932598e+02 +1.0722e+00 +2.8550e-01 -9.5516e-01 +1.9351e-01 -1.2505e+00 -1.4882e-01 +7.5564e-01 +1.4071e-01 +3.2557e-01 +1.3359e+00
1998 0 +1.909171954e-01 +1.398809172e+02 +1.398809172e+02 +1.0726e+00 +2.8542e-01 -9.5504e-01 +1.9338e-01 -1.2505e+00 -1.4888e-01 +7.5577e-01 +1.4108e-01 +3.2546e-01 +1.3362e+00
2061 0 +1.900626813e-01 +1.398800627e+02 +1.398800627e+02 +1.0726e+00 +2.8554e-01 -9.5500e-01 +1.9345e-01 -1.2505e+00 -1.4867e-01 +7.5564e-01 +1.4093e-01 +3.2544e-01 +1.3359e+00
2111 0 +1.850397841e-01 +1.398750398e+02 +1.398750398e+02 +1.0725e+00 +2.8554e-01 -9.5499e-01 +1.9355e-01 -1.2507e+00 -1.4878e-01 +7.5567e-01 +1.4094e-01 +3.2535e-01 +1.3359e+00
2244 0 +1.811690043e-01 +1.398711690e+02 +1.398711690e+02 +1.0725e+00 +2.8549e-01 -9.5496e-01 +1.9349e-01 -1.2506e+00 -1.4872e-01 +7.5570e-01 +1.4094e-01 +3.2538e-01 +1.3359e+00
2611 0 +1.777567258e-01 +1.398677567e+02 +1.398677567e+02 +1.0725e+00 +2.8546e-01 -9.5496e-01 +1.9350e-01 -1.2506e+00 -1.4872e-01 +7.5572e-01 +1.4097e-01 +3.2538e-01 +1.3359e+00
% f evaluations | g evaluations | best noise-free fitness - Fopt (-5.794000000000e+01) + sum g_i+ | measured fitness | best measured fitness or single-digit g-values | x1 | x2...
1 0 +1.147678309e+01 -4.646321691e+01 -4.646321691e+01 +0.0000e+00 +0.0000e+00 +0.0000e+00 +0.0000e+00 +0.0000e+00 +0.0000e+00 +0.0000e+00 +0.0000e+00 +0.0000e+00 +0.0000e+00
7 0 +9.578538178e+00 -4.836146182e+01 -4.836146182e+01 -2.6321e-01 +2.3560e-01 -2.9494e-01 -4.1433e-02 -2.1060e-01 +1.1878e-01 +8.3286e-02 -6.4943e-01 +2.1039e-01 -1.8282e-01
10 0 +9.320632186e+00 -4.861936781e+01 -4.861936781e+01 +3.2216e-01 -3.3442e-01 +1.9285e-01 -3.1559e-01 -1.5896e-01 +1.8278e-01 -2.1053e-01 +1.4883e-01 -4.2076e-01 -2.0280e-01
23 0 +4.179131669e+00 -5.376086833e+01 -5.376086833e+01 +5.2361e-01 -8.8537e-02 -1.6179e-01 -3.2507e-01 -4.5806e-01 +1.2154e-01 -4.4903e-01 -7.1014e-01 +2.0944e-01 +4.5282e-01
230 0 +3.798571039e+00 -5.414142896e+01 -5.414142896e+01 +3.7617e-01 -1.6574e-01 +3.7675e-01 -5.9272e-02 -2.1493e-01 +1.9296e-01 -2.1070e-01 -2.5847e-01 +1.0664e-01 +4.5842e-01
371 0 +2.874128232e+00 -5.506587177e+01 -5.506587177e+01 +9.8357e-01 -3.2747e-01 -3.4804e-01 +9.4907e-02 -8.2218e-01 +2.4981e-01 +6.6239e-01 -3.9418e-01 -4.1440e-01 +5.1937e-01
377 0 +2.683982587e+00 -5.525601741e+01 -5.525601741e+01 +1.2594e+00 -3.6951e-01 -3.0274e-01 +1.0875e-01 -7.2943e-01 +1.9559e-01 +5.5258e-01 -5.5041e-01 -3.4090e-01 +6.4235e-01
484 0 +2.409365153e+00 -5.553063485e+01 -5.553063485e+01 +1.2188e+00 -5.8946e-01 -2.8896e-01 +1.2024e-01 -3.8532e-01 +4.2800e-01 +7.1825e-01 -5.1971e-01 -5.1212e-01 +8.8285e-02
843 0 +2.387205085e+00 -5.555279491e+01 -5.555279491e+01 +1.1226e+00 -4.7287e-01 -4.0434e-01 +3.9780e-02 -8.0554e-01 +4.2311e-01 +9.5117e-01 -1.9816e-01 -6.4292e-01 +4.9016e-02
871 0 +1.905315479e+00 -5.603468452e+01 -5.603468452e+01 +1.1280e+00 -5.0783e-01 -4.1083e-01 +3.8363e-02 -8.0354e-01 +4.3790e-01 +9.6562e-01 -2.0916e-01 -6.5353e-01 +3.6587e-02
901 0 +1.612967628e+00 -5.632703237e+01 -5.632703237e+01 +1.1349e+00 -4.9868e-01 -4.0332e-01 +3.6165e-02 -7.9201e-01 +4.3693e-01 +9.4958e-01 -2.1825e-01 -6.5005e-01 +5.3454e-02
918 0 +1.566179744e+00 -5.637382026e+01 -5.637382026e+01 +1.1218e+00 -5.0182e-01 -4.2806e-01 +3.5854e-02 -7.9237e-01 +4.3355e-01 +9.6289e-01 -2.1446e-01 -6.5794e-01 +4.4762e-02
956 0 +9.086072418e-01 -5.703139276e+01 -5.703139276e+01 +1.1201e+00 -4.9877e-01 -4.2308e-01 +3.8755e-02 -7.9911e-01 +4.4049e-01 +9.7540e-01 -2.2566e-01 -6.5544e-01 +2.9680e-02
991 0 +7.178260588e-01 -5.722217394e+01 -5.722217394e+01 +1.1174e+00 -4.9550e-01 -4.2655e-01 +3.5012e-02 -7.9384e-01 +4.3709e-01 +9.7317e-01 -2.2164e-01 -6.5640e-01 +2.4207e-02
1021 0 +6.956304069e-01 -5.724436959e+01 -5.724436959e+01 +1.1143e+00 -4.9450e-01 -4.2509e-01 +3.4292e-02 -7.9503e-01 +4.3951e-01 +9.7217e-01 -2.2451e-01 -6.5798e-01 +2.0649e-02
1060 0 +5.002936391e-01 -5.743970636e+01 -5.743970636e+01 +1.1146e+00 -4.9256e-01 -4.2274e-01 +3.3764e-02 -7.9370e-01 +4.3032e-01 +9.6808e-01 -2.3000e-01 -6.5669e-01 +2.4590e-02
1192 0 +4.889622473e-01 -5.745103775e+01 -5.745103775e+01 +1.1194e+00 -4.9297e-01 -4.2526e-01 +3.7828e-02 -7.9983e-01 +4.3316e-01 +9.6827e-01 -2.3080e-01 -6.5660e-01 +3.3580e-02
1208 0 +4.349705197e-01 -5.750502948e+01 -5.750502948e+01 +1.1224e+00 -4.9272e-01 -4.2500e-01 +4.0243e-02 -8.0139e-01 +4.3482e-01 +9.7195e-01 -2.2760e-01 -6.5613e-01 +3.5085e-02
1261 0 +4.147814055e-01 -5.752521859e+01 -5.752521859e+01 +1.1262e+00 -4.9267e-01 -4.2299e-01 +3.9283e-02 -8.0137e-01 +4.3221e-01 +9.6862e-01 -2.2988e-01 -6.5648e-01 +3.9605e-02
1271 0 +3.853617657e-01 -5.755463823e+01 -5.755463823e+01 +1.1271e+00 -4.9314e-01 -4.2154e-01 +3.9401e-02 -8.0212e-01 +4.3126e-01 +9.6825e-01 -2.3082e-01 -6.5625e-01 +3.9814e-02
1281 0 +3.795953316e-01 -5.756040467e+01 -5.756040467e+01 +1.1262e+00 -4.9343e-01 -4.2240e-01 +3.9640e-02 -8.0179e-01 +4.3231e-01 +9.6892e-01 -2.3082e-01 -6.5727e-01 +3.9582e-02
1384 0 +3.676590437e-01 -5.757234096e+01 -5.757234096e+01 +1.1284e+00 -4.9248e-01 -4.2103e-01 +3.8940e-02 -8.0375e-01 +4.3025e-01 +9.6929e-01 -2.3237e-01 -6.5512e-01 +4.0231e-02
1490 0 +3.417793567e-01 -5.759822064e+01 -5.759822064e+01 +1.1299e+00 -4.9348e-01 -4.2076e-01 +4.0459e-02 -8.0195e-01 +4.3139e-01 +9.6857e-01 -2.3006e-01 -6.5600e-01 +4.2478e-02
1521 0 +3.317954111e-01 -5.760820459e+01 -5.760820459e+01 +1.1292e+00 -4.9365e-01 -4.2083e-01 +4.0413e-02 -8.0176e-01 +4.3082e-01 +9.6829e-01 -2.2984e-01 -6.5624e-01 +4.2311e-02
1531 0 +3.135629697e-01 -5.762643703e+01 -5.762643703e+01 +1.1290e+00 -4.9345e-01 -4.2111e-01 +4.0511e-02 -8.0204e-01 +4.3106e-01 +9.6872e-01 -2.3019e-01 -6.5640e-01 +4.1825e-02
1561 0 +2.944186060e-01 -5.764558139e+01 -5.764558139e+01 +1.1290e+00 -4.9316e-01 -4.2154e-01 +4.0551e-02 -8.0195e-01 +4.3119e-01 +9.6873e-01 -2.3036e-01 -6.5644e-01 +4.1962e-02
1751 0 +2.858839711e-01 -5.765411603e+01 -5.765411603e+01 +1.1276e+00 -4.9284e-01 -4.2247e-01 +4.0510e-02 -8.0111e-01 +4.3133e-01 +9.6892e-01 -2.3024e-01 -6.5674e-01 +4.0821e-02
1771 0 +2.818278364e-01 -5.765817216e+01 -5.765817216e+01 +1.1280e+00 -4.9293e-01 -4.2229e-01 +4.0593e-02 -8.0138e-01 +4.3134e-01 +9.6887e-01 -2.3020e-01 -6.5673e-01 +4.1208e-02
2400 0 +2.753704856e-01 -5.766462951e+01 -5.766462951e+01 +1.1279e+00 -4.9298e-01 -4.2230e-01 +4.0663e-02 -8.0146e-01 +4.3149e-01 +9.6894e-01 -2.3023e-01 -6.5675e-01 +4.1191e-02
% f evaluations | g evaluations | best noise-free fitness - Fopt (1.253900000000e+02) + sum g_i+ | measured fitness | best measured fitness or single-digit g-values | x1 | x2...
1 0 +1.698073339e+01 +1.423707334e+02 +1.423707334e+02 +0.0000e+00 +0.0000e+00 +0.0000e+00 +0.0000e+00 +0.0000e+00 +0.0000e+00 +0.0000e+00 +0.0000e+00 +0.0000e+00 +0.0000e+00
2 0 +1.116168643e+01 +1.365516864e+02 +1.365516864e+02 +4.3379e-01 +3.0692e-02 +9.8026e-02 +3.4094e-01 +2.4727e-01 +1.7369e-01 -1.1375e-01 -3.0566e-01 +1.1285e-01 -1.5359e-01
9 0 +8.625981895e+00 +1.340159819e+02 +1.340159819e+02 +3.2075e-01 -8.8256e-02 -1.5931e-01 -1.1698e-01 -2.3584e-01 +6.5800e-02 +8.0156e-02 +3.1223e-01 +4.1734e-01 -8.7755e-02
20 0 +8.129828367e+00 +1.335198284e+02 +1.335198284e+02 +7.1253e-02 +1.2829e-01 -1.2802e-01 -2.7847e-01 +5.0735e-03 -1.0347e-01 +7.7952e-01 -1.0697e-01 +1.9379e-01 +1.1984e-01
35 0 +6.682885675e+00 +1.320728857e+02 +1.320728857e+02 +3.6107e-01 -2.5160e-01 -2.6924e-01 +3.6255e-01 -4.0101e-01 +4.2899e-01 +4.8390e-01 -6.2856e-02 +6.5254e-02 +3.9674e-01
118 0 +2.727243776e+00 +1.281172438e+02 +1.281172438e+02 +5.1207e-01 +1.0950e-01 -5.6236e-01 +2.0915e-01 -3.4938e-01 +6.6529e-02 +5.4403e-01 -2.5589e-01 +5.3196e-01 +5.6657e-01
595 0 +2.486169434e+00 +1.278761694e+02 +1.278761694e+02 +9.8535e-01 +2.9172e-01 -1.1357e+00 +6.3619e-02 -2.5913e-01 +2.9083e-01 +1.0047e+00 -4.7374e-01 +1.9996e-01 +8.8412e-01
651 0 +1.283721388e+00 +1.266737214e+02 +1.266737214e+02 +9.8558e-01 +2.8276e-01 -1.1290e+00 +6.2935e-02 -2.7485e-01 +2.7011e-01 +1.0053e+00 -4.5117e-01 +1.7526e-01 +8.7694e-01
861 0 +7.692458533e-01 +1.261592459e+02 +1.261592459e+02 +9.6747e-01 +2.6442e-01 -1.1260e+00 +6.0158e-02 -2.7412e-01 +2.4885e-01 +9.7477e-01 -4.5058e-01 +1.5902e-01 +8.6601e-01
997 0 +7.480794306e-01 +1.261380794e+02 +1.261380794e+02 +9.7284e-01 +2.5794e-01 -1.1264e+00 +4.9733e-02 -2.8537e-01 +2.4586e-01 +9.7532e-01 -4.5697e-01 +1.5586e-01 +8.7242e-01
1071 0 +6.955861602e-01 +1.260855862e+02 +1.260855862e+02 +9.7208e-01 +2.5825e-01 -1.1269e+00 +5.2560e-02 -2.8194e-01 +2.4771e-01 +9.7410e-01 -4.6072e-01 +1.5177e-01 +8.7029e-01
1081 0 +6.677370871e-01 +1.260577371e+02 +1.260577371e+02 +9.7343e-01 +2.5894e-01 -1.1291e+00 +5.4550e-02 -2.8421e-01 +2.4911e-01 +9.7468e-01 -4.5988e-01 +1.5264e-01 +8.7220e-01
1086 0 +6.466701373e-01 +1.260366701e+02 +1.260366701e+02 +9.7500e-01 +2.5841e-01 -1.1278e+00 +5.4916e-02 -2.8158e-01 +2.5026e-01 +9.7342e-01 -4.5887e-01 +1.5738e-01 +8.6987e-01
1091 0 +5.228080494e-01 +1.259128080e+02 +1.259128080e+02 +9.7452e-01 +2.6001e-01 -1.1285e+00 +5.5772e-02 -2.8363e-01 +2.4820e-01 +9.7244e-01 -4.5975e-01 +1.5361e-01 +8.7173e-01
1286 0 +4.671550308e-01 +1.258571550e+02 +1.258571550e+02 +9.7640e-01 +2.6128e-01 -1.1308e+00 +5.6369e-02 -2.8380e-01 +2.4980e-01 +9.6950e-01 -4.6108e-01 +1.5520e-01 +8.7233e-01
1401 0 +4.397318251e-01 +1.258297318e+02 +1.258297318e+02 +9.7809e-01 +2.5973e-01 -1.1316e+00 +5.5448e-02 -2.8469e-01 +2.4909e-01 +9.6895e-01 -4.6210e-01 +1.5497e-01 +8.7143e-01
1411 0 +4.288842001e-01 +1.258188842e+02 +1.258188842e+02 +9.7851e-01 +2.5962e-01 -1.1315e+00 +5.5238e-02 -2.8469e-01 +2.4890e-01 +9.6884e-01 -4.6219e-01 +1.5510e-01 +8.7104e-01
1441 0 +4.147737095e-01 +1.258047737e+02 +1.258047737e+02 +9.7867e-01 +2.5995e-01 -1.1315e+00 +5.5449e-02 -2.8476e-01 +2.4909e-01 +9.6948e-01 -4.6224e-01 +1.5543e-01 +8.7123e-01
1503 0 +3.960341415e-01 +1.257860341e+02 +1.257860341e+02 +9.7802e-01 +2.5977e-01 -1.1310e+00 +5.5509e-02 -2.8411e-01 +2.4897e-01 +9.6883e-01 -4.6179e-01 +1.5528e-01 +8.7123e-01
1841 0 +3.889291340e-01 +1.257789291e+02 +1.257789291e+02 +9.7794e-01 +2.6029e-01 -1.1311e+00 +5.5849e-02 -2.8423e-01 +2.4925e-01 +9.6891e-01 -4.6192e-01 +1.5529e-01 +8.7155e-01
2284 0 +3.798693342e-01 +1.257698693e+02 +1.257698693e+02 +9.7800e-01 +2.6017e-01 -1.1310e+00 +5.5678e-02 -2.8426e-01 +2.4922e-01 +9.6899e-01 -4.6188e-01 +1.5537e-01 +8.7145e-01
2459 0 +3.714232231e-01 +1.257614232e+02 +1.257614232e+02 +9.7818e-01 +2.5989e-01 -1.1308e+00 +5.5393e-02 -2.8436e-01 +2.4906e-01 +9.6904e-01 -4.6187e-01 +1.5542e-01 +8.7121e-01
