% f evaluations | g evaluations | best noise-free fitness - Fopt (-4.620900000000e+02) + sum g_i+ | measured fitness | best measured fitness or single-digit g-values | x1 | x2...
1 0 +1.270868857e+02 -3.350031143e+02 -3.350031143e+02 +0.0000e+00 +0.0000e+00 +0.0000e+00 +0.0000e+00 +0.0000e+00
2 0 +1.113105502e+02 -3.507794498e+02 -3.507794498e+02 +4.3379e-01 +3.0692e-02 +9.8026e-02 +3.4094e-01 +2.4727e-01
8 0 +1.046677069e+02 -3.574222931e+02 -3.574222931e+02 -9.0564e-02 +8.4424e-02 -2.8183e-02 -1.8777e-01 +7.4957e-02
30 0 +9.483937033e+01 -3.672506297e+02 -3.672506297e+02 +7.8155e-01 +1.2822e-01 +4.9669e-01 -3.6084e-02 +5.0873e-01
31 0 +8.614948926e+01 -3.759405107e+02 -3.759405107e+02 +9.5450e-01 -5.7843e-02 -7.2562e-02 +7.9968e-02 +1.1620e+00
46 0 +7.479692825e+01 -3.872930717e+02 -3.872930717e+02 +7.7717e-01 +1.7464e-01 -8.6075e-02 +1.9186e-01 +8.5156e-01
49 0 +5.820017636e+01 -4.038898236e+02 -4.038898236e+02 +8.6791e-01 +1.7862e-01 -1.0298e-01 +2.3492e-01 +1.3288e+00
113 0 +5.443513051e+01 -4.076548695e+02 -4.076548695e+02 +1.0409e+00 -1.0267e-02 -1.2367e-01 +3.7419e-01 +1.9931e+00
179 0 +4.872643651e+01 -4.133635635e+02 -4.133635635e+02 +5.5686e-01 +1.3452e-02 -2.3457e-01 +3.1475e-01 +1.9721e+00
221 0 +4.683038099e+01 -4.152596190e+02 -4.152596190e+02 +5.4906e-01 +9.3997e-02 -1.6300e-01 +3.8902e-01 +2.3056e+00
226 0 +4.542880422e+01 -4.166611958e+02 -4.166611958e+02 +5.3287e-01 +5.4120e-02 -1.9999e-01 +3.5353e-01 +2.2937e+00
257 0 +4.347161826e+01 -4.186183817e+02 -4.186183817e+02 +5.9937e-01 +1.3339e-01 -4.7379e-02 +2.5992e-01 +2.6308e+00
258 0 +4.112852195e+01 -4.209614780e+02 -4.209614780e+02 +5.3993e-01 +5.5432e-03 -1.3564e-01 +2.6602e-01 +2.3009e+00
283 0 +3.767973366e+01 -4.244102663e+02 -4.244102663e+02 +5.8711e-01 +4.9442e-02 -1.1400e-01 +3.0193e-01 +2.3125e+00
418 0 +3.674947662e+01 -4.253405234e+02 -4.253405234e+02 +5.8157e-01 +6.2523e-02 -6.5424e-02 +3.1738e-01 +2.3021e+00
468 0 +3.618240026e+01 -4.259075997e+02 -4.259075997e+02 +5.9500e-01 +4.4627e-02 -6.3221e-02 +3.2287e-01 +2.2967e+00
648 0 +3.527600758e+01 -4.268139924e+02 -4.268139924e+02 +6.6444e-01 +3.8842e-02 -5.5025e-02 +3.2425e-01 +2.2993e+00
% f evaluations | g evaluations | best noise-free fitness - Fopt (7.766000000000e+01) + sum g_i+ | measured fitness | best measured fitness or single-digit g-values | x1 | x2...
1 0 +2.502431191e+02 +3.279031191e+02 +3.279031191e+02 +0.0000e+00 +0.0000e+00 +0.0000e+00 +0.0000e+00 +0.0000e+00
2 0 +2.472716318e+02 +3.249316318e+02 +3.249316318e+02 +4.3379e-01 +3.0692e-02 +9.8026e-02 +3.4094e-01 +2.4727e-01
3 0 +2.224524168e+02 +3.001124168e+02 +3.001124168e+02 +1.7369e-01 -1.1375e-01 -3.0566e-01 +1.1285e-01 -1.5359e-01
6 0 +1.572207600e+02 +2.348807600e+02 +2.348807600e+02 +2.1661e-01 -2.7248e-01 -1.4933e-01 +1.8171e-01 -5.0930e-01
14 0 +1.546881954e+02 +2.323481954e+02 +2.323481954e+02 +4.0349e-01 -9.9959e-02 -7.2929e-01 +4.9039e-01 -2.9637e-01
16 0 +1.407640701e+02 +2.184240701e+02 +2.184240701e+02 +3.2133e-01 -5.3508e-01 -5.3047e-02 +6.6127e-01 -5.5724e-01
23 0 +1.357278334e+02 +2.133878334e+02 +2.133878334e+02 +1.1345e+00 -3.9420e-01 -4.2938e-01 +7.2400e-01 -7.2964e-01
24 0 +1.179100726e+02 +1.955700726e+02 +1.955700726e+02 +4.6892e-01 -2.8139e-01 +1.3366e-01 +6.3159e-01 -7.0786e-01
28 0 +1.153089123e+02 +1.929689123e+02 +1.929689123e+02 +5.9990e-01 -1.0892e-01 -3.2623e-01 +6.8201e-01 -6.3898e-01
33 0 +9.811893028e+01 +1.757789303e+02 +1.757789303e+02 +1.2055e+00 +4.2398e-01 -4.7933e-01 +1.4235e+00 -1.0885e+00
34 0 +8.940360218e+01 +1.670636022e+02 +1.670636022e+02 +1.2723e+00 +2.7439e-01 -6.5123e-01 +1.2053e+00 -1.1752e+00
36 0 +7.166643014e+01 +1.493264301e+02 +1.493264301e+02 +1.3107e+00 -2.5357e-01 -6.9757e-01 +1.0963e+00 -8.9302e-01
42 0 +6.949722631e+01 +1.471572263e+02 +1.471572263e+02 +2.1443e+00 +5.5566e-01 -5.8810e-01 +1.8129e+00 -1.1074e+00
47 0 +5.678942921e+01 +1.344494292e+02 +1.344494292e+02 +1.9166e+00 +4.6347e-01 -1.2945e+00 +1.7111e+00 -2.2005e+00
62 0 +1.758100968e+01 +9.524100968e+01 +9.524100968e+01 +2.2118e+00 -1.8159e-01 -1.2305e+00 +2.3948e+00 -2.4619e+00
153 0 +1.601768511e+01 +9.367768511e+01 +9.367768511e+01 +3.4897e+00 -9.3341e-01 -1.7572e+00 +3.7642e+00 -2.1168e+00
525 0 +1.570244497e+01 +9.336244497e+01 +9.336244497e+01 +3.1554e+00 -8.4551e-01 -1.8689e+00 +3.7930e+00 -2.1026e+00
554 0 +1.528077931e+01 +9.294077931e+01 +9.294077931e+01 +3.1853e+00 -8.5398e-01 -1.8553e+00 +3.8023e+00 -2.0966e+00
585 0 +1.493380627e+01 +9.259380627e+01 +9.259380627e+01 +3.1877e+00 -8.5427e-01 -1.8641e+00 +3.7940e+00 -2.0974e+00
591 0 +1.473108202e+01 +9.239108202e+01 +9.239108202e+01 +3.1981e+00 -8.5792e-01 -1.8456e+00 +3.7922e+00 -2.0979e+00
596 0 +1.366553290e+01 +9.132553290e+01 +9.132553290e+01 +3.2227e+00 -8.6179e-01 -1.8686e+00 +3.7879e+00 -2.1117e+00
615 0 +1.275617406e+01 +9.041617406e+01 +9.041617406e+01 +3.2413e+00 -8.5652e-01 -1.8756e+00 +3.7991e+00 -2.1107e+00
616 0 +9.970365946e+00 +8.763036595e+01 +8.763036595e+01 +3.2893e+00 -8.2745e-01 -1.8863e+00 +3.7898e+00 -2.1180e+00
624 0 +9.301721165e+00 +8.696172117e+01 +8.696172117e+01 +3.2976e+00 -8.2211e-01 -1.8853e+00 +3.7969e+00 -2.1087e+00
625 0 +6.642536452e+00 +8.430253645e+01 +8.430253645e+01 +3.3365e+00 -8.4547e-01 -1.8392e+00 +3.8021e+00 -2.1133e+00
638 0 +6.035189906e+00 +8.369518991e+01 +8.369518991e+01 +3.4113e+00 -8.4699e-01 -1.8872e+00 +3.8126e+00 -2.1350e+00
649 0 +5.269215008e+00 +8.292921501e+01 +8.292921501e+01 +3.3884e+00 -8.2454e-01 -1.8888e+00 +3.8041e+00 -2.1301e+00
665 0 +5.032549543e+00 +8.269254954e+01 +8.269254954e+01 +3.3667e+00 -8.4520e-01 -1.8414e+00 +3.8027e+00 -2.1025e+00
673 0 +4.889067119e+00 +8.254906712e+01 +8.254906712e+01 +3.3888e+00 -8.2728e-01 -1.8722e+00 +3.8010e+00 -2.1281e+00
818 0 +4.440269513e+00 +8.210026951e+01 +8.210026951e+01 +3.3774e+00 -8.3657e-01 -1.8645e+00 +3.7904e+00 -2.1163e+00
839 0 +4.364022987e+00 +8.202402299e+01 +8.202402299e+01 +3.3967e+00 -8.2556e-01 -1.8659e+00 +3.7908e+00 -2.1146e+00
874 0 +4.237032521e+00 +8.189703252e+01 +8.189703252e+01 +3.3920e+00 -8.3859e-01 -1.8639e+00 +3.7868e+00 -2.1148e+00
917 0 +4.134446254e+00 +8.179444625e+01 +8.179444625e+01 +3.3985e+00 -8.4579e-01 -1.8641e+00 +3.7914e+00 -2.1165e+00
1122 0 +4.073306654e+00 +8.173330665e+01 +8.173330665e+01 +3.3950e+00 -8.5228e-01 -1.8558e+00 +3.7910e+00 -2.1113e+00
1821 0 +3.980952833e+00 +8.164095283e+01 +8.164095283e+01 +3.3958e+00 -8.5592e-01 -1.8686e+00 +3.7918e+00 -2.1027e+00
% f evaluations | g evaluations | best noise-free fitness - Fopt (1.156800000000e+02) + sum g_i+ | measured fitness | best measured fitness or single-digit g-values | x1 | x2...
1 0 +4.301878994e+02 +5.458678994e+02 +5.458678994e+02 +0.0000e+00 +0.0000e+00 +0.0000e+00 +0.0000e+00 +0.0000e+00
3 0 +3.730450276e+02 +4.887250276e+02 +4.887250276e+02 +1.7369e-01 -1.1375e-01 -3.0566e-01 +1.1285e-01 -1.5359e-01
6 0 +2.959233073e+02 +4.116033073e+02 +4.116033073e+02 +2.1661e-01 -2.7248e-01 -1.4933e-01 +1.8171e-01 -5.0930e-01
23 0 +2.303935496e+02 +3.460735496e+02 +3.460735496e+02 +7.4056e-01 -2.9925e-01 -3.1534e-01 +4.1677e-01 -6.9464e-01
33 0 +2.235516271e+02 +3.392316271e+02 +3.392316271e+02 +7.1742e-01 +2.1574e-01 -1.8280e-01 +7.1806e-01 -9.8610e-01
37 0 +1.956601203e+02 +3.113401203e+02 +3.113401203e+02 +7.8487e-01 -1.6694e-01 -2.3269e-01 +4.5429e-01 -9.9665e-01
44 0 +1.870874753e+02 +3.027674753e+02 +3.027674753e+02 +1.3837e+00 -1.7102e-01 -2.9556e-01 +3.0015e-01 -1.4995e+00
47 0 +1.296761351e+02 +2.453561351e+02 +2.453561351e+02 +1.1133e+00 +2.3545e-02 -7.0178e-01 +5.5723e-01 -1.8295e+00
62 0 +1.115030174e+02 +2.271830174e+02 +2.271830174e+02 +1.2470e+00 -3.9844e-01 -5.5038e-01 +8.1866e-01 -2.1087e+00
72 0 +8.613043363e+01 +2.018104336e+02 +2.018104336e+02 +1.0670e+00 +2.4652e-01 -1.4473e+00 +1.4744e+00 -2.5310e+00
76 0 +7.652602347e+01 +1.922060235e+02 +1.922060235e+02 +1.7960e+00 -2.2947e-01 -1.2607e+00 +1.4423e+00 -2.1629e+00
78 0 +7.456212599e+01 +1.902421260e+02 +1.902421260e+02 +3.7701e+00 -2.7340e-01 -1.3349e+00 +2.1187e+00 -3.1480e+00
94 0 +5.857538112e+01 +1.742553811e+02 +1.742553811e+02 +1.6292e+00 -9.6581e-01 -1.2735e+00 +2.6625e+00 -2.1069e+00
128 0 +5.192410493e+01 +1.676041049e+02 +1.676041049e+02 +2.7979e+00 -1.7156e+00 -2.0214e+00 +2.6168e+00 -3.5594e+00
236 0 +4.980318383e+01 +1.654831838e+02 +1.654831838e+02 +1.9664e+00 -2.1113e-01 -1.3161e+00 +2.5505e+00 -2.8619e+00
243 0 +3.859568869e+01 +1.542756887e+02 +1.542756887e+02 +1.7207e+00 -3.3579e-01 -1.1917e+00 +3.0971e+00 -3.1922e+00
244 0 +3.619397013e+01 +1.518739701e+02 +1.518739701e+02 +1.8656e+00 -2.9167e-01 -1.2270e+00 +2.6925e+00 -2.9613e+00
577 0 +3.527252930e+01 +1.509525293e+02 +1.509525293e+02 +1.7972e+00 -2.1466e-01 -1.3035e+00 +2.2037e+00 -2.9472e+00
588 0 +3.442692189e+01 +1.501069219e+02 +1.501069219e+02 +1.8045e+00 -1.9712e-01 -1.3100e+00 +2.1950e+00 -2.9843e+00
803 0 +3.384841387e+01 +1.495284139e+02 +1.495284139e+02 +1.8161e+00 -1.4755e-01 -1.3023e+00 +2.2073e+00 -2.9811e+00
% f evaluations | g evaluations | best noise-free fitness - Fopt (-3.710000000000e+00) + sum g_i+ | measured fitness | best measured fitness or single-digit g-values | x1 | x2...
1 0 +2.700190966e+02 +2.663090966e+02 +2.663090966e+02 +0.0000e+00 +0.0000e+00 +0.0000e+00 +0.0000e+00 +0.0000e+00
2 0 +2.446615156e+02 +2.409515156e+02 +2.409515156e+02 +4.3379e-01 +3.0692e-02 +9.8026e-02 +3.4094e-01 +2.4727e-01
5 0 +1.990711933e+02 +1.953611933e+02 +1.953611933e+02 +5.3256e-02 -2.3477e-01 +7.8699e-02 +1.0710e-01 +2.4729e-01
31 0 +1.943717797e+02 +1.906617797e+02 +1.906617797e+02 +1.0140e+00 -3.5277e-02 -7.9127e-02 -1.4192e-02 +1.7347e+00
37 0 +1.769346691e+02 +1.732246691e+02 +1.732246691e+02 +1.0147e+00 +1.4795e-01 +1.2204e-01 +1.7680e-01 +9.0832e-01
42 0 +1.645631179e+02 +1.608531179e+02 +1.608531179e+02 +1.7882e+00 +6.5016e-01 +2.7731e-01 +5.8565e-01 +1.3606e+00
48 0 +1.364935458e+02 +1.327835458e+02 +1.327835458e+02 +1.8568e+00 +5.5340e-01 -4.1831e-01 +4.4916e-01 +2.4261e+00
59 0 +1.305689174e+02 +1.268589174e+02 +1.268589174e+02 +2.1192e+00 +6.8438e-01 -3.6532e-01 +6.5549e-01 +3.1706e+00
64 0 +1.189301870e+02 +1.152201870e+02 +1.152201870e+02 +2.2314e+00 +2.8030e-01 +1.6157e-01 +4.9343e-01 +3.0055e+00
77 0 +1.022266591e+02 +9.851665909e+01 +9.851665909e+01 +2.9209e+00 -2.5763e-02 +5.5353e-01 +1.3872e+00 +3.5532e+00
83 0 +9.395199564e+01 +9.024199564e+01 +9.024199564e+01 +3.0700e+00 +1.6483e-01 +6.9438e-01 +1.0324e+00 +2.4470e+00
95 0 +9.317726665e+01 +8.946726665e+01 +8.946726665e+01 +4.1408e+00 -1.5899e+00 +4.5342e-01 +1.7833e+00 +4.7878e+00
99 0 +7.352655786e+01 +6.981655786e+01 +6.981655786e+01 +3.0038e+00 -5.7771e-01 +3.3424e-01 +2.2493e+00 +3.6732e+00
100 0 +6.231050888e+01 +5.860050888e+01 +5.860050888e+01 +3.0172e+00 -8.2147e-01 +5.3477e-01 +1.7841e+00 +3.5946e+00
115 0 +5.484137589e+01 +5.113137589e+01 +5.113137589e+01 +2.0976e+00 -1.4184e+00 +6.6090e-01 +1.8782e+00 +2.9668e+00
143 0 +3.424618657e+01 +3.053618657e+01 +3.053618657e+01 +3.0553e+00 -1.5120e+00 +7.3828e-01 +2.3707e+00 +3.9416e+00
193 0 +2.597751802e+01 +2.226751802e+01 +2.226751802e+01 +3.0367e+00 -1.0242e+00 +1.2764e+00 +2.7569e+00 +3.7573e+00
275 0 +2.363978586e+01 +1.992978586e+01 +1.992978586e+01 +2.2273e+00 -7.5917e-01 +1.2654e+00 +2.6892e+00 +3.1637e+00
409 0 +2.330115770e+01 +1.959115770e+01 +1.959115770e+01 +2.3014e+00 -7.6306e-01 +1.7568e+00 +3.0586e+00 +3.4606e+00
432 0 +2.199095632e+01 +1.828095632e+01 +1.828095632e+01 +2.3419e+00 -7.6282e-01 +1.7691e+00 +3.0357e+00 +3.4969e+00
477 0 +1.798159729e+01 +1.427159729e+01 +1.427159729e+01 +2.2559e+00 -7.4310e-01 +1.7973e+00 +3.0256e+00 +3.4623e+00
494 0 +1.723614689e+01 +1.352614689e+01 +1.352614689e+01 +2.2372e+00 -7.6499e-01 +1.7904e+00 +2.9917e+00 +3.4900e+00
501 0 +1.579713736e+01 +1.208713736e+01 +1.208713736e+01 +2.2165e+00 -7.6853e-01 +1.7721e+00 +3.0145e+00 +3.4620e+00
532 0 +1.519776947e+01 +1.148776947e+01 +1.148776947e+01 +2.2484e+00 -7.5105e-01 +1.7921e+00 +3.0283e+00 +3.5011e+00
533 0 +1.238627888e+01 +8.676278879e+00 +8.676278879e+00 +2.1946e+00 -7.4717e-01 +1.7706e+00 +3.0206e+00 +3.5391e+00
547 0 +1.227415040e+01 +8.564150397e+00 +8.564150397e+00 +2.1756e+00 -7.3584e-01 +1.7910e+00 +3.0156e+00 +3.4776e+00
551 0 +1.162773682e+01 +7.917736824e+00 +7.917736824e+00 +2.1236e+00 -7.0627e-01 +1.7443e+00 +3.0142e+00 +3.5261e+00
556 0 +1.136324996e+01 +7.653249961e+00 +7.653249961e+00 +2.1705e+00 -7.4202e-01 +1.7972e+00 +3.0152e+00 +3.4989e+00
557 0 +1.054028201e+01 +6.830282011e+00 +6.830282011e+00 +2.1553e+00 -7.1272e-01 +1.7777e+00 +3.0334e+00 +3.5222e+00
696 0 +1.042789900e+01 +6.717898999e+00 +6.717898999e+00 +2.1366e+00 -7.1284e-01 +1.7604e+00 +3.0289e+00 +3.5121e+00
765 0 +1.018591462e+01 +6.475914624e+00 +6.475914624e+00 +2.1286e+00 -7.1526e-01 +1.7690e+00 +3.0251e+00 +3.5136e+00
836 0 +9.995112390e+00 +6.285112390e+00 +6.285112390e+00 +2.1296e+00 -7.2929e-01 +1.7798e+00 +3.0283e+00 +3.5175e+00
% f evaluations | g evaluations | best noise-free fitness - Fopt (1.321800000000e+02) + sum g_i+ | measured fitness | best measured fitness or single-digit g-values | x1 | x2...
1 0 +2.589751285e+02 +3.911551285e+02 +3.911551285e+02 +0.0000e+00 +0.0000e+00 +0.0000e+00 +0.0000e+00 +0.0000e+00
3 0 +2.574368082e+02 +3.896168082e+02 +3.896168082e+02 +1.7369e-01 -1.1375e-01 -3.0566e-01 +1.1285e-01 -1.5359e-01
6 0 +2.308573847e+02 +3.630373847e+02 +3.630373847e+02 +2.1661e-01 -2.7248e-01 -1.4933e-01 +1.8171e-01 -5.0930e-01
12 0 +2.271917746e+02 +3.593717746e+02 +3.593717746e+02 +9.1074e-02 +2.4594e-01 -4.6943e-01 +1.2687e-01 -2.7409e-01
19 0 +2.021302775e+02 +3.343102775e+02 +3.343102775e+02 +1.4763e-01 -3.8982e-02 -3.2926e-01 +1.1872e-01 -3.3596e-01
24 0 +1.979461717e+02 +3.301261717e+02 +3.301261717e+02 +1.7991e-01 -6.5880e-02 -3.0569e-02 +2.0618e-01 -6.2971e-01
26 0 +1.884943753e+02 +3.206743753e+02 +3.206743753e+02 -3.3020e-02 +2.5748e-01 -5.3031e-01 +4.0947e-02 -7.5461e-01
28 0 +1.759553476e+02 +3.081353476e+02 +3.081353476e+02 +2.1084e-01 -8.1775e-02 -2.3796e-01 -1.7235e-02 -5.8599e-01
29 0 +1.617754144e+02 +2.939554144e+02 +2.939554144e+02 +5.8886e-01 -4.5702e-01 -1.3918e-01 -2.5097e-01 -9.3146e-01
40 0 +1.544909096e+02 +2.866709096e+02 +2.866709096e+02 +2.9518e-01 -4.7371e-02 -3.5836e-01 -3.6892e-01 -5.6694e-01
51 0 +1.449673413e+02 +2.771473413e+02 +2.771473413e+02 +6.6953e-01 -2.3250e-02 -5.2605e-01 -7.9315e-01 -9.4965e-01
66 0 +1.374432865e+02 +2.696232865e+02 +2.696232865e+02 +4.2710e-01 -4.1139e-01 -2.7973e-01 -1.1178e+00 -1.3743e+00
80 0 +1.205957163e+02 +2.527757163e+02 +2.527757163e+02 +3.0181e-01 -7.6514e-01 -4.4731e-01 -7.6768e-01 -1.3473e+00
121 0 +1.162576810e+02 +2.484376810e+02 +2.484376810e+02 +9.8283e-01 -8.3805e-01 -5.5031e-01 -1.1166e+00 -2.0612e+00
127 0 +1.002883201e+02 +2.324683201e+02 +2.324683201e+02 +1.0627e+00 -7.7689e-01 -5.2265e-01 -1.0273e+00 -2.0831e+00
163 0 +9.610728012e+01 +2.282872801e+02 +2.282872801e+02 +1.3469e+00 -7.2478e-01 -5.2943e-01 -1.0625e+00 -2.1683e+00
261 0 +9.325758063e+01 +2.254375806e+02 +2.254375806e+02 +1.2290e+00 -7.7776e-01 -4.5081e-01 -1.0969e+00 -2.1499e+00
300 0 +9.107322557e+01 +2.232532256e+02 +2.232532256e+02 +1.1921e+00 -7.4215e-01 -3.9483e-01 -1.0433e+00 -2.1467e+00
468 0 +8.884623797e+01 +2.210262380e+02 +2.210262380e+02 +1.2050e+00 -7.6029e-01 -4.3885e-01 -1.0549e+00 -2.1382e+00
% f evaluations | g evaluations | best noise-free fitness - Fopt (-3.930000000000e+01) + sum g_i+ | measured fitness | best measured fitness or single-digit g-values | x1 | x2...
1 0 +1.276101417e+02 +8.831014165e+01 +8.831014165e+01 +0.0000e+00 +0.0000e+00 +0.0000e+00 +0.0000e+00 +0.0000e+00
2 0 +9.434559912e+01 +5.504559912e+01 +5.504559912e+01 +4.3379e-01 +3.0692e-02 +9.8026e-02 +3.4094e-01 +2.4727e-01
32 0 +9.187675921e+01 +5.257675921e+01 +5.257675921e+01 +4.9259e-01 -2.3661e-01 -1.0076e-01 +8.1247e-01 +6.5258e-01
48 0 +8.225964885e+01 +4.295964885e+01 +4.295964885e+01 +1.5635e+00 +3.3984e-01 -6.1107e-01 +1.3226e+00 +1.0702e+00
73 0 +7.806352520e+01 +3.876352520e+01 +3.876352520e+01 +1.4745e+00 +2.5397e-01 -4.6121e-01 +1.6949e+00 +6.7850e-01
77 0 +7.654000141e+01 +3.724000141e+01 +3.724000141e+01 +1.7819e+00 +2.6121e-02 -1.3066e-01 +2.4377e+00 +1.0082e+00
84 0 +5.924944384e+01 +1.994944384e+01 +1.994944384e+01 +1.5491e+00 -3.5992e-01 -6.5415e-01 +2.9400e+00 +1.0767e+00
237 0 +5.318139166e+01 +1.388139166e+01 +1.388139166e+01 +2.0658e+00 -4.9844e-01 +7.8020e-01 +2.9612e+00 +6.7579e-01
307 0 +5.112691235e+01 +1.182691235e+01 +1.182691235e+01 +1.6770e+00 -5.5702e-01 +8.4983e-01 +2.4379e+00 +6.6417e-01
317 0 +4.430148814e+01 +5.001488142e+00 +5.001488142e+00 +1.5781e+00 -5.2493e-01 +7.9866e-01 +2.4411e+00 +7.4119e-01
349 0 +3.486567988e+01 -4.434320122e+00 -4.434320122e+00 +1.5260e+00 -4.5839e-01 +1.2468e+00 +2.5562e+00 +6.7791e-01
533 0 +3.363748870e+01 -5.662511302e+00 -5.662511302e+00 +1.5487e+00 -4.5153e-01 +7.7517e-01 +2.4751e+00 +6.9272e-01
546 0 +3.302846143e+01 -6.271538571e+00 -6.271538571e+00 +1.5417e+00 -4.2949e-01 +7.7929e-01 +2.4770e+00 +6.9410e-01
564 0 +3.171989057e+01 -7.580109425e+00 -7.580109425e+00 +1.5018e+00 -4.1824e-01 +7.7754e-01 +2.4772e+00 +6.9824e-01
569 0 +3.154247933e+01 -7.757520672e+00 -7.757520672e+00 +1.4980e+00 -4.0420e-01 +7.6845e-01 +2.4960e+00 +6.9194e-01
877 0 +3.090238517e+01 -8.397614830e+00 -8.397614830e+00 +1.4616e+00 -3.8790e-01 +7.8505e-01 +2.4853e+00 +6.9502e-01
% f evaluations | g evaluations | best noise-free fitness - Fopt (4.296000000000e+01) + sum g_i+ | measured fitness | best measured fitness or single-digit g-values | x1 | x2...
1 0 +1.260267281e+02 +1.689867281e+02 +1.689867281e+02 +0.0000e+00 +0.0000e+00 +0.0000e+00 +0.0000e+00 +0.0000e+00
2 0 +9.518519135e+01 +1.381451914e+02 +1.381451914e+02 +4.3379e-01 +3.0692e-02 +9.8026e-02 +3.4094e-01 +2.4727e-01
5 0 +9.242604019e+01 +1.353860402e+02 +1.353860402e+02 +5.3256e-02 -2.3477e-01 +7.8699e-02 +1.0710e-01 +2.4729e-01
9 0 +7.170213869e+01 +1.146621387e+02 +1.146621387e+02 +6.4105e-01 +2.7589e-01 +1.3137e-01 +7.7185e-02 +2.3934e-01
45 0 +5.288014046e+01 +9.584014046e+01 +9.584014046e+01 +6.2337e-01 -5.3501e-01 -1.1308e+00 +7.4683e-01 +8.0966e-01
61 0 +5.110003834e+01 +9.406003834e+01 +9.406003834e+01 +5.6113e-01 -1.8255e-01 -1.2060e+00 +9.4491e-01 +5.9571e-01
75 0 +4.492706743e+01 +8.788706743e+01 +8.788706743e+01 +3.1112e-01 +2.9136e-01 -2.5544e+00 +9.8865e-02 +1.2364e+00
86 0 +3.407393552e+01 +7.703393552e+01 +7.703393552e+01 +1.1258e+00 -5.0684e-01 -2.7667e+00 +1.5065e+00 +1.4933e+00
119 0 +2.236824533e+01 +6.532824533e+01 +6.532824533e+01 +1.5599e+00 -6.8480e-01 -2.2322e+00 +1.5233e+00 +1.2004e+00
281 0 +1.427944441e+01 +5.723944441e+01 +5.723944441e+01 +1.5275e+00 +3.2110e-01 -2.7541e+00 +1.9163e+00 +1.1970e+00
400 0 +1.407753678e+01 +5.703753678e+01 +5.703753678e+01 +1.4576e+00 +3.8402e-01 -2.2435e+00 +1.9289e+00 +1.1997e+00
410 0 +1.297472106e+01 +5.593472106e+01 +5.593472106e+01 +1.4856e+00 +3.9376e-01 -2.2021e+00 +1.9115e+00 +1.2318e+00
415 0 +1.171975764e+01 +5.467975764e+01 +5.467975764e+01 +1.4905e+00 +3.6930e-01 -2.2390e+00 +1.9192e+00 +1.2318e+00
420 0 +1.002840310e+01 +5.298840310e+01 +5.298840310e+01 +1.5175e+00 +3.6519e-01 -2.2215e+00 +1.9416e+00 +1.2510e+00
543 0 +9.994028701e+00 +5.295402870e+01 +5.295402870e+01 +1.5098e+00 +3.8081e-01 -2.2232e+00 +1.9377e+00 +1.2529e+00
% f evaluations | g evaluations | best noise-free fitness - Fopt (2.842200000000e+02) + sum g_i+ | measured fitness | best measured fitness or single-digit g-values | x1 | x2...
1 0 +9.519888184e+01 +3.794188818e+02 +3.794188818e+02 +0.0000e+00 +0.0000e+00 +0.0000e+00 +0.0000e+00 +0.0000e+00
11 0 +9.304887435e+01 +3.772688743e+02 +3.772688743e+02 +2.4738e-01 -3.4483e-01 +2.7761e-02 +1.3588e-01 +4.5926e-01
25 0 +8.547899248e+01 +3.696989925e+02 +3.696989925e+02 -1.2553e-01 -2.5984e-01 -6.2512e-01 -3.1483e-01 +4.2979e-01
48 0 +7.751156669e+01 +3.617315667e+02 +3.617315667e+02 +2.7225e-01 -2.5061e-01 -1.0175e+00 +7.2986e-02 +7.1149e-01
59 0 +7.499476989e+01 +3.592147699e+02 +3.592147699e+02 +9.5447e-02 -1.0746e-01 -1.1940e+00 +1.5423e-01 +6.6353e-01
61 0 +6.778150331e+01 +3.520015033e+02 +3.520015033e+02 -1.0577e-01 -2.2529e-01 -9.9488e-01 +2.5242e-01 +3.5410e-01
90 0 +6.137149578e+01 +3.455914958e+02 +3.455914958e+02 -1.6289e-01 -2.9201e-01 -1.0760e+00 +2.1175e-01 +6.0900e-01
94 0 +5.680479341e+01 +3.410247934e+02 +3.410247934e+02 +1.4976e-02 -3.8588e-01 -1.4584e+00 +6.9827e-01 +1.0905e+00
106 0 +5.202482342e+01 +3.362448234e+02 +3.362448234e+02 -9.1900e-02 -1.6200e-01 -1.1622e+00 +1.0483e-01 +1.0677e+00
115 0 +5.103287326e+01 +3.352528733e+02 +3.352528733e+02 -2.2611e-02 -3.1785e-01 -1.0327e+00 +6.5175e-01 +9.6844e-01
146 0 +4.773194139e+01 +3.319519414e+02 +3.319519414e+02 -5.2305e-02 -2.7530e-01 -1.4209e+00 +6.7464e-01 +1.2363e+00
149 0 +4.260151521e+01 +3.268215152e+02 +3.268215152e+02 -2.3007e-02 -4.7193e-01 -1.6295e+00 +1.1085e+00 +1.8037e+00
152 0 +3.995428978e+01 +3.241742898e+02 +3.241742898e+02 -3.4140e-02 -1.6832e-01 -1.7586e+00 +1.0142e+00 +1.6408e+00
162 0 +3.468273464e+01 +3.189027346e+02 +3.189027346e+02 -1.8626e-01 -1.1878e-01 -1.7035e+00 +1.1098e+00 +1.7886e+00
169 0 +2.981009400e+01 +3.140300940e+02 +3.140300940e+02 -9.1373e-02 -3.6135e-01 -2.1698e+00 +1.2885e+00 +1.8874e+00
218 0 +1.845888081e+01 +3.026788808e+02 +3.026788808e+02 -1.0127e-01 -3.4608e-01 -1.7142e+00 +1.3397e+00 +1.5089e+00
376 0 +1.814575661e+01 +3.023657566e+02 +3.023657566e+02 -1.4019e-01 -2.9388e-01 -2.1023e+00 +1.7655e+00 +1.8856e+00
385 0 +1.623543509e+01 +3.004554351e+02 +3.004554351e+02 -1.3414e-01 -2.8705e-01 -2.1207e+00 +1.7741e+00 +1.8867e+00
390 0 +1.544109023e+01 +2.996610902e+02 +2.996610902e+02 -1.2831e-01 -2.9617e-01 -2.1079e+00 +1.7534e+00 +1.8466e+00
400 0 +1.429581874e+01 +2.985158187e+02 +2.985158187e+02 -1.3914e-01 -2.8343e-01 -2.1046e+00 +1.7816e+00 +1.8637e+00
413 0 +1.345636695e+01 +2.976763669e+02 +2.976763669e+02 -1.0004e-01 -2.8950e-01 -2.1282e+00 +1.7637e+00 +1.8594e+00
440 0 +1.298606722e+01 +2.972060672e+02 +2.972060672e+02 -8.1208e-02 -2.5138e-01 -2.1289e+00 +1.8614e+00 +1.8762e+00
442 0 +1.220305864e+01 +2.964230586e+02 +2.964230586e+02 -1.0828e-01 -2.5532e-01 -2.1172e+00 +1.8275e+00 +1.8819e+00
451 0 +1.179225588e+01 +2.960122559e+02 +2.960122559e+02 -1.0915e-01 -2.5735e-01 -2.1227e+00 +1.8260e+00 +1.8803e+00
454 0 +1.102986918e+01 +2.952498692e+02 +2.952498692e+02 -8.0855e-02 -2.4568e-01 -2.0990e+00 +1.8172e+00 +1.8389e+00
460 0 +9.923560871e+00 +2.941435609e+02 +2.941435609e+02 -9.2994e-02 -2.5537e-01 -2.1295e+00 +1.8266e+00 +1.8556e+00
486 0 +9.574004920e+00 +2.937940049e+02 +2.937940049e+02 -1.1175e-01 -2.4743e-01 -2.1316e+00 +1.8111e+00 +1.8502e+00
491 0 +9.190973356e+00 +2.934109734e+02 +2.934109734e+02 -9.1747e-02 -2.2725e-01 -2.1420e+00 +1.8305e+00 +1.8442e+00
588 0 +9.091011733e+00 +2.933110117e+02 +2.933110117e+02 -1.0604e-01 -2.3453e-01 -2.1380e+00 +1.8187e+00 +1.8415e+00
% f evaluations | g evaluations | best noise-free fitness - Fopt (-3.217000000000e+01) + sum g_i+ | measured fitness | best measured fitness or single-digit g-values | x1 | x2...
1 0 +4.243701617e+02 +3.922001617e+02 +3.922001617e+02 +0.0000e+00 +0.0000e+00 +0.0000e+00 +0.0000e+00 +0.0000e+00
3 0 +3.965502071e+02 +3.643802071e+02 +3.643802071e+02 +1.7369e-01 -1.1375e-01 -3.0566e-01 +1.1285e-01 -1.5359e-01
6 0 +2.749716254e+02 +2.428016254e+02 +2.428016254e+02 +2.1661e-01 -2.7248e-01 -1.4933e-01 +1.8171e-01 -5.0930e-01
16 0 +2.632065489e+02 +2.310365489e+02 +2.310365489e+02 +1.7495e-01 -4.9667e-01 -8.8524e-02 +4.9499e-01 -5.7590e-01
20 0 +2.531409959e+02 +2.209709959e+02 +2.209709959e+02 +5.1380e-01 -4.5867e-01 -2.2271e-01 +1.2892e-02 -5.4970e-01
21 0 +2.333661766e+02 +2.011961766e+02 +2.011961766e+02 +3.8769e-01 -3.4214e-01 -2.5368e-01 -8.7392e-02 -5.7445e-01
29 0 +2.151222685e+02 +1.829522685e+02 +1.829522685e+02 +8.7298e-01 -6.0510e-01 -3.1672e-01 +9.2718e-03 -1.1738e+00
33 0 +2.004984201e+02 +1.683284201e+02 +1.683284201e+02 +8.1359e-01 +3.2037e-01 -5.1318e-01 +7.2693e-01 -1.1003e+00
37 0 +1.902693076e+02 +1.580993076e+02 +1.580993076e+02 +6.4920e-01 -1.5420e-01 -5.4604e-01 +3.0138e-01 -1.0592e+00
43 0 +1.701511012e+02 +1.379811012e+02 +1.379811012e+02 +6.9102e-01 -6.8334e-01 -5.4357e-01 -5.0015e-01 -1.3831e+00
44 0 +1.438327032e+02 +1.116627032e+02 +1.116627032e+02 +1.2140e+00 -1.4236e-01 -6.8024e-01 +1.2036e-01 -1.5744e+00
47 0 +1.096379933e+02 +7.746799330e+01 +7.746799330e+01 +8.8371e-01 -6.4262e-02 -1.1476e+00 +2.3924e-01 -2.0344e+00
62 0 +8.809196981e+01 +5.592196981e+01 +5.592196981e+01 +9.7169e-01 -4.5735e-01 -1.0169e+00 +4.5292e-01 -2.2549e+00
73 0 +8.661938390e+01 +5.444938390e+01 +5.444938390e+01 +1.0642e+00 -4.1388e-01 -1.1985e+00 +1.2645e-01 -2.1470e+00
79 0 +6.628994220e+01 +3.411994220e+01 +3.411994220e+01 +1.3214e+00 -6.0309e-01 -1.1355e+00 -4.8594e-01 -2.6507e+00
81 0 +6.165898775e+01 +2.948898775e+01 +2.948898775e+01 +1.4821e+00 -9.3480e-01 -1.1445e+00 +6.8379e-01 -3.0496e+00
118 0 +5.411079577e+01 +2.194079577e+01 +2.194079577e+01 +1.8468e+00 -4.8112e-01 -1.2190e+00 +3.6964e-01 -3.0023e+00
127 0 +4.486723009e+01 +1.269723009e+01 +1.269723009e+01 +2.0502e+00 -4.7849e-01 -9.9637e-01 +3.0387e-01 -3.0801e+00
182 0 +1.978148572e+01 -1.238851428e+01 -1.238851428e+01 +1.4086e+00 +5.4032e-01 -1.0275e+00 +3.0197e-01 -3.3374e+00
596 0 +1.946727387e+01 -1.270272613e+01 -1.270272613e+01 +1.3188e+00 +4.5521e-01 -1.1057e+00 +3.3112e-01 -3.3686e+00
606 0 +1.865578786e+01 -1.351421214e+01 -1.351421214e+01 +1.3177e+00 +4.7198e-01 -1.0846e+00 +3.3075e-01 -3.3586e+00
616 0 +1.691559474e+01 -1.525440526e+01 -1.525440526e+01 +1.3986e+00 +4.8091e-01 -1.1075e+00 +3.5034e-01 -3.3590e+00
640 0 +1.651617622e+01 -1.565382378e+01 -1.565382378e+01 +1.4584e+00 +4.4791e-01 -1.0921e+00 +3.4706e-01 -3.3522e+00
658 0 +1.616582281e+01 -1.600417719e+01 -1.600417719e+01 +1.4396e+00 +4.4530e-01 -1.0793e+00 +3.3960e-01 -3.3233e+00
718 0 +1.569853716e+01 -1.647146284e+01 -1.647146284e+01 +1.5013e+00 +4.8725e-01 -1.1001e+00 +3.3186e-01 -3.3400e+00
730 0 +1.530985766e+01 -1.686014234e+01 -1.686014234e+01 +1.4379e+00 +4.8463e-01 -1.1012e+00 +3.3972e-01 -3.3310e+00
775 0 +1.507223720e+01 -1.709776280e+01 -1.709776280e+01 +1.4424e+00 +4.8785e-01 -1.1025e+00 +3.3152e-01 -3.3331e+00
% f evaluations | g evaluations | best noise-free fitness - Fopt (-5.858000000000e+01) + sum g_i+ | measured fitness | best measured fitness or single-digit g-values | x1 | x2...
1 0 +4.257286281e+02 +3.671486281e+02 +3.671486281e+02 +0.0000e+00 +0.0000e+00 +0.0000e+00 +0.0000e+00 +0.0000e+00
3 0 +4.024818049e+02 +3.439018049e+02 +3.439018049e+02 +1.7369e-01 -1.1375e-01 -3.0566e-01 +1.1285e-01 -1.5359e-01
6 0 +2.754028195e+02 +2.168228195e+02 +2.168228195e+02 +2.1661e-01 -2.7248e-01 -1.4933e-01 +1.8171e-01 -5.0930e-01
23 0 +2.400098969e+02 +1.814298969e+02 +1.814298969e+02 +6.9445e-01 -1.9321e-01 -6.0698e-01 +4.3130e-01 -7.2990e-01
29 0 +2.379288918e+02 +1.793488918e+02 +1.793488918e+02 +7.3273e-01 -5.4433e-01 -2.9608e-01 +4.3398e-02 -1.0956e+00
33 0 +2.088897899e+02 +1.503097899e+02 +1.503097899e+02 +6.6795e-01 +3.7624e-01 -5.2738e-01 +7.5540e-01 -1.0650e+00
34 0 +1.822520423e+02 +1.236720423e+02 +1.236720423e+02 +7.4021e-01 +2.4513e-01 -6.8989e-01 +5.8259e-01 -1.1645e+00
44 0 +1.451331265e+02 +8.655312653e+01 +8.655312653e+01 +1.3455e+00 -4.9074e-03 -6.9426e-01 +3.1156e-01 -1.5919e+00
47 0 +1.114670058e+02 +5.288700581e+01 +5.288700581e+01 +1.0294e+00 +2.9257e-01 -1.1929e+00 +5.4973e-01 -2.1005e+00
68 0 +9.289499118e+01 +3.431499118e+01 +3.431499118e+01 +1.5916e+00 +3.7382e-01 -1.8157e+00 +6.5411e-01 -2.1990e+00
76 0 +8.585694786e+01 +2.727694786e+01 +2.727694786e+01 +1.4439e+00 +1.5796e-01 -1.8882e+00 +1.2805e+00 -2.4976e+00
78 0 +7.843603858e+01 +1.985603858e+01 +1.985603858e+01 +3.2184e+00 +2.3045e-01 -2.0436e+00 +1.8607e+00 -3.3161e+00
89 0 +6.828411561e+01 +9.704115610e+00 +9.704115610e+00 +2.6789e+00 -3.8638e-01 -1.6412e+00 +1.4633e+00 -3.9846e+00
92 0 +4.826943809e+01 -1.031056191e+01 -1.031056191e+01 +1.7181e+00 -1.1268e+00 -6.1662e-01 +1.7272e+00 -2.7886e+00
103 0 +4.657405386e+01 -1.200594614e+01 -1.200594614e+01 +2.3560e+00 -1.6982e+00 -9.7329e-01 +1.5013e+00 -3.6128e+00
199 0 +4.489305126e+01 -1.368694874e+01 -1.368694874e+01 +1.5150e+00 -1.5539e+00 -7.0334e-01 +1.7575e+00 -2.8918e+00
205 0 +4.303665269e+01 -1.554334731e+01 -1.554334731e+01 +1.5070e+00 -1.9503e+00 -1.0032e-01 +1.3109e+00 -2.5901e+00
212 0 +4.213821857e+01 -1.644178143e+01 -1.644178143e+01 +1.7180e+00 -1.3794e+00 -6.6334e-01 +1.8027e+00 -3.2593e+00
217 0 +3.298264606e+01 -2.559735394e+01 -2.559735394e+01 +1.4424e+00 -1.7500e+00 -5.3385e-01 +1.7835e+00 -3.0032e+00
257 0 +3.201830162e+01 -2.656169838e+01 -2.656169838e+01 +6.6193e-01 -1.6232e+00 -7.7273e-02 +1.4104e+00 -2.4595e+00
267 0 +3.146698472e+01 -2.711301528e+01 -2.711301528e+01 +5.8161e-01 -1.9673e+00 -4.6996e-01 +1.8927e+00 -3.2289e+00
271 0 +2.629731671e+01 -3.228268329e+01 -3.228268329e+01 +9.7586e-01 -1.8247e+00 -5.9613e-01 +1.8729e+00 -3.2134e+00
303 0 +1.978187607e+01 -3.879812393e+01 -3.879812393e+01 +7.6326e-01 -1.6468e+00 -6.3529e-01 +1.8641e+00 -3.1827e+00
588 0 +1.939655540e+01 -3.918344460e+01 -3.918344460e+01 +5.9985e-01 -1.6471e+00 -5.7041e-01 +1.4543e+00 -2.9725e+00
663 0 +1.901585483e+01 -3.956414517e+01 -3.956414517e+01 +6.4786e-01 -1.6874e+00 -5.6449e-01 +1.4588e+00 -2.9646e+00
% f evaluations | g evaluations | best noise-free fitness - Fopt (-6.049200000000e+02) + sum g_i+ | measured fitness | best measured fitness or single-digit g-values | x1 | x2...
1 0 +9.368156390e+01 -5.112384361e+02 -5.112384361e+02 +0.0000e+00 +0.0000e+00 +0.0000e+00 +0.0000e+00 +0.0000e+00
5 0 +9.107099622e+01 -5.138490038e+02 -5.138490038e+02 +5.3256e-02 -2.3477e-01 +7.8699e-02 +1.0710e-01 +2.4729e-01
7 0 +7.231175673e+01 -5.326082433e+02 -5.326082433e+02 +2.3317e-01 -2.5183e-01 -1.2653e-01 +4.3300e-01 -1.9345e-02
25 0 +6.687758083e+01 -5.380424192e+02 -5.380424192e+02 -6.3239e-02 -3.4119e-01 -6.8906e-01 -2.8705e-01 +3.9619e-01
69 0 +6.268475510e+01 -5.422352449e+02 -5.422352449e+02 +6.1750e-01 -3.6035e-01 -2.5616e-01 +3.4665e-01 -2.9246e-01
88 0 +5.875325854e+01 -5.461667415e+02 -5.461667415e+02 +8.2286e-01 -1.7396e-01 -7.4988e-02 +3.4218e-01 +1.5338e-02
105 0 +4.848361066e+01 -5.564363893e+02 -5.564363893e+02 +9.8557e-01 -4.0323e-01 -1.3669e-01 +3.8638e-01 -3.0465e-01
137 0 +4.776161762e+01 -5.571583824e+02 -5.571583824e+02 +1.0664e+00 -2.6549e-01 -1.7526e-01 +3.9525e-01 -2.9861e-01
258 0 +4.508845453e+01 -5.598315455e+02 -5.598315455e+02 +9.1999e-01 -1.8693e-01 -2.0081e-01 +3.7125e-01 -3.1894e-01
262 0 +4.409848312e+01 -5.608215169e+02 -5.608215169e+02 +9.5392e-01 -1.8133e-01 -1.9815e-01 +3.7971e-01 -3.0424e-01
263 0 +4.273457877e+01 -5.621854212e+02 -5.621854212e+02 +9.9671e-01 -1.8641e-01 -2.2048e-01 +3.8545e-01 -3.3046e-01
271 0 +4.257316477e+01 -5.623468352e+02 -5.623468352e+02 +9.6497e-01 -1.8960e-01 -2.0752e-01 +3.6897e-01 -3.1108e-01
291 0 +4.119177352e+01 -5.637282265e+02 -5.637282265e+02 +9.7893e-01 -1.7498e-01 -2.1862e-01 +3.4877e-01 -3.2570e-01
% f evaluations | g evaluations | best noise-free fitness - Fopt (1.337000000000e+02) + sum g_i+ | measured fitness | best measured fitness or single-digit g-values | x1 | x2...
1 0 +4.515844543e+02 +5.852844543e+02 +5.852844543e+02 +0.0000e+00 +0.0000e+00 +0.0000e+00 +0.0000e+00 +0.0000e+00
3 0 +3.927850995e+02 +5.264850995e+02 +5.264850995e+02 +1.7369e-01 -1.1375e-01 -3.0566e-01 +1.1285e-01 -1.5359e-01
6 0 +3.080110672e+02 +4.417110672e+02 +4.417110672e+02 +2.1661e-01 -2.7248e-01 -1.4933e-01 +1.8171e-01 -5.0930e-01
16 0 +2.734688132e+02 +4.071688132e+02 +4.071688132e+02 +1.7495e-01 -4.9667e-01 -8.8524e-02 +4.9499e-01 -5.7590e-01
21 0 +2.535243586e+02 +3.872243586e+02 +3.872243586e+02 +3.8769e-01 -3.4214e-01 -2.5368e-01 -8.7392e-02 -5.7445e-01
23 0 +2.422629361e+02 +3.759629361e+02 +3.759629361e+02 +8.5141e-01 -2.7842e-01 -6.0064e-01 +4.2523e-01 -7.6491e-01
29 0 +2.214182836e+02 +3.551182836e+02 +3.551182836e+02 +8.7298e-01 -6.0510e-01 -3.1672e-01 +9.2718e-03 -1.1738e+00
33 0 +1.848336889e+02 +3.185336889e+02 +3.185336889e+02 +8.1359e-01 +3.2037e-01 -5.1318e-01 +7.2693e-01 -1.1003e+00
44 0 +1.343686206e+02 +2.680686206e+02 +2.680686206e+02 +1.5690e+00 -8.1870e-02 -7.3019e-01 +2.7689e-01 -1.7170e+00
47 0 +8.953926760e+01 +2.232392676e+02 +2.232392676e+02 +1.2680e+00 +2.0272e-01 -1.2093e+00 +5.0363e-01 -2.2133e+00
62 0 +7.556090025e+01 +2.092609002e+02 +2.092609002e+02 +1.3588e+00 -2.5700e-01 -1.0564e+00 +7.6934e-01 -2.4720e+00
73 0 +7.287238577e+01 +2.065723858e+02 +2.065723858e+02 +1.4532e+00 -5.4161e-02 -1.4041e+00 +6.1422e-01 -2.5549e+00
74 0 +6.552146401e+01 +1.992214640e+02 +1.992214640e+02 +2.7224e+00 +3.9413e-02 -2.6706e+00 +7.7293e-01 -4.2010e+00
78 0 +4.403320387e+01 +1.777332039e+02 +1.777332039e+02 +3.5306e+00 -1.9422e-03 -1.8239e+00 +1.5463e+00 -3.4271e+00
117 0 +4.098974960e+01 +1.746897496e+02 +1.746897496e+02 +2.6225e+00 -1.4248e+00 -1.9856e+00 +1.6206e+00 -3.9722e+00
172 0 +3.792593145e+01 +1.716259314e+02 +1.716259314e+02 +2.1803e+00 -5.2938e-01 -1.5025e+00 +1.4500e+00 -2.9974e+00
190 0 +3.584508945e+01 +1.695450895e+02 +1.695450895e+02 +2.4756e+00 -3.1536e-01 -1.8390e+00 +1.8324e+00 -3.4109e+00
267 0 +3.408694151e+01 +1.677869415e+02 +1.677869415e+02 +1.7657e+00 -4.7466e-01 -1.4469e+00 +1.4380e+00 -3.2726e+00
273 0 +3.185750277e+01 +1.655575028e+02 +1.655575028e+02 +2.0321e+00 -4.1484e-01 -1.4774e+00 +1.5129e+00 -3.3731e+00
285 0 +3.063922228e+01 +1.643392223e+02 +1.643392223e+02 +1.8951e+00 -3.9788e-01 -1.4606e+00 +1.5320e+00 -3.3069e+00
424 0 +3.016844202e+01 +1.638684420e+02 +1.638684420e+02 +1.9880e+00 -4.1414e-01 -1.4638e+00 +1.5121e+00 -3.3241e+00
662 0 +2.921002742e+01 +1.629100274e+02 +1.629100274e+02 +2.0589e+00 -4.0206e-01 -1.4651e+00 +1.5051e+00 -3.3276e+00
678 0 +2.881012092e+01 +1.625101209e+02 +1.625101209e+02 +2.0838e+00 -3.9409e-01 -1.4751e+00 +1.5093e+00 -3.3367e+00
686 0 +2.661572601e+01 +1.603157260e+02 +1.603157260e+02 +2.1370e+00 -3.9543e-01 -1.4809e+00 +1.5065e+00 -3.3444e+00
695 0 +2.386791135e+01 +1.575679114e+02 +1.575679114e+02 +2.1967e+00 -3.7998e-01 -1.4888e+00 +1.5016e+00 -3.3545e+00
700 0 +2.182781877e+01 +1.555278188e+02 +1.555278188e+02 +2.2311e+00 -3.8095e-01 -1.4886e+00 +1.5034e+00 -3.3601e+00
706 0 +1.933799543e+01 +1.530379954e+02 +1.530379954e+02 +2.3091e+00 -3.5697e-01 -1.4998e+00 +1.5076e+00 -3.3565e+00
713 0 +1.885862498e+01 +1.525586250e+02 +1.525586250e+02 +2.2852e+00 -3.7804e-01 -1.4894e+00 +1.5043e+00 -3.3572e+00
717 0 +1.608445230e+01 +1.497844523e+02 +1.497844523e+02 +2.4144e+00 -3.5200e-01 -1.5070e+00 +1.5057e+00 -3.3661e+00
822 0 +1.553806008e+01 +1.492380601e+02 +1.492380601e+02 +2.4278e+00 -3.3504e-01 -1.5036e+00 +1.5031e+00 -3.3387e+00
868 0 +1.524592381e+01 +1.489459238e+02 +1.489459238e+02 +2.4106e+00 -3.3446e-01 -1.4986e+00 +1.5027e+00 -3.3274e+00
884 0 +1.501479722e+01 +1.487147972e+02 +1.487147972e+02 +2.3816e+00 -3.4029e-01 -1.4895e+00 +1.5015e+00 -3.3113e+00
904 0 +1.446095534e+01 +1.481609553e+02 +1.481609553e+02 +2.3790e+00 -3.4286e-01 -1.4842e+00 +1.5095e+00 -3.3190e+00
913 0 +1.423187648e+01 +1.479318765e+02 +1.479318765e+02 +2.3997e+00 -3.4022e-01 -1.4885e+00 +1.5041e+00 -3.3216e+00
914 0 +1.405324056e+01 +1.477532406e+02 +1.477532406e+02 +2.4208e+00 -3.4203e-01 -1.4915e+00 +1.5106e+00 -3.3393e+00
915 0 +1.366664950e+01 +1.473666495e+02 +1.473666495e+02 +2.4019e+00 -3.4524e-01 -1.4860e+00 +1.5092e+00 -3.3294e+00
924 0 +1.239086871e+01 +1.460908687e+02 +1.460908687e+02 +2.4257e+00 -3.5092e-01 -1.4732e+00 +1.5080e+00 -3.3195e+00
942 0 +1.207174956e+01 +1.457717496e+02 +1.457717496e+02 +2.4163e+00 -3.5914e-01 -1.4694e+00 +1.5126e+00 -3.3398e+00
955 0 +1.199371366e+01 +1.456937137e+02 +1.456937137e+02 +2.4715e+00 -3.5893e-01 -1.4598e+00 +1.5298e+00 -3.3477e+00
964 0 +1.169584280e+01 +1.453958428e+02 +1.453958428e+02 +2.4660e+00 -3.6472e-01 -1.4593e+00 +1.5255e+00 -3.3516e+00
1121 0 +1.142026215e+01 +1.451202622e+02 +1.451202622e+02 +2.4475e+00 -3.6831e-01 -1.4478e+00 +1.5206e+00 -3.3376e+00
1244 0 +1.121972998e+01 +1.449197300e+02 +1.449197300e+02 +2.4555e+00 -3.6870e-01 -1.4490e+00 +1.5151e+00 -3.3399e+00
1316 0 +1.090765243e+01 +1.446076524e+02 +1.446076524e+02 +2.4608e+00 -3.7309e-01 -1.4495e+00 +1.5093e+00 -3.3355e+00
1452 0 +1.071427100e+01 +1.444142710e+02 +1.444142710e+02 +2.4788e+00 -3.7603e-01 -1.4531e+00 +1.5017e+00 -3.3347e+00
1554 0 +1.046694698e+01 +1.441669470e+02 +1.441669470e+02 +2.4668e+00 -3.8758e-01 -1.4515e+00 +1.5026e+00 -3.3380e+00
1677 0 +1.022824800e+01 +1.439282480e+02 +1.439282480e+02 +2.4707e+00 -3.9951e-01 -1.4541e+00 +1.5001e+00 -3.3368e+00
2085 0 +9.999306815e+00 +1.436993068e+02 +1.436993068e+02 +2.4788e+00 -4.0651e-01 -1.4630e+00 +1.5049e+00 -3.3316e+00
% f evaluations | g evaluations | best noise-free fitness - Fopt (-2.098000000000e+01) + sum g_i+ | measured fitness | best measured fitness or single-digit g-values | x1 | x2...
1 0 +1.257910081e+02 +1.048110081e+02 +1.048110081e+02 +0.0000e+00 +0.0000e+00 +0.0000e+00 +0.0000e+00 +0.0000e+00
2 0 +1.035367465e+02 +8.255674651e+01 +8.255674651e+01 +4.3379e-01 +3.0692e-02 +9.8026e-02 +3.4094e-01 +2.4727e-01
4 0 +9.773942605e+01 +7.675942605e+01 +7.675942605e+01 +2.4817e-01 +6.3376e-02 -2.2359e-01 +8.0318e-02 +2.1275e-01
5 0 +9.655216669e+01 +7.557216669e+01 +7.557216669e+01 +5.3256e-02 -2.3477e-01 +7.8699e-02 +1.0710e-01 +2.4729e-01
11 0 +8.345155460e+01 +6.247155460e+01 +6.247155460e+01 +4.3671e-01 -3.3702e-01 +8.9109e-02 +2.8197e-01 +6.5011e-01
29 0 +7.853333234e+01 +5.755333234e+01 +5.755333234e+01 +1.0029e+00 -5.8816e-01 +2.7393e-01 -4.5607e-01 +2.7764e-01
39 0 +6.987617948e+01 +4.889617948e+01 +4.889617948e+01 +1.1140e+00 -3.0735e-01 -2.0492e-02 +6.2723e-02 +1.0026e+00
48 0 +6.885446776e+01 +4.787446776e+01 +4.787446776e+01 +1.3913e+00 +1.4820e-01 -3.0501e-01 +1.2215e-01 +1.8462e+00
49 0 +6.131633179e+01 +4.033633179e+01 +4.033633179e+01 +1.0267e+00 +1.1632e-01 +4.0180e-02 -1.4493e-02 +1.5708e+00
56 0 +5.162387791e+01 +3.064387791e+01 +3.064387791e+01 +1.5870e+00 +6.1775e-01 -2.5885e-01 +2.1697e-02 +2.6797e+00
57 0 +4.784951184e+01 +2.686951184e+01 +2.686951184e+01 +4.6064e-01 +7.1370e-01 -3.3337e-01 -5.1097e-01 +1.4970e+00
59 0 +4.634243942e+01 +2.536243942e+01 +2.536243942e+01 +1.3387e+00 +4.6214e-01 -3.4323e-01 +3.8404e-02 +2.2971e+00
63 0 +4.354922613e+01 +2.256922613e+01 +2.256922613e+01 +1.5913e+00 +5.0831e-01 +6.6231e-01 -4.4558e-02 +2.4891e+00
70 0 +3.457944702e+01 +1.359944702e+01 +1.359944702e+01 +1.9436e+00 +1.4020e+00 +2.9154e-01 -1.9612e-01 +2.8786e+00
82 0 +3.295374822e+01 +1.197374822e+01 +1.197374822e+01 +1.8712e+00 +6.5877e-01 -1.5679e-01 +2.8807e-02 +2.4460e+00
89 0 +2.846136270e+01 +7.481362701e+00 +7.481362701e+00 +2.1148e+00 +4.3713e-01 +1.9301e-01 -7.4904e-02 +1.7269e+00
120 0 +2.666024916e+01 +5.680249158e+00 +5.680249158e+00 +2.0038e+00 +2.8794e-01 -4.0513e-01 -1.5520e-02 +2.8184e+00
132 0 +1.997925242e+01 -1.000747584e+00 -1.000747584e+00 +1.9878e+00 +6.2947e-01 -3.9140e-01 -1.4214e-02 +2.9410e+00
136 0 +9.940146453e+00 -1.103985355e+01 -1.103985355e+01 +2.0408e+00 +5.0714e-01 -3.7281e-01 +4.1942e-01 +2.8072e+00
356 0 +8.400614015e+00 -1.257938598e+01 -1.257938598e+01 +2.0538e+00 +1.1144e+00 -3.3076e-01 +3.9553e-01 +3.1962e+00
365 0 +8.310759767e+00 -1.266924023e+01 -1.266924023e+01 +2.0218e+00 +1.0558e+00 -3.3603e-01 +3.7309e-01 +3.1235e+00
372 0 +7.708721518e+00 -1.327127848e+01 -1.327127848e+01 +2.0061e+00 +1.0679e+00 -3.5221e-01 +3.8894e-01 +3.1117e+00
379 0 +7.540622711e+00 -1.343937729e+01 -1.343937729e+01 +2.0364e+00 +1.0805e+00 -3.5925e-01 +3.8263e-01 +3.1413e+00
403 0 +6.864579112e+00 -1.411542089e+01 -1.411542089e+01 +2.0411e+00 +1.1203e+00 -3.6657e-01 +3.8519e-01 +3.1339e+00
462 0 +6.694237592e+00 -1.428576241e+01 -1.428576241e+01 +2.0173e+00 +1.1182e+00 -3.5637e-01 +3.9749e-01 +3.1136e+00
463 0 +6.582616751e+00 -1.439738325e+01 -1.439738325e+01 +2.0270e+00 +1.1063e+00 -3.4348e-01 +3.9364e-01 +3.1284e+00
535 0 +6.433669360e+00 -1.454633064e+01 -1.454633064e+01 +2.0315e+00 +1.1059e+00 -3.5536e-01 +3.8809e-01 +3.1215e+00
591 0 +6.265818405e+00 -1.471418160e+01 -1.471418160e+01 +2.0330e+00 +1.1091e+00 -3.5051e-01 +3.8285e-01 +3.1159e+00
666 0 +6.124814428e+00 -1.485518557e+01 -1.485518557e+01 +2.0442e+00 +1.1106e+00 -3.4858e-01 +3.8794e-01 +3.1152e+00
690 0 +6.019099640e+00 -1.496090036e+01 -1.496090036e+01 +2.0603e+00 +1.1134e+00 -3.4144e-01 +3.8750e-01 +3.1164e+00
% f evaluations | g evaluations | best noise-free fitness - Fopt (1.353300000000e+02) + sum g_i+ | measured fitness | best measured fitness or single-digit g-values | x1 | x2...
1 0 +2.152526693e+02 +3.505826693e+02 +3.505826693e+02 +0.0000e+00 +0.0000e+00 +0.0000e+00 +0.0000e+00 +0.0000e+00
2 0 +1.935134377e+02 +3.288434377e+02 +3.288434377e+02 +4.3379e-01 +3.0692e-02 +9.8026e-02 +3.4094e-01 +2.4727e-01
15 0 +1.553965040e+02 +2.907265040e+02 +2.907265040e+02 +9.1391e-01 +3.7592e-01 +2.5202e-01 -5.2834e-01 +6.9787e-01
25 0 +1.265447545e+02 +2.618747545e+02 +2.618747545e+02 +2.8551e-01 -1.1639e-01 -6.0913e-01 -6.1929e-01 +9.0662e-01
30 0 +1.142582929e+02 +2.495882929e+02 +2.495882929e+02 +9.2911e-01 +1.7001e-01 +4.0556e-01 -5.6190e-01 +8.9965e-01
31 0 +1.092114282e+02 +2.445414282e+02 +2.445414282e+02 +1.2211e+00 -6.0101e-02 -2.9606e-01 -5.5392e-01 +1.7866e+00
40 0 +8.940210258e+01 +2.247321026e+02 +2.247321026e+02 +1.0133e+00 +1.9931e-02 -1.7895e-02 -1.0147e+00 +1.3728e+00
48 0 +7.384098415e+01 +2.091709842e+02 +2.091709842e+02 +1.6031e+00 +7.3913e-02 -4.1676e-01 -9.1380e-01 +2.0935e+00
50 0 +5.329998447e+01 +1.886299845e+02 +1.886299845e+02 +2.0432e+00 -7.7524e-01 +5.1506e-01 -1.4756e+00 +2.2542e+00
58 0 +4.345252662e+01 +1.787825266e+02 +1.787825266e+02 +3.4163e+00 -9.1846e-01 -4.7329e-02 -2.0784e+00 +3.1866e+00
91 0 +4.105670937e+01 +1.763867094e+02 +1.763867094e+02 +3.5818e+00 -1.4729e-02 -1.4469e-01 -2.2833e+00 +3.2893e+00
98 0 +3.600991898e+01 +1.713399190e+02 +1.713399190e+02 +3.7905e+00 -1.0955e-01 +3.8058e-01 -2.6547e+00 +3.2791e+00
100 0 +3.167563110e+01 +1.670056311e+02 +1.670056311e+02 +3.5473e+00 -2.0748e-01 +3.8055e-01 -2.1439e+00 +3.1094e+00
136 0 +2.435286909e+01 +1.596828691e+02 +1.596828691e+02 +3.5461e+00 -4.8277e-02 +3.3332e-01 -2.5238e+00 +3.2224e+00
361 0 +2.172337886e+01 +1.570533789e+02 +1.570533789e+02 +2.4002e+00 +6.5942e-01 +2.6614e-01 -2.6230e+00 +3.1947e+00
370 0 +1.980841674e+01 +1.551384167e+02 +1.551384167e+02 +2.4705e+00 +6.0874e-01 +2.6329e-01 -2.6547e+00 +3.1784e+00
398 0 +1.858672868e+01 +1.539167287e+02 +1.539167287e+02 +2.6127e+00 +7.1147e-01 +2.7118e-01 -2.5837e+00 +3.4819e+00
403 0 +1.534723480e+01 +1.506772348e+02 +1.506772348e+02 +2.4955e+00 +6.5309e-01 +3.2602e-01 -2.6184e+00 +3.2327e+00
412 0 +1.176350548e+01 +1.470935055e+02 +1.470935055e+02 +2.5885e+00 +7.4036e-01 +3.8630e-01 -2.5698e+00 +3.5263e+00
421 0 +9.796972879e+00 +1.451269729e+02 +1.451269729e+02 +2.5466e+00 +7.0655e-01 +3.8836e-01 -2.6129e+00 +3.4922e+00
479 0 +9.611868796e+00 +1.449418688e+02 +1.449418688e+02 +2.5530e+00 +7.2927e-01 +4.3486e-01 -2.5908e+00 +3.5312e+00
480 0 +9.197415078e+00 +1.445274151e+02 +1.445274151e+02 +2.5713e+00 +7.1964e-01 +4.0939e-01 -2.6028e+00 +3.5152e+00
487 0 +8.960767354e+00 +1.442907674e+02 +1.442907674e+02 +2.5747e+00 +7.3480e-01 +3.9556e-01 -2.6109e+00 +3.5109e+00
496 0 +8.883080480e+00 +1.442130805e+02 +1.442130805e+02 +2.5618e+00 +7.3659e-01 +3.6303e-01 -2.6296e+00 +3.5045e+00
505 0 +8.205151676e+00 +1.435351517e+02 +1.435351517e+02 +2.5688e+00 +7.5425e-01 +3.7341e-01 -2.6289e+00 +3.5510e+00
512 0 +7.729559444e+00 +1.430595594e+02 +1.430595594e+02 +2.5311e+00 +7.8512e-01 +3.7029e-01 -2.6144e+00 +3.5347e+00
747 0 +7.582625961e+00 +1.429126260e+02 +1.429126260e+02 +2.5439e+00 +7.9387e-01 +3.6232e-01 -2.6177e+00 +3.5427e+00
855 0 +7.374475721e+00 +1.427044757e+02 +1.427044757e+02 +2.5421e+00 +8.1008e-01 +3.7118e-01 -2.6173e+00 +3.5455e+00
941 0 +7.168543744e+00 +1.424985437e+02 +1.424985437e+02 +2.5419e+00 +8.2523e-01 +3.7749e-01 -2.6184e+00 +3.5416e+00
982 0 +7.077081120e+00 +1.424070811e+02 +1.424070811e+02 +2.5496e+00 +8.3759e-01 +3.8495e-01 -2.6179e+00 +3.5414e+00
% f evaluations | g evaluations | best noise-free fitness - Fopt (4.066000000000e+01) + sum g_i+ | measured fitness | best measured fitness or single-digit g-values | x1 | x2...
1 0 +2.016593723e+02 +2.423193723e+02 +2.423193723e+02 +0.0000e+00 +0.0000e+00 +0.0000e+00 +0.0000e+00 +0.0000e+00
5 0 +1.851763390e+02 +2.258363390e+02 +2.258363390e+02 +5.3256e-02 -2.3477e-01 +7.8699e-02 +1.0710e-01 +2.4729e-01
21 0 +1.702761004e+02 +2.109361004e+02 +2.109361004e+02 +6.3784e-01 -1.8728e-01 +5.6716e-02 -4.1055e-01 +5.5135e-03
25 0 +1.695866256e+02 +2.102466256e+02 +2.102466256e+02 +1.8267e-01 -2.3439e-01 -5.0580e-01 -5.6766e-01 +6.4540e-01
27 0 +1.651361109e+02 +2.057961109e+02 +2.057961109e+02 +8.3405e-01 -1.0333e-01 +3.4749e-01 -2.7563e-01 +5.1060e-01
28 0 +1.582345928e+02 +1.988945928e+02 +1.988945928e+02 +6.0392e-01 -2.0209e-01 -2.7754e-03 -3.9642e-01 +3.0182e-01
37 0 +1.461245305e+02 +1.867845305e+02 +1.867845305e+02 +9.4259e-01 -2.7552e-01 +1.6633e-02 -5.0861e-01 +5.5815e-01
38 0 +1.299958041e+02 +1.706558041e+02 +1.706558041e+02 +9.9775e-01 -1.8384e-01 +1.5024e-01 -7.3069e-01 +5.0097e-01
40 0 +1.047706611e+02 +1.454306611e+02 +1.454306611e+02 +9.2753e-01 -1.5307e-01 +2.2729e-02 -9.6835e-01 +8.5156e-01
50 0 +1.004267365e+02 +1.410867365e+02 +1.410867365e+02 +2.1176e+00 -1.2044e+00 +4.6596e-01 -1.5010e+00 +1.5754e+00
66 0 +6.746763660e+01 +1.081276366e+02 +1.081276366e+02 +2.2390e+00 -1.0963e+00 +1.0312e+00 -3.4673e+00 +1.7877e+00
115 0 +6.180089935e+01 +1.024608994e+02 +1.024608994e+02 +3.2626e+00 -1.0473e+00 +9.3467e-01 -2.1641e+00 +1.7461e+00
186 0 +4.532342254e+01 +8.598342254e+01 +8.598342254e+01 +3.2759e+00 -9.8158e-01 +1.7596e+00 -2.3006e+00 +1.7267e+00
225 0 +4.191746887e+01 +8.257746887e+01 +8.257746887e+01 +2.9237e+00 -4.9551e-02 +1.6344e+00 -1.7776e+00 +1.3411e+00
323 0 +4.143562258e+01 +8.209562258e+01 +8.209562258e+01 +2.7710e+00 -2.1575e-01 +1.6192e+00 -2.2929e+00 +1.7250e+00
328 0 +4.030783053e+01 +8.096783053e+01 +8.096783053e+01 +2.8419e+00 -1.2168e-01 +1.5977e+00 -2.3532e+00 +1.7616e+00
332 0 +3.792686368e+01 +7.858686368e+01 +7.858686368e+01 +2.3350e+00 -8.1860e-02 +1.6342e+00 -2.2415e+00 +1.7180e+00
483 0 +3.585773274e+01 +7.651773274e+01 +7.651773274e+01 +2.7436e+00 -1.5063e-01 +1.6363e+00 -2.2473e+00 +1.7273e+00
511 0 +3.477278968e+01 +7.543278968e+01 +7.543278968e+01 +2.7942e+00 -1.4276e-01 +1.6332e+00 -2.2057e+00 +1.7609e+00
513 0 +3.462471693e+01 +7.528471693e+01 +7.528471693e+01 +2.7650e+00 -1.2770e-01 +1.6340e+00 -2.2479e+00 +1.7474e+00
515 0 +3.194935334e+01 +7.260935334e+01 +7.260935334e+01 +2.8013e+00 -1.3275e-01 +1.6002e+00 -2.2382e+00 +1.7384e+00
518 0 +3.149491764e+01 +7.215491764e+01 +7.215491764e+01 +2.9232e+00 -1.9071e-01 +1.6150e+00 -2.2314e+00 +1.7827e+00
543 0 +3.044699039e+01 +7.110699039e+01 +7.110699039e+01 +2.8731e+00 -1.6775e-01 +1.6239e+00 -2.2144e+00 +1.7630e+00
544 0 +2.958771987e+01 +7.024771987e+01 +7.024771987e+01 +2.9106e+00 -1.8777e-01 +1.5880e+00 -2.2283e+00 +1.7618e+00
549 0 +2.929220769e+01 +6.995220769e+01 +6.995220769e+01 +3.0276e+00 -1.7622e-01 +1.5680e+00 -2.2279e+00 +1.7821e+00
550 0 +2.878395527e+01 +6.944395527e+01 +6.944395527e+01 +2.9118e+00 -1.8656e-01 +1.6029e+00 -2.2278e+00 +1.7576e+00
568 0 +2.816092110e+01 +6.882092110e+01 +6.882092110e+01 +2.8962e+00 -1.8019e-01 +1.6232e+00 -2.2397e+00 +1.7446e+00
572 0 +2.735090778e+01 +6.801090778e+01 +6.801090778e+01 +2.9263e+00 -1.8012e-01 +1.6565e+00 -2.2565e+00 +1.7404e+00
580 0 +2.593256017e+01 +6.659256017e+01 +6.659256017e+01 +2.9484e+00 -1.9926e-01 +1.6127e+00 -2.2332e+00 +1.7376e+00
588 0 +2.459131330e+01 +6.525131330e+01 +6.525131330e+01 +2.9876e+00 -1.8461e-01 +1.6093e+00 -2.2352e+00 +1.7491e+00
640 0 +2.435720707e+01 +6.501720707e+01 +6.501720707e+01 +3.0555e+00 -1.9218e-01 +1.5913e+00 -2.2366e+00 +1.7397e+00
649 0 +2.392524240e+01 +6.458524240e+01 +6.458524240e+01 +3.0561e+00 -1.8070e-01 +1.5951e+00 -2.2373e+00 +1.7465e+00
653 0 +2.331202494e+01 +6.397202494e+01 +6.397202494e+01 +3.0923e+00 -1.8273e-01 +1.6087e+00 -2.2342e+00 +1.7306e+00
668 0 +2.285072177e+01 +6.351072177e+01 +6.351072177e+01 +3.0484e+00 -1.4700e-01 +1.5807e+00 -2.2378e+00 +1.7184e+00
681 0 +2.233988489e+01 +6.299988489e+01 +6.299988489e+01 +3.0754e+00 -1.5508e-01 +1.6010e+00 -2.2318e+00 +1.7172e+00
739 0 +2.185901434e+01 +6.251901434e+01 +6.251901434e+01 +3.0315e+00 -1.1950e-01 +1.5946e+00 -2.2378e+00 +1.7297e+00
776 0 +2.136814582e+01 +6.202814582e+01 +6.202814582e+01 +3.0278e+00 -1.2588e-01 +1.6110e+00 -2.2316e+00 +1.7325e+00
