% f evaluations | g evaluations | best noise-free fitness - Fopt (-4.620900000000e+02) + sum g_i+ | measured fitness | best measured fitness or single-digit g-values | x1 | x2...
1 0 +9.180962943e+01 -3.702803706e+02 -3.702803706e+02 +0.0000e+00 +0.0000e+00 +0.0000e+00
2 0 +8.996122672e+01 -3.721287733e+02 -3.721287733e+02 +4.3379e-01 +3.0692e-02 +9.8026e-02
6 0 +8.678214385e+01 -3.753078562e+02 -3.753078562e+02 -2.2359e-01 +8.0318e-02 +2.1275e-01
10 0 +7.968576391e+01 -3.824042361e+02 -3.824042361e+02 -2.0040e-01 +6.6198e-03 +2.6528e-01
18 0 +7.709330730e+01 -3.849966927e+02 -3.849966927e+02 -1.4277e-01 +1.8756e-01 +7.0218e-01
22 0 +7.543523433e+01 -3.866547657e+02 -3.866547657e+02 -4.3532e-01 +2.6718e-01 +3.6201e-01
26 0 +6.845958180e+01 -3.936304182e+02 -3.936304182e+02 -9.3191e-01 +7.4809e-01 +4.5798e-01
37 0 +6.152951270e+01 -4.005604873e+02 -4.005604873e+02 -2.2847e-01 +5.6009e-01 +1.1588e+00
45 0 +3.044578200e+01 -4.316442180e+02 -4.316442180e+02 -2.2557e+00 +1.6762e+00 +9.6949e-01
62 0 +2.722725820e+01 -4.348627418e+02 -4.348627418e+02 -4.0443e+00 +3.0894e+00 +2.1592e+00
65 0 +2.045939021e+01 -4.416306098e+02 -4.416306098e+02 -4.0780e+00 +3.0301e+00 +1.8823e+00
69 0 +1.592944394e+01 -4.461605561e+02 -4.461605561e+02 -3.2364e+00 +2.4369e+00 +2.1737e+00
97 0 +1.550399572e+01 -4.465860043e+02 -4.465860043e+02 -2.3484e+00 +3.4152e+00 +1.5340e+00
133 0 +1.308914427e+01 -4.490008557e+02 -4.490008557e+02 -2.4110e+00 +1.5815e+00 +1.9504e+00
178 0 +4.357759573e+00 -4.577322404e+02 -4.577322404e+02 -2.3614e+00 +1.6857e+00 +1.8744e+00
345 0 +2.556174972e+00 -4.595338250e+02 -4.595338250e+02 -2.2399e+00 +2.2850e+00 +2.2236e+00
353 0 +1.589402614e+00 -4.605005974e+02 -4.605005974e+02 -2.3488e+00 +2.3176e+00 +2.2460e+00
403 0 +1.155633408e+00 -4.609343666e+02 -4.609343666e+02 -2.4036e+00 +2.3178e+00 +2.2272e+00
407 0 +9.378624947e-01 -4.611521375e+02 -4.611521375e+02 -2.3494e+00 +2.2645e+00 +2.2184e+00
422 0 +5.904944822e-01 -4.614995055e+02 -4.614995055e+02 -2.3585e+00 +2.2728e+00 +2.2084e+00
425 0 +4.211920837e-01 -4.616688079e+02 -4.616688079e+02 -2.3621e+00 +2.2930e+00 +2.2272e+00
453 0 +4.004337448e-01 -4.616895663e+02 -4.616895663e+02 -2.3795e+00 +2.2899e+00 +2.2148e+00
477 0 +3.975278665e-01 -4.616924721e+02 -4.616924721e+02 -2.3677e+00 +2.2840e+00 +2.2208e+00
480 0 +3.505619673e-01 -4.617394380e+02 -4.617394380e+02 -2.3682e+00 +2.2863e+00 +2.2205e+00
485 0 +3.283402846e-01 -4.617616597e+02 -4.617616597e+02 -2.3675e+00 +2.3000e+00 +2.2243e+00
489 0 +2.074937598e-01 -4.618825062e+02 -4.618825062e+02 -2.3650e+00 +2.2952e+00 +2.2205e+00
497 0 +1.289973371e-01 -4.619610027e+02 -4.619610027e+02 -2.3569e+00 +2.2958e+00 +2.2200e+00
508 0 +7.306663782e-02 -4.620169334e+02 -4.620169334e+02 -2.3552e+00 +2.2926e+00 +2.2140e+00
527 0 +7.114623461e-02 -4.620188538e+02 -4.620188538e+02 -2.3445e+00 +2.3027e+00 +2.2201e+00
529 0 +5.764789928e-02 -4.620323521e+02 -4.620323521e+02 -2.3424e+00 +2.2925e+00 +2.2174e+00
537 0 +4.364344043e-02 -4.620463566e+02 -4.620463566e+02 -2.3450e+00 +2.2941e+00 +2.2170e+00
538 0 +3.345011426e-02 -4.620565499e+02 -4.620565499e+02 -2.3338e+00 +2.2939e+00 +2.2129e+00
545 0 +2.846553371e-02 -4.620615345e+02 -4.620615345e+02 -2.3460e+00 +2.2962e+00 +2.2162e+00
557 0 +2.774656791e-02 -4.620622534e+02 -4.620622534e+02 -2.3461e+00 +2.2952e+00 +2.2153e+00
558 0 +1.339763923e-02 -4.620766024e+02 -4.620766024e+02 -2.3358e+00 +2.2971e+00 +2.2149e+00
569 0 +9.984368994e-03 -4.620800156e+02 -4.620800156e+02 -2.3464e+00 +2.2988e+00 +2.2147e+00
584 0 +9.660662621e-03 -4.620803393e+02 -4.620803393e+02 -2.3475e+00 +2.2987e+00 +2.2140e+00
587 0 +3.375147218e-03 -4.620866249e+02 -4.620866249e+02 -2.3417e+00 +2.2996e+00 +2.2150e+00
591 0 +2.360603445e-03 -4.620876394e+02 -4.620876394e+02 -2.3404e+00 +2.2980e+00 +2.2136e+00
601 0 +5.350851836e-04 -4.620894649e+02 -4.620894649e+02 -2.3422e+00 +2.2998e+00 +2.2133e+00
609 0 +5.003897550e-04 -4.620894996e+02 -4.620894996e+02 -2.3417e+00 +2.2999e+00 +2.2140e+00
617 0 +9.514849921e-05 -4.620899049e+02 -4.620899049e+02 -2.3407e+00 +2.2996e+00 +2.2136e+00
711 0 +7.428319043e-05 -4.620899257e+02 -4.620899257e+02 -2.3406e+00 +2.3001e+00 +2.2138e+00
713 0 +7.304506602e-05 -4.620899270e+02 -4.620899270e+02 -2.3404e+00 +2.2998e+00 +2.2137e+00
716 0 +4.887305391e-05 -4.620899511e+02 -4.620899511e+02 -2.3407e+00 +2.2999e+00 +2.2137e+00
753 0 +3.607743230e-05 -4.620899639e+02 -4.620899639e+02 -2.3405e+00 +2.2999e+00 +2.2137e+00
761 0 +2.609190562e-05 -4.620899739e+02 -4.620899739e+02 -2.3405e+00 +2.3000e+00 +2.2136e+00
776 0 +2.158723925e-05 -4.620899784e+02 -4.620899784e+02 -2.3406e+00 +2.2999e+00 +2.2136e+00
788 0 +1.563363662e-05 -4.620899844e+02 -4.620899844e+02 -2.3408e+00 +2.3002e+00 +2.2136e+00
789 0 +5.557289342e-06 -4.620899944e+02 -4.620899944e+02 -2.3407e+00 +2.3001e+00 +2.2136e+00
809 0 +2.385187827e-06 -4.620899976e+02 -4.620899976e+02 -2.3408e+00 +2.3000e+00 +2.2136e+00
866 0 +9.830934573e-07 -4.620899990e+02 -4.620899990e+02 -2.3408e+00 +2.3000e+00 +2.2136e+00
881 0 +4.081336442e-07 -4.620899996e+02 -4.620899996e+02 -2.3408e+00 +2.3000e+00 +2.2136e+00
927 0 +3.623728162e-07 -4.620899996e+02 -4.620899996e+02 -2.3408e+00 +2.3000e+00 +2.2136e+00
928 0 +3.049162274e-07 -4.620899997e+02 -4.620899997e+02 -2.3408e+00 +2.3000e+00 +2.2136e+00
929 0 +8.397620377e-08 -4.620899999e+02 -4.620899999e+02 -2.3408e+00 +2.3000e+00 +2.2136e+00
937 0 +5.912664847e-08 -4.620899999e+02 -4.620899999e+02 -2.3408e+00 +2.3000e+00 +2.2136e+00
961 0 +3.843194918e-08 -4.620900000e+02 -4.620900000e+02 -2.3408e+00 +2.3000e+00 +2.2136e+00
990 0 +2.810327260e-08 -4.620900000e+02 -4.620900000e+02 -2.3408e+00 +2.3000e+00 +2.2136e+00
1016 0 +1.093474111e-08 -4.620900000e+02 -4.620900000e+02 -2.3408e+00 +2.3000e+00 +2.2136e+00
1066 0 +2.434319413e-09 -4.620900000e+02 -4.620900000e+02 -2.3408e+00 +2.3000e+00 +2.2136e+00
1391 0 +0.000000000e+00 -4.620900000e+02 -4.620900000e+02 -2.3408e+00 +2.3000e+00 +2.2136e+00
% f evaluations | g evaluations | best noise-free fitness - Fopt (7.766000000000e+01) + sum g_i+ | measured fitness | best measured fitness or single-digit g-values | x1 | x2...
1 0 +7.373269304e+01 +1.513926930e+02 +1.513926930e+02 +0.0000e+00 +0.0000e+00 +0.0000e+00
2 0 +5.275542814e+01 +1.304154281e+02 +1.304154281e+02 +4.3379e-01 +3.0692e-02 +9.8026e-02
3 0 +3.984466032e+01 +1.175046603e+02 +1.175046603e+02 +3.4094e-01 +2.4727e-01 +1.7369e-01
15 0 +3.304054577e+01 +1.107005458e+02 +1.107005458e+02 +4.0725e-01 +2.0628e-01 +2.3310e-01
% f evaluations | g evaluations | best noise-free fitness - Fopt (1.156800000000e+02) + sum g_i+ | measured fitness | best measured fitness or single-digit g-values | x1 | x2...
1 0 +4.079349721e+01 +1.564734972e+02 +1.564734972e+02 +0.0000e+00 +0.0000e+00 +0.0000e+00
4 0 +3.421977170e+01 +1.498997717e+02 +1.498997717e+02 -1.1375e-01 -3.0566e-01 +1.1285e-01
6 0 +1.131833618e+01 +1.269983362e+02 +1.269983362e+02 -2.2359e-01 +8.0318e-02 +2.1275e-01
106 0 +9.652516750e+00 +1.253325168e+02 +1.253325168e+02 -1.2719e-01 -3.9511e-01 +5.8230e-01
124 0 +7.038082718e+00 +1.227180827e+02 +1.227180827e+02 -1.4694e-01 -4.1756e-01 +5.9213e-01
184 0 +6.286138393e+00 +1.219661384e+02 +1.219661384e+02 -1.5908e-01 -4.3945e-01 +5.9246e-01
227 0 +6.142257619e+00 +1.218222576e+02 +1.218222576e+02 -1.6118e-01 -4.3786e-01 +6.1145e-01
242 0 +5.997289183e+00 +1.216772892e+02 +1.216772892e+02 -1.8137e-01 -4.3203e-01 +6.0325e-01
% f evaluations | g evaluations | best noise-free fitness - Fopt (-3.710000000000e+00) + sum g_i+ | measured fitness | best measured fitness or single-digit g-values | x1 | x2...
1 0 +7.156572542e+01 +6.785572542e+01 +6.785572542e+01 +0.0000e+00 +0.0000e+00 +0.0000e+00
14 0 +6.723599877e+01 +6.352599877e+01 +6.352599877e+01 -2.5673e-02 -1.1762e-01 +6.1196e-01
31 0 +6.438519123e+01 +6.067519123e+01 +6.067519123e+01 +3.1250e-01 -2.2405e-01 +5.5718e-01
38 0 +5.431988533e+01 +5.060988533e+01 +5.060988533e+01 +3.3968e-02 -2.3853e-01 +6.6003e-01
49 0 +4.538341976e+01 +4.167341976e+01 +4.167341976e+01 +2.5346e-01 -2.8327e-01 +8.6060e-01
52 0 +4.298019776e+01 +3.927019776e+01 +3.927019776e+01 +1.9168e-01 -3.5219e-01 +2.0958e+00
60 0 +3.680961477e+01 +3.309961477e+01 +3.309961477e+01 -9.4657e-02 -2.8400e-01 +2.3750e+00
86 0 +2.174480858e+01 +1.803480858e+01 +1.803480858e+01 +6.6964e-02 -5.6642e-01 +2.2038e+00
180 0 +2.078491941e+01 +1.707491941e+01 +1.707491941e+01 +9.0725e-02 -5.5381e-01 +2.1868e+00
370 0 +2.038821184e+01 +1.667821184e+01 +1.667821184e+01 +1.4429e-01 -5.6737e-01 +2.1554e+00
384 0 +1.975960020e+01 +1.604960020e+01 +1.604960020e+01 +1.2054e-01 -5.6266e-01 +2.1412e+00
390 0 +1.934711378e+01 +1.563711378e+01 +1.563711378e+01 +1.0193e-01 -5.6388e-01 +2.1437e+00
414 0 +1.893366787e+01 +1.522366787e+01 +1.522366787e+01 +5.8544e-02 -5.7689e-01 +2.1484e+00
% f evaluations | g evaluations | best noise-free fitness - Fopt (1.321800000000e+02) + sum g_i+ | measured fitness | best measured fitness or single-digit g-values | x1 | x2...
1 0 +1.579813147e+02 +2.901613147e+02 +2.901613147e+02 +0.0000e+00 +0.0000e+00 +0.0000e+00
3 0 +1.577019459e+02 +2.898819459e+02 +2.898819459e+02 +3.4094e-01 +2.4727e-01 +1.7369e-01
8 0 +1.461365866e+02 +2.783165866e+02 +2.783165866e+02 +1.0710e-01 +2.4729e-01 +2.1661e-01
14 0 +1.244625098e+02 +2.566425098e+02 +2.566425098e+02 -7.5250e-02 +2.8343e-01 +7.6804e-01
18 0 +8.724137946e+01 +2.194213795e+02 +2.194213795e+02 +3.1394e-01 +3.9106e-01 +8.2943e-01
30 0 +8.643917503e+01 +2.186191750e+02 +2.186191750e+02 +3.0120e-01 +4.0167e-01 +8.3156e-01
52 0 +6.558821592e+01 +1.977682159e+02 +1.977682159e+02 +1.5273e-01 +5.5888e-01 +1.9864e+00
60 0 +3.172962437e+01 +1.639096244e+02 +1.639096244e+02 +1.4619e-01 +8.1702e-01 +2.8640e+00
74 0 +1.776953300e+01 +1.499495330e+02 +1.499495330e+02 +2.9920e-01 +1.4963e+00 +3.4477e+00
350 0 +1.730866417e+01 +1.494886642e+02 +1.494886642e+02 +2.5816e-01 +9.0292e-01 +3.4657e+00
356 0 +1.696206336e+01 +1.491420634e+02 +1.491420634e+02 +2.1562e-01 +8.8344e-01 +3.4581e+00
% f evaluations | g evaluations | best noise-free fitness - Fopt (-3.930000000000e+01) + sum g_i+ | measured fitness | best measured fitness or single-digit g-values | x1 | x2...
1 0 +1.065118937e+02 +6.721189366e+01 +6.721189366e+01 +0.0000e+00 +0.0000e+00 +0.0000e+00
2 0 +8.463041777e+01 +4.533041777e+01 +4.533041777e+01 +4.3379e-01 +3.0692e-02 +9.8026e-02
7 0 +8.183474480e+01 +4.253474480e+01 +4.253474480e+01 +5.3256e-02 -2.3477e-01 +7.8699e-02
12 0 +8.085253191e+01 +4.155253191e+01 +4.155253191e+01 +1.6255e-01 +3.8506e-01 +9.7442e-02
18 0 +6.810987495e+01 +2.880987495e+01 +2.880987495e+01 +4.5311e-01 +2.2768e-01 +5.0989e-01
46 0 +6.432526273e+01 +2.502526273e+01 +2.502526273e+01 +1.2894e+00 +3.3307e-01 +1.1014e+00
52 0 +3.569393410e+01 -3.606065898e+00 -3.606065898e+00 +7.1219e-01 +4.2650e-01 +1.5840e+00
109 0 +2.698017365e+01 -1.231982635e+01 -1.231982635e+01 +1.3594e-01 -1.3025e-01 +2.0129e+00
124 0 +2.464837226e+01 -1.465162774e+01 -1.465162774e+01 +1.2775e+00 -6.5384e-01 +2.3327e+00
163 0 +1.978355227e+01 -1.951644773e+01 -1.951644773e+01 +1.6305e-01 -6.5266e-01 +2.0158e+00
169 0 +1.936273262e+01 -1.993726738e+01 -1.993726738e+01 +4.1580e-01 -6.2749e-01 +2.3990e+00
268 0 +1.735545711e+01 -2.194454289e+01 -2.194454289e+01 +3.1100e-01 -1.2447e+00 +2.3945e+00
285 0 +1.494568092e+01 -2.435431908e+01 -2.435431908e+01 +6.5515e-01 -1.2962e+00 +2.6811e+00
337 0 +1.292901747e+01 -2.637098253e+01 -2.637098253e+01 +3.8355e-01 -1.1631e+00 +2.3144e+00
417 0 +1.257068297e+01 -2.672931703e+01 -2.672931703e+01 +6.1784e-01 -1.2535e+00 +2.6568e+00
468 0 +1.224387715e+01 -2.705612285e+01 -2.705612285e+01 +6.2476e-01 -1.2519e+00 +2.6671e+00
482 0 +1.200235224e+01 -2.729764776e+01 -2.729764776e+01 +6.3019e-01 -1.2394e+00 +2.6722e+00
507 0 +1.166848902e+01 -2.763151098e+01 -2.763151098e+01 +6.2084e-01 -1.2315e+00 +2.6724e+00
551 0 +1.146974068e+01 -2.783025932e+01 -2.783025932e+01 +6.0062e-01 -1.2358e+00 +2.6635e+00
562 0 +1.111718473e+01 -2.818281527e+01 -2.818281527e+01 +6.0011e-01 -1.2270e+00 +2.6734e+00
573 0 +1.096163100e+01 -2.833836900e+01 -2.833836900e+01 +5.9828e-01 -1.2365e+00 +2.6812e+00
589 0 +1.053881297e+01 -2.876118703e+01 -2.876118703e+01 +5.5684e-01 -1.2203e+00 +2.7141e+00
612 0 +1.031735351e+01 -2.898264649e+01 -2.898264649e+01 +5.1449e-01 -1.2247e+00 +2.7162e+00
648 0 +1.011372166e+01 -2.918627834e+01 -2.918627834e+01 +5.0452e-01 -1.2236e+00 +2.7074e+00
692 0 +9.972106155e+00 -2.932789384e+01 -2.932789384e+01 +5.1144e-01 -1.2279e+00 +2.6976e+00
% f evaluations | g evaluations | best noise-free fitness - Fopt (4.296000000000e+01) + sum g_i+ | measured fitness | best measured fitness or single-digit g-values | x1 | x2...
1 0 +2.170253941e+02 +2.599853941e+02 +2.599853941e+02 +0.0000e+00 +0.0000e+00 +0.0000e+00
2 0 +1.902294007e+02 +2.331894007e+02 +2.331894007e+02 +4.3379e-01 +3.0692e-02 +9.8026e-02
11 0 +1.773659741e+02 +2.203259741e+02 +2.203259741e+02 -2.6375e-01 +3.5559e-01 -1.1419e-01
19 0 +1.609316854e+02 +2.038916854e+02 +2.038916854e+02 +3.7996e-02 +6.1803e-01 -3.0525e-01
26 0 +1.531140618e+02 +1.960740618e+02 +1.960740618e+02 -7.4120e-01 +8.9560e-01 -3.5179e-01
28 0 +1.413693522e+02 +1.843293522e+02 +1.843293522e+02 -5.2363e-01 +7.1836e-01 -3.9640e-01
32 0 +1.192632045e+02 +1.622232045e+02 +1.622232045e+02 -4.2591e-01 +6.2426e-01 -5.5758e-01
34 0 +1.067167624e+02 +1.496767624e+02 +1.496767624e+02 -7.1338e-01 +8.4716e-01 -7.9613e-01
36 0 +6.556071225e+01 +1.085207123e+02 +1.085207123e+02 -4.1149e-01 +1.0832e+00 -8.8730e-01
42 0 +5.320467381e+01 +9.616467381e+01 +9.616467381e+01 -1.2105e+00 +9.6545e-01 -1.8322e+00
45 0 +4.780609143e+01 +9.076609143e+01 +9.076609143e+01 -1.3891e+00 +1.6735e+00 -1.4663e+00
50 0 +2.990852253e+01 +7.286852253e+01 +7.286852253e+01 -1.5198e+00 +2.6928e+00 -2.4211e+00
57 0 +1.944809282e+01 +6.240809282e+01 +6.240809282e+01 -1.7284e+00 +2.2729e+00 -2.3812e+00
75 0 +1.688273053e+01 +5.984273053e+01 +5.984273053e+01 -7.1694e-01 +1.7309e+00 -2.3371e+00
112 0 +1.095247866e+01 +5.391247866e+01 +5.391247866e+01 -5.5143e-01 +2.2366e+00 -2.4119e+00
164 0 +1.039340707e+01 +5.335340707e+01 +5.335340707e+01 -3.9260e-01 +2.2631e+00 -2.1280e+00
202 0 +7.278173979e+00 +5.023817398e+01 +5.023817398e+01 -5.3601e-01 +2.2688e+00 -2.4138e+00
233 0 +6.328953256e+00 +4.928895326e+01 +4.928895326e+01 -4.8533e-01 +2.2948e+00 -2.4024e+00
313 0 +6.229971658e+00 +4.918997166e+01 +4.918997166e+01 -4.5832e-01 +2.2968e+00 -2.4034e+00
314 0 +6.141436853e+00 +4.910143685e+01 +4.910143685e+01 -4.6525e-01 +2.2906e+00 -2.4204e+00
329 0 +6.020553682e+00 +4.898055368e+01 +4.898055368e+01 -4.4535e-01 +2.2891e+00 -2.4032e+00
% f evaluations | g evaluations | best noise-free fitness - Fopt (2.842200000000e+02) + sum g_i+ | measured fitness | best measured fitness or single-digit g-values | x1 | x2...
1 0 +5.768031398e+01 +3.419003140e+02 +3.419003140e+02 +0.0000e+00 +0.0000e+00 +0.0000e+00
4 0 +3.825299074e+01 +3.224729907e+02 +3.224729907e+02 -1.1375e-01 -3.0566e-01 +1.1285e-01
5 0 +3.141570955e+01 +3.156357096e+02 +3.156357096e+02 -1.5359e-01 +2.4817e-01 +6.3376e-02
20 0 +2.580623563e+01 +3.100262356e+02 +3.100262356e+02 -1.2758e-01 -1.4093e-01 -4.3565e-02
35 0 +1.893828156e+01 +3.031582816e+02 +3.031582816e+02 -1.4922e-01 -1.6468e-01 -9.6682e-02
59 0 +1.804480861e+01 +3.022648086e+02 +3.022648086e+02 -2.2842e-01 -2.1842e-01 -3.2302e-01
61 0 +1.588313600e+01 +3.001031360e+02 +3.001031360e+02 -9.8879e-02 -1.5833e-01 -8.8527e-02
67 0 +1.097905054e+01 +2.951990505e+02 +2.951990505e+02 -6.4568e-02 -1.8939e-01 -3.6326e-01
88 0 +1.014647343e+01 +2.943664734e+02 +2.943664734e+02 -1.2221e-01 -1.8323e-01 -3.8187e-01
93 0 +9.520762783e+00 +2.937407628e+02 +2.937407628e+02 -1.3861e-01 -2.1127e-01 -3.9979e-01
108 0 +6.938636185e+00 +2.911586362e+02 +2.911586362e+02 -6.3639e-02 -1.7249e-01 -6.9429e-01
127 0 +5.549348319e+00 +2.897693483e+02 +2.897693483e+02 -1.1096e-01 -2.3395e-01 -6.6654e-01
% f evaluations | g evaluations | best noise-free fitness - Fopt (-3.217000000000e+01) + sum g_i+ | measured fitness | best measured fitness or single-digit g-values | x1 | x2...
1 0 +7.339161758e+01 +4.122161758e+01 +4.122161758e+01 +0.0000e+00 +0.0000e+00 +0.0000e+00
2 0 +3.679754644e+01 +4.627546445e+00 +4.627546445e+00 +4.3379e-01 +3.0692e-02 +9.8026e-02
3 0 +1.839180209e+01 -1.377819791e+01 -1.377819791e+01 +3.4094e-01 +2.4727e-01 +1.7369e-01
15 0 +1.463084461e+01 -1.753915539e+01 -1.753915539e+01 +4.6967e-01 +3.0325e-01 +1.8996e-01
46 0 +1.219393612e+01 -1.997606388e+01 -1.997606388e+01 +3.8595e-01 +2.7212e-01 +4.6572e-01
98 0 +1.167102673e+01 -2.049897327e+01 -2.049897327e+01 +4.5951e-01 +3.6118e-01 +4.5277e-01
113 0 +1.112132354e+01 -2.104867646e+01 -2.104867646e+01 +4.8261e-01 +2.8198e-01 +4.4576e-01
258 0 +1.060609438e+01 -2.156390562e+01 -2.156390562e+01 +4.8857e-01 +3.1496e-01 +4.6540e-01
273 0 +1.033693626e+01 -2.183306374e+01 -2.183306374e+01 +4.6095e-01 +3.2894e-01 +4.5478e-01
296 0 +1.013162720e+01 -2.203837280e+01 -2.203837280e+01 +4.6442e-01 +3.1864e-01 +4.6428e-01
349 0 +9.992363097e+00 -2.217763690e+01 -2.217763690e+01 +4.5850e-01 +3.1119e-01 +4.6158e-01
% f evaluations | g evaluations | best noise-free fitness - Fopt (-5.858000000000e+01) + sum g_i+ | measured fitness | best measured fitness or single-digit g-values | x1 | x2...
1 0 +8.608716178e+01 +2.750716178e+01 +2.750716178e+01 +0.0000e+00 +0.0000e+00 +0.0000e+00
2 0 +8.220021056e+01 +2.362021056e+01 +2.362021056e+01 +4.3379e-01 +3.0692e-02 +9.8026e-02
3 0 +6.934011785e+01 +1.076011785e+01 +1.076011785e+01 +3.4094e-01 +2.4727e-01 +1.7369e-01
15 0 +5.557405658e+01 -3.005943423e+00 -3.005943423e+00 +4.0725e-01 +2.0628e-01 +2.3310e-01
33 0 +5.364640258e+01 -4.933597425e+00 -4.933597425e+00 +3.4753e-01 +2.6340e-01 +6.1827e-01
37 0 +5.137748441e+01 -7.202515594e+00 -7.202515594e+00 +8.0649e-01 +4.0893e-01 +1.3248e+00
40 0 +4.772703713e+01 -1.085296287e+01 -1.085296287e+01 +5.9318e-01 +3.1018e-01 +3.3950e-01
64 0 +4.368236182e+01 -1.489763818e+01 -1.489763818e+01 +1.7021e+00 +2.7152e-01 +1.3849e+00
130 0 +4.190077396e+01 -1.667922604e+01 -1.667922604e+01 +7.2613e-01 +2.6381e-01 +9.9821e-01
271 0 +4.148834688e+01 -1.709165312e+01 -1.709165312e+01 +5.9445e-01 +2.6168e-01 +6.7468e-01
% f evaluations | g evaluations | best noise-free fitness - Fopt (-6.049200000000e+02) + sum g_i+ | measured fitness | best measured fitness or single-digit g-values | x1 | x2...
1 0 +7.163123330e+01 -5.332887667e+02 -5.332887667e+02 +0.0000e+00 +0.0000e+00 +0.0000e+00
4 0 +6.938717444e+01 -5.355328256e+02 -5.355328256e+02 -1.1375e-01 -3.0566e-01 +1.1285e-01
6 0 +5.814983611e+01 -5.467701639e+02 -5.467701639e+02 -2.2359e-01 +8.0318e-02 +2.1275e-01
9 0 +5.326687619e+01 -5.516531238e+02 -5.516531238e+02 -7.6746e-02 +7.3139e-03 +1.8074e-01
18 0 +5.155368421e+01 -5.533663158e+02 -5.533663158e+02 +8.2948e-03 +1.1727e-01 +8.0144e-01
30 0 +3.637220023e+01 -5.685477998e+02 -5.685477998e+02 +6.6906e-02 +3.1580e-02 +6.7375e-01
37 0 +3.487000270e+01 -5.700499973e+02 -5.700499973e+02 +1.6306e-01 +5.2767e-02 +1.0647e+00
60 0 +3.326416902e+01 -5.716558310e+02 -5.716558310e+02 +9.0427e-02 -1.1493e-01 +2.7430e+00
78 0 +3.118811851e+01 -5.737318815e+02 -5.737318815e+02 +1.0317e+00 -4.6713e-01 +2.9779e+00
101 0 +2.378536480e+01 -5.811346352e+02 -5.811346352e+02 +5.5123e-02 -1.9071e-01 +2.7598e+00
105 0 +1.925551402e+01 -5.856644860e+02 -5.856644860e+02 +7.1417e-02 -2.9066e-01 +2.1346e+00
124 0 +6.938633882e+00 -5.979813661e+02 -5.979813661e+02 -1.9141e-03 -4.8345e-01 +1.7260e+00
190 0 +5.668065272e+00 -5.992519347e+02 -5.992519347e+02 -6.4064e-03 -4.3488e-01 +2.3937e+00
194 0 +4.441306351e+00 -6.004786936e+02 -6.004786936e+02 -4.2247e-02 -4.7328e-01 +2.4122e+00
251 0 +3.235138375e+00 -6.016848616e+02 -6.016848616e+02 -1.7639e-02 -4.6428e-01 +2.4443e+00
297 0 +3.098818029e+00 -6.018211820e+02 -6.018211820e+02 -6.1980e-03 -4.6469e-01 +2.4471e+00
328 0 +3.070923156e+00 -6.018490768e+02 -6.018490768e+02 +9.3887e-03 -4.6869e-01 +2.4315e+00
349 0 +3.010458860e+00 -6.019095411e+02 -6.019095411e+02 +4.2696e-03 -4.6892e-01 +2.4357e+00
% f evaluations | g evaluations | best noise-free fitness - Fopt (1.337000000000e+02) + sum g_i+ | measured fitness | best measured fitness or single-digit g-values | x1 | x2...
1 0 +4.286820420e+01 +1.765682042e+02 +1.765682042e+02 +0.0000e+00 +0.0000e+00 +0.0000e+00
2 0 +4.198037555e+01 +1.756803755e+02 +1.756803755e+02 +4.3379e-01 +3.0692e-02 +9.8026e-02
3 0 +2.751992397e+01 +1.612199240e+02 +1.612199240e+02 +3.4094e-01 +2.4727e-01 +1.7369e-01
11 0 +2.425743807e+01 +1.579574381e+02 +1.579574381e+02 -3.4804e-01 +4.3509e-01 -7.0415e-02
15 0 +1.231060124e+01 +1.460106012e+02 +1.460106012e+02 +3.4637e-01 +3.8092e-01 +2.3161e-01
25 0 +1.196533985e+01 +1.456653398e+02 +1.456653398e+02 +3.8223e-01 +4.2209e-01 +2.4290e-01
44 0 +9.506161388e+00 +1.432061614e+02 +1.432061614e+02 +6.0490e-01 +3.4519e-01 +4.2438e-02
82 0 +9.124730071e+00 +1.428247301e+02 +1.428247301e+02 +4.8486e-01 +4.6278e-01 -2.9689e-02
97 0 +6.639531455e+00 +1.403395315e+02 +1.403395315e+02 +5.5768e-01 +3.9432e-01 -5.0954e-04
121 0 +6.298535839e+00 +1.399985358e+02 +1.399985358e+02 +5.7103e-01 +3.6954e-01 -9.9806e-03
145 0 +6.151402610e+00 +1.398514026e+02 +1.398514026e+02 +5.5260e-01 +3.7150e-01 -2.3681e-02
153 0 +5.995271085e+00 +1.396952711e+02 +1.396952711e+02 +5.1374e-01 +3.6451e-01 -2.1889e-02
% f evaluations | g evaluations | best noise-free fitness - Fopt (-2.098000000000e+01) + sum g_i+ | measured fitness | best measured fitness or single-digit g-values | x1 | x2...
1 0 +4.293454209e+01 +2.195454209e+01 +2.195454209e+01 +0.0000e+00 +0.0000e+00 +0.0000e+00
3 0 +3.534602693e+01 +1.436602693e+01 +1.436602693e+01 +3.4094e-01 +2.4727e-01 +1.7369e-01
8 0 +2.370894730e+01 +2.728947299e+00 +2.728947299e+00 +1.0710e-01 +2.4729e-01 +2.1661e-01
15 0 +2.051834494e+01 -4.616550596e-01 -4.616550596e-01 +3.4637e-01 +3.8092e-01 +2.3161e-01
16 0 +1.929705201e+01 -1.682947992e+00 -1.682947992e+00 +3.0805e-01 +4.1548e-01 -5.9388e-02
17 0 +1.526623949e+01 -5.713760510e+00 -5.713760510e+00 +2.0171e-01 +3.7925e-01 +2.9472e-01
54 0 +1.460218932e+01 -6.377810680e+00 -6.377810680e+00 +3.1013e-01 +8.3740e-01 +3.0680e-01
56 0 +1.330704589e+01 -7.672954115e+00 -7.672954115e+00 -1.1464e-01 +8.3689e-01 +2.4680e-01
62 0 +9.212831847e+00 -1.176716815e+01 -1.176716815e+01 +7.3306e-02 +8.4111e-01 +2.3976e-01
66 0 +8.336071683e+00 -1.264392832e+01 -1.264392832e+01 +8.0422e-02 +8.4406e-01 +2.7611e-01
128 0 +6.801302670e+00 -1.417869733e+01 -1.417869733e+01 +1.1288e-01 +1.2741e+00 +6.1727e-01
175 0 +6.400663921e+00 -1.457933608e+01 -1.457933608e+01 +1.6737e-01 +1.3134e+00 +6.2955e-01
178 0 +6.070721403e+00 -1.490927860e+01 -1.490927860e+01 +1.3264e-01 +1.3316e+00 +6.2536e-01
223 0 +6.020459478e+00 -1.495954052e+01 -1.495954052e+01 +1.1251e-01 +1.3334e+00 +6.2989e-01
% f evaluations | g evaluations | best noise-free fitness - Fopt (1.353300000000e+02) + sum g_i+ | measured fitness | best measured fitness or single-digit g-values | x1 | x2...
1 0 +3.053061949e+01 +1.658606195e+02 +1.658606195e+02 +0.0000e+00 +0.0000e+00 +0.0000e+00
2 0 +2.568130712e+01 +1.610113071e+02 +1.610113071e+02 +4.3379e-01 +3.0692e-02 +9.8026e-02
10 0 +2.457309657e+01 +1.599030966e+02 +1.599030966e+02 -6.2620e-02 -1.0400e-02 +3.0517e-01
21 0 +2.437255436e+01 +1.597025544e+02 +1.597025544e+02 +3.2706e-01 -8.2980e-02 +3.6618e-01
31 0 +2.167117216e+01 +1.570011722e+02 +1.570011722e+02 +5.7115e-01 +1.7388e-01 +7.4836e-01
47 0 +4.435269583e+00 +1.397652696e+02 +1.397652696e+02 +6.2474e-01 +5.4543e-02 +6.4023e-01
127 0 +4.119828645e+00 +1.394498286e+02 +1.394498286e+02 +5.6672e-01 +5.8574e-01 +1.3878e+00
153 0 +3.457783277e+00 +1.387877833e+02 +1.387877833e+02 +5.0813e-01 +5.6311e-01 +1.3780e+00
161 0 +3.142546680e+00 +1.384725467e+02 +1.384725467e+02 +5.8453e-01 +5.6202e-01 +1.3059e+00
224 0 +2.908814897e+00 +1.382388149e+02 +1.382388149e+02 +6.1410e-01 +5.7685e-01 +1.3252e+00
238 0 +2.782561604e+00 +1.381125616e+02 +1.381125616e+02 +6.0139e-01 +5.7734e-01 +1.3474e+00
242 0 +2.729944703e+00 +1.380599447e+02 +1.380599447e+02 +5.9648e-01 +5.8019e-01 +1.3370e+00
257 0 +2.561999553e+00 +1.378919996e+02 +1.378919996e+02 +5.9382e-01 +5.7116e-01 +1.3364e+00
265 0 +2.351591875e+00 +1.376815919e+02 +1.376815919e+02 +5.7712e-01 +5.8235e-01 +1.3330e+00
270 0 +2.259132879e+00 +1.375891329e+02 +1.375891329e+02 +5.4582e-01 +5.8502e-01 +1.3330e+00
274 0 +2.206791880e+00 +1.375367919e+02 +1.375367919e+02 +5.6729e-01 +5.7001e-01 +1.3515e+00
293 0 +2.067488835e+00 +1.373974888e+02 +1.373974888e+02 +5.5884e-01 +5.6736e-01 +1.3357e+00
337 0 +2.041457190e+00 +1.373714572e+02 +1.373714572e+02 +5.6124e-01 +5.7284e-01 +1.3377e+00
385 0 +1.993533982e+00 +1.373235340e+02 +1.373235340e+02 +5.4780e-01 +5.7136e-01 +1.3361e+00
% f evaluations | g evaluations | best noise-free fitness - Fopt (4.066000000000e+01) + sum g_i+ | measured fitness | best measured fitness or single-digit g-values | x1 | x2...
1 0 +2.067564417e+02 +2.474164417e+02 +2.474164417e+02 +0.0000e+00 +0.0000e+00 +0.0000e+00
2 0 +1.957386225e+02 +2.363986225e+02 +2.363986225e+02 +4.3379e-01 +3.0692e-02 +9.8026e-02
3 0 +1.794651476e+02 +2.201251476e+02 +2.201251476e+02 +3.4094e-01 +2.4727e-01 +1.7369e-01
4 0 +1.677053673e+02 +2.083653673e+02 +2.083653673e+02 -1.1375e-01 -3.0566e-01 +1.1285e-01
14 0 +1.546050259e+02 +1.952650259e+02 +1.952650259e+02 -1.2556e-01 -4.4535e-02 +6.3797e-01
18 0 +1.360228597e+02 +1.766828597e+02 +1.766828597e+02 -5.1800e-02 +8.5560e-03 +7.7341e-01
27 0 +1.133624618e+02 +1.540224618e+02 +1.540224618e+02 -3.3391e-01 +1.9626e-01 +1.0198e+00
30 0 +1.071573069e+02 +1.478173069e+02 +1.478173069e+02 +3.0077e-02 +1.8620e-01 +9.3396e-01
33 0 +9.968093550e+01 +1.403409355e+02 +1.403409355e+02 +9.4877e-04 +1.4839e-01 +9.6158e-01
37 0 +8.484963181e+01 +1.255096318e+02 +1.255096318e+02 +4.3970e-01 +3.6015e-01 +2.1351e+00
41 0 +8.310593897e+01 +1.237659390e+02 +1.237659390e+02 +2.3691e-02 +1.8952e-01 +1.3862e+00
46 0 +5.508019571e+01 +9.574019571e+01 +9.574019571e+01 +5.8664e-01 +1.5237e-01 +2.4485e+00
54 0 +1.907775988e+01 +5.973775988e+01 +5.973775988e+01 +9.0791e-01 +7.0574e-01 +3.5502e+00
56 0 +1.472182898e+01 +5.538182898e+01 +5.538182898e+01 +2.4744e-02 +6.1095e-01 +3.2277e+00
176 0 +1.375730661e+01 +5.441730661e+01 +5.441730661e+01 +1.2335e+00 +1.0838e-01 +3.9349e+00
223 0 +1.047549671e+01 +5.113549671e+01 +5.113549671e+01 +1.2300e+00 +1.8720e-01 +3.9151e+00
270 0 +1.013546821e+01 +5.079546821e+01 +5.079546821e+01 +1.2441e+00 +1.5568e-01 +3.9233e+00
443 0 +9.955506113e+00 +5.061550611e+01 +5.061550611e+01 +1.2350e+00 +1.6296e-01 +3.9145e+00
478 0 +9.726790273e+00 +5.038679027e+01 +5.038679027e+01 +1.2241e+00 +1.5451e-01 +3.9177e+00
499 0 +9.506545595e+00 +5.016654560e+01 +5.016654560e+01 +1.2149e+00 +1.5271e-01 +3.9209e+00
539 0 +9.319920741e+00 +4.997992074e+01 +4.997992074e+01 +1.2011e+00 +1.5038e-01 +3.9195e+00
554 0 +9.028875030e+00 +4.968887503e+01 +4.968887503e+01 +1.1960e+00 +1.5756e-01 +3.9294e+00
562 0 +8.842096392e+00 +4.950209639e+01 +4.950209639e+01 +1.1712e+00 +1.4947e-01 +3.9193e+00
570 0 +8.513853132e+00 +4.917385313e+01 +4.917385313e+01 +1.1636e+00 +1.5686e-01 +3.9284e+00
578 0 +8.484709886e+00 +4.914470989e+01 +4.914470989e+01 +1.1621e+00 +1.5692e-01 +3.9279e+00
592 0 +8.079754466e+00 +4.873975447e+01 +4.873975447e+01 +1.0909e+00 +1.6295e-01 +3.9157e+00
