% f evaluations | g evaluations | best noise-free fitness - Fopt (-4.620900000000e+02) + sum g_i+ | measured fitness | best measured fitness or single-digit g-values | x1 | x2...
1 0 +1.387390986e+03 +9.253009860e+02 +9.253009860e+02
11 0 +1.379043648e+03 +9.169536476e+02 +9.169536476e+02
29 0 +1.268533860e+03 +8.064438598e+02 +8.064438598e+02
91 0 +1.179359127e+03 +7.172691273e+02 +7.172691273e+02
102 0 +1.161021631e+03 +6.989316310e+02 +6.989316310e+02
133 0 +1.147615955e+03 +6.855259549e+02 +6.855259549e+02
152 0 +1.118778704e+03 +6.566887037e+02 +6.566887037e+02
169 0 +1.072051444e+03 +6.099614439e+02 +6.099614439e+02
189 0 +1.005274478e+03 +5.431844776e+02 +5.431844776e+02
261 0 +9.367740118e+02 +4.746840118e+02 +4.746840118e+02
317 0 +8.931307954e+02 +4.310407954e+02 +4.310407954e+02
343 0 +8.622000110e+02 +4.001100110e+02 +4.001100110e+02
385 0 +8.092032116e+02 +3.471132116e+02 +3.471132116e+02
420 0 +7.882402228e+02 +3.261502228e+02 +3.261502228e+02
449 0 +7.711433233e+02 +3.090533233e+02 +3.090533233e+02
553 0 +7.542160287e+02 +2.921260287e+02 +2.921260287e+02
631 0 +7.180810468e+02 +2.559910468e+02 +2.559910468e+02
705 0 +6.827608340e+02 +2.206708340e+02 +2.206708340e+02
737 0 +6.712468427e+02 +2.091568427e+02 +2.091568427e+02
897 0 +6.415375386e+02 +1.794475386e+02 +1.794475386e+02
961 0 +6.133926066e+02 +1.513026066e+02 +1.513026066e+02
1009 0 +5.904965093e+02 +1.284065093e+02 +1.284065093e+02
1123 0 +5.851640755e+02 +1.230740755e+02 +1.230740755e+02
1153 0 +5.448337071e+02 +8.274370709e+01 +8.274370709e+01
1201 0 +5.099832025e+02 +4.789320245e+01 +4.789320245e+01
1233 0 +4.941372999e+02 +3.204729986e+01 +3.204729986e+01
1265 0 +4.800971764e+02 +1.800717637e+01 +1.800717637e+01
1329 0 +4.686950182e+02 +6.605018196e+00 +6.605018196e+00
1473 0 +4.661553913e+02 +4.065391340e+00 +4.065391340e+00
1489 0 +4.559603169e+02 -6.129683105e+00 -6.129683105e+00
1553 0 +4.403093861e+02 -2.178061392e+01 -2.178061392e+01
1681 0 +4.346560640e+02 -2.743393602e+01 -2.743393602e+01
1809 0 +4.254758159e+02 -3.661418408e+01 -3.661418408e+01
1905 0 +4.161195052e+02 -4.597049477e+01 -4.597049477e+01
2161 0 +4.073288737e+02 -5.476112631e+01 -5.476112631e+01
2945 0 +3.980143211e+02 -6.407567892e+01 -6.407567892e+01
% f evaluations | g evaluations | best noise-free fitness - Fopt (7.766000000000e+01) + sum g_i+ | measured fitness | best measured fitness or single-digit g-values | x1 | x2...
1 0 +1.921631594e+03 +1.999291594e+03 +1.999291594e+03
4 0 +1.894647298e+03 +1.972307298e+03 +1.972307298e+03
6 0 +1.856339031e+03 +1.933999031e+03 +1.933999031e+03
11 0 +1.708292727e+03 +1.785952727e+03 +1.785952727e+03
24 0 +1.695784221e+03 +1.773444221e+03 +1.773444221e+03
55 0 +1.595566377e+03 +1.673226377e+03 +1.673226377e+03
94 0 +1.561586260e+03 +1.639246260e+03 +1.639246260e+03
108 0 +1.539762198e+03 +1.617422198e+03 +1.617422198e+03
133 0 +1.484785368e+03 +1.562445368e+03 +1.562445368e+03
142 0 +1.449525326e+03 +1.527185326e+03 +1.527185326e+03
145 0 +1.437629582e+03 +1.515289582e+03 +1.515289582e+03
193 0 +1.367756310e+03 +1.445416310e+03 +1.445416310e+03
242 0 +1.324032740e+03 +1.401692740e+03 +1.401692740e+03
247 0 +1.311998018e+03 +1.389658018e+03 +1.389658018e+03
261 0 +1.282066710e+03 +1.359726710e+03 +1.359726710e+03
299 0 +1.222803175e+03 +1.300463175e+03 +1.300463175e+03
322 0 +1.201741496e+03 +1.279401496e+03 +1.279401496e+03
338 0 +1.143857758e+03 +1.221517758e+03 +1.221517758e+03
358 0 +1.090522369e+03 +1.168182369e+03 +1.168182369e+03
442 0 +1.023619057e+03 +1.101279057e+03 +1.101279057e+03
450 0 +9.935226842e+02 +1.071182684e+03 +1.071182684e+03
508 0 +9.528779963e+02 +1.030537996e+03 +1.030537996e+03
579 0 +8.642480890e+02 +9.419080890e+02 +9.419080890e+02
624 0 +8.493586031e+02 +9.270186031e+02 +9.270186031e+02
642 0 +8.271179281e+02 +9.047779281e+02 +9.047779281e+02
686 0 +7.962416931e+02 +8.739016931e+02 +8.739016931e+02
701 0 +7.853691711e+02 +8.630291711e+02 +8.630291711e+02
817 0 +7.551138125e+02 +8.327738125e+02 +8.327738125e+02
821 0 +7.335209600e+02 +8.111809600e+02 +8.111809600e+02
849 0 +7.242491481e+02 +8.019091481e+02 +8.019091481e+02
865 0 +6.805371400e+02 +7.581971400e+02 +7.581971400e+02
897 0 +6.731030376e+02 +7.507630376e+02 +7.507630376e+02
913 0 +6.576774447e+02 +7.353374447e+02 +7.353374447e+02
1091 0 +6.255325440e+02 +7.031925440e+02 +7.031925440e+02
1105 0 +6.048803729e+02 +6.825403729e+02 +6.825403729e+02
1201 0 +6.012956755e+02 +6.789556755e+02 +6.789556755e+02
1297 0 +5.794013938e+02 +6.570613938e+02 +6.570613938e+02
1329 0 +5.706655226e+02 +6.483255226e+02 +6.483255226e+02
1345 0 +5.564197369e+02 +6.340797369e+02 +6.340797369e+02
1377 0 +5.447171604e+02 +6.223771604e+02 +6.223771604e+02
1441 0 +5.365772650e+02 +6.142372650e+02 +6.142372650e+02
1457 0 +5.226139180e+02 +6.002739180e+02 +6.002739180e+02
1489 0 +5.122657220e+02 +5.899257220e+02 +5.899257220e+02
1521 0 +4.987886288e+02 +5.764486288e+02 +5.764486288e+02
1537 0 +4.896193741e+02 +5.672793741e+02 +5.672793741e+02
1553 0 +4.757981487e+02 +5.534581487e+02 +5.534581487e+02
1569 0 +4.669916963e+02 +5.446516963e+02 +5.446516963e+02
1601 0 +4.499384227e+02 +5.275984227e+02 +5.275984227e+02
1649 0 +4.450880060e+02 +5.227480060e+02 +5.227480060e+02
1665 0 +4.325860972e+02 +5.102460972e+02 +5.102460972e+02
1681 0 +4.251015101e+02 +5.027615101e+02 +5.027615101e+02
1729 0 +4.139278064e+02 +4.915878064e+02 +4.915878064e+02
1969 0 +4.054076001e+02 +4.830676001e+02 +4.830676001e+02
2033 0 +3.966147212e+02 +4.742747212e+02 +4.742747212e+02
2321 0 +3.885681338e+02 +4.662281338e+02 +4.662281338e+02
2721 0 +3.799374426e+02 +4.575974426e+02 +4.575974426e+02
% f evaluations | g evaluations | best noise-free fitness - Fopt (1.156800000000e+02) + sum g_i+ | measured fitness | best measured fitness or single-digit g-values | x1 | x2...
1 0 +1.909104352e+03 +2.024784352e+03 +2.024784352e+03
9 0 +1.696234306e+03 +1.811914306e+03 +1.811914306e+03
23 0 +1.611755909e+03 +1.727435909e+03 +1.727435909e+03
51 0 +1.576465516e+03 +1.692145516e+03 +1.692145516e+03
53 0 +1.447340630e+03 +1.563020630e+03 +1.563020630e+03
71 0 +1.424536690e+03 +1.540216690e+03 +1.540216690e+03
89 0 +1.390465468e+03 +1.506145468e+03 +1.506145468e+03
122 0 +1.339769580e+03 +1.455449580e+03 +1.455449580e+03
131 0 +1.229756810e+03 +1.345436810e+03 +1.345436810e+03
166 0 +1.195334028e+03 +1.311014028e+03 +1.311014028e+03
170 0 +1.106071004e+03 +1.221751004e+03 +1.221751004e+03
214 0 +1.075286019e+03 +1.190966019e+03 +1.190966019e+03
233 0 +1.059349607e+03 +1.175029607e+03 +1.175029607e+03
251 0 +1.046101464e+03 +1.161781464e+03 +1.161781464e+03
255 0 +9.677567271e+02 +1.083436727e+03 +1.083436727e+03
263 0 +9.202092216e+02 +1.035889222e+03 +1.035889222e+03
307 0 +8.542503237e+02 +9.699303237e+02 +9.699303237e+02
334 0 +8.286388522e+02 +9.443188522e+02 +9.443188522e+02
377 0 +8.100465958e+02 +9.257265958e+02 +9.257265958e+02
438 0 +7.939541674e+02 +9.096341674e+02 +9.096341674e+02
447 0 +7.524352692e+02 +8.681152692e+02 +8.681152692e+02
481 0 +7.137177290e+02 +8.293977290e+02 +8.293977290e+02
503 0 +7.051564369e+02 +8.208364369e+02 +8.208364369e+02
537 0 +6.689106753e+02 +7.845906753e+02 +7.845906753e+02
550 0 +6.567694872e+02 +7.724494872e+02 +7.724494872e+02
607 0 +6.332386066e+02 +7.489186066e+02 +7.489186066e+02
789 0 +6.298981464e+02 +7.455781464e+02 +7.455781464e+02
806 0 +5.918779238e+02 +7.075579238e+02 +7.075579238e+02
828 0 +5.679848062e+02 +6.836648062e+02 +6.836648062e+02
929 0 +4.995100218e+02 +6.151900218e+02 +6.151900218e+02
1103 0 +4.443532319e+02 +5.600332319e+02 +5.600332319e+02
1249 0 +4.290821496e+02 +5.447621496e+02 +5.447621496e+02
1265 0 +4.183254943e+02 +5.340054943e+02 +5.340054943e+02
1393 0 +4.036390312e+02 +5.193190312e+02 +5.193190312e+02
1601 0 +3.913501624e+02 +5.070301624e+02 +5.070301624e+02
1649 0 +3.884615078e+02 +5.041415078e+02 +5.041415078e+02
1685 0 +3.794394722e+02 +4.951194722e+02 +4.951194722e+02
1697 0 +3.690530821e+02 +4.847330821e+02 +4.847330821e+02
1729 0 +3.625750209e+02 +4.782550209e+02 +4.782550209e+02
1745 0 +3.547138418e+02 +4.703938418e+02 +4.703938418e+02
1761 0 +3.459901644e+02 +4.616701644e+02 +4.616701644e+02
1841 0 +3.373105671e+02 +4.529905671e+02 +4.529905671e+02
1857 0 +3.300861257e+02 +4.457661257e+02 +4.457661257e+02
1889 0 +3.188806084e+02 +4.345606084e+02 +4.345606084e+02
1969 0 +3.111906031e+02 +4.268706031e+02 +4.268706031e+02
1985 0 +3.079549037e+02 +4.236349037e+02 +4.236349037e+02
2081 0 +3.019100833e+02 +4.175900833e+02 +4.175900833e+02
2192 0 +2.931419808e+02 +4.088219808e+02 +4.088219808e+02
2225 0 +2.883600179e+02 +4.040400179e+02 +4.040400179e+02
2497 0 +2.809538236e+02 +3.966338236e+02 +3.966338236e+02
2609 0 +2.748416844e+02 +3.905216844e+02 +3.905216844e+02
2897 0 +2.686456928e+02 +3.843256928e+02 +3.843256928e+02
3073 0 +2.629507599e+02 +3.786307599e+02 +3.786307599e+02
3489 0 +2.569753674e+02 +3.726553674e+02 +3.726553674e+02
4561 0 +2.511749605e+02 +3.668549605e+02 +3.668549605e+02
% f evaluations | g evaluations | best noise-free fitness - Fopt (-3.710000000000e+00) + sum g_i+ | measured fitness | best measured fitness or single-digit g-values | x1 | x2...
1 0 +1.350080101e+03 +1.346370101e+03 +1.346370101e+03
2 0 +1.288636886e+03 +1.284926886e+03 +1.284926886e+03
7 0 +1.229578776e+03 +1.225868776e+03 +1.225868776e+03
34 0 +1.175251935e+03 +1.171541935e+03 +1.171541935e+03
52 0 +1.130066947e+03 +1.126356947e+03 +1.126356947e+03
97 0 +1.111976441e+03 +1.108266441e+03 +1.108266441e+03
98 0 +1.093784290e+03 +1.090074290e+03 +1.090074290e+03
125 0 +9.773776504e+02 +9.736676504e+02 +9.736676504e+02
194 0 +9.633144929e+02 +9.596044929e+02 +9.596044929e+02
306 0 +9.334507717e+02 +9.297407717e+02 +9.297407717e+02
312 0 +9.124838737e+02 +9.087738737e+02 +9.087738737e+02
337 0 +9.045713200e+02 +9.008613200e+02 +9.008613200e+02
357 0 +8.761234709e+02 +8.724134709e+02 +8.724134709e+02
371 0 +8.466374297e+02 +8.429274297e+02 +8.429274297e+02
664 0 +8.247192495e+02 +8.210092495e+02 +8.210092495e+02
689 0 +8.100281452e+02 +8.063181452e+02 +8.063181452e+02
698 0 +7.919845496e+02 +7.882745496e+02 +7.882745496e+02
705 0 +7.751683755e+02 +7.714583755e+02 +7.714583755e+02
811 0 +7.559224644e+02 +7.522124644e+02 +7.522124644e+02
817 0 +7.341859647e+02 +7.304759647e+02 +7.304759647e+02
849 0 +7.023082318e+02 +6.985982318e+02 +6.985982318e+02
865 0 +6.917092512e+02 +6.879992512e+02 +6.879992512e+02
913 0 +6.426534814e+02 +6.389434814e+02 +6.389434814e+02
1153 0 +6.299901519e+02 +6.262801519e+02 +6.262801519e+02
1179 0 +6.113909649e+02 +6.076809649e+02 +6.076809649e+02
1265 0 +5.925930367e+02 +5.888830367e+02 +5.888830367e+02
1345 0 +5.881066477e+02 +5.843966477e+02 +5.843966477e+02
1409 0 +5.752668028e+02 +5.715568028e+02 +5.715568028e+02
1537 0 +5.610347567e+02 +5.573247567e+02 +5.573247567e+02
1841 0 +5.495391340e+02 +5.458291340e+02 +5.458291340e+02
2192 0 +5.362279608e+02 +5.325179608e+02 +5.325179608e+02
% f evaluations | g evaluations | best noise-free fitness - Fopt (1.321800000000e+02) + sum g_i+ | measured fitness | best measured fitness or single-digit g-values | x1 | x2...
1 0 +2.127178155e+03 +2.259358155e+03 +2.259358155e+03
6 0 +2.031238464e+03 +2.163418464e+03 +2.163418464e+03
14 0 +1.905054004e+03 +2.037234004e+03 +2.037234004e+03
30 0 +1.860998221e+03 +1.993178221e+03 +1.993178221e+03
41 0 +1.760707627e+03 +1.892887627e+03 +1.892887627e+03
56 0 +1.652631272e+03 +1.784811272e+03 +1.784811272e+03
74 0 +1.619714458e+03 +1.751894458e+03 +1.751894458e+03
82 0 +1.569164641e+03 +1.701344641e+03 +1.701344641e+03
104 0 +1.534779085e+03 +1.666959085e+03 +1.666959085e+03
113 0 +1.509068324e+03 +1.641248324e+03 +1.641248324e+03
122 0 +1.461854566e+03 +1.594034566e+03 +1.594034566e+03
124 0 +1.427818490e+03 +1.559998490e+03 +1.559998490e+03
161 0 +1.371172267e+03 +1.503352267e+03 +1.503352267e+03
192 0 +1.337395409e+03 +1.469575409e+03 +1.469575409e+03
201 0 +1.296649712e+03 +1.428829712e+03 +1.428829712e+03
205 0 +1.283470241e+03 +1.415650241e+03 +1.415650241e+03
239 0 +1.237893907e+03 +1.370073907e+03 +1.370073907e+03
251 0 +1.200675345e+03 +1.332855345e+03 +1.332855345e+03
264 0 +1.165501590e+03 +1.297681590e+03 +1.297681590e+03
266 0 +1.134844066e+03 +1.267024066e+03 +1.267024066e+03
279 0 +1.113752684e+03 +1.245932684e+03 +1.245932684e+03
291 0 +1.058108628e+03 +1.190288628e+03 +1.190288628e+03
337 0 +1.033958213e+03 +1.166138213e+03 +1.166138213e+03
344 0 +1.021713798e+03 +1.153893798e+03 +1.153893798e+03
353 0 +9.651645601e+02 +1.097344560e+03 +1.097344560e+03
402 0 +8.935542705e+02 +1.025734271e+03 +1.025734271e+03
411 0 +8.729044063e+02 +1.005084406e+03 +1.005084406e+03
440 0 +8.668055830e+02 +9.989855830e+02 +9.989855830e+02
449 0 +8.466112619e+02 +9.787912619e+02 +9.787912619e+02
461 0 +8.279486094e+02 +9.601286094e+02 +9.601286094e+02
465 0 +7.982988060e+02 +9.304788060e+02 +9.304788060e+02
479 0 +7.651877012e+02 +8.973677012e+02 +8.973677012e+02
532 0 +7.513180293e+02 +8.834980293e+02 +8.834980293e+02
534 0 +7.309542792e+02 +8.631342792e+02 +8.631342792e+02
554 0 +7.193965693e+02 +8.515765693e+02 +8.515765693e+02
564 0 +6.660325680e+02 +7.982125680e+02 +7.982125680e+02
588 0 +6.569258830e+02 +7.891058830e+02 +7.891058830e+02
632 0 +6.340891051e+02 +7.662691051e+02 +7.662691051e+02
694 0 +5.951937244e+02 +7.273737244e+02 +7.273737244e+02
720 0 +5.568846932e+02 +6.890646932e+02 +6.890646932e+02
732 0 +5.429098160e+02 +6.750898160e+02 +6.750898160e+02
760 0 +5.360751872e+02 +6.682551872e+02 +6.682551872e+02
767 0 +5.055813487e+02 +6.377613487e+02 +6.377613487e+02
865 0 +4.799853503e+02 +6.121653503e+02 +6.121653503e+02
897 0 +4.572192962e+02 +5.893992962e+02 +5.893992962e+02
1172 0 +4.565520930e+02 +5.887320930e+02 +5.887320930e+02
1209 0 +4.387760625e+02 +5.709560625e+02 +5.709560625e+02
1345 0 +4.170147145e+02 +5.491947145e+02 +5.491947145e+02
1441 0 +4.041135071e+02 +5.362935071e+02 +5.362935071e+02
1482 0 +3.963152072e+02 +5.284952072e+02 +5.284952072e+02
1516 0 +3.748206895e+02 +5.070006895e+02 +5.070006895e+02
1528 0 +3.437509854e+02 +4.759309854e+02 +4.759309854e+02
1569 0 +3.387567677e+02 +4.709367677e+02 +4.709367677e+02
1688 0 +3.294474782e+02 +4.616274782e+02 +4.616274782e+02
1697 0 +3.152861321e+02 +4.474661321e+02 +4.474661321e+02
1713 0 +3.067859221e+02 +4.389659221e+02 +4.389659221e+02
1729 0 +2.939211380e+02 +4.261011380e+02 +4.261011380e+02
1745 0 +2.871174797e+02 +4.192974797e+02 +4.192974797e+02
1777 0 +2.756571071e+02 +4.078371071e+02 +4.078371071e+02
1793 0 +2.749392436e+02 +4.071192436e+02 +4.071192436e+02
1809 0 +2.608198254e+02 +3.929998254e+02 +3.929998254e+02
1825 0 +2.472937583e+02 +3.794737583e+02 +3.794737583e+02
1841 0 +2.399958877e+02 +3.721758877e+02 +3.721758877e+02
1969 0 +2.386655139e+02 +3.708455139e+02 +3.708455139e+02
2049 0 +2.317877845e+02 +3.639677845e+02 +3.639677845e+02
2065 0 +2.281970998e+02 +3.603770998e+02 +3.603770998e+02
2177 0 +2.216158298e+02 +3.537958298e+02 +3.537958298e+02
2257 0 +2.164495671e+02 +3.486295671e+02 +3.486295671e+02
2289 0 +2.135776928e+02 +3.457576928e+02 +3.457576928e+02
2312 0 +2.087036381e+02 +3.408836381e+02 +3.408836381e+02
2321 0 +2.036496381e+02 +3.358296381e+02 +3.358296381e+02
2369 0 +1.980532977e+02 +3.302332977e+02 +3.302332977e+02
2413 0 +1.936647169e+02 +3.258447169e+02 +3.258447169e+02
2593 0 +1.893260323e+02 +3.215060323e+02 +3.215060323e+02
2705 0 +1.858364354e+02 +3.180164354e+02 +3.180164354e+02
2961 0 +1.819121779e+02 +3.140921779e+02 +3.140921779e+02
3601 0 +1.778122643e+02 +3.099922643e+02 +3.099922643e+02
% f evaluations | g evaluations | best noise-free fitness - Fopt (-3.930000000000e+01) + sum g_i+ | measured fitness | best measured fitness or single-digit g-values | x1 | x2...
1 0 +1.302332726e+03 +1.263032726e+03 +1.263032726e+03
2 0 +1.293266549e+03 +1.253966549e+03 +1.253966549e+03
6 0 +1.209858934e+03 +1.170558934e+03 +1.170558934e+03
15 0 +1.167307791e+03 +1.128007791e+03 +1.128007791e+03
24 0 +1.145815051e+03 +1.106515051e+03 +1.106515051e+03
47 0 +1.116951173e+03 +1.077651173e+03 +1.077651173e+03
85 0 +1.072217739e+03 +1.032917739e+03 +1.032917739e+03
86 0 +1.017973610e+03 +9.786736098e+02 +9.786736098e+02
112 0 +9.959267083e+02 +9.566267083e+02 +9.566267083e+02
149 0 +9.481735842e+02 +9.088735842e+02 +9.088735842e+02
151 0 +9.122284301e+02 +8.729284301e+02 +8.729284301e+02
198 0 +8.474355624e+02 +8.081355624e+02 +8.081355624e+02
345 0 +8.045942281e+02 +7.652942281e+02 +7.652942281e+02
545 0 +7.925586629e+02 +7.532586629e+02 +7.532586629e+02
569 0 +7.645089101e+02 +7.252089101e+02 +7.252089101e+02
609 0 +7.216520685e+02 +6.823520685e+02 +6.823520685e+02
674 0 +7.069700946e+02 +6.676700946e+02 +6.676700946e+02
697 0 +6.843435723e+02 +6.450435723e+02 +6.450435723e+02
819 0 +6.568719702e+02 +6.175719702e+02 +6.175719702e+02
913 0 +6.344596523e+02 +5.951596523e+02 +5.951596523e+02
950 0 +6.248316285e+02 +5.855316285e+02 +5.855316285e+02
977 0 +5.906434040e+02 +5.513434040e+02 +5.513434040e+02
993 0 +5.803203098e+02 +5.410203098e+02 +5.410203098e+02
1025 0 +5.720117463e+02 +5.327117463e+02 +5.327117463e+02
1089 0 +5.490271256e+02 +5.097271256e+02 +5.097271256e+02
1137 0 +5.314294979e+02 +4.921294979e+02 +4.921294979e+02
1185 0 +5.178574958e+02 +4.785574958e+02 +4.785574958e+02
1217 0 +5.013630227e+02 +4.620630227e+02 +4.620630227e+02
1233 0 +4.950986692e+02 +4.557986692e+02 +4.557986692e+02
1270 0 +4.869889353e+02 +4.476889353e+02 +4.476889353e+02
1297 0 +4.746630781e+02 +4.353630781e+02 +4.353630781e+02
1377 0 +4.671115723e+02 +4.278115723e+02 +4.278115723e+02
1505 0 +4.540319594e+02 +4.147319594e+02 +4.147319594e+02
1697 0 +4.460980219e+02 +4.067980219e+02 +4.067980219e+02
2017 0 +4.361711256e+02 +3.968711256e+02 +3.968711256e+02
2552 0 +4.261600517e+02 +3.868600517e+02 +3.868600517e+02
3026 0 +4.159696800e+02 +3.766696800e+02 +3.766696800e+02
% f evaluations | g evaluations | best noise-free fitness - Fopt (4.296000000000e+01) + sum g_i+ | measured fitness | best measured fitness or single-digit g-values | x1 | x2...
1 0 +1.386623056e+03 +1.429583056e+03 +1.429583056e+03
3 0 +1.362338171e+03 +1.405298171e+03 +1.405298171e+03
9 0 +1.329369870e+03 +1.372329870e+03 +1.372329870e+03
14 0 +1.278301621e+03 +1.321261621e+03 +1.321261621e+03
20 0 +1.213348531e+03 +1.256308531e+03 +1.256308531e+03
61 0 +1.200665814e+03 +1.243625814e+03 +1.243625814e+03
72 0 +1.169390238e+03 +1.212350238e+03 +1.212350238e+03
121 0 +1.146107062e+03 +1.189067062e+03 +1.189067062e+03
141 0 +1.117939374e+03 +1.160899374e+03 +1.160899374e+03
167 0 +1.095793201e+03 +1.138753201e+03 +1.138753201e+03
216 0 +1.046078150e+03 +1.089038150e+03 +1.089038150e+03
277 0 +1.017188009e+03 +1.060148009e+03 +1.060148009e+03
345 0 +9.933452290e+02 +1.036305229e+03 +1.036305229e+03
385 0 +9.656296300e+02 +1.008589630e+03 +1.008589630e+03
417 0 +9.459114097e+02 +9.888714097e+02 +9.888714097e+02
642 0 +9.185770671e+02 +9.615370671e+02 +9.615370671e+02
673 0 +9.097373217e+02 +9.526973217e+02 +9.526973217e+02
689 0 +8.887709860e+02 +9.317309860e+02 +9.317309860e+02
881 0 +8.700373360e+02 +9.129973360e+02 +9.129973360e+02
978 0 +8.501600657e+02 +8.931200657e+02 +8.931200657e+02
1009 0 +8.261911054e+02 +8.691511054e+02 +8.691511054e+02
1073 0 +8.125538587e+02 +8.555138587e+02 +8.555138587e+02
1169 0 +7.936324935e+02 +8.365924935e+02 +8.365924935e+02
1329 0 +7.748837723e+02 +8.178437723e+02 +8.178437723e+02
1489 0 +7.562032416e+02 +7.991632416e+02 +7.991632416e+02
1857 0 +7.410899783e+02 +7.840499783e+02 +7.840499783e+02
% f evaluations | g evaluations | best noise-free fitness - Fopt (2.842200000000e+02) + sum g_i+ | measured fitness | best measured fitness or single-digit g-values | x1 | x2...
1 0 +1.729367095e+03 +2.013587095e+03 +2.013587095e+03
4 0 +1.675860649e+03 +1.960080649e+03 +1.960080649e+03
7 0 +1.538036924e+03 +1.822256924e+03 +1.822256924e+03
31 0 +1.511306032e+03 +1.795526032e+03 +1.795526032e+03
45 0 +1.463775577e+03 +1.747995577e+03 +1.747995577e+03
56 0 +1.427819403e+03 +1.712039403e+03 +1.712039403e+03
67 0 +1.368512119e+03 +1.652732119e+03 +1.652732119e+03
116 0 +1.302178715e+03 +1.586398715e+03 +1.586398715e+03
119 0 +1.229875661e+03 +1.514095661e+03 +1.514095661e+03
180 0 +1.200615137e+03 +1.484835137e+03 +1.484835137e+03
192 0 +1.164975914e+03 +1.449195914e+03 +1.449195914e+03
193 0 +1.137255519e+03 +1.421475519e+03 +1.421475519e+03
225 0 +1.092484205e+03 +1.376704205e+03 +1.376704205e+03
231 0 +1.063483670e+03 +1.347703670e+03 +1.347703670e+03
259 0 +1.042244829e+03 +1.326464829e+03 +1.326464829e+03
322 0 +9.926500841e+02 +1.276870084e+03 +1.276870084e+03
369 0 +9.706610400e+02 +1.254881040e+03 +1.254881040e+03
393 0 +9.257745227e+02 +1.209994523e+03 +1.209994523e+03
462 0 +8.988157776e+02 +1.183035778e+03 +1.183035778e+03
533 0 +8.655745073e+02 +1.149794507e+03 +1.149794507e+03
609 0 +8.418898202e+02 +1.126109820e+03 +1.126109820e+03
614 0 +8.289622690e+02 +1.113182269e+03 +1.113182269e+03
632 0 +7.908266132e+02 +1.075046613e+03 +1.075046613e+03
688 0 +7.682081300e+02 +1.052428130e+03 +1.052428130e+03
725 0 +7.216017083e+02 +1.005821708e+03 +1.005821708e+03
807 0 +7.072045239e+02 +9.914245239e+02 +9.914245239e+02
833 0 +6.624172324e+02 +9.466372324e+02 +9.466372324e+02
897 0 +6.410134476e+02 +9.252334476e+02 +9.252334476e+02
1125 0 +6.299762029e+02 +9.141962029e+02 +9.141962029e+02
1137 0 +6.086210174e+02 +8.928410174e+02 +8.928410174e+02
1153 0 +6.015196137e+02 +8.857396137e+02 +8.857396137e+02
1169 0 +5.835526712e+02 +8.677726712e+02 +8.677726712e+02
1185 0 +5.661320357e+02 +8.503520357e+02 +8.503520357e+02
1282 0 +5.618559262e+02 +8.460759262e+02 +8.460759262e+02
1297 0 +5.459269286e+02 +8.301469286e+02 +8.301469286e+02
1348 0 +5.341714426e+02 +8.183914426e+02 +8.183914426e+02
1377 0 +5.236405286e+02 +8.078605286e+02 +8.078605286e+02
1393 0 +5.028642616e+02 +7.870842616e+02 +7.870842616e+02
1409 0 +4.965553716e+02 +7.807753716e+02 +7.807753716e+02
1425 0 +4.805658804e+02 +7.647858804e+02 +7.647858804e+02
1441 0 +4.713433265e+02 +7.555633265e+02 +7.555633265e+02
1489 0 +4.640891308e+02 +7.483091308e+02 +7.483091308e+02
1729 0 +4.538331924e+02 +7.380531924e+02 +7.380531924e+02
1761 0 +4.447887111e+02 +7.290087111e+02 +7.290087111e+02
1857 0 +4.356648636e+02 +7.198848636e+02 +7.198848636e+02
1905 0 +4.233928067e+02 +7.076128067e+02 +7.076128067e+02
2065 0 +4.164998661e+02 +7.007198661e+02 +7.007198661e+02
2305 0 +4.065733863e+02 +6.907933863e+02 +6.907933863e+02
2848 0 +3.980086001e+02 +6.822286001e+02 +6.822286001e+02
4577 0 +3.890375289e+02 +6.732575289e+02 +6.732575289e+02
% f evaluations | g evaluations | best noise-free fitness - Fopt (-3.217000000000e+01) + sum g_i+ | measured fitness | best measured fitness or single-digit g-values | x1 | x2...
1 0 +1.223355312e+03 +1.191185312e+03 +1.191185312e+03
2 0 +1.110100779e+03 +1.077930779e+03 +1.077930779e+03
21 0 +1.044232649e+03 +1.012062649e+03 +1.012062649e+03
131 0 +9.879566004e+02 +9.557866004e+02 +9.557866004e+02
161 0 +9.747722301e+02 +9.426022301e+02 +9.426022301e+02
218 0 +9.230394904e+02 +8.908694904e+02 +8.908694904e+02
226 0 +8.930901927e+02 +8.609201927e+02 +8.609201927e+02
253 0 +8.824532062e+02 +8.502832062e+02 +8.502832062e+02
270 0 +8.150746535e+02 +7.829046535e+02 +7.829046535e+02
342 0 +7.870025382e+02 +7.548325382e+02 +7.548325382e+02
386 0 +7.747246311e+02 +7.425546311e+02 +7.425546311e+02
461 0 +7.575743318e+02 +7.254043318e+02 +7.254043318e+02
662 0 +7.116599958e+02 +6.794899958e+02 +6.794899958e+02
801 0 +6.938167690e+02 +6.616467690e+02 +6.616467690e+02
833 0 +6.908612337e+02 +6.586912337e+02 +6.586912337e+02
892 0 +6.418779227e+02 +6.097079227e+02 +6.097079227e+02
977 0 +6.195367108e+02 +5.873667108e+02 +5.873667108e+02
993 0 +6.074503789e+02 +5.752803789e+02 +5.752803789e+02
1009 0 +5.956495177e+02 +5.634795177e+02 +5.634795177e+02
1057 0 +5.769154557e+02 +5.447454557e+02 +5.447454557e+02
1073 0 +5.739142432e+02 +5.417442432e+02 +5.417442432e+02
1137 0 +5.458642794e+02 +5.136942794e+02 +5.136942794e+02
1185 0 +5.250850682e+02 +4.929150682e+02 +4.929150682e+02
1265 0 +5.172631882e+02 +4.850931882e+02 +4.850931882e+02
1281 0 +5.113407508e+02 +4.791707508e+02 +4.791707508e+02
1329 0 +4.997072919e+02 +4.675372919e+02 +4.675372919e+02
1521 0 +4.883598234e+02 +4.561898234e+02 +4.561898234e+02
1569 0 +4.740614065e+02 +4.418914065e+02 +4.418914065e+02
1649 0 +4.639432904e+02 +4.317732904e+02 +4.317732904e+02
1729 0 +4.549278336e+02 +4.227578336e+02 +4.227578336e+02
1793 0 +4.457203723e+02 +4.135503723e+02 +4.135503723e+02
1857 0 +4.337126756e+02 +4.015426756e+02 +4.015426756e+02
1889 0 +4.260859719e+02 +3.939159719e+02 +3.939159719e+02
2081 0 +4.162685796e+02 +3.840985796e+02 +3.840985796e+02
2561 0 +4.072119764e+02 +3.750419764e+02 +3.750419764e+02
% f evaluations | g evaluations | best noise-free fitness - Fopt (-5.858000000000e+01) + sum g_i+ | measured fitness | best measured fitness or single-digit g-values | x1 | x2...
1 0 +1.257540243e+03 +1.198960243e+03 +1.198960243e+03
4 0 +1.237360900e+03 +1.178780900e+03 +1.178780900e+03
19 0 +1.150334749e+03 +1.091754749e+03 +1.091754749e+03
27 0 +1.144820730e+03 +1.086240730e+03 +1.086240730e+03
88 0 +1.065202863e+03 +1.006622863e+03 +1.006622863e+03
161 0 +9.972360582e+02 +9.386560582e+02 +9.386560582e+02
193 0 +9.245814579e+02 +8.660014579e+02 +8.660014579e+02
265 0 +8.913591534e+02 +8.327791534e+02 +8.327791534e+02
377 0 +8.795088381e+02 +8.209288381e+02 +8.209288381e+02
399 0 +8.203970318e+02 +7.618170318e+02 +7.618170318e+02
593 0 +8.107132996e+02 +7.521332996e+02 +7.521332996e+02
609 0 +7.861552246e+02 +7.275752246e+02 +7.275752246e+02
666 0 +7.756543501e+02 +7.170743501e+02 +7.170743501e+02
721 0 +7.422289728e+02 +6.836489728e+02 +6.836489728e+02
755 0 +7.245117596e+02 +6.659317596e+02 +6.659317596e+02
894 0 +7.113830742e+02 +6.528030742e+02 +6.528030742e+02
977 0 +7.003057766e+02 +6.417257766e+02 +6.417257766e+02
978 0 +6.904345401e+02 +6.318545401e+02 +6.318545401e+02
1060 0 +6.723554215e+02 +6.137754215e+02 +6.137754215e+02
1121 0 +6.600065720e+02 +6.014265720e+02 +6.014265720e+02
1153 0 +6.391900579e+02 +5.806100579e+02 +5.806100579e+02
1185 0 +6.229446466e+02 +5.643646466e+02 +5.643646466e+02
1201 0 +6.115648187e+02 +5.529848187e+02 +5.529848187e+02
1265 0 +5.884248700e+02 +5.298448700e+02 +5.298448700e+02
1329 0 +5.722709645e+02 +5.136909645e+02 +5.136909645e+02
1409 0 +5.617509808e+02 +5.031709808e+02 +5.031709808e+02
1505 0 +5.453070970e+02 +4.867270970e+02 +4.867270970e+02
1665 0 +5.365067682e+02 +4.779267682e+02 +4.779267682e+02
1843 0 +5.247692458e+02 +4.661892458e+02 +4.661892458e+02
2065 0 +5.119745697e+02 +4.533945697e+02 +4.533945697e+02
4113 0 +5.011672399e+02 +4.425872399e+02 +4.425872399e+02
5249 0 +4.895351316e+02 +4.309551316e+02 +4.309551316e+02
% f evaluations | g evaluations | best noise-free fitness - Fopt (-6.049200000000e+02) + sum g_i+ | measured fitness | best measured fitness or single-digit g-values | x1 | x2...
1 0 +1.852004344e+03 +1.247084344e+03 +1.247084344e+03
2 0 +1.836183742e+03 +1.231263742e+03 +1.231263742e+03
12 0 +1.785777198e+03 +1.180857198e+03 +1.180857198e+03
17 0 +1.749940580e+03 +1.145020580e+03 +1.145020580e+03
23 0 +1.718670567e+03 +1.113750567e+03 +1.113750567e+03
25 0 +1.683243752e+03 +1.078323752e+03 +1.078323752e+03
67 0 +1.641109281e+03 +1.036189281e+03 +1.036189281e+03
80 0 +1.620003599e+03 +1.015083599e+03 +1.015083599e+03
97 0 +1.554210574e+03 +9.492905742e+02 +9.492905742e+02
113 0 +1.540289740e+03 +9.353697398e+02 +9.353697398e+02
128 0 +1.495990278e+03 +8.910702775e+02 +8.910702775e+02
158 0 +1.414703428e+03 +8.097834278e+02 +8.097834278e+02
184 0 +1.401530760e+03 +7.966107599e+02 +7.966107599e+02
208 0 +1.349292602e+03 +7.443726022e+02 +7.443726022e+02
246 0 +1.328009983e+03 +7.230899831e+02 +7.230899831e+02
288 0 +1.317330394e+03 +7.124103945e+02 +7.124103945e+02
297 0 +1.276378016e+03 +6.714580157e+02 +6.714580157e+02
349 0 +1.231252760e+03 +6.263327601e+02 +6.263327601e+02
361 0 +1.199613649e+03 +5.946936493e+02 +5.946936493e+02
369 0 +1.158110690e+03 +5.531906897e+02 +5.531906897e+02
388 0 +1.136432956e+03 +5.315129563e+02 +5.315129563e+02
409 0 +1.106098469e+03 +5.011784686e+02 +5.011784686e+02
450 0 +1.064177688e+03 +4.592576885e+02 +4.592576885e+02
472 0 +9.807103927e+02 +3.757903927e+02 +3.757903927e+02
501 0 +9.604050491e+02 +3.554850491e+02 +3.554850491e+02
543 0 +9.485850897e+02 +3.436650897e+02 +3.436650897e+02
547 0 +9.177095181e+02 +3.127895181e+02 +3.127895181e+02
601 0 +9.062096257e+02 +3.012896257e+02 +3.012896257e+02
602 0 +8.550365091e+02 +2.501165091e+02 +2.501165091e+02
647 0 +8.245864534e+02 +2.196664534e+02 +2.196664534e+02
685 0 +7.779437563e+02 +1.730237563e+02 +1.730237563e+02
698 0 +7.505149445e+02 +1.455949445e+02 +1.455949445e+02
745 0 +7.255298531e+02 +1.206098531e+02 +1.206098531e+02
776 0 +6.882814782e+02 +8.336147820e+01 +8.336147820e+01
796 0 +6.231980147e+02 +1.827801467e+01 +1.827801467e+01
868 0 +6.120570351e+02 +7.137035085e+00 +7.137035085e+00
894 0 +5.934220773e+02 -1.149792267e+01 -1.149792267e+01
911 0 +5.545239545e+02 -5.039604554e+01 -5.039604554e+01
985 0 +5.339083163e+02 -7.101168366e+01 -7.101168366e+01
1115 0 +5.233880430e+02 -8.153195701e+01 -8.153195701e+01
1145 0 +5.017462774e+02 -1.031737226e+02 -1.031737226e+02
1173 0 +4.857925185e+02 -1.191274815e+02 -1.191274815e+02
1229 0 +4.665590679e+02 -1.383609321e+02 -1.383609321e+02
1272 0 +4.185806747e+02 -1.863393253e+02 -1.863393253e+02
1572 0 +4.139903753e+02 -1.909296247e+02 -1.909296247e+02
1579 0 +4.000563901e+02 -2.048636099e+02 -2.048636099e+02
1654 0 +3.967153230e+02 -2.082046770e+02 -2.082046770e+02
1736 0 +3.776393566e+02 -2.272806434e+02 -2.272806434e+02
1745 0 +3.657199452e+02 -2.392000548e+02 -2.392000548e+02
1763 0 +3.499037404e+02 -2.550162596e+02 -2.550162596e+02
1866 0 +3.228336738e+02 -2.820863262e+02 -2.820863262e+02
1889 0 +3.071030896e+02 -2.978169104e+02 -2.978169104e+02
1921 0 +3.010209900e+02 -3.038990100e+02 -3.038990100e+02
2032 0 +2.927080256e+02 -3.122119744e+02 -3.122119744e+02
2049 0 +2.769914125e+02 -3.279285875e+02 -3.279285875e+02
2065 0 +2.654917909e+02 -3.394282091e+02 -3.394282091e+02
2081 0 +2.619656792e+02 -3.429543208e+02 -3.429543208e+02
2177 0 +2.512662358e+02 -3.536537642e+02 -3.536537642e+02
2185 0 +2.474321967e+02 -3.574878033e+02 -3.574878033e+02
2305 0 +2.361359560e+02 -3.687840440e+02 -3.687840440e+02
2311 0 +2.281546665e+02 -3.767653335e+02 -3.767653335e+02
2369 0 +2.195774482e+02 -3.853425518e+02 -3.853425518e+02
2385 0 +2.178046172e+02 -3.871153828e+02 -3.871153828e+02
2417 0 +2.128264371e+02 -3.920935629e+02 -3.920935629e+02
2545 0 +2.074649734e+02 -3.974550266e+02 -3.974550266e+02
2641 0 +2.031288603e+02 -4.017911397e+02 -4.017911397e+02
2657 0 +1.991766835e+02 -4.057433165e+02 -4.057433165e+02
2689 0 +1.928284917e+02 -4.120915083e+02 -4.120915083e+02
2702 0 +1.898406229e+02 -4.150793771e+02 -4.150793771e+02
2705 0 +1.856497718e+02 -4.192702282e+02 -4.192702282e+02
2785 0 +1.815683688e+02 -4.233516312e+02 -4.233516312e+02
2849 0 +1.776124058e+02 -4.273075942e+02 -4.273075942e+02
2913 0 +1.734975679e+02 -4.314224321e+02 -4.314224321e+02
3198 0 +1.692517433e+02 -4.356682567e+02 -4.356682567e+02
3473 0 +1.658567757e+02 -4.390632243e+02 -4.390632243e+02
4321 0 +1.621549820e+02 -4.427650180e+02 -4.427650180e+02
6337 0 +1.584440800e+02 -4.464759200e+02 -4.464759200e+02
% f evaluations | g evaluations | best noise-free fitness - Fopt (1.337000000000e+02) + sum g_i+ | measured fitness | best measured fitness or single-digit g-values | x1 | x2...
1 0 +2.505830102e+03 +2.639530102e+03 +2.639530102e+03
10 0 +2.491191819e+03 +2.624891819e+03 +2.624891819e+03
13 0 +2.076357952e+03 +2.210057952e+03 +2.210057952e+03
71 0 +2.020948742e+03 +2.154648742e+03 +2.154648742e+03
80 0 +1.972335320e+03 +2.106035320e+03 +2.106035320e+03
88 0 +1.910670321e+03 +2.044370321e+03 +2.044370321e+03
99 0 +1.894783237e+03 +2.028483237e+03 +2.028483237e+03
115 0 +1.802989291e+03 +1.936689291e+03 +1.936689291e+03
134 0 +1.752682346e+03 +1.886382346e+03 +1.886382346e+03
138 0 +1.735963367e+03 +1.869663367e+03 +1.869663367e+03
156 0 +1.690718798e+03 +1.824418798e+03 +1.824418798e+03
189 0 +1.546535525e+03 +1.680235525e+03 +1.680235525e+03
226 0 +1.448344855e+03 +1.582044855e+03 +1.582044855e+03
242 0 +1.441387166e+03 +1.575087166e+03 +1.575087166e+03
251 0 +1.372683292e+03 +1.506383292e+03 +1.506383292e+03
280 0 +1.297982257e+03 +1.431682257e+03 +1.431682257e+03
295 0 +1.252513368e+03 +1.386213368e+03 +1.386213368e+03
310 0 +1.216178270e+03 +1.349878270e+03 +1.349878270e+03
322 0 +1.120552853e+03 +1.254252853e+03 +1.254252853e+03
361 0 +1.089272064e+03 +1.222972064e+03 +1.222972064e+03
366 0 +1.070352427e+03 +1.204052427e+03 +1.204052427e+03
375 0 +1.039923185e+03 +1.173623185e+03 +1.173623185e+03
388 0 +9.760257668e+02 +1.109725767e+03 +1.109725767e+03
393 0 +8.926143047e+02 +1.026314305e+03 +1.026314305e+03
420 0 +8.793788496e+02 +1.013078850e+03 +1.013078850e+03
440 0 +8.644929772e+02 +9.981929772e+02 +9.981929772e+02
446 0 +7.982801301e+02 +9.319801301e+02 +9.319801301e+02
460 0 +7.348697891e+02 +8.685697891e+02 +8.685697891e+02
529 0 +7.109784540e+02 +8.446784540e+02 +8.446784540e+02
555 0 +6.900084952e+02 +8.237084952e+02 +8.237084952e+02
559 0 +6.466888062e+02 +7.803888062e+02 +7.803888062e+02
617 0 +6.447101339e+02 +7.784101339e+02 +7.784101339e+02
656 0 +5.813327433e+02 +7.150327433e+02 +7.150327433e+02
684 0 +5.546087473e+02 +6.883087473e+02 +6.883087473e+02
805 0 +5.398536198e+02 +6.735536198e+02 +6.735536198e+02
807 0 +5.344427483e+02 +6.681427483e+02 +6.681427483e+02
844 0 +5.036162071e+02 +6.373162071e+02 +6.373162071e+02
897 0 +4.688146849e+02 +6.025146849e+02 +6.025146849e+02
1153 0 +4.670834385e+02 +6.007834385e+02 +6.007834385e+02
1169 0 +4.284415547e+02 +5.621415547e+02 +5.621415547e+02
1313 0 +4.079332976e+02 +5.416332976e+02 +5.416332976e+02
1409 0 +3.974832870e+02 +5.311832870e+02 +5.311832870e+02
1451 0 +3.582358768e+02 +4.919358768e+02 +4.919358768e+02
1509 0 +3.403862665e+02 +4.740862665e+02 +4.740862665e+02
1521 0 +3.348573450e+02 +4.685573450e+02 +4.685573450e+02
1601 0 +3.309605636e+02 +4.646605636e+02 +4.646605636e+02
1617 0 +3.013764850e+02 +4.350764850e+02 +4.350764850e+02
1681 0 +2.882303869e+02 +4.219303869e+02 +4.219303869e+02
1745 0 +2.632503592e+02 +3.969503592e+02 +3.969503592e+02
1761 0 +2.619604654e+02 +3.956604654e+02 +3.956604654e+02
1889 0 +2.529940346e+02 +3.866940346e+02 +3.866940346e+02
1905 0 +2.459700644e+02 +3.796700644e+02 +3.796700644e+02
1956 0 +2.436762302e+02 +3.773762302e+02 +3.773762302e+02
1985 0 +2.355603564e+02 +3.692603564e+02 +3.692603564e+02
2033 0 +2.262770436e+02 +3.599770436e+02 +3.599770436e+02
2113 0 +2.225791091e+02 +3.562791091e+02 +3.562791091e+02
2181 0 +2.167257060e+02 +3.504257060e+02 +3.504257060e+02
2225 0 +2.135794325e+02 +3.472794325e+02 +3.472794325e+02
2273 0 +2.071923389e+02 +3.408923389e+02 +3.408923389e+02
2305 0 +2.022465407e+02 +3.359465407e+02 +3.359465407e+02
2369 0 +1.987718929e+02 +3.324718929e+02 +3.324718929e+02
2417 0 +1.946436119e+02 +3.283436119e+02 +3.283436119e+02
2433 0 +1.904011570e+02 +3.241011570e+02 +3.241011570e+02
2561 0 +1.861318679e+02 +3.198318679e+02 +3.198318679e+02
2785 0 +1.812387731e+02 +3.149387731e+02 +3.149387731e+02
2919 0 +1.773764535e+02 +3.110764535e+02 +3.110764535e+02
3265 0 +1.737062833e+02 +3.074062833e+02 +3.074062833e+02
3969 0 +1.698112940e+02 +3.035112940e+02 +3.035112940e+02
% f evaluations | g evaluations | best noise-free fitness - Fopt (-2.098000000000e+01) + sum g_i+ | measured fitness | best measured fitness or single-digit g-values | x1 | x2...
1 0 +1.526065021e+03 +1.505085021e+03 +1.505085021e+03
2 0 +1.467774721e+03 +1.446794721e+03 +1.446794721e+03
6 0 +1.280473906e+03 +1.259493906e+03 +1.259493906e+03
56 0 +1.160058960e+03 +1.139078960e+03 +1.139078960e+03
147 0 +1.102503951e+03 +1.081523951e+03 +1.081523951e+03
153 0 +1.068263111e+03 +1.047283111e+03 +1.047283111e+03
239 0 +1.041970663e+03 +1.020990663e+03 +1.020990663e+03
249 0 +9.763551430e+02 +9.553751430e+02 +9.553751430e+02
281 0 +9.292158227e+02 +9.082358227e+02 +9.082358227e+02
353 0 +8.938070417e+02 +8.728270417e+02 +8.728270417e+02
370 0 +8.718279070e+02 +8.508479070e+02 +8.508479070e+02
519 0 +8.011607317e+02 +7.801807317e+02 +7.801807317e+02
538 0 +7.698771899e+02 +7.488971899e+02 +7.488971899e+02
618 0 +7.328932668e+02 +7.119132668e+02 +7.119132668e+02
741 0 +7.071595920e+02 +6.861795920e+02 +6.861795920e+02
795 0 +6.798391617e+02 +6.588591617e+02 +6.588591617e+02
816 0 +6.564707027e+02 +6.354907027e+02 +6.354907027e+02
875 0 +6.370855221e+02 +6.161055221e+02 +6.161055221e+02
891 0 +6.289967316e+02 +6.080167316e+02 +6.080167316e+02
908 0 +6.164281620e+02 +5.954481620e+02 +5.954481620e+02
913 0 +5.702145295e+02 +5.492345295e+02 +5.492345295e+02
977 0 +5.548326197e+02 +5.338526197e+02 +5.338526197e+02
993 0 +5.491706826e+02 +5.281906826e+02 +5.281906826e+02
1233 0 +5.355730824e+02 +5.145930824e+02 +5.145930824e+02
1249 0 +5.022231632e+02 +4.812431632e+02 +4.812431632e+02
1329 0 +4.918913896e+02 +4.709113896e+02 +4.709113896e+02
1473 0 +4.835549265e+02 +4.625749265e+02 +4.625749265e+02
1489 0 +4.745257142e+02 +4.535457142e+02 +4.535457142e+02
1505 0 +4.648694323e+02 +4.438894323e+02 +4.438894323e+02
1553 0 +4.497976518e+02 +4.288176518e+02 +4.288176518e+02
1575 0 +4.419379531e+02 +4.209579531e+02 +4.209579531e+02
1601 0 +4.286022045e+02 +4.076222045e+02 +4.076222045e+02
1617 0 +4.222134378e+02 +4.012334378e+02 +4.012334378e+02
1681 0 +4.092465507e+02 +3.882665507e+02 +3.882665507e+02
1690 0 +4.019059800e+02 +3.809259800e+02 +3.809259800e+02
1697 0 +3.940724667e+02 +3.730924667e+02 +3.730924667e+02
1761 0 +3.886595580e+02 +3.676795580e+02 +3.676795580e+02
1873 0 +3.800823847e+02 +3.591023847e+02 +3.591023847e+02
2033 0 +3.707199253e+02 +3.497399253e+02 +3.497399253e+02
2193 0 +3.630719787e+02 +3.420919787e+02 +3.420919787e+02
2433 0 +3.547293671e+02 +3.337493671e+02 +3.337493671e+02
3729 0 +3.467342205e+02 +3.257542205e+02 +3.257542205e+02
% f evaluations | g evaluations | best noise-free fitness - Fopt (1.353300000000e+02) + sum g_i+ | measured fitness | best measured fitness or single-digit g-values | x1 | x2...
1 0 +1.586552351e+03 +1.721882351e+03 +1.721882351e+03
5 0 +1.564080076e+03 +1.699410076e+03 +1.699410076e+03
6 0 +1.441223509e+03 +1.576553509e+03 +1.576553509e+03
30 0 +1.357325528e+03 +1.492655528e+03 +1.492655528e+03
34 0 +1.309805017e+03 +1.445135017e+03 +1.445135017e+03
47 0 +1.277798061e+03 +1.413128061e+03 +1.413128061e+03
59 0 +1.179484849e+03 +1.314814849e+03 +1.314814849e+03
104 0 +1.174485063e+03 +1.309815063e+03 +1.309815063e+03
116 0 +1.147267043e+03 +1.282597043e+03 +1.282597043e+03
124 0 +1.114224312e+03 +1.249554312e+03 +1.249554312e+03
156 0 +1.087467690e+03 +1.222797690e+03 +1.222797690e+03
171 0 +1.038438318e+03 +1.173768318e+03 +1.173768318e+03
192 0 +1.011610626e+03 +1.146940626e+03 +1.146940626e+03
205 0 +9.880639904e+02 +1.123393990e+03 +1.123393990e+03
230 0 +9.741501616e+02 +1.109480162e+03 +1.109480162e+03
251 0 +9.324238226e+02 +1.067753823e+03 +1.067753823e+03
261 0 +9.023959524e+02 +1.037725952e+03 +1.037725952e+03
274 0 +8.830286353e+02 +1.018358635e+03 +1.018358635e+03
293 0 +7.979336868e+02 +9.332636868e+02 +9.332636868e+02
353 0 +7.918333730e+02 +9.271633730e+02 +9.271633730e+02
442 0 +7.212296569e+02 +8.565596569e+02 +8.565596569e+02
489 0 +6.909167205e+02 +8.262467205e+02 +8.262467205e+02
579 0 +6.290510734e+02 +7.643810734e+02 +7.643810734e+02
636 0 +5.811587813e+02 +7.164887813e+02 +7.164887813e+02
734 0 +5.746636516e+02 +7.099936516e+02 +7.099936516e+02
751 0 +5.581171456e+02 +6.934471456e+02 +6.934471456e+02
785 0 +5.436260109e+02 +6.789560109e+02 +6.789560109e+02
829 0 +5.311210613e+02 +6.664510613e+02 +6.664510613e+02
833 0 +5.177759303e+02 +6.531059303e+02 +6.531059303e+02
849 0 +4.996828905e+02 +6.350128905e+02 +6.350128905e+02
865 0 +4.562517860e+02 +5.915817860e+02 +5.915817860e+02
913 0 +4.462435536e+02 +5.815735536e+02 +5.815735536e+02
961 0 +4.326072403e+02 +5.679372403e+02 +5.679372403e+02
1041 0 +4.255790751e+02 +5.609090751e+02 +5.609090751e+02
1217 0 +4.032721868e+02 +5.386021868e+02 +5.386021868e+02
1313 0 +3.875599899e+02 +5.228899899e+02 +5.228899899e+02
1393 0 +3.800999944e+02 +5.154299944e+02 +5.154299944e+02
1441 0 +3.607038888e+02 +4.960338888e+02 +4.960338888e+02
1457 0 +3.457379576e+02 +4.810679576e+02 +4.810679576e+02
1489 0 +3.236696981e+02 +4.589996981e+02 +4.589996981e+02
1505 0 +3.213018542e+02 +4.566318542e+02 +4.566318542e+02
1521 0 +3.150777025e+02 +4.504077025e+02 +4.504077025e+02
1553 0 +3.033388306e+02 +4.386688306e+02 +4.386688306e+02
1569 0 +2.920591801e+02 +4.273891801e+02 +4.273891801e+02
1697 0 +2.831202766e+02 +4.184502766e+02 +4.184502766e+02
1713 0 +2.766873685e+02 +4.120173685e+02 +4.120173685e+02
1745 0 +2.740448939e+02 +4.093748939e+02 +4.093748939e+02
1793 0 +2.669865482e+02 +4.023165482e+02 +4.023165482e+02
1873 0 +2.589096306e+02 +3.942396306e+02 +3.942396306e+02
1889 0 +2.546499010e+02 +3.899799010e+02 +3.899799010e+02
1937 0 +2.511354187e+02 +3.864654187e+02 +3.864654187e+02
2097 0 +2.418200766e+02 +3.771500766e+02 +3.771500766e+02
2129 0 +2.393787875e+02 +3.747087875e+02 +3.747087875e+02
2257 0 +2.341436997e+02 +3.694736997e+02 +3.694736997e+02
2359 0 +2.273308512e+02 +3.626608512e+02 +3.626608512e+02
2865 0 +2.237415081e+02 +3.590715081e+02 +3.590715081e+02
3902 0 +2.187238584e+02 +3.540538584e+02 +3.540538584e+02
% f evaluations | g evaluations | best noise-free fitness - Fopt (4.066000000000e+01) + sum g_i+ | measured fitness | best measured fitness or single-digit g-values | x1 | x2...
1 0 +1.105090040e+03 +1.145750040e+03 +1.145750040e+03
5 0 +1.092556764e+03 +1.133216764e+03 +1.133216764e+03
8 0 +1.026445623e+03 +1.067105623e+03 +1.067105623e+03
24 0 +9.860867037e+02 +1.026746704e+03 +1.026746704e+03
40 0 +9.650091308e+02 +1.005669131e+03 +1.005669131e+03
85 0 +9.495400977e+02 +9.902000977e+02 +9.902000977e+02
91 0 +9.288510475e+02 +9.695110475e+02 +9.695110475e+02
171 0 +8.975951108e+02 +9.382551108e+02 +9.382551108e+02
177 0 +8.775155463e+02 +9.181755463e+02 +9.181755463e+02
246 0 +8.649940456e+02 +9.056540456e+02 +9.056540456e+02
251 0 +7.971821637e+02 +8.378421637e+02 +8.378421637e+02
337 0 +7.740191628e+02 +8.146791628e+02 +8.146791628e+02
433 0 +7.517637212e+02 +7.924237212e+02 +7.924237212e+02
449 0 +7.212896532e+02 +7.619496532e+02 +7.619496532e+02
465 0 +6.983086725e+02 +7.389686725e+02 +7.389686725e+02
513 0 +6.677125897e+02 +7.083725897e+02 +7.083725897e+02
529 0 +6.464936379e+02 +6.871536379e+02 +6.871536379e+02
561 0 +6.390212127e+02 +6.796812127e+02 +6.796812127e+02
577 0 +6.260168507e+02 +6.666768507e+02 +6.666768507e+02
785 0 +6.098655426e+02 +6.505255426e+02 +6.505255426e+02
817 0 +6.000070834e+02 +6.406670834e+02 +6.406670834e+02
865 0 +5.857868640e+02 +6.264468640e+02 +6.264468640e+02
912 0 +5.744457886e+02 +6.151057886e+02 +6.151057886e+02
1137 0 +5.598604236e+02 +6.005204236e+02 +6.005204236e+02
1281 0 +5.487184047e+02 +5.893784047e+02 +5.893784047e+02
1649 0 +5.370260425e+02 +5.776860425e+02 +5.776860425e+02
2833 0 +5.247406784e+02 +5.654006784e+02 +5.654006784e+02
