% f evaluations | g evaluations | best noise-free fitness - Fopt (-4.620900000000e+02) + sum g_i+ | measured fitness | best measured fitness or single-digit g-values | x1 | x2...
1 0 +2.351050127e+02 -2.269849873e+02 -2.269849873e+02 +0.0000e+00 +0.0000e+00 +0.0000e+00 +0.0000e+00 +0.0000e+00 +0.0000e+00 +0.0000e+00 +0.0000e+00 +0.0000e+00 +0.0000e+00
3 0 +2.294220811e+02 -2.326679189e+02 -2.326679189e+02 +2.4817e-01 +6.3376e-02 -2.2359e-01 +8.0318e-02 +2.1275e-01 +5.3256e-02 -2.3477e-01 +7.8699e-02 +1.0710e-01 +2.4729e-01
6 0 +2.128641118e+02 -2.492258882e+02 -2.492258882e+02 +1.8723e-01 -2.5702e-01 +1.5212e-01 +1.5671e-02 +5.1476e-01 -6.3323e-02 +3.7553e-01 -3.4671e-01 +9.3874e-02 -2.1343e-01
15 0 +1.873984445e+02 -2.746915555e+02 -2.746915555e+02 +6.1709e-01 -3.5116e-01 +7.6679e-02 -4.2089e-01 -1.4078e-01 +7.0942e-02 +1.9594e-01 +2.7089e-01 +1.5536e-01 +1.2497e-01
56 0 +1.771891910e+02 -2.849008090e+02 -2.849008090e+02 +6.5276e-01 +1.9715e-02 -9.0638e-02 -7.0838e-02 +3.4646e-01 +1.4054e-01 +1.9885e-01 +2.2178e-01 +7.5251e-01 +3.5509e-01
100 0 +1.548958982e+02 -3.071941018e+02 -3.071941018e+02 +5.8769e-01 +4.9836e-02 -1.0012e-01 -3.0862e-02 +5.8212e-01 +2.8799e-01 +1.2224e-01 +4.8118e-01 +1.0736e+00 +7.2631e-01
106 0 +1.362588491e+02 -3.258311509e+02 -3.258311509e+02 +6.0846e-01 +3.1477e-01 -2.2724e-01 +6.1238e-03 +7.1507e-01 +5.3646e-01 +8.9522e-02 +5.7180e-01 +1.4604e+00 +6.9326e-01
140 0 +1.271904158e+02 -3.348995842e+02 -3.348995842e+02 +6.4551e-01 +4.7645e-01 -6.4368e-02 +6.5491e-02 +5.6729e-01 +1.2861e-01 +2.7681e-02 +1.1408e+00 +1.5140e+00 +6.4880e-01
266 0 +1.220908924e+02 -3.399991076e+02 -3.399991076e+02 +6.2333e-01 +4.5273e-01 -2.3695e-01 -4.0415e-02 +6.6898e-01 +2.5992e-02 +1.6637e-01 +5.9230e-01 +1.4011e+00 +5.0602e-01
334 0 +1.186873765e+02 -3.434026235e+02 -3.434026235e+02 +6.1318e-01 +6.5988e-01 -2.8963e-01 -4.3148e-02 +7.1672e-01 +2.3257e-02 +2.2506e-01 +6.0184e-01 +1.3789e+00 +4.2881e-01
362 0 +1.169350185e+02 -3.451549815e+02 -3.451549815e+02 +6.4458e-01 +7.1885e-01 -3.9227e-01 -3.9891e-03 +6.7887e-01 +8.1478e-02 +2.2640e-01 +5.3904e-01 +1.4609e+00 +4.4519e-01
386 0 +1.146359272e+02 -3.474540728e+02 -3.474540728e+02 +6.1782e-01 +6.8740e-01 -3.7636e-01 -2.0339e-02 +6.8476e-01 +1.2696e-01 +1.9776e-01 +5.6083e-01 +1.4450e+00 +4.2977e-01
452 0 +1.121657421e+02 -3.499242579e+02 -3.499242579e+02 +5.9451e-01 +5.5764e-01 -3.1055e-01 -1.7193e-02 +6.5941e-01 +1.1193e-01 +2.2753e-01 +5.9878e-01 +1.4337e+00 +3.9687e-01
472 0 +1.089283201e+02 -3.531616799e+02 -3.531616799e+02 +6.0318e-01 +5.2908e-01 -2.3859e-01 +6.1649e-03 +7.1014e-01 +7.4250e-02 +2.0214e-01 +5.6781e-01 +1.4657e+00 +3.9473e-01
519 0 +1.066900080e+02 -3.553999920e+02 -3.553999920e+02 +6.1420e-01 +6.1562e-01 -2.7414e-01 +1.4800e-02 +6.2271e-01 +6.0707e-02 +2.0980e-01 +6.0819e-01 +1.4826e+00 +4.1193e-01
566 0 +1.046343003e+02 -3.574556997e+02 -3.574556997e+02 +6.1730e-01 +5.8483e-01 -2.4127e-01 +1.4492e-03 +6.6404e-01 +6.9537e-02 +1.8542e-01 +6.0068e-01 +1.4621e+00 +3.8751e-01
624 0 +1.020605807e+02 -3.600294193e+02 -3.600294193e+02 +6.3178e-01 +6.0144e-01 -2.0321e-01 -5.6109e-03 +6.0726e-01 +5.9989e-02 +1.8876e-01 +6.0594e-01 +1.4557e+00 +3.9289e-01
859 0 +9.996538866e+01 -3.621246113e+02 -3.621246113e+02 +6.8172e-01 +6.5286e-01 -1.9293e-01 -9.6685e-03 +6.1423e-01 +7.0857e-02 +1.7604e-01 +5.9392e-01 +1.4592e+00 +4.1038e-01
% f evaluations | g evaluations | best noise-free fitness - Fopt (7.766000000000e+01) + sum g_i+ | measured fitness | best measured fitness or single-digit g-values | x1 | x2...
1 0 +5.704655230e+02 +6.481255230e+02 +6.481255230e+02 +0.0000e+00 +0.0000e+00 +0.0000e+00 +0.0000e+00 +0.0000e+00 +0.0000e+00 +0.0000e+00 +0.0000e+00 +0.0000e+00 +0.0000e+00
2 0 +4.894831556e+02 +5.671431556e+02 +5.671431556e+02 +4.3379e-01 +3.0692e-02 +9.8026e-02 +3.4094e-01 +2.4727e-01 +1.7369e-01 -1.1375e-01 -3.0566e-01 +1.1285e-01 -1.5359e-01
8 0 +4.012797403e+02 +4.789397403e+02 +4.789397403e+02 +6.0234e-01 +2.6527e-01 +2.8700e-01 -7.0577e-01 +5.2611e-01 +2.0125e-02 -3.9010e-01 +9.9670e-02 +3.8961e-01 -4.6269e-01
17 0 +3.876657714e+02 +4.653257714e+02 +4.653257714e+02 +6.1156e-01 +7.1236e-01 -5.5273e-02 +4.9669e-01 +1.9917e-02 +6.4490e-01 +3.7865e-01 -4.7682e-01 +4.5598e-01 -5.9367e-01
36 0 +3.001473530e+02 +3.778073530e+02 +3.778073530e+02 +3.6343e-01 +2.6569e-01 -4.5704e-01 -7.7629e-02 +1.2554e-01 +3.3357e-03 +4.6735e-01 -8.3594e-01 +5.3614e-01 -9.3351e-01
93 0 +2.216540645e+02 +2.993140645e+02 +2.993140645e+02 +1.5223e+00 -1.3833e-02 -1.8376e-01 +7.6028e-02 -8.0779e-01 +4.5122e-01 +7.0469e-01 -2.3699e-01 +5.5175e-01 -1.6392e+00
186 0 +1.971690864e+02 +2.748290864e+02 +2.748290864e+02 +3.0290e-01 +2.0303e-02 -5.7327e-01 -7.3526e-02 -3.0134e-01 +7.3031e-02 +6.2230e-01 -2.1462e-01 +6.6077e-01 -1.6438e+00
197 0 +1.788437683e+02 +2.565037683e+02 +2.565037683e+02 +3.3795e-01 +8.8268e-03 -5.5906e-01 -2.4235e-01 -1.1701e-01 +3.0448e-02 +8.8050e-01 -2.8245e-01 +5.4254e-01 -1.8882e+00
206 0 +1.717383290e+02 +2.493983290e+02 +2.493983290e+02 +7.1924e-01 +1.3250e-02 -3.4483e-01 -5.0212e-02 +8.6243e-02 -4.3101e-02 +7.6597e-01 -2.8085e-01 +5.0775e-01 -1.7978e+00
215 0 +1.363727799e+02 +2.140327799e+02 +2.140327799e+02 +3.6925e-01 +8.0107e-02 -3.6539e-01 -3.8799e-01 -3.4038e-01 -1.5185e-02 +7.9649e-01 -3.2534e-01 +1.0101e+00 -2.2427e+00
255 0 +1.241366202e+02 +2.017966202e+02 +2.017966202e+02 +1.1005e+00 +1.6717e-01 -6.4762e-01 -2.3851e-02 -6.8962e-01 -5.5363e-02 +9.8875e-01 -3.3325e-01 +1.0396e+00 -2.4883e+00
307 0 +1.212632037e+02 +1.989232037e+02 +1.989232037e+02 +5.3212e-01 +1.9666e-01 -5.6066e-01 -4.4522e-01 -3.4683e-01 -4.5516e-01 +1.0006e+00 -3.1862e-01 +6.5875e-01 -2.8837e+00
326 0 +1.125926991e+02 +1.902526991e+02 +1.902526991e+02 +6.9034e-01 -7.1714e-02 -4.3924e-01 -1.7772e-01 -5.9622e-01 -2.6668e-02 +1.0865e+00 -4.9502e-01 +1.3586e+00 -2.8757e+00
447 0 +8.787454031e+01 +1.655345403e+02 +1.655345403e+02 +5.6925e-01 -1.5016e-01 -1.1619e+00 -8.5138e-02 -6.5583e-01 -8.9726e-02 +1.7460e+00 -3.4385e-01 +9.5235e-01 -3.2258e+00
612 0 +8.200206475e+01 +1.596620648e+02 +1.596620648e+02 +3.9949e-01 -1.4567e-01 -1.1644e+00 -1.4516e-01 -6.7026e-01 -5.4034e-01 +1.8303e+00 -2.5972e-01 +7.8282e-01 -3.4260e+00
615 0 +7.547648513e+01 +1.531364851e+02 +1.531364851e+02 +5.1869e-01 +2.8358e-02 -1.1663e+00 -1.3450e-01 -6.2319e-01 -5.3888e-01 +1.7320e+00 -3.2656e-01 +8.4629e-01 -3.5190e+00
694 0 +7.196179707e+01 +1.496217971e+02 +1.496217971e+02 +5.0041e-01 -1.2869e-01 -1.2441e+00 +4.4467e-03 -6.7279e-01 -4.4614e-01 +1.7851e+00 -2.7723e-01 +5.5355e-01 -3.2464e+00
705 0 +6.960442940e+01 +1.472644294e+02 +1.472644294e+02 +5.0036e-01 -9.2011e-02 -1.2160e+00 -2.3647e-02 -6.7541e-01 -4.7251e-01 +1.8067e+00 -2.7762e-01 +5.7746e-01 -3.2791e+00
732 0 +6.913353893e+01 +1.467935389e+02 +1.467935389e+02 +5.3983e-01 -3.1711e-02 -1.2056e+00 -7.0842e-02 -7.0770e-01 -5.5940e-01 +1.8296e+00 -2.8136e-01 +6.3519e-01 -3.4297e+00
744 0 +6.442038295e+01 +1.420803830e+02 +1.420803830e+02 +4.6553e-01 -3.1331e-02 -1.2732e+00 -9.5910e-02 -6.9218e-01 -5.0953e-01 +1.8182e+00 -2.4652e-01 +5.1807e-01 -3.2480e+00
804 0 +6.277423561e+01 +1.404342356e+02 +1.404342356e+02 +4.3732e-01 -5.2564e-02 -1.2144e+00 -8.2348e-02 -6.6847e-01 -5.0248e-01 +1.8032e+00 -2.5094e-01 +5.5690e-01 -3.2559e+00
813 0 +6.096506522e+01 +1.386250652e+02 +1.386250652e+02 +4.1516e-01 -3.9460e-02 -1.2768e+00 -1.1842e-01 -6.7341e-01 -5.3573e-01 +1.8066e+00 -2.6649e-01 +5.3504e-01 -3.2319e+00
819 0 +5.889140062e+01 +1.365514006e+02 +1.365514006e+02 +4.4911e-01 -1.7672e-02 -1.2869e+00 -6.8666e-02 -6.5292e-01 -5.3008e-01 +1.8069e+00 -2.8277e-01 +5.7357e-01 -3.2605e+00
902 0 +5.877974416e+01 +1.364397442e+02 +1.364397442e+02 +4.6435e-01 -6.3500e-03 -1.2344e+00 -8.4090e-02 -6.5499e-01 -5.4461e-01 +1.7810e+00 -3.0333e-01 +5.6460e-01 -3.2286e+00
947 0 +5.744734020e+01 +1.351073402e+02 +1.351073402e+02 +4.5992e-01 -1.3693e-02 -1.2391e+00 -8.5440e-02 -6.6040e-01 -5.2420e-01 +1.7921e+00 -2.8127e-01 +5.8827e-01 -3.2335e+00
1075 0 +5.617761633e+01 +1.338376163e+02 +1.338376163e+02 +4.6592e-01 +1.3202e-02 -1.2507e+00 -8.5459e-02 -6.6694e-01 -5.4311e-01 +1.8018e+00 -2.9129e-01 +5.9035e-01 -3.2449e+00
1188 0 +5.494838738e+01 +1.326083874e+02 +1.326083874e+02 +4.6980e-01 +5.9033e-02 -1.2444e+00 -7.7204e-02 -6.6853e-01 -5.5957e-01 +1.8006e+00 -2.7225e-01 +5.8876e-01 -3.2266e+00
% f evaluations | g evaluations | best noise-free fitness - Fopt (1.156800000000e+02) + sum g_i+ | measured fitness | best measured fitness or single-digit g-values | x1 | x2...
1 0 +7.651383853e+02 +8.808183853e+02 +8.808183853e+02 +0.0000e+00 +0.0000e+00 +0.0000e+00 +0.0000e+00 +0.0000e+00 +0.0000e+00 +0.0000e+00 +0.0000e+00 +0.0000e+00 +0.0000e+00
2 0 +7.384821479e+02 +8.541621479e+02 +8.541621479e+02 +4.3379e-01 +3.0692e-02 +9.8026e-02 +3.4094e-01 +2.4727e-01 +1.7369e-01 -1.1375e-01 -3.0566e-01 +1.1285e-01 -1.5359e-01
10 0 +5.765519212e+02 +6.922319212e+02 +6.922319212e+02 +3.2216e-01 -3.3442e-01 +1.9285e-01 -3.1559e-01 -1.5896e-01 +1.8278e-01 -2.1053e-01 +1.4883e-01 -4.2076e-01 -2.0280e-01
21 0 +5.484570633e+02 +6.641370633e+02 +6.641370633e+02 +5.8161e-01 +4.3134e-01 -1.8141e-02 +4.2114e-01 +8.5427e-02 +3.1224e-01 -5.3394e-01 -2.1316e-01 -6.1979e-01 -4.2786e-01
51 0 +5.199137304e+02 +6.355937304e+02 +6.355937304e+02 +9.7616e-01 -1.9997e-01 -2.9301e-02 -2.1245e-01 -6.6304e-01 -2.1819e-01 -1.2510e-01 -2.0417e-01 -8.9980e-01 +8.9672e-02
68 0 +4.888249590e+02 +6.045049590e+02 +6.045049590e+02 +1.3385e+00 -6.5196e-02 -6.0867e-01 +3.8564e-01 -1.2713e+00 +4.5169e-02 +1.5131e-01 -4.3687e-01 -1.5646e+00 +3.0962e-03
87 0 +4.724732634e+02 +5.881532634e+02 +5.881532634e+02 +1.5061e+00 +2.4477e-01 -8.1006e-01 +3.9574e-01 -5.6728e-01 -1.6139e-01 -6.0602e-01 +8.2330e-01 -1.3512e+00 +2.6059e-01
93 0 +4.493635953e+02 +5.650435953e+02 +5.650435953e+02 +1.4294e+00 -9.2745e-02 -3.5040e-01 +1.5232e-01 -1.0619e+00 -9.6782e-03 -9.8211e-03 -1.3114e-01 -1.3355e+00 -4.3205e-01
124 0 +4.361337704e+02 +5.518137704e+02 +5.518137704e+02 +1.6240e+00 +2.4523e-01 -2.9383e-01 +3.1666e-01 -7.7628e-01 -3.3839e-01 -5.8686e-01 -3.6518e-01 -1.9606e+00 +1.0509e-01
128 0 +4.188267570e+02 +5.345067570e+02 +5.345067570e+02 +1.6979e+00 -2.5751e-01 -3.2568e-01 +3.6424e-01 -9.8939e-01 +3.6745e-02 -1.3029e+00 +2.4590e-01 -1.9008e+00 +3.6730e-01
134 0 +3.995005410e+02 +5.151805410e+02 +5.151805410e+02 +1.0074e+00 -4.1660e-01 -2.6131e-01 +2.1802e-01 -1.1129e+00 -2.2735e-01 -7.4870e-01 +2.0009e-01 -1.6563e+00 +8.0100e-02
142 0 +3.952775669e+02 +5.109575669e+02 +5.109575669e+02 +1.9430e+00 +2.0307e-01 -6.9171e-01 +1.1384e-01 -1.2057e+00 -1.9334e-01 -6.2477e-01 -3.2117e-01 -2.6421e+00 +3.0287e-01
152 0 +3.813988936e+02 +4.970788936e+02 +4.970788936e+02 +1.5748e+00 -2.9766e-01 -5.9220e-01 +3.7500e-01 -1.0178e+00 -5.2487e-01 -9.4117e-01 -3.1443e-01 -2.5614e+00 +1.6871e-01
157 0 +3.739139788e+02 +4.895939788e+02 +4.895939788e+02 +1.3240e+00 -7.5049e-03 -4.6892e-01 +3.5339e-01 -3.6248e-01 -1.5809e-01 -9.4559e-01 -2.0315e-01 -2.0792e+00 -9.8725e-02
158 0 +3.706117738e+02 +4.862917738e+02 +4.862917738e+02 +1.2057e+00 -1.9972e-01 -5.0552e-01 +1.6814e-01 -8.9593e-01 -5.2834e-02 -1.1111e+00 -1.1371e-01 -2.5607e+00 +1.7941e-01
168 0 +3.488952084e+02 +4.645752084e+02 +4.645752084e+02 +1.0190e+00 +1.6974e-01 -3.6234e-01 +3.4485e-01 -3.7309e-01 -3.8414e-02 -1.0402e+00 -5.2387e-01 -2.1292e+00 -4.5788e-01
174 0 +3.248190509e+02 +4.404990509e+02 +4.404990509e+02 +1.0994e+00 -3.6452e-01 -7.4269e-01 +1.9630e-01 -5.7382e-01 -2.1330e-01 -5.2027e-01 -1.4313e-01 -2.1731e+00 -1.5125e-01
186 0 +3.169181226e+02 +4.325981226e+02 +4.325981226e+02 +9.9050e-01 -7.5323e-02 -6.5612e-01 +3.6398e-01 -3.3508e-01 -2.5984e-01 -1.0630e+00 -1.8929e-01 -1.8519e+00 -6.8686e-01
193 0 +2.768757078e+02 +3.925557078e+02 +3.925557078e+02 +1.5008e+00 -2.5285e-01 -5.5391e-01 +2.6380e-01 -6.6433e-01 -1.4710e-01 -1.6578e+00 -1.4807e-01 -2.8434e+00 -3.8313e-01
217 0 +2.581904308e+02 +3.738704308e+02 +3.738704308e+02 +1.4400e+00 -3.4470e-01 -5.0955e-01 -1.3772e-01 -5.4578e-01 -6.3078e-01 -1.5252e+00 -1.6270e-01 -3.1520e+00 -3.6488e-01
225 0 +2.554240227e+02 +3.711040227e+02 +3.711040227e+02 +2.3521e+00 -3.0719e-01 -6.4475e-01 +3.3655e-01 -8.6329e-01 -6.5415e-01 -1.5265e+00 +2.2689e-01 -2.8660e+00 -4.5373e-01
252 0 +2.474645078e+02 +3.631445078e+02 +3.631445078e+02 +2.0547e+00 -2.7638e-01 -6.4144e-01 +2.9269e-01 -8.7176e-01 -8.6107e-01 -1.7644e+00 -5.1004e-01 -3.0873e+00 -4.5314e-01
255 0 +2.454118038e+02 +3.610918038e+02 +3.610918038e+02 +1.9363e+00 -3.6628e-01 -7.0746e-01 +1.8846e-01 -9.4303e-01 -8.0028e-01 -1.5219e+00 -6.8323e-02 -3.2267e+00 -5.6771e-01
266 0 +2.134934517e+02 +3.291734517e+02 +3.291734517e+02 +1.8007e+00 -1.0376e+00 -4.7684e-01 -1.1253e-02 -1.5486e+00 -1.0207e+00 -1.6783e+00 -1.8569e-01 -3.1515e+00 -6.1317e-01
279 0 +1.869076447e+02 +3.025876447e+02 +3.025876447e+02 +1.6457e+00 -6.6905e-01 -6.4152e-01 +2.6020e-01 -8.9670e-01 -1.0882e+00 -1.7531e+00 +4.7599e-01 -3.9139e+00 -1.2461e+00
318 0 +1.850211759e+02 +3.007011759e+02 +3.007011759e+02 +1.8658e+00 -1.0372e+00 -5.5548e-01 -3.8832e-01 -1.3135e+00 -1.2578e+00 -2.1903e+00 +2.0852e-01 -3.9055e+00 -5.1343e-01
402 0 +1.651888822e+02 +2.808688822e+02 +2.808688822e+02 +1.7792e+00 -7.9928e-01 -1.2385e+00 +3.2195e-01 -1.4677e+00 -1.0215e+00 -2.1343e+00 +2.8800e-01 -4.6352e+00 -8.3017e-01
470 0 +1.574589612e+02 +2.731389612e+02 +2.731389612e+02 +1.7797e+00 -9.5563e-01 -1.0282e+00 +2.4828e-01 -1.6741e+00 -1.2466e+00 -1.7768e+00 +4.3653e-01 -4.1967e+00 -1.3061e+00
485 0 +1.542970322e+02 +2.699770322e+02 +2.699770322e+02 +1.8741e+00 -1.0128e+00 -1.0824e+00 +2.9119e-01 -1.7288e+00 -1.0578e+00 -1.8307e+00 +4.1001e-01 -4.3913e+00 -1.3197e+00
519 0 +1.446196456e+02 +2.602996456e+02 +2.602996456e+02 +1.8266e+00 -9.4190e-01 -9.6208e-01 +4.2491e-01 -2.0313e+00 -1.4996e+00 -1.7779e+00 +8.8878e-01 -3.9481e+00 -1.2534e+00
529 0 +1.360439191e+02 +2.517239191e+02 +2.517239191e+02 +1.8647e+00 -1.1231e+00 -1.0437e+00 +3.5498e-01 -1.8526e+00 -1.3122e+00 -1.8213e+00 +8.4492e-01 -4.2168e+00 -1.3869e+00
550 0 +1.337040507e+02 +2.493840507e+02 +2.493840507e+02 +1.9503e+00 -1.0749e+00 -1.0677e+00 +3.3523e-01 -1.7672e+00 -1.7676e+00 -2.0205e+00 +1.1439e+00 -4.2254e+00 -1.4715e+00
567 0 +1.271204158e+02 +2.428004158e+02 +2.428004158e+02 +1.8955e+00 -1.0323e+00 -1.1463e+00 +1.9280e-01 -2.2359e+00 -1.7541e+00 -2.1055e+00 +1.1291e+00 -4.7149e+00 -1.5421e+00
595 0 +1.211523622e+02 +2.368323622e+02 +2.368323622e+02 +1.8331e+00 -9.0704e-01 -1.0661e+00 +3.0586e-01 -1.9773e+00 -1.8207e+00 -2.2130e+00 +1.1761e+00 -4.6742e+00 -1.6784e+00
623 0 +1.164288862e+02 +2.321088862e+02 +2.321088862e+02 +1.5528e+00 -9.6587e-01 -9.9229e-01 +4.2111e-01 -2.2796e+00 -2.2042e+00 -2.3581e+00 +1.8963e+00 -4.6885e+00 -1.9999e+00
628 0 +1.127593330e+02 +2.284393330e+02 +2.284393330e+02 +1.8536e+00 -8.2766e-01 -1.0666e+00 +3.7077e-01 -1.8734e+00 -1.6477e+00 -2.1312e+00 +1.1634e+00 -4.6481e+00 -1.6135e+00
639 0 +1.074908097e+02 +2.231708097e+02 +2.231708097e+02 +1.8987e+00 -8.4304e-01 -1.1315e+00 +3.8634e-01 -1.8552e+00 -1.6266e+00 -2.1595e+00 +1.2220e+00 -4.6543e+00 -1.5244e+00
672 0 +1.047386063e+02 +2.204186063e+02 +2.204186063e+02 +1.7936e+00 -1.0065e+00 -1.1292e+00 +3.2362e-01 -1.8761e+00 -1.6002e+00 -2.2806e+00 +1.4717e+00 -4.6670e+00 -1.7547e+00
706 0 +9.498185614e+01 +2.106618561e+02 +2.106618561e+02 +1.9355e+00 -1.0165e+00 -1.1324e+00 +4.0772e-01 -1.8344e+00 -1.6773e+00 -2.3291e+00 +1.4894e+00 -4.6539e+00 -1.8665e+00
744 0 +8.642770951e+01 +2.021077095e+02 +2.021077095e+02 +1.8640e+00 -8.7607e-01 -1.2031e+00 +2.6482e-01 -1.8731e+00 -1.6503e+00 -2.2926e+00 +1.4667e+00 -4.7041e+00 -1.5835e+00
782 0 +8.423909186e+01 +1.999190919e+02 +1.999190919e+02 +1.7977e+00 -9.9106e-01 -1.1924e+00 +2.6791e-01 -1.8276e+00 -1.6108e+00 -2.3124e+00 +1.5347e+00 -4.7533e+00 -1.6365e+00
815 0 +8.143461160e+01 +1.971146116e+02 +1.971146116e+02 +1.8144e+00 -9.5147e-01 -1.2066e+00 +2.5693e-01 -1.8034e+00 -1.6045e+00 -2.3361e+00 +1.5390e+00 -4.6455e+00 -1.5781e+00
960 0 +8.099285537e+01 +1.966728554e+02 +1.966728554e+02 +1.8208e+00 -9.9651e-01 -1.2479e+00 +2.8499e-01 -1.8457e+00 -1.6656e+00 -2.3612e+00 +1.5071e+00 -4.6521e+00 -1.5674e+00
1002 0 +7.737215776e+01 +1.930521578e+02 +1.930521578e+02 +1.8304e+00 -9.9429e-01 -1.2275e+00 +2.9408e-01 -1.8091e+00 -1.6596e+00 -2.3747e+00 +1.4598e+00 -4.6784e+00 -1.5986e+00
1189 0 +7.551113018e+01 +1.911911302e+02 +1.911911302e+02 +1.8103e+00 -9.9979e-01 -1.2416e+00 +2.9941e-01 -1.8215e+00 -1.6861e+00 -2.3641e+00 +1.4883e+00 -4.7054e+00 -1.5890e+00
1278 0 +7.379082704e+01 +1.894708270e+02 +1.894708270e+02 +1.7977e+00 -1.0104e+00 -1.2135e+00 +3.0135e-01 -1.8129e+00 -1.6784e+00 -2.3490e+00 +1.4923e+00 -4.7026e+00 -1.5861e+00
1642 0 +7.243088121e+01 +1.881108812e+02 +1.881108812e+02 +1.8043e+00 -9.8730e-01 -1.2003e+00 +2.8916e-01 -1.7963e+00 -1.6511e+00 -2.3513e+00 +1.4917e+00 -4.7049e+00 -1.5840e+00
% f evaluations | g evaluations | best noise-free fitness - Fopt (-3.710000000000e+00) + sum g_i+ | measured fitness | best measured fitness or single-digit g-values | x1 | x2...
1 0 +3.211002619e+02 +3.173902619e+02 +3.173902619e+02 +0.0000e+00 +0.0000e+00 +0.0000e+00 +0.0000e+00 +0.0000e+00 +0.0000e+00 +0.0000e+00 +0.0000e+00 +0.0000e+00 +0.0000e+00
13 0 +2.625678243e+02 +2.588578243e+02 +2.588578243e+02 +1.9475e-01 -2.3121e-02 +2.9955e-01 +9.2698e-02 -1.8232e-01 -6.1134e-02 -2.2313e-01 -5.4534e-01 -5.5981e-01 +4.9638e-01
27 0 +2.385959444e+02 +2.348859444e+02 +2.348859444e+02 +4.3729e-02 -8.2687e-03 -3.8049e-01 -7.5254e-02 -3.7430e-02 +3.3949e-01 +2.8298e-02 -2.9877e-01 -8.8931e-01 +4.4497e-01
59 0 +2.159704989e+02 +2.122604989e+02 +2.122604989e+02 +1.1794e+00 -3.2619e-01 -1.7740e-01 +2.2480e-01 +1.0889e-02 +4.7235e-01 -3.0307e-01 -4.9338e-01 -9.8189e-01 +5.9282e-01
77 0 +2.000309308e+02 +1.963209308e+02 +1.963209308e+02 +8.5034e-01 +3.0508e-01 -5.4469e-01 +5.4162e-01 -1.3023e-01 +4.6406e-01 -2.5476e-01 -5.4031e-01 -1.3272e+00 +7.6419e-01
128 0 +1.896367366e+02 +1.859267366e+02 +1.859267366e+02 +1.0120e+00 +2.4670e-01 -5.8580e-01 +4.9425e-01 -4.5005e-01 +6.0693e-01 -4.4766e-01 -5.8750e-01 -1.1049e+00 +1.0592e+00
154 0 +1.780271934e+02 +1.743171934e+02 +1.743171934e+02 +1.0921e+00 +2.5345e-01 -6.5282e-01 +5.0602e-01 -3.2667e-01 +5.9896e-01 -1.7125e-01 -1.1701e+00 -1.2876e+00 +9.9241e-01
208 0 +1.776498347e+02 +1.739398347e+02 +1.739398347e+02 +7.5499e-01 +1.0658e-01 -2.9537e-01 +5.7335e-01 +1.2733e-02 +8.2718e-01 -3.2919e-01 -1.5389e+00 -1.7661e+00 +1.2372e+00
210 0 +1.691616129e+02 +1.654516129e+02 +1.654516129e+02 +8.6672e-01 +4.0959e-02 -3.9533e-01 +5.3328e-01 -2.9887e-02 +5.8396e-01 -3.3402e-01 -1.3043e+00 -1.5097e+00 +1.0403e+00
221 0 +1.592622526e+02 +1.555522526e+02 +1.555522526e+02 +9.8424e-01 +5.4420e-02 -4.1196e-01 +5.2096e-01 -4.4885e-02 +5.1726e-01 -3.1269e-01 -1.3448e+00 -1.5325e+00 +1.0062e+00
243 0 +1.481083169e+02 +1.443983169e+02 +1.443983169e+02 +1.1347e+00 +1.1491e-01 -3.3114e-01 +4.9568e-01 +1.3817e-01 +3.5546e-01 -2.6386e-01 -1.5379e+00 -1.5204e+00 +9.3379e-01
254 0 +1.365025189e+02 +1.327925189e+02 +1.327925189e+02 +1.0269e+00 +1.7895e-01 -4.7890e-01 +5.2242e-01 +4.5807e-02 +5.0880e-01 -3.5830e-01 -1.6336e+00 -1.6315e+00 +1.0278e+00
375 0 +1.267474070e+02 +1.230374070e+02 +1.230374070e+02 +1.2293e+00 +1.5921e-01 -5.8975e-01 +5.2282e-01 +1.0739e-01 +5.1554e-01 -2.1133e-01 -1.9493e+00 -1.8591e+00 +1.0363e+00
386 0 +1.229982773e+02 +1.192882773e+02 +1.192882773e+02 +1.2581e+00 +1.6027e-01 -5.6436e-01 +5.1597e-01 +1.0548e-01 +5.2865e-01 -2.1153e-01 -1.9870e+00 -1.9153e+00 +9.7916e-01
419 0 +1.195073410e+02 +1.157973410e+02 +1.157973410e+02 +1.3049e+00 +1.2873e-01 -5.9733e-01 +5.2665e-01 +1.4508e-01 +5.3882e-01 -2.5544e-01 -1.9833e+00 -1.8945e+00 +1.0393e+00
480 0 +1.147525421e+02 +1.110425421e+02 +1.110425421e+02 +1.2226e+00 +1.6328e-01 -6.0371e-01 +5.2387e-01 +1.4154e-01 +4.7867e-01 -2.6359e-01 -1.9893e+00 -1.9017e+00 +1.0054e+00
595 0 +1.117897494e+02 +1.080797494e+02 +1.080797494e+02 +1.2212e+00 +8.1641e-02 -5.6882e-01 +5.2223e-01 +1.1265e-01 +4.6352e-01 -3.0659e-01 -1.9851e+00 -1.9203e+00 +1.0172e+00
% f evaluations | g evaluations | best noise-free fitness - Fopt (1.321800000000e+02) + sum g_i+ | measured fitness | best measured fitness or single-digit g-values | x1 | x2...
1 0 +2.126387241e+02 +3.448187241e+02 +3.448187241e+02 +0.0000e+00 +0.0000e+00 +0.0000e+00 +0.0000e+00 +0.0000e+00 +0.0000e+00 +0.0000e+00 +0.0000e+00 +0.0000e+00 +0.0000e+00
3 0 +2.014583211e+02 +3.336383211e+02 +3.336383211e+02 +2.4817e-01 +6.3376e-02 -2.2359e-01 +8.0318e-02 +2.1275e-01 +5.3256e-02 -2.3477e-01 +7.8699e-02 +1.0710e-01 +2.4729e-01
6 0 +1.974559361e+02 +3.296359361e+02 +3.296359361e+02 +1.8723e-01 -2.5702e-01 +1.5212e-01 +1.5671e-02 +5.1476e-01 -6.3323e-02 +3.7553e-01 -3.4671e-01 +9.3874e-02 -2.1343e-01
10 0 +1.908485604e+02 +3.230285604e+02 +3.230285604e+02 +3.2216e-01 -3.3442e-01 +1.9285e-01 -3.1559e-01 -1.5896e-01 +1.8278e-01 -2.1053e-01 +1.4883e-01 -4.2076e-01 -2.0280e-01
38 0 +1.525738393e+02 +2.847538393e+02 +2.847538393e+02 +1.7831e-01 -7.0355e-02 -2.6137e-01 -6.8228e-03 -5.7817e-02 +2.1696e-01 -3.8999e-01 +1.4045e-01 +2.2400e-01 +3.6947e-01
46 0 +1.428467303e+02 +2.750267303e+02 +2.750267303e+02 +3.6175e-01 -2.5881e-01 +1.9017e-01 -1.6356e-01 -3.6520e-01 +3.3918e-01 -5.3214e-01 +2.7876e-02 +6.0126e-01 +1.5610e-01
63 0 +1.206041105e+02 +2.527841105e+02 +2.527841105e+02 +1.1614e-01 -3.6939e-01 -3.3065e-01 +3.1988e-02 -4.2202e-01 +5.5713e-01 -1.3621e+00 -1.9979e-01 +6.0939e-01 +8.0733e-01
221 0 +1.183021538e+02 +2.504821538e+02 +2.504821538e+02 +1.7774e-01 -1.6743e-01 -1.7352e-01 -8.9634e-01 -6.4328e-01 -1.4572e-02 -1.0643e+00 -1.8895e-01 +8.8824e-01 +8.1590e-01
239 0 +1.156639853e+02 +2.478439853e+02 +2.478439853e+02 +2.9843e-01 -6.2307e-02 -2.4017e-01 -1.0112e+00 -3.4049e-01 -7.1181e-02 -1.0696e+00 -2.4700e-01 +1.3528e+00 +7.3460e-01
259 0 +1.127128242e+02 +2.448928242e+02 +2.448928242e+02 +1.9184e-01 -1.6132e-01 -3.6454e-01 -1.0346e+00 -4.3141e-01 -1.0987e-01 -1.0272e+00 -2.6750e-01 +1.2829e+00 +7.3668e-01
354 0 +1.100702728e+02 +2.422502728e+02 +2.422502728e+02 +1.9352e-01 -2.0769e-01 -5.3150e-01 -1.0647e+00 -6.8346e-01 -5.7705e-02 -9.2476e-01 -3.0519e-01 +8.9255e-01 +9.6629e-01
361 0 +1.052094493e+02 +2.373894493e+02 +2.373894493e+02 +1.4331e-01 -9.4833e-02 -4.6736e-01 -1.1702e+00 -5.5670e-01 -1.5947e-04 -1.0900e+00 -3.3404e-01 +9.4116e-01 +1.0045e+00
419 0 +1.026816523e+02 +2.348616523e+02 +2.348616523e+02 +2.9460e-01 -1.8479e-01 -5.5966e-01 -1.1401e+00 -6.6169e-01 -1.7186e-04 -9.2724e-01 -3.3115e-01 +9.8187e-01 +1.0335e+00
424 0 +9.514904359e+01 +2.273290436e+02 +2.273290436e+02 +2.4830e-01 -2.4752e-01 -5.6090e-01 -1.2291e+00 -6.8673e-01 -4.1941e-02 -9.6137e-01 -2.9010e-01 +9.9533e-01 +1.0441e+00
443 0 +9.065374179e+01 +2.228337418e+02 +2.228337418e+02 +3.0105e-01 -2.0985e-01 -4.6627e-01 -1.0757e+00 -7.0372e-01 -4.5214e-02 -1.0009e+00 -3.4764e-01 +9.4078e-01 +1.0351e+00
485 0 +8.847254886e+01 +2.206525489e+02 +2.206525489e+02 +2.7353e-01 -2.0449e-01 -4.9654e-01 -1.1370e+00 -7.0380e-01 -2.1089e-02 -9.6115e-01 -3.0021e-01 +9.6725e-01 +1.0449e+00
502 0 +8.503529073e+01 +2.172152907e+02 +2.172152907e+02 +2.2075e-01 -2.0689e-01 -4.5874e-01 -1.1136e+00 -6.8335e-01 -4.8526e-02 -9.7530e-01 -2.8797e-01 +9.3151e-01 +1.0105e+00
556 0 +8.305485327e+01 +2.152348533e+02 +2.152348533e+02 +2.0753e-01 -2.6088e-01 -4.6042e-01 -1.1456e+00 -6.9899e-01 -6.0292e-02 -1.0238e+00 -3.1448e-01 +9.2952e-01 +1.0496e+00
571 0 +7.929115173e+01 +2.114711517e+02 +2.114711517e+02 +2.4205e-01 -2.5035e-01 -4.5197e-01 -1.1853e+00 -7.0030e-01 -4.9350e-02 -1.0550e+00 -3.1784e-01 +9.5683e-01 +1.0276e+00
597 0 +7.658375233e+01 +2.087637523e+02 +2.087637523e+02 +1.9797e-01 -2.4135e-01 -4.1095e-01 -1.1857e+00 -7.1429e-01 -3.6406e-02 -1.0488e+00 -3.0113e-01 +9.4344e-01 +1.0222e+00
661 0 +7.556494262e+01 +2.077449426e+02 +2.077449426e+02 +2.2968e-01 -1.8932e-01 -3.9668e-01 -1.1322e+00 -7.0638e-01 -2.9568e-02 -1.0582e+00 -2.8720e-01 +9.3426e-01 +1.0366e+00
809 0 +7.378860491e+01 +2.059686049e+02 +2.059686049e+02 +2.1090e-01 -1.9527e-01 -3.8617e-01 -1.1716e+00 -6.9120e-01 -3.3611e-02 -1.0707e+00 -2.8775e-01 +9.3001e-01 +1.0336e+00
% f evaluations | g evaluations | best noise-free fitness - Fopt (-3.930000000000e+01) + sum g_i+ | measured fitness | best measured fitness or single-digit g-values | x1 | x2...
1 0 +5.317474414e+02 +4.924474414e+02 +4.924474414e+02 +0.0000e+00 +0.0000e+00 +0.0000e+00 +0.0000e+00 +0.0000e+00 +0.0000e+00 +0.0000e+00 +0.0000e+00 +0.0000e+00 +0.0000e+00
2 0 +4.938837050e+02 +4.545837050e+02 +4.545837050e+02 +4.3379e-01 +3.0692e-02 +9.8026e-02 +3.4094e-01 +2.4727e-01 +1.7369e-01 -1.1375e-01 -3.0566e-01 +1.1285e-01 -1.5359e-01
6 0 +4.631545841e+02 +4.238545841e+02 +4.238545841e+02 +1.8723e-01 -2.5702e-01 +1.5212e-01 +1.5671e-02 +5.1476e-01 -6.3323e-02 +3.7553e-01 -3.4671e-01 +9.3874e-02 -2.1343e-01
17 0 +4.436879808e+02 +4.043879808e+02 +4.043879808e+02 +7.2719e-01 +5.8972e-01 +4.8107e-02 +4.4146e-01 +3.2311e-02 +6.4926e-01 +3.1754e-01 -2.9878e-01 +3.2272e-01 -5.8705e-01
36 0 +4.238623516e+02 +3.845623516e+02 +3.845623516e+02 +3.7871e-01 +2.5036e-01 -3.7450e-01 -1.5569e-01 +2.3285e-01 -5.8042e-02 +5.5334e-01 -7.0196e-01 +4.0214e-01 -9.2181e-01
48 0 +4.030767357e+02 +3.637767357e+02 +3.637767357e+02 +5.0134e-01 -1.8005e-01 +1.4113e-01 -1.3533e-01 +2.3190e-01 +6.3135e-02 +1.3207e-01 +2.1841e-02 +4.2351e-01 -5.0036e-01
64 0 +3.933764180e+02 +3.540764180e+02 +3.540764180e+02 +3.6066e-01 -4.8922e-01 -2.1140e-02 -1.1458e-01 +1.7251e-01 +3.6419e-01 +2.7410e-01 -1.4315e-01 +8.1651e-01 -8.3829e-01
93 0 +3.423607139e+02 +3.030607139e+02 +3.030607139e+02 +8.5359e-01 -7.6251e-02 -1.5524e-01 -2.5114e-01 -1.3305e-01 +1.5696e-01 +6.0856e-01 -2.3211e-01 +7.7091e-01 -1.2587e+00
116 0 +3.349558582e+02 +2.956558582e+02 +2.956558582e+02 +4.1072e-01 -2.3983e-01 -3.3407e-01 -4.1989e-01 +1.1677e-01 -4.5072e-02 +8.7334e-01 -2.4043e-02 +1.4033e+00 -1.1311e+00
123 0 +3.281983286e+02 +2.888983286e+02 +2.888983286e+02 +4.1797e-01 +1.7634e-01 -3.7116e-01 -3.4032e-01 +2.6968e-01 -1.6156e-01 +6.8473e-01 -3.9074e-01 +1.4542e+00 -1.2778e+00
143 0 +2.924399061e+02 +2.531399061e+02 +2.531399061e+02 +1.7162e-01 -3.0737e-01 +6.0296e-02 -4.8287e-01 +1.3489e-01 -3.6614e-01 +9.9852e-01 -1.2815e-01 +1.1030e+00 -1.3593e+00
156 0 +2.476003464e+02 +2.083003464e+02 +2.083003464e+02 -2.3284e-01 -2.8027e-01 +1.0085e-01 -1.8585e-01 +2.7118e-01 -6.9563e-01 +1.5206e+00 -8.2168e-02 +1.1378e+00 -1.4759e+00
171 0 +2.286098893e+02 +1.893098893e+02 +1.893098893e+02 +1.2882e-01 -2.4815e-01 -1.1271e-01 -6.6131e-01 +3.0583e-01 -6.3462e-01 +1.5115e+00 +3.3915e-01 +1.7595e+00 -1.6571e+00
182 0 +2.010808184e+02 +1.617808184e+02 +1.617808184e+02 +1.6265e-01 -6.3779e-02 -1.4662e-01 -2.5446e-01 +4.7270e-01 -1.0108e+00 +1.1610e+00 -4.5319e-01 +1.4967e+00 -1.9937e+00
197 0 +1.745330793e+02 +1.352330793e+02 +1.352330793e+02 -5.0653e-01 -5.7454e-01 -1.6191e-01 -7.2218e-01 +9.1511e-01 -1.0227e+00 +1.5535e+00 -3.0987e-01 +1.8394e+00 -2.8309e+00
215 0 +1.723185885e+02 +1.330185885e+02 +1.330185885e+02 -5.5025e-01 -4.9388e-01 +2.5931e-02 -8.5579e-01 +4.6962e-01 -1.0999e+00 +1.7535e+00 -3.5429e-01 +2.3953e+00 -2.8155e+00
226 0 +1.470874911e+02 +1.077874911e+02 +1.077874911e+02 -4.5801e-01 -2.7112e-01 +1.6595e-01 -7.1375e-01 +9.3005e-01 -1.4084e+00 +2.1843e+00 -3.6799e-01 +2.2782e+00 -2.9728e+00
308 0 +1.429527027e+02 +1.036527027e+02 +1.036527027e+02 +1.3976e-01 -4.7966e-01 -9.1096e-02 -6.5421e-01 +5.4099e-01 -1.0377e+00 +1.8105e+00 -2.1303e-02 +1.8471e+00 -2.7601e+00
409 0 +1.352311893e+02 +9.593118931e+01 +9.593118931e+01 -5.9984e-01 -5.6204e-01 -1.8207e-01 -5.7873e-02 +3.7486e-01 -5.8729e-01 +2.9368e+00 -1.0615e-01 +1.4825e+00 -2.7638e+00
440 0 +1.094915926e+02 +7.019159261e+01 +7.019159261e+01 -5.9508e-01 -5.3703e-01 -2.0644e-01 -1.5423e-02 +3.1562e-01 -8.5832e-01 +2.5673e+00 +5.6394e-02 +1.4727e+00 -2.6511e+00
500 0 +1.058399063e+02 +6.653990625e+01 +6.653990625e+01 -4.1865e-01 -2.8885e-01 -1.9437e-01 +4.3331e-01 +4.2811e-01 -8.9182e-01 +2.9664e+00 +5.3129e-02 +1.5163e+00 -3.0811e+00
650 0 +1.037907941e+02 +6.449079410e+01 +6.449079410e+01 -4.8652e-01 -3.6383e-01 -8.7209e-02 +1.0868e-01 +3.4177e-01 -9.7342e-01 +3.0839e+00 +8.5787e-02 +1.7963e+00 -3.1332e+00
653 0 +9.461147707e+01 +5.531147707e+01 +5.531147707e+01 -5.6909e-01 -3.9504e-01 -9.1979e-02 +8.7052e-02 +2.8788e-01 -9.2747e-01 +3.0945e+00 +6.0778e-02 +1.8233e+00 -3.0910e+00
698 0 +8.980153860e+01 +5.050153860e+01 +5.050153860e+01 -5.3171e-01 -3.5772e-01 -4.4400e-02 +7.2778e-02 +4.2273e-01 -9.3229e-01 +3.1034e+00 +9.7203e-02 +1.7702e+00 -3.0604e+00
738 0 +8.856615983e+01 +4.926615983e+01 +4.926615983e+01 -5.4718e-01 -3.0231e-01 -4.7572e-02 +7.3665e-02 +4.0263e-01 -9.5804e-01 +3.0358e+00 +9.6230e-02 +1.7947e+00 -3.0341e+00
765 0 +8.665096910e+01 +4.735096910e+01 +4.735096910e+01 -5.5022e-01 -3.3271e-01 -8.5908e-02 -1.3799e-02 +4.1612e-01 -1.0093e+00 +3.0251e+00 +9.6474e-02 +1.8156e+00 -3.0538e+00
782 0 +8.497885061e+01 +4.567885061e+01 +4.567885061e+01 -5.8983e-01 -3.2859e-01 -6.6728e-02 +1.1244e-02 +3.9310e-01 -1.0095e+00 +3.0725e+00 +8.3841e-02 +1.8020e+00 -3.0492e+00
796 0 +8.113682421e+01 +4.183682421e+01 +4.183682421e+01 -5.7606e-01 -3.0364e-01 -6.5059e-02 +3.0311e-03 +4.0259e-01 -9.6223e-01 +3.0911e+00 +7.6050e-02 +1.8180e+00 -3.0303e+00
989 0 +7.938904622e+01 +4.008904622e+01 +4.008904622e+01 -5.6129e-01 -3.2321e-01 -7.1642e-02 +2.2058e-03 +3.6787e-01 -9.4008e-01 +3.1062e+00 +7.2612e-02 +1.8024e+00 -3.0394e+00
1146 0 +7.758362200e+01 +3.828362200e+01 +3.828362200e+01 -5.3964e-01 -3.0823e-01 -6.1623e-02 -2.6775e-02 +3.3871e-01 -9.3145e-01 +3.1105e+00 +6.8641e-02 +1.7995e+00 -3.0102e+00
1478 0 +7.585449832e+01 +3.655449832e+01 +3.655449832e+01 -5.2890e-01 -3.0202e-01 -5.5419e-02 -4.2082e-02 +3.4669e-01 -8.7439e-01 +3.1218e+00 +6.2070e-02 +1.8086e+00 -3.0148e+00
% f evaluations | g evaluations | best noise-free fitness - Fopt (4.296000000000e+01) + sum g_i+ | measured fitness | best measured fitness or single-digit g-values | x1 | x2...
1 0 +2.365728505e+02 +2.795328505e+02 +2.795328505e+02 +0.0000e+00 +0.0000e+00 +0.0000e+00 +0.0000e+00 +0.0000e+00 +0.0000e+00 +0.0000e+00 +0.0000e+00 +0.0000e+00 +0.0000e+00
2 0 +1.628053850e+02 +2.057653850e+02 +2.057653850e+02 +4.3379e-01 +3.0692e-02 +9.8026e-02 +3.4094e-01 +2.4727e-01 +1.7369e-01 -1.1375e-01 -3.0566e-01 +1.1285e-01 -1.5359e-01
15 0 +1.580572026e+02 +2.010172026e+02 +2.010172026e+02 +5.1541e-01 -3.2001e-01 -4.6493e-04 -2.4952e-01 -2.7552e-01 +2.4311e-01 +2.2880e-01 +2.7733e-01 +9.9511e-02 +2.7124e-01
22 0 +1.463518025e+02 +1.893118025e+02 +1.893118025e+02 +4.8615e-01 +1.1273e-01 -1.4142e-01 -2.1077e-01 -2.0686e-01 +3.1405e-02 -3.4945e-01 -6.9067e-01 +4.5694e-01 +4.3684e-01
100 0 +1.432994653e+02 +1.862594653e+02 +1.862594653e+02 +6.5338e-01 +1.9302e-01 +4.1220e-02 +2.2046e-01 -2.5344e-01 -1.2809e-02 +8.6374e-02 -4.4859e-01 +8.3399e-01 +9.7972e-01
111 0 +1.206903391e+02 +1.636503391e+02 +1.636503391e+02 +5.4419e-01 +2.1602e-01 -1.7748e-02 +1.2363e-01 -1.9783e-01 -1.7358e-01 +1.9666e-01 -4.2010e-01 +1.0100e+00 +8.7974e-01
112 0 +1.136907182e+02 +1.566507182e+02 +1.566507182e+02 +5.1446e-01 +1.7091e-01 +3.2420e-01 +6.1370e-01 +2.6369e-01 -7.3552e-01 +2.4302e-01 -6.6827e-01 +1.0252e+00 +8.4819e-01
182 0 +1.068200404e+02 +1.497800404e+02 +1.497800404e+02 +8.4733e-01 +2.5717e-01 -5.9132e-02 +2.8940e-01 +1.5247e-01 -9.7700e-01 -1.5563e-01 -1.1288e+00 +1.0097e+00 +6.2744e-01
188 0 +9.314874366e+01 +1.361087437e+02 +1.361087437e+02 +4.9966e-01 +8.7625e-02 +1.2878e-02 +9.5943e-02 +1.7330e-01 -8.1702e-01 -2.2427e-01 -1.0598e+00 +1.0398e+00 +6.6394e-01
189 0 +7.562449060e+01 +1.185844906e+02 +1.185844906e+02 +5.5421e-01 +2.8033e-01 +4.8586e-02 +2.8009e-01 +1.9288e-01 -7.8488e-01 -1.1834e-01 -1.1510e+00 +1.4697e+00 +6.1933e-01
319 0 +5.277164278e+01 +9.573164278e+01 +9.573164278e+01 +5.7262e-01 +1.1251e-01 -3.6790e-02 +2.4917e-01 +3.6814e-01 -1.3137e+00 +1.6839e-01 -1.6063e+00 +1.5151e+00 +5.0308e-01
518 0 +4.964518425e+01 +9.260518425e+01 +9.260518425e+01 +5.4811e-01 +1.4464e-02 -8.2944e-02 +3.2844e-01 +3.0734e-01 -1.2904e+00 +6.5282e-01 -1.5587e+00 +1.4554e+00 +5.5158e-01
580 0 +4.742646670e+01 +9.038646670e+01 +9.038646670e+01 +4.9515e-01 +2.0662e-02 +4.1487e-03 +2.9828e-01 +3.0818e-01 -1.3832e+00 +6.5404e-01 -1.6339e+00 +1.4847e+00 +5.6103e-01
732 0 +4.676225859e+01 +8.972225859e+01 +8.972225859e+01 +5.2704e-01 +5.8613e-02 +3.5521e-02 +3.6518e-01 +2.8753e-01 -1.3678e+00 +6.5354e-01 -1.5698e+00 +1.4950e+00 +5.4405e-01
766 0 +4.563728565e+01 +8.859728565e+01 +8.859728565e+01 +4.8277e-01 +7.0196e-02 +1.5848e-02 +3.4620e-01 +3.0151e-01 -1.3498e+00 +6.5105e-01 -1.5979e+00 +1.4713e+00 +5.7362e-01
796 0 +4.402986933e+01 +8.698986933e+01 +8.698986933e+01 +5.0184e-01 +6.6358e-02 +2.8717e-02 +3.3192e-01 +2.9971e-01 -1.3404e+00 +6.5407e-01 -1.5952e+00 +1.4793e+00 +5.7201e-01
849 0 +4.322893255e+01 +8.618893255e+01 +8.618893255e+01 +5.1903e-01 +4.9422e-02 +2.1163e-02 +3.2998e-01 +2.5600e-01 -1.3350e+00 +6.5381e-01 -1.5885e+00 +1.4926e+00 +5.6356e-01
889 0 +4.233757703e+01 +8.529757703e+01 +8.529757703e+01 +4.9757e-01 +5.2224e-02 +2.8021e-02 +3.1809e-01 +2.6395e-01 -1.2910e+00 +6.4323e-01 -1.5805e+00 +1.4749e+00 +5.5667e-01
990 0 +4.165703137e+01 +8.461703137e+01 +8.461703137e+01 +5.1475e-01 +5.1940e-02 +2.9344e-02 +3.1758e-01 +2.5324e-01 -1.2971e+00 +6.5293e-01 -1.5890e+00 +1.4787e+00 +5.6037e-01
1135 0 +4.070512817e+01 +8.366512817e+01 +8.366512817e+01 +5.2093e-01 +5.9232e-02 +2.8276e-02 +3.0447e-01 +2.1951e-01 -1.2644e+00 +6.4807e-01 -1.6030e+00 +1.4794e+00 +5.6480e-01
1259 0 +3.981038245e+01 +8.277038245e+01 +8.277038245e+01 +5.1818e-01 +6.4418e-02 +3.6026e-02 +2.9951e-01 +2.1424e-01 -1.2409e+00 +6.5393e-01 -1.5892e+00 +1.4768e+00 +5.6395e-01
1376 0 +3.886172251e+01 +8.182172251e+01 +8.182172251e+01 +5.1926e-01 +5.7243e-02 +3.7595e-02 +2.8255e-01 +1.9990e-01 -1.2023e+00 +6.5575e-01 -1.5966e+00 +1.4850e+00 +5.5908e-01
1460 0 +3.799525552e+01 +8.095525552e+01 +8.095525552e+01 +5.1167e-01 +4.9024e-02 +4.6257e-02 +2.7357e-01 +2.2355e-01 -1.1692e+00 +6.5247e-01 -1.5835e+00 +1.4909e+00 +5.5092e-01
1633 0 +3.711488729e+01 +8.007488729e+01 +8.007488729e+01 +5.1523e-01 +7.2772e-02 +5.0310e-02 +2.8288e-01 +2.5029e-01 -1.1600e+00 +6.4986e-01 -1.5938e+00 +1.4879e+00 +5.5669e-01
% f evaluations | g evaluations | best noise-free fitness - Fopt (2.842200000000e+02) + sum g_i+ | measured fitness | best measured fitness or single-digit g-values | x1 | x2...
1 0 +4.397618850e+02 +7.239818850e+02 +7.239818850e+02 +0.0000e+00 +0.0000e+00 +0.0000e+00 +0.0000e+00 +0.0000e+00 +0.0000e+00 +0.0000e+00 +0.0000e+00 +0.0000e+00 +0.0000e+00
4 0 +4.199459769e+02 +7.041659769e+02 +7.041659769e+02 +2.1661e-01 -2.7248e-01 -1.4933e-01 +1.8171e-01 -5.0930e-01 +2.3317e-01 -2.5183e-01 -1.2653e-01 +4.3300e-01 -1.9345e-02
6 0 +4.103034270e+02 +6.945234270e+02 +6.945234270e+02 +1.8723e-01 -2.5702e-01 +1.5212e-01 +1.5671e-02 +5.1476e-01 -6.3323e-02 +3.7553e-01 -3.4671e-01 +9.3874e-02 -2.1343e-01
28 0 +3.961409001e+02 +6.803609001e+02 +6.803609001e+02 +3.7049e-01 +1.9444e-01 -1.8087e-01 -5.4691e-03 +3.8112e-01 -1.7862e-01 +4.2620e-01 -4.0456e-01 -1.4963e-01 -2.4051e-01
36 0 +3.315627806e+02 +6.157827806e+02 +6.157827806e+02 +3.9885e-01 -9.9969e-02 -3.9880e-01 -2.4615e-01 -1.1536e-02 -2.2613e-01 +5.7201e-01 -7.5715e-01 +4.6630e-01 -7.8329e-01
57 0 +3.301859823e+02 +6.144059823e+02 +6.144059823e+02 +5.7123e-01 -2.8280e-01 -3.1585e-01 -5.5976e-01 -4.3305e-02 -1.7913e-01 +1.4586e-02 -1.9905e-01 +2.2332e-01 -4.5179e-01
60 0 +3.200544982e+02 +6.042744982e+02 +6.042744982e+02 +8.6019e-01 -3.2872e-01 -2.4486e-02 -5.5724e-01 -4.6290e-02 -6.9232e-02 +5.5681e-01 -1.9008e-01 -1.5039e-01 -5.3588e-01
93 0 +2.766717470e+02 +5.608917470e+02 +5.608917470e+02 +1.3885e+00 -2.7767e-01 -4.3435e-01 -5.8283e-01 -2.9846e-01 -3.8010e-01 +7.1123e-01 -2.1956e-01 +5.2440e-01 -1.0143e+00
116 0 +2.236537870e+02 +5.078737870e+02 +5.078737870e+02 +9.2871e-01 -2.4295e-01 -5.0352e-01 -7.2894e-01 +1.8670e-01 -5.4419e-01 +9.1640e-01 +2.0980e-01 +1.0703e+00 -8.5238e-01
154 0 +2.183587349e+02 +5.025787349e+02 +5.025787349e+02 +1.0660e+00 -1.8457e-01 -2.7318e-01 -3.9194e-01 +4.5158e-01 -4.6578e-01 +6.1496e-01 -6.3626e-01 +6.1815e-01 -1.0813e+00
156 0 +2.137092679e+02 +4.979292679e+02 +4.979292679e+02 +3.6894e-01 -3.7249e-02 -2.0363e-01 -2.9903e-01 +5.1130e-01 -1.0492e+00 +1.5104e+00 -9.7318e-02 +7.6110e-01 -1.3558e+00
171 0 +1.947952930e+02 +4.790152930e+02 +4.790152930e+02 +6.7675e-01 -9.2433e-02 -4.7793e-01 -8.4474e-01 +5.0986e-01 -1.0650e+00 +1.4764e+00 +4.5020e-01 +1.3373e+00 -1.4507e+00
177 0 +1.890326863e+02 +4.732526863e+02 +4.732526863e+02 +2.4989e-01 -2.0850e-01 -3.1532e-01 -5.9593e-01 +7.0875e-01 -1.1131e+00 +1.1643e+00 -2.5422e-01 +9.2256e-01 -1.4490e+00
186 0 +1.507397227e+02 +4.349597227e+02 +4.349597227e+02 -9.0168e-02 -2.1115e-01 -5.5375e-01 -4.9268e-01 +9.7565e-01 -1.2969e+00 +9.7554e-01 -1.2056e-01 +1.3851e+00 -2.0330e+00
206 0 +1.374322044e+02 +4.216522044e+02 +4.216522044e+02 +4.7313e-01 -3.1449e-01 -2.9293e-01 -4.2866e-01 +1.7946e+00 -1.6073e+00 +1.7265e+00 -1.4910e-01 +1.1522e+00 -2.2384e+00
220 0 +1.142539327e+02 +3.984739327e+02 +3.984739327e+02 +1.4629e-01 -2.7871e-01 -2.4045e-01 -5.8828e-01 +1.2596e+00 -2.1463e+00 +2.4939e+00 +2.5240e-01 +1.9854e+00 -2.4602e+00
265 0 +1.107838741e+02 +3.950038741e+02 +3.950038741e+02 +4.2849e-01 -1.7496e-01 -5.4875e-01 -5.7833e-01 +1.2436e+00 -1.8622e+00 +2.1590e+00 -6.9960e-01 +1.4244e+00 -2.5692e+00
324 0 +1.081054341e+02 +3.923254341e+02 +3.923254341e+02 -2.7871e-01 +7.6138e-02 -9.3567e-01 -5.9411e-01 +1.8109e+00 -1.5704e+00 +2.8542e+00 -2.7632e-01 +1.4126e+00 -2.5581e+00
402 0 +8.891384468e+01 +3.731338447e+02 +3.731338447e+02 -2.3514e-01 -4.3694e-01 -1.0771e+00 -5.3152e-01 +1.3504e+00 -1.5316e+00 +2.9184e+00 +1.4878e-01 +1.2411e+00 -2.9245e+00
464 0 +8.374853214e+01 +3.679685321e+02 +3.679685321e+02 -4.8583e-03 -3.6608e-01 -9.4405e-01 -5.5247e-01 +1.3162e+00 -1.8766e+00 +2.9905e+00 -2.3701e-01 +1.3251e+00 -3.1499e+00
519 0 +7.763867902e+01 +3.618586790e+02 +3.618586790e+02 +8.1423e-02 -1.9983e-01 -1.0927e+00 -4.5838e-01 +1.1644e+00 -2.0641e+00 +3.4646e+00 +1.5531e-01 +1.4434e+00 -3.1389e+00
534 0 +7.725144543e+01 +3.614714454e+02 +3.614714454e+02 -4.4069e-02 -2.7437e-01 -1.0893e+00 -5.7924e-01 +1.3332e+00 -2.1063e+00 +3.4313e+00 +2.7856e-01 +1.2957e+00 -3.2152e+00
548 0 +7.370785726e+01 +3.579278573e+02 +3.579278573e+02 +7.1277e-03 -2.7605e-01 -1.0608e+00 -4.7243e-01 +1.2700e+00 -1.8882e+00 +3.4556e+00 +2.7393e-01 +1.3729e+00 -3.2078e+00
586 0 +6.949413282e+01 +3.537141328e+02 +3.537141328e+02 -1.8412e-01 -2.5394e-01 -1.0744e+00 -6.6089e-01 +1.2145e+00 -2.1206e+00 +3.4124e+00 +1.3417e-01 +1.3715e+00 -3.2342e+00
629 0 +6.738320967e+01 +3.516032097e+02 +3.516032097e+02 +2.7623e-03 -1.6857e-01 -1.0080e+00 -5.6789e-01 +1.2105e+00 -1.8366e+00 +3.3138e+00 +4.0946e-01 +1.3444e+00 -2.9529e+00
661 0 +4.969993781e+01 +3.339199378e+02 +3.339199378e+02 -1.4348e-01 -1.9776e-01 -9.6811e-01 -5.0739e-01 +1.2223e+00 -1.8476e+00 +3.4652e+00 +4.8747e-01 +1.3597e+00 -3.1883e+00
777 0 +4.551466377e+01 +3.297346638e+02 +3.297346638e+02 -1.0337e-01 -1.8344e-01 -1.0675e+00 -5.8666e-01 +1.2156e+00 -1.9475e+00 +3.3880e+00 +4.8089e-01 +1.2666e+00 -3.1930e+00
888 0 +4.423588092e+01 +3.284558809e+02 +3.284558809e+02 -7.3579e-02 -2.1368e-01 -1.1056e+00 -5.9524e-01 +1.2283e+00 -1.9029e+00 +3.4179e+00 +4.5311e-01 +1.3933e+00 -3.1666e+00
889 0 +4.362662695e+01 +3.278466270e+02 +3.278466270e+02 -7.6099e-02 -2.2250e-01 -1.0786e+00 -6.0883e-01 +1.1981e+00 -1.8330e+00 +3.3765e+00 +4.5994e-01 +1.3626e+00 -3.1816e+00
941 0 +4.204898052e+01 +3.262689805e+02 +3.262689805e+02 -7.4722e-02 -2.0223e-01 -1.1032e+00 -5.6754e-01 +1.2370e+00 -1.8773e+00 +3.3989e+00 +4.7704e-01 +1.3818e+00 -3.1754e+00
953 0 +4.159835898e+01 +3.258183590e+02 +3.258183590e+02 -9.4412e-02 -1.8650e-01 -1.0922e+00 -5.9326e-01 +1.2386e+00 -1.8779e+00 +3.4018e+00 +4.7800e-01 +1.3925e+00 -3.1755e+00
1002 0 +4.073366903e+01 +3.249536690e+02 +3.249536690e+02 -8.5922e-02 -2.0449e-01 -1.0911e+00 -5.9222e-01 +1.2222e+00 -1.8811e+00 +3.3845e+00 +4.7707e-01 +1.3919e+00 -3.1842e+00
1133 0 +3.976672751e+01 +3.239867275e+02 +3.239867275e+02 -1.0611e-01 -2.0068e-01 -1.0873e+00 -5.8384e-01 +1.2085e+00 -1.8933e+00 +3.3875e+00 +4.7714e-01 +1.4116e+00 -3.1869e+00
1420 0 +3.889343984e+01 +3.231134398e+02 +3.231134398e+02 -9.6242e-02 -2.1200e-01 -1.0608e+00 -5.7117e-01 +1.1888e+00 -1.8864e+00 +3.3924e+00 +4.7596e-01 +1.4216e+00 -3.1880e+00
% f evaluations | g evaluations | best noise-free fitness - Fopt (-3.217000000000e+01) + sum g_i+ | measured fitness | best measured fitness or single-digit g-values | x1 | x2...
1 0 +4.126953313e+02 +3.805253313e+02 +3.805253313e+02 +0.0000e+00 +0.0000e+00 +0.0000e+00 +0.0000e+00 +0.0000e+00 +0.0000e+00 +0.0000e+00 +0.0000e+00 +0.0000e+00 +0.0000e+00
2 0 +3.978869538e+02 +3.657169538e+02 +3.657169538e+02 +4.3379e-01 +3.0692e-02 +9.8026e-02 +3.4094e-01 +2.4727e-01 +1.7369e-01 -1.1375e-01 -3.0566e-01 +1.1285e-01 -1.5359e-01
7 0 +3.476871168e+02 +3.155171168e+02 +3.155171168e+02 -2.6321e-01 +2.3560e-01 -2.9494e-01 -4.1433e-02 -2.1060e-01 +1.1878e-01 +8.3286e-02 -6.4943e-01 +2.1039e-01 -1.8282e-01
8 0 +2.954928020e+02 +2.633228020e+02 +2.633228020e+02 +6.0234e-01 +2.6527e-01 +2.8700e-01 -7.0577e-01 +5.2611e-01 +2.0125e-02 -3.9010e-01 +9.9670e-02 +3.8961e-01 -4.6269e-01
46 0 +2.911797686e+02 +2.590097686e+02 +2.590097686e+02 +4.7534e-01 -5.9638e-02 +1.2836e-01 -1.0491e-01 -3.2327e-01 +3.9347e-01 -1.7844e-01 +1.2579e-01 +7.3927e-01 -4.6855e-01
54 0 +2.358028776e+02 +2.036328776e+02 +2.036328776e+02 +3.0839e-01 -8.0628e-02 -2.7479e-01 -6.6913e-02 -6.4343e-01 +1.9362e-01 -3.4663e-01 +2.2500e-02 +5.4095e-01 -5.9853e-01
93 0 +1.815787593e+02 +1.494087593e+02 +1.494087593e+02 +9.2934e-01 +1.4559e-01 -4.3102e-01 -2.6527e-01 -9.2891e-01 +3.8013e-01 +9.8179e-02 +1.2242e-01 +1.0263e+00 -1.1459e+00
140 0 +1.545011089e+02 +1.223311089e+02 +1.223311089e+02 +3.2688e-01 +2.2643e-01 -3.5349e-01 -3.6153e-01 -1.1581e+00 +5.5600e-01 -1.7800e-01 +1.0930e+00 +1.8351e+00 -1.0292e+00
199 0 +1.495278557e+02 +1.173578557e+02 +1.173578557e+02 +4.9784e-01 +2.9991e-01 -3.8891e-01 -5.1289e-01 -6.1209e-01 +5.3770e-01 -3.3772e-01 +4.1914e-01 +1.8453e+00 -1.5049e+00
232 0 +1.427085503e+02 +1.105385503e+02 +1.105385503e+02 +6.6146e-01 +4.1865e-01 -3.7419e-01 -7.8637e-01 -6.6725e-01 +5.1064e-01 -2.0447e-01 +6.8761e-01 +2.1888e+00 -1.7551e+00
240 0 +1.367189517e+02 +1.045489517e+02 +1.045489517e+02 +6.1069e-01 +3.8748e-01 -4.2161e-01 -6.3814e-01 -7.1387e-01 +5.8791e-01 +1.0501e-01 +4.7232e-01 +2.0830e+00 -1.9045e+00
276 0 +1.289757299e+02 +9.680572991e+01 +9.680572991e+01 +5.9249e-01 +2.1690e-01 -3.1748e-01 -9.4982e-01 -7.0662e-01 +5.3011e-01 -3.1678e-01 +6.6519e-01 +2.2307e+00 -1.8983e+00
279 0 +1.034853830e+02 +7.131538302e+01 +7.131538302e+01 +5.5731e-01 +1.5173e-01 -2.7586e-01 -8.7988e-01 -7.3287e-01 +5.8498e-01 -3.0227e-01 +1.0743e+00 +2.1832e+00 -2.2696e+00
457 0 +1.015904566e+02 +6.942045660e+01 +6.942045660e+01 +4.9847e-01 +1.6084e-01 -2.8889e-01 -9.2663e-01 -7.1793e-01 +5.7673e-01 +1.1595e-01 +8.8705e-01 +2.1944e+00 -2.1511e+00
463 0 +9.750194829e+01 +6.533194829e+01 +6.533194829e+01 +5.3708e-01 +1.5187e-01 -3.3184e-01 -8.8272e-01 -6.9076e-01 +5.8063e-01 +1.1421e-01 +8.9415e-01 +2.1023e+00 -2.0432e+00
485 0 +9.295216840e+01 +6.078216840e+01 +6.078216840e+01 +4.9471e-01 +1.8445e-01 -3.6060e-01 -8.4934e-01 -7.2049e-01 +6.3836e-01 +1.1697e-01 +9.4144e-01 +2.0961e+00 -2.1014e+00
499 0 +8.955245857e+01 +5.738245857e+01 +5.738245857e+01 +4.1393e-01 +2.5551e-01 -3.9931e-01 -7.9507e-01 -5.9770e-01 +5.8579e-01 +1.7279e-01 +9.2597e-01 +2.1144e+00 -2.0817e+00
518 0 +8.644053622e+01 +5.427053622e+01 +5.427053622e+01 +4.4673e-01 +1.2458e-01 -3.1544e-01 -8.1267e-01 -6.3792e-01 +5.6187e-01 +1.5271e-01 +1.0485e+00 +2.1153e+00 -2.0976e+00
628 0 +8.489550532e+01 +5.272550532e+01 +5.272550532e+01 +4.1352e-01 +2.6527e-01 -3.6316e-01 -8.1432e-01 -6.4413e-01 +5.7172e-01 +1.4222e-01 +1.0337e+00 +2.1047e+00 -2.0755e+00
701 0 +8.096808770e+01 +4.879808770e+01 +4.879808770e+01 +4.5023e-01 +2.4963e-01 -3.5990e-01 -8.6573e-01 -5.7073e-01 +5.6102e-01 +1.2148e-01 +9.9068e-01 +2.1805e+00 -2.0966e+00
796 0 +7.926657818e+01 +4.709657818e+01 +4.709657818e+01 +4.3353e-01 +2.7685e-01 -3.8026e-01 -8.9105e-01 -6.0541e-01 +5.6930e-01 +1.4411e-01 +1.0087e+00 +2.1796e+00 -2.0964e+00
1433 0 +7.762232010e+01 +4.545232010e+01 +4.545232010e+01 +4.5044e-01 +2.2585e-01 -3.6469e-01 -8.8169e-01 -6.1299e-01 +5.6235e-01 +1.4463e-01 +9.9259e-01 +2.2111e+00 -2.1048e+00
% f evaluations | g evaluations | best noise-free fitness - Fopt (-5.858000000000e+01) + sum g_i+ | measured fitness | best measured fitness or single-digit g-values | x1 | x2...
1 0 +4.789634689e+02 +4.203834689e+02 +4.203834689e+02 +0.0000e+00 +0.0000e+00 +0.0000e+00 +0.0000e+00 +0.0000e+00 +0.0000e+00 +0.0000e+00 +0.0000e+00 +0.0000e+00 +0.0000e+00
3 0 +4.587704396e+02 +4.001904396e+02 +4.001904396e+02 +2.4817e-01 +6.3376e-02 -2.2359e-01 +8.0318e-02 +2.1275e-01 +5.3256e-02 -2.3477e-01 +7.8699e-02 +1.0710e-01 +2.4729e-01
9 0 +4.333495140e+02 +3.747695140e+02 +3.747695140e+02 +3.2075e-01 -8.8256e-02 -1.5931e-01 -1.1698e-01 -2.3584e-01 +6.5800e-02 +8.0156e-02 +3.1223e-01 +4.1734e-01 -8.7755e-02
30 0 +4.067027781e+02 +3.481227781e+02 +3.481227781e+02 +1.8038e-01 -2.0133e-01 +1.4504e-01 -9.4188e-02 -8.9672e-02 -2.0844e-01 -4.1152e-01 -2.2019e-01 +5.5024e-01 +2.1512e-01
40 0 +3.832928928e+02 +3.247128928e+02 +3.247128928e+02 +2.0106e-01 -7.3272e-01 +2.4991e-01 -1.7030e-01 -5.1797e-01 +2.8134e-01 -7.2617e-01 +2.0288e-01 +7.6192e-01 +1.6734e-01
41 0 +3.611807068e+02 +3.026007068e+02 +3.026007068e+02 +8.6469e-01 -1.0315e-01 +2.6922e-01 -4.6866e-02 -5.3839e-01 -2.4528e-01 -7.4182e-01 -2.3456e-01 +6.7775e-01 +7.8808e-01
44 0 +3.322619107e+02 +2.736819107e+02 +2.736819107e+02 +7.7682e-01 -2.0645e-01 +1.4496e-01 -1.9534e-01 -5.4219e-01 -2.2183e-01 -5.6896e-01 +6.7016e-02 +5.7284e-01 +6.0432e-01
73 0 +2.566589974e+02 +1.980789974e+02 +1.980789974e+02 +1.0522e+00 -6.7425e-01 +2.7831e-01 -1.7369e-01 -4.7861e-01 -5.2991e-01 -1.3427e+00 +2.2458e-01 +1.4932e+00 +1.3228e+00
87 0 +2.449264971e+02 +1.863464971e+02 +1.863464971e+02 +1.3665e+00 -1.2089e-01 -4.5183e-01 -6.4048e-02 -4.3311e-01 -5.2122e-01 -1.5620e+00 +1.1982e+00 +1.1613e+00 +1.0410e+00
97 0 +2.153021157e+02 +1.567221157e+02 +1.567221157e+02 +7.8955e-01 -9.5199e-02 +2.3058e-01 -2.6872e-01 -5.0818e-01 -8.6205e-01 -1.7243e+00 +7.0774e-01 +1.0742e+00 +1.5492e+00
130 0 +1.691991661e+02 +1.106191661e+02 +1.106191661e+02 +4.7596e-01 -1.1431e+00 -5.5063e-01 -8.3064e-02 -1.7806e+00 -8.2587e-01 -2.2353e+00 +1.8269e+00 +2.2479e+00 +2.7371e+00
144 0 +1.629394085e+02 +1.043594085e+02 +1.043594085e+02 +2.0168e-01 -6.9118e-01 -1.8218e-03 -1.0001e-01 -1.5438e+00 -8.2786e-01 -2.2441e+00 +1.2170e+00 +2.2541e+00 +1.9140e+00
199 0 +1.590262930e+02 +1.004462930e+02 +1.004462930e+02 -6.8829e-01 -1.0381e+00 +5.5234e-02 -2.6764e-01 -1.1043e+00 -1.4224e+00 -3.2147e+00 +1.8681e+00 +2.6087e+00 +1.9459e+00
218 0 +1.504799194e+02 +9.189991940e+01 +9.189991940e+01 -3.5903e-01 -9.5793e-01 +2.4646e-01 -1.7627e-02 -1.0125e+00 -1.6828e+00 -3.0453e+00 +1.6810e+00 +3.4714e+00 +1.7205e+00
220 0 +1.474004699e+02 +8.882046993e+01 +8.882046993e+01 -7.1841e-01 -1.3177e+00 +2.2611e-01 -1.5506e-01 -1.4798e+00 -2.3743e+00 -2.8639e+00 +2.4885e+00 +3.6445e+00 +2.0421e+00
221 0 +1.350466829e+02 +7.646668287e+01 +7.646668287e+01 -5.7366e-01 -1.0885e+00 +1.8055e-01 -2.3266e-01 -1.3877e+00 -1.9151e+00 -2.8073e+00 +2.0089e+00 +3.4403e+00 +1.6921e+00
243 0 +1.343050247e+02 +7.572502472e+01 +7.572502472e+01 -8.7170e-02 -1.3307e+00 +2.0008e-01 -1.9483e-01 -1.5840e+00 -2.2905e+00 -3.0611e+00 +1.7694e+00 +3.0770e+00 +1.7356e+00
276 0 +1.196517880e+02 +6.107178799e+01 +6.107178799e+01 -3.2606e-01 -1.6204e+00 +3.7437e-01 -4.1180e-01 -1.5994e+00 -2.3617e+00 -3.5335e+00 +2.4407e+00 +3.0293e+00 +1.6672e+00
281 0 +8.715572950e+01 +2.857572950e+01 +2.857572950e+01 -2.7363e-01 -1.5273e+00 +1.2846e-01 -3.6777e-01 -1.7763e+00 -2.2607e+00 -2.7606e+00 +1.6665e+00 +2.3543e+00 +1.0052e+00
451 0 +8.685155958e+01 +2.827155958e+01 +2.827155958e+01 -4.9568e-01 -1.7773e+00 -5.7066e-01 -1.5004e-01 -2.4655e+00 -2.6245e+00 -3.2496e+00 +2.9625e+00 +3.5597e+00 +1.2455e+00
470 0 +7.940565070e+01 +2.082565070e+01 +2.082565070e+01 +3.2160e-01 -1.7304e+00 -6.4431e-01 -8.9868e-02 -2.9983e+00 -2.8272e+00 -3.1698e+00 +2.7144e+00 +3.3876e+00 +1.3339e+00
610 0 +6.778431353e+01 +9.204313528e+00 +9.204313528e+00 -4.6294e-01 -2.4960e+00 -1.2668e+00 -1.6969e-01 -3.3466e+00 -2.9239e+00 -3.2629e+00 +3.2011e+00 +3.0493e+00 +1.0044e+00
651 0 +6.608606600e+01 +7.506065995e+00 +7.506065995e+00 -4.1220e-01 -2.5199e+00 -1.3061e+00 -5.7910e-02 -3.4375e+00 -2.8969e+00 -3.2738e+00 +3.3130e+00 +3.1000e+00 +1.0746e+00
652 0 +6.544289918e+01 +6.862899183e+00 +6.862899183e+00 -3.8624e-01 -2.5486e+00 -1.4057e+00 -1.6253e-01 -3.5123e+00 -2.9551e+00 -3.1837e+00 +3.5375e+00 +3.0938e+00 +9.9244e-01
696 0 +6.324630075e+01 +4.666300751e+00 +4.666300751e+00 -3.0848e-01 -2.6033e+00 -1.2897e+00 -1.2081e-01 -3.5107e+00 -3.0527e+00 -3.1972e+00 +3.2440e+00 +3.1160e+00 +9.6725e-01
708 0 +5.655278881e+01 -2.027211187e+00 -2.027211187e+00 -2.2744e-01 -2.5794e+00 -1.3705e+00 -1.1163e-01 -3.6595e+00 -2.8582e+00 -3.2051e+00 +3.2881e+00 +3.0150e+00 +1.0034e+00
845 0 +5.516731697e+01 -3.412683028e+00 -3.412683028e+00 -3.9266e-01 -2.5643e+00 -1.4110e+00 -1.4565e-01 -3.5904e+00 -2.8845e+00 -3.2231e+00 +3.3236e+00 +2.9647e+00 +9.9833e-01
850 0 +5.451002738e+01 -4.069972617e+00 -4.069972617e+00 -3.0484e-01 -2.5007e+00 -1.3801e+00 -1.1233e-01 -3.5591e+00 -2.8618e+00 -3.2017e+00 +3.3280e+00 +3.0415e+00 +1.0376e+00
863 0 +5.270032662e+01 -5.879673381e+00 -5.879673381e+00 -3.6837e-01 -2.5800e+00 -1.4341e+00 -1.5961e-01 -3.5749e+00 -2.9122e+00 -3.2806e+00 +3.3067e+00 +3.0780e+00 +1.0354e+00
876 0 +5.222794980e+01 -6.352050201e+00 -6.352050201e+00 -2.9197e-01 -2.5667e+00 -1.4508e+00 -1.1643e-01 -3.6216e+00 -2.8906e+00 -3.2812e+00 +3.3226e+00 +3.0664e+00 +9.8005e-01
881 0 +4.981806003e+01 -8.761939971e+00 -8.761939971e+00 -3.0304e-01 -2.5449e+00 -1.4109e+00 -1.2319e-01 -3.5851e+00 -2.8847e+00 -3.2445e+00 +3.3194e+00 +3.0393e+00 +1.0150e+00
888 0 +4.777551927e+01 -1.080448073e+01 -1.080448073e+01 -3.2017e-01 -2.5282e+00 -1.4004e+00 -1.1481e-01 -3.5647e+00 -2.9002e+00 -3.2376e+00 +3.2936e+00 +3.0687e+00 +1.0257e+00
892 0 +4.574250142e+01 -1.283749858e+01 -1.283749858e+01 -2.9390e-01 -2.5368e+00 -1.4025e+00 -1.1414e-01 -3.5891e+00 -2.8823e+00 -3.2335e+00 +3.3080e+00 +3.0565e+00 +1.0002e+00
903 0 +4.476555570e+01 -1.381444430e+01 -1.381444430e+01 -2.8884e-01 -2.5129e+00 -1.4049e+00 -9.1195e-02 -3.5937e+00 -2.8802e+00 -3.2035e+00 +3.2877e+00 +3.0475e+00 +9.9570e-01
914 0 +4.400009696e+01 -1.457990304e+01 -1.457990304e+01 -2.7932e-01 -2.5266e+00 -1.4040e+00 -9.7915e-02 -3.5884e+00 -2.8907e+00 -3.2213e+00 +3.2756e+00 +3.0664e+00 +1.0048e+00
925 0 +4.349032353e+01 -1.508967647e+01 -1.508967647e+01 -2.8884e-01 -2.5203e+00 -1.3933e+00 -1.0596e-01 -3.5795e+00 -2.8863e+00 -3.2345e+00 +3.2774e+00 +3.0714e+00 +1.0069e+00
936 0 +4.210563975e+01 -1.647436025e+01 -1.647436025e+01 -2.6561e-01 -2.5070e+00 -1.3876e+00 -8.7639e-02 -3.5723e+00 -2.8786e+00 -3.2111e+00 +3.2406e+00 +3.0894e+00 +9.9799e-01
947 0 +4.107629710e+01 -1.750370290e+01 -1.750370290e+01 -2.8315e-01 -2.5113e+00 -1.3884e+00 -8.8376e-02 -3.5644e+00 -2.8824e+00 -3.2116e+00 +3.2455e+00 +3.0894e+00 +9.9094e-01
1002 0 +4.011717443e+01 -1.846282557e+01 -1.846282557e+01 -3.1116e-01 -2.5080e+00 -1.3902e+00 -9.1571e-02 -3.5745e+00 -2.8815e+00 -3.2159e+00 +3.2562e+00 +3.0732e+00 +9.8562e-01
1012 0 +3.954858086e+01 -1.903141914e+01 -1.903141914e+01 -3.1295e-01 -2.5118e+00 -1.3925e+00 -8.9225e-02 -3.5841e+00 -2.8710e+00 -3.1926e+00 +3.2634e+00 +3.0960e+00 +9.8715e-01
1024 0 +3.871684734e+01 -1.986315266e+01 -1.986315266e+01 -3.2063e-01 -2.5233e+00 -1.4011e+00 -9.5424e-02 -3.5773e+00 -2.8886e+00 -3.2176e+00 +3.2511e+00 +3.0971e+00 +9.9240e-01
1046 0 +3.788485937e+01 -2.069514063e+01 -2.069514063e+01 -3.4093e-01 -2.5142e+00 -1.4172e+00 -9.3484e-02 -3.5788e+00 -2.8899e+00 -3.2099e+00 +3.2524e+00 +3.0965e+00 +9.9595e-01
1069 0 +3.684674566e+01 -2.173325434e+01 -2.173325434e+01 -3.6133e-01 -2.5012e+00 -1.4170e+00 -8.4980e-02 -3.5953e+00 -2.8803e+00 -3.2086e+00 +3.2474e+00 +3.0954e+00 +9.9823e-01
1169 0 +3.618733022e+01 -2.239266978e+01 -2.239266978e+01 -4.0081e-01 -2.5013e+00 -1.4151e+00 -8.5551e-02 -3.5973e+00 -2.8885e+00 -3.2037e+00 +3.2562e+00 +3.1100e+00 +1.0075e+00
1244 0 +3.532554295e+01 -2.325445705e+01 -2.325445705e+01 -3.9784e-01 -2.5115e+00 -1.4138e+00 -8.9404e-02 -3.5949e+00 -2.8796e+00 -3.2083e+00 +3.2432e+00 +3.1005e+00 +1.0003e+00
1278 0 +3.455029185e+01 -2.402970815e+01 -2.402970815e+01 -4.2537e-01 -2.5259e+00 -1.3970e+00 -9.8792e-02 -3.5962e+00 -2.8750e+00 -3.2095e+00 +3.2440e+00 +3.0980e+00 +9.9804e-01
1341 0 +3.379251683e+01 -2.478748317e+01 -2.478748317e+01 -4.2198e-01 -2.5158e+00 -1.4107e+00 -1.1101e-01 -3.6036e+00 -2.8805e+00 -3.2084e+00 +3.2409e+00 +3.1133e+00 +9.9117e-01
1619 0 +3.305760513e+01 -2.552239487e+01 -2.552239487e+01 -4.6667e-01 -2.5225e+00 -1.4095e+00 -1.3128e-01 -3.5835e+00 -2.8806e+00 -3.2045e+00 +3.2396e+00 +3.1200e+00 +9.9123e-01
% f evaluations | g evaluations | best noise-free fitness - Fopt (-6.049200000000e+02) + sum g_i+ | measured fitness | best measured fitness or single-digit g-values | x1 | x2...
1 0 +2.154003094e+02 -3.895196906e+02 -3.895196906e+02 +0.0000e+00 +0.0000e+00 +0.0000e+00 +0.0000e+00 +0.0000e+00 +0.0000e+00 +0.0000e+00 +0.0000e+00 +0.0000e+00 +0.0000e+00
12 0 +2.081592523e+02 -3.967607477e+02 -3.967607477e+02 +1.4191e-01 -6.3756e-02 -1.3501e-01 +2.3859e-02 -4.5645e-02 +8.1536e-02 +1.0473e-02 -1.4635e-01 +2.5234e-01 -5.1212e-02
13 0 +1.909035232e+02 -4.140164768e+02 -4.140164768e+02 +1.6568e-01 -7.2566e-02 +2.0962e-01 +1.1409e-01 -3.5992e-01 -2.5277e-01 -2.3406e-01 -6.7004e-01 -3.0647e-01 +4.9300e-01
28 0 +1.758353708e+02 -4.290846292e+02 -4.290846292e+02 +3.3726e-01 +9.2222e-02 -2.9851e-01 +7.2781e-02 +4.2952e-01 -5.3832e-01 +4.0458e-01 -5.9419e-01 +3.2971e-02 +3.4543e-01
30 0 +1.675115894e+02 -4.374084106e+02 -4.374084106e+02 +3.0787e-02 -3.0674e-01 -5.7019e-03 -4.2870e-02 +1.4948e-01 -4.2414e-01 -2.4333e-02 -4.7723e-01 +5.8065e-01 +3.0925e-01
41 0 +1.543486398e+02 -4.505713602e+02 -4.505713602e+02 +8.0255e-01 -1.6103e-01 +3.0100e-02 -9.1032e-02 -4.5390e-02 -6.6749e-01 -6.8978e-02 -7.2342e-01 +4.7364e-01 +6.6187e-01
51 0 +1.326341722e+02 -4.722858278e+02 -4.722858278e+02 +1.0127e+00 -4.1237e-01 -1.8671e-01 -3.6730e-01 -2.3963e-01 -8.0329e-01 +3.0776e-01 -7.0715e-01 +2.1894e-01 +3.5676e-01
111 0 +1.246631158e+02 -4.802568842e+02 -4.802568842e+02 +9.3596e-01 +5.2204e-02 -2.2201e-01 -2.1317e-01 -2.6701e-01 -8.5035e-01 -3.8378e-02 -9.4903e-01 +8.6260e-01 +6.7745e-01
127 0 +1.130068428e+02 -4.919131572e+02 -4.919131572e+02 +1.0394e+00 -2.7136e-01 -2.5632e-01 -3.3374e-01 -3.2738e-01 -1.4862e+00 -7.6148e-02 -1.5894e+00 +9.5086e-01 +8.4811e-01
197 0 +1.101363324e+02 -4.947836676e+02 -4.947836676e+02 +7.1503e-01 -8.7460e-02 -2.2585e-01 -1.6813e-01 +1.1540e-01 -1.3887e+00 -1.6553e-01 -1.2522e+00 +5.6375e-01 +2.9662e-01
248 0 +1.026948044e+02 -5.022251956e+02 -5.022251956e+02 +9.7099e-01 -1.1260e-01 -1.7008e-01 -2.9557e-01 -5.2579e-02 -1.9572e+00 -4.5551e-01 -1.7455e+00 +6.1851e-01 +6.1049e-01
281 0 +9.702521373e+01 -5.078947863e+02 -5.078947863e+02 +9.0080e-01 -1.8472e-01 -3.7383e-01 -1.4701e-01 -1.7028e-01 -1.8733e+00 -1.7011e-01 -1.7946e+00 +4.2211e-01 +4.8867e-01
295 0 +9.439583506e+01 -5.105241649e+02 -5.105241649e+02 +6.9483e-01 -3.6413e-01 -2.8834e-01 -8.3790e-02 -1.0168e-01 -1.9135e+00 -1.1172e-01 -1.6433e+00 +5.2194e-01 +4.4866e-01
329 0 +8.933455919e+01 -5.155854408e+02 -5.155854408e+02 +1.0746e+00 -1.5437e-01 -5.1844e-01 -1.2434e-01 -3.2165e-01 -1.6714e+00 -2.7617e-01 -1.6716e+00 +4.9012e-01 +5.9207e-01
354 0 +8.215250462e+01 -5.227674954e+02 -5.227674954e+02 +1.0648e+00 -1.1719e-01 -4.2352e-01 -6.4191e-02 -3.1552e-01 -1.8396e+00 -2.3389e-01 -1.6695e+00 +4.9938e-01 +5.5055e-01
364 0 +7.244013004e+01 -5.324798700e+02 -5.324798700e+02 +9.8761e-01 -3.7413e-02 -4.2922e-01 -7.3043e-02 -1.7709e-01 -1.7100e+00 -1.6285e-01 -1.7048e+00 +4.8617e-01 +6.4659e-01
386 0 +6.562635370e+01 -5.392936463e+02 -5.392936463e+02 +9.6346e-01 -8.2840e-02 -4.7191e-01 -1.1911e-01 -2.6317e-01 -1.7098e+00 -5.5983e-02 -1.6590e+00 +4.7297e-01 +5.4292e-01
421 0 +6.167756749e+01 -5.432424325e+02 -5.432424325e+02 +1.0704e+00 -8.7998e-02 -4.4347e-01 -7.9615e-02 -2.8578e-01 -1.7060e+00 -1.1831e-01 -1.6417e+00 +5.0942e-01 +5.3104e-01
525 0 +6.117313527e+01 -5.437468647e+02 -5.437468647e+02 +1.0090e+00 -1.4235e-01 -4.1271e-01 -1.2324e-01 -2.7858e-01 -1.7026e+00 -1.1853e-01 -1.6097e+00 +5.2434e-01 +5.7128e-01
566 0 +5.910374048e+01 -5.458162595e+02 -5.458162595e+02 +1.0082e+00 -1.2302e-01 -4.0842e-01 -1.1263e-01 -2.5108e-01 -1.6954e+00 -8.9983e-02 -1.6111e+00 +5.1837e-01 +5.3556e-01
573 0 +5.856048192e+01 -5.463595181e+02 -5.463595181e+02 +9.9704e-01 -1.2714e-01 -4.0658e-01 -1.1519e-01 -2.7622e-01 -1.6940e+00 -1.0717e-01 -1.6036e+00 +4.9818e-01 +5.2896e-01
580 0 +5.745156914e+01 -5.474684309e+02 -5.474684309e+02 +9.9813e-01 -1.1511e-01 -4.0014e-01 -1.2256e-01 -2.6820e-01 -1.6916e+00 -8.1899e-02 -1.6212e+00 +5.0692e-01 +5.3222e-01
606 0 +5.610754986e+01 -5.488124501e+02 -5.488124501e+02 +9.9089e-01 -1.2667e-01 -3.6113e-01 -1.0750e-01 -2.8290e-01 -1.6976e+00 -1.1381e-01 -1.6216e+00 +5.0866e-01 +5.2167e-01
642 0 +5.456541119e+01 -5.503545888e+02 -5.503545888e+02 +1.0213e+00 -1.1650e-01 -3.3139e-01 -1.1656e-01 -2.8851e-01 -1.7018e+00 -1.1259e-01 -1.6391e+00 +4.9824e-01 +5.5057e-01
738 0 +5.356666437e+01 -5.513533356e+02 -5.513533356e+02 +1.0054e+00 -9.9156e-02 -3.2542e-01 -1.0762e-01 -2.7239e-01 -1.6938e+00 -1.1774e-01 -1.6331e+00 +4.9908e-01 +5.4478e-01
% f evaluations | g evaluations | best noise-free fitness - Fopt (1.337000000000e+02) + sum g_i+ | measured fitness | best measured fitness or single-digit g-values | x1 | x2...
1 0 +2.765168316e+02 +4.102168316e+02 +4.102168316e+02 +0.0000e+00 +0.0000e+00 +0.0000e+00 +0.0000e+00 +0.0000e+00 +0.0000e+00 +0.0000e+00 +0.0000e+00 +0.0000e+00 +0.0000e+00
2 0 +2.680096255e+02 +4.017096255e+02 +4.017096255e+02 +4.3379e-01 +3.0692e-02 +9.8026e-02 +3.4094e-01 +2.4727e-01 +1.7369e-01 -1.1375e-01 -3.0566e-01 +1.1285e-01 -1.5359e-01
3 0 +2.609751053e+02 +3.946751053e+02 +3.946751053e+02 +2.4817e-01 +6.3376e-02 -2.2359e-01 +8.0318e-02 +2.1275e-01 +5.3256e-02 -2.3477e-01 +7.8699e-02 +1.0710e-01 +2.4729e-01
5 0 +2.530819224e+02 +3.867819224e+02 +3.867819224e+02 -9.0564e-02 +8.4424e-02 -2.8183e-02 -1.8777e-01 +7.4957e-02 +6.4105e-01 +2.7589e-01 +1.3137e-01 +7.7185e-02 +2.3934e-01
7 0 +2.320824986e+02 +3.657824986e+02 +3.657824986e+02 -2.6321e-01 +2.3560e-01 -2.9494e-01 -4.1433e-02 -2.1060e-01 +1.1878e-01 +8.3286e-02 -6.4943e-01 +2.1039e-01 -1.8282e-01
22 0 +2.057588472e+02 +3.394588472e+02 +3.394588472e+02 +4.8615e-01 +1.1273e-01 -1.4142e-01 -2.1077e-01 -2.0686e-01 +3.1405e-02 -3.4945e-01 -6.9067e-01 +4.5694e-01 +4.3684e-01
38 0 +2.035602780e+02 +3.372602780e+02 +3.372602780e+02 +4.8520e-01 +3.2524e-02 -3.5604e-01 +2.6521e-01 +1.5325e-01 +1.5621e-02 -3.9706e-02 -2.5598e-01 +5.7509e-01 +6.1728e-01
46 0 +1.893491085e+02 +3.230491085e+02 +3.230491085e+02 +6.8018e-01 -4.7142e-02 -9.5047e-02 +1.1209e-01 -2.0488e-01 +1.2691e-01 +6.3325e-02 -5.1033e-01 +8.4382e-01 +3.5333e-01
49 0 +1.651172464e+02 +2.988172464e+02 +2.988172464e+02 +5.7990e-01 +6.4391e-02 -3.2728e-01 -3.5907e-02 -1.9339e-01 -2.6058e-02 -4.6495e-03 -5.5542e-01 +9.0564e-01 +6.2043e-01
89 0 +1.596658493e+02 +2.933658493e+02 +2.933658493e+02 +6.1054e-01 +4.9953e-01 -7.0369e-01 -5.5566e-02 -5.2855e-01 +1.1156e-01 +2.3003e-01 -8.4066e-01 +9.0027e-01 +1.0328e+00
109 0 +1.479409488e+02 +2.816409488e+02 +2.816409488e+02 +8.0876e-01 +5.3603e-01 -8.2525e-01 -6.3600e-02 -5.6713e-01 -1.8706e-01 +5.8360e-01 -1.0222e+00 +1.4298e+00 +1.3163e+00
149 0 +1.259579201e+02 +2.596579201e+02 +2.596579201e+02 +5.6953e-01 +8.8959e-01 -1.1157e+00 +1.6883e-03 -8.9239e-01 -8.1154e-02 +6.3634e-01 -1.1215e+00 +9.0898e-01 +1.3954e+00
210 0 +1.197711506e+02 +2.534711506e+02 +2.534711506e+02 +5.7457e-01 +7.5653e-01 -1.2308e+00 -7.1446e-02 -6.5581e-01 -7.5208e-02 +5.3155e-01 -1.0199e+00 +1.1165e+00 +1.3904e+00
254 0 +1.155963288e+02 +2.492963288e+02 +2.492963288e+02 +5.8675e-01 +9.3040e-01 -1.3616e+00 -9.8813e-02 -5.7584e-01 -7.5211e-02 +5.8389e-01 -1.1440e+00 +1.3842e+00 +1.3752e+00
430 0 +1.103903569e+02 +2.440903569e+02 +2.440903569e+02 +5.4925e-01 +9.8962e-01 -1.5365e+00 -1.0893e-01 -5.8874e-01 +1.7151e-02 +9.4277e-01 -1.0407e+00 +1.4393e+00 +1.5881e+00
518 0 +1.047238112e+02 +2.384238112e+02 +2.384238112e+02 +6.8955e-01 +9.1665e-01 -1.6499e+00 -1.2546e-01 -6.6802e-01 -3.7162e-02 +1.0348e+00 -1.0525e+00 +1.4342e+00 +1.4315e+00
549 0 +1.024469509e+02 +2.361469509e+02 +2.361469509e+02 +7.1024e-01 +9.3724e-01 -1.7331e+00 -9.6303e-02 -7.0468e-01 -4.9862e-02 +9.9267e-01 -1.0336e+00 +1.3714e+00 +1.3769e+00
557 0 +1.020006876e+02 +2.357006876e+02 +2.357006876e+02 +7.3301e-01 +8.8915e-01 -1.7575e+00 -5.6335e-02 -6.3365e-01 -1.6109e-01 +9.8112e-01 -1.0227e+00 +1.4594e+00 +1.4542e+00
562 0 +9.664602748e+01 +2.303460275e+02 +2.303460275e+02 +6.9448e-01 +9.2572e-01 -1.7388e+00 -1.0227e-01 -6.5316e-01 -1.0604e-01 +9.7492e-01 -1.0690e+00 +1.4723e+00 +1.4454e+00
587 0 +9.456350049e+01 +2.282635005e+02 +2.282635005e+02 +5.9904e-01 +1.0070e+00 -1.7517e+00 -9.8385e-02 -6.0718e-01 -1.2267e-01 +9.7685e-01 -1.0923e+00 +1.4368e+00 +1.4379e+00
606 0 +9.286978804e+01 +2.265697880e+02 +2.265697880e+02 +6.5192e-01 +9.7197e-01 -1.7081e+00 -9.9846e-02 -6.9649e-01 -6.6351e-02 +9.5464e-01 -1.0550e+00 +1.4627e+00 +1.4032e+00
617 0 +9.057601135e+01 +2.242760113e+02 +2.242760113e+02 +6.4642e-01 +9.8610e-01 -1.7304e+00 -1.0515e-01 -6.8685e-01 -5.0209e-02 +9.7803e-01 -1.0459e+00 +1.4546e+00 +1.4125e+00
672 0 +8.812521536e+01 +2.218252154e+02 +2.218252154e+02 +6.7700e-01 +9.8886e-01 -1.7510e+00 -1.0371e-01 -6.5360e-01 -3.5615e-02 +9.4844e-01 -1.0412e+00 +1.4595e+00 +1.4203e+00
719 0 +8.707073976e+01 +2.207707398e+02 +2.207707398e+02 +7.0106e-01 +9.9756e-01 -1.7472e+00 -1.1978e-01 -6.1230e-01 -3.7872e-02 +9.5364e-01 -1.0573e+00 +1.4251e+00 +1.3872e+00
771 0 +8.490609006e+01 +2.186060901e+02 +2.186060901e+02 +6.5919e-01 +9.8380e-01 -1.7501e+00 -1.2854e-01 -6.1309e-01 -5.3020e-02 +9.6081e-01 -1.0421e+00 +1.4373e+00 +1.3987e+00
1032 0 +8.315226288e+01 +2.168522629e+02 +2.168522629e+02 +6.0629e-01 +9.7146e-01 -1.7835e+00 -1.5803e-01 -5.9824e-01 -3.1713e-02 +9.6118e-01 -1.0437e+00 +1.4387e+00 +1.3840e+00
% f evaluations | g evaluations | best noise-free fitness - Fopt (-2.098000000000e+01) + sum g_i+ | measured fitness | best measured fitness or single-digit g-values | x1 | x2...
1 0 +5.101331986e+02 +4.891531986e+02 +4.891531986e+02 +0.0000e+00 +0.0000e+00 +0.0000e+00 +0.0000e+00 +0.0000e+00 +0.0000e+00 +0.0000e+00 +0.0000e+00 +0.0000e+00 +0.0000e+00
3 0 +4.835668516e+02 +4.625868516e+02 +4.625868516e+02 +2.4817e-01 +6.3376e-02 -2.2359e-01 +8.0318e-02 +2.1275e-01 +5.3256e-02 -2.3477e-01 +7.8699e-02 +1.0710e-01 +2.4729e-01
10 0 +4.715056186e+02 +4.505256186e+02 +4.505256186e+02 +3.2216e-01 -3.3442e-01 +1.9285e-01 -3.1559e-01 -1.5896e-01 +1.8278e-01 -2.1053e-01 +1.4883e-01 -4.2076e-01 -2.0280e-01
13 0 +4.651602566e+02 +4.441802566e+02 +4.441802566e+02 +2.4520e-01 +3.1290e-02 +2.9604e-01 +1.5795e-01 -2.3722e-01 -2.0556e-02 -3.2119e-01 -5.4891e-01 -5.6575e-01 +5.1672e-01
25 0 +4.106279654e+02 +3.896479654e+02 +3.896479654e+02 +3.1612e-01 +2.3245e-01 -5.3425e-02 +1.3153e-01 +4.7926e-01 +6.9998e-01 -8.1223e-01 +1.9910e-01 -2.7057e-01 +6.4934e-01
27 0 +3.989391729e+02 +3.779591729e+02 +3.779591729e+02 +7.7144e-02 +1.9087e-01 -4.2963e-01 +7.3518e-02 +4.3942e-02 +3.5684e-01 -9.1127e-03 -8.2976e-02 -9.6557e-01 +5.6974e-01
37 0 +3.824210998e+02 +3.614410998e+02 +3.614410998e+02 +4.6702e-01 +1.8772e-01 -6.5906e-01 +3.7240e-02 -6.6304e-02 +6.4762e-02 -4.0731e-02 -1.9134e-01 -1.0668e+00 +6.9602e-01
50 0 +3.475856111e+02 +3.266056111e+02 +3.266056111e+02 +1.0671e+00 +4.2039e-01 -3.0272e-01 +5.2037e-01 +5.2255e-01 +8.5073e-03 -1.8377e-01 +4.7146e-01 -7.3958e-01 +9.7542e-01
61 0 +3.282935573e+02 +3.073135573e+02 +3.073135573e+02 +1.2770e+00 -4.5659e-02 -7.2948e-01 +6.4993e-01 +5.3461e-01 +2.0577e-01 -8.2598e-01 +9.1684e-01 -9.7820e-01 +1.1023e+00
73 0 +3.206459980e+02 +2.996659980e+02 +2.996659980e+02 +1.0845e+00 +1.1243e-02 -9.7318e-02 +5.9987e-01 +3.9845e-01 -1.3302e-01 -8.5661e-01 +7.9181e-01 -2.8709e-01 +1.6700e+00
74 0 +2.967493579e+02 +2.757693579e+02 +2.757693579e+02 +1.4906e+00 +6.9547e-01 -7.2700e-01 +3.5724e-01 -5.1896e-01 +4.2168e-01 -7.9577e-01 +9.8682e-01 -9.7245e-01 +1.7148e+00
79 0 +2.634073201e+02 +2.424273201e+02 +2.424273201e+02 +5.4895e-01 +3.6248e-01 -1.1935e-01 +1.2699e+00 +9.5389e-02 -2.1567e-01 -7.3135e-01 +6.3541e-01 -1.1200e+00 +2.0229e+00
81 0 +2.397381836e+02 +2.187581836e+02 +2.187581836e+02 +1.4483e+00 +1.0939e+00 -3.7870e-01 +1.0869e+00 +4.8167e-02 +9.2287e-01 -1.4494e+00 +1.1756e+00 -1.2016e+00 +1.9515e+00
87 0 +2.265441906e+02 +2.055641906e+02 +2.055641906e+02 +1.7777e+00 +8.4177e-01 -1.1804e+00 +1.0892e+00 +3.6567e-01 -1.3054e-01 -1.1288e+00 +1.8725e+00 -1.0394e+00 +1.6688e+00
97 0 +2.205112189e+02 +1.995312189e+02 +1.995312189e+02 +1.2326e+00 +8.4496e-01 -3.4712e-01 +8.7813e-01 +2.7305e-01 -2.8710e-01 -1.2383e+00 +1.7088e+00 -1.4912e+00 +2.1721e+00
99 0 +1.610024950e+02 +1.400224950e+02 +1.400224950e+02 +2.0836e+00 +9.4981e-01 -5.6668e-01 +1.4945e+00 -2.0957e-01 -2.6494e-01 -1.8685e+00 +1.4216e+00 -1.8121e+00 +2.8883e+00
115 0 +1.440654405e+02 +1.230854405e+02 +1.230854405e+02 +1.9621e+00 +2.0861e+00 -8.2367e-01 +2.4064e+00 -3.8436e-02 +2.9987e-01 -1.7984e+00 +2.5985e+00 -1.7041e+00 +4.1091e+00
129 0 +1.387157437e+02 +1.177357437e+02 +1.177357437e+02 +2.1345e+00 +9.9067e-01 -1.1162e+00 +1.5099e+00 -3.1063e-01 +8.6118e-02 -2.1128e+00 +1.7572e+00 -2.3803e+00 +3.5309e+00
132 0 +1.304538003e+02 +1.094738003e+02 +1.094738003e+02 +1.9898e+00 +1.0630e+00 -1.0734e+00 +1.6825e+00 -5.5921e-01 -1.5788e-01 -2.1448e+00 +2.2429e+00 -1.8950e+00 +3.4192e+00
173 0 +1.241035695e+02 +1.031235695e+02 +1.031235695e+02 +2.1292e+00 +1.0677e+00 -6.3209e-01 +1.3276e+00 +1.8900e-01 -9.6352e-02 -2.1583e+00 +2.3896e+00 -2.8155e+00 +3.8086e+00
188 0 +1.215282139e+02 +1.005482139e+02 +1.005482139e+02 +1.7249e+00 +9.8983e-01 -5.1357e-01 +1.6602e+00 +5.3879e-01 -5.2795e-01 -1.8339e+00 +2.5383e+00 -2.4456e+00 +3.9612e+00
193 0 +1.128623745e+02 +9.188237454e+01 +9.188237454e+01 +1.9002e+00 +6.9784e-01 -5.6095e-01 +1.7640e+00 +3.9444e-01 -2.0460e-01 -3.0114e+00 +3.0584e+00 -2.8174e+00 +4.1455e+00
202 0 +1.013179084e+02 +8.033790835e+01 +8.033790835e+01 +1.3257e+00 +8.3674e-01 -1.0956e+00 +1.5412e+00 +8.5351e-01 -5.1143e-01 -1.7799e+00 +3.0318e+00 -2.3391e+00 +4.2451e+00
206 0 +9.876012525e+01 +7.778012525e+01 +7.778012525e+01 +2.0638e+00 +6.6627e-01 -4.6433e-01 +1.7889e+00 +1.3230e+00 -7.8357e-01 -1.8206e+00 +2.7071e+00 -2.6097e+00 +3.5441e+00
266 0 +9.007679305e+01 +6.909679305e+01 +6.909679305e+01 +2.1048e+00 +3.2799e-01 -7.6313e-01 +1.5812e+00 +1.9519e-02 -7.0675e-01 -2.1914e+00 +2.7232e+00 -2.1126e+00 +4.1320e+00
270 0 +8.664864663e+01 +6.566864663e+01 +6.566864663e+01 +1.9015e+00 +1.0216e+00 -1.0421e+00 +1.8523e+00 +7.4873e-01 -6.9449e-01 -1.6583e+00 +2.3537e+00 -1.7177e+00 +4.0997e+00
279 0 +8.478601464e+01 +6.380601464e+01 +6.380601464e+01 +1.9600e+00 +8.4955e-01 -8.0726e-01 +1.9425e+00 +7.3247e-01 -6.3661e-01 -2.0737e+00 +3.3608e+00 -2.5035e+00 +3.8040e+00
302 0 +8.263258594e+01 +6.165258594e+01 +6.165258594e+01 +2.2840e+00 +9.6044e-01 -9.9718e-01 +1.7834e+00 +9.1606e-01 -6.5006e-01 -2.0593e+00 +2.9791e+00 -2.2252e+00 +4.5336e+00
413 0 +7.873885515e+01 +5.775885515e+01 +5.775885515e+01 +1.8244e+00 +9.2718e-01 -1.1752e+00 +1.9483e+00 +8.9988e-01 -5.3258e-01 -1.8256e+00 +3.0677e+00 -2.4798e+00 +4.4480e+00
433 0 +7.612245431e+01 +5.514245431e+01 +5.514245431e+01 +1.9211e+00 +9.7993e-01 -1.1677e+00 +1.9672e+00 +9.7205e-01 -6.8647e-01 -1.7994e+00 +3.3777e+00 -2.4860e+00 +4.4817e+00
611 0 +7.546766055e+01 +5.448766055e+01 +5.448766055e+01 +1.9191e+00 +1.0545e+00 -1.1319e+00 +1.9173e+00 +7.8867e-01 -5.7459e-01 -1.8056e+00 +3.0233e+00 -2.1512e+00 +4.0206e+00
620 0 +7.372499723e+01 +5.274499723e+01 +5.274499723e+01 +1.8838e+00 +9.8367e-01 -1.1104e+00 +1.8887e+00 +7.7874e-01 -5.7765e-01 -1.7618e+00 +3.0186e+00 -2.1816e+00 +4.0696e+00
622 0 +7.032087634e+01 +4.934087634e+01 +4.934087634e+01 +1.9218e+00 +1.0037e+00 -1.2292e+00 +1.9111e+00 +8.1072e-01 -6.8218e-01 -1.7701e+00 +3.0625e+00 -2.1442e+00 +4.1194e+00
625 0 +6.478401458e+01 +4.380401458e+01 +4.380401458e+01 +1.9487e+00 +1.0567e+00 -1.1018e+00 +1.9170e+00 +7.7607e-01 -7.0094e-01 -1.8134e+00 +3.0515e+00 -2.1475e+00 +4.1327e+00
640 0 +6.344422498e+01 +4.246422498e+01 +4.246422498e+01 +2.0130e+00 +9.8710e-01 -1.1768e+00 +1.8794e+00 +7.6951e-01 -7.0203e-01 -1.8371e+00 +3.0538e+00 -2.1363e+00 +4.1057e+00
647 0 +6.198365292e+01 +4.100365292e+01 +4.100365292e+01 +1.9265e+00 +1.0183e+00 -1.1917e+00 +1.9015e+00 +7.8184e-01 -6.0535e-01 -1.7964e+00 +3.0443e+00 -2.1299e+00 +4.1149e+00
677 0 +6.129017990e+01 +4.031017990e+01 +4.031017990e+01 +1.9011e+00 +9.7910e-01 -1.1863e+00 +1.9461e+00 +7.7080e-01 -6.1898e-01 -1.7684e+00 +2.9898e+00 -2.1188e+00 +4.1843e+00
694 0 +6.009046986e+01 +3.911046986e+01 +3.911046986e+01 +1.9618e+00 +1.0097e+00 -1.1543e+00 +1.9487e+00 +7.9566e-01 -6.5471e-01 -1.7493e+00 +3.0087e+00 -2.1455e+00 +4.1527e+00
738 0 +5.822454312e+01 +3.724454312e+01 +3.724454312e+01 +1.9533e+00 +1.0416e+00 -1.1358e+00 +1.9334e+00 +8.0653e-01 -6.3530e-01 -1.7504e+00 +2.9904e+00 -2.1330e+00 +4.1448e+00
742 0 +5.677085690e+01 +3.579085690e+01 +3.579085690e+01 +1.9804e+00 +9.9813e-01 -1.1049e+00 +1.9245e+00 +8.4818e-01 -6.4140e-01 -1.7940e+00 +3.0133e+00 -2.1492e+00 +4.1673e+00
765 0 +5.301687162e+01 +3.203687162e+01 +3.203687162e+01 +1.9918e+00 +1.0129e+00 -1.1631e+00 +1.8856e+00 +8.1571e-01 -6.5380e-01 -1.7882e+00 +2.9948e+00 -2.1225e+00 +4.1350e+00
804 0 +5.195857627e+01 +3.097857627e+01 +3.097857627e+01 +1.9740e+00 +1.0170e+00 -1.1480e+00 +1.8952e+00 +8.0096e-01 -6.2944e-01 -1.8030e+00 +2.9846e+00 -2.1297e+00 +4.1485e+00
864 0 +5.007927571e+01 +2.909927571e+01 +2.909927571e+01 +2.0193e+00 +1.0160e+00 -1.1679e+00 +1.8753e+00 +8.1993e-01 -5.9213e-01 -1.8201e+00 +2.9955e+00 -2.1417e+00 +4.1740e+00
1012 0 +4.894932592e+01 +2.796932592e+01 +2.796932592e+01 +2.0014e+00 +9.9954e-01 -1.1434e+00 +1.8722e+00 +8.1254e-01 -5.7867e-01 -1.8084e+00 +2.9855e+00 -2.1225e+00 +4.1676e+00
1159 0 +4.779271800e+01 +2.681271800e+01 +2.681271800e+01 +2.0315e+00 +1.0039e+00 -1.1581e+00 +1.8559e+00 +7.9450e-01 -5.6278e-01 -1.8227e+00 +2.9804e+00 -2.1276e+00 +4.1686e+00
1282 0 +4.667454157e+01 +2.569454157e+01 +2.569454157e+01 +2.0417e+00 +1.0040e+00 -1.1437e+00 +1.8462e+00 +7.8676e-01 -5.3170e-01 -1.8118e+00 +2.9835e+00 -2.1342e+00 +4.1602e+00
1425 0 +4.567275035e+01 +2.469275035e+01 +2.469275035e+01 +2.0733e+00 +9.9491e-01 -1.1428e+00 +1.8167e+00 +7.9284e-01 -5.0812e-01 -1.8149e+00 +2.9845e+00 -2.1211e+00 +4.1661e+00
1687 0 +4.462077928e+01 +2.364077928e+01 +2.364077928e+01 +2.0587e+00 +1.0016e+00 -1.1363e+00 +1.7615e+00 +8.1539e-01 -5.0701e-01 -1.8169e+00 +2.9878e+00 -2.1213e+00 +4.1586e+00
1800 0 +4.350650930e+01 +2.252650930e+01 +2.252650930e+01 +2.0581e+00 +1.0180e+00 -1.1428e+00 +1.7035e+00 +8.1552e-01 -4.9908e-01 -1.8153e+00 +2.9861e+00 -2.1254e+00 +4.1473e+00
1822 0 +4.253203284e+01 +2.155203284e+01 +2.155203284e+01 +2.0608e+00 +1.0193e+00 -1.1395e+00 +1.6622e+00 +8.0196e-01 -5.0683e-01 -1.8217e+00 +2.9837e+00 -2.1307e+00 +4.1480e+00
1872 0 +4.143916972e+01 +2.045916972e+01 +2.045916972e+01 +2.0594e+00 +1.0294e+00 -1.1407e+00 +1.5827e+00 +8.0441e-01 -4.9270e-01 -1.8199e+00 +2.9917e+00 -2.1155e+00 +4.1458e+00
% f evaluations | g evaluations | best noise-free fitness - Fopt (1.353300000000e+02) + sum g_i+ | measured fitness | best measured fitness or single-digit g-values | x1 | x2...
1 0 +5.310119462e+02 +6.663419462e+02 +6.663419462e+02 +0.0000e+00 +0.0000e+00 +0.0000e+00 +0.0000e+00 +0.0000e+00 +0.0000e+00 +0.0000e+00 +0.0000e+00 +0.0000e+00 +0.0000e+00
2 0 +5.129493168e+02 +6.482793168e+02 +6.482793168e+02 +4.3379e-01 +3.0692e-02 +9.8026e-02 +3.4094e-01 +2.4727e-01 +1.7369e-01 -1.1375e-01 -3.0566e-01 +1.1285e-01 -1.5359e-01
6 0 +5.087172967e+02 +6.440472967e+02 +6.440472967e+02 +1.8723e-01 -2.5702e-01 +1.5212e-01 +1.5671e-02 +5.1476e-01 -6.3323e-02 +3.7553e-01 -3.4671e-01 +9.3874e-02 -2.1343e-01
8 0 +4.324262236e+02 +5.677562236e+02 +5.677562236e+02 +6.0234e-01 +2.6527e-01 +2.8700e-01 -7.0577e-01 +5.2611e-01 +2.0125e-02 -3.9010e-01 +9.9670e-02 +3.8961e-01 -4.6269e-01
21 0 +3.956138794e+02 +5.309438794e+02 +5.309438794e+02 +7.7234e-01 +4.5274e-01 +1.6287e-01 +2.5202e-01 +4.4834e-01 +2.4032e-01 -5.2068e-01 -1.1237e-01 -6.5614e-01 -5.4054e-01
32 0 +3.513815217e+02 +4.867115217e+02 +4.867115217e+02 +5.7092e-01 -2.0462e-01 -2.3636e-01 -2.7263e-01 +2.1984e-01 +1.9988e-01 -4.5826e-02 +4.2444e-01 -7.2505e-01 -5.3203e-01
142 0 +3.433816456e+02 +4.787116456e+02 +4.787116456e+02 +7.8978e-01 +2.0264e-01 -4.3466e-01 -2.4426e-01 -3.4873e-01 -7.4490e-02 +6.2074e-01 +2.8235e-01 -1.2222e+00 -4.5377e-01
143 0 +3.033103011e+02 +4.386403011e+02 +4.386403011e+02 +4.2027e-01 -5.7559e-02 +4.7345e-02 -2.0868e-01 -5.4211e-02 -1.8065e-01 +5.0473e-01 +6.2455e-01 -7.2868e-01 -6.8984e-01
168 0 +2.919306384e+02 +4.272606384e+02 +4.272606384e+02 -9.7924e-02 -2.1074e-02 +1.2061e-01 -2.1057e-01 +1.6362e-01 -1.1194e-01 +2.2429e-01 +3.6763e-01 -7.3623e-01 -9.1078e-01
191 0 +2.534548526e+02 +3.887848526e+02 +3.887848526e+02 +1.3831e-02 -3.4568e-01 +3.1392e-01 -6.6906e-01 +6.6434e-01 -5.1683e-01 +4.4020e-02 +5.1629e-01 -6.4855e-01 -1.0955e+00
206 0 +2.440669601e+02 +3.793969601e+02 +3.793969601e+02 +3.8805e-01 -2.3168e-01 +1.8204e-01 -2.6966e-01 +7.2371e-01 -4.1894e-01 +6.0054e-01 +6.5596e-01 -9.1200e-01 -1.1039e+00
222 0 +2.145920349e+02 +3.499220349e+02 +3.499220349e+02 +4.2725e-01 +2.5099e-03 +1.3779e-01 -6.8470e-01 +8.0725e-01 -4.4271e-01 +4.4375e-01 +2.8238e-01 -5.1602e-01 -1.3270e+00
223 0 +1.960379506e+02 +3.313679506e+02 +3.313679506e+02 +6.0652e-01 -7.3569e-02 +2.0086e-01 -6.8758e-01 +1.5947e-01 -6.3464e-01 +3.9562e-01 +2.5216e-01 -9.8752e-01 -1.4858e+00
226 0 +1.933183373e+02 +3.286483373e+02 +3.286483373e+02 -1.3174e-01 -3.2529e-02 +3.9844e-01 -7.7371e-01 +7.1935e-01 -7.1516e-01 +8.1790e-01 +6.3996e-01 -7.1200e-01 -1.6223e+00
280 0 +1.707563319e+02 +3.060863319e+02 +3.060863319e+02 +5.3533e-01 -1.5995e-01 +2.2152e-01 -1.1286e+00 +5.7061e-01 -6.3731e-01 +5.2619e-01 +8.7888e-01 -1.2692e+00 -1.9643e+00
334 0 +1.547622519e+02 +2.900922519e+02 +2.900922519e+02 +5.1539e-01 -1.1592e-01 +2.0284e-01 -1.1811e+00 +9.3072e-02 -5.6325e-01 +2.8472e-01 +8.9819e-01 -1.1606e+00 -1.8249e+00
345 0 +1.485736585e+02 +2.839036585e+02 +2.839036585e+02 +3.9584e-01 -2.1197e-01 +1.0033e-03 -1.1675e+00 +1.4073e-01 -6.8449e-01 +8.6545e-01 +1.0178e+00 -1.7799e+00 -1.6090e+00
361 0 +1.416181779e+02 +2.769481779e+02 +2.769481779e+02 +4.2070e-01 -1.3880e-01 +2.1726e-01 -1.3240e+00 +7.0001e-01 -7.1132e-01 +1.2057e-01 +9.9775e-01 -1.6481e+00 -1.9497e+00
394 0 +1.256713321e+02 +2.610013321e+02 +2.610013321e+02 +2.8282e-01 -1.7850e-01 +2.3044e-01 -1.3768e+00 +7.1982e-01 -5.4877e-01 +2.9550e-01 +7.8107e-01 -2.0819e+00 -2.4685e+00
438 0 +1.205815071e+02 +2.559115071e+02 +2.559115071e+02 +4.7593e-01 -3.2809e-01 +1.2045e-01 -1.2951e+00 +7.0453e-01 -6.3350e-01 +3.7983e-02 +1.0059e+00 -1.6786e+00 -2.1015e+00
472 0 +1.076090826e+02 +2.429390826e+02 +2.429390826e+02 +4.7649e-01 -6.5001e-01 +2.9154e-01 -1.2593e+00 +7.6770e-01 -6.2056e-01 +2.4795e-01 +9.4295e-01 -1.7286e+00 -2.5088e+00
614 0 +1.069699544e+02 +2.422999544e+02 +2.422999544e+02 +4.6290e-01 -6.3998e-01 +2.5430e-01 -1.4329e+00 +6.7002e-01 -6.5046e-01 +2.7143e-01 +1.2957e+00 -1.7698e+00 -2.8048e+00
622 0 +1.038966680e+02 +2.392266680e+02 +2.392266680e+02 +4.3916e-01 -6.8135e-01 +1.2919e-01 -1.3793e+00 +7.3196e-01 -6.4293e-01 +2.4297e-01 +1.1785e+00 -1.7843e+00 -2.7702e+00
642 0 +1.022024891e+02 +2.375324891e+02 +2.375324891e+02 +5.0974e-01 -6.5411e-01 +2.1971e-01 -1.3680e+00 +6.8608e-01 -5.8506e-01 +2.7825e-01 +1.1392e+00 -1.7880e+00 -2.7758e+00
644 0 +9.521250622e+01 +2.305425062e+02 +2.305425062e+02 +4.9921e-01 -7.8466e-01 +1.5840e-01 -1.3706e+00 +6.8160e-01 -6.1922e-01 +3.7486e-01 +1.3666e+00 -1.8278e+00 -2.8240e+00
686 0 +9.068994423e+01 +2.260199442e+02 +2.260199442e+02 +5.1863e-01 -7.7548e-01 +2.2146e-01 -1.3136e+00 +8.0406e-01 -5.7610e-01 +2.5785e-01 +1.3675e+00 -1.7639e+00 -2.8112e+00
688 0 +8.707544444e+01 +2.224054444e+02 +2.224054444e+02 +4.7090e-01 -8.0354e-01 +1.1094e-01 -1.3698e+00 +6.9408e-01 -5.0509e-01 +3.6935e-01 +1.3877e+00 -1.6624e+00 -2.7834e+00
727 0 +7.959221039e+01 +2.149222104e+02 +2.149222104e+02 +5.5636e-01 -7.9933e-01 +1.5329e-01 -1.3511e+00 +7.6199e-01 -5.4091e-01 +2.6885e-01 +1.4128e+00 -1.7898e+00 -2.8001e+00
729 0 +7.538146940e+01 +2.107114694e+02 +2.107114694e+02 +5.5181e-01 -8.4757e-01 +1.0944e-01 -1.4168e+00 +7.6204e-01 -5.6139e-01 +2.6841e-01 +1.5217e+00 -1.8562e+00 -2.8016e+00
749 0 +7.378583364e+01 +2.091158336e+02 +2.091158336e+02 +5.1656e-01 -8.4376e-01 +1.4406e-01 -1.4290e+00 +7.6354e-01 -5.4833e-01 +2.6698e-01 +1.4927e+00 -1.8451e+00 -2.7809e+00
761 0 +7.176928746e+01 +2.070992875e+02 +2.070992875e+02 +4.9626e-01 -9.4256e-01 +1.3040e-01 -1.3798e+00 +7.4832e-01 -5.8622e-01 +3.0081e-01 +1.4878e+00 -1.6941e+00 -2.7097e+00
771 0 +7.039122588e+01 +2.057212259e+02 +2.057212259e+02 +4.8418e-01 -8.9057e-01 +1.0755e-01 -1.4387e+00 +7.4165e-01 -5.8473e-01 +2.8801e-01 +1.4716e+00 -1.7925e+00 -2.7639e+00
782 0 +6.894430167e+01 +2.042743017e+02 +2.042743017e+02 +5.1145e-01 -8.9550e-01 +1.1438e-01 -1.4321e+00 +7.3613e-01 -5.7306e-01 +2.6706e-01 +1.4968e+00 -1.8126e+00 -2.7642e+00
791 0 +6.747756584e+01 +2.028075658e+02 +2.028075658e+02 +4.7463e-01 -9.1608e-01 +1.1800e-01 -1.4384e+00 +7.2376e-01 -6.0774e-01 +2.6982e-01 +1.5328e+00 -1.7770e+00 -2.7712e+00
818 0 +6.558016855e+01 +2.009101685e+02 +2.009101685e+02 +4.6323e-01 -8.8004e-01 +1.2827e-01 -1.4354e+00 +7.4466e-01 -6.0407e-01 +2.7425e-01 +1.4742e+00 -1.6692e+00 -2.7663e+00
860 0 +6.416759565e+01 +1.994975957e+02 +1.994975957e+02 +5.4665e-01 -8.8257e-01 +1.3020e-01 -1.4202e+00 +7.4548e-01 -5.8145e-01 +2.8136e-01 +1.5087e+00 -1.6865e+00 -2.7609e+00
941 0 +6.307192725e+01 +1.984019272e+02 +1.984019272e+02 +5.5269e-01 -8.8782e-01 +1.3512e-01 -1.4114e+00 +7.4049e-01 -5.7367e-01 +2.5293e-01 +1.5089e+00 -1.6676e+00 -2.7717e+00
% f evaluations | g evaluations | best noise-free fitness - Fopt (4.066000000000e+01) + sum g_i+ | measured fitness | best measured fitness or single-digit g-values | x1 | x2...
1 0 +3.571344595e+02 +3.977944595e+02 +3.977944595e+02 +0.0000e+00 +0.0000e+00 +0.0000e+00 +0.0000e+00 +0.0000e+00 +0.0000e+00 +0.0000e+00 +0.0000e+00 +0.0000e+00 +0.0000e+00
2 0 +3.438414540e+02 +3.845014540e+02 +3.845014540e+02 +4.3379e-01 +3.0692e-02 +9.8026e-02 +3.4094e-01 +2.4727e-01 +1.7369e-01 -1.1375e-01 -3.0566e-01 +1.1285e-01 -1.5359e-01
6 0 +3.363594054e+02 +3.770194054e+02 +3.770194054e+02 +1.8723e-01 -2.5702e-01 +1.5212e-01 +1.5671e-02 +5.1476e-01 -6.3323e-02 +3.7553e-01 -3.4671e-01 +9.3874e-02 -2.1343e-01
7 0 +3.307055089e+02 +3.713655089e+02 +3.713655089e+02 -2.6321e-01 +2.3560e-01 -2.9494e-01 -4.1433e-02 -2.1060e-01 +1.1878e-01 +8.3286e-02 -6.4943e-01 +2.1039e-01 -1.8282e-01
8 0 +3.214646867e+02 +3.621246867e+02 +3.621246867e+02 +6.0234e-01 +2.6527e-01 +2.8700e-01 -7.0577e-01 +5.2611e-01 +2.0125e-02 -3.9010e-01 +9.9670e-02 +3.8961e-01 -4.6269e-01
18 0 +2.620903367e+02 +3.027503367e+02 +3.027503367e+02 -1.4868e-01 -3.7861e-01 -2.8964e-01 -3.5145e-01 +7.0095e-02 +5.6811e-01 -1.3216e-01 -5.1265e-01 +4.3613e-01 -2.8094e-01
41 0 +2.441528387e+02 +2.848128387e+02 +2.848128387e+02 +9.2784e-01 +8.8336e-02 +8.9141e-02 -1.5905e-01 +2.6154e-02 -1.4426e-01 -3.6857e-01 -9.5957e-01 +1.0289e+00 +2.7758e-01
48 0 +2.321370092e+02 +2.727970092e+02 +2.727970092e+02 +7.7275e-01 -2.4839e-01 +1.2236e-02 -3.4607e-01 +4.1882e-03 -1.6646e-02 -3.8086e-01 -5.6975e-01 +1.3475e+00 +1.9570e-01
55 0 +2.252932641e+02 +2.659532641e+02 +2.659532641e+02 +6.4618e-01 +2.4645e-01 +6.6603e-02 -4.7235e-01 +2.8547e-01 +2.5931e-01 -3.0097e-01 -9.3936e-01 +1.1659e+00 +3.9765e-01
59 0 +2.019137245e+02 +2.425737245e+02 +2.425737245e+02 +1.3994e+00 -4.2258e-01 +2.9662e-02 -4.2033e-01 -8.2149e-02 +4.8543e-01 -5.4116e-01 -9.8043e-01 +1.0926e+00 +4.5825e-01
67 0 +1.994500330e+02 +2.401100330e+02 +2.401100330e+02 +1.0635e+00 -3.4217e-01 -1.3223e-01 -3.9975e-01 -1.4503e-02 +3.4874e-01 -6.4505e-01 -1.0286e+00 +1.7166e+00 +3.5272e-01
69 0 +1.734608361e+02 +2.141208361e+02 +2.141208361e+02 +1.3815e+00 -3.9089e-01 +2.1421e-01 -4.2739e-01 -3.8913e-01 +7.1677e-01 -9.2265e-01 -9.1423e-01 +2.4829e+00 +5.9819e-01
80 0 +1.616902504e+02 +2.023502504e+02 +2.023502504e+02 +1.2203e+00 -2.3223e-01 +6.7865e-02 -8.7174e-01 -5.0795e-01 +5.7232e-02 -3.7719e-01 -9.4585e-01 +2.1476e+00 +9.7156e-01
82 0 +1.556205559e+02 +1.962805559e+02 +1.962805559e+02 +1.2387e+00 -3.8874e-01 -2.5007e-02 -1.7989e+00 -6.0948e-01 +1.7765e-01 -1.4554e+00 -1.8729e+00 +2.4962e+00 +5.0671e-01
98 0 +1.406739300e+02 +1.813339300e+02 +1.813339300e+02 +1.2987e+00 -8.0109e-01 +8.5371e-01 -8.2372e-01 -1.0261e-01 +9.9388e-01 -1.7806e+00 -1.4522e+00 +3.2067e+00 +1.1207e+00
168 0 +1.347461155e+02 +1.754061155e+02 +1.754061155e+02 +8.3854e-01 -4.4737e-01 +8.6170e-01 -8.0508e-01 +6.3670e-01 -1.6014e-01 -1.5889e+00 -2.1586e+00 +2.9209e+00 +7.4428e-01
170 0 +1.189013006e+02 +1.595613006e+02 +1.595613006e+02 +1.2971e+00 -3.5601e-01 +7.5621e-01 -6.8933e-01 +2.7117e-02 -3.6563e-01 -1.0381e+00 -1.8860e+00 +2.9755e+00 +1.7248e+00
176 0 +1.165759689e+02 +1.572359689e+02 +1.572359689e+02 +1.1375e+00 -4.7031e-01 +8.3003e-01 -7.6385e-01 +9.0034e-02 -3.0233e-01 -1.4473e+00 -2.2189e+00 +2.5163e+00 +1.1713e+00
181 0 +1.004776638e+02 +1.411376638e+02 +1.411376638e+02 +1.2737e+00 -3.1422e-01 +8.7804e-01 -1.2964e+00 -5.5144e-02 -3.3302e-01 -2.1828e+00 -2.2713e+00 +3.1875e+00 +1.6612e+00
305 0 +9.252016929e+01 +1.331801693e+02 +1.331801693e+02 +1.0467e+00 -4.8066e-01 +7.3758e-01 -7.5351e-01 +4.1401e-02 -7.5639e-01 -1.4384e+00 -2.5146e+00 +2.9159e+00 +1.6075e+00
334 0 +8.618770474e+01 +1.268477047e+02 +1.268477047e+02 +1.1606e+00 -3.9064e-01 +7.9404e-01 -1.3249e+00 -5.9179e-02 -8.2877e-01 -1.8983e+00 -2.5474e+00 +3.2408e+00 +1.6240e+00
355 0 +8.336695597e+01 +1.240269560e+02 +1.240269560e+02 +1.3627e+00 -5.0657e-01 +7.1623e-01 -1.2563e+00 -1.3497e-01 -8.7489e-01 -2.0866e+00 -2.9741e+00 +3.2321e+00 +2.0317e+00
410 0 +7.070595743e+01 +1.113659574e+02 +1.113659574e+02 +9.1203e-01 -4.0593e-01 +8.2892e-01 -1.1770e+00 +9.2208e-02 -8.5076e-01 -1.6593e+00 -2.6047e+00 +2.8644e+00 +1.6392e+00
517 0 +6.385369507e+01 +1.045136951e+02 +1.045136951e+02 +1.1350e+00 -5.2986e-01 +7.7662e-01 -1.2002e+00 +7.1140e-02 -8.4825e-01 -1.6573e+00 -2.5805e+00 +2.9201e+00 +1.6558e+00
518 0 +6.302615993e+01 +1.036861599e+02 +1.036861599e+02 +1.1113e+00 -4.9827e-01 +7.8863e-01 -1.1813e+00 +8.2309e-02 -8.2814e-01 -1.6821e+00 -2.5572e+00 +2.9409e+00 +1.6439e+00
578 0 +6.090996087e+01 +1.015699609e+02 +1.015699609e+02 +1.0194e+00 -4.8427e-01 +8.0838e-01 -1.2265e+00 +4.9601e-02 -8.8471e-01 -1.6695e+00 -2.5085e+00 +2.9400e+00 +1.6550e+00
663 0 +5.979295760e+01 +1.004529576e+02 +1.004529576e+02 +1.0720e+00 -4.7348e-01 +8.1536e-01 -1.2319e+00 +3.4248e-02 -8.4995e-01 -1.6533e+00 -2.5376e+00 +2.9323e+00 +1.6312e+00
695 0 +5.868887090e+01 +9.934887090e+01 +9.934887090e+01 +1.0920e+00 -4.5799e-01 +8.0122e-01 -1.2179e+00 +6.7993e-02 -8.6147e-01 -1.6609e+00 -2.5506e+00 +2.9409e+00 +1.6549e+00
834 0 +5.740178562e+01 +9.806178562e+01 +9.806178562e+01 +1.0861e+00 -4.2931e-01 +7.8044e-01 -1.2432e+00 +5.6354e-02 -8.6037e-01 -1.6577e+00 -2.5354e+00 +2.9414e+00 +1.6488e+00
1166 0 +5.621248825e+01 +9.687248825e+01 +9.687248825e+01 +1.0816e+00 -3.9799e-01 +7.8221e-01 -1.2954e+00 +3.5891e-02 -8.7373e-01 -1.6631e+00 -2.5421e+00 +2.9308e+00 +1.6585e+00
1385 0 +5.485472154e+01 +9.551472154e+01 +9.551472154e+01 +1.0990e+00 -3.7068e-01 +7.6585e-01 -1.3953e+00 +1.2016e-02 -8.8058e-01 -1.6676e+00 -2.5479e+00 +2.9419e+00 +1.6492e+00
1434 0 +5.366248119e+01 +9.432248119e+01 +9.432248119e+01 +1.1006e+00 -3.3450e-01 +7.6303e-01 -1.4815e+00 +7.4914e-03 -8.7523e-01 -1.6585e+00 -2.5313e+00 +2.9498e+00 +1.6405e+00
1558 0 +5.243168031e+01 +9.309168031e+01 +9.309168031e+01 +1.0643e+00 -3.3567e-01 +7.9666e-01 -1.4945e+00 +3.7776e-02 -8.6800e-01 -1.6664e+00 -2.5425e+00 +2.9407e+00 +1.6476e+00
