% f evaluations | g evaluations | best noise-free fitness - Fopt (9.294000000000e+01) + sum g_i+ | measured fitness | best measured fitness or single-digit g-values | x1 | x2...
1 0 +7.446256321e+02 +8.375656321e+02 +8.375656321e+02 +0.0000e+00 +0.0000e+00 +0.0000e+00 +0.0000e+00 +0.0000e+00 +0.0000e+00 +0.0000e+00 +0.0000e+00 +0.0000e+00 +0.0000e+00
2 0 +6.341312292e+02 +7.270712292e+02 +7.270712292e+02 +4.3379e-01 +3.0692e-02 +9.8026e-02 +3.4094e-01 +2.4727e-01 +1.7369e-01 -1.1375e-01 -3.0566e-01 +1.1285e-01 -1.5359e-01
5 0 +6.260868348e+02 +7.190268348e+02 +7.190268348e+02 -9.0564e-02 +8.4424e-02 -2.8183e-02 -1.8777e-01 +7.4957e-02 +6.4105e-01 +2.7589e-01 +1.3137e-01 +7.7185e-02 +2.3934e-01
12 0 +4.313372119e+02 +5.242772119e+02 +5.242772119e+02 +4.6104e-01 +5.1861e-01 -2.6875e-01 +3.0398e-01 +3.5239e-01 +8.4064e-01 -1.9733e-01 -1.3340e-01 +2.6895e-01 -3.1638e-01
34 0 +4.029822470e+02 +4.959222470e+02 +4.959222470e+02 +1.4313e+00 +7.8224e-01 -3.7288e-01 -2.2322e-01 +1.0768e+00 +8.2437e-01 +3.4791e-03 -4.9077e-01 +2.5253e-01 -9.9369e-03
38 0 +3.679655697e+02 +4.609055697e+02 +4.609055697e+02 +7.8795e-01 +6.2683e-01 -2.5034e-01 +2.9155e-01 +8.9200e-01 +5.4596e-01 -3.9143e-01 +2.1268e-01 +6.0670e-01 +2.1551e-01
47 0 +2.685003663e+02 +3.614403663e+02 +3.614403663e+02 +1.1735e+00 +6.0321e-01 -1.8145e-01 +9.3331e-01 +1.1810e+00 +1.2156e+00 -9.2935e-01 +1.5090e-01 +2.8796e-01 +2.3228e-01
76 0 +2.010631747e+02 +2.940031747e+02 +2.940031747e+02 +1.3499e+00 +1.3233e+00 -2.3450e-01 +1.2524e+00 +1.4049e+00 +1.0678e+00 +1.7477e-01 -1.3415e-01 +1.1000e+00 +7.4209e-01
91 0 +1.827890718e+02 +2.757290718e+02 +2.757290718e+02 +1.8874e+00 +1.4442e+00 -4.2237e-01 +1.4014e+00 +1.3863e+00 +1.3811e+00 -5.7627e-01 +1.5958e-01 +9.6918e-01 +9.3691e-01
92 0 +7.494860312e+01 +1.678886031e+02 +1.678886031e+02 +1.4615e+00 +1.9452e+00 -8.0485e-01 +2.2689e+00 +2.0285e+00 +1.6936e+00 +3.7229e-01 -2.3980e-01 +1.2052e+00 +9.5056e-01
113 0 +6.033269262e+01 +1.532726926e+02 +1.532726926e+02 +1.9144e+00 +1.7912e+00 -3.8816e-01 +2.8364e+00 +2.5243e+00 +8.0670e-01 -1.1223e-01 -3.2551e-01 +1.3512e+00 +7.2261e-01
126 0 +5.833792758e+01 +1.512779276e+02 +1.512779276e+02 +1.7091e+00 +2.1812e+00 -8.3520e-01 +2.7798e+00 +1.9696e+00 +1.4946e+00 -8.5900e-02 -1.2711e-01 +1.3110e+00 +6.1586e-01
138 0 +5.113021644e+01 +1.440702164e+02 +1.440702164e+02 +2.5179e+00 +1.7387e+00 -5.6840e-01 +3.7792e+00 +2.2217e+00 +1.2710e+00 -8.7982e-02 -8.3226e-01 +1.6116e+00 +1.5544e+00
149 0 +4.140455833e+01 +1.343445583e+02 +1.343445583e+02 +2.0742e+00 +1.6160e+00 +2.9460e-01 +3.1735e+00 +2.4537e+00 +1.3750e+00 -1.2233e-02 -1.8755e-01 +1.4830e+00 +9.6473e-01
152 0 +2.577240094e+01 +1.187124009e+02 +1.187124009e+02 +2.5634e+00 +2.7025e+00 -1.0115e-01 +3.2960e+00 +2.9098e+00 +1.2912e+00 +1.0357e+00 -7.0651e-01 +1.3070e+00 +8.1785e-01
309 0 +2.423815085e+01 +1.171781509e+02 +1.171781509e+02 +3.2785e+00 +3.2814e+00 -3.3857e-01 +3.9345e+00 +3.9780e+00 +1.1690e+00 +1.9197e+00 -1.4954e+00 +2.7173e+00 +1.1210e+00
333 0 +2.150756416e+01 +1.144475642e+02 +1.144475642e+02 +2.9147e+00 +2.7599e+00 -1.0769e+00 +4.0762e+00 +3.1689e+00 +1.3638e+00 +1.8479e+00 -1.4949e+00 +2.3750e+00 +1.0677e+00
337 0 +1.879173338e+01 +1.117317334e+02 +1.117317334e+02 +2.8782e+00 +2.8879e+00 -6.4306e-01 +3.6205e+00 +2.9137e+00 +1.2456e+00 +1.7732e+00 -1.2986e+00 +2.4348e+00 +1.1538e+00
338 0 +1.780995489e+01 +1.107499549e+02 +1.107499549e+02 +2.7791e+00 +2.4688e+00 -1.3551e+00 +2.8811e+00 +2.9563e+00 +1.7924e+00 +1.7518e+00 -1.6920e+00 +2.3606e+00 +7.8415e-01
341 0 +1.423093574e+01 +1.071709357e+02 +1.071709357e+02 +2.7380e+00 +2.6876e+00 -1.0472e+00 +3.5444e+00 +2.9448e+00 +1.4705e+00 +1.7626e+00 -1.4483e+00 +2.4375e+00 +1.1151e+00
384 0 +1.405198372e+01 +1.069919837e+02 +1.069919837e+02 +3.0138e+00 +2.6274e+00 -7.7877e-01 +3.7068e+00 +2.8880e+00 +1.4363e+00 +2.1620e+00 -1.5197e+00 +2.3262e+00 +7.2106e-01
405 0 +1.364643446e+01 +1.065864345e+02 +1.065864345e+02 +3.2238e+00 +2.3768e+00 -6.8891e-01 +3.4182e+00 +3.1897e+00 +1.5451e+00 +2.6537e+00 -1.5295e+00 +2.0757e+00 +9.1823e-01
421 0 +1.181696899e+01 +1.047569690e+02 +1.047569690e+02 +3.1631e+00 +2.5614e+00 -9.2753e-01 +3.5949e+00 +3.0700e+00 +1.5331e+00 +2.1904e+00 -1.5788e+00 +2.2846e+00 +7.6361e-01
427 0 +1.105154995e+01 +1.039915499e+02 +1.039915499e+02 +3.1447e+00 +2.2358e+00 -6.6205e-01 +3.6175e+00 +3.0156e+00 +1.5874e+00 +2.2315e+00 -1.4181e+00 +2.0746e+00 +8.3407e-01
434 0 +1.082592204e+01 +1.037659220e+02 +1.037659220e+02 +2.7813e+00 +2.2120e+00 -7.0581e-01 +3.6081e+00 +3.4306e+00 +1.2066e+00 +2.1603e+00 -1.2321e+00 +2.2615e+00 +7.8397e-01
438 0 +1.062975744e+01 +1.035697574e+02 +1.035697574e+02 +2.8469e+00 +2.3031e+00 -7.2333e-01 +3.5059e+00 +3.0878e+00 +1.1610e+00 +2.3341e+00 -1.5860e+00 +2.3969e+00 +7.1523e-01
461 0 +9.826482779e+00 +1.027664828e+02 +1.027664828e+02 +3.0774e+00 +2.2855e+00 -4.9735e-01 +3.5822e+00 +3.3710e+00 +1.2630e+00 +2.0610e+00 -1.2224e+00 +2.4123e+00 +8.7875e-01
462 0 +9.134407887e+00 +1.020744079e+02 +1.020744079e+02 +2.9977e+00 +2.2785e+00 -2.7246e-01 +3.5958e+00 +3.3566e+00 +1.0868e+00 +2.3820e+00 -1.2044e+00 +2.5602e+00 +6.6846e-01
499 0 +8.941698158e+00 +1.018816982e+02 +1.018816982e+02 +2.8010e+00 +1.9595e+00 -1.4799e-01 +3.9772e+00 +3.5981e+00 +9.8762e-01 +2.2518e+00 -7.5402e-01 +2.3291e+00 +8.5590e-01
512 0 +8.672941230e+00 +1.016129412e+02 +1.016129412e+02 +2.8144e+00 +1.8788e+00 -2.8071e-01 +3.8255e+00 +3.6590e+00 +1.1691e+00 +2.2168e+00 -6.7990e-01 +2.5937e+00 +9.4845e-01
536 0 +8.408502403e+00 +1.013485024e+02 +1.013485024e+02 +2.5250e+00 +2.0085e+00 -1.9759e-01 +3.8043e+00 +3.4427e+00 +1.0157e+00 +2.0771e+00 -8.2395e-01 +2.5790e+00 +8.2474e-01
537 0 +8.162736909e+00 +1.011027369e+02 +1.011027369e+02 +2.8008e+00 +1.7590e+00 +7.6457e-02 +3.6558e+00 +3.6332e+00 +9.4492e-01 +2.3240e+00 -6.0714e-01 +2.3885e+00 +7.3143e-01
584 0 +8.015293538e+00 +1.009552935e+02 +1.009552935e+02 +2.3570e+00 +1.8889e+00 +1.5282e-01 +3.7520e+00 +3.4533e+00 +8.5822e-01 +2.0721e+00 -4.7377e-01 +2.4210e+00 +8.4696e-01
595 0 +7.871447234e+00 +1.008114472e+02 +1.008114472e+02 +2.5194e+00 +1.8557e+00 +3.1860e-01 +3.9029e+00 +3.5564e+00 +9.3038e-01 +1.9335e+00 -2.6851e-01 +2.4052e+00 +8.1342e-01
% f evaluations | g evaluations | best noise-free fitness - Fopt (3.535000000000e+01) + sum g_i+ | measured fitness | best measured fitness or single-digit g-values | x1 | x2...
1 0 +3.817950521e+02 +4.171450521e+02 +4.171450521e+02 +0.0000e+00 +0.0000e+00 +0.0000e+00 +0.0000e+00 +0.0000e+00 +0.0000e+00 +0.0000e+00 +0.0000e+00 +0.0000e+00 +0.0000e+00
2 0 +3.429258307e+02 +3.782758307e+02 +3.782758307e+02 +4.3379e-01 +3.0692e-02 +9.8026e-02 +3.4094e-01 +2.4727e-01 +1.7369e-01 -1.1375e-01 -3.0566e-01 +1.1285e-01 -1.5359e-01
17 0 +3.265181596e+02 +3.618681596e+02 +3.618681596e+02 +7.8216e-01 +6.0702e-01 -2.1089e-02 +3.5833e-01 -3.3269e-02 +5.0512e-01 +2.3573e-01 -1.2772e-01 +5.2211e-01 -4.1614e-01
22 0 +2.977637899e+02 +3.331137899e+02 +3.331137899e+02 +9.7945e-01 +7.7142e-01 -6.8054e-02 +3.3740e-01 +6.3689e-01 +2.6347e-01 -3.2933e-01 -8.0532e-02 -2.7085e-01 -3.5140e-01
28 0 +2.680044964e+02 +3.033544964e+02 +3.033544964e+02 +6.0134e-01 +5.6381e-01 -3.7967e-01 +2.5737e-01 +8.9148e-01 -2.3850e-01 +4.6454e-01 -3.4797e-01 +2.1695e-01 -6.8365e-02
41 0 +2.589128069e+02 +2.942628069e+02 +2.942628069e+02 +7.6946e-01 +4.1813e-01 -2.4521e-01 +4.3553e-01 +6.1080e-01 +3.7536e-02 -1.8098e-02 +1.2116e-02 +4.3918e-01 -1.2037e-01
42 0 +1.947079249e+02 +2.300579249e+02 +2.300579249e+02 +1.1137e+00 +4.7204e-01 +5.9263e-02 +4.9069e-01 +4.0489e-01 -3.9577e-01 -3.3290e-01 -1.1825e-01 +7.4411e-01 +4.2161e-02
63 0 +1.892730678e+02 +2.246230678e+02 +2.246230678e+02 +1.5473e+00 +6.5621e-01 +8.4190e-02 +1.2524e+00 +8.1952e-02 +1.2943e-01 -2.0420e-01 +3.7717e-01 +4.3049e-01 +5.3631e-02
76 0 +1.577574179e+02 +1.931074179e+02 +1.931074179e+02 +9.2921e-01 +1.2530e+00 -1.0448e-01 +1.4228e+00 +5.7743e-01 -3.0950e-01 -1.5958e-02 -1.0686e-01 +1.0175e+00 +2.1244e-01
79 0 +1.190745207e+02 +1.544245207e+02 +1.544245207e+02 +7.4247e-01 +5.3307e-01 +3.2404e-01 +1.3475e+00 +2.6943e-01 -5.3305e-01 -3.3435e-01 +1.1989e-01 +4.3798e-01 +4.5298e-01
87 0 +1.094788686e+02 +1.448288686e+02 +1.448288686e+02 +1.0661e+00 +1.1737e+00 +1.2019e-03 +1.6153e+00 +1.1220e-01 -2.7599e-01 -3.9738e-01 +1.1509e-01 +1.5533e+00 +4.9035e-01
88 0 +7.264145246e+01 +1.079914525e+02 +1.079914525e+02 +1.8072e+00 +1.3486e+00 -4.0442e-01 +1.6089e+00 +8.2589e-01 -7.8540e-01 -6.4889e-01 +1.1083e+00 +8.5351e-01 +3.2509e-01
106 0 +5.734945372e+01 +9.269945372e+01 +9.269945372e+01 +2.2032e+00 +2.2668e+00 +5.5550e-01 +1.9040e+00 +9.0890e-01 -8.0866e-01 -1.0036e+00 +6.5554e-01 +1.2780e+00 +4.8130e-01
133 0 +5.277131668e+01 +8.812131668e+01 +8.812131668e+01 +1.2743e+00 +1.7885e+00 -2.2654e-01 +2.0060e+00 -1.7984e-01 -6.0430e-01 -4.5179e-01 +1.9130e-01 +1.4941e+00 -4.6384e-02
137 0 +5.171389384e+01 +8.706389384e+01 +8.706389384e+01 +2.3081e+00 +2.5396e+00 -5.4393e-01 +2.5111e+00 +4.7160e-01 -9.3082e-01 -6.6781e-01 +2.3963e-01 +1.7581e+00 +4.2397e-01
142 0 +4.912467911e+01 +8.447467911e+01 +8.447467911e+01 +1.9288e+00 +2.7284e+00 -3.5047e-02 +2.8586e+00 -8.0816e-02 -8.5966e-01 -7.9273e-01 +1.6944e+00 +2.2603e+00 +4.9396e-01
147 0 +4.264831362e+01 +7.799831362e+01 +7.799831362e+01 +1.6091e+00 +2.0929e+00 +9.1245e-02 +2.2211e+00 +5.4266e-02 -1.1293e+00 -6.2199e-01 +5.4605e-01 +2.0701e+00 +1.6148e-01
181 0 +4.043293293e+01 +7.578293293e+01 +7.578293293e+01 +2.4751e+00 +2.6111e+00 +1.9803e-01 +2.5555e+00 +6.6886e-01 -1.1314e+00 +6.1341e-02 +4.0381e-01 +1.6684e+00 +3.2957e-01
192 0 +3.654461540e+01 +7.189461540e+01 +7.189461540e+01 +2.6995e+00 +2.6139e+00 +5.0690e-01 +2.7078e+00 +1.1203e+00 -1.6177e-01 +5.8204e-01 +2.8817e-01 +1.7591e+00 +6.1279e-02
229 0 +3.601521414e+01 +7.136521414e+01 +7.136521414e+01 +2.4889e+00 +2.4178e+00 +6.7113e-01 +2.5219e+00 +6.7205e-01 -1.1341e+00 -9.5063e-02 +3.7482e-01 +1.6178e+00 +8.7813e-02
243 0 +3.453580095e+01 +6.988580095e+01 +6.988580095e+01 +2.4447e+00 +2.1849e+00 +3.5271e-01 +2.5031e+00 +5.7033e-01 -1.1321e+00 +6.1846e-01 -5.9136e-02 +1.6652e+00 -3.8879e-01
273 0 +3.192706749e+01 +6.727706749e+01 +6.727706749e+01 +1.9941e+00 +2.0928e+00 +8.6831e-02 +2.3037e+00 +5.0465e-01 -1.3245e+00 +4.9994e-01 +1.1978e-01 +1.9006e+00 -2.7025e-01
281 0 +2.926032704e+01 +6.461032704e+01 +6.461032704e+01 +2.0313e+00 +1.8579e+00 +4.2948e-01 +2.1328e+00 +2.6905e-01 -1.1140e+00 +3.6793e-01 +4.0414e-01 +1.4579e+00 -3.6638e-01
282 0 +2.187789412e+01 +5.722789412e+01 +5.722789412e+01 +1.8337e+00 +1.6751e+00 +4.8573e-01 +2.1503e+00 +2.2641e-01 -1.0110e+00 +4.1480e-01 +8.7342e-01 +1.2021e+00 -8.0131e-01
323 0 +1.994200796e+01 +5.529200796e+01 +5.529200796e+01 +1.9646e+00 +1.9899e+00 +2.4537e-01 +2.4211e+00 +1.1553e-01 -9.7195e-01 +6.7643e-01 +7.5204e-01 +1.5202e+00 -5.8675e-01
362 0 +1.534875686e+01 +5.069875686e+01 +5.069875686e+01 +1.9711e+00 +2.2366e+00 +4.1516e-01 +2.5112e+00 +7.5186e-02 -4.7056e-01 +8.7683e-01 +6.0002e-01 +1.5437e+00 -5.2349e-01
396 0 +1.315951562e+01 +4.850951562e+01 +4.850951562e+01 +2.4715e+00 +2.6894e+00 +3.9823e-01 +2.8694e+00 -2.9055e-01 -3.4626e-01 +1.4965e+00 +5.0530e-01 +1.5390e+00 -8.0196e-01
493 0 +1.283630348e+01 +4.818630348e+01 +4.818630348e+01 +2.2838e+00 +2.4449e+00 +4.7927e-01 +2.8357e+00 -6.6920e-01 -2.6928e-01 +1.1027e+00 +8.9455e-01 +1.6500e+00 -1.1026e+00
554 0 +1.257641705e+01 +4.792641705e+01 +4.792641705e+01 +2.3195e+00 +2.4244e+00 +6.1401e-01 +2.9219e+00 -7.3125e-01 -4.2309e-01 +8.5773e-01 +1.0966e+00 +1.7103e+00 -1.1099e+00
564 0 +1.224382451e+01 +4.759382451e+01 +4.759382451e+01 +2.3508e+00 +2.5440e+00 +6.2503e-01 +2.8433e+00 -7.7491e-01 -5.4533e-01 +8.0310e-01 +1.0286e+00 +1.7637e+00 -1.3100e+00
573 0 +1.107872414e+01 +4.642872414e+01 +4.642872414e+01 +2.2524e+00 +2.4537e+00 +6.7137e-01 +2.8015e+00 -1.1389e+00 -5.0841e-01 +9.9796e-01 +1.1418e+00 +1.5411e+00 -1.4119e+00
587 0 +9.948302798e+00 +4.529830280e+01 +4.529830280e+01 +2.1649e+00 +2.3183e+00 +8.1071e-01 +2.7147e+00 -1.1696e+00 -4.5934e-01 +1.0589e+00 +9.9203e-01 +1.5348e+00 -1.6471e+00
596 0 +9.757534545e+00 +4.510753455e+01 +4.510753455e+01 +2.1591e+00 +2.3214e+00 +8.8544e-01 +2.8380e+00 -9.8323e-01 -2.2066e-01 +8.6380e-01 +1.0790e+00 +1.5919e+00 -1.3587e+00
603 0 +8.697780834e+00 +4.404778083e+01 +4.404778083e+01 +1.9745e+00 +2.3354e+00 +1.0494e+00 +2.5894e+00 -1.1282e+00 -3.5468e-01 +7.3580e-01 +1.0501e+00 +1.6146e+00 -1.6433e+00
649 0 +8.172720730e+00 +4.352272073e+01 +4.352272073e+01 +2.0971e+00 +2.6478e+00 +8.7179e-01 +2.7833e+00 -1.1934e+00 -1.6255e-01 +9.1980e-01 +1.3469e+00 +1.6876e+00 -1.2863e+00
660 0 +8.010909554e+00 +4.336090955e+01 +4.336090955e+01 +1.9456e+00 +2.4536e+00 +8.4629e-01 +2.6671e+00 -1.1431e+00 -1.4102e-01 +9.6005e-01 +1.2696e+00 +1.5111e+00 -1.3770e+00
663 0 +7.884736831e+00 +4.323473683e+01 +4.323473683e+01 +2.1302e+00 +2.4602e+00 +1.0210e+00 +2.6737e+00 -9.5325e-01 +5.0579e-03 +5.9492e-01 +1.6586e+00 +1.7564e+00 -1.4219e+00
725 0 +7.727490635e+00 +4.307749063e+01 +4.307749063e+01 +2.0274e+00 +2.5450e+00 +1.1589e+00 +2.6968e+00 -8.5289e-01 +1.9410e-01 +6.6658e-01 +1.6305e+00 +1.6390e+00 -1.2344e+00
743 0 +7.338482243e+00 +4.268848224e+01 +4.268848224e+01 +1.8141e+00 +2.3816e+00 +9.8671e-01 +2.4844e+00 -1.1047e+00 +2.0175e-01 +9.4986e-01 +1.6838e+00 +1.4198e+00 -1.4428e+00
780 0 +6.699432813e+00 +4.204943281e+01 +4.204943281e+01 +1.6923e+00 +2.5831e+00 +1.0424e+00 +2.5502e+00 -9.0040e-01 +3.7760e-01 +7.1409e-01 +1.8798e+00 +1.2066e+00 -1.1043e+00
% f evaluations | g evaluations | best noise-free fitness - Fopt (3.820000000000e+00) + sum g_i+ | measured fitness | best measured fitness or single-digit g-values | x1 | x2...
1 0 +2.465692563e+02 +2.503892563e+02 +2.503892563e+02 +0.0000e+00 +0.0000e+00 +0.0000e+00 +0.0000e+00 +0.0000e+00 +0.0000e+00 +0.0000e+00 +0.0000e+00 +0.0000e+00 +0.0000e+00
2 0 +2.121690950e+02 +2.159890950e+02 +2.159890950e+02 +4.3379e-01 +3.0692e-02 +9.8026e-02 +3.4094e-01 +2.4727e-01 +1.7369e-01 -1.1375e-01 -3.0566e-01 +1.1285e-01 -1.5359e-01
4 0 +1.972274404e+02 +2.010474404e+02 +2.010474404e+02 +2.1661e-01 -2.7248e-01 -1.4933e-01 +1.8171e-01 -5.0930e-01 +2.3317e-01 -2.5183e-01 -1.2653e-01 +4.3300e-01 -1.9345e-02
11 0 +1.943648392e+02 +1.981848392e+02 +1.981848392e+02 +1.4360e-01 -6.5802e-02 -4.8533e-02 +1.2422e-01 +1.0533e-02 +1.1558e-01 +2.3307e-02 -3.5708e-01 +2.1253e-01 -1.4230e-01
12 0 +1.848431105e+02 +1.886631105e+02 +1.886631105e+02 +2.9785e-01 +3.3343e-01 -3.5478e-01 +5.5299e-01 +7.9343e-02 +7.2412e-01 -5.6418e-02 -5.1183e-01 +3.1521e-01 -4.3269e-01
13 0 +1.749796831e+02 +1.787996831e+02 +1.787996831e+02 +1.7617e-01 -7.7129e-02 +3.0162e-01 +2.1489e-01 -3.1930e-01 -2.2772e-01 -2.2834e-01 -8.9250e-01 -3.5337e-01 +4.1895e-01
16 0 +1.663167139e+02 +1.701367139e+02 +1.701367139e+02 +3.0297e-01 -7.0966e-02 -2.9375e-01 +1.3930e-01 +9.6748e-01 -1.3390e-01 -1.3117e-02 -6.0783e-01 +5.7959e-01 +3.3173e-01
21 0 +1.651470597e+02 +1.689670597e+02 +1.689670597e+02 +1.8876e-01 -3.2368e-02 -1.0556e-01 +1.8823e-01 +1.0058e-01 +1.9089e-01 +3.1944e-02 -6.6507e-01 +2.7704e-01 +2.2078e-02
23 0 +1.300165727e+02 +1.338365727e+02 +1.338365727e+02 +5.5244e-01 +5.4012e-03 -1.2398e-01 -2.3345e-02 -1.1932e-01 +1.2523e-02 -3.4220e-01 -1.3215e+00 +5.5318e-01 +4.6941e-01
24 0 +1.259612151e+02 +1.297812151e+02 +1.297812151e+02 +2.2549e-02 +1.6644e-01 -4.3927e-01 +2.8527e-01 -2.8149e-01 +4.4101e-01 +3.8023e-02 -1.0430e+00 +4.3088e-01 +4.4666e-01
29 0 +1.017651934e+02 +1.055851934e+02 +1.055851934e+02 +7.4664e-01 -5.1635e-01 -2.8429e-01 +2.0918e-01 +3.0019e-01 +1.6240e-01 +1.3818e-01 -9.8953e-01 +5.0180e-01 +3.0034e-01
34 0 +7.075357661e+01 +7.457357661e+01 +7.457357661e+01 +1.1203e+00 +4.1616e-02 -4.9504e-01 -2.1746e-01 +2.6002e-01 +4.7973e-01 +2.4143e-01 -1.4284e+00 +5.5928e-01 +3.2832e-01
58 0 +6.667038757e+01 +7.049038757e+01 +7.049038757e+01 +1.5410e+00 -2.8829e-01 -6.2145e-01 +3.5247e-01 -5.5308e-01 +3.5097e-01 -4.3705e-01 -1.7527e+00 +1.1220e+00 +3.8980e-01
61 0 +6.410295778e+01 +6.792295778e+01 +6.792295778e+01 +1.2193e+00 -1.0337e-01 -3.3347e-01 +9.7567e-03 -1.7456e-01 +3.0640e-01 +8.5432e-03 -1.4291e+00 +9.5078e-01 +5.3530e-01
66 0 +5.600495161e+01 +5.982495161e+01 +5.982495161e+01 +1.4004e+00 +9.1389e-02 -5.6212e-01 -4.9553e-02 +4.3842e-02 +4.7413e-02 -2.7305e-02 -1.6836e+00 +1.8880e+00 +9.1346e-01
80 0 +5.023669174e+01 +5.405669174e+01 +5.405669174e+01 +1.4071e+00 -2.5074e-02 -6.8898e-01 -3.6162e-01 -4.8547e-01 +2.1057e-01 +3.3954e-01 -1.8655e+00 +1.7904e+00 +1.0689e+00
91 0 +4.375412995e+01 +4.757412995e+01 +4.757412995e+01 +1.0867e+00 +1.9610e-01 -4.2614e-01 +1.6169e-01 -2.1604e-01 +4.1239e-01 -3.1867e-01 -1.9273e+00 +2.2637e+00 +1.6906e+00
101 0 +3.870848706e+01 +4.252848706e+01 +4.252848706e+01 +1.0417e+00 +8.9053e-02 -3.7131e-01 +3.2093e-01 +7.1490e-02 +6.6334e-01 -7.1585e-02 -1.8940e+00 +2.4446e+00 +1.3090e+00
104 0 +3.132028696e+01 +3.514028696e+01 +3.514028696e+01 +9.8903e-01 +1.6922e-01 -2.3866e-01 +2.9805e-01 +3.1558e-01 +7.9961e-01 +3.0928e-01 -2.1644e+00 +2.5660e+00 +1.0441e+00
152 0 +2.422979797e+01 +2.804979797e+01 +2.804979797e+01 +1.1719e+00 +5.2261e-01 +1.1004e-01 +6.9489e-01 +3.5937e-01 +8.2088e-01 +4.5249e-01 -2.4212e+00 +2.6402e+00 +1.4059e+00
194 0 +2.328165030e+01 +2.710165030e+01 +2.710165030e+01 +1.7560e+00 +5.4143e-01 +3.1803e-02 +5.2094e-01 +2.5246e-01 +1.1007e+00 +8.9155e-02 -2.4144e+00 +2.3006e+00 +1.5832e+00
202 0 +2.257993848e+01 +2.639993848e+01 +2.639993848e+01 +1.6599e+00 -1.3444e-01 +3.9539e-01 +7.5081e-01 +5.7141e-01 +1.1257e+00 -5.6833e-01 -2.1014e+00 +2.2920e+00 +1.7256e+00
206 0 +2.230922370e+01 +2.612922370e+01 +2.612922370e+01 +1.0707e+00 +3.8667e-01 +1.1938e-01 +2.9132e-01 +2.0263e-01 +1.1503e+00 -5.3314e-02 -2.4642e+00 +2.7552e+00 +1.2371e+00
244 0 +1.956705904e+01 +2.338705904e+01 +2.338705904e+01 +1.7432e+00 +1.3742e-01 +5.9042e-01 -9.9051e-02 +5.6835e-01 +8.7585e-01 -2.2862e-02 -2.6873e+00 +2.6489e+00 +7.3911e-01
271 0 +1.868249254e+01 +2.250249254e+01 +2.250249254e+01 +1.6897e+00 +1.5479e-01 +5.1306e-01 +2.8806e-01 +6.2803e-01 +1.0561e+00 -2.6615e-01 -2.3583e+00 +2.4489e+00 +1.0036e+00
272 0 +1.436787671e+01 +1.818787671e+01 +1.818787671e+01 +1.6969e+00 +1.9855e-01 +5.4213e-01 +2.2911e-01 +8.3315e-01 +1.2719e+00 -1.4937e-01 -2.7582e+00 +2.5787e+00 +9.9769e-01
369 0 +1.341232415e+01 +1.723232415e+01 +1.723232415e+01 +1.7002e+00 +1.9507e-01 +6.3222e-01 +3.6193e-01 +5.1392e-01 +1.2972e+00 +1.7837e-01 -2.2915e+00 +2.0588e+00 +8.5953e-01
% f evaluations | g evaluations | best noise-free fitness - Fopt (2.175000000000e+01) + sum g_i+ | measured fitness | best measured fitness or single-digit g-values | x1 | x2...
1 0 +3.295796235e+02 +3.513296235e+02 +3.513296235e+02 +0.0000e+00 +0.0000e+00 +0.0000e+00 +0.0000e+00 +0.0000e+00 +0.0000e+00 +0.0000e+00 +0.0000e+00 +0.0000e+00 +0.0000e+00
2 0 +2.972350488e+02 +3.189850488e+02 +3.189850488e+02 +4.3379e-01 +3.0692e-02 +9.8026e-02 +3.4094e-01 +2.4727e-01 +1.7369e-01 -1.1375e-01 -3.0566e-01 +1.1285e-01 -1.5359e-01
3 0 +2.905001315e+02 +3.122501315e+02 +3.122501315e+02 +2.4817e-01 +6.3376e-02 -2.2359e-01 +8.0318e-02 +2.1275e-01 +5.3256e-02 -2.3477e-01 +7.8699e-02 +1.0710e-01 +2.4729e-01
4 0 +2.773525250e+02 +2.991025250e+02 +2.991025250e+02 +2.1661e-01 -2.7248e-01 -1.4933e-01 +1.8171e-01 -5.0930e-01 +2.3317e-01 -2.5183e-01 -1.2653e-01 +4.3300e-01 -1.9345e-02
24 0 +2.625646440e+02 +2.843146440e+02 +2.843146440e+02 +1.4933e-01 +3.4317e-01 -4.3918e-01 +2.7300e-01 -6.4594e-01 +5.9311e-01 -2.7556e-01 -4.1527e-01 +2.5826e-01 +6.1002e-01
30 0 +2.527704638e+02 +2.745204638e+02 +2.745204638e+02 +1.3073e-02 -7.9215e-02 -1.2249e-02 +2.5022e-01 -1.2337e-01 +7.2853e-03 -3.5944e-01 -2.1737e-01 +4.6292e-01 +1.4350e-01
32 0 +2.421828540e+02 +2.639328540e+02 +2.639328540e+02 +1.0181e-01 +2.9163e-02 -2.6747e-01 +4.5203e-01 -6.0626e-01 +3.1492e-01 -6.0006e-02 +2.6607e-01 +3.7111e-01 +6.4668e-01
42 0 +2.263303377e+02 +2.480803377e+02 +2.480803377e+02 +4.9265e-01 +1.3881e-01 -4.7045e-02 +4.4327e-01 -6.2313e-01 -1.2634e-01 -2.5419e-01 -2.1628e-01 +6.9615e-01 +4.5716e-01
43 0 +2.233514264e+02 +2.451014264e+02 +2.451014264e+02 +3.0123e-01 +4.7288e-01 -7.6657e-01 +1.3343e-01 -7.2059e-01 +3.0644e-01 -3.9306e-01 -2.3246e-01 +7.9346e-01 +5.6630e-01
50 0 +2.151903015e+02 +2.369403015e+02 +2.369403015e+02 +5.6630e-01 +3.3176e-01 -2.4599e-01 +5.5787e-01 -5.3770e-02 +6.8169e-02 +1.8512e-01 +2.2706e-01 +2.7327e-01 +6.3361e-01
63 0 +2.024196234e+02 +2.241696234e+02 +2.241696234e+02 +6.5515e-01 +3.4626e-01 -1.5121e-01 +7.9292e-01 -9.8695e-01 +2.1720e-01 +1.1861e-01 +2.1038e-01 +4.4836e-01 +6.6557e-01
66 0 +1.975835426e+02 +2.193335426e+02 +2.193335426e+02 +3.5453e-01 +4.7809e-01 -3.9487e-01 +4.1154e-01 -5.4457e-01 -1.6408e-01 -1.8386e-01 -1.1761e-01 +1.0705e+00 +7.3112e-01
74 0 +1.801447969e+02 +2.018947969e+02 +2.018947969e+02 +5.8001e-01 +2.7097e-01 -4.7417e-02 +5.5338e-01 -7.4513e-01 -2.1212e-01 -1.3757e-01 +2.2128e-01 +1.1054e+00 +1.1518e+00
76 0 +1.591818370e+02 +1.809318370e+02 +1.809318370e+02 +1.5363e-01 +8.0251e-01 -3.7451e-01 +9.1949e-01 -6.6623e-01 -2.7850e-02 +1.9918e-01 -1.8231e-01 +9.7717e-01 +8.6318e-01
90 0 +1.531924262e+02 +1.749424262e+02 +1.749424262e+02 +2.2950e-01 +7.4803e-01 -4.9011e-01 +4.4606e-01 -1.2555e+00 +5.1759e-02 +1.0023e-01 -2.0955e-01 +1.3964e+00 +1.1048e+00
91 0 +1.509190959e+02 +1.726690959e+02 +1.726690959e+02 +3.7868e-01 +7.0898e-01 -4.2475e-01 +6.0266e-01 -1.2477e+00 +1.6750e-01 +2.1886e-01 +6.9662e-02 +1.2070e+00 +1.1662e+00
92 0 +1.268529964e+02 +1.486029964e+02 +1.486029964e+02 -6.2923e-04 +9.6813e-01 -6.6657e-01 +1.1238e+00 -8.8023e-01 +3.2376e-01 +8.9128e-01 -1.8096e-01 +1.3260e+00 +1.1027e+00
109 0 +1.230368080e+02 +1.447868080e+02 +1.447868080e+02 +4.5869e-01 +1.5074e+00 -8.5120e-01 +9.0960e-01 -1.8370e+00 +2.5940e-02 +6.1403e-01 +1.7252e-01 +1.5151e+00 +1.7333e+00
113 0 +1.171411606e+02 +1.388911606e+02 +1.388911606e+02 +2.9543e-01 +9.7495e-01 -1.1034e-01 +1.4349e+00 -7.1505e-01 -8.1071e-01 +7.3861e-01 -3.9926e-01 +1.4291e+00 +1.2499e+00
116 0 +9.839587205e+01 +1.201458720e+02 +1.201458720e+02 +4.3660e-01 +2.1397e+00 -5.8183e-01 +1.5894e+00 -2.1421e+00 +1.3380e-01 +8.5873e-01 +3.9716e-01 +2.1014e+00 +2.5716e+00
132 0 +8.781986595e+01 +1.095698659e+02 +1.095698659e+02 +5.0492e-03 +1.1327e+00 -1.2421e+00 +1.0406e+00 -2.5102e+00 -3.5115e-01 +1.3410e+00 +9.2037e-01 +1.9592e+00 +2.6256e+00
150 0 +7.981327282e+01 +1.015632728e+02 +1.015632728e+02 +1.4213e-01 +1.9355e+00 -1.0216e+00 +1.6716e+00 -2.3121e+00 -4.9660e-01 +1.4155e+00 -1.0440e-02 +1.4270e+00 +2.9061e+00
155 0 +6.570461188e+01 +8.745461188e+01 +8.745461188e+01 +1.0705e-01 +1.6126e+00 -1.1337e+00 +1.7815e+00 -2.3402e+00 -9.2295e-01 +1.1453e+00 +7.6415e-01 +1.6819e+00 +3.1237e+00
157 0 +6.296165026e+01 +8.471165026e+01 +8.471165026e+01 -4.7051e-01 +1.8439e+00 -8.1490e-01 +1.7592e+00 -2.2456e+00 -1.0155e+00 +2.1276e+00 +1.0497e+00 +1.8200e+00 +2.4768e+00
184 0 +5.074347639e+01 +7.249347639e+01 +7.249347639e+01 +5.0491e-02 +2.4320e+00 -1.2330e+00 +2.2799e+00 -2.0144e+00 -1.7549e+00 +2.2232e+00 +5.7554e-01 +2.4801e+00 +2.5465e+00
191 0 +4.923459346e+01 +7.098459346e+01 +7.098459346e+01 -5.2049e-01 +2.0034e+00 -1.1288e+00 +1.8238e+00 -1.8525e+00 -1.3928e+00 +1.8325e+00 +8.2259e-01 +2.2651e+00 +2.6041e+00
202 0 +4.263001918e+01 +6.438001918e+01 +6.438001918e+01 -9.2422e-02 +1.2864e+00 -1.1963e+00 +1.9159e+00 -1.2281e+00 -1.5186e+00 +1.1657e+00 +1.0992e+00 +1.9354e+00 +3.2381e+00
208 0 +3.698930084e+01 +5.873930084e+01 +5.873930084e+01 -1.6080e-02 +2.0011e+00 -1.2721e+00 +2.2720e+00 -1.1329e+00 -1.7311e+00 +2.4139e+00 +1.0375e+00 +2.2242e+00 +2.6675e+00
231 0 +3.444326515e+01 +5.619326515e+01 +5.619326515e+01 +1.6891e-01 +2.3184e+00 -1.4497e+00 +2.2419e+00 -1.8247e+00 -1.8961e+00 +2.2005e+00 +1.1071e+00 +2.5765e+00 +2.9382e+00
235 0 +2.820037605e+01 +4.995037605e+01 +4.995037605e+01 +3.8004e-02 +1.3045e+00 -1.8691e+00 +1.9758e+00 -2.0524e+00 -2.0560e+00 +1.8336e+00 +1.1659e+00 +1.3314e+00 +2.8662e+00
251 0 +2.538860831e+01 +4.713860831e+01 +4.713860831e+01 -2.3137e-01 +1.6978e+00 -1.7007e+00 +1.8984e+00 -1.7342e+00 -2.1059e+00 +2.4338e+00 +1.0548e+00 +2.0966e+00 +3.1020e+00
276 0 +2.310683529e+01 +4.485683529e+01 +4.485683529e+01 -8.2160e-01 +2.2059e+00 -1.7791e+00 +2.4729e+00 -1.6027e+00 -2.3555e+00 +2.7790e+00 +1.6881e+00 +1.7051e+00 +3.1151e+00
280 0 +2.209783314e+01 +4.384783314e+01 +4.384783314e+01 -4.7184e-01 +2.2588e+00 -2.1144e+00 +1.9214e+00 -1.8212e+00 -2.8684e+00 +3.1191e+00 +8.6440e-01 +2.2506e+00 +3.1433e+00
305 0 +2.067235029e+01 +4.242235029e+01 +4.242235029e+01 -6.3791e-02 +2.1717e+00 -2.1901e+00 +1.8974e+00 -1.8966e+00 -2.6879e+00 +2.5938e+00 +1.2322e+00 +2.3195e+00 +3.3958e+00
311 0 +2.004124122e+01 +4.179124122e+01 +4.179124122e+01 -3.7147e-01 +1.8278e+00 -2.0478e+00 +1.7723e+00 -2.0574e+00 -2.8273e+00 +2.5682e+00 +1.0876e+00 +1.8834e+00 +3.2983e+00
316 0 +1.568951305e+01 +3.743951305e+01 +3.743951305e+01 +6.4930e-04 +1.4907e+00 -2.0948e+00 +1.7557e+00 -1.8504e+00 -2.8554e+00 +2.5635e+00 +1.0837e+00 +1.8701e+00 +3.2546e+00
361 0 +1.536540968e+01 +3.711540968e+01 +3.711540968e+01 +2.3764e-02 +1.9807e+00 -2.1646e+00 +2.2767e+00 -1.8748e+00 -2.6559e+00 +2.7437e+00 +1.2322e+00 +1.7254e+00 +3.4661e+00
377 0 +1.221694379e+01 +3.396694379e+01 +3.396694379e+01 +3.7766e-01 +2.0308e+00 -2.2400e+00 +2.3889e+00 -1.8674e+00 -2.8142e+00 +2.7330e+00 +9.5583e-01 +1.8354e+00 +3.6791e+00
419 0 +1.189056500e+01 +3.364056500e+01 +3.364056500e+01 +5.6350e-01 +2.0310e+00 -2.7105e+00 +2.2511e+00 -2.0039e+00 -2.8706e+00 +2.7746e+00 +1.3256e+00 +1.6546e+00 +3.3400e+00
437 0 +1.169585466e+01 +3.344585466e+01 +3.344585466e+01 +2.9582e-01 +1.5762e+00 -2.3081e+00 +2.1283e+00 -1.8269e+00 -2.9658e+00 +3.3102e+00 +1.7177e+00 +1.4320e+00 +3.4296e+00
460 0 +9.654297086e+00 +3.140429709e+01 +3.140429709e+01 +7.9519e-01 +1.8585e+00 -2.7200e+00 +2.4076e+00 -2.4949e+00 -3.1434e+00 +3.1394e+00 +1.2956e+00 +1.6805e+00 +3.9804e+00
465 0 +9.451051531e+00 +3.120105153e+01 +3.120105153e+01 +7.7470e-01 +1.6174e+00 -2.4622e+00 +2.3597e+00 -2.0220e+00 -3.1674e+00 +3.4235e+00 +1.5088e+00 +1.5221e+00 +3.4669e+00
466 0 +9.190524484e+00 +3.094052448e+01 +3.094052448e+01 +7.8763e-01 +1.5958e+00 -2.2485e+00 +2.2528e+00 -2.4273e+00 -2.9937e+00 +3.0277e+00 +1.5881e+00 +2.0674e+00 +3.9849e+00
483 0 +7.961530152e+00 +2.971153015e+01 +2.971153015e+01 +1.1250e+00 +1.5890e+00 -2.6276e+00 +2.5034e+00 -2.7288e+00 -2.8504e+00 +3.3358e+00 +1.5895e+00 +1.4247e+00 +3.6390e+00
486 0 +7.632861694e+00 +2.938286169e+01 +2.938286169e+01 +1.2750e+00 +1.6265e+00 -2.5645e+00 +2.5177e+00 -2.2613e+00 -3.0711e+00 +3.4341e+00 +1.3081e+00 +1.7167e+00 +3.4546e+00
627 0 +7.498849740e+00 +2.924884974e+01 +2.924884974e+01 +1.3011e+00 +1.1728e+00 -2.4970e+00 +2.7795e+00 -2.5477e+00 -3.4802e+00 +3.7160e+00 +1.9032e+00 +1.4338e+00 +3.8301e+00
634 0 +6.266616847e+00 +2.801661685e+01 +2.801661685e+01 +9.6873e-01 +1.2498e+00 -2.3092e+00 +2.5951e+00 -2.4544e+00 -3.3037e+00 +3.4324e+00 +1.6737e+00 +1.3433e+00 +3.7881e+00
694 0 +6.035226654e+00 +2.778522665e+01 +2.778522665e+01 +1.1373e+00 +1.2705e+00 -2.1226e+00 +2.7458e+00 -2.2732e+00 -3.1260e+00 +3.2334e+00 +1.6538e+00 +1.5595e+00 +3.6232e+00
727 0 +5.332487078e+00 +2.708248708e+01 +2.708248708e+01 +1.4785e+00 +1.1150e+00 -2.0674e+00 +2.6081e+00 -2.3848e+00 -3.1271e+00 +3.5025e+00 +1.8175e+00 +1.3580e+00 +3.5856e+00
% f evaluations | g evaluations | best noise-free fitness - Fopt (6.479000000000e+01) + sum g_i+ | measured fitness | best measured fitness or single-digit g-values | x1 | x2...
1 0 +3.557821840e+02 +4.205721840e+02 +4.205721840e+02 +0.0000e+00 +0.0000e+00 +0.0000e+00 +0.0000e+00 +0.0000e+00 +0.0000e+00 +0.0000e+00 +0.0000e+00 +0.0000e+00 +0.0000e+00
2 0 +3.355323796e+02 +4.003223796e+02 +4.003223796e+02 +4.3379e-01 +3.0692e-02 +9.8026e-02 +3.4094e-01 +2.4727e-01 +1.7369e-01 -1.1375e-01 -3.0566e-01 +1.1285e-01 -1.5359e-01
3 0 +3.256779697e+02 +3.904679697e+02 +3.904679697e+02 +2.4817e-01 +6.3376e-02 -2.2359e-01 +8.0318e-02 +2.1275e-01 +5.3256e-02 -2.3477e-01 +7.8699e-02 +1.0710e-01 +2.4729e-01
16 0 +2.767061231e+02 +3.414961231e+02 +3.414961231e+02 +4.5817e-01 -1.2608e-01 -1.9348e-01 +5.3544e-02 +1.1460e+00 -1.5719e-01 -8.5424e-02 -3.5379e-01 +3.4476e-01 +3.9139e-01
22 0 +2.673897607e+02 +3.321797607e+02 +3.321797607e+02 +7.7661e-01 +3.7022e-01 +1.0970e-01 +3.9301e-01 +5.3562e-01 +1.8629e-01 -5.5961e-01 -3.6930e-01 -6.8693e-01 -8.8791e-02
42 0 +2.489565270e+02 +3.137465270e+02 +3.137465270e+02 +9.9364e-01 -2.3141e-01 +3.8292e-01 +4.7367e-01 +2.7050e-01 -2.0775e-01 -8.1173e-01 -2.4405e-01 +3.0241e-01 +4.0771e-01
47 0 +2.239964853e+02 +2.887864853e+02 +2.887864853e+02 +6.9590e-01 -3.0794e-01 +1.1011e-01 +9.5001e-01 +7.7414e-01 +5.7295e-01 -1.2241e+00 +2.9800e-02 +1.3079e-01 +4.1224e-01
58 0 +2.130262374e+02 +2.778162374e+02 +2.778162374e+02 +1.3699e+00 -4.3830e-01 +8.4744e-02 +9.2332e-01 +4.0907e-01 +3.3047e-01 -1.2479e+00 -2.6155e-01 +8.3151e-02 +3.4252e-01
62 0 +1.874557479e+02 +2.522457479e+02 +2.522457479e+02 +1.7788e+00 -6.2642e-01 -1.4760e-01 +8.3040e-01 +1.2230e+00 +3.2987e-01 -1.4844e+00 +4.8704e-01 -5.8367e-02 +8.6455e-01
64 0 +1.614576386e+02 +2.262476386e+02 +2.262476386e+02 +1.0608e+00 -4.5981e-01 -3.9229e-02 +8.8762e-01 +8.4767e-01 +6.0282e-01 -1.7823e+00 -3.5409e-01 +2.4820e-01 +1.0909e+00
73 0 +1.547480714e+02 +2.195380714e+02 +2.195380714e+02 +6.9841e-01 -3.6294e-01 +3.1628e-01 +6.9443e-01 +8.4689e-01 +3.7542e-01 -1.2113e+00 -6.1778e-02 -6.6174e-02 +1.1454e+00
82 0 +1.361179287e+02 +2.009079287e+02 +2.009079287e+02 +1.4291e+00 -1.2729e-01 +6.7804e-01 +1.2485e+00 +1.2452e+00 +8.7991e-01 -2.3745e+00 +5.8838e-01 +2.6864e-01 +1.6472e+00
88 0 +1.074392429e+02 +1.722292429e+02 +1.722292429e+02 +1.6801e+00 -3.2757e-01 -1.2474e-01 +1.1861e+00 +1.4959e+00 -1.4988e-01 -1.9386e+00 +1.2782e+00 +4.5774e-01 +1.2536e+00
102 0 +7.454036694e+01 +1.393303669e+02 +1.393303669e+02 +1.2518e+00 -1.2216e+00 -3.3764e-01 +1.7818e+00 +1.6583e+00 +3.8765e-01 -3.2813e+00 +1.3315e+00 -2.4359e-01 +2.1345e+00
134 0 +7.095072464e+01 +1.357407246e+02 +1.357407246e+02 +1.4781e+00 -4.6863e-01 -2.8284e-01 +1.4699e+00 +7.9528e-01 -2.9926e-01 -3.1125e+00 +1.1557e+00 +9.2898e-03 +2.3408e+00
147 0 +6.314628336e+01 +1.279362834e+02 +1.279362834e+02 +4.8491e-01 -9.1230e-01 +5.2422e-01 +1.5061e+00 +7.6946e-01 -5.5385e-01 -2.6055e+00 +1.3016e+00 +7.0129e-01 +2.1637e+00
154 0 +4.657499669e+01 +1.113649967e+02 +1.113649967e+02 +5.5935e-01 -1.1136e+00 +1.1729e-01 +1.8043e+00 +1.0794e+00 -7.8936e-01 -2.9283e+00 +1.1634e+00 -4.3257e-01 +2.4871e+00
161 0 +4.544755306e+01 +1.102375531e+02 +1.102375531e+02 +1.6736e-01 -9.0133e-01 +2.3256e-01 +1.5581e+00 +1.1316e+00 -2.9153e-01 -2.9436e+00 +1.4957e+00 -7.5091e-02 +2.2897e+00
171 0 +3.822927421e+01 +1.030192742e+02 +1.030192742e+02 -5.7228e-02 -6.2423e-01 +2.6264e-01 +1.3374e+00 +1.3803e+00 -5.3040e-01 -2.9461e+00 +1.2075e+00 -3.0282e-01 +1.9241e+00
196 0 +3.466907179e+01 +9.945907179e+01 +9.945907179e+01 -7.7303e-01 -6.1425e-01 -5.0285e-01 +1.0550e+00 +1.4770e+00 -3.6338e-01 -3.1986e+00 +6.4540e-01 -1.5578e+00 +1.2862e+00
201 0 +3.234422368e+01 +9.713422368e+01 +9.713422368e+01 -4.1434e-01 -8.0793e-01 -3.2263e-02 +1.1848e+00 +1.4473e+00 -5.9250e-01 -3.1922e+00 +9.7041e-01 -1.0951e+00 +2.1076e+00
219 0 +2.688218221e+01 +9.167218221e+01 +9.167218221e+01 -6.3929e-01 -1.1469e+00 +2.3688e-01 +5.0745e-01 +1.3337e+00 -1.2062e+00 -3.6226e+00 +1.1493e+00 -1.3117e+00 +1.9731e+00
221 0 +2.564614579e+01 +9.043614579e+01 +9.043614579e+01 -3.7745e-02 -8.4750e-01 -1.6185e-02 +1.1496e+00 +1.3985e+00 -8.2934e-01 -3.3871e+00 +1.0708e+00 -1.0971e+00 +2.0489e+00
235 0 +1.601742957e+01 +8.080742957e+01 +8.080742957e+01 -4.9524e-01 -1.6671e+00 -3.9765e-01 +9.0874e-01 +9.5120e-01 -1.4760e+00 -3.9012e+00 +1.2534e+00 -2.3986e+00 +2.2785e+00
277 0 +1.493270962e+01 +7.972270962e+01 +7.972270962e+01 -1.0657e+00 -1.4219e+00 -4.2524e-01 +7.0123e-01 +1.0329e+00 -1.5291e+00 -3.5085e+00 +6.6692e-01 -1.6887e+00 +1.7102e+00
292 0 +1.442334203e+01 +7.921334203e+01 +7.921334203e+01 -1.5266e+00 -2.1301e+00 -6.7803e-01 +5.1767e-01 +1.0139e+00 -2.3767e+00 -3.5814e+00 +1.1218e+00 -2.0532e+00 +1.7485e+00
300 0 +1.159528731e+01 +7.638528731e+01 +7.638528731e+01 -2.0087e+00 -1.6656e+00 -3.7922e-01 +2.6143e-01 +9.3982e-01 -1.5016e+00 -3.4504e+00 +7.3082e-01 -1.6324e+00 +1.9589e+00
306 0 +1.094809606e+01 +7.573809606e+01 +7.573809606e+01 -6.7515e-01 -1.8972e+00 -4.2672e-01 +7.3878e-01 +6.8694e-01 -2.1006e+00 -3.7338e+00 +4.2202e-01 -2.3469e+00 +2.5302e+00
311 0 +9.966186662e+00 +7.475618666e+01 +7.475618666e+01 -1.1509e+00 -1.4658e+00 -4.9112e-01 +5.0916e-01 +1.0041e+00 -2.0731e+00 -3.8675e+00 +7.9859e-01 -2.1809e+00 +2.3958e+00
320 0 +6.530123438e+00 +7.132012344e+01 +7.132012344e+01 -1.9522e+00 -2.1682e+00 -6.8527e-01 +3.2132e-01 +5.7022e-01 -1.5732e+00 -4.0675e+00 +4.4018e-01 -2.3689e+00 +2.1127e+00
350 0 +4.849860032e+00 +6.963986003e+01 +6.963986003e+01 -1.4060e+00 -1.6290e+00 -6.5348e-01 +5.9445e-01 +5.8997e-01 -2.0763e+00 -3.9017e+00 +6.1229e-01 -2.6658e+00 +2.0765e+00
516 0 +3.986339958e+00 +6.877633996e+01 +6.877633996e+01 -1.8113e+00 -1.6996e+00 -6.6575e-01 +5.3743e-01 +6.3690e-01 -2.1185e+00 -3.7560e+00 +3.4015e-01 -2.8184e+00 +2.2383e+00
573 0 +3.930584219e+00 +6.872058422e+01 +6.872058422e+01 -1.4578e+00 -1.6326e+00 -5.2660e-01 +8.8196e-01 +1.7654e-01 -2.4553e+00 -4.0474e+00 +7.8908e-01 -2.6914e+00 +2.2406e+00
575 0 +3.689330359e+00 +6.847933036e+01 +6.847933036e+01 -1.6611e+00 -1.4955e+00 -5.8435e-01 +8.9394e-01 +2.4427e-01 -2.4615e+00 -3.9991e+00 +7.8409e-01 -2.6853e+00 +2.2204e+00
580 0 +2.874236394e+00 +6.766423639e+01 +6.766423639e+01 -1.6824e+00 -1.7656e+00 -3.3389e-01 +9.6892e-01 +3.1999e-01 -2.4667e+00 -3.9204e+00 +7.2378e-01 -2.7849e+00 +2.1896e+00
587 0 +2.509198829e+00 +6.729919883e+01 +6.729919883e+01 -1.5505e+00 -1.7177e+00 -3.8159e-01 +9.1342e-01 +4.0085e-02 -2.4022e+00 -3.8812e+00 +6.6656e-01 -2.6735e+00 +2.0464e+00
% f evaluations | g evaluations | best noise-free fitness - Fopt (-1.000000000000e+03) + sum g_i+ | measured fitness | best measured fitness or single-digit g-values | x1 | x2...
1 0 +2.433986431e+02 -7.566013569e+02 -7.566013569e+02 +0.0000e+00 +0.0000e+00 +0.0000e+00 +0.0000e+00 +0.0000e+00 +0.0000e+00 +0.0000e+00 +0.0000e+00 +0.0000e+00 +0.0000e+00
4 0 +2.230994244e+02 -7.769005756e+02 -7.769005756e+02 +2.1661e-01 -2.7248e-01 -1.4933e-01 +1.8171e-01 -5.0930e-01 +2.3317e-01 -2.5183e-01 -1.2653e-01 +4.3300e-01 -1.9345e-02
14 0 +2.051125835e+02 -7.948874165e+02 -7.948874165e+02 -1.6882e-01 +3.2974e-01 -3.5346e-01 -1.4880e-01 -6.7087e-01 +6.1319e-01 -5.0092e-02 +3.6257e-01 +1.0885e-01 +3.3268e-01
21 0 +1.986496288e+02 -8.013503712e+02 -8.013503712e+02 +3.5000e-02 -1.8840e-02 -3.3050e-01 -1.0966e-01 -4.0639e-01 +6.3546e-01 +4.1155e-02 +2.6213e-02 +2.9451e-01 +5.2331e-02
24 0 +1.636513056e+02 -8.363486944e+02 -8.363486944e+02 -1.4629e-01 +1.8928e-01 -6.9667e-01 -2.6509e-02 -8.1431e-01 +9.3798e-01 +5.0160e-02 -3.2437e-01 +4.6468e-01 +4.8468e-01
32 0 +1.446225385e+02 -8.553774615e+02 -8.553774615e+02 -9.6343e-02 -2.0098e-01 -4.5960e-01 +8.0438e-02 -9.7777e-01 +7.1455e-01 +1.0816e-01 +3.5423e-01 +7.0482e-01 +6.8591e-01
35 0 +1.407725510e+02 -8.592274490e+02 -8.592274490e+02 +1.5835e-01 -3.9649e-01 -2.9229e-01 +1.8165e-01 -9.1167e-01 +9.0624e-01 +4.2249e-01 +6.1869e-02 +5.0285e-01 +3.4147e-01
43 0 +1.240643351e+02 -8.759356649e+02 -8.759356649e+02 +4.1600e-03 +1.6701e-01 -1.0118e+00 -4.2407e-01 -1.2793e+00 +7.8971e-01 -3.4441e-01 -2.9788e-01 +1.2668e+00 +4.9666e-01
54 0 +1.130784666e+02 -8.869215334e+02 -8.869215334e+02 -1.2388e-01 +2.9105e-01 -5.0137e-01 +1.2057e-01 -1.6484e+00 +3.6967e-01 -2.5209e-01 -2.1849e-01 +9.6991e-01 +1.7222e-01
55 0 +9.152267908e+01 -9.084773209e+02 -9.084773209e+02 +9.7752e-02 -4.7177e-01 -6.2047e-01 -9.4469e-02 -1.7980e+00 +5.9222e-01 -3.5665e-01 -7.0690e-02 +1.5325e+00 -3.5525e-02
64 0 +8.212698555e+01 -9.178730145e+02 -9.178730145e+02 -3.6156e-02 -3.6626e-01 -1.1110e+00 +4.7207e-02 -1.6265e+00 +1.0932e+00 -1.1780e+00 -4.6772e-01 +1.5864e+00 +8.2935e-01
67 0 +7.148392677e+01 -9.285160732e+02 -9.285160732e+02 -6.2236e-02 +7.7782e-02 -1.1918e+00 +8.5741e-03 -2.2911e+00 +1.0299e+00 -4.4925e-01 -6.0666e-01 +1.7234e+00 +5.7778e-01
72 0 +5.565617937e+01 -9.443438206e+02 -9.443438206e+02 -1.4038e-01 -4.9071e-01 -1.0874e+00 +7.6679e-02 -2.2275e+00 +1.3326e+00 -1.0485e+00 -5.0744e-01 +2.0283e+00 +9.7634e-01
85 0 +4.866787348e+01 -9.513321265e+02 -9.513321265e+02 -5.3717e-01 +2.4216e-01 -1.3946e+00 +1.2963e-01 -2.9106e+00 +1.8164e+00 -4.9676e-01 -6.2404e-01 +1.6587e+00 +1.6820e+00
87 0 +3.695758867e+01 -9.630424113e+02 -9.630424113e+02 -1.2863e-01 +6.4244e-02 -1.4026e+00 +4.0533e-01 -3.3516e+00 +1.7462e+00 -9.1042e-01 -4.1052e-01 +3.0261e+00 +1.2260e+00
99 0 +3.373667734e+01 -9.662633227e+02 -9.662633227e+02 -2.4559e-01 -4.4604e-01 -7.4505e-01 +1.3519e-01 -2.7945e+00 +2.8300e+00 -1.2019e+00 -4.6904e-01 +2.6757e+00 +1.2304e+00
111 0 +3.231692884e+01 -9.676830712e+02 -9.676830712e+02 -8.9013e-01 -8.2324e-01 -1.2466e+00 +1.3744e-01 -3.0799e+00 +2.2366e+00 -3.8558e-01 -1.3581e-01 +2.0273e+00 +1.0760e+00
116 0 +2.727772704e+01 -9.727222730e+02 -9.727222730e+02 -1.0772e+00 +1.1012e-01 -1.1064e+00 +9.2675e-01 -3.6772e+00 +2.8191e+00 -4.9003e-01 +3.4047e-01 +2.4881e+00 +2.1150e+00
120 0 +2.375530872e+01 -9.762446913e+02 -9.762446913e+02 -7.5531e-01 -1.4305e+00 -1.6335e+00 +4.2138e-01 -3.5473e+00 +2.0612e+00 -1.0758e+00 -1.1974e-01 +3.2205e+00 +1.0907e+00
131 0 +1.562595434e+01 -9.843740457e+02 -9.843740457e+02 -9.9272e-01 -7.5192e-01 -1.3053e+00 +2.7573e-01 -3.2896e+00 +2.4549e+00 -1.0744e+00 +2.6747e-01 +2.5394e+00 +1.1683e+00
195 0 +1.358384712e+01 -9.864161529e+02 -9.864161529e+02 -1.6909e+00 -1.4343e+00 -1.8336e+00 -1.9840e-01 -3.5730e+00 +2.8228e+00 -2.4263e+00 +6.1094e-01 +2.7127e+00 +5.2544e-01
211 0 +1.276427138e+01 -9.872357286e+02 -9.872357286e+02 -1.4719e+00 -9.0088e-01 -1.8359e+00 +4.6194e-01 -3.3987e+00 +2.8404e+00 -1.5880e+00 +5.4514e-01 +2.7282e+00 +1.3274e+00
221 0 +1.143207014e+01 -9.885679299e+02 -9.885679299e+02 -1.3832e+00 -9.7671e-01 -1.7161e+00 +6.0124e-01 -3.5674e+00 +2.7728e+00 -1.5013e+00 +6.9056e-01 +2.9794e+00 +1.0930e+00
273 0 +1.076075104e+01 -9.892392490e+02 -9.892392490e+02 -1.2915e+00 -8.5429e-01 -2.0152e+00 +4.8792e-01 -3.0653e+00 +2.5288e+00 -1.2188e+00 +1.9192e-01 +3.6004e+00 +1.1251e+00
300 0 +9.990290852e+00 -9.900097091e+02 -9.900097091e+02 -2.1632e+00 -1.2902e+00 -2.0848e+00 -1.9572e-01 -3.2309e+00 +2.8929e+00 -1.5863e+00 -1.0968e-02 +3.7870e+00 +1.4192e+00
468 0 +7.144877148e+00 -9.928551229e+02 -9.928551229e+02 -1.7727e+00 -1.0928e+00 -1.9372e+00 +5.1089e-01 -3.2171e+00 +2.7588e+00 -1.8645e+00 +6.9964e-01 +3.7366e+00 +8.3187e-01
% f evaluations | g evaluations | best noise-free fitness - Fopt (1.640700000000e+02) + sum g_i+ | measured fitness | best measured fitness or single-digit g-values | x1 | x2...
1 0 +6.516834997e+02 +8.157534997e+02 +8.157534997e+02 +0.0000e+00 +0.0000e+00 +0.0000e+00 +0.0000e+00 +0.0000e+00 +0.0000e+00 +0.0000e+00 +0.0000e+00 +0.0000e+00 +0.0000e+00
7 0 +5.801290844e+02 +7.441990844e+02 +7.441990844e+02 -2.6321e-01 +2.3560e-01 -2.9494e-01 -4.1433e-02 -2.1060e-01 +1.1878e-01 +8.3286e-02 -6.4943e-01 +2.1039e-01 -1.8282e-01
36 0 +4.881389065e+02 +6.522089065e+02 +6.522089065e+02 +1.3173e-01 +4.8319e-01 -4.7935e-01 +2.0838e-01 +8.9135e-02 +2.1509e-02 +4.1472e-01 -1.2521e+00 +7.9856e-01 -9.8858e-01
92 0 +4.776022666e+02 +6.416722666e+02 +6.416722666e+02 -1.4211e-01 +1.0628e+00 -8.5758e-01 +7.7086e-01 -1.2353e-01 +4.5902e-01 +6.6538e-01 -1.6280e+00 +9.7444e-01 -6.6341e-01
94 0 +4.593894210e+02 +6.234594210e+02 +6.234594210e+02 +5.4323e-01 +7.6356e-01 -6.2117e-01 +2.7156e-01 -5.5592e-01 +2.4239e-01 +3.8108e-01 -1.4224e+00 +8.7689e-01 -1.3787e+00
101 0 +4.487693051e+02 +6.128393051e+02 +6.128393051e+02 +1.6472e-01 +8.5871e-01 -6.6193e-01 +4.1173e-01 -5.3517e-01 +3.0523e-01 +5.1494e-01 -1.5705e+00 +9.2327e-01 -7.4285e-01
104 0 +4.312538738e+02 +5.953238738e+02 +5.953238738e+02 +1.3636e-01 +9.4585e-01 -5.9798e-01 +4.0532e-01 -3.9400e-01 +4.0302e-01 +7.7705e-01 -1.8104e+00 +1.0417e+00 -9.2995e-01
109 0 +4.180127949e+02 +5.820827949e+02 +5.820827949e+02 +1.6282e-01 +1.3580e+00 -9.9156e-01 +4.3564e-01 -7.3238e-01 +2.4470e-01 +6.0294e-01 -1.4328e+00 +9.6840e-01 -6.6050e-01
111 0 +3.887930866e+02 +5.528630866e+02 +5.528630866e+02 -1.8013e-02 +8.4730e-01 -6.6353e-01 +3.3142e-01 -6.6422e-01 +2.2952e-01 +6.7082e-01 -1.6036e+00 +1.0102e+00 -8.7446e-01
112 0 +3.277604955e+02 +4.918304955e+02 +4.918304955e+02 -3.9151e-01 +6.3171e-01 -6.1415e-01 -4.3832e-02 -3.0864e-01 -1.1382e-01 +1.2296e+00 -1.5076e+00 +1.2561e+00 -1.1784e+00
124 0 +3.141142806e+02 +4.781842806e+02 +4.781842806e+02 -1.9025e-01 +1.5793e+00 -9.1932e-01 +3.1537e-01 -2.5348e-01 +9.1914e-02 +7.3903e-01 -2.1907e+00 +1.5366e+00 -1.4258e+00
126 0 +2.952137655e+02 +4.592837655e+02 +4.592837655e+02 -5.2952e-01 +1.0830e+00 -5.9543e-01 +5.3719e-01 -5.8670e-01 +1.4182e-02 +1.1312e+00 -2.1577e+00 +8.5044e-01 -1.1583e+00
133 0 +2.781592009e+02 +4.422292009e+02 +4.422292009e+02 -7.8072e-01 +1.0926e+00 -9.3101e-01 +4.8100e-01 -1.1917e+00 +2.2452e-01 +1.3307e+00 -2.4027e+00 +1.2444e+00 -1.4621e+00
135 0 +2.516341969e+02 +4.157041969e+02 +4.157041969e+02 -6.6965e-01 +7.6043e-01 -6.9729e-01 +2.8000e-01 -8.2264e-01 -2.7796e-02 +1.1429e+00 -1.9567e+00 +1.1430e+00 -1.4551e+00
144 0 +2.340521825e+02 +3.981221825e+02 +3.981221825e+02 -9.7763e-02 +1.9470e+00 -1.4547e+00 +1.5256e-01 -9.9348e-01 +7.9368e-02 +1.7828e+00 -3.2723e+00 +6.1948e-01 -1.5362e+00
146 0 +2.236004566e+02 +3.876704566e+02 +3.876704566e+02 -8.8241e-01 +1.1232e+00 -1.3443e+00 -8.5485e-02 -1.0143e+00 -3.9194e-01 +1.5184e+00 -2.1813e+00 +2.3499e-01 -1.0352e+00
151 0 +2.100044807e+02 +3.740744807e+02 +3.740744807e+02 -5.3066e-01 +1.5134e+00 -1.0918e+00 +2.5255e-01 -7.7755e-01 -1.1346e-01 +1.5817e+00 -2.5827e+00 +6.1463e-01 -1.3611e+00
153 0 +1.914834754e+02 +3.555534754e+02 +3.555534754e+02 -9.8831e-01 +1.0935e+00 -1.0548e+00 -4.4311e-01 -8.2006e-01 +6.2544e-02 +1.1707e+00 -2.7448e+00 +4.7249e-02 -1.5033e+00
157 0 +1.845343725e+02 +3.486043725e+02 +3.486043725e+02 -1.0364e+00 +1.8554e+00 -1.1541e+00 +5.3786e-01 -5.2286e-01 -5.2462e-01 +2.5180e+00 -2.2875e+00 +5.2800e-01 -1.7326e+00
161 0 +1.752337921e+02 +3.393037921e+02 +3.393037921e+02 -9.6476e-01 +1.3637e+00 -1.1873e+00 +7.7542e-02 -7.1108e-01 -2.7406e-01 +1.5838e+00 -2.5089e+00 +1.7857e-01 -1.4871e+00
176 0 +1.442436518e+02 +3.083136518e+02 +3.083136518e+02 -1.8769e+00 +4.4487e-01 -1.7544e+00 -6.1935e-01 -2.5050e-01 -8.7722e-01 +2.2036e+00 -2.6707e+00 +1.0227e-01 -1.7745e+00
183 0 +1.371722484e+02 +3.012422484e+02 +3.012422484e+02 -1.7287e+00 +1.2820e+00 -1.7124e+00 -9.7618e-01 -7.5750e-01 -5.1719e-01 +8.6052e-01 -2.8276e+00 +8.4594e-02 -1.3379e+00
201 0 +1.322477203e+02 +2.963177203e+02 +2.963177203e+02 -2.1390e+00 +1.2004e+00 -2.3891e+00 -2.6903e-01 -2.8311e-01 -6.0053e-01 +1.6968e+00 -3.3145e+00 -7.7075e-02 -1.5181e+00
204 0 +1.076921675e+02 +2.717621675e+02 +2.717621675e+02 -2.9462e+00 +1.2286e+00 -3.0686e+00 -3.2351e-01 -2.4980e-01 -6.9839e-01 +2.5206e+00 -3.0899e+00 +2.4916e-01 -1.0089e+00
331 0 +1.064296608e+02 +2.704996608e+02 +2.704996608e+02 -3.1228e+00 +7.0200e-01 -3.9054e+00 -3.7779e-01 -5.2002e-01 -1.1925e+00 +2.1958e+00 -3.5059e+00 -1.2788e-01 -9.6048e-01
341 0 +1.004618429e+02 +2.645318429e+02 +2.645318429e+02 -2.8068e+00 +7.2678e-01 -3.8232e+00 -4.1235e-01 -9.5828e-01 -8.4135e-01 +2.0453e+00 -3.3376e+00 +6.4224e-02 -1.0893e+00
361 0 +9.619920206e+01 +2.602692021e+02 +2.602692021e+02 -2.2270e+00 +9.7749e-01 -3.6566e+00 -1.8477e-01 -7.1401e-01 -7.1002e-01 +1.8645e+00 -3.5127e+00 +2.7442e-02 -1.5615e+00
362 0 +9.343066332e+01 +2.575006633e+02 +2.575006633e+02 -3.0456e+00 +9.9338e-01 -3.6148e+00 -2.1877e-01 -3.2221e-01 +1.7548e-03 +1.8578e+00 -3.1453e+00 +4.0775e-01 -1.5185e+00
374 0 +9.085593667e+01 +2.549259367e+02 +2.549259367e+02 -2.5554e+00 +6.1861e-01 -3.8758e+00 -2.8931e-01 -1.5891e+00 +2.6903e-02 +2.3246e+00 -3.5227e+00 +6.7468e-01 -1.7893e+00
380 0 +8.744232063e+01 +2.515123206e+02 +2.515123206e+02 -1.9092e+00 +5.5074e-01 -3.5493e+00 -6.4799e-01 -1.1662e+00 -1.6047e-01 +1.2633e+00 -2.9320e+00 -2.5655e-02 -2.0460e+00
386 0 +7.518315188e+01 +2.392531519e+02 +2.392531519e+02 -2.1054e+00 +1.0298e+00 -3.8453e+00 -2.1634e-01 -1.1291e+00 +3.4830e-01 +1.0027e+00 -2.9572e+00 +3.1201e-01 -2.1722e+00
393 0 +7.054568233e+01 +2.346156823e+02 +2.346156823e+02 -2.9307e+00 -5.0044e-02 -3.3282e+00 -9.3616e-01 -8.9040e-01 +3.2905e-01 +1.5511e+00 -2.7373e+00 +6.2857e-01 -1.9482e+00
431 0 +6.837006523e+01 +2.324400652e+02 +2.324400652e+02 -2.2054e+00 +3.0279e-01 -3.5291e+00 -6.8297e-01 -1.1917e+00 +2.5951e-01 +1.5975e+00 -2.2357e+00 +7.0155e-01 -2.1830e+00
434 0 +6.569771933e+01 +2.297677193e+02 +2.297677193e+02 -2.7573e+00 -5.4999e-02 -3.5413e+00 -5.8766e-01 -7.3223e-01 -6.0140e-02 +1.5852e+00 -2.0203e+00 +6.6812e-01 -2.3152e+00
439 0 +5.336124569e+01 +2.174312457e+02 +2.174312457e+02 -2.5986e+00 +4.0484e-01 -4.4135e+00 -9.4558e-01 -1.1870e+00 +6.4750e-01 +1.8180e+00 -2.4837e+00 +7.6756e-01 -2.4683e+00
494 0 +3.899589660e+01 +2.030658966e+02 +2.030658966e+02 -2.4871e+00 +6.1225e-01 -4.1201e+00 -3.7937e-01 -6.2614e-01 +1.1198e+00 +1.5185e+00 -1.1129e+00 +1.1279e+00 -3.4773e+00
513 0 +3.671336351e+01 +2.007833635e+02 +2.007833635e+02 -1.6379e+00 +4.6256e-01 -4.3952e+00 -4.0094e-01 -1.0628e+00 +1.2093e+00 +1.2089e+00 -5.6118e-01 +1.5168e+00 -3.8658e+00
546 0 +3.562839845e+01 +1.996983985e+02 +1.996983985e+02 -1.8931e+00 +1.0402e+00 -4.1723e+00 -2.9793e-01 -1.5670e+00 +1.1935e+00 +1.7106e+00 -1.8602e-01 +1.2071e+00 -3.8009e+00
568 0 +3.101109213e+01 +1.950810921e+02 +1.950810921e+02 -1.8754e+00 +8.5595e-01 -3.4101e+00 +4.9428e-03 -1.3277e+00 +1.6440e+00 +1.7901e+00 +3.3129e-01 +1.3011e+00 -3.9168e+00
615 0 +2.856577092e+01 +1.926357709e+02 +1.926357709e+02 -1.4524e+00 +1.0300e+00 -3.4410e+00 -7.2303e-01 -1.6896e+00 +1.0473e+00 +1.0806e+00 -1.7271e-01 +1.6489e+00 -4.1012e+00
664 0 +2.363320108e+01 +1.877032011e+02 +1.877032011e+02 -1.8350e+00 +1.0439e+00 -3.5739e+00 -5.7469e-01 -1.6752e+00 +1.6029e+00 +6.0139e-01 +5.1806e-01 +1.6176e+00 -4.3178e+00
685 0 +2.281989408e+01 +1.868898941e+02 +1.868898941e+02 -2.4469e+00 +8.1879e-01 -4.2295e+00 -6.3030e-01 -1.6426e+00 +1.5181e+00 +1.4152e+00 -1.3345e-02 +1.9509e+00 -4.0222e+00
702 0 +2.164292308e+01 +1.857129231e+02 +1.857129231e+02 -1.7875e+00 +1.2128e+00 -3.8719e+00 -3.1844e-01 -1.6427e+00 +1.5830e+00 +1.5784e+00 +4.9118e-01 +2.1242e+00 -4.1312e+00
731 0 +2.136636613e+01 +1.854363661e+02 +1.854363661e+02 -1.7957e+00 +9.4126e-01 -3.7709e+00 -2.9574e-01 -1.5148e+00 +1.5014e+00 +1.5501e+00 +6.8640e-01 +2.0708e+00 -4.2830e+00
735 0 +2.020821609e+01 +1.842782161e+02 +1.842782161e+02 -1.8340e+00 +1.0694e+00 -4.0120e+00 -2.9238e-01 -1.4215e+00 +1.2763e+00 +1.7670e+00 +6.0987e-01 +2.2147e+00 -4.3268e+00
757 0 +1.940538638e+01 +1.834753864e+02 +1.834753864e+02 -1.9050e+00 +8.2795e-01 -3.7584e+00 -2.7198e-01 -1.2846e+00 +1.4712e+00 +1.2387e+00 +1.2589e+00 +2.3776e+00 -4.3009e+00
828 0 +1.898723324e+01 +1.830572332e+02 +1.830572332e+02 -2.0807e+00 +1.2056e+00 -3.7707e+00 -4.2361e-01 -1.2822e+00 +9.8862e-01 +1.5982e+00 +9.3142e-01 +2.2327e+00 -4.0093e+00
837 0 +1.831701117e+01 +1.823870112e+02 +1.823870112e+02 -2.0113e+00 +1.2958e+00 -3.8857e+00 -3.5086e-01 -1.5864e+00 +1.2473e+00 +1.3778e+00 +9.5729e-01 +2.0853e+00 -4.1684e+00
867 0 +1.670681576e+01 +1.807768158e+02 +1.807768158e+02 -1.9519e+00 +1.1315e+00 -3.8576e+00 -5.9141e-01 -1.3487e+00 +1.4771e+00 +1.3732e+00 +1.2343e+00 +2.5088e+00 -4.5829e+00
% f evaluations | g evaluations | best noise-free fitness - Fopt (-1.656800000000e+02) + sum g_i+ | measured fitness | best measured fitness or single-digit g-values | x1 | x2...
1 0 +1.237541452e+02 -4.192585483e+01 -4.192585483e+01 +0.0000e+00 +0.0000e+00 +0.0000e+00 +0.0000e+00 +0.0000e+00 +0.0000e+00 +0.0000e+00 +0.0000e+00 +0.0000e+00 +0.0000e+00
2 0 +9.382883791e+01 -7.185116209e+01 -7.185116209e+01 +4.3379e-01 +3.0692e-02 +9.8026e-02 +3.4094e-01 +2.4727e-01 +1.7369e-01 -1.1375e-01 -3.0566e-01 +1.1285e-01 -1.5359e-01
17 0 +8.549870654e+01 -8.018129346e+01 -8.018129346e+01 +5.4157e-01 +5.7674e-01 -1.7359e-01 +5.0399e-01 -2.1224e-01 +5.1169e-01 +3.3657e-01 -3.2032e-01 +4.6880e-01 -3.3328e-01
32 0 +7.320669317e+01 -9.247330683e+01 -9.247330683e+01 +7.6529e-02 +1.5668e-02 -4.4029e-01 +6.0708e-01 -8.8082e-02 +2.2468e-01 +1.4798e-01 +1.1500e-01 +2.6941e-01 +2.8848e-01
50 0 +6.601117986e+01 -9.966882014e+01 -9.966882014e+01 +5.6795e-01 +2.2696e-01 -3.1227e-01 +7.2522e-01 +5.0274e-01 +8.1915e-02 +2.2843e-01 +2.1500e-01 +1.5227e-01 +3.3335e-01
98 0 +5.009367427e+01 -1.155863257e+02 -1.155863257e+02 +4.5056e-01 +5.8690e-01 -2.6895e-01 +9.4423e-01 +2.3554e-01 -2.8528e-01 -1.5334e-01 +7.3215e-01 +1.2867e-01 +7.3505e-01
165 0 +4.857813492e+01 -1.171018651e+02 -1.171018651e+02 -2.1218e-01 +4.1569e-01 -3.1671e-01 +8.4839e-01 +4.5139e-01 -3.8658e-01 -1.4628e-01 +7.2825e-01 +3.0637e-01 +3.4626e-01
167 0 +4.566310113e+01 -1.200168989e+02 -1.200168989e+02 +2.2096e-01 +3.5594e-01 -2.0958e-01 +1.2245e+00 +1.4225e-01 -4.0147e-02 +2.4724e-01 +1.0600e+00 +1.3473e-01 +7.1947e-01
168 0 +4.314015426e+01 -1.225398457e+02 -1.225398457e+02 -6.4864e-02 +1.9236e-01 -3.2861e-01 +7.5964e-01 +4.0944e-01 -4.2941e-01 +7.6191e-02 +8.2497e-01 -1.1261e-01 +5.2008e-01
198 0 +3.920302279e+01 -1.264769772e+02 -1.264769772e+02 -4.7186e-01 +2.9247e-01 -4.0826e-01 +1.0501e+00 +2.1994e-01 -3.3495e-01 +9.2151e-03 +9.2707e-01 -5.5207e-02 +5.4027e-01
202 0 +3.813614283e+01 -1.275438572e+02 -1.275438572e+02 -2.3342e-01 -2.8818e-02 -4.6306e-01 +9.5075e-01 +4.7185e-01 -3.6688e-01 -3.9151e-01 +1.0969e+00 -9.6313e-02 +6.7567e-01
203 0 +3.633025217e+01 -1.293497478e+02 -1.293497478e+02 -4.4497e-01 +5.6438e-01 -6.7426e-01 +1.2391e+00 +3.7952e-01 -1.4480e-01 -4.9194e-02 +1.1491e+00 +3.2059e-02 +5.6258e-01
215 0 +3.474120287e+01 -1.309387971e+02 -1.309387971e+02 -2.5094e-01 +2.3808e-01 -6.8883e-01 +9.0201e-01 +5.8852e-01 -2.3140e-01 -2.6667e-01 +1.1387e+00 -3.6883e-01 +6.4487e-01
223 0 +2.840602250e+01 -1.372739775e+02 -1.372739775e+02 -4.6509e-01 +2.1922e-02 -3.9418e-01 +9.5746e-01 +3.6101e-01 -6.5858e-01 -1.0909e-02 +1.4190e+00 +6.0659e-02 +4.0664e-01
228 0 +2.792660194e+01 -1.377533981e+02 -1.377533981e+02 -6.3172e-01 +2.1054e-01 -3.2992e-01 +7.5836e-01 +5.9953e-01 -4.8741e-01 -7.3633e-03 +1.3262e+00 -1.2199e-01 +2.3060e-01
260 0 +2.644753203e+01 -1.392324680e+02 -1.392324680e+02 -1.0176e+00 +2.3640e-01 -7.1281e-01 +8.6763e-01 +2.5405e-01 -8.2074e-01 -9.1938e-02 +1.4932e+00 -3.3990e-01 +4.0124e-01
262 0 +2.177519206e+01 -1.439048079e+02 -1.439048079e+02 -8.3793e-01 +9.5501e-02 -5.7155e-01 +7.8732e-01 +6.8869e-01 -7.8383e-01 -1.5705e-01 +1.5195e+00 -1.6231e-01 +2.4400e-01
270 0 +1.502191446e+01 -1.506580855e+02 -1.506580855e+02 -1.0406e+00 +2.9959e-01 -5.8140e-01 +8.7993e-01 +8.1028e-01 -9.5986e-01 -2.0017e-01 +1.7857e+00 -4.0757e-01 +4.4289e-01
334 0 +1.410329586e+01 -1.515767041e+02 -1.515767041e+02 -1.4433e+00 +2.1206e-01 -8.3735e-01 +1.2161e+00 +1.0201e+00 -1.1234e+00 -8.2420e-02 +2.3132e+00 -3.6898e-01 +6.0827e-01
% f evaluations | g evaluations | best noise-free fitness - Fopt (9.284000000000e+01) + sum g_i+ | measured fitness | best measured fitness or single-digit g-values | x1 | x2...
1 0 +5.369995826e+02 +6.298395826e+02 +6.298395826e+02 +0.0000e+00 +0.0000e+00 +0.0000e+00 +0.0000e+00 +0.0000e+00 +0.0000e+00 +0.0000e+00 +0.0000e+00 +0.0000e+00 +0.0000e+00
6 0 +5.035735086e+02 +5.964135086e+02 +5.964135086e+02 +1.8723e-01 -2.5702e-01 +1.5212e-01 +1.5671e-02 +5.1476e-01 -6.3323e-02 +3.7553e-01 -3.4671e-01 +9.3874e-02 -2.1343e-01
16 0 +3.768085018e+02 +4.696485018e+02 +4.696485018e+02 +3.1835e-01 +1.2591e-02 -3.1579e-01 +1.1880e-01 +1.1379e+00 -1.7078e-01 -1.4601e-02 -5.5827e-01 +5.0089e-01 +3.9473e-01
24 0 +3.492933401e+02 +4.421333401e+02 +4.421333401e+02 -6.1715e-02 +1.3952e-01 -4.1298e-01 +8.2269e-02 -4.1764e-02 +3.3515e-01 -8.9214e-02 -9.3463e-01 +2.8457e-01 +6.1323e-01
29 0 +3.012415493e+02 +3.940815493e+02 +3.940815493e+02 +6.5407e-01 -5.2134e-01 -2.6533e-01 +1.5015e-02 +5.3189e-01 +6.7399e-02 +1.1503e-02 -8.8896e-01 +3.5823e-01 +4.7014e-01
57 0 +2.876245348e+02 +3.804645348e+02 +3.804645348e+02 +1.4400e-01 -1.7410e-01 -7.5867e-01 -6.0409e-02 +1.3786e-01 -1.5604e-02 -5.4273e-01 -6.8135e-01 +1.1911e+00 +7.2972e-01
58 0 +2.765472646e+02 +3.693872646e+02 +3.693872646e+02 +7.8788e-01 -5.3832e-01 -6.2703e-01 +5.6609e-01 -3.2223e-01 +2.5452e-01 -7.8221e-01 -1.1299e+00 +9.9038e-01 +6.7736e-01
62 0 +2.738244053e+02 +3.666644053e+02 +3.666644053e+02 +1.0643e+00 -7.1453e-01 -8.7053e-01 +3.5056e-01 +4.4968e-01 +2.3444e-01 -9.0582e-01 -2.3764e-01 +7.8665e-01 +1.1323e+00
64 0 +1.179904174e+02 +2.108304174e+02 +2.108304174e+02 +4.4084e-01 -5.7869e-01 -8.6331e-01 +4.7150e-01 +6.4472e-02 +5.5102e-01 -1.3588e+00 -1.3971e+00 +1.2894e+00 +1.5791e+00
72 0 +7.855976194e+01 +1.713997619e+02 +1.713997619e+02 +1.8627e-01 -6.8360e-01 -9.5621e-01 +4.8175e-01 -9.4548e-03 +5.2421e-01 -1.2589e+00 -1.6449e+00 +1.8250e+00 +1.7349e+00
84 0 +5.752041414e+01 +1.503604141e+02 +1.503604141e+02 +3.0552e-01 -6.1441e-02 -1.1873e+00 +5.9805e-01 +6.8963e-01 +1.2038e-02 -1.1390e+00 -2.4378e+00 +2.6947e+00 +1.9305e+00
90 0 +5.148828778e+01 +1.443282878e+02 +1.443282878e+02 -2.6704e-01 -3.4252e-01 -9.4246e-01 +4.7005e-01 -3.9043e-02 +2.0695e-01 -9.0592e-01 -1.9671e+00 +2.6845e+00 +2.0200e+00
96 0 +4.079290019e+01 +1.336329002e+02 +1.336329002e+02 +5.9260e-02 -8.2189e-01 -8.1041e-01 +5.9837e-01 +6.2858e-01 -1.9142e-03 -1.1846e+00 -1.4833e+00 +3.0757e+00 +2.2420e+00
103 0 +3.803053077e+01 +1.308705308e+02 +1.308705308e+02 -3.3800e-01 -5.4226e-02 -1.4113e+00 +5.6310e-01 +3.5086e-01 +4.0275e-01 -1.1261e+00 -1.7051e+00 +3.3599e+00 +2.1905e+00
111 0 +3.664795455e+01 +1.294879545e+02 +1.294879545e+02 -1.6955e-01 -4.2725e-01 -1.0071e+00 +6.8807e-01 +4.9084e-01 +1.6207e-01 -1.0831e+00 -2.0037e+00 +3.2173e+00 +2.2731e+00
123 0 +2.669969171e+01 +1.195396917e+02 +1.195396917e+02 -1.0675e-01 -4.1990e-01 -1.8169e+00 +3.8415e-01 +4.1695e-01 -2.3997e-01 -1.9275e-01 -2.4409e+00 +3.3764e+00 +1.9596e+00
177 0 +2.510323199e+01 +1.179432320e+02 +1.179432320e+02 -2.3675e-02 -3.6548e-01 -1.8105e+00 +7.2071e-01 +6.0781e-01 +2.4807e-01 -3.8978e-01 -1.6685e+00 +3.3811e+00 +2.5842e+00
239 0 +2.232679678e+01 +1.151667968e+02 +1.151667968e+02 +6.0794e-01 -4.0823e-01 -1.9130e+00 +1.4764e+00 +5.4783e-01 +2.8721e-01 -5.5064e-01 -2.0350e+00 +4.1624e+00 +2.0935e+00
251 0 +1.842653681e+01 +1.112665368e+02 +1.112665368e+02 +8.9848e-02 -3.4764e-01 -1.9704e+00 +1.0050e+00 +5.0946e-01 +2.6672e-01 -5.6623e-01 -2.1772e+00 +3.8701e+00 +2.2584e+00
322 0 +1.810063128e+01 +1.109406313e+02 +1.109406313e+02 +2.2343e-01 -6.1839e-01 -2.0591e+00 +9.4628e-01 +2.0502e-01 +4.1103e-01 -3.8587e-01 -2.3111e+00 +3.6113e+00 +2.4409e+00
328 0 +1.772811218e+01 +1.105681122e+02 +1.105681122e+02 +2.4113e-01 -4.6256e-01 -2.3621e+00 +1.3011e+00 +1.8677e-01 +6.0268e-01 +5.7743e-01 -2.6091e+00 +3.5701e+00 +2.1971e+00
331 0 +1.699154027e+01 +1.098315403e+02 +1.098315403e+02 +1.1387e-01 -3.8924e-01 -2.2584e+00 +1.1508e+00 +1.7850e-01 +5.1362e-01 +8.1227e-02 -2.4389e+00 +3.6398e+00 +2.1345e+00
334 0 +1.693881241e+01 +1.097788124e+02 +1.097788124e+02 -1.4133e-01 -1.7607e-01 -2.3752e+00 +1.3283e+00 +2.7888e-01 +1.5678e-01 +2.3159e-01 -2.5377e+00 +3.9254e+00 +1.9856e+00
346 0 +1.412225162e+01 +1.069622516e+02 +1.069622516e+02 +2.2646e-01 -3.8123e-01 -2.3315e+00 +1.2819e+00 +2.4911e-01 +7.6093e-01 +1.9727e-01 -2.4285e+00 +3.5405e+00 +2.1597e+00
374 0 +1.373689802e+01 +1.065768980e+02 +1.065768980e+02 +3.0680e-01 -5.7601e-01 -2.5982e+00 +1.4423e+00 -1.5458e-01 +9.2492e-01 +5.9002e-01 -2.7476e+00 +3.5505e+00 +2.0405e+00
381 0 +1.040418111e+01 +1.032441811e+02 +1.032441811e+02 +2.2176e-01 -3.7786e-01 -2.4723e+00 +1.4239e+00 +1.1815e-01 +8.7807e-01 +2.2309e-01 -2.6271e+00 +3.2348e+00 +1.8343e+00
405 0 +9.981567691e+00 +1.028215677e+02 +1.028215677e+02 +5.2245e-01 -6.4565e-01 -2.3015e+00 +1.2873e+00 +3.6353e-01 +9.9588e-01 +6.9843e-01 -2.3976e+00 +3.2376e+00 +2.0792e+00
528 0 +8.212949963e+00 +1.010529500e+02 +1.010529500e+02 +5.5586e-01 -5.8267e-01 -2.7185e+00 +1.5273e+00 +3.3680e-01 +1.2549e+00 +8.0373e-01 -2.4821e+00 +3.4632e+00 +1.7224e+00
547 0 +7.040318937e+00 +9.988031894e+01 +9.988031894e+01 +5.2381e-01 -5.9507e-01 -2.7586e+00 +1.4456e+00 +3.0025e-01 +1.0601e+00 +5.8570e-01 -2.5584e+00 +3.7657e+00 +1.9786e+00
% f evaluations | g evaluations | best noise-free fitness - Fopt (-3.679200000000e+02) + sum g_i+ | measured fitness | best measured fitness or single-digit g-values | x1 | x2...
1 0 +1.118759657e+02 -2.560440343e+02 -2.560440343e+02 +0.0000e+00 +0.0000e+00 +0.0000e+00 +0.0000e+00 +0.0000e+00 +0.0000e+00 +0.0000e+00 +0.0000e+00 +0.0000e+00 +0.0000e+00
2 0 +1.045285232e+02 -2.633914768e+02 -2.633914768e+02 +4.3379e-01 +3.0692e-02 +9.8026e-02 +3.4094e-01 +2.4727e-01 +1.7369e-01 -1.1375e-01 -3.0566e-01 +1.1285e-01 -1.5359e-01
5 0 +9.286746934e+01 -2.750525307e+02 -2.750525307e+02 -9.0564e-02 +8.4424e-02 -2.8183e-02 -1.8777e-01 +7.4957e-02 +6.4105e-01 +2.7589e-01 +1.3137e-01 +7.7185e-02 +2.3934e-01
6 0 +8.203964408e+01 -2.858803559e+02 -2.858803559e+02 +1.8723e-01 -2.5702e-01 +1.5212e-01 +1.5671e-02 +5.1476e-01 -6.3323e-02 +3.7553e-01 -3.4671e-01 +9.3874e-02 -2.1343e-01
14 0 +8.086414597e+01 -2.870558540e+02 -2.870558540e+02 -1.6646e-02 +2.2528e-01 -9.3793e-02 -1.4769e-01 -2.9097e-01 +5.6696e-01 -2.4289e-02 +3.6003e-01 -2.1695e-01 +2.6655e-01
15 0 +5.869793605e+01 -3.092220639e+02 -3.092220639e+02 +6.0488e-01 -5.1211e-01 +2.2719e-01 -3.1130e-01 -1.3272e-01 +2.7427e-01 +2.9300e-01 +2.6560e-01 -1.2974e-01 +1.7582e-01
20 0 +5.475767808e+01 -3.131623219e+02 -3.131623219e+02 +1.1678e-01 +2.4593e-02 +9.4992e-02 -3.9178e-01 +3.4000e-01 -4.3567e-04 +8.9740e-01 -2.1046e-02 -1.0941e-01 +1.4179e-01
21 0 +5.310998668e+01 -3.148100133e+02 -3.148100133e+02 +2.6747e-01 -9.5648e-02 +2.1838e-02 -2.1665e-01 +2.5539e-01 +2.0745e-01 +3.0352e-01 +6.5989e-02 -3.0088e-02 +2.4258e-01
45 0 +4.853297369e+01 -3.193870263e+02 -3.193870263e+02 +1.0516e+00 -3.9409e-01 -1.7035e-02 -2.7697e-01 -4.0679e-02 -2.5579e-01 +3.2597e-01 -1.2411e-01 -5.1180e-02 +5.3917e-01
48 0 +4.564274890e+01 -3.222772511e+02 -3.222772511e+02 +8.0905e-01 -4.9342e-01 +1.6720e-02 -2.1386e-01 +2.1713e-01 -3.2156e-03 +4.3707e-01 -9.5562e-02 +7.1455e-03 +5.2043e-01
52 0 +3.991476320e+01 -3.280052368e+02 -3.280052368e+02 +1.1542e+00 -6.4788e-01 +2.1427e-01 -5.7367e-01 -1.9445e-01 -3.0910e-01 +4.9317e-01 -2.2034e-01 -9.9490e-02 +3.7636e-01
53 0 +3.897461336e+01 -3.289453866e+02 -3.289453866e+02 +9.4621e-01 -5.2960e-01 -8.0724e-02 -2.0269e-01 -1.4066e-01 -6.1381e-02 +7.5437e-01 -3.3690e-02 -4.2488e-01 +9.3510e-01
56 0 +3.854100228e+01 -3.293789977e+02 -3.293789977e+02 +7.9339e-01 -1.9836e-01 +3.4095e-01 -3.5855e-01 +3.5513e-01 +1.3124e-01 +3.9907e-01 -2.6002e-01 +1.8401e-01 +6.3294e-01
60 0 +3.616616751e+01 -3.317538325e+02 -3.317538325e+02 +1.0024e+00 -3.7934e-01 +1.2274e-01 -5.1269e-01 +2.4240e-01 +1.5367e-01 +7.8817e-01 -2.3050e-02 -1.2746e-01 +4.2024e-01
74 0 +3.490648543e+01 -3.330135146e+02 -3.330135146e+02 +1.2592e+00 -6.6435e-01 +5.7579e-01 -4.0310e-01 +2.2260e-01 -2.7963e-01 +6.0763e-01 +2.4007e-01 +7.0606e-01 +1.2013e+00
79 0 +3.308275466e+01 -3.348372453e+02 -3.348372453e+02 +6.0862e-01 -5.7091e-01 +5.3907e-01 +3.5339e-02 +1.1913e-01 -2.6998e-01 +6.6311e-01 +3.8639e-02 +7.3869e-02 +1.0001e+00
81 0 +2.997645565e+01 -3.379435444e+02 -3.379435444e+02 +9.3773e-01 -5.1707e-01 +4.2405e-01 -3.4362e-01 +5.6182e-02 -1.5848e-01 +7.6307e-01 +5.2485e-02 +2.5539e-01 +1.0232e+00
96 0 +2.941193407e+01 -3.385080659e+02 -3.385080659e+02 +8.7285e-01 -7.6090e-01 +4.6143e-01 -4.2895e-01 +3.4018e-01 -1.3928e-01 +8.3975e-01 +1.7494e-01 +5.6138e-01 +1.2146e+00
101 0 +2.866303146e+01 -3.392569685e+02 -3.392569685e+02 +9.1125e-01 -5.5628e-01 +5.7615e-01 -4.3545e-01 +5.6592e-02 -3.6480e-01 +9.2665e-01 +1.1613e-01 +2.2080e-01 +1.3367e+00
106 0 +2.551089339e+01 -3.424091066e+02 -3.424091066e+02 +1.0213e+00 -1.2461e-01 +9.2854e-01 -3.9083e-01 +3.7845e-01 -4.2742e-01 +7.9086e-01 +2.4086e-01 +3.8914e-01 +1.1575e+00
152 0 +1.770806169e+01 -3.502119383e+02 -3.502119383e+02 +1.0470e+00 -3.9500e-01 +1.2718e+00 -2.2387e-01 +5.9507e-01 -5.8408e-01 +1.4141e+00 -9.4613e-02 +4.8423e-01 +1.2025e+00
180 0 +1.544476588e+01 -3.524752341e+02 -3.524752341e+02 +1.2441e+00 -4.1995e-01 +1.9703e+00 -1.9533e-01 +9.8698e-01 -7.8151e-01 +1.2535e+00 +1.9648e-01 +3.7989e-01 +1.1125e+00
182 0 +1.502988794e+01 -3.528901121e+02 -3.528901121e+02 +1.2718e+00 -3.2873e-01 +1.8858e+00 -1.9463e-02 +4.6229e-01 -5.2754e-01 +1.0624e+00 -1.4865e-01 +2.7275e-01 +1.0395e+00
208 0 +1.439683714e+01 -3.535231629e+02 -3.535231629e+02 +1.4438e+00 -4.2191e-01 +1.6409e+00 -1.2194e-01 +1.0218e+00 -7.0101e-01 +1.4949e+00 +1.9653e-01 +1.1157e-01 +1.0304e+00
241 0 +1.262922662e+01 -3.552907734e+02 -3.552907734e+02 +1.7187e+00 -3.2329e-01 +1.5390e+00 -3.0042e-01 +7.7313e-01 -7.6217e-01 +1.4217e+00 -1.0154e-01 +2.5802e-01 +1.0148e+00
243 0 +1.068527324e+01 -3.572347268e+02 -3.572347268e+02 +1.6917e+00 -3.6865e-01 +1.4748e+00 -1.7769e-01 +7.2291e-01 -6.7548e-01 +1.7397e+00 -3.0620e-01 +1.2543e-01 +8.0907e-01
371 0 +1.044263887e+01 -3.574773611e+02 -3.574773611e+02 +1.5506e+00 -3.1759e-01 +1.6930e+00 -1.1529e-01 +1.0294e+00 -5.8269e-01 +1.8389e+00 -1.7406e-01 +1.4347e-01 +7.3646e-01
383 0 +1.005714979e+01 -3.578628502e+02 -3.578628502e+02 +1.5881e+00 -2.5658e-01 +1.8639e+00 -9.7928e-02 +1.0983e+00 -5.3001e-01 +1.9025e+00 -2.5612e-01 +3.5820e-02 +5.8568e-01
384 0 +9.847055852e+00 -3.580729441e+02 -3.580729441e+02 +1.5592e+00 -3.7006e-01 +1.9128e+00 -1.0530e-01 +1.1070e+00 -5.9817e-01 +1.9274e+00 -1.2891e-01 +1.4241e-01 +6.8536e-01
401 0 +9.673918647e+00 -3.582460814e+02 -3.582460814e+02 +1.5568e+00 -3.8560e-01 +1.8073e+00 -2.2848e-01 +1.0313e+00 -4.7067e-01 +1.9526e+00 -1.3280e-01 +2.2005e-01 +7.4422e-01
407 0 +9.385120671e+00 -3.585348793e+02 -3.585348793e+02 +1.5494e+00 -4.1458e-01 +1.8437e+00 -1.1966e-01 +9.1323e-01 -4.3519e-01 +1.9432e+00 -9.0199e-02 +8.8629e-02 +7.3016e-01
468 0 +8.271880454e+00 -3.596481195e+02 -3.596481195e+02 +1.5131e+00 -4.1917e-01 +1.9965e+00 -6.6377e-02 +9.6573e-01 -4.7654e-01 +1.7512e+00 -1.2324e-01 +2.7446e-01 +5.6199e-01
477 0 +8.014035908e+00 -3.599059641e+02 -3.599059641e+02 +1.5145e+00 -4.3513e-01 +2.0785e+00 +1.0577e-02 +1.0307e+00 -5.1649e-01 +1.8074e+00 -1.7133e-01 +2.8799e-01 +6.2479e-01
493 0 +6.348901096e+00 -3.615710989e+02 -3.615710989e+02 +1.4179e+00 -3.8591e-01 +2.1712e+00 +7.3651e-02 +1.0502e+00 -3.1460e-01 +2.0003e+00 +1.2026e-02 +2.2502e-01 +5.0338e-01
515 0 +6.028299253e+00 -3.618917007e+02 -3.618917007e+02 +1.3378e+00 -5.4259e-01 +2.1756e+00 +2.9650e-02 +1.0063e+00 -3.7599e-01 +1.9273e+00 +5.7323e-02 +1.8794e-01 +5.3833e-01
517 0 +5.957668617e+00 -3.619623314e+02 -3.619623314e+02 +1.4054e+00 -4.5962e-01 +2.1240e+00 +1.5016e-01 +1.0473e+00 -3.8116e-01 +1.9766e+00 +7.5477e-02 +1.2717e-01 +5.3069e-01
567 0 +4.411179303e+00 -3.635088207e+02 -3.635088207e+02 +1.2465e+00 -4.1159e-01 +2.2581e+00 +1.2948e-01 +8.9481e-01 -3.6262e-01 +1.8712e+00 +2.7850e-01 +1.1115e-01 +4.0435e-01
642 0 +4.297877787e+00 -3.636221222e+02 -3.636221222e+02 +1.2201e+00 -4.3974e-01 +2.2643e+00 +2.0916e-01 +8.3084e-01 -2.5625e-01 +1.8097e+00 +2.2492e-01 -1.1553e-01 +4.8026e-01
670 0 +4.121238829e+00 -3.637987612e+02 -3.637987612e+02 +1.1024e+00 -4.3175e-01 +2.5404e+00 +4.7560e-01 +6.8240e-01 -1.2132e-02 +1.8623e+00 +4.2519e-01 -9.7774e-02 +3.2461e-01
% f evaluations | g evaluations | best noise-free fitness - Fopt (4.950000000000e+01) + sum g_i+ | measured fitness | best measured fitness or single-digit g-values | x1 | x2...
1 0 +6.800683109e+02 +7.295683109e+02 +7.295683109e+02 +0.0000e+00 +0.0000e+00 +0.0000e+00 +0.0000e+00 +0.0000e+00 +0.0000e+00 +0.0000e+00 +0.0000e+00 +0.0000e+00 +0.0000e+00
3 0 +6.189446024e+02 +6.684446024e+02 +6.684446024e+02 +2.4817e-01 +6.3376e-02 -2.2359e-01 +8.0318e-02 +2.1275e-01 +5.3256e-02 -2.3477e-01 +7.8699e-02 +1.0710e-01 +2.4729e-01
4 0 +5.359238703e+02 +5.854238703e+02 +5.854238703e+02 +2.1661e-01 -2.7248e-01 -1.4933e-01 +1.8171e-01 -5.0930e-01 +2.3317e-01 -2.5183e-01 -1.2653e-01 +4.3300e-01 -1.9345e-02
12 0 +4.856595632e+02 +5.351595632e+02 +5.351595632e+02 +1.6959e-01 +4.2204e-01 -4.8083e-01 +4.1849e-01 -4.5201e-02 +8.6581e-01 -1.0794e-01 -2.8105e-01 +3.0720e-01 -2.0165e-01
18 0 +4.098927632e+02 +4.593927632e+02 +4.593927632e+02 -3.4549e-01 -3.3826e-01 -4.7722e-01 -2.9593e-01 -1.5153e-01 +7.3516e-01 -1.0108e-01 -3.8241e-01 +3.9554e-01 +2.5624e-03
24 0 +3.879821685e+02 +4.374821685e+02 +4.374821685e+02 -7.2979e-02 +3.8232e-01 -7.6522e-01 +2.5040e-01 -3.0779e-01 +8.7646e-01 +3.1602e-02 -7.1903e-01 +6.1739e-01 +4.6028e-01
43 0 +3.497025592e+02 +3.992025592e+02 +3.992025592e+02 +3.4596e-01 +4.2542e-01 -1.2585e+00 -2.4363e-01 -2.7428e-01 +7.4579e-01 -3.4934e-01 -8.6253e-01 +1.5048e+00 +3.3849e-01
57 0 +2.503622893e+02 +2.998622893e+02 +2.998622893e+02 +2.4669e-01 +1.4637e-01 -1.1031e+00 -3.6273e-01 +2.9439e-02 +6.9944e-01 -3.1116e-01 -5.3632e-01 +1.7870e+00 +1.9799e-01
65 0 +2.387510867e+02 +2.882510867e+02 +2.882510867e+02 +2.8483e-01 -5.0888e-01 -1.1994e+00 +7.1314e-02 -2.1854e-01 +1.2453e+00 -1.4388e-01 -8.8783e-01 +2.5765e+00 -2.2722e-01
72 0 +2.194974636e+02 +2.689974636e+02 +2.689974636e+02 +2.8415e-01 -3.0358e-01 -1.1522e+00 +2.1368e-01 -5.7731e-01 +1.2449e+00 -7.2755e-01 -1.0176e+00 +2.5865e+00 +4.2322e-01
83 0 +1.880829823e+02 +2.375829823e+02 +2.375829823e+02 +6.4352e-01 -1.4176e-01 -1.1773e+00 -1.2895e+00 -1.2767e+00 +8.2592e-01 -8.4411e-01 -1.4675e+00 +3.1512e+00 +3.6146e-02
96 0 +1.759595282e+02 +2.254595282e+02 +2.254595282e+02 +4.5684e-01 -4.1940e-01 -1.3293e+00 -4.2899e-01 -5.2466e-01 +1.1364e+00 -4.8403e-01 -8.9495e-01 +3.6415e+00 +5.5616e-01
111 0 +1.689916189e+02 +2.184916189e+02 +2.184916189e+02 +3.4659e-01 -3.9724e-01 -1.1525e+00 -5.8189e-01 -9.5006e-01 +1.2325e+00 -2.1121e-01 -1.3338e+00 +3.4131e+00 +5.8013e-02
114 0 +1.536079008e+02 +2.031079008e+02 +2.031079008e+02 -3.2719e-01 -8.6223e-01 -6.9622e-01 -5.9906e-01 -1.1256e+00 +1.2546e+00 -6.1193e-01 -8.8699e-01 +3.1580e+00 +5.6847e-01
122 0 +1.036489041e+02 +1.531489041e+02 +1.531489041e+02 -4.7027e-01 -9.2133e-01 -6.0936e-01 -1.6731e+00 -1.2763e+00 +1.1473e+00 -5.5627e-01 -4.4245e-01 +3.5577e+00 +1.7627e-01
135 0 +9.517962956e+01 +1.446796296e+02 +1.446796296e+02 -8.4867e-01 -1.3794e+00 -8.1653e-01 -1.3666e+00 -1.7365e+00 +1.1263e+00 -4.2832e-01 -7.1757e-01 +3.3398e+00 -8.9332e-02
161 0 +9.128918868e+01 +1.407891887e+02 +1.407891887e+02 -1.3740e+00 -1.4599e+00 -2.9737e-01 -1.3730e+00 -1.2621e+00 +1.1376e+00 -5.5361e-01 -3.9350e-02 +2.6735e+00 -2.7136e-01
183 0 +4.701643808e+01 +9.651643808e+01 +9.651643808e+01 -2.6942e+00 -1.6340e+00 -7.5145e-01 -2.8199e+00 -1.4115e+00 +9.7750e-01 -2.1292e+00 -7.3869e-01 +3.2353e+00 -8.2112e-01
195 0 +3.103340212e+01 +8.053340212e+01 +8.053340212e+01 -2.8510e+00 -2.7677e+00 -5.1340e-01 -2.4569e+00 -1.5274e+00 +1.3623e+00 -3.0351e+00 -5.1134e-01 +3.0401e+00 -1.3882e+00
274 0 +1.669940292e+01 +6.619940292e+01 +6.619940292e+01 -3.4002e+00 -2.4293e+00 +3.7034e-01 -2.4900e+00 -1.4668e+00 +1.0403e+00 -2.6172e+00 +1.4115e+00 +3.2224e+00 -8.5276e-01
621 0 +1.653427193e+01 +6.603427193e+01 +6.603427193e+01 -3.2283e+00 -2.5817e+00 -3.0090e-01 -2.7024e+00 -1.6180e+00 +1.2908e+00 -2.7365e+00 +7.2899e-01 +3.2596e+00 -1.4464e+00
667 0 +1.572388984e+01 +6.522388984e+01 +6.522388984e+01 -3.0649e+00 -2.4420e+00 -4.5698e-01 -2.6760e+00 -1.5734e+00 +1.4181e+00 -2.6716e+00 +5.0757e-01 +3.1590e+00 -1.3973e+00
810 0 +1.547431285e+01 +6.497431285e+01 +6.497431285e+01 -2.9600e+00 -2.2737e+00 -5.1600e-01 -2.6045e+00 -1.4847e+00 +1.7935e+00 -2.5784e+00 +4.9366e-01 +2.9151e+00 -1.2093e+00
% f evaluations | g evaluations | best noise-free fitness - Fopt (-1.277000000000e+01) + sum g_i+ | measured fitness | best measured fitness or single-digit g-values | x1 | x2...
1 0 +2.500263317e+02 +2.372563317e+02 +2.372563317e+02 +0.0000e+00 +0.0000e+00 +0.0000e+00 +0.0000e+00 +0.0000e+00 +0.0000e+00 +0.0000e+00 +0.0000e+00 +0.0000e+00 +0.0000e+00
2 0 +2.229527319e+02 +2.101827319e+02 +2.101827319e+02 +4.3379e-01 +3.0692e-02 +9.8026e-02 +3.4094e-01 +2.4727e-01 +1.7369e-01 -1.1375e-01 -3.0566e-01 +1.1285e-01 -1.5359e-01
8 0 +2.125360593e+02 +1.997660593e+02 +1.997660593e+02 +6.0234e-01 +2.6527e-01 +2.8700e-01 -7.0577e-01 +5.2611e-01 +2.0125e-02 -3.9010e-01 +9.9670e-02 +3.8961e-01 -4.6269e-01
11 0 +1.972968600e+02 +1.845268600e+02 +1.845268600e+02 +4.0126e-01 +6.7771e-02 +5.3009e-04 -1.0037e-01 +1.8758e-01 +7.8217e-02 -1.6462e-01 +4.6235e-02 +2.5672e-01 -1.1419e-01
12 0 +1.703723247e+02 +1.576023247e+02 +1.576023247e+02 +5.6751e-01 +4.7741e-01 -3.0571e-01 +3.2902e-01 +2.7139e-01 +6.9318e-01 -2.5010e-01 -8.9502e-02 +3.5578e-01 -4.0529e-01
22 0 +1.219105854e+02 +1.091405854e+02 +1.091405854e+02 +9.0924e-01 +8.5338e-01 -2.8971e-02 +3.4598e-01 +2.1984e-01 +5.3938e-01 -5.6134e-01 +6.0516e-02 -3.6487e-01 -4.0646e-01
39 0 +1.141306919e+02 +1.013606919e+02 +1.013606919e+02 +1.5683e+00 +8.0197e-01 -1.4187e-01 +5.5396e-01 +4.0074e-01 +6.8888e-01 -4.0214e-01 +2.6366e-01 -3.6956e-01 -2.9302e-01
46 0 +1.108263088e+02 +9.805630879e+01 +9.805630879e+01 +1.0486e+00 +3.6978e-01 +1.9782e-01 +3.2267e-01 +1.3711e-01 +7.7247e-01 -3.8174e-01 +6.0918e-01 +4.3495e-01 -2.8023e-01
51 0 +1.070872435e+02 +9.431724353e+01 +9.431724353e+01 +1.0487e+00 +5.6098e-01 -8.9545e-02 +4.7187e-01 +3.7559e-01 +7.0127e-01 -5.2715e-01 +7.1555e-01 +1.7866e-01 +4.1779e-02
60 0 +9.679430911e+01 +8.402430911e+01 +8.402430911e+01 +1.1283e+00 +6.4857e-01 -3.2849e-02 +1.2539e-01 +5.2014e-01 +7.7538e-01 -8.9132e-02 +8.3072e-01 -6.3153e-02 -5.5197e-02
61 0 +8.200850802e+01 +6.923850802e+01 +6.923850802e+01 +1.0825e+00 +6.8629e-01 -1.5870e-01 +3.9320e-01 +3.2093e-01 +7.4807e-01 -5.7393e-01 +6.9991e-01 +3.2968e-02 +3.9577e-02
111 0 +7.039381527e+01 +5.762381527e+01 +5.762381527e+01 +1.2495e+00 +8.4567e-01 -4.1449e-01 +4.5162e-01 -4.4598e-01 +1.5222e+00 -3.1995e-01 +1.8730e+00 +3.7580e-01 +3.7099e-01
131 0 +6.622307624e+01 +5.345307624e+01 +5.345307624e+01 +1.3105e+00 +1.1047e+00 -5.2710e-01 +2.2865e-01 -2.1242e-01 +1.4082e+00 -3.8511e-01 +1.4717e+00 +2.1561e-01 +3.3271e-02
144 0 +6.541385313e+01 +5.264385313e+01 +5.264385313e+01 +1.8928e+00 +1.5095e+00 -1.1442e+00 +4.0996e-02 -6.0172e-01 +1.8577e+00 -9.2641e-02 +1.5800e+00 -2.2664e-01 +2.4792e-01
145 0 +4.966463535e+01 +3.689463535e+01 +3.689463535e+01 +1.2473e+00 +9.5332e-01 -3.9751e-01 +1.3126e-01 -1.8307e-01 +1.6095e+00 -2.0761e-01 +2.0623e+00 +3.9498e-01 -1.5985e-01
157 0 +3.736512502e+01 +2.459512502e+01 +2.459512502e+01 +1.0355e+00 +1.3788e+00 -7.5454e-01 +4.0620e-01 -2.5755e-01 +1.3323e+00 +4.0930e-01 +2.2414e+00 +7.1504e-02 -4.0467e-02
189 0 +3.702549306e+01 +2.425549306e+01 +2.425549306e+01 +1.1334e+00 +1.3571e+00 -7.0712e-01 +3.6384e-02 +1.7184e-01 +1.4621e+00 -3.0338e-01 +2.1318e+00 -1.3469e-01 +1.0687e-01
194 0 +3.505221236e+01 +2.228221236e+01 +2.228221236e+01 +1.7604e+00 +1.7478e+00 -9.6330e-01 -2.0521e-01 +9.6296e-02 +1.7989e+00 -3.3425e-01 +2.1645e+00 -4.1583e-01 +1.4649e-02
195 0 +3.396608886e+01 +2.119608886e+01 +2.119608886e+01 +1.2401e+00 +1.3215e+00 -8.2731e-01 +4.6344e-03 +1.4521e-02 +1.8316e+00 -1.1693e+00 +2.3145e+00 -2.9402e-01 -2.9819e-01
201 0 +3.168507373e+01 +1.891507373e+01 +1.891507373e+01 +1.4321e+00 +1.5663e+00 -8.7346e-01 -1.3211e-02 +2.1635e-01 +1.9127e+00 -5.4797e-01 +2.0798e+00 -3.4974e-01 -3.2399e-01
210 0 +2.597376833e+01 +1.320376833e+01 +1.320376833e+01 +1.3130e+00 +1.4484e+00 -7.0061e-01 +1.0209e-01 +3.7516e-01 +2.1538e+00 -5.9191e-01 +1.9085e+00 -5.3542e-01 +7.2976e-02
285 0 +2.411077836e+01 +1.134077836e+01 +1.134077836e+01 +7.7634e-01 +1.4188e+00 -6.8524e-01 -5.6150e-01 +3.8006e-01 +1.5865e+00 -5.9507e-01 +2.3248e+00 -4.7931e-01 -1.8794e-01
310 0 +2.183148495e+01 +9.061484945e+00 +9.061484945e+00 +9.8910e-01 +1.4381e+00 -7.0636e-01 -6.4835e-01 +6.3157e-01 +1.7781e+00 -7.2015e-01 +2.9032e+00 -9.8382e-01 -3.3943e-01
323 0 +2.122340205e+01 +8.453402054e+00 +8.453402054e+00 +8.8757e-01 +1.4627e+00 -9.2600e-01 -1.4512e-01 +3.3534e-01 +2.0591e+00 -5.9735e-01 +2.9128e+00 -7.4205e-01 -3.6190e-01
336 0 +2.025216333e+01 +7.482163335e+00 +7.482163335e+00 +8.1126e-01 +1.4194e+00 -9.7168e-01 -1.3807e-01 +2.1273e-02 +2.2394e+00 -5.8522e-01 +2.9339e+00 -4.5679e-01 +1.4977e-01
343 0 +1.802534973e+01 +5.255349728e+00 +5.255349728e+00 +9.5573e-01 +1.4948e+00 -9.3192e-01 +5.8220e-02 -5.1279e-02 +2.4592e+00 -5.3401e-01 +2.8376e+00 -5.8866e-01 -2.7154e-02
414 0 +1.630392093e+01 +3.533920934e+00 +3.533920934e+00 +7.3725e-01 +1.5227e+00 -8.9951e-01 -9.4736e-02 -1.1313e-01 +2.1834e+00 +7.4589e-02 +2.8142e+00 -5.5100e-01 -1.0815e-01
441 0 +1.611816399e+01 +3.348163991e+00 +3.348163991e+00 +8.1575e-01 +1.3066e+00 -9.5435e-01 -2.2559e-01 +1.3238e-01 +2.2133e+00 +2.6309e-02 +3.0317e+00 -5.5053e-01 -1.5445e-01
456 0 +1.531325620e+01 +2.543256202e+00 +2.543256202e+00 +8.6599e-01 +1.4277e+00 -7.7849e-01 -1.1199e-01 +1.6085e-01 +2.1681e+00 -1.0360e-01 +3.0132e+00 -5.0023e-01 -2.2777e-01
491 0 +1.463453843e+01 +1.864538428e+00 +1.864538428e+00 +9.1219e-01 +1.5115e+00 -8.2432e-01 -8.8559e-02 +1.4989e-01 +2.1020e+00 +1.3951e-01 +3.0208e+00 -5.6693e-01 -4.2936e-01
512 0 +1.232785941e+01 -4.421405923e-01 -4.421405923e-01 +8.6882e-01 +1.4875e+00 -7.7331e-01 -1.7135e-02 +3.2074e-01 +2.0978e+00 +2.0454e-01 +3.2966e+00 -4.4383e-01 -2.6342e-01
526 0 +1.211695005e+01 -6.530499459e-01 -6.530499459e-01 +1.0085e+00 +1.6463e+00 -7.9718e-01 +1.2223e-01 +2.1947e-01 +2.3228e+00 +3.1589e-01 +3.2793e+00 -4.6023e-01 -4.7805e-01
548 0 +1.186747696e+01 -9.025230393e-01 -9.025230393e-01 +6.6914e-01 +1.6351e+00 -7.8454e-01 -1.3329e-02 +2.6953e-01 +1.9990e+00 +4.3504e-01 +3.2080e+00 -5.1205e-01 -1.6083e-01
580 0 +1.160552853e+01 -1.164471471e+00 -1.164471471e+00 +6.5207e-01 +1.5743e+00 -5.3387e-01 +9.1907e-02 +4.8387e-02 +2.1214e+00 +5.0949e-01 +3.3422e+00 -6.8053e-01 -3.2981e-01
668 0 +1.085231385e+01 -1.917686150e+00 -1.917686150e+00 +4.5982e-01 +2.0039e+00 -6.4390e-01 +4.1433e-01 -1.5982e-01 +2.4036e+00 +5.4670e-01 +3.6200e+00 -7.4055e-01 +3.0538e-02
% f evaluations | g evaluations | best noise-free fitness - Fopt (6.365000000000e+01) + sum g_i+ | measured fitness | best measured fitness or single-digit g-values | x1 | x2...
1 0 +4.614498914e+02 +5.250998914e+02 +5.250998914e+02 +0.0000e+00 +0.0000e+00 +0.0000e+00 +0.0000e+00 +0.0000e+00 +0.0000e+00 +0.0000e+00 +0.0000e+00 +0.0000e+00 +0.0000e+00
3 0 +3.706076190e+02 +4.342576190e+02 +4.342576190e+02 +2.4817e-01 +6.3376e-02 -2.2359e-01 +8.0318e-02 +2.1275e-01 +5.3256e-02 -2.3477e-01 +7.8699e-02 +1.0710e-01 +2.4729e-01
8 0 +3.361983350e+02 +3.998483350e+02 +3.998483350e+02 +6.0234e-01 +2.6527e-01 +2.8700e-01 -7.0577e-01 +5.2611e-01 +2.0125e-02 -3.9010e-01 +9.9670e-02 +3.8961e-01 -4.6269e-01
16 0 +3.294872789e+02 +3.931372789e+02 +3.931372789e+02 +5.1581e-01 -9.1427e-04 -3.1429e-01 -1.4295e-01 +9.7253e-01 -1.6058e-01 -2.5676e-01 -1.4751e-01 +7.1598e-01 +4.0526e-01
29 0 +3.189214679e+02 +3.825714679e+02 +3.825714679e+02 +8.5113e-01 -4.0933e-01 -5.1761e-01 -1.3808e-01 +3.3595e-01 +3.5107e-01 -1.8430e-01 -2.3818e-01 +6.9667e-01 +3.2054e-01
30 0 +2.948149804e+02 +3.584649804e+02 +3.584649804e+02 -2.2154e-02 -1.4291e-01 -2.2386e-01 -5.5030e-02 +2.8637e-01 +4.1489e-02 -3.8225e-01 -9.4353e-02 +8.1499e-01 +1.5574e-02
32 0 +2.833842685e+02 +3.470342685e+02 +3.470342685e+02 +2.7575e-01 -3.4098e-01 -3.7027e-01 +1.6559e-01 -2.1148e-01 +3.7131e-01 -3.7538e-01 +4.2723e-01 +8.2979e-01 +6.9660e-01
38 0 +2.780902147e+02 +3.417402147e+02 +3.417402147e+02 +5.9127e-01 -8.9579e-02 -4.6900e-01 +4.2709e-03 +3.8926e-01 +3.2903e-01 -7.2622e-01 +1.6106e-01 +1.1244e+00 +4.7895e-01
42 0 +2.750420042e+02 +3.386920042e+02 +3.386920042e+02 +7.3155e-01 -3.5469e-01 -9.1775e-02 -7.5244e-02 -1.1070e-01 -1.0174e-01 -9.8904e-01 +1.1226e-01 +1.1093e+00 +4.8276e-01
43 0 +2.124477947e+02 +2.760977947e+02 +2.760977947e+02 +5.2365e-01 -4.1653e-04 -9.7884e-01 -4.6942e-01 -1.7689e-01 +4.3951e-01 -1.2069e+00 +9.9686e-02 +1.2548e+00 +6.2040e-01
57 0 +1.672780580e+02 +2.309280580e+02 +2.309280580e+02 +4.7571e-01 -2.6188e-01 -9.1725e-01 -6.2729e-01 +8.2745e-02 +2.6259e-01 -1.2282e+00 +4.4763e-01 +1.5144e+00 +5.5297e-01
82 0 +1.415774785e+02 +2.052274785e+02 +2.052274785e+02 +7.9746e-01 +5.4586e-01 -5.4574e-01 +3.8106e-02 -3.9134e-01 +1.1185e+00 -2.5032e+00 +8.0096e-01 +2.1123e+00 +1.7144e+00
91 0 +1.341992244e+02 +1.978492244e+02 +1.978492244e+02 +6.2536e-01 +2.8273e-01 -9.9634e-01 +3.2600e-02 -4.9781e-01 +6.1231e-01 -2.0589e+00 +6.8131e-01 +2.5103e+00 +1.6999e+00
98 0 +9.862112403e+01 +1.622711240e+02 +1.622711240e+02 +4.4558e-01 +6.3085e-01 -7.1300e-01 -2.0777e-01 -2.3175e-01 -5.8970e-02 -2.2412e+00 +1.4143e+00 +2.0021e+00 +1.8688e+00
106 0 +9.051059460e+01 +1.541605946e+02 +1.541605946e+02 +1.0723e+00 +1.0760e+00 -1.9817e-01 +2.6843e-02 +2.5857e-01 +4.3323e-01 -2.8394e+00 +1.3418e+00 +2.9315e+00 +1.7998e+00
116 0 +7.847048031e+01 +1.421204803e+02 +1.421204803e+02 +6.6086e-01 +1.9294e+00 -7.6723e-01 +8.1078e-01 -7.1303e-01 +1.1624e+00 -3.4332e+00 +2.2958e+00 +4.2000e+00 +3.4577e+00
121 0 +6.838394514e+01 +1.320339451e+02 +1.320339451e+02 +4.4269e-01 +9.3117e-01 -7.6268e-01 -7.1889e-02 -1.2472e-01 +6.5061e-01 -2.4455e+00 +1.6099e+00 +3.3519e+00 +1.9615e+00
151 0 +6.443608105e+01 +1.280860810e+02 +1.280860810e+02 -7.8348e-02 +5.2693e-01 +1.7281e-01 -1.5312e-01 +2.3137e-01 +3.7309e-01 -2.0484e+00 +1.7535e+00 +3.3954e+00 +1.7313e+00
158 0 +5.167476727e+01 +1.153247673e+02 +1.153247673e+02 -5.1835e-01 +8.1424e-01 -2.2127e-02 -7.9748e-02 +1.1184e+00 +2.7816e-01 -2.1613e+00 +1.9822e+00 +3.4843e+00 +1.1770e+00
163 0 +4.958675821e+01 +1.132367582e+02 +1.132367582e+02 +1.3818e-01 +1.1974e+00 +6.9261e-02 -2.7709e-01 +6.7097e-01 +3.2670e-01 -2.5388e+00 +1.8814e+00 +3.1516e+00 +1.2730e+00
173 0 +3.935087221e+01 +1.030008722e+02 +1.030008722e+02 -1.5735e-02 +1.0928e+00 -3.1975e-01 -6.9238e-01 +7.0034e-01 +4.4715e-01 -2.0335e+00 +3.5917e+00 +4.2241e+00 +1.4716e+00
189 0 +3.683212977e+01 +1.004821298e+02 +1.004821298e+02 -9.2641e-01 +7.1894e-01 -3.6916e-01 -2.6282e-01 +8.1164e-01 +2.0184e-01 -1.7482e+00 +2.6732e+00 +3.2415e+00 +2.2342e+00
191 0 +3.057059195e+01 +9.422059195e+01 +9.422059195e+01 -5.3599e-01 +1.0113e+00 -5.1472e-01 -6.2101e-02 +7.3924e-01 +2.1429e-01 -1.7732e+00 +2.4364e+00 +3.7163e+00 +1.4157e+00
216 0 +2.957965771e+01 +9.322965771e+01 +9.322965771e+01 -5.0933e-01 +1.3253e+00 -5.9102e-01 +2.7359e-01 +7.2929e-01 +2.6618e-01 -2.2438e+00 +3.0775e+00 +4.7687e+00 +1.9495e+00
221 0 +2.868009854e+01 +9.233009854e+01 +9.233009854e+01 -7.8570e-01 +1.3743e+00 -6.7677e-01 -2.9150e-02 +7.9479e-01 +1.6395e-01 -2.0763e+00 +2.8502e+00 +4.4748e+00 +1.6379e+00
254 0 +2.812535607e+01 +9.177535607e+01 +9.177535607e+01 -1.3737e+00 +1.6568e+00 -1.0023e+00 -1.6415e-01 +9.9752e-01 -2.0701e-01 -2.0984e+00 +2.7200e+00 +4.2756e+00 +1.6992e+00
261 0 +2.612357910e+01 +8.977357910e+01 +8.977357910e+01 -1.2455e+00 +1.2855e+00 -8.8448e-01 -6.4307e-02 +1.0513e+00 -4.2566e-01 -2.0093e+00 +2.8267e+00 +4.1084e+00 +1.4578e+00
274 0 +2.180221155e+01 +8.545221155e+01 +8.545221155e+01 -1.3568e+00 +1.2902e+00 -2.6309e-01 -3.8503e-02 +1.1589e+00 -2.2370e-02 -2.1178e+00 +3.6517e+00 +4.1780e+00 +1.4721e+00
285 0 +2.104873156e+01 +8.469873156e+01 +8.469873156e+01 -2.0564e+00 +1.3423e+00 -7.4169e-01 -5.3383e-01 +1.5421e+00 -9.6058e-01 -1.6898e+00 +2.6658e+00 +3.9743e+00 +1.2758e+00
291 0 +2.080316776e+01 +8.445316776e+01 +8.445316776e+01 -1.8949e+00 +1.1893e+00 -6.5456e-01 -4.3965e-01 +1.3347e+00 -7.6420e-01 -1.3635e+00 +2.6765e+00 +3.6628e+00 +1.1007e+00
321 0 +2.034108947e+01 +8.399108947e+01 +8.399108947e+01 -1.6682e+00 +1.3514e+00 -8.3101e-01 -6.1181e-01 +1.4295e+00 -7.4109e-01 -1.4028e+00 +2.4876e+00 +3.5217e+00 +1.1693e+00
347 0 +1.964360157e+01 +8.329360157e+01 +8.329360157e+01 -1.6681e+00 +1.6875e+00 -9.1729e-01 -2.2683e-01 +1.6601e+00 -5.9388e-01 -1.2938e+00 +2.7786e+00 +4.5910e+00 +9.1206e-01
357 0 +1.890954394e+01 +8.255954394e+01 +8.255954394e+01 -1.6837e+00 +1.4421e+00 -8.5081e-01 -5.7169e-01 +1.4171e+00 -9.0791e-01 -1.3789e+00 +2.9749e+00 +3.9071e+00 +7.1188e-01
365 0 +1.426253882e+01 +7.791253882e+01 +7.791253882e+01 -1.6552e+00 +1.8223e+00 -6.7796e-01 -7.7487e-01 +1.8186e+00 -7.5701e-01 -1.6784e+00 +2.8579e+00 +3.9209e+00 +7.5791e-01
438 0 +1.338946212e+01 +7.703946212e+01 +7.703946212e+01 -1.5647e+00 +1.6229e+00 -9.5396e-01 -6.8866e-01 +1.6754e+00 -5.3346e-01 -1.5300e+00 +2.4781e+00 +4.2816e+00 +5.1782e-01
516 0 +1.156226729e+01 +7.521226729e+01 +7.521226729e+01 -1.4216e+00 +1.6805e+00 -1.1589e+00 -6.9957e-01 +1.6838e+00 -1.7898e-01 -1.7045e+00 +2.4029e+00 +4.3347e+00 +2.2095e-01
582 0 +1.145605055e+01 +7.510605055e+01 +7.510605055e+01 -1.5759e+00 +1.7219e+00 -1.0590e+00 -6.5697e-01 +1.5934e+00 -7.2065e-01 -1.4995e+00 +2.4241e+00 +4.2114e+00 +1.7117e-02
% f evaluations | g evaluations | best noise-free fitness - Fopt (6.991900000000e+02) + sum g_i+ | measured fitness | best measured fitness or single-digit g-values | x1 | x2...
1 0 +7.428945360e+02 +1.442084536e+03 +1.442084536e+03 +0.0000e+00 +0.0000e+00 +0.0000e+00 +0.0000e+00 +0.0000e+00 +0.0000e+00 +0.0000e+00 +0.0000e+00 +0.0000e+00 +0.0000e+00
2 0 +7.034981011e+02 +1.402688101e+03 +1.402688101e+03 +4.3379e-01 +3.0692e-02 +9.8026e-02 +3.4094e-01 +2.4727e-01 +1.7369e-01 -1.1375e-01 -3.0566e-01 +1.1285e-01 -1.5359e-01
7 0 +6.776676182e+02 +1.376857618e+03 +1.376857618e+03 -2.6321e-01 +2.3560e-01 -2.9494e-01 -4.1433e-02 -2.1060e-01 +1.1878e-01 +8.3286e-02 -6.4943e-01 +2.1039e-01 -1.8282e-01
13 0 +5.784362611e+02 +1.277626261e+03 +1.277626261e+03 +1.0894e-01 +4.8971e-03 +2.5538e-01 +1.6576e-01 -4.2263e-01 -5.9862e-02 -2.5194e-01 -7.7163e-01 -3.5363e-01 +5.2173e-01
17 0 +4.409996308e+02 +1.140189631e+03 +1.140189631e+03 +4.3563e-01 +5.4562e-01 -1.2287e-01 +5.2404e-01 -3.2647e-01 +7.2531e-01 +3.9031e-01 -4.2849e-01 +4.7468e-01 -3.2195e-01
35 0 +4.037279515e+02 +1.102917951e+03 +1.102917951e+03 +3.4413e-01 +6.0816e-02 -2.7528e-02 +5.6766e-01 -6.7984e-01 +4.9379e-01 +5.4433e-01 -3.5035e-01 -5.0845e-02 +3.5730e-01
39 0 +3.803960195e+02 +1.079586019e+03 +1.079586019e+03 +1.0449e+00 +5.6060e-01 -1.1249e-01 +6.0692e-01 -2.3089e-01 +3.1834e-01 -4.5767e-03 -4.8125e-01 -5.1513e-01 +1.2831e-01
42 0 +3.095221904e+02 +1.008712190e+03 +1.008712190e+03 +1.0430e+00 +5.0393e-01 +3.6447e-02 +3.5197e-01 -6.6124e-01 -1.3229e-01 -3.0459e-02 -8.7820e-01 -1.3244e-02 +5.5502e-01
52 0 +3.051903858e+02 +1.004380386e+03 +1.004380386e+03 +1.3323e+00 +2.6672e-01 -4.5705e-02 -3.4048e-02 -8.4808e-01 -4.2177e-01 +3.1544e-01 -7.0814e-01 -3.6044e-01 +5.0750e-01
53 0 +2.481445199e+02 +9.473345199e+02 +9.473345199e+02 +1.1524e+00 +4.5538e-01 -3.6674e-01 +4.3879e-01 -8.2186e-01 -1.1816e-01 +6.2524e-01 -5.3585e-01 -7.2195e-01 +1.1643e+00
54 0 +2.278717721e+02 +9.270617721e+02 +9.270617721e+02 +8.7295e-01 +1.0188e+00 -1.7860e-01 +6.7513e-01 -1.0558e+00 -1.6736e-01 +3.7711e-02 -8.1454e-01 -3.9038e-01 +4.7212e-01
63 0 +1.331332033e+02 +8.323232033e+02 +8.323232033e+02 +1.7922e+00 +7.0225e-01 -3.6162e-02 +8.1613e-01 -1.2556e+00 +1.0771e-01 +8.5101e-01 -3.1281e-01 -6.7230e-01 +9.1469e-01
75 0 +1.117148115e+02 +8.109048115e+02 +8.109048115e+02 +2.5441e+00 +1.4011e+00 -4.7760e-01 +2.6507e-01 -2.3692e+00 +1.3305e-01 +9.1229e-01 -2.4160e-01 -7.1482e-01 +1.6318e+00
77 0 +9.408819956e+01 +7.932781996e+02 +7.932781996e+02 +2.0616e+00 +6.9893e-01 -3.0810e-01 +7.3536e-01 -2.2975e+00 +4.7775e-01 +9.3223e-01 -6.1209e-01 -8.8820e-01 +1.0820e+00
82 0 +9.063511882e+01 +7.898251188e+02 +7.898251188e+02 +2.3418e+00 +1.8393e+00 -5.9962e-02 +7.9510e-01 -1.9728e+00 +8.3083e-01 +2.9899e-01 -3.1370e-02 -1.0284e+00 +1.5324e+00
88 0 +6.578561091e+01 +7.649756109e+02 +7.649756109e+02 +2.7169e+00 +1.4918e+00 -9.8749e-01 +7.4741e-01 -1.5260e+00 -5.0896e-01 +6.9817e-01 +8.6253e-01 -8.3452e-01 +1.0944e+00
103 0 +5.397707583e+01 +7.531670758e+02 +7.531670758e+02 +1.9955e+00 +1.7433e+00 -8.0266e-01 +2.7854e-01 -2.3107e+00 -7.7156e-02 +1.0977e+00 +3.9408e-01 -5.2663e-01 +1.1352e+00
142 0 +4.237650641e+01 +7.415665064e+02 +7.415665064e+02 +1.2100e+00 +1.2777e+00 +3.5428e-01 +9.1195e-01 -2.5103e+00 -1.1746e-01 +1.1475e+00 +1.4367e+00 -5.7832e-01 +1.5976e+00
318 0 +4.138534611e+01 +7.405753461e+02 +7.405753461e+02 +1.4996e+00 +8.4512e-01 -2.1980e-01 +9.0216e-01 -2.2813e+00 -4.3692e-01 +1.2576e+00 +1.6240e+00 -1.3244e+00 +2.5578e+00
323 0 +4.059996019e+01 +7.397899602e+02 +7.397899602e+02 +1.4978e+00 +8.1525e-01 -1.7623e-01 +8.1306e-01 -2.3021e+00 -3.8417e-01 +1.0755e+00 +1.6728e+00 -1.2958e+00 +2.1549e+00
347 0 +3.767799209e+01 +7.368679921e+02 +7.368679921e+02 +1.6285e+00 +1.0104e+00 -3.3015e-01 +1.0407e+00 -2.2815e+00 -1.6882e-01 +1.1685e+00 +1.5010e+00 -1.0943e+00 +2.2655e+00
384 0 +3.568702980e+01 +7.348770298e+02 +7.348770298e+02 +1.6391e+00 +9.2767e-01 -5.6008e-02 +1.0205e+00 -2.1096e+00 -1.4654e-01 +9.7334e-01 +1.7341e+00 -1.2460e+00 +2.1115e+00
403 0 +3.491092471e+01 +7.341009247e+02 +7.341009247e+02 +2.1598e+00 +1.2103e+00 -2.4404e-01 +1.0607e+00 -2.4648e+00 +1.3538e-01 +9.0639e-01 +1.5041e+00 -7.8252e-01 +2.2401e+00
406 0 +3.461145237e+01 +7.338014524e+02 +7.338014524e+02 +1.9102e+00 +9.9384e-01 -3.9005e-01 +9.5165e-01 -2.4276e+00 +1.7214e-01 +7.1425e-01 +2.1413e+00 -1.0240e+00 +2.4589e+00
409 0 +3.302020848e+01 +7.322102085e+02 +7.322102085e+02 +1.6638e+00 +7.0184e-01 -4.9887e-01 +9.6287e-01 -2.5272e+00 +9.3818e-02 +1.0450e+00 +1.9669e+00 -1.3777e+00 +2.2806e+00
416 0 +2.574519297e+01 +7.249351930e+02 +7.249351930e+02 +1.9309e+00 +1.1094e+00 -3.0100e-01 +1.1023e+00 -2.3895e+00 +3.9393e-01 +9.0863e-01 +1.8927e+00 -7.5570e-01 +2.1936e+00
423 0 +2.302541305e+01 +7.222154130e+02 +7.222154130e+02 +1.8491e+00 +8.1420e-01 -3.0089e-01 +8.3567e-01 -2.6321e+00 +1.7754e-01 +1.2144e+00 +2.3938e+00 -9.9816e-01 +2.2527e+00
445 0 +2.150522964e+01 +7.206952296e+02 +7.206952296e+02 +1.9444e+00 +9.7702e-01 -4.6894e-01 +1.1101e+00 -2.7333e+00 +7.2021e-02 +1.1408e+00 +2.3410e+00 -1.0292e+00 +2.3584e+00
451 0 +2.010346410e+01 +7.192934641e+02 +7.192934641e+02 +1.9101e+00 +7.8107e-01 -4.0506e-01 +9.2073e-01 -2.6672e+00 +1.6847e-01 +1.2507e+00 +2.1829e+00 -8.5646e-01 +2.1269e+00
471 0 +1.973759438e+01 +7.189275944e+02 +7.189275944e+02 +2.0691e+00 +7.5168e-01 -3.3121e-01 +1.0858e+00 -2.7683e+00 +3.8432e-01 +1.3854e+00 +2.6496e+00 -5.4241e-01 +2.0387e+00
480 0 +1.673699756e+01 +7.159269976e+02 +7.159269976e+02 +2.1206e+00 +1.0161e+00 -7.2262e-01 +1.2451e+00 -2.8101e+00 +3.3083e-01 +1.3189e+00 +2.7019e+00 -1.0605e+00 +2.1882e+00
495 0 +1.235128106e+01 +7.115412811e+02 +7.115412811e+02 +1.6896e+00 +6.9470e-01 -6.5260e-01 +1.3012e+00 -2.8345e+00 +6.0253e-01 +1.8011e+00 +2.9148e+00 -5.1482e-01 +1.9303e+00
501 0 +1.105889337e+01 +7.102488934e+02 +7.102488934e+02 +1.9639e+00 +7.7523e-01 -6.0406e-01 +1.3804e+00 -3.0015e+00 +6.3038e-01 +1.6642e+00 +3.0760e+00 -6.5521e-01 +1.9326e+00
548 0 +1.086401083e+01 +7.100540108e+02 +7.100540108e+02 +1.9632e+00 +7.5588e-01 -8.4971e-01 +1.3998e+00 -3.0137e+00 +3.5830e-01 +1.7809e+00 +3.2323e+00 -7.5193e-01 +2.3985e+00
555 0 +1.055504954e+01 +7.097450495e+02 +7.097450495e+02 +2.1612e+00 +8.2119e-01 -9.8971e-01 +1.5020e+00 -3.1590e+00 +4.7175e-01 +1.5697e+00 +3.3730e+00 -7.6864e-01 +2.1718e+00
570 0 +8.117889328e+00 +7.073078893e+02 +7.073078893e+02 +1.7956e+00 +8.6006e-01 -9.7862e-01 +1.5418e+00 -2.8579e+00 +4.2921e-01 +1.6404e+00 +3.0219e+00 -7.6586e-01 +2.2924e+00
616 0 +7.909630152e+00 +7.070996302e+02 +7.070996302e+02 +1.6694e+00 +1.0545e+00 -1.0191e+00 +1.5876e+00 -3.0290e+00 +2.6329e-01 +1.8382e+00 +3.2011e+00 -9.0408e-01 +2.1576e+00
692 0 +6.658382119e+00 +7.058483821e+02 +7.058483821e+02 +1.9032e+00 +9.2138e-01 -1.0839e+00 +1.6125e+00 -3.1148e+00 +6.3295e-01 +1.8770e+00 +3.2822e+00 -8.7202e-01 +2.4542e+00
776 0 +6.600549430e+00 +7.057905494e+02 +7.057905494e+02 +1.8910e+00 +9.0829e-01 -1.0846e+00 +1.5998e+00 -3.2230e+00 +5.3698e-01 +2.0523e+00 +3.3962e+00 -8.3626e-01 +2.4174e+00
883 0 +6.412104557e+00 +7.056021046e+02 +7.056021046e+02 +2.0336e+00 +8.2306e-01 -1.1940e+00 +1.6002e+00 -3.4046e+00 +6.5787e-01 +2.0086e+00 +3.6144e+00 -6.7772e-01 +2.4009e+00
% f evaluations | g evaluations | best noise-free fitness - Fopt (1.000000000000e+03) + sum g_i+ | measured fitness | best measured fitness or single-digit g-values | x1 | x2...
1 0 +1.526934418e+02 +1.152693442e+03 +1.152693442e+03 +0.0000e+00 +0.0000e+00 +0.0000e+00 +0.0000e+00 +0.0000e+00 +0.0000e+00 +0.0000e+00 +0.0000e+00 +0.0000e+00 +0.0000e+00
2 0 +1.425994203e+02 +1.142599420e+03 +1.142599420e+03 +4.3379e-01 +3.0692e-02 +9.8026e-02 +3.4094e-01 +2.4727e-01 +1.7369e-01 -1.1375e-01 -3.0566e-01 +1.1285e-01 -1.5359e-01
6 0 +1.171972741e+02 +1.117197274e+03 +1.117197274e+03 +1.8723e-01 -2.5702e-01 +1.5212e-01 +1.5671e-02 +5.1476e-01 -6.3323e-02 +3.7553e-01 -3.4671e-01 +9.3874e-02 -2.1343e-01
20 0 +1.042572020e+02 +1.104257202e+03 +1.104257202e+03 +1.3876e-01 +2.1279e-01 +5.1915e-02 -4.6538e-01 +4.4134e-01 -1.8736e-01 +8.3902e-01 -2.2331e-01 +1.1493e-01 -1.8471e-02
28 0 +8.747078299e+01 +1.087470783e+03 +1.087470783e+03 +3.5697e-01 +2.2122e-01 +1.7493e-03 -7.1875e-02 +5.2619e-01 -4.4339e-01 +4.9595e-01 -6.0376e-01 -1.7548e-01 +4.5635e-02
45 0 +8.550680888e+01 +1.085506809e+03 +1.085506809e+03 +9.0197e-01 -2.5408e-01 +1.8887e-01 -5.2467e-01 -1.0699e-01 -7.6660e-01 +1.3178e-01 -8.1006e-01 +4.7947e-01 +6.9968e-02
51 0 +8.261863046e+01 +1.082618630e+03 +1.082618630e+03 +8.3139e-01 -2.7770e-01 +2.9818e-01 -4.3060e-01 +7.6554e-03 -5.5150e-01 +1.4306e-01 -8.7386e-01 +5.7812e-01 +3.5774e-02
52 0 +6.634865634e+01 +1.066348656e+03 +1.066348656e+03 +1.1358e+00 -5.1348e-01 +4.6564e-01 -8.5702e-01 -3.2497e-01 -1.0264e+00 +2.5811e-01 -1.0688e+00 +4.2871e-01 -5.8425e-02
83 0 +5.914729747e+01 +1.059147297e+03 +1.059147297e+03 +9.2540e-01 -1.3380e-01 +3.3292e-01 -1.5658e+00 -7.5119e-01 -9.5643e-01 +3.6733e-01 -1.8260e+00 +7.0792e-01 +2.5896e-01
94 0 +4.334364258e+01 +1.043343643e+03 +1.043343643e+03 +1.2992e+00 -1.8616e-01 +3.0201e-01 -8.8084e-01 -5.7734e-01 -8.2831e-01 +1.1040e+00 -1.5746e+00 +6.4194e-01 -3.6372e-01
125 0 +3.837533440e+01 +1.038375334e+03 +1.038375334e+03 +1.1926e+00 +2.2048e-01 +6.4010e-01 -1.1299e+00 -2.2208e-01 -1.2936e+00 +1.4665e+00 -2.1595e+00 +3.8685e-01 -1.2633e-01
135 0 +3.066343232e+01 +1.030663432e+03 +1.030663432e+03 +1.6029e-01 -5.8278e-01 +7.0419e-01 -1.3058e+00 -7.3633e-01 -1.2931e+00 +1.5925e+00 -1.4283e+00 +5.8233e-01 -1.7680e-01
153 0 +2.768344608e+01 +1.027683446e+03 +1.027683446e+03 +1.9701e-01 -5.3496e-01 +8.8174e-01 -1.7625e+00 -4.8422e-01 -1.2348e+00 +1.3706e+00 -2.2584e+00 +3.5432e-02 -3.6062e-01
161 0 +2.594485498e+01 +1.025944855e+03 +1.025944855e+03 +1.8240e-01 -3.5932e-01 +7.8355e-01 -1.3518e+00 -3.6629e-01 -1.4447e+00 +1.6324e+00 -1.9178e+00 +1.1593e-01 -3.4544e-01
176 0 +1.970503093e+01 +1.019705031e+03 +1.019705031e+03 -4.8421e-01 -1.2635e+00 +5.1012e-01 -1.8964e+00 -7.6259e-02 -1.7121e+00 +2.0769e+00 -2.0581e+00 -8.0237e-02 -6.6868e-01
181 0 +1.765653273e+01 +1.017656533e+03 +1.017656533e+03 -1.5907e-02 -7.8767e-01 +6.6122e-01 -1.8555e+00 -2.2604e-01 -1.6670e+00 +1.8701e+00 -2.2082e+00 -1.5222e-01 -4.4646e-01
248 0 +1.729004888e+01 +1.017290049e+03 +1.017290049e+03 -2.8580e-01 -7.7173e-01 +4.0210e-01 -2.2454e+00 -4.7508e-02 -2.2723e+00 +2.0371e+00 -2.1700e+00 -7.7930e-02 -4.8227e-01
250 0 +1.128450425e+01 +1.011284504e+03 +1.011284504e+03 -1.2643e-01 -5.4155e-01 +4.9073e-01 -2.5217e+00 -4.0209e-01 -2.5353e+00 +2.3192e+00 -2.5986e+00 +3.2933e-01 -9.6044e-01
260 0 +9.843802258e+00 +1.009843802e+03 +1.009843802e+03 -2.4682e-01 -3.8418e-01 +3.8946e-01 -2.1858e+00 -7.6575e-01 -2.5362e+00 +2.6694e+00 -2.1940e+00 +2.3359e-01 -9.6017e-01
341 0 +9.162308773e+00 +1.009162309e+03 +1.009162309e+03 -7.3815e-01 -3.3727e-01 +1.0701e-01 -2.8493e+00 -5.7019e-01 -2.8945e+00 +3.3492e+00 -2.8366e+00 +6.3126e-01 -1.0203e+00
347 0 +6.757674832e+00 +1.006757675e+03 +1.006757675e+03 -7.1778e-01 -1.2819e-01 +1.3699e-02 -2.2656e+00 -3.7458e-01 -2.6967e+00 +3.5737e+00 -2.7173e+00 +1.0575e+00 -1.1959e+00
351 0 +4.969727389e+00 +1.004969727e+03 +1.004969727e+03 -6.5640e-01 -2.6224e-01 +8.1465e-02 -2.5810e+00 -4.9253e-01 -2.7627e+00 +3.3224e+00 -2.7831e+00 +7.1330e-01 -1.1485e+00
384 0 +3.881017580e+00 +1.003881018e+03 +1.003881018e+03 -6.4163e-01 -2.4121e-01 +2.9550e-01 -2.4536e+00 -7.0786e-01 -2.5917e+00 +3.4397e+00 -2.6770e+00 +8.5700e-01 -1.4333e+00
561 0 +3.800341664e+00 +1.003800342e+03 +1.003800342e+03 -6.8911e-01 -4.4640e-01 +1.6837e-01 -2.2695e+00 -7.5592e-01 -2.4612e+00 +3.3129e+00 -2.4894e+00 +7.7917e-01 -1.4472e+00
566 0 +3.464754003e+00 +1.003464754e+03 +1.003464754e+03 -7.3069e-01 -6.2530e-01 +1.5712e-01 -2.3160e+00 -8.2194e-01 -2.7032e+00 +3.2929e+00 -2.5688e+00 +7.2513e-01 -1.4576e+00
575 0 +3.340170601e+00 +1.003340171e+03 +1.003340171e+03 -8.9494e-01 -3.7699e-01 +1.1190e-01 -2.2667e+00 -9.0228e-01 -2.6340e+00 +3.3393e+00 -2.5061e+00 +7.5706e-01 -1.4825e+00
591 0 +3.302993068e+00 +1.003302993e+03 +1.003302993e+03 -8.5719e-01 -4.8395e-01 +2.3489e-01 -2.3286e+00 -9.8609e-01 -2.6444e+00 +3.4116e+00 -2.5827e+00 +8.0636e-01 -1.5223e+00
594 0 +3.181999771e+00 +1.003182000e+03 +1.003182000e+03 -7.2659e-01 -3.5913e-01 +1.5060e-01 -2.4766e+00 -9.6996e-01 -2.8942e+00 +3.3138e+00 -2.8338e+00 +8.0115e-01 -1.4861e+00
620 0 +2.694435768e+00 +1.002694436e+03 +1.002694436e+03 -7.0415e-01 -2.4142e-01 +2.5867e-01 -2.3812e+00 -1.0220e+00 -2.7252e+00 +3.3806e+00 -2.4311e+00 +8.7609e-01 -1.4728e+00
621 0 +2.397656058e+00 +1.002397656e+03 +1.002397656e+03 -7.8270e-01 -3.1396e-01 +2.8974e-01 -2.3947e+00 -9.8795e-01 -2.6523e+00 +3.3206e+00 -2.4961e+00 +8.1101e-01 -1.4908e+00
680 0 +2.166878065e+00 +1.002166878e+03 +1.002166878e+03 -1.0159e+00 -1.4656e-01 +3.2553e-01 -2.4779e+00 -9.4973e-01 -2.7206e+00 +3.4565e+00 -2.2868e+00 +7.8440e-01 -1.3798e+00
820 0 +2.077601263e+00 +1.002077601e+03 +1.002077601e+03 -1.0050e+00 -2.6568e-01 +4.7555e-01 -2.3390e+00 -9.7930e-01 -2.4971e+00 +3.2816e+00 -2.1271e+00 +7.1010e-01 -1.5380e+00
