% f evaluations | g evaluations | best noise-free fitness - Fopt (6.870000000000e+00) + sum g_i+ | measured fitness | best measured fitness or single-digit g-values | x1 | x2...
1 0 +6.716939245e+00 +1.358693924e+01 +1.358693924e+01 +0.0000e+00 +0.0000e+00 +0.0000e+00 +0.0000e+00 +0.0000e+00
52 0 +3.313222509e+00 +1.018322251e+01 +1.018322251e+01 +1.9084e+00 -2.2787e-01 -4.8231e-01 -1.8830e-01 +9.1519e-01
215 0 +3.282245374e+00 +1.015224537e+01 +1.015224537e+01 +8.0067e-01 +1.3927e-01 -3.5470e-01 +7.1577e-02 +4.5450e-01
251 0 +2.861928036e+00 +9.731928036e+00 +9.731928036e+00 +8.2850e-01 +1.4950e-01 -3.6405e-01 +2.2300e-02 +5.0262e-01
312 0 +2.767900310e+00 +9.637900310e+00 +9.637900310e+00 +8.1221e-01 +1.4592e-01 -3.3627e-01 -8.6518e-02 +5.5123e-01
1416 0 +2.743213329e+00 +9.613213329e+00 +9.613213329e+00 +8.3174e-01 +1.5321e-01 -4.0418e-01 -2.7978e-02 +5.4839e-01
1442 0 +2.627806783e+00 +9.497806783e+00 +9.497806783e+00 +8.3206e-01 +1.5356e-01 -4.0334e-01 -2.7493e-02 +5.4803e-01
1461 0 +2.532216066e+00 +9.402216066e+00 +9.402216066e+00 +8.3228e-01 +1.5390e-01 -4.0255e-01 -2.7008e-02 +5.4779e-01
1482 0 +2.508185542e+00 +9.378185542e+00 +9.378185542e+00 +8.3209e-01 +1.5379e-01 -4.0274e-01 -2.6973e-02 +5.4776e-01
1576 0 +2.450851801e+00 +9.320851801e+00 +9.320851801e+00 +8.3204e-01 +1.5387e-01 -4.0273e-01 -2.7063e-02 +5.4801e-01
% f evaluations | g evaluations | best noise-free fitness - Fopt (1.000000000000e-02) + sum g_i+ | measured fitness | best measured fitness or single-digit g-values | x1 | x2...
1 0 +2.029754545e+01 +2.030754545e+01 +2.030754545e+01 +0.0000e+00 +0.0000e+00 +0.0000e+00 +0.0000e+00 +0.0000e+00
2 0 +1.960099013e+01 +1.961099013e+01 +1.961099013e+01 +4.3379e-01 +3.0692e-02 +9.8026e-02 +3.4094e-01 +2.4727e-01
3 0 +1.124353720e+01 +1.125353720e+01 +1.125353720e+01 +1.7369e-01 -1.1375e-01 -3.0566e-01 +1.1285e-01 -1.5359e-01
4 0 +9.504140554e+00 +9.514140554e+00 +9.514140554e+00 +2.4817e-01 +6.3376e-02 -2.2359e-01 +8.0318e-02 +2.1275e-01
5 0 +9.176941688e+00 +9.186941688e+00 +9.186941688e+00 +5.3256e-02 -2.3477e-01 +7.8699e-02 +1.0710e-01 +2.4729e-01
8 0 +6.316949622e+00 +6.326949622e+00 +6.326949622e+00 -9.0564e-02 +8.4424e-02 -2.8183e-02 -1.8777e-01 +7.4957e-02
71 0 +4.804932768e+00 +4.814932768e+00 +4.814932768e+00 +1.0065e+00 -3.5763e-01 -4.7353e-01 -8.4184e-01 +4.2804e-01
81 0 +4.292584940e+00 +4.302584940e+00 +4.302584940e+00 +5.0631e-01 -4.1074e-01 -4.1953e-01 -2.1712e-01 +3.5509e-01
205 0 +3.090589301e+00 +3.100589301e+00 +3.100589301e+00 +8.0123e-01 -4.7872e-01 -5.3443e-01 -4.5342e-01 +3.5775e-01
390 0 +2.813615265e+00 +2.823615265e+00 +2.823615265e+00 +9.8128e-01 -5.2007e-01 -6.4671e-01 -5.1991e-01 +4.3675e-01
405 0 +1.817920326e+00 +1.827920326e+00 +1.827920326e+00 +9.8707e-01 -5.2071e-01 -6.4985e-01 -5.2706e-01 +4.4656e-01
438 0 +1.701858047e+00 +1.711858047e+00 +1.711858047e+00 +9.7559e-01 -5.1806e-01 -6.4840e-01 -5.2449e-01 +4.4617e-01
449 0 +1.667163938e+00 +1.677163938e+00 +1.677163938e+00 +9.8564e-01 -5.2736e-01 -6.5580e-01 -5.2388e-01 +4.4844e-01
490 0 +1.392388863e+00 +1.402388863e+00 +1.402388863e+00 +9.7198e-01 -5.1927e-01 -6.4877e-01 -5.1972e-01 +4.4957e-01
523 0 +1.348220968e+00 +1.358220968e+00 +1.358220968e+00 +9.7321e-01 -5.2170e-01 -6.5036e-01 -5.1999e-01 +4.4862e-01
590 0 +1.289017972e+00 +1.299017972e+00 +1.299017972e+00 +9.8471e-01 -5.1808e-01 -6.5308e-01 -5.2060e-01 +4.5666e-01
597 0 +1.226293166e+00 +1.236293166e+00 +1.236293166e+00 +9.8102e-01 -5.2211e-01 -6.5182e-01 -5.1969e-01 +4.5602e-01
616 0 +1.179977439e+00 +1.189977439e+00 +1.189977439e+00 +9.9212e-01 -5.1694e-01 -6.5468e-01 -5.2587e-01 +4.5944e-01
665 0 +1.120576044e+00 +1.130576044e+00 +1.130576044e+00 +9.8727e-01 -5.1949e-01 -6.5420e-01 -5.2245e-01 +4.5660e-01
672 0 +1.025443403e+00 +1.035443403e+00 +1.035443403e+00 +9.8642e-01 -5.1851e-01 -6.5455e-01 -5.2180e-01 +4.5886e-01
749 0 +9.679291781e-01 +9.779291781e-01 +9.779291781e-01 +9.9562e-01 -5.1896e-01 -6.5645e-01 -5.2697e-01 +4.5765e-01
762 0 +9.352151471e-01 +9.452151471e-01 +9.452151471e-01 +9.9479e-01 -5.1867e-01 -6.5617e-01 -5.2649e-01 +4.5781e-01
768 0 +8.984554772e-01 +9.084554772e-01 +9.084554772e-01 +9.9468e-01 -5.1759e-01 -6.5498e-01 -5.2665e-01 +4.5738e-01
785 0 +8.578852145e-01 +8.678852145e-01 +8.678852145e-01 +9.9636e-01 -5.1883e-01 -6.5634e-01 -5.2679e-01 +4.5820e-01
840 0 +7.782209639e-01 +7.882209639e-01 +7.882209639e-01 +9.9451e-01 -5.1810e-01 -6.5566e-01 -5.2599e-01 +4.5877e-01
884 0 +7.595361975e-01 +7.695361975e-01 +7.695361975e-01 +9.9309e-01 -5.1799e-01 -6.5515e-01 -5.2538e-01 +4.5859e-01
935 0 +7.561673878e-01 +7.661673878e-01 +7.661673878e-01 +9.9357e-01 -5.1784e-01 -6.5519e-01 -5.2571e-01 +4.5859e-01
1101 0 +7.412629090e-01 +7.512629090e-01 +7.512629090e-01 +9.9316e-01 -5.1792e-01 -6.5510e-01 -5.2547e-01 +4.5861e-01
% f evaluations | g evaluations | best noise-free fitness - Fopt (-1.306100000000e+02) + sum g_i+ | measured fitness | best measured fitness or single-digit g-values | x1 | x2...
1 0 +1.559460382e+01 -1.150153962e+02 -1.150153962e+02 +0.0000e+00 +0.0000e+00 +0.0000e+00 +0.0000e+00 +0.0000e+00
4 0 +1.454207686e+01 -1.160679231e+02 -1.160679231e+02 +2.4817e-01 +6.3376e-02 -2.2359e-01 +8.0318e-02 +2.1275e-01
7 0 +1.263980201e+01 -1.179701980e+02 -1.179701980e+02 +2.3317e-01 -2.5183e-01 -1.2653e-01 +4.3300e-01 -1.9345e-02
13 0 +1.201614095e+01 -1.185938590e+02 -1.185938590e+02 +2.5718e-01 +5.3530e-03 -7.2558e-01 +2.9926e-01 -1.2135e-01
21 0 +9.742147152e+00 -1.208678528e+02 -1.208678528e+02 +8.1977e-01 -1.7282e-01 -4.0131e-01 +3.3297e-01 -2.0551e-01
26 0 +6.921630874e+00 -1.236883691e+02 -1.236883691e+02 +6.2844e-01 -3.8204e-01 -2.8697e-01 -4.7995e-02 -3.1055e-01
37 0 +6.137799261e+00 -1.244722007e+02 -1.244722007e+02 +2.7585e-01 +5.0216e-01 -2.7913e-01 +4.6866e-02 +2.1260e-01
39 0 +5.038502192e+00 -1.255714978e+02 -1.255714978e+02 +4.9862e-01 -3.5279e-01 -3.5900e-01 -3.7998e-01 -1.3300e-01
85 0 +3.980813661e+00 -1.266291863e+02 -1.266291863e+02 +9.7988e-01 -7.3209e-01 -3.0654e-01 +2.3474e-01 +1.7630e-01
355 0 +3.715440485e+00 -1.268945595e+02 -1.268945595e+02 +4.4912e-01 +1.4408e-01 -6.0684e-01 -1.8270e-01 +6.3132e-01
445 0 +1.502166392e+00 -1.291078336e+02 -1.291078336e+02 +4.5445e-01 +1.6986e-01 -5.1442e-01 -8.8439e-02 +6.1283e-01
473 0 +1.422497500e+00 -1.291875025e+02 -1.291875025e+02 +4.3497e-01 +1.8288e-01 -5.1695e-01 -9.4947e-02 +6.0635e-01
475 0 +1.302961315e+00 -1.293070387e+02 -1.293070387e+02 +4.3453e-01 +1.8394e-01 -5.2448e-01 -8.1313e-02 +5.9886e-01
566 0 +1.265389004e+00 -1.293446110e+02 -1.293446110e+02 +4.3629e-01 +1.8708e-01 -5.1448e-01 -9.0184e-02 +6.1173e-01
663 0 +1.215577338e+00 -1.293944227e+02 -1.293944227e+02 +4.4149e-01 +1.8873e-01 -5.2190e-01 -8.9078e-02 +6.0742e-01
674 0 +1.044818495e+00 -1.295651815e+02 -1.295651815e+02 +4.4403e-01 +1.9574e-01 -5.2665e-01 -8.4401e-02 +6.0198e-01
680 0 +1.010952961e+00 -1.295990470e+02 -1.295990470e+02 +4.4367e-01 +1.9624e-01 -5.2788e-01 -8.6396e-02 +6.0467e-01
683 0 +7.296390632e-01 -1.298803609e+02 -1.298803609e+02 +4.4625e-01 +1.8888e-01 -5.2502e-01 -8.7894e-02 +6.0353e-01
691 0 +6.877226787e-01 -1.299222773e+02 -1.299222773e+02 +4.4693e-01 +1.9146e-01 -5.2582e-01 -8.6859e-02 +6.0263e-01
770 0 +6.169838837e-01 -1.299930161e+02 -1.299930161e+02 +4.4649e-01 +1.9339e-01 -5.2685e-01 -8.7578e-02 +6.0143e-01
789 0 +5.861622500e-01 -1.300238378e+02 -1.300238378e+02 +4.4572e-01 +1.9244e-01 -5.2660e-01 -8.7298e-02 +6.0166e-01
845 0 +5.632302909e-01 -1.300467697e+02 -1.300467697e+02 +4.4611e-01 +1.9235e-01 -5.2624e-01 -8.8120e-02 +6.0167e-01
846 0 +5.079730818e-01 -1.301020269e+02 -1.301020269e+02 +4.4620e-01 +1.8994e-01 -5.2527e-01 -8.8303e-02 +6.0223e-01
917 0 +5.001909450e-01 -1.301098091e+02 -1.301098091e+02 +4.4618e-01 +1.9006e-01 -5.2545e-01 -8.8402e-02 +6.0179e-01
924 0 +4.752156185e-01 -1.301347844e+02 -1.301347844e+02 +4.4617e-01 +1.8939e-01 -5.2519e-01 -8.8831e-02 +6.0183e-01
1084 0 +4.657333937e-01 -1.301442666e+02 -1.301442666e+02 +4.4620e-01 +1.8978e-01 -5.2538e-01 -8.8628e-02 +6.0178e-01
1155 0 +4.569997255e-01 -1.301530003e+02 -1.301530003e+02 +4.4626e-01 +1.8972e-01 -5.2534e-01 -8.8782e-02 +6.0181e-01
1238 0 +4.457413269e-01 -1.301642587e+02 -1.301642587e+02 +4.4632e-01 +1.8975e-01 -5.2534e-01 -8.8829e-02 +6.0181e-01
1280 0 +4.351376950e-01 -1.301748623e+02 -1.301748623e+02 +4.4651e-01 +1.8959e-01 -5.2523e-01 -8.9118e-02 +6.0185e-01
1349 0 +4.260534433e-01 -1.301839466e+02 -1.301839466e+02 +4.4650e-01 +1.8965e-01 -5.2524e-01 -8.9113e-02 +6.0187e-01
% f evaluations | g evaluations | best noise-free fitness - Fopt (-2.231200000000e+02) + sum g_i+ | measured fitness | best measured fitness or single-digit g-values | x1 | x2...
1 0 +1.062283393e+01 -2.124971661e+02 -2.124971661e+02 +0.0000e+00 +0.0000e+00 +0.0000e+00 +0.0000e+00 +0.0000e+00
3 0 +8.070401606e+00 -2.150495984e+02 -2.150495984e+02 +1.7369e-01 -1.1375e-01 -3.0566e-01 +1.1285e-01 -1.5359e-01
9 0 +6.583153710e+00 -2.165368463e+02 -2.165368463e+02 +6.4105e-01 +2.7589e-01 +1.3137e-01 +7.7185e-02 +2.3934e-01
13 0 +5.374972733e+00 -2.177450273e+02 -2.177450273e+02 +4.5488e-01 -3.5215e-02 -7.1403e-01 +4.1645e-01 -2.9690e-01
63 0 +5.260723721e+00 -2.178592763e+02 -2.178592763e+02 +7.2853e-01 +2.7196e-01 -4.6410e-01 +4.6675e-01 +1.5375e-01
188 0 +4.768814798e+00 -2.183511852e+02 -2.183511852e+02 +6.3427e-01 -1.2945e-01 -6.2437e-01 +4.1317e-01 -9.3433e-02
190 0 +3.321255541e+00 -2.197987445e+02 -2.197987445e+02 +6.4121e-01 -1.1678e-01 -5.5885e-01 +4.3358e-01 -1.3316e-01
200 0 +1.978326736e+00 -2.211416733e+02 -2.211416733e+02 +5.5248e-01 -1.1171e-01 -5.7142e-01 +4.2939e-01 -8.4599e-02
343 0 +1.691532869e+00 -2.214284671e+02 -2.214284671e+02 +5.2933e-01 -1.1717e-01 -5.9313e-01 +4.1339e-01 -4.1203e-02
345 0 +1.591729986e+00 -2.215282700e+02 -2.215282700e+02 +5.3835e-01 -1.1040e-01 -5.8795e-01 +4.2340e-01 -4.4420e-02
378 0 +1.527444095e+00 -2.215925559e+02 -2.215925559e+02 +5.3717e-01 -1.1487e-01 -5.9376e-01 +4.1641e-01 -4.4323e-02
386 0 +1.466287549e+00 -2.216537125e+02 -2.216537125e+02 +5.4228e-01 -1.1171e-01 -5.8975e-01 +4.2031e-01 -4.5072e-02
402 0 +1.278616346e+00 -2.218413837e+02 -2.218413837e+02 +5.4358e-01 -1.1424e-01 -5.8871e-01 +4.2455e-01 -4.7101e-02
414 0 +1.010745188e+00 -2.221092548e+02 -2.221092548e+02 +5.4233e-01 -1.1133e-01 -5.8096e-01 +4.2477e-01 -5.6598e-02
425 0 +8.796979677e-01 -2.222403020e+02 -2.222403020e+02 +5.3742e-01 -1.0746e-01 -5.7513e-01 +4.2527e-01 -4.4765e-02
429 0 +6.400404523e-01 -2.224799595e+02 -2.224799595e+02 +5.2780e-01 -1.0915e-01 -5.8591e-01 +4.1781e-01 -4.1494e-02
491 0 +4.533925433e-01 -2.226666075e+02 -2.226666075e+02 +5.2677e-01 -1.0983e-01 -5.8418e-01 +4.1862e-01 -4.2404e-02
507 0 +3.736399789e-01 -2.227463600e+02 -2.227463600e+02 +5.2327e-01 -1.0835e-01 -5.8362e-01 +4.1983e-01 -3.8820e-02
531 0 +3.339639586e-01 -2.227860360e+02 -2.227860360e+02 +5.2703e-01 -1.0715e-01 -5.8352e-01 +4.1879e-01 -4.0360e-02
599 0 +3.036994981e-01 -2.228163005e+02 -2.228163005e+02 +5.2471e-01 -1.0615e-01 -5.8371e-01 +4.1815e-01 -3.9829e-02
606 0 +2.950436102e-01 -2.228249564e+02 -2.228249564e+02 +5.2361e-01 -1.0675e-01 -5.8398e-01 +4.1832e-01 -3.8968e-02
609 0 +2.846021523e-01 -2.228353978e+02 -2.228353978e+02 +5.2508e-01 -1.0691e-01 -5.8387e-01 +4.1867e-01 -4.0933e-02
611 0 +2.412818210e-01 -2.228787182e+02 -2.228787182e+02 +5.2665e-01 -1.0650e-01 -5.8250e-01 +4.1945e-01 -4.1423e-02
688 0 +2.392600057e-01 -2.228807400e+02 -2.228807400e+02 +5.2630e-01 -1.0655e-01 -5.8288e-01 +4.1903e-01 -4.0826e-02
696 0 +2.342466418e-01 -2.228857534e+02 -2.228857534e+02 +5.2641e-01 -1.0674e-01 -5.8270e-01 +4.1913e-01 -4.0891e-02
697 0 +2.272888546e-01 -2.228927111e+02 -2.228927111e+02 +5.2642e-01 -1.0656e-01 -5.8281e-01 +4.1907e-01 -4.1111e-02
728 0 +2.193633282e-01 -2.229006367e+02 -2.229006367e+02 +5.2698e-01 -1.0662e-01 -5.8288e-01 +4.1903e-01 -4.1983e-02
746 0 +2.076237686e-01 -2.229123762e+02 -2.229123762e+02 +5.2691e-01 -1.0669e-01 -5.8275e-01 +4.1911e-01 -4.1829e-02
796 0 +2.036055169e-01 -2.229163945e+02 -2.229163945e+02 +5.2644e-01 -1.0669e-01 -5.8286e-01 +4.1908e-01 -4.1378e-02
830 0 +1.988851986e-01 -2.229211148e+02 -2.229211148e+02 +5.2660e-01 -1.0673e-01 -5.8274e-01 +4.1921e-01 -4.1418e-02
846 0 +1.923047245e-01 -2.229276953e+02 -2.229276953e+02 +5.2686e-01 -1.0676e-01 -5.8253e-01 +4.1939e-01 -4.1645e-02
850 0 +1.905159645e-01 -2.229294840e+02 -2.229294840e+02 +5.2681e-01 -1.0678e-01 -5.8249e-01 +4.1947e-01 -4.1704e-02
863 0 +1.801326713e-01 -2.229398673e+02 -2.229398673e+02 +5.2696e-01 -1.0683e-01 -5.8238e-01 +4.1961e-01 -4.1825e-02
891 0 +1.650249070e-01 -2.229549751e+02 -2.229549751e+02 +5.2724e-01 -1.0689e-01 -5.8218e-01 +4.1982e-01 -4.2058e-02
902 0 +1.505892651e-01 -2.229694107e+02 -2.229694107e+02 +5.2745e-01 -1.0698e-01 -5.8192e-01 +4.2013e-01 -4.2165e-02
955 0 +1.455804953e-01 -2.229744195e+02 -2.229744195e+02 +5.2752e-01 -1.0699e-01 -5.8183e-01 +4.2025e-01 -4.2339e-02
963 0 +1.378354146e-01 -2.229821646e+02 -2.229821646e+02 +5.2766e-01 -1.0702e-01 -5.8175e-01 +4.2035e-01 -4.2578e-02
1033 0 +1.336963156e-01 -2.229863037e+02 -2.229863037e+02 +5.2776e-01 -1.0710e-01 -5.8165e-01 +4.2049e-01 -4.2717e-02
1035 0 +1.309046249e-01 -2.229890954e+02 -2.229890954e+02 +5.2763e-01 -1.0710e-01 -5.8173e-01 +4.2041e-01 -4.2614e-02
1039 0 +1.267050387e-01 -2.229932950e+02 -2.229932950e+02 +5.2778e-01 -1.0711e-01 -5.8165e-01 +4.2049e-01 -4.2793e-02
1050 0 +1.245841860e-01 -2.229954158e+02 -2.229954158e+02 +5.2774e-01 -1.0715e-01 -5.8166e-01 +4.2052e-01 -4.2806e-02
1060 0 +1.191766853e-01 -2.230008233e+02 -2.230008233e+02 +5.2779e-01 -1.0714e-01 -5.8159e-01 +4.2057e-01 -4.2914e-02
1129 0 +1.157390311e-01 -2.230042610e+02 -2.230042610e+02 +5.2779e-01 -1.0715e-01 -5.8158e-01 +4.2060e-01 -4.2918e-02
1199 0 +1.148038696e-01 -2.230051961e+02 -2.230051961e+02 +5.2779e-01 -1.0715e-01 -5.8160e-01 +4.2058e-01 -4.2925e-02
% f evaluations | g evaluations | best noise-free fitness - Fopt (-4.443000000000e+01) + sum g_i+ | measured fitness | best measured fitness or single-digit g-values | x1 | x2...
1 0 +2.215004470e+01 -2.227995530e+01 -2.227995530e+01 +0.0000e+00 +0.0000e+00 +0.0000e+00 +0.0000e+00 +0.0000e+00
2 0 +1.670117028e+01 -2.772882972e+01 -2.772882972e+01 +4.3379e-01 +3.0692e-02 +9.8026e-02 +3.4094e-01 +2.4727e-01
10 0 +5.540531689e+00 -3.888946831e+01 -3.888946831e+01 +4.8234e-01 -1.7888e-01 +1.4914e-01 +1.2397e-01 +4.6794e-01
15 0 +3.387568895e+00 -4.104243110e+01 -4.104243110e+01 +3.2128e-01 -3.1665e-01 +9.1226e-02 +4.4415e-01 -4.0251e-01
265 0 +2.103536373e+00 -4.232646363e+01 -4.232646363e+01 +5.6412e-01 -2.7016e-02 -1.7286e-01 +2.6992e-01 -6.4360e-02
368 0 +2.062080444e+00 -4.236791956e+01 -4.236791956e+01 +4.8556e-01 -1.6045e-02 -1.8661e-01 +2.6806e-01 -1.3102e-02
410 0 +1.321511113e+00 -4.310848889e+01 -4.310848889e+01 +4.9167e-01 -2.7301e-02 -1.6583e-01 +2.7688e-01 +1.1199e-02
436 0 +1.136129080e+00 -4.329387092e+01 -4.329387092e+01 +4.7345e-01 -3.8495e-02 -1.8362e-01 +2.7527e-01 -1.2284e-02
464 0 +1.064057978e+00 -4.336594202e+01 -4.336594202e+01 +4.6955e-01 -3.7662e-02 -1.9250e-01 +2.7661e-01 -1.6231e-02
496 0 +9.000243383e-01 -4.352997566e+01 -4.352997566e+01 +4.7111e-01 -4.0368e-02 -1.8473e-01 +2.7313e-01 -1.2332e-02
503 0 +7.056463175e-01 -4.372435368e+01 -4.372435368e+01 +4.6887e-01 -4.1566e-02 -1.9049e-01 +2.7280e-01 -1.1245e-02
585 0 +6.382171329e-01 -4.379178287e+01 -4.379178287e+01 +4.6587e-01 -3.8815e-02 -1.9337e-01 +2.7212e-01 -1.6265e-02
595 0 +6.191550472e-01 -4.381084495e+01 -4.381084495e+01 +4.6661e-01 -3.9097e-02 -1.9322e-01 +2.7200e-01 -1.6379e-02
637 0 +5.663418621e-01 -4.386365814e+01 -4.386365814e+01 +4.6586e-01 -3.7042e-02 -1.9420e-01 +2.7119e-01 -1.8019e-02
640 0 +4.902304717e-01 -4.393976953e+01 -4.393976953e+01 +4.6703e-01 -3.7718e-02 -1.9305e-01 +2.7163e-01 -1.6290e-02
779 0 +4.839402075e-01 -4.394605979e+01 -4.394605979e+01 +4.6730e-01 -3.5515e-02 -1.9350e-01 +2.7121e-01 -1.7451e-02
819 0 +4.648691761e-01 -4.396513082e+01 -4.396513082e+01 +4.6705e-01 -3.5625e-02 -1.9376e-01 +2.7117e-01 -1.7710e-02
905 0 +4.552128694e-01 -4.397478713e+01 -4.397478713e+01 +4.6719e-01 -3.5696e-02 -1.9359e-01 +2.7121e-01 -1.7584e-02
1080 0 +4.465417413e-01 -4.398345826e+01 -4.398345826e+01 +4.6715e-01 -3.5579e-02 -1.9366e-01 +2.7113e-01 -1.7685e-02
% f evaluations | g evaluations | best noise-free fitness - Fopt (2.557800000000e+02) + sum g_i+ | measured fitness | best measured fitness or single-digit g-values | x1 | x2...
1 0 +9.060574647e+00 +2.648405746e+02 +2.648405746e+02 +0.0000e+00 +0.0000e+00 +0.0000e+00 +0.0000e+00 +0.0000e+00
10 0 +8.049472797e+00 +2.638294728e+02 +2.638294728e+02 +4.1759e-01 -1.3063e-01 +2.0664e-02 +3.5797e-02 +5.3398e-01
11 0 +7.832896537e+00 +2.636128965e+02 +2.636128965e+02 +1.9376e-01 +3.9218e-01 -4.0245e-01 +1.0052e-01 -8.5423e-02
14 0 +4.092896098e+00 +2.598728961e+02 +2.598728961e+02 +7.9521e-01 +3.2219e-01 +1.3541e-01 -5.6902e-01 +5.5860e-01
16 0 +3.217567933e+00 +2.589975679e+02 +2.589975679e+02 +5.2652e-01 +6.2452e-03 -2.4613e-01 -7.4182e-02 -1.0141e-01
58 0 +2.432736756e+00 +2.582127368e+02 +2.582127368e+02 +5.8494e-01 -1.1671e-01 -9.5637e-01 -5.4011e-01 +8.8939e-02
346 0 +1.858323147e+00 +2.576383231e+02 +2.576383231e+02 +9.7295e-01 +4.3221e-01 -5.6182e-01 -1.3602e-01 +4.5385e-01
377 0 +1.784086116e+00 +2.575640861e+02 +2.575640861e+02 +9.8259e-01 +4.2118e-01 -5.5558e-01 -1.3740e-01 +4.7982e-01
400 0 +1.701496156e+00 +2.574814962e+02 +2.574814962e+02 +9.7348e-01 +4.3184e-01 -5.6222e-01 -1.3522e-01 +4.6244e-01
407 0 +1.341977886e+00 +2.571219779e+02 +2.571219779e+02 +9.8030e-01 +4.3067e-01 -5.5807e-01 -1.3855e-01 +4.6204e-01
456 0 +1.226711540e+00 +2.570067115e+02 +2.570067115e+02 +9.8304e-01 +4.3553e-01 -5.6696e-01 -1.1213e-01 +4.5699e-01
472 0 +1.078234129e+00 +2.568582341e+02 +2.568582341e+02 +9.8000e-01 +4.4071e-01 -5.7020e-01 -1.0906e-01 +4.5171e-01
478 0 +6.287128853e-01 +2.564087129e+02 +2.564087129e+02 +9.7848e-01 +4.3525e-01 -5.6887e-01 -1.0970e-01 +4.6536e-01
517 0 +5.598982228e-01 +2.563398982e+02 +2.563398982e+02 +9.7824e-01 +4.3635e-01 -5.6837e-01 -1.0877e-01 +4.6784e-01
554 0 +5.385841587e-01 +2.563185842e+02 +2.563185842e+02 +9.7457e-01 +4.3449e-01 -5.6819e-01 -1.1063e-01 +4.6872e-01
585 0 +4.813527389e-01 +2.562613527e+02 +2.562613527e+02 +9.7525e-01 +4.3682e-01 -5.6972e-01 -1.0957e-01 +4.6713e-01
606 0 +4.595155521e-01 +2.562395156e+02 +2.562395156e+02 +9.7433e-01 +4.3753e-01 -5.6962e-01 -1.0909e-01 +4.6670e-01
609 0 +4.476064266e-01 +2.562276064e+02 +2.562276064e+02 +9.7577e-01 +4.3786e-01 -5.6980e-01 -1.0799e-01 +4.6473e-01
651 0 +4.325269739e-01 +2.562125270e+02 +2.562125270e+02 +9.7867e-01 +4.3675e-01 -5.6941e-01 -1.0795e-01 +4.6838e-01
686 0 +4.008943441e-01 +2.561808943e+02 +2.561808943e+02 +9.7803e-01 +4.3748e-01 -5.6947e-01 -1.0750e-01 +4.6657e-01
696 0 +3.933108592e-01 +2.561733109e+02 +2.561733109e+02 +9.7911e-01 +4.3744e-01 -5.6917e-01 -1.0703e-01 +4.6659e-01
706 0 +3.765898444e-01 +2.561565898e+02 +2.561565898e+02 +9.7819e-01 +4.3789e-01 -5.6979e-01 -1.0708e-01 +4.6664e-01
801 0 +3.660202681e-01 +2.561460203e+02 +2.561460203e+02 +9.7902e-01 +4.3761e-01 -5.6941e-01 -1.0706e-01 +4.6646e-01
843 0 +3.617770612e-01 +2.561417771e+02 +2.561417771e+02 +9.7883e-01 +4.3763e-01 -5.6945e-01 -1.0709e-01 +4.6652e-01
915 0 +3.534769290e-01 +2.561334769e+02 +2.561334769e+02 +9.7869e-01 +4.3767e-01 -5.6951e-01 -1.0709e-01 +4.6656e-01
% f evaluations | g evaluations | best noise-free fitness - Fopt (1.000000000000e+03) + sum g_i+ | measured fitness | best measured fitness or single-digit g-values | x1 | x2...
1 0 +3.178763879e+01 +1.031787639e+03 +1.031787639e+03 +0.0000e+00 +0.0000e+00 +0.0000e+00 +0.0000e+00 +0.0000e+00
2 0 +7.442252686e+00 +1.007442253e+03 +1.007442253e+03 +4.3379e-01 +3.0692e-02 +9.8026e-02 +3.4094e-01 +2.4727e-01
5 0 +6.945319587e+00 +1.006945320e+03 +1.006945320e+03 +5.3256e-02 -2.3477e-01 +7.8699e-02 +1.0710e-01 +2.4729e-01
81 0 +5.311617151e+00 +1.005311617e+03 +1.005311617e+03 +3.5136e-01 -7.6278e-02 -2.0876e-01 +3.0100e-01 -2.4055e-01
151 0 +2.951921715e+00 +1.002951922e+03 +1.002951922e+03 +7.3032e-01 -6.7389e-02 -1.9714e-01 +1.8868e-01 -1.7719e-01
170 0 +2.808954281e+00 +1.002808954e+03 +1.002808954e+03 +6.8120e-01 -5.4326e-02 -2.3009e-01 +1.8695e-01 -4.0851e-01
295 0 +2.418353643e+00 +1.002418354e+03 +1.002418354e+03 +5.9899e-01 -8.3099e-02 -2.5136e-01 +1.0593e-01 -2.8597e-01
310 0 +1.203340636e+00 +1.001203341e+03 +1.001203341e+03 +5.8518e-01 -7.2038e-02 -2.5467e-01 +1.1676e-01 -2.9100e-01
386 0 +9.802156604e-01 +1.000980216e+03 +1.000980216e+03 +5.7788e-01 -6.4421e-02 -2.7496e-01 +1.1496e-01 -2.9164e-01
438 0 +6.646271434e-01 +1.000664627e+03 +1.000664627e+03 +5.7938e-01 -6.6262e-02 -2.7295e-01 +1.1163e-01 -2.8594e-01
513 0 +6.259833107e-01 +1.000625983e+03 +1.000625983e+03 +5.7965e-01 -6.6008e-02 -2.7097e-01 +1.1249e-01 -2.8756e-01
520 0 +5.291858733e-01 +1.000529186e+03 +1.000529186e+03 +5.7894e-01 -6.5960e-02 -2.7239e-01 +1.1257e-01 -2.8695e-01
571 0 +5.069745853e-01 +1.000506975e+03 +1.000506975e+03 +5.7985e-01 -6.5776e-02 -2.7303e-01 +1.1163e-01 -2.8706e-01
586 0 +4.483298264e-01 +1.000448330e+03 +1.000448330e+03 +5.8003e-01 -6.6340e-02 -2.7240e-01 +1.1198e-01 -2.8754e-01
650 0 +4.443094708e-01 +1.000444309e+03 +1.000444309e+03 +5.8017e-01 -6.6165e-02 -2.7283e-01 +1.1167e-01 -2.8743e-01
667 0 +4.342047803e-01 +1.000434205e+03 +1.000434205e+03 +5.8003e-01 -6.6325e-02 -2.7280e-01 +1.1182e-01 -2.8753e-01
720 0 +4.165684081e-01 +1.000416568e+03 +1.000416568e+03 +5.8070e-01 -6.6507e-02 -2.7293e-01 +1.1152e-01 -2.8791e-01
746 0 +3.817227763e-01 +1.000381723e+03 +1.000381723e+03 +5.8150e-01 -6.6898e-02 -2.7305e-01 +1.1129e-01 -2.8873e-01
801 0 +3.712109843e-01 +1.000371211e+03 +1.000371211e+03 +5.8181e-01 -6.6956e-02 -2.7338e-01 +1.1111e-01 -2.8898e-01
845 0 +3.600837281e-01 +1.000360084e+03 +1.000360084e+03 +5.8179e-01 -6.6912e-02 -2.7340e-01 +1.1108e-01 -2.8900e-01
987 0 +3.543997486e-01 +1.000354400e+03 +1.000354400e+03 +5.8171e-01 -6.6952e-02 -2.7343e-01 +1.1109e-01 -2.8889e-01
% f evaluations | g evaluations | best noise-free fitness - Fopt (-1.869500000000e+02) + sum g_i+ | measured fitness | best measured fitness or single-digit g-values | x1 | x2...
1 0 +2.092193203e+01 -1.660280680e+02 -1.660280680e+02 +0.0000e+00 +0.0000e+00 +0.0000e+00 +0.0000e+00 +0.0000e+00
3 0 +4.151789514e+00 -1.827982105e+02 -1.827982105e+02 +1.7369e-01 -1.1375e-01 -3.0566e-01 +1.1285e-01 -1.5359e-01
78 0 +4.047501616e+00 -1.829024984e+02 -1.829024984e+02 +1.1494e+00 -2.2548e-01 -9.2623e-01 +3.6720e-01 +5.8001e-01
165 0 +2.704752305e+00 -1.842452477e+02 -1.842452477e+02 +7.0449e-01 -1.2727e-01 -6.8350e-01 +9.6720e-01 +6.9921e-01
471 0 +1.845949963e+00 -1.851040500e+02 -1.851040500e+02 +3.8218e-01 -9.7300e-02 -3.5579e-01 +6.2113e-01 +3.5807e-01
487 0 +1.728340009e+00 -1.852216600e+02 -1.852216600e+02 +3.6882e-01 -9.3302e-02 -3.5601e-01 +6.1835e-01 +3.5706e-01
526 0 +1.314973915e+00 -1.856350261e+02 -1.856350261e+02 +3.6378e-01 -9.1869e-02 -3.6001e-01 +6.1193e-01 +3.6053e-01
554 0 +1.066493550e+00 -1.858835065e+02 -1.858835065e+02 +3.6395e-01 -9.3368e-02 -3.5949e-01 +6.1164e-01 +3.6448e-01
798 0 +1.027007097e+00 -1.859229929e+02 -1.859229929e+02 +3.6388e-01 -9.1086e-02 -3.6048e-01 +6.0882e-01 +3.6497e-01
861 0 +1.017064103e+00 -1.859329359e+02 -1.859329359e+02 +3.6380e-01 -9.1232e-02 -3.6045e-01 +6.0891e-01 +3.6501e-01
% f evaluations | g evaluations | best noise-free fitness - Fopt (5.859500000000e+02) + sum g_i+ | measured fitness | best measured fitness or single-digit g-values | x1 | x2...
1 0 +2.580625955e+01 +6.117562596e+02 +6.117562596e+02 +0.0000e+00 +0.0000e+00 +0.0000e+00 +0.0000e+00 +0.0000e+00
2 0 +2.338365161e+01 +6.093336516e+02 +6.093336516e+02 +4.3379e-01 +3.0692e-02 +9.8026e-02 +3.4094e-01 +2.4727e-01
4 0 +1.366592962e+01 +5.996159296e+02 +5.996159296e+02 +2.4817e-01 +6.3376e-02 -2.2359e-01 +8.0318e-02 +2.1275e-01
5 0 +4.513424324e+00 +5.904634243e+02 +5.904634243e+02 +5.3256e-02 -2.3477e-01 +7.8699e-02 +1.0710e-01 +2.4729e-01
111 0 +3.908365063e+00 +5.898583651e+02 +5.898583651e+02 +1.8980e+00 -3.1249e-01 -5.9124e-01 +7.6399e-01 -3.0222e-01
239 0 +3.573086032e+00 +5.895230860e+02 +5.895230860e+02 +7.8008e-01 +5.0181e-01 -1.6846e-01 +9.2266e-01 +1.2076e-01
259 0 +3.203633910e+00 +5.891536339e+02 +5.891536339e+02 +9.1891e-01 +3.1985e-01 -6.2745e-01 +9.1744e-01 -1.5621e-01
419 0 +2.454009918e+00 +5.884040099e+02 +5.884040099e+02 +9.0186e-01 +3.6223e-01 -4.3417e-01 +7.6785e-01 +4.3138e-04
461 0 +2.073033022e+00 +5.880230330e+02 +5.880230330e+02 +8.9871e-01 +3.7089e-01 -4.2034e-01 +7.8209e-01 +1.0074e-02
471 0 +1.978604683e+00 +5.879286047e+02 +5.879286047e+02 +9.0748e-01 +3.5895e-01 -4.2242e-01 +7.7882e-01 +1.6899e-03
504 0 +1.254308515e+00 +5.872043085e+02 +5.872043085e+02 +8.9463e-01 +3.5294e-01 -4.2001e-01 +7.6806e-01 +1.8445e-03
526 0 +1.229074669e+00 +5.871790747e+02 +5.871790747e+02 +8.8797e-01 +3.4927e-01 -4.2284e-01 +7.6114e-01 +9.3145e-03
579 0 +1.178780896e+00 +5.871287809e+02 +5.871287809e+02 +9.0576e-01 +3.5629e-01 -4.3181e-01 +7.6499e-01 +8.8182e-04
584 0 +1.122049078e+00 +5.870720491e+02 +5.870720491e+02 +8.9491e-01 +3.4813e-01 -4.2726e-01 +7.5893e-01 +5.1724e-03
676 0 +1.099681414e+00 +5.870496814e+02 +5.870496814e+02 +9.1637e-01 +3.6486e-01 -4.3560e-01 +7.7073e-01 -5.5666e-03
688 0 +9.099184010e-01 +5.868599184e+02 +5.868599184e+02 +9.2200e-01 +3.7096e-01 -4.3610e-01 +7.7621e-01 -7.8378e-03
700 0 +8.478852702e-01 +5.867978853e+02 +5.867978853e+02 +9.2661e-01 +3.7286e-01 -4.3909e-01 +7.7717e-01 -9.6767e-03
718 0 +8.002112867e-01 +5.867502113e+02 +5.867502113e+02 +9.2998e-01 +3.7627e-01 -4.3824e-01 +7.8022e-01 -1.0411e-02
751 0 +7.758541692e-01 +5.867258542e+02 +5.867258542e+02 +9.2734e-01 +3.7342e-01 -4.3762e-01 +7.7797e-01 -9.4326e-03
769 0 +7.158654593e-01 +5.866658655e+02 +5.866658655e+02 +9.2849e-01 +3.7438e-01 -4.3913e-01 +7.7836e-01 -9.6873e-03
860 0 +7.045760789e-01 +5.866545761e+02 +5.866545761e+02 +9.2172e-01 +3.6906e-01 -4.3670e-01 +7.7451e-01 -7.1160e-03
874 0 +6.904434904e-01 +5.866404435e+02 +5.866404435e+02 +9.2478e-01 +3.7160e-01 -4.3712e-01 +7.7667e-01 -8.5892e-03
887 0 +6.699606910e-01 +5.866199607e+02 +5.866199607e+02 +9.2467e-01 +3.7143e-01 -4.3736e-01 +7.7637e-01 -8.5061e-03
941 0 +6.605237767e-01 +5.866105238e+02 +5.866105238e+02 +9.2608e-01 +3.7266e-01 -4.3736e-01 +7.7744e-01 -9.2832e-03
946 0 +6.452637734e-01 +5.865952638e+02 +5.865952638e+02 +9.2609e-01 +3.7257e-01 -4.3742e-01 +7.7735e-01 -9.2419e-03
1137 0 +6.289101114e-01 +5.865789101e+02 +5.865789101e+02 +9.2593e-01 +3.7249e-01 -4.3706e-01 +7.7739e-01 -9.3110e-03
% f evaluations | g evaluations | best noise-free fitness - Fopt (2.871600000000e+02) + sum g_i+ | measured fitness | best measured fitness or single-digit g-values | x1 | x2...
1 0 +1.373743861e+01 +3.008974386e+02 +3.008974386e+02 +0.0000e+00 +0.0000e+00 +0.0000e+00 +0.0000e+00 +0.0000e+00
3 0 +7.318698022e+00 +2.944786980e+02 +2.944786980e+02 +1.7369e-01 -1.1375e-01 -3.0566e-01 +1.1285e-01 -1.5359e-01
8 0 +6.870857035e+00 +2.940308570e+02 +2.940308570e+02 -9.0564e-02 +8.4424e-02 -2.8183e-02 -1.8777e-01 +7.4957e-02
15 0 +4.112709595e+00 +2.912727096e+02 +2.912727096e+02 +2.1834e-01 -4.0366e-01 -2.5798e-02 +4.4798e-01 -4.8963e-01
64 0 +2.680108477e+00 +2.898401085e+02 +2.898401085e+02 +4.3095e-01 -2.4794e-02 -6.9644e-01 +3.4513e-01 +1.5409e-01
98 0 +2.554841382e+00 +2.897148414e+02 +2.897148414e+02 +6.0191e-01 -1.4584e-01 -5.3418e-01 +8.6587e-01 -1.8094e-01
381 0 +1.890361205e+00 +2.890503612e+02 +2.890503612e+02 +8.6368e-01 +3.0257e-02 -7.3996e-01 +1.4006e+00 +1.7787e-01
499 0 +1.599734033e+00 +2.887597340e+02 +2.887597340e+02 +8.7854e-01 +4.1011e-02 -7.2383e-01 +1.3761e+00 +1.8982e-01
724 0 +1.345209976e+00 +2.885052100e+02 +2.885052100e+02 +8.8467e-01 +4.3762e-02 -7.2809e-01 +1.3744e+00 +1.8927e-01
795 0 +1.247520553e+00 +2.884075206e+02 +2.884075206e+02 +8.8399e-01 +4.3426e-02 -7.2756e-01 +1.3743e+00 +1.9017e-01
1015 0 +1.227625784e+00 +2.883876258e+02 +2.883876258e+02 +8.8426e-01 +4.3482e-02 -7.2790e-01 +1.3741e+00 +1.9014e-01
% f evaluations | g evaluations | best noise-free fitness - Fopt (-3.943800000000e+02) + sum g_i+ | measured fitness | best measured fitness or single-digit g-values | x1 | x2...
1 0 +3.400391763e+01 -3.603760824e+02 -3.603760824e+02 +0.0000e+00 +0.0000e+00 +0.0000e+00 +0.0000e+00 +0.0000e+00
2 0 +2.048681506e+01 -3.738931849e+02 -3.738931849e+02 +4.3379e-01 +3.0692e-02 +9.8026e-02 +3.4094e-01 +2.4727e-01
6 0 +1.524393378e+01 -3.791360662e+02 -3.791360662e+02 +2.1661e-01 -2.7248e-01 -1.4933e-01 +1.8171e-01 -5.0930e-01
12 0 +1.244650473e+01 -3.819334953e+02 -3.819334953e+02 -1.9323e-02 +3.8655e-02 -2.8742e-01 +2.0666e-01 -2.0389e-01
14 0 +8.566796973e+00 -3.858132030e+02 -3.858132030e+02 +7.5286e-01 +7.6251e-02 +2.4134e-01 -3.8227e-01 +4.8227e-01
41 0 +1.845435736e+00 -3.925345643e+02 -3.925345643e+02 +7.0862e-01 -2.5391e-01 -5.6904e-01 +6.1959e-01 +3.2043e-01
392 0 +1.657792821e+00 -3.927222072e+02 -3.927222072e+02 +2.6575e+00 +2.0288e-01 -1.2457e-01 +8.8140e-01 +9.7139e-01
409 0 +1.081465695e+00 -3.932985343e+02 -3.932985343e+02 +2.6844e+00 +2.2497e-01 -1.3589e-01 +9.0375e-01 +9.6852e-01
487 0 +8.400361109e-01 -3.935399639e+02 -3.935399639e+02 +2.6780e+00 +2.0345e-01 -1.2957e-01 +8.9198e-01 +9.7777e-01
500 0 +8.217256657e-01 -3.935582743e+02 -3.935582743e+02 +2.6686e+00 +2.0578e-01 -1.2874e-01 +8.9117e-01 +9.7912e-01
513 0 +7.420849140e-01 -3.936379151e+02 -3.936379151e+02 +2.6670e+00 +2.0498e-01 -1.2618e-01 +8.8713e-01 +9.7659e-01
526 0 +4.915174757e-01 -3.938884825e+02 -3.938884825e+02 +2.6688e+00 +2.0252e-01 -1.3041e-01 +8.8752e-01 +9.7813e-01
534 0 +4.749167913e-01 -3.939050832e+02 -3.939050832e+02 +2.6697e+00 +2.0381e-01 -1.3215e-01 +8.8672e-01 +9.7351e-01
539 0 +3.990901136e-01 -3.939809099e+02 -3.939809099e+02 +2.6696e+00 +2.0104e-01 -1.2952e-01 +8.8670e-01 +9.7889e-01
670 0 +3.334417348e-01 -3.940465583e+02 -3.940465583e+02 +2.6721e+00 +2.0217e-01 -1.3179e-01 +8.8811e-01 +9.7642e-01
708 0 +3.137788678e-01 -3.940662211e+02 -3.940662211e+02 +2.6713e+00 +2.0211e-01 -1.3113e-01 +8.8790e-01 +9.7700e-01
758 0 +3.089323155e-01 -3.940710677e+02 -3.940710677e+02 +2.6714e+00 +2.0218e-01 -1.3113e-01 +8.8786e-01 +9.7678e-01
776 0 +2.938081243e-01 -3.940861919e+02 -3.940861919e+02 +2.6711e+00 +2.0224e-01 -1.3091e-01 +8.8772e-01 +9.7683e-01
801 0 +2.822201401e-01 -3.940977799e+02 -3.940977799e+02 +2.6711e+00 +2.0219e-01 -1.3089e-01 +8.8765e-01 +9.7673e-01
827 0 +2.745269088e-01 -3.941054731e+02 -3.941054731e+02 +2.6709e+00 +2.0213e-01 -1.3063e-01 +8.8748e-01 +9.7674e-01
863 0 +2.604265300e-01 -3.941195735e+02 -3.941195735e+02 +2.6707e+00 +2.0246e-01 -1.3054e-01 +8.8739e-01 +9.7627e-01
868 0 +2.520179547e-01 -3.941279820e+02 -3.941279820e+02 +2.6707e+00 +2.0233e-01 -1.3056e-01 +8.8725e-01 +9.7616e-01
873 0 +2.303881537e-01 -3.941496118e+02 -3.941496118e+02 +2.6704e+00 +2.0217e-01 -1.3035e-01 +8.8701e-01 +9.7622e-01
894 0 +2.257533853e-01 -3.941542466e+02 -3.941542466e+02 +2.6704e+00 +2.0265e-01 -1.3018e-01 +8.8721e-01 +9.7623e-01
958 0 +2.219582526e-01 -3.941580417e+02 -3.941580417e+02 +2.6701e+00 +2.0254e-01 -1.3011e-01 +8.8709e-01 +9.7633e-01
974 0 +2.166870668e-01 -3.941633129e+02 -3.941633129e+02 +2.6702e+00 +2.0261e-01 -1.3013e-01 +8.8717e-01 +9.7627e-01
1055 0 +2.135248005e-01 -3.941664752e+02 -3.941664752e+02 +2.6702e+00 +2.0249e-01 -1.3014e-01 +8.8707e-01 +9.7628e-01
1184 0 +2.082330736e-01 -3.941717669e+02 -3.941717669e+02 +2.6702e+00 +2.0250e-01 -1.3011e-01 +8.8709e-01 +9.7632e-01
1670 0 +2.037008592e-01 -3.941762991e+02 -3.941762991e+02 +2.6701e+00 +2.0233e-01 -1.3005e-01 +8.8697e-01 +9.7642e-01
1698 0 +1.973426802e-01 -3.941826573e+02 -3.941826573e+02 +2.6700e+00 +2.0214e-01 -1.2997e-01 +8.8684e-01 +9.7654e-01
3305 0 +1.949576500e-01 -3.941850423e+02 -3.941850423e+02 +2.6699e+00 +2.0212e-01 -1.2996e-01 +8.8682e-01 +9.7656e-01
% f evaluations | g evaluations | best noise-free fitness - Fopt (5.443000000000e+01) + sum g_i+ | measured fitness | best measured fitness or single-digit g-values | x1 | x2...
1 0 +1.394349987e+01 +6.837349987e+01 +6.837349987e+01 +0.0000e+00 +0.0000e+00 +0.0000e+00 +0.0000e+00 +0.0000e+00
2 0 +1.256748822e+01 +6.699748822e+01 +6.699748822e+01 +4.3379e-01 +3.0692e-02 +9.8026e-02 +3.4094e-01 +2.4727e-01
4 0 +5.126529512e+00 +5.955652951e+01 +5.955652951e+01 +2.4817e-01 +6.3376e-02 -2.2359e-01 +8.0318e-02 +2.1275e-01
5 0 +4.673268815e+00 +5.910326882e+01 +5.910326882e+01 +5.3256e-02 -2.3477e-01 +7.8699e-02 +1.0710e-01 +2.4729e-01
8 0 +3.749093185e+00 +5.817909318e+01 +5.817909318e+01 -9.0564e-02 +8.4424e-02 -2.8183e-02 -1.8777e-01 +7.4957e-02
25 0 +3.453989962e+00 +5.788398996e+01 +5.788398996e+01 +4.7198e-01 -8.0948e-02 +2.5891e-01 +7.7554e-02 +5.1096e-01
47 0 +2.841110905e+00 +5.727111090e+01 +5.727111090e+01 +8.4432e-01 +8.8885e-02 -5.9357e-02 +1.5823e-01 +8.9729e-01
226 0 +2.461461448e+00 +5.689146145e+01 +5.689146145e+01 +5.1650e-01 +4.0304e-01 +1.2065e-02 +1.7176e-01 +3.8696e-01
345 0 +1.131154308e+00 +5.556115431e+01 +5.556115431e+01 +3.6765e-01 +2.9113e-01 +2.6428e-02 +6.5561e-02 +3.1510e-01
458 0 +7.532907388e-01 +5.518329074e+01 +5.518329074e+01 +3.6262e-01 +2.9092e-01 +9.2120e-03 +8.2275e-02 +3.1396e-01
464 0 +5.299302274e-01 +5.495993023e+01 +5.495993023e+01 +3.6428e-01 +2.8365e-01 +4.7338e-04 +8.7307e-02 +3.0869e-01
487 0 +4.103649132e-01 +5.484036491e+01 +5.484036491e+01 +3.6135e-01 +2.8483e-01 +3.8033e-04 +8.8391e-02 +3.0989e-01
543 0 +4.028326224e-01 +5.483283262e+01 +5.483283262e+01 +3.6102e-01 +2.8641e-01 +2.3642e-04 +9.0566e-02 +3.1224e-01
566 0 +1.923340388e-01 +5.462233404e+01 +5.462233404e+01 +3.6456e-01 +2.8744e-01 +2.0088e-03 +9.1291e-02 +3.1453e-01
819 0 +1.862022618e-01 +5.461620226e+01 +5.461620226e+01 +3.6442e-01 +2.9013e-01 -1.5049e-03 +9.3865e-02 +3.1290e-01
867 0 +1.730803071e-01 +5.460308031e+01 +5.460308031e+01 +3.6427e-01 +2.8962e-01 -1.3568e-03 +9.4067e-02 +3.1314e-01
964 0 +1.694833456e-01 +5.459948335e+01 +5.459948335e+01 +3.6433e-01 +2.8955e-01 -1.1832e-03 +9.3795e-02 +3.1309e-01
1205 0 +1.650081361e-01 +5.459500814e+01 +5.459500814e+01 +3.6437e-01 +2.8942e-01 -9.6646e-04 +9.3554e-02 +3.1312e-01
1267 0 +1.619728322e-01 +5.459197283e+01 +5.459197283e+01 +3.6436e-01 +2.8920e-01 -7.4788e-04 +9.3399e-02 +3.1320e-01
1284 0 +1.584210455e-01 +5.458842105e+01 +5.458842105e+01 +3.6435e-01 +2.8905e-01 -5.9611e-04 +9.3281e-02 +3.1325e-01
1296 0 +1.501391662e-01 +5.458013917e+01 +5.458013917e+01 +3.6437e-01 +2.8868e-01 -1.9282e-04 +9.2960e-02 +3.1339e-01
1307 0 +1.476967505e-01 +5.457769675e+01 +5.457769675e+01 +3.6435e-01 +2.8863e-01 -1.6875e-04 +9.2959e-02 +3.1340e-01
1309 0 +1.418786122e-01 +5.457187861e+01 +5.457187861e+01 +3.6436e-01 +2.8834e-01 +1.2542e-04 +9.2749e-02 +3.1351e-01
1314 0 +1.398301744e-01 +5.456983017e+01 +5.456983017e+01 +3.6436e-01 +2.8832e-01 +1.6075e-04 +9.2721e-02 +3.1352e-01
1320 0 +1.167206801e-01 +5.454672068e+01 +5.454672068e+01 +3.6436e-01 +2.8713e-01 +1.3970e-03 +9.1767e-02 +3.1395e-01
1328 0 +1.145241499e-01 +5.454452415e+01 +5.454452415e+01 +3.6434e-01 +2.8700e-01 +1.5023e-03 +9.1705e-02 +3.1401e-01
1329 0 +1.093743109e-01 +5.453937431e+01 +5.453937431e+01 +3.6436e-01 +2.8676e-01 +1.7862e-03 +9.1454e-02 +3.1408e-01
1337 0 +7.503397908e-02 +5.450503398e+01 +5.450503398e+01 +3.6434e-01 +2.8550e-01 +3.0899e-03 +9.0480e-02 +3.1455e-01
1344 0 +4.590768397e-02 +5.447590768e+01 +5.447590768e+01 +3.6432e-01 +2.8453e-01 +4.0851e-03 +8.9704e-02 +3.1488e-01
1358 0 +4.126848580e-02 +5.447126849e+01 +5.447126849e+01 +3.6433e-01 +2.8323e-01 +5.4468e-03 +8.8666e-02 +3.1536e-01
1362 0 +2.359484201e-02 +5.445359484e+01 +5.445359484e+01 +3.6431e-01 +2.8391e-01 +4.7315e-03 +8.9208e-02 +3.1511e-01
1404 0 +2.075538111e-02 +5.445075538e+01 +5.445075538e+01 +3.6426e-01 +2.8367e-01 +4.8665e-03 +8.9203e-02 +3.1522e-01
1447 0 +1.757792105e-02 +5.444757792e+01 +5.444757792e+01 +3.6425e-01 +2.8368e-01 +4.8315e-03 +8.9203e-02 +3.1519e-01
1563 0 +1.674840008e-02 +5.444674840e+01 +5.444674840e+01 +3.6424e-01 +2.8379e-01 +4.7034e-03 +8.9316e-02 +3.1517e-01
1604 0 +1.657181239e-02 +5.444657181e+01 +5.444657181e+01 +3.6425e-01 +2.8378e-01 +4.7196e-03 +8.9303e-02 +3.1517e-01
2344 0 +1.586182793e-02 +5.444586183e+01 +5.444586183e+01 +3.6420e-01 +2.8383e-01 +4.6159e-03 +8.9389e-02 +3.1514e-01
2359 0 +1.541582060e-02 +5.444541582e+01 +5.444541582e+01 +3.6419e-01 +2.8384e-01 +4.5977e-03 +8.9405e-02 +3.1514e-01
3656 0 +1.510628292e-02 +5.444510628e+01 +5.444510628e+01 +3.6419e-01 +2.8385e-01 +4.5884e-03 +8.9412e-02 +3.1514e-01
% f evaluations | g evaluations | best noise-free fitness - Fopt (1.396900000000e+02) + sum g_i+ | measured fitness | best measured fitness or single-digit g-values | x1 | x2...
1 0 +1.286171324e+01 +1.525517132e+02 +1.525517132e+02 +0.0000e+00 +0.0000e+00 +0.0000e+00 +0.0000e+00 +0.0000e+00
4 0 +7.833439804e+00 +1.475234398e+02 +1.475234398e+02 +2.4817e-01 +6.3376e-02 -2.2359e-01 +8.0318e-02 +2.1275e-01
33 0 +5.513017803e+00 +1.452030178e+02 +1.452030178e+02 +1.1037e+00 -2.5555e-01 -3.3509e-01 +5.8047e-01 -3.4702e-01
55 0 +4.316035793e+00 +1.440060358e+02 +1.440060358e+02 +6.2972e-01 -1.2532e-01 -4.5155e-01 +5.6283e-01 -1.9217e-01
233 0 +4.027377191e+00 +1.437173772e+02 +1.437173772e+02 +6.5871e-01 +7.6539e-02 -5.4652e-01 +4.7295e-01 -6.7485e-02
247 0 +2.480786380e+00 +1.421707864e+02 +1.421707864e+02 +5.9119e-01 +3.8008e-02 -5.5322e-01 +4.3338e-01 -1.0614e-01
588 0 +2.225572264e+00 +1.419155723e+02 +1.419155723e+02 +5.6724e-01 -9.2531e-03 -7.6845e-01 +2.7294e-01 -1.7463e-01
642 0 +2.104893040e+00 +1.417948930e+02 +1.417948930e+02 +6.3335e-01 +4.0966e-02 -7.7018e-01 +3.3499e-01 -1.6285e-01
698 0 +1.465236327e+00 +1.411552363e+02 +1.411552363e+02 +6.3595e-01 +3.5728e-02 -7.7556e-01 +3.4031e-01 -1.5817e-01
718 0 +1.175609676e+00 +1.408656097e+02 +1.408656097e+02 +6.4558e-01 +4.1687e-02 -7.7424e-01 +3.5191e-01 -1.5705e-01
770 0 +1.090992166e+00 +1.407809922e+02 +1.407809922e+02 +6.3597e-01 +3.7064e-02 -7.7436e-01 +3.4655e-01 -1.5861e-01
800 0 +9.793311873e-01 +1.406693312e+02 +1.406693312e+02 +6.3568e-01 +3.4980e-02 -7.7408e-01 +3.4513e-01 -1.5884e-01
828 0 +8.771813291e-01 +1.405671813e+02 +1.405671813e+02 +6.3764e-01 +3.5065e-02 -7.7473e-01 +3.4802e-01 -1.5989e-01
841 0 +8.609601473e-01 +1.405509601e+02 +1.405509601e+02 +6.3793e-01 +3.5022e-02 -7.7379e-01 +3.4866e-01 -1.5954e-01
848 0 +6.593399488e-01 +1.403493399e+02 +1.403493399e+02 +6.3670e-01 +3.3690e-02 -7.7447e-01 +3.4746e-01 -1.6066e-01
887 0 +5.956398672e-01 +1.402856399e+02 +1.402856399e+02 +6.3703e-01 +3.4328e-02 -7.7404e-01 +3.4686e-01 -1.6023e-01
898 0 +5.846672528e-01 +1.402746673e+02 +1.402746673e+02 +6.3727e-01 +3.4273e-02 -7.7422e-01 +3.4814e-01 -1.6041e-01
937 0 +5.638766049e-01 +1.402538766e+02 +1.402538766e+02 +6.3711e-01 +3.4129e-02 -7.7442e-01 +3.4768e-01 -1.6034e-01
947 0 +5.364030236e-01 +1.402264030e+02 +1.402264030e+02 +6.3713e-01 +3.4279e-02 -7.7407e-01 +3.4767e-01 -1.6028e-01
1036 0 +5.141662573e-01 +1.402041663e+02 +1.402041663e+02 +6.3705e-01 +3.4271e-02 -7.7418e-01 +3.4744e-01 -1.6028e-01
1061 0 +5.092606439e-01 +1.401992606e+02 +1.401992606e+02 +6.3708e-01 +3.4290e-02 -7.7412e-01 +3.4753e-01 -1.6034e-01
% f evaluations | g evaluations | best noise-free fitness - Fopt (-5.794000000000e+01) + sum g_i+ | measured fitness | best measured fitness or single-digit g-values | x1 | x2...
1 0 +3.660774620e+01 -2.133225380e+01 -2.133225380e+01 +0.0000e+00 +0.0000e+00 +0.0000e+00 +0.0000e+00 +0.0000e+00
2 0 +1.489375847e+01 -4.304624153e+01 -4.304624153e+01 +4.3379e-01 +3.0692e-02 +9.8026e-02 +3.4094e-01 +2.4727e-01
3 0 +1.292631116e+01 -4.501368884e+01 -4.501368884e+01 +1.7369e-01 -1.1375e-01 -3.0566e-01 +1.1285e-01 -1.5359e-01
5 0 +1.003980163e+01 -4.790019837e+01 -4.790019837e+01 +5.3256e-02 -2.3477e-01 +7.8699e-02 +1.0710e-01 +2.4729e-01
15 0 +9.251835592e+00 -4.868816441e+01 -4.868816441e+01 +2.0250e-01 -3.1938e-01 +4.5392e-02 +3.4499e-01 -2.7904e-01
16 0 +5.737894149e+00 -5.220210585e+01 -5.220210585e+01 +4.6376e-01 -6.6816e-02 -1.6302e-01 -6.4958e-02 -8.8391e-02
44 0 +5.461394870e+00 -5.247860513e+01 -5.247860513e+01 +6.8528e-01 +3.6129e-02 -2.8021e-01 +2.1701e-02 +1.9292e-01
70 0 +5.218266840e+00 -5.272173316e+01 -5.272173316e+01 +1.0390e+00 +9.7250e-02 -4.3662e-01 +3.9889e-01 -1.4724e-01
110 0 +2.121510600e+00 -5.581848940e+01 -5.581848940e+01 +7.5542e-01 -1.4982e-02 -3.0554e-01 +2.3424e-01 -2.6756e-01
366 0 +1.568481133e+00 -5.637151887e+01 -5.637151887e+01 +5.2491e-01 -1.5920e-01 -3.4432e-01 +1.4846e-01 -3.1792e-01
402 0 +1.512430151e+00 -5.642756985e+01 -5.642756985e+01 +5.7696e-01 -1.2835e-01 -3.3226e-01 +2.4863e-01 -3.6318e-01
416 0 +1.194849668e+00 -5.674515033e+01 -5.674515033e+01 +5.7515e-01 -1.2444e-01 -3.2630e-01 +2.4451e-01 -3.6500e-01
464 0 +1.059855793e+00 -5.688014421e+01 -5.688014421e+01 +5.6968e-01 -1.3441e-01 -3.3911e-01 +2.4246e-01 -3.6695e-01
503 0 +9.157075077e-01 -5.702429249e+01 -5.702429249e+01 +5.6472e-01 -1.3191e-01 -3.3771e-01 +2.4055e-01 -3.6002e-01
531 0 +6.543844169e-01 -5.728561558e+01 -5.728561558e+01 +5.7501e-01 -1.2526e-01 -3.2932e-01 +2.4511e-01 -3.6113e-01
1031 0 +6.456535171e-01 -5.729434648e+01 -5.729434648e+01 +5.7686e-01 -1.2599e-01 -3.3214e-01 +2.4350e-01 -3.6188e-01
1095 0 +6.307871066e-01 -5.730921289e+01 -5.730921289e+01 +5.7669e-01 -1.2612e-01 -3.3219e-01 +2.4350e-01 -3.6201e-01
1221 0 +6.144338784e-01 -5.732556612e+01 -5.732556612e+01 +5.7649e-01 -1.2619e-01 -3.3204e-01 +2.4365e-01 -3.6198e-01
1355 0 +6.009201783e-01 -5.733907982e+01 -5.733907982e+01 +5.7634e-01 -1.2627e-01 -3.3196e-01 +2.4373e-01 -3.6199e-01
1367 0 +5.882222358e-01 -5.735177776e+01 -5.735177776e+01 +5.7620e-01 -1.2633e-01 -3.3188e-01 +2.4381e-01 -3.6200e-01
1401 0 +5.697819364e-01 -5.737021806e+01 -5.737021806e+01 +5.7595e-01 -1.2646e-01 -3.3178e-01 +2.4394e-01 -3.6204e-01
1408 0 +5.432760650e-01 -5.739672393e+01 -5.739672393e+01 +5.7565e-01 -1.2658e-01 -3.3162e-01 +2.4411e-01 -3.6204e-01
1417 0 +5.247566296e-01 -5.741524337e+01 -5.741524337e+01 +5.7550e-01 -1.2664e-01 -3.3150e-01 +2.4421e-01 -3.6203e-01
1426 0 +5.076371778e-01 -5.743236282e+01 -5.743236282e+01 +5.7529e-01 -1.2676e-01 -3.3147e-01 +2.4428e-01 -3.6210e-01
1427 0 +5.009662661e-01 -5.743903373e+01 -5.743903373e+01 +5.7522e-01 -1.2679e-01 -3.3142e-01 +2.4433e-01 -3.6210e-01
1433 0 +4.255208500e-01 -5.751447915e+01 -5.751447915e+01 +5.7456e-01 -1.2711e-01 -3.3114e-01 +2.4466e-01 -3.6219e-01
1446 0 +4.167078795e-01 -5.752329212e+01 -5.752329212e+01 +5.7450e-01 -1.2715e-01 -3.3112e-01 +2.4470e-01 -3.6220e-01
1451 0 +4.049814802e-01 -5.753501852e+01 -5.753501852e+01 +5.7436e-01 -1.2721e-01 -3.3101e-01 +2.4479e-01 -3.6219e-01
1785 0 +3.975228510e-01 -5.754247715e+01 -5.754247715e+01 +5.7438e-01 -1.2720e-01 -3.3103e-01 +2.4477e-01 -3.6219e-01
2176 0 +3.887997977e-01 -5.755120020e+01 -5.755120020e+01 +5.7440e-01 -1.2721e-01 -3.3104e-01 +2.4478e-01 -3.6221e-01
% f evaluations | g evaluations | best noise-free fitness - Fopt (1.253900000000e+02) + sum g_i+ | measured fitness | best measured fitness or single-digit g-values | x1 | x2...
1 0 +1.150585975e+01 +1.368958597e+02 +1.368958597e+02 +0.0000e+00 +0.0000e+00 +0.0000e+00 +0.0000e+00 +0.0000e+00
6 0 +6.915083449e+00 +1.323050834e+02 +1.323050834e+02 +2.1661e-01 -2.7248e-01 -1.4933e-01 +1.8171e-01 -5.0930e-01
10 0 +5.953503521e+00 +1.313435035e+02 +1.313435035e+02 +4.9481e-01 -2.2585e-01 -6.0806e-04 +1.2608e-01 +4.1169e-01
90 0 +5.819577753e+00 +1.312095778e+02 +1.312095778e+02 +4.8421e-01 +1.4997e-01 -5.9019e-01 +3.0583e-01 +5.1151e-01
111 0 +5.426521273e+00 +1.308165213e+02 +1.308165213e+02 +4.9519e-01 -1.0282e-01 -8.5747e-01 +2.9083e-01 +4.5139e-01
116 0 +4.758840434e+00 +1.301488404e+02 +1.301488404e+02 +5.8646e-01 -2.7389e-01 -8.0179e-01 +3.5787e-01 +4.7300e-01
142 0 +3.932800680e+00 +1.293228007e+02 +1.293228007e+02 +6.2635e-01 +4.0477e-02 -9.4444e-01 +1.7043e-01 +4.2334e-01
173 0 +2.158347918e+00 +1.275483479e+02 +1.275483479e+02 +3.6838e-01 +9.2054e-02 -8.0991e-01 +3.0286e-01 +3.2982e-01
406 0 +1.669837128e+00 +1.270598371e+02 +1.270598371e+02 +2.8933e-01 +1.5794e-01 -8.5510e-01 +3.6594e-01 +2.5716e-01
431 0 +1.516012632e+00 +1.269060126e+02 +1.269060126e+02 +2.8752e-01 +1.5517e-01 -8.5050e-01 +3.5733e-01 +2.6376e-01
462 0 +1.494224749e+00 +1.268842247e+02 +1.268842247e+02 +2.9005e-01 +1.5673e-01 -8.5065e-01 +3.5795e-01 +2.6388e-01
499 0 +1.423902476e+00 +1.268139025e+02 +1.268139025e+02 +2.8602e-01 +1.5445e-01 -8.4949e-01 +3.5637e-01 +2.6583e-01
502 0 +1.298631877e+00 +1.266886319e+02 +1.266886319e+02 +2.8466e-01 +1.5216e-01 -8.4873e-01 +3.5296e-01 +2.6878e-01
510 0 +1.208724083e+00 +1.265987241e+02 +1.265987241e+02 +2.8545e-01 +1.5342e-01 -8.4955e-01 +3.5587e-01 +2.6724e-01
564 0 +1.156129492e+00 +1.265461295e+02 +1.265461295e+02 +2.8378e-01 +1.5135e-01 -8.4692e-01 +3.5015e-01 +2.7071e-01
591 0 +1.147441991e+00 +1.265374420e+02 +1.265374420e+02 +2.8409e-01 +1.5213e-01 -8.4863e-01 +3.5355e-01 +2.6910e-01
725 0 +1.121557936e+00 +1.265115579e+02 +1.265115579e+02 +2.8550e-01 +1.5307e-01 -8.4823e-01 +3.5345e-01 +2.6893e-01
794 0 +1.084749408e+00 +1.264747494e+02 +1.264747494e+02 +2.8516e-01 +1.5271e-01 -8.4780e-01 +3.5263e-01 +2.6963e-01
898 0 +1.068544161e+00 +1.264585442e+02 +1.264585442e+02 +2.8494e-01 +1.5254e-01 -8.4771e-01 +3.5242e-01 +2.6983e-01
924 0 +1.019058134e+00 +1.264090581e+02 +1.264090581e+02 +2.8458e-01 +1.5223e-01 -8.4738e-01 +3.5175e-01 +2.7031e-01
945 0 +9.957309858e-01 +1.263857310e+02 +1.263857310e+02 +2.8413e-01 +1.5191e-01 -8.4712e-01 +3.5126e-01 +2.7074e-01
948 0 +9.504367598e-01 +1.263404368e+02 +1.263404368e+02 +2.8373e-01 +1.5149e-01 -8.4682e-01 +3.5060e-01 +2.7140e-01
978 0 +8.803673226e-01 +1.262703673e+02 +1.262703673e+02 +2.8309e-01 +1.5095e-01 -8.4636e-01 +3.4967e-01 +2.7222e-01
1288 0 +8.707656715e-01 +1.262607657e+02 +1.262607657e+02 +2.8318e-01 +1.5106e-01 -8.4642e-01 +3.4980e-01 +2.7202e-01
