% f evaluations | g evaluations | best noise-free fitness - Fopt (1.000000000000e+03) + sum g_i+ | measured fitness | best measured fitness or single-digit g-values | x1 | x2...
1 0 +3.071729850e+02 +1.307172985e+03 +1.307172985e+03 +0.0000e+00 +0.0000e+00 +0.0000e+00 +0.0000e+00 +0.0000e+00 +0.0000e+00 +0.0000e+00 +0.0000e+00 +0.0000e+00 +0.0000e+00
2 0 +2.732675834e+02 +1.273267583e+03 +1.273267583e+03 +4.3379e-01 +3.0692e-02 +9.8026e-02 +3.4094e-01 +2.4727e-01 +1.7369e-01 -1.1375e-01 -3.0566e-01 +1.1285e-01 -1.5359e-01
11 0 +2.254196023e+02 +1.225419602e+03 +1.225419602e+03 +3.3122e-01 -8.2153e-02 -2.3006e-02 -2.8270e-03 +1.6307e-02 +1.1888e-01 -1.1973e-01 +5.8525e-02 +5.4132e-02 -4.9214e-02
45 0 +2.146793497e+02 +1.214679350e+03 +1.214679350e+03 +7.6828e-01 +2.6628e-02 -8.2170e-02 +3.7536e-01 -1.9266e-01 -1.9365e-01 -2.4243e-01 +1.6883e-01 -1.7191e-01 +2.5196e-01
48 0 +2.094246900e+02 +1.209424690e+03 +1.209424690e+03 +5.5037e-01 -7.2481e-02 -6.1303e-02 +4.2505e-01 +4.1767e-02 +4.0824e-02 -1.3863e-01 +1.9063e-01 -1.1206e-01 +2.4453e-01
72 0 +2.056885015e+02 +1.205688501e+03 +1.205688501e+03 +5.2951e-01 +1.2921e-01 -3.3969e-01 +7.0784e-01 -2.5669e-01 +9.1355e-02 -7.9444e-01 -1.2426e-01 -4.5263e-02 +9.5645e-01
73 0 +2.035018844e+02 +1.203501884e+03 +1.203501884e+03 +3.9227e-01 +3.4338e-01 -1.1665e-01 +6.4125e-01 -2.0294e-01 -7.9894e-02 -4.7752e-01 -3.1844e-02 -4.8108e-01 +1.0458e+00
82 0 +1.882012804e+02 +1.188201280e+03 +1.188201280e+03 +8.2196e-01 +8.1696e-01 -1.5461e-01 +8.5665e-01 -2.7115e-01 +3.7671e-01 -9.8474e-01 +2.8804e-01 -4.6403e-01 +1.1730e+00
130 0 +1.792898006e+02 +1.179289801e+03 +1.179289801e+03 +7.6329e-01 +5.0955e-01 -2.9945e-01 +9.3098e-01 -4.7815e-01 -3.4864e-01 -8.6228e-01 -8.9797e-02 -6.1702e-01 +1.2285e+00
138 0 +1.515394514e+02 +1.151539451e+03 +1.151539451e+03 +7.0360e-01 +3.4074e-01 +9.3250e-02 +1.4726e+00 -3.4182e-01 -5.0441e-01 -8.6157e-01 -3.6802e-01 -4.6334e-01 +1.4500e+00
171 0 +1.468250930e+02 +1.146825093e+03 +1.146825093e+03 +4.0718e-01 +7.0966e-01 +1.5274e-01 +1.2223e+00 +4.5261e-02 -5.5440e-01 -9.6793e-01 -1.3376e-01 -5.4834e-01 +8.6345e-01
208 0 +1.329388456e+02 +1.132938846e+03 +1.132938846e+03 +7.2498e-01 +5.2483e-01 +1.0923e-02 +1.1595e+00 +6.9818e-01 -7.9368e-01 -8.3654e-01 +5.9768e-02 -4.0472e-01 +4.6141e-01
585 0 +1.316399609e+02 +1.131639961e+03 +1.131639961e+03 +5.0648e-01 +5.0678e-01 -2.5035e-01 +9.9618e-01 +5.9392e-01 -7.6815e-01 -5.0118e-01 +1.3661e-01 -3.7966e-01 +3.3950e-01
621 0 +1.281875198e+02 +1.128187520e+03 +1.128187520e+03 +4.8544e-01 +5.2257e-01 -2.4296e-01 +1.0091e+00 +6.1109e-01 -7.9695e-01 -4.7184e-01 +1.0922e-01 -3.9676e-01 +3.0665e-01
631 0 +1.253945638e+02 +1.125394564e+03 +1.125394564e+03 +4.9794e-01 +5.1378e-01 -2.4693e-01 +1.0004e+00 +6.2768e-01 -7.8821e-01 -4.6462e-01 +1.0155e-01 -4.0425e-01 +2.9117e-01
671 0 +1.220109328e+02 +1.122010933e+03 +1.122010933e+03 +4.8932e-01 +5.1176e-01 -2.3541e-01 +9.9717e-01 +6.5501e-01 -7.7481e-01 -4.8226e-01 +9.0995e-02 -4.1993e-01 +2.6838e-01
681 0 +1.194491015e+02 +1.119449101e+03 +1.119449101e+03 +4.9867e-01 +5.1281e-01 -2.3225e-01 +1.0071e+00 +6.7318e-01 -7.7733e-01 -4.9341e-01 +7.7630e-02 -4.2447e-01 +2.6882e-01
684 0 +1.173673983e+02 +1.117367398e+03 +1.117367398e+03 +4.7864e-01 +4.8290e-01 -2.4992e-01 +1.0011e+00 +6.7782e-01 -7.5993e-01 -5.0497e-01 +5.7628e-02 -4.1319e-01 +2.8738e-01
784 0 +1.143425383e+02 +1.114342538e+03 +1.114342538e+03 +4.8934e-01 +5.1328e-01 -2.2388e-01 +9.8392e-01 +7.2429e-01 -7.3194e-01 -5.0720e-01 +3.0950e-02 -4.6605e-01 +2.3687e-01
854 0 +1.121965128e+02 +1.112196513e+03 +1.112196513e+03 +5.0182e-01 +4.8956e-01 -2.5274e-01 +9.8104e-01 +7.3690e-01 -7.1105e-01 -5.3857e-01 +7.3296e-03 -4.5669e-01 +2.4289e-01
931 0 +1.094967388e+02 +1.109496739e+03 +1.109496739e+03 +5.1337e-01 +4.6348e-01 -2.6815e-01 +9.9235e-01 +7.5669e-01 -6.8410e-01 -5.4359e-01 -4.2953e-03 -4.3847e-01 +2.6968e-01
1011 0 +1.070257126e+02 +1.107025713e+03 +1.107025713e+03 +4.9883e-01 +4.8427e-01 -2.5067e-01 +1.0004e+00 +7.8178e-01 -6.8864e-01 -5.5212e-01 -3.1350e-02 -4.3049e-01 +2.5932e-01
% f evaluations | g evaluations | best noise-free fitness - Fopt (7.003000000000e+01) + sum g_i+ | measured fitness | best measured fitness or single-digit g-values | x1 | x2...
1 0 +3.532304115e+02 +4.232604115e+02 +4.232604115e+02 +0.0000e+00 +0.0000e+00 +0.0000e+00 +0.0000e+00 +0.0000e+00 +0.0000e+00 +0.0000e+00 +0.0000e+00 +0.0000e+00 +0.0000e+00
2 0 +3.173130954e+02 +3.873430954e+02 +3.873430954e+02 +4.3379e-01 +3.0692e-02 +9.8026e-02 +3.4094e-01 +2.4727e-01 +1.7369e-01 -1.1375e-01 -3.0566e-01 +1.1285e-01 -1.5359e-01
28 0 +3.144015187e+02 +3.844315187e+02 +3.844315187e+02 +1.0264e-01 +1.7549e-01 -4.1172e-01 -2.0406e-02 +4.5115e-01 -1.9871e-01 +4.0710e-01 -3.5012e-01 -2.5538e-02 +9.0845e-02
43 0 +2.809485460e+02 +3.509785460e+02 +3.509785460e+02 +1.4426e-01 +3.2713e-01 -9.6698e-01 -3.6794e-01 -1.1052e-01 -9.2348e-02 -1.3778e-01 -3.4299e-01 +1.0117e-01 +2.3511e-01
91 0 +2.696057233e+02 +3.396357233e+02 +3.396357233e+02 +4.0788e-01 +2.7062e-02 -8.0947e-01 -4.2532e-02 -1.4628e-01 -1.6859e-01 -1.0075e-01 +1.6497e-02 -1.2565e-01 +4.4517e-01
110 0 +2.684458461e+02 +3.384758461e+02 +3.384758461e+02 +4.8103e-01 +1.1411e-01 -8.5356e-01 +3.9297e-02 -8.9388e-02 -5.7357e-01 +2.0246e-01 +1.1799e-01 -1.1528e-01 +5.9753e-01
128 0 +2.451849503e+02 +3.152149503e+02 +3.152149503e+02 +1.6605e-01 -1.4533e-01 -9.2511e-01 -9.6250e-02 -1.5545e-01 -8.2445e-01 +2.0608e-01 -1.3670e-01 -3.3540e-01 +4.9888e-01
150 0 +2.345984026e+02 +3.046284026e+02 +3.046284026e+02 +1.4605e-01 +9.4401e-02 -1.1025e+00 +1.8434e-01 -1.8641e-01 -7.3365e-01 +4.7621e-01 +5.1086e-02 -6.6383e-01 +6.9706e-01
162 0 +2.181168467e+02 +2.881468467e+02 +2.881468467e+02 +1.1840e-01 -3.1119e-01 -1.3665e+00 -3.8738e-01 -6.0281e-02 -8.9998e-01 +4.2129e-01 -2.5083e-01 -6.1398e-01 +5.4560e-01
168 0 +1.921654777e+02 +2.621954777e+02 +2.621954777e+02 -7.7685e-02 -2.5694e-01 -1.0743e+00 -1.6991e-01 +1.1093e-01 -1.2331e+00 +4.9454e-01 +2.4038e-01 -1.0587e+00 +7.4501e-01
221 0 +1.903865501e+02 +2.604165501e+02 +2.604165501e+02 +2.0672e-02 -5.1864e-01 -1.6035e+00 -3.0893e-01 -7.1408e-02 -1.2327e+00 +3.3558e-01 -1.0295e-01 -1.0169e+00 +7.4401e-01
222 0 +1.844204951e+02 +2.544504951e+02 +2.544504951e+02 +4.2881e-02 -4.4737e-01 -1.7948e+00 -6.2952e-01 +6.8089e-02 -1.2662e+00 +3.0605e-01 -1.4307e-01 -1.0530e+00 +8.0947e-01
231 0 +1.549452576e+02 +2.249752576e+02 +2.249752576e+02 +1.1435e-01 -5.1753e-01 -1.5781e+00 -4.0970e-01 -5.5230e-02 -1.2829e+00 +2.5301e-01 +7.5548e-03 -1.0001e+00 +6.4464e-01
259 0 +1.317564818e+02 +2.017864818e+02 +2.017864818e+02 +2.2370e-01 -7.5916e-01 -1.5635e+00 -4.8994e-01 +1.3200e-01 -1.0949e+00 +1.1591e-01 +1.4244e-01 -9.7680e-01 +8.2497e-01
458 0 +1.228112058e+02 +1.928412058e+02 +1.928412058e+02 +4.5055e-01 -8.1208e-01 -2.4228e+00 -9.5057e-01 -1.6473e-01 -1.6370e+00 +6.3806e-01 -4.5470e-01 -6.3571e-01 +6.7826e-01
615 0 +1.180709871e+02 +1.881009871e+02 +1.881009871e+02 +3.0427e-01 -7.5676e-01 -2.3367e+00 -9.1044e-01 -2.1805e-01 -1.7367e+00 +7.4415e-01 -3.3270e-01 -8.2473e-01 +6.9163e-01
641 0 +1.158150374e+02 +1.858450374e+02 +1.858450374e+02 +3.1297e-01 -7.6356e-01 -2.3744e+00 -9.0440e-01 -2.1017e-01 -1.6755e+00 +7.5711e-01 -3.1317e-01 -8.6824e-01 +7.5080e-01
648 0 +1.112775759e+02 +1.813075759e+02 +1.813075759e+02 +3.2968e-01 -7.4164e-01 -2.3362e+00 -9.1334e-01 -2.1353e-01 -1.6610e+00 +7.4771e-01 -3.4893e-01 -8.3278e-01 +7.3436e-01
690 0 +1.085699212e+02 +1.785999212e+02 +1.785999212e+02 +3.1838e-01 -7.2364e-01 -2.3347e+00 -9.5357e-01 -1.8798e-01 -1.6496e+00 +7.2836e-01 -3.9966e-01 -8.5013e-01 +7.1316e-01
708 0 +1.041687661e+02 +1.741987661e+02 +1.741987661e+02 +3.5570e-01 -7.7211e-01 -2.3447e+00 -9.9259e-01 -1.5793e-01 -1.6543e+00 +7.1591e-01 -3.9671e-01 -8.0273e-01 +7.3262e-01
741 0 +1.021393071e+02 +1.721693071e+02 +1.721693071e+02 +3.5572e-01 -7.5615e-01 -2.3795e+00 -9.9217e-01 -2.1539e-01 -1.6698e+00 +7.5597e-01 -3.7057e-01 -8.2309e-01 +7.4340e-01
752 0 +9.916883221e+01 +1.691988322e+02 +1.691988322e+02 +3.5490e-01 -7.4479e-01 -2.4102e+00 -1.0616e+00 -2.1283e-01 -1.6899e+00 +7.7093e-01 -3.8236e-01 -8.3329e-01 +7.7255e-01
861 0 +9.770137377e+01 +1.677313738e+02 +1.677313738e+02 +3.8414e-01 -7.5013e-01 -2.3912e+00 -1.0778e+00 -2.3856e-01 -1.7030e+00 +7.5875e-01 -3.9945e-01 -7.9880e-01 +7.5536e-01
931 0 +9.549436251e+01 +1.655243625e+02 +1.655243625e+02 +3.9142e-01 -7.8365e-01 -2.3932e+00 -1.0692e+00 -2.4715e-01 -1.6834e+00 +7.7401e-01 -4.2669e-01 -8.2033e-01 +8.0113e-01
% f evaluations | g evaluations | best noise-free fitness - Fopt (-4.822000000000e+01) + sum g_i+ | measured fitness | best measured fitness or single-digit g-values | x1 | x2...
1 0 +6.524062290e+02 +6.041862290e+02 +6.041862290e+02 +0.0000e+00 +0.0000e+00 +0.0000e+00 +0.0000e+00 +0.0000e+00 +0.0000e+00 +0.0000e+00 +0.0000e+00 +0.0000e+00 +0.0000e+00
2 0 +6.516342908e+02 +6.034142908e+02 +6.034142908e+02 +4.3379e-01 +3.0692e-02 +9.8026e-02 +3.4094e-01 +2.4727e-01 +1.7369e-01 -1.1375e-01 -3.0566e-01 +1.1285e-01 -1.5359e-01
3 0 +6.249667447e+02 +5.767467447e+02 +5.767467447e+02 +2.4817e-01 +6.3376e-02 -2.2359e-01 +8.0318e-02 +2.1275e-01 +5.3256e-02 -2.3477e-01 +7.8699e-02 +1.0710e-01 +2.4729e-01
7 0 +5.721342841e+02 +5.239142841e+02 +5.239142841e+02 -2.6321e-01 +2.3560e-01 -2.9494e-01 -4.1433e-02 -2.1060e-01 +1.1878e-01 +8.3286e-02 -6.4943e-01 +2.1039e-01 -1.8282e-01
13 0 +5.336208939e+02 +4.854008939e+02 +4.854008939e+02 +8.9923e-02 -4.2861e-03 +2.4687e-01 -2.7336e-02 -3.3360e-01 -8.4906e-02 -2.6267e-01 -5.8646e-01 -5.4442e-01 +5.5098e-01
14 0 +4.870713104e+02 +4.388513104e+02 +4.388513104e+02 -1.5115e-01 +3.3691e-01 -2.7290e-01 -2.1974e-01 -4.4508e-01 +5.7990e-01 -1.1519e-01 +3.5171e-01 -1.8042e-01 +3.5519e-01
22 0 +4.485459636e+02 +4.003259636e+02 +4.003259636e+02 +3.2292e-01 +4.6931e-01 -1.1718e-01 +1.7358e-01 -3.4243e-02 +5.1919e-01 -5.1872e-01 -1.8295e-01 -7.6159e-01 -5.5272e-02
27 0 +3.840024280e+02 +3.357824280e+02 +3.357824280e+02 -2.5570e-01 +6.3426e-02 -5.7727e-01 -1.2048e-01 -2.9720e-01 +5.2942e-01 +9.9941e-02 -1.8030e-01 -8.4609e-01 +5.0760e-01
33 0 +3.762525526e+02 +3.280325526e+02 +3.280325526e+02 -3.2524e-02 -1.2845e-01 -7.1697e-01 -2.0013e-01 -1.6306e-01 +5.9501e-01 -4.3840e-01 +2.8416e-01 -1.1025e+00 +1.3757e-01
37 0 +3.512301909e+02 +3.030101909e+02 +3.030101909e+02 +1.7359e-01 +2.9543e-01 -7.8935e-01 -1.3404e-01 -4.9330e-01 +4.4218e-01 -9.5030e-02 -5.2296e-01 -1.0039e+00 +7.2939e-01
53 0 +3.343442407e+02 +2.861242407e+02 +2.861242407e+02 +4.9851e-01 +1.4084e-01 -9.1211e-01 +3.2262e-01 -6.3787e-01 +6.4335e-01 -1.4283e-01 +1.7555e-01 -1.4303e+00 +1.2680e+00
58 0 +3.239893927e+02 +2.757693927e+02 +2.757693927e+02 +9.4322e-01 +5.5545e-02 -9.6621e-01 +5.5248e-01 -6.3585e-01 +1.0451e+00 -1.0104e+00 -2.3007e-01 -9.0335e-01 +6.6450e-01
59 0 +2.543852430e+02 +2.061652430e+02 +2.061652430e+02 +9.6923e-01 -2.8799e-02 -7.9881e-01 +3.3900e-01 -3.8625e-01 +1.1701e+00 -7.0896e-01 -7.3679e-02 -1.1881e+00 +1.0573e+00
64 0 +2.330668834e+02 +1.848468834e+02 +1.848468834e+02 +5.7398e-01 +1.1325e-01 -1.3168e+00 +7.1379e-01 -6.6653e-01 +1.4359e+00 -1.5527e+00 -3.6514e-01 -1.2098e+00 +1.6399e+00
73 0 +2.263037853e+02 +1.780837853e+02 +1.780837853e+02 +2.5819e-01 +4.9452e-01 -9.3703e-01 +8.0380e-01 -1.0863e+00 +1.0865e+00 -6.5808e-01 -3.7080e-01 -2.0284e+00 +1.8173e+00
78 0 +1.918289830e+02 +1.436089830e+02 +1.436089830e+02 +9.6873e-01 +1.0985e+00 -2.0926e+00 +1.5460e+00 -1.7206e+00 +1.7317e+00 -9.6251e-01 -6.4415e-01 -2.7558e+00 +1.9958e+00
85 0 +1.595816885e+02 +1.113616885e+02 +1.113616885e+02 +5.2411e-01 +1.3053e+00 -2.0906e+00 +1.0999e+00 -2.4329e+00 +2.1628e+00 -6.7319e-01 -5.1453e-01 -2.5650e+00 +3.0098e+00
97 0 +1.575092311e+02 +1.092892311e+02 +1.092892311e+02 +9.3669e-01 +1.0362e+00 -2.8134e+00 +1.1272e+00 -3.0455e+00 +3.5165e+00 -1.3654e+00 -3.1836e-01 -4.4706e+00 +3.7944e+00
101 0 +1.461348512e+02 +9.791485123e+01 +9.791485123e+01 +8.2454e-01 +9.8727e-01 -1.7438e+00 +1.1089e+00 -2.5237e+00 +2.7542e+00 -6.6263e-01 -4.8823e-01 -2.6594e+00 +2.8386e+00
126 0 +1.271179587e+02 +7.889795867e+01 +7.889795867e+01 -2.7842e-01 +1.5689e+00 -2.5796e+00 +1.7407e+00 -3.2221e+00 +3.3410e+00 -9.4782e-01 -6.4404e-01 -3.4629e+00 +3.0890e+00
142 0 +1.072475185e+02 +5.902751846e+01 +5.902751846e+01 -1.2576e+00 +6.5640e-01 -1.2422e+00 +1.2270e+00 -3.5595e+00 +2.6630e+00 -8.0388e-01 +1.7429e+00 -1.8874e+00 +3.3299e+00
269 0 +9.958541631e+01 +5.136541631e+01 +5.136541631e+01 +1.5605e-01 +5.3843e-01 -2.7890e+00 +9.4071e-01 -3.1338e+00 +2.6113e+00 -2.3718e+00 -2.9706e-01 -4.6493e+00 +3.7345e+00
510 0 +9.269169810e+01 +4.447169810e+01 +4.447169810e+01 -5.9423e-01 +6.9400e-01 -2.0989e+00 +9.6251e-01 -2.3099e+00 +2.6037e+00 -9.9404e-01 -2.3758e-01 -3.2651e+00 +2.8857e+00
651 0 +8.812797940e+01 +3.990797940e+01 +3.990797940e+01 -4.8348e-01 +7.2567e-01 -2.4485e+00 +1.0042e+00 -2.8710e+00 +2.8208e+00 -1.0125e+00 -1.0205e-01 -3.8595e+00 +3.3726e+00
654 0 +8.155724457e+01 +3.333724457e+01 +3.333724457e+01 -4.4266e-01 +7.5168e-01 -2.5129e+00 +9.9657e-01 -2.8685e+00 +2.9387e+00 -1.1065e+00 -1.2498e-01 -3.7987e+00 +3.3854e+00
684 0 +7.988818246e+01 +3.166818246e+01 +3.166818246e+01 -5.1518e-01 +6.6376e-01 -2.4519e+00 +1.0039e+00 -2.9197e+00 +2.9107e+00 -1.0610e+00 -1.6716e-01 -3.8517e+00 +3.4250e+00
787 0 +7.614123931e+01 +2.792123931e+01 +2.792123931e+01 -4.4944e-01 +6.5559e-01 -2.4608e+00 +8.8243e-01 -2.8849e+00 +2.8385e+00 -1.1418e+00 -7.7008e-02 -3.9232e+00 +3.3868e+00
822 0 +7.582898020e+01 +2.760898020e+01 +2.760898020e+01 -4.3934e-01 +7.2366e-01 -2.5047e+00 +8.9787e-01 -2.9182e+00 +2.8380e+00 -1.1166e+00 -1.3168e-01 -3.8999e+00 +3.3867e+00
835 0 +7.360486803e+01 +2.538486803e+01 +2.538486803e+01 -4.4009e-01 +6.7460e-01 -2.5232e+00 +8.8991e-01 -2.9713e+00 +2.8416e+00 -1.1638e+00 -1.1568e-01 -3.9333e+00 +3.4323e+00
854 0 +7.130192694e+01 +2.308192694e+01 +2.308192694e+01 -4.3278e-01 +6.6118e-01 -2.5075e+00 +8.7308e-01 -2.9490e+00 +2.8660e+00 -1.1835e+00 -1.5140e-01 -3.8995e+00 +3.3977e+00
869 0 +6.740971814e+01 +1.918971814e+01 +1.918971814e+01 -4.4070e-01 +6.6202e-01 -2.4816e+00 +8.8873e-01 -2.9791e+00 +2.8722e+00 -1.1622e+00 -1.0327e-01 -3.8553e+00 +3.4117e+00
951 0 +6.583500108e+01 +1.761500108e+01 +1.761500108e+01 -4.5541e-01 +6.7339e-01 -2.5114e+00 +8.7024e-01 -2.9674e+00 +2.8740e+00 -1.1717e+00 -1.0110e-01 -3.8544e+00 +3.4170e+00
998 0 +6.418508907e+01 +1.596508907e+01 +1.596508907e+01 -4.8114e-01 +6.3710e-01 -2.5043e+00 +8.4486e-01 -2.9849e+00 +2.8536e+00 -1.2144e+00 -7.4977e-02 -3.8400e+00 +3.4315e+00
1023 0 +6.273797610e+01 +1.451797610e+01 +1.451797610e+01 -4.7664e-01 +6.4214e-01 -2.5142e+00 +8.5814e-01 -3.0029e+00 +2.8921e+00 -1.1865e+00 -5.7802e-02 -3.8375e+00 +3.4321e+00
1078 0 +6.155268254e+01 +1.333268254e+01 +1.333268254e+01 -4.8688e-01 +6.4144e-01 -2.5272e+00 +8.6395e-01 -3.0148e+00 +2.8623e+00 -1.1621e+00 -8.5503e-02 -3.8228e+00 +3.4292e+00
1124 0 +6.006700313e+01 +1.184700313e+01 +1.184700313e+01 -5.2152e-01 +6.3969e-01 -2.5153e+00 +8.6358e-01 -3.0343e+00 +2.8444e+00 -1.1579e+00 -8.9926e-02 -3.8099e+00 +3.4369e+00
1155 0 +5.887008952e+01 +1.065008952e+01 +1.065008952e+01 -5.2837e-01 +6.5232e-01 -2.5251e+00 +8.7006e-01 -3.0600e+00 +2.8577e+00 -1.1544e+00 -1.1125e-01 -3.7989e+00 +3.4599e+00
1195 0 +5.676780183e+01 +8.547801834e+00 +8.547801834e+00 -5.4461e-01 +6.4053e-01 -2.5175e+00 +8.5599e-01 -3.0953e+00 +2.8692e+00 -1.1539e+00 -9.2933e-02 -3.7471e+00 +3.4620e+00
1223 0 +5.448267251e+01 +6.262672511e+00 +6.262672511e+00 -5.8027e-01 +6.5603e-01 -2.5082e+00 +8.7821e-01 -3.1513e+00 +2.8865e+00 -1.1396e+00 -1.1359e-01 -3.7206e+00 +3.5091e+00
1258 0 +5.324952196e+01 +5.029521963e+00 +5.029521963e+00 -5.7178e-01 +6.7770e-01 -2.5150e+00 +8.7390e-01 -3.1213e+00 +2.8957e+00 -1.1402e+00 -1.0351e-01 -3.7350e+00 +3.4864e+00
1284 0 +5.247552441e+01 +4.255524406e+00 +4.255524406e+00 -5.8572e-01 +6.6224e-01 -2.4807e+00 +9.0037e-01 -3.1351e+00 +2.8712e+00 -1.1261e+00 -1.0200e-01 -3.7100e+00 +3.5010e+00
1295 0 +5.112750517e+01 +2.907505174e+00 +2.907505174e+00 -5.8843e-01 +6.6856e-01 -2.4698e+00 +8.9833e-01 -3.1258e+00 +2.8988e+00 -1.1174e+00 -9.3220e-02 -3.7056e+00 +3.5018e+00
1309 0 +4.958510361e+01 +1.365103607e+00 +1.365103607e+00 -6.1889e-01 +6.6312e-01 -2.4844e+00 +9.0011e-01 -3.1572e+00 +2.9101e+00 -1.0954e+00 -1.0585e-01 -3.6677e+00 +3.5086e+00
1312 0 +4.884346736e+01 +6.234673619e-01 +6.234673619e-01 -6.2691e-01 +6.5400e-01 -2.4792e+00 +8.9721e-01 -3.1404e+00 +2.8951e+00 -1.0839e+00 -1.2650e-01 -3.6446e+00 +3.5139e+00
1324 0 +4.578805768e+01 -2.431942325e+00 -2.431942325e+00 -6.4146e-01 +6.6894e-01 -2.4790e+00 +8.9985e-01 -3.1836e+00 +2.8989e+00 -1.0941e+00 -1.2807e-01 -3.6176e+00 +3.5196e+00
1340 0 +4.551326074e+01 -2.706739255e+00 -2.706739255e+00 -6.1691e-01 +6.6760e-01 -2.4781e+00 +8.9889e-01 -3.1736e+00 +2.8994e+00 -1.1148e+00 -1.3252e-01 -3.6339e+00 +3.5031e+00
1377 0 +4.430954578e+01 -3.910454219e+00 -3.910454219e+00 -6.2627e-01 +6.7482e-01 -2.5169e+00 +8.9299e-01 -3.1791e+00 +2.9081e+00 -1.0999e+00 -1.6554e-01 -3.5796e+00 +3.5146e+00
1394 0 +4.343848478e+01 -4.781515215e+00 -4.781515215e+00 -6.2437e-01 +6.9486e-01 -2.4940e+00 +9.0864e-01 -3.2093e+00 +2.9216e+00 -1.0806e+00 -1.4983e-01 -3.6058e+00 +3.5418e+00
1491 0 +4.243060823e+01 -5.789391772e+00 -5.789391772e+00 -6.0820e-01 +7.0579e-01 -2.5205e+00 +9.1502e-01 -3.1803e+00 +2.9171e+00 -1.0833e+00 -1.6985e-01 -3.6050e+00 +3.5251e+00
1541 0 +4.138009061e+01 -6.839909395e+00 -6.839909395e+00 -6.0248e-01 +7.2356e-01 -2.5052e+00 +9.2716e-01 -3.1761e+00 +2.9133e+00 -1.0904e+00 -1.6009e-01 -3.6128e+00 +3.5221e+00
1734 0 +4.072376051e+01 -7.496239493e+00 -7.496239493e+00 -6.0806e-01 +7.3729e-01 -2.4923e+00 +9.2859e-01 -3.1866e+00 +2.9150e+00 -1.0865e+00 -1.6077e-01 -3.6000e+00 +3.5304e+00
2899 0 +3.981040185e+01 -8.409598153e+00 -8.409598153e+00 -6.0971e-01 +7.8134e-01 -2.4437e+00 +9.1628e-01 -3.2050e+00 +2.9597e+00 -1.1084e+00 -8.2230e-02 -3.6002e+00 +3.5589e+00
% f evaluations | g evaluations | best noise-free fitness - Fopt (2.547000000000e+01) + sum g_i+ | measured fitness | best measured fitness or single-digit g-values | x1 | x2...
1 0 +3.185738813e+02 +3.440438813e+02 +3.440438813e+02 +0.0000e+00 +0.0000e+00 +0.0000e+00 +0.0000e+00 +0.0000e+00 +0.0000e+00 +0.0000e+00 +0.0000e+00 +0.0000e+00 +0.0000e+00
4 0 +3.177003647e+02 +3.431703647e+02 +3.431703647e+02 +2.1661e-01 -2.7248e-01 -1.4933e-01 +1.8171e-01 -5.0930e-01 +2.3317e-01 -2.5183e-01 -1.2653e-01 +4.3300e-01 -1.9345e-02
9 0 +3.159555054e+02 +3.414255054e+02 +3.414255054e+02 +3.2075e-01 -8.8256e-02 -1.5931e-01 -1.1698e-01 -2.3584e-01 +6.5800e-02 +8.0156e-02 +3.1223e-01 +4.1734e-01 -8.7755e-02
11 0 +2.990955371e+02 +3.245655371e+02 +3.245655371e+02 +1.5850e-01 -1.3333e-01 -4.6178e-02 -2.6841e-02 -3.8857e-02 +2.1917e-01 +1.1993e-01 -7.4082e-03 +2.5535e-01 -2.0299e-02
18 0 +2.841160768e+02 +3.095860768e+02 +3.095860768e+02 -2.0689e-01 -5.0538e-01 -3.4158e-01 -3.3048e-01 -7.6646e-02 +6.8768e-01 +5.2281e-02 -2.3436e-01 +4.4074e-01 -8.7813e-02
31 0 +2.803202138e+02 +3.057902138e+02 +3.057902138e+02 -9.2911e-02 -2.6424e-02 -2.3451e-01 -3.0832e-01 -1.0855e-01 +5.5688e-01 +1.4392e-01 +6.3609e-02 +3.7459e-01 +3.7745e-01
36 0 +2.733833878e+02 +2.988533878e+02 +2.988533878e+02 -2.1623e-01 +2.0594e-03 -4.7969e-01 -2.8662e-01 -3.1251e-01 +1.6373e-01 +5.3341e-01 -4.1991e-01 +8.1716e-01 -1.8801e-01
40 0 +2.573194756e+02 +2.827894756e+02 +2.827894756e+02 -3.5311e-01 -5.8056e-01 +2.7582e-02 -3.7957e-01 -3.2914e-01 +6.5552e-01 -1.8362e-01 +2.7382e-01 +7.3675e-01 +1.5399e-02
53 0 +2.391775235e+02 +2.646475235e+02 +2.646475235e+02 -1.6169e-01 -3.2782e-01 -2.8200e-01 -8.6069e-02 -6.8813e-01 +5.8546e-01 +3.2355e-01 +3.3171e-01 +4.4324e-01 +7.2397e-01
55 0 +2.245240945e+02 +2.499940945e+02 +2.499940945e+02 -1.9193e-01 -4.7758e-01 -1.9251e-01 -2.8447e-02 -9.5564e-01 +6.7963e-01 -2.7759e-01 +2.0512e-01 +1.1621e+00 -5.8517e-02
105 0 +2.231154878e+02 +2.485854878e+02 +2.485854878e+02 -1.1211e+00 -6.8472e-01 -1.1130e-01 -2.1493e-01 -8.6742e-01 +9.8422e-01 +8.2359e-01 +9.2195e-01 +1.5260e+00 +7.2016e-01
114 0 +2.070215385e+02 +2.324915385e+02 +2.324915385e+02 -1.3241e+00 -7.5799e-01 -2.2912e-01 -2.1462e-02 -8.6200e-01 +9.9284e-01 +2.2850e-01 +1.3126e+00 +1.3555e+00 +1.4135e+00
127 0 +1.890591287e+02 +2.145291287e+02 +2.145291287e+02 -1.6789e+00 -5.6847e-01 -4.9765e-01 -3.1908e-01 -1.1014e+00 +8.6619e-01 +8.6333e-01 +1.7126e+00 +1.3729e+00 +1.6129e+00
135 0 +1.849554008e+02 +2.104254008e+02 +2.104254008e+02 -1.8607e+00 -9.3508e-01 -3.4678e-01 -2.6832e-01 -1.2970e+00 +1.0283e+00 +6.3526e-01 +1.7306e+00 +1.5148e+00 +1.1410e+00
141 0 +1.794768314e+02 +2.049468314e+02 +2.049468314e+02 -1.6099e+00 -7.4172e-01 -4.3207e-01 -1.4269e-01 -1.2688e+00 +1.1412e+00 +5.6984e-01 +1.5836e+00 +1.5670e+00 +1.3046e+00
145 0 +1.761585612e+02 +2.016285612e+02 +2.016285612e+02 -1.7023e+00 -7.8584e-01 +8.0235e-03 -2.7641e-01 -9.3573e-01 +1.0111e+00 +7.3949e-01 +1.7863e+00 +1.4728e+00 +7.9859e-01
153 0 +1.334526836e+02 +1.589226836e+02 +1.589226836e+02 -2.3020e+00 -1.1935e+00 +2.0599e-02 -6.2910e-01 -1.2588e+00 +1.3164e+00 +3.2987e-01 +1.7506e+00 +1.1702e+00 +9.7573e-01
200 0 +1.306803940e+02 +1.561503940e+02 +1.561503940e+02 -2.5147e+00 -1.1419e+00 -4.0309e-01 -1.0171e+00 -7.6831e-01 +5.9163e-01 +1.6797e-01 +1.3852e+00 +1.4343e+00 +1.2570e+00
237 0 +1.128117936e+02 +1.382817936e+02 +1.382817936e+02 -3.4368e+00 -1.8505e+00 +3.7758e-01 -1.7518e+00 -9.6430e-02 +5.1302e-01 +9.0338e-01 +2.2178e+00 +1.7610e+00 +2.0890e-01
255 0 +1.110158725e+02 +1.364858725e+02 +1.364858725e+02 -2.8294e+00 -1.5838e+00 -6.2739e-01 -2.5143e+00 -3.9341e-01 +7.2128e-01 -3.1940e-03 +1.3032e+00 +1.9273e+00 +7.4357e-02
256 0 +9.648907225e+01 +1.219590722e+02 +1.219590722e+02 -3.4521e+00 -2.3765e+00 -5.0132e-01 -2.6546e+00 -6.6974e-01 +1.4209e+00 -8.7477e-02 +2.0377e+00 +2.2329e+00 +6.1481e-01
263 0 +8.850705376e+01 +1.139770538e+02 +1.139770538e+02 -3.1924e+00 -1.6201e+00 -1.1837e-01 -2.4611e+00 -9.2846e-02 +1.0508e+00 -1.7754e-03 +1.4169e+00 +2.5149e+00 +1.6730e+00
522 0 +8.542210296e+01 +1.108921030e+02 +1.108921030e+02 -3.3253e+00 -1.9468e+00 -1.4392e+00 -2.8138e+00 -6.1445e-01 +7.1047e-01 +4.5451e-01 +1.7256e+00 +2.5580e+00 +4.4191e-01
530 0 +8.231529811e+01 +1.077852981e+02 +1.077852981e+02 -3.2217e+00 -1.9823e+00 -1.4256e+00 -2.6718e+00 -8.6562e-01 +9.4670e-01 +4.1120e-01 +1.8052e+00 +2.6344e+00 +2.9159e-01
541 0 +7.949511101e+01 +1.049651110e+02 +1.049651110e+02 -3.0327e+00 -1.7760e+00 -1.3877e+00 -2.5511e+00 -6.8104e-01 +7.8600e-01 +4.9153e-01 +1.7024e+00 +2.5762e+00 +2.8273e-01
544 0 +7.934660228e+01 +1.048166023e+02 +1.048166023e+02 -3.0469e+00 -1.6478e+00 -1.3827e+00 -2.5446e+00 -6.9332e-01 +7.6638e-01 +5.1472e-01 +1.9106e+00 +2.5328e+00 +1.4494e-01
545 0 +5.853451730e+01 +8.400451730e+01 +8.400451730e+01 -2.8231e+00 -1.9054e+00 -1.2253e+00 -2.4615e+00 -8.8519e-01 +8.3564e-01 +3.6654e-01 +1.7441e+00 +2.4674e+00 +1.2448e-01
572 0 +4.262565662e+01 +6.809565662e+01 +6.809565662e+01 -2.9676e+00 -1.8478e+00 -1.3032e+00 -2.4595e+00 -6.5432e-01 +7.0587e-01 +3.2665e-01 +1.6481e+00 +2.4231e+00 +2.1297e-01
631 0 +4.084381129e+01 +6.631381129e+01 +6.631381129e+01 -3.0041e+00 -1.7412e+00 -1.3151e+00 -2.3982e+00 -6.8626e-01 +8.6613e-01 +3.7604e-01 +1.6665e+00 +2.4687e+00 +1.9306e-01
682 0 +4.066433056e+01 +6.613433056e+01 +6.613433056e+01 -2.9413e+00 -1.8081e+00 -1.2213e+00 -2.3587e+00 -7.1291e-01 +8.7736e-01 +3.5572e-01 +1.6333e+00 +2.4546e+00 +2.3538e-01
697 0 +3.966260137e+01 +6.513260137e+01 +6.513260137e+01 -2.9668e+00 -1.8456e+00 -1.3050e+00 -2.4244e+00 -7.3760e-01 +8.8496e-01 +3.0509e-01 +1.6748e+00 +2.4908e+00 +2.6941e-01
701 0 +3.665877337e+01 +6.212877337e+01 +6.212877337e+01 -2.9429e+00 -1.7822e+00 -1.2859e+00 -2.3868e+00 -7.0204e-01 +8.7740e-01 +3.5292e-01 +1.6651e+00 +2.4559e+00 +2.2558e-01
711 0 +3.509581309e+01 +6.056581309e+01 +6.056581309e+01 -2.9549e+00 -1.7928e+00 -1.2692e+00 -2.4072e+00 -7.2179e-01 +8.5254e-01 +3.6226e-01 +1.6638e+00 +2.4754e+00 +1.9254e-01
741 0 +3.409611727e+01 +5.956611727e+01 +5.956611727e+01 -2.9738e+00 -1.7904e+00 -1.2981e+00 -2.4264e+00 -7.2439e-01 +8.5935e-01 +3.6681e-01 +1.6995e+00 +2.4572e+00 +1.8523e-01
749 0 +2.895025384e+01 +5.442025384e+01 +5.442025384e+01 -2.9514e+00 -1.8553e+00 -1.2432e+00 -2.4385e+00 -6.8105e-01 +8.5026e-01 +3.2891e-01 +1.7125e+00 +2.4456e+00 +1.9392e-01
781 0 +2.819050376e+01 +5.366050376e+01 +5.366050376e+01 -2.9420e+00 -1.8227e+00 -1.2622e+00 -2.4389e+00 -6.6940e-01 +8.6603e-01 +3.5264e-01 +1.7522e+00 +2.4578e+00 +2.1063e-01
831 0 +2.692084871e+01 +5.239084871e+01 +5.239084871e+01 -2.9254e+00 -1.8278e+00 -1.2768e+00 -2.4548e+00 -6.7856e-01 +8.3865e-01 +3.0954e-01 +1.7283e+00 +2.4649e+00 +2.1012e-01
834 0 +2.682349717e+01 +5.229349717e+01 +5.229349717e+01 -2.9340e+00 -1.8798e+00 -1.2983e+00 -2.5014e+00 -6.5150e-01 +8.2066e-01 +2.7405e-01 +1.7592e+00 +2.4541e+00 +2.2620e-01
851 0 +2.597321960e+01 +5.144321960e+01 +5.144321960e+01 -2.8904e+00 -1.8319e+00 -1.2994e+00 -2.4754e+00 -6.7690e-01 +8.3284e-01 +2.9197e-01 +1.7374e+00 +2.4511e+00 +1.8752e-01
903 0 +2.534575050e+01 +5.081575050e+01 +5.081575050e+01 -2.9279e+00 -1.8599e+00 -1.3123e+00 -2.5156e+00 -6.5340e-01 +8.4476e-01 +2.7734e-01 +1.7750e+00 +2.4667e+00 +2.2075e-01
918 0 +2.468357492e+01 +5.015357492e+01 +5.015357492e+01 -2.9222e+00 -1.8447e+00 -1.3125e+00 -2.4807e+00 -6.8363e-01 +8.3720e-01 +3.0204e-01 +1.7597e+00 +2.4540e+00 +2.1283e-01
931 0 +2.435775165e+01 +4.982775165e+01 +4.982775165e+01 -2.9164e+00 -1.8415e+00 -1.3087e+00 -2.4835e+00 -6.7281e-01 +8.5586e-01 +3.0430e-01 +1.7618e+00 +2.4522e+00 +2.2142e-01
941 0 +2.379113083e+01 +4.926113083e+01 +4.926113083e+01 -2.9124e+00 -1.8365e+00 -1.3079e+00 -2.4825e+00 -6.5963e-01 +8.5312e-01 +3.0970e-01 +1.7536e+00 +2.4430e+00 +2.1938e-01
955 0 +2.325183247e+01 +4.872183247e+01 +4.872183247e+01 -2.9101e+00 -1.8392e+00 -1.3137e+00 -2.4869e+00 -6.3915e-01 +8.5414e-01 +2.9301e-01 +1.7573e+00 +2.4394e+00 +2.0784e-01
971 0 +2.284623463e+01 +4.831623463e+01 +4.831623463e+01 -2.9305e+00 -1.8346e+00 -1.3195e+00 -2.4951e+00 -6.4931e-01 +8.4552e-01 +3.0622e-01 +1.7615e+00 +2.4454e+00 +2.2336e-01
1031 0 +2.224651335e+01 +4.771651335e+01 +4.771651335e+01 -2.9315e+00 -1.8334e+00 -1.3256e+00 -2.4933e+00 -6.3832e-01 +8.3294e-01 +3.1215e-01 +1.7505e+00 +2.4382e+00 +2.1478e-01
1111 0 +2.178022926e+01 +4.725022926e+01 +4.725022926e+01 -2.9150e+00 -1.8387e+00 -1.3372e+00 -2.4954e+00 -6.4406e-01 +8.1310e-01 +3.1225e-01 +1.7633e+00 +2.4350e+00 +2.1422e-01
1181 0 +2.136878338e+01 +4.683878338e+01 +4.683878338e+01 -2.9175e+00 -1.8398e+00 -1.3473e+00 -2.5025e+00 -6.3571e-01 +8.2323e-01 +3.1495e-01 +1.7780e+00 +2.4339e+00 +2.2413e-01
% f evaluations | g evaluations | best noise-free fitness - Fopt (-1.008100000000e+02) + sum g_i+ | measured fitness | best measured fitness or single-digit g-values | x1 | x2...
1 0 +1.920731690e+02 +9.126316903e+01 +9.126316903e+01 +0.0000e+00 +0.0000e+00 +0.0000e+00 +0.0000e+00 +0.0000e+00 +0.0000e+00 +0.0000e+00 +0.0000e+00 +0.0000e+00 +0.0000e+00
2 0 +1.873984819e+02 +8.658848192e+01 +8.658848192e+01 +4.3379e-01 +3.0692e-02 +9.8026e-02 +3.4094e-01 +2.4727e-01 +1.7369e-01 -1.1375e-01 -3.0566e-01 +1.1285e-01 -1.5359e-01
3 0 +1.723017779e+02 +7.149177789e+01 +7.149177789e+01 +2.4817e-01 +6.3376e-02 -2.2359e-01 +8.0318e-02 +2.1275e-01 +5.3256e-02 -2.3477e-01 +7.8699e-02 +1.0710e-01 +2.4729e-01
12 0 +1.482420981e+02 +4.743209808e+01 +4.743209808e+01 +5.3320e-01 +4.3847e-01 -2.2909e-01 +3.6700e-01 +4.6240e-01 +6.6555e-01 -1.7600e-01 -2.5857e-01 +2.7284e-01 -4.3911e-01
15 0 +1.417885105e+02 +4.097851046e+01 +4.097851046e+01 +7.6880e-01 -3.8063e-01 +2.0317e-01 -3.4770e-01 +5.5804e-02 +7.9116e-02 +1.3305e-01 +2.5616e-01 +8.1414e-02 +1.2966e-01
33 0 +9.624719598e+01 -4.562804021e+00 -4.562804021e+00 +3.3522e-01 -1.2513e-01 -5.8933e-01 -2.0206e-01 +2.3556e-01 +3.1321e-01 -2.0513e-01 +4.4149e-01 -6.9990e-01 +4.0349e-02
148 0 +8.438764921e+01 -1.642235079e+01 -1.642235079e+01 +1.2472e+00 +3.2301e-01 -3.1439e-01 +3.4756e-02 +2.3024e-01 +4.3281e-01 -8.1283e-01 +5.8245e-01 -8.6617e-01 +1.0526e+00
201 0 +8.064301329e+01 -2.016698671e+01 -2.016698671e+01 +7.0259e-01 +2.9331e-01 -6.6643e-01 -2.4636e-01 -1.6830e-02 +1.5609e-01 -6.8800e-01 +3.4096e-01 -1.1138e+00 +7.8768e-01
310 0 +7.112223159e+01 -2.968776841e+01 -2.968776841e+01 +9.4154e-01 +2.6324e-01 -8.1798e-01 -4.5242e-01 +1.2116e-01 +2.2616e-01 -9.2110e-01 +4.9685e-01 -1.3739e+00 +9.8327e-01
441 0 +6.992808358e+01 -3.088191642e+01 -3.088191642e+01 +8.7117e-01 +2.2124e-01 -9.1805e-01 -4.6755e-01 +2.1760e-01 +2.7859e-01 -8.1301e-01 +3.5924e-01 -1.2517e+00 +9.3486e-01
451 0 +6.482135701e+01 -3.598864299e+01 -3.598864299e+01 +8.9424e-01 +2.4185e-01 -8.9217e-01 -4.3736e-01 +2.0231e-01 +2.6295e-01 -8.6423e-01 +3.6068e-01 -1.2473e+00 +9.6163e-01
457 0 +5.581831017e+01 -4.499168983e+01 -4.499168983e+01 +9.4036e-01 +2.0573e-01 -7.9498e-01 -4.0969e-01 +2.5756e-01 +2.3069e-01 -8.7855e-01 +3.6266e-01 -1.2038e+00 +9.5805e-01
481 0 +5.373239648e+01 -4.707760352e+01 -4.707760352e+01 +9.4018e-01 +2.2974e-01 -8.2091e-01 -4.1716e-01 +2.5033e-01 +2.4209e-01 -8.9419e-01 +3.6898e-01 -1.1962e+00 +9.0518e-01
491 0 +5.253618055e+01 -4.827381945e+01 -4.827381945e+01 +9.4950e-01 +2.2015e-01 -8.3323e-01 -3.9857e-01 +2.4494e-01 +2.5190e-01 -8.6979e-01 +3.7253e-01 -1.2119e+00 +8.9143e-01
555 0 +5.178785739e+01 -4.902214261e+01 -4.902214261e+01 +9.6166e-01 +1.9768e-01 -8.4227e-01 -4.0972e-01 +1.9477e-01 +2.1814e-01 -9.1964e-01 +4.4059e-01 -1.2627e+00 +8.9537e-01
559 0 +5.039537853e+01 -5.041462147e+01 -5.041462147e+01 +9.5348e-01 +2.2786e-01 -8.2185e-01 -4.0990e-01 +2.1136e-01 +2.1827e-01 -8.7944e-01 +4.1752e-01 -1.2533e+00 +8.8865e-01
561 0 +4.992262960e+01 -5.088737040e+01 -5.088737040e+01 +9.6003e-01 +2.1687e-01 -8.2610e-01 -4.0405e-01 +2.0753e-01 +2.3119e-01 -9.0397e-01 +4.3468e-01 -1.2418e+00 +8.9957e-01
601 0 +4.892765790e+01 -5.188234210e+01 -5.188234210e+01 +9.5363e-01 +2.2657e-01 -7.9392e-01 -3.8804e-01 +2.1556e-01 +2.3438e-01 -9.3055e-01 +4.0756e-01 -1.2419e+00 +8.8234e-01
602 0 +4.745989003e+01 -5.335010997e+01 -5.335010997e+01 +9.5994e-01 +2.0575e-01 -7.7135e-01 -3.7886e-01 +2.2138e-01 +2.4111e-01 -9.5598e-01 +4.3313e-01 -1.2991e+00 +8.8288e-01
614 0 +4.497110956e+01 -5.583889044e+01 -5.583889044e+01 +9.4114e-01 +2.1154e-01 -7.9805e-01 -4.1985e-01 +2.1849e-01 +2.5476e-01 -9.1647e-01 +4.2174e-01 -1.2705e+00 +9.0409e-01
626 0 +4.351838306e+01 -5.729161694e+01 -5.729161694e+01 +9.5031e-01 +2.1541e-01 -7.8542e-01 -4.0960e-01 +2.3001e-01 +2.7708e-01 -9.2499e-01 +4.1885e-01 -1.2831e+00 +9.0843e-01
711 0 +4.264021677e+01 -5.816978323e+01 -5.816978323e+01 +9.6160e-01 +2.3562e-01 -7.6317e-01 -3.9925e-01 +2.4916e-01 +2.6605e-01 -9.2495e-01 +4.2024e-01 -1.2880e+00 +9.0429e-01
% f evaluations | g evaluations | best noise-free fitness - Fopt (-3.531300000000e+02) + sum g_i+ | measured fitness | best measured fitness or single-digit g-values | x1 | x2...
1 0 +2.885280905e+02 -6.460190953e+01 -6.460190953e+01 +0.0000e+00 +0.0000e+00 +0.0000e+00 +0.0000e+00 +0.0000e+00 +0.0000e+00 +0.0000e+00 +0.0000e+00 +0.0000e+00 +0.0000e+00
5 0 +2.841148038e+02 -6.901519618e+01 -6.901519618e+01 -9.0564e-02 +8.4424e-02 -2.8183e-02 -1.8777e-01 +7.4957e-02 +6.4105e-01 +2.7589e-01 +1.3137e-01 +7.7185e-02 +2.3934e-01
8 0 +2.780993766e+02 -7.503062342e+01 -7.503062342e+01 +6.0234e-01 +2.6527e-01 +2.8700e-01 -7.0577e-01 +5.2611e-01 +2.0125e-02 -3.9010e-01 +9.9670e-02 +3.8961e-01 -4.6269e-01
9 0 +2.743310791e+02 -7.879892091e+01 -7.879892091e+01 +3.2075e-01 -8.8256e-02 -1.5931e-01 -1.1698e-01 -2.3584e-01 +6.5800e-02 +8.0156e-02 +3.1223e-01 +4.1734e-01 -8.7755e-02
13 0 +2.473082482e+02 -1.058217518e+02 -1.058217518e+02 +2.9723e-01 -3.9730e-02 +4.2510e-01 -2.0615e-01 -2.9283e-01 -1.3839e-01 -3.1038e-01 -3.9184e-01 -4.8179e-01 +4.5271e-01
14 0 +2.243948592e+02 -1.287351408e+02 -1.287351408e+02 +5.8978e-02 +3.2500e-01 -1.2903e-01 -4.3105e-01 -4.1356e-01 +5.7984e-01 -1.5383e-01 +6.2643e-01 -7.4507e-02 +2.3063e-01
25 0 +2.194874172e+02 -1.336425828e+02 -1.336425828e+02 +3.9224e-01 -4.6760e-02 +7.7230e-02 -3.9189e-01 +3.4252e-01 +5.1151e-01 -6.5563e-01 +4.9406e-01 -5.9471e-02 +7.3941e-01
29 0 +2.147022383e+02 -1.384277617e+02 -1.384277617e+02 +9.3903e-01 -5.2002e-01 -8.5726e-02 -4.0784e-01 +2.0492e-01 +1.2840e-01 -9.9164e-04 -9.6380e-02 +2.0069e-01 +5.7595e-01
32 0 +1.769382711e+02 -1.761917289e+02 -1.761917289e+02 +2.6288e-01 -3.6487e-01 -1.6787e-01 -5.5878e-02 -4.3147e-01 +3.5288e-01 -3.3587e-03 +6.3232e-01 +1.2793e-02 +1.0689e+00
73 0 +1.679549850e+02 -1.851750150e+02 -1.851750150e+02 +5.9550e-01 -3.6530e-01 -5.0548e-01 -4.8352e-01 -3.9949e-01 +3.9639e-01 -4.6011e-01 +5.2591e-01 -5.3655e-01 +2.1753e+00
88 0 +1.604299060e+02 -1.927000940e+02 -1.927000940e+02 +1.8076e+00 -1.2884e-01 -1.3892e+00 -4.9664e-01 -5.2061e-01 +4.8695e-02 -8.9673e-01 +2.2093e+00 -2.4260e-01 +2.4268e+00
91 0 +1.208830057e+02 -2.322469943e+02 -2.322469943e+02 +1.1976e+00 -6.9036e-02 -8.5990e-01 -4.7236e-01 -8.8483e-01 +5.8586e-01 -7.9399e-01 +1.2407e+00 +7.6246e-02 +2.4704e+00
185 0 +1.154908181e+02 -2.376391819e+02 -2.376391819e+02 +1.2234e-01 -4.7706e-01 -1.2198e+00 -1.5223e+00 -5.8882e-01 -5.8433e-02 -5.9581e-01 +2.5798e+00 -1.3077e+00 +2.7324e+00
186 0 +9.028668945e+01 -2.628433106e+02 -2.628433106e+02 -8.2096e-02 -3.1731e-01 -9.7220e-01 -2.0447e+00 +2.2625e-01 -5.2881e-01 -6.1101e-01 +2.8819e+00 +1.1657e+00 +1.5868e+00
237 0 +8.751899854e+01 -2.656110015e+02 -2.656110015e+02 +2.3267e-01 -5.3538e-01 -8.7965e-01 -1.7396e+00 +7.2988e-01 -3.3795e-01 -3.4862e-01 +3.1630e+00 +1.0126e-01 +2.7682e+00
262 0 +8.187760421e+01 -2.712523958e+02 -2.712523958e+02 +3.6793e-01 +1.7616e-01 -1.4933e+00 -2.0121e+00 +8.5200e-01 -1.4664e-01 -5.2298e-01 +3.2793e+00 +8.4702e-01 +2.3092e+00
499 0 +6.771106653e+01 -2.854189335e+02 -2.854189335e+02 +7.0218e-01 +6.0359e-01 -2.6753e+00 -1.7528e+00 +8.8877e-02 +6.8761e-01 -2.5651e-01 +3.5708e+00 +1.3061e+00 +2.8654e+00
704 0 +6.662092597e+01 -2.865090740e+02 -2.865090740e+02 +4.3316e-02 +7.0645e-01 -2.4327e+00 -1.7386e+00 +2.9016e-01 +4.9785e-01 +2.6655e-02 +3.1254e+00 +1.2816e+00 +2.1726e+00
803 0 +6.052424565e+01 -2.926057543e+02 -2.926057543e+02 -2.6837e-01 +7.5737e-01 -2.3073e+00 -1.8547e+00 +4.6882e-01 +5.5747e-01 -5.1702e-02 +3.1883e+00 +8.9663e-01 +2.2981e+00
824 0 +5.988381173e+01 -2.932461883e+02 -2.932461883e+02 -1.9252e-01 +7.7076e-01 -2.3124e+00 -1.7788e+00 +4.8771e-01 +6.1381e-01 -1.8828e-02 +3.2273e+00 +1.0132e+00 +2.2681e+00
828 0 +5.841827737e+01 -2.947117226e+02 -2.947117226e+02 -2.2598e-01 +7.8631e-01 -2.2868e+00 -1.8019e+00 +5.6970e-01 +5.5187e-01 +7.1944e-03 +3.3009e+00 +9.5923e-01 +2.3251e+00
833 0 +5.541071724e+01 -2.977192828e+02 -2.977192828e+02 -1.7875e-01 +7.6444e-01 -2.3845e+00 -1.7789e+00 +5.5669e-01 +5.4225e-01 -7.7451e-02 +3.2174e+00 +9.6387e-01 +2.2897e+00
838 0 +4.757055527e+01 -3.055594447e+02 -3.055594447e+02 -1.5917e-01 +8.1280e-01 -2.3593e+00 -1.7918e+00 +5.2209e-01 +5.6242e-01 -8.6700e-02 +3.2457e+00 +9.8647e-01 +2.3187e+00
893 0 +4.412074795e+01 -3.090092520e+02 -3.090092520e+02 -1.5313e-01 +7.8495e-01 -2.3434e+00 -1.8134e+00 +5.0239e-01 +5.6722e-01 -1.3893e-01 +3.2677e+00 +9.2539e-01 +2.3731e+00
894 0 +3.820019482e+01 -3.149298052e+02 -3.149298052e+02 -1.7447e-01 +7.9388e-01 -2.3634e+00 -1.8066e+00 +5.3498e-01 +5.6753e-01 -1.5359e-01 +3.2252e+00 +9.2597e-01 +2.3290e+00
923 0 +3.365575929e+01 -3.194742407e+02 -3.194742407e+02 -2.1712e-01 +8.0564e-01 -2.3788e+00 -1.8319e+00 +5.6182e-01 +5.6072e-01 -1.5409e-01 +3.2123e+00 +9.2381e-01 +2.3615e+00
941 0 +3.263812503e+01 -3.204918750e+02 -3.204918750e+02 -1.6829e-01 +7.9238e-01 -2.3304e+00 -1.8154e+00 +5.4643e-01 +5.7378e-01 -1.6046e-01 +3.2113e+00 +9.2534e-01 +2.3523e+00
951 0 +3.217950634e+01 -3.209504937e+02 -3.209504937e+02 -1.8033e-01 +7.9341e-01 -2.3088e+00 -1.8160e+00 +5.4762e-01 +5.6870e-01 -1.5560e-01 +3.2078e+00 +9.2003e-01 +2.3409e+00
953 0 +3.137354038e+01 -3.217564596e+02 -3.217564596e+02 -2.1252e-01 +7.7531e-01 -2.2891e+00 -1.8519e+00 +5.7071e-01 +5.5754e-01 -1.3590e-01 +3.2085e+00 +9.1934e-01 +2.3482e+00
961 0 +2.868966166e+01 -3.244403383e+02 -3.244403383e+02 -1.9933e-01 +7.9500e-01 -2.3249e+00 -1.8371e+00 +5.5746e-01 +5.5074e-01 -1.6662e-01 +3.1938e+00 +9.2796e-01 +2.3525e+00
964 0 +2.776769519e+01 -3.253623048e+02 -3.253623048e+02 -2.0524e-01 +7.8561e-01 -2.2952e+00 -1.8450e+00 +5.9312e-01 +5.4953e-01 -1.8524e-01 +3.1616e+00 +9.1440e-01 +2.3526e+00
971 0 +2.711392858e+01 -3.260160714e+02 -3.260160714e+02 -1.9483e-01 +7.9794e-01 -2.3038e+00 -1.8366e+00 +5.7147e-01 +5.5168e-01 -1.8199e-01 +3.1937e+00 +9.1327e-01 +2.3649e+00
994 0 +2.675205275e+01 -3.263779472e+02 -3.263779472e+02 -2.1585e-01 +8.0023e-01 -2.2697e+00 -1.8169e+00 +5.8549e-01 +5.0860e-01 -1.6674e-01 +3.1635e+00 +9.0706e-01 +2.3669e+00
1001 0 +2.549840803e+01 -3.276315920e+02 -3.276315920e+02 -2.1845e-01 +7.9742e-01 -2.2665e+00 -1.8264e+00 +5.6681e-01 +5.0061e-01 -1.7551e-01 +3.1691e+00 +9.1208e-01 +2.3607e+00
1171 0 +2.503618053e+01 -3.280938195e+02 -3.280938195e+02 -2.3579e-01 +8.0870e-01 -2.3032e+00 -1.8341e+00 +5.5909e-01 +4.9048e-01 -1.8753e-01 +3.1782e+00 +9.1620e-01 +2.3856e+00
1236 0 +2.449917643e+01 -3.286308236e+02 -3.286308236e+02 -2.2959e-01 +8.0497e-01 -2.2953e+00 -1.8405e+00 +5.6148e-01 +4.9588e-01 -1.8775e-01 +3.1796e+00 +9.2016e-01 +2.3801e+00
1334 0 +2.381673213e+01 -3.293132679e+02 -3.293132679e+02 -2.1738e-01 +7.9983e-01 -2.2730e+00 -1.8566e+00 +5.6878e-01 +4.9222e-01 -1.8445e-01 +3.1902e+00 +9.2456e-01 +2.3713e+00
1492 0 +2.342832526e+01 -3.297016747e+02 -3.297016747e+02 -2.2127e-01 +7.8711e-01 -2.2636e+00 -1.8880e+00 +5.8260e-01 +4.8366e-01 -1.9302e-01 +3.1820e+00 +9.3458e-01 +2.3693e+00
1780 0 +2.287701482e+01 -3.302529852e+02 -3.302529852e+02 -2.2080e-01 +7.8262e-01 -2.2469e+00 -1.8994e+00 +5.9711e-01 +4.7662e-01 -1.9325e-01 +3.1817e+00 +9.5091e-01 +2.3668e+00
1853 0 +2.238494584e+01 -3.307450542e+02 -3.307450542e+02 -2.3034e-01 +7.7778e-01 -2.2248e+00 -1.9102e+00 +6.1051e-01 +4.7190e-01 -1.9736e-01 +3.1695e+00 +9.5325e-01 +2.3639e+00
1873 0 +2.180832815e+01 -3.313216719e+02 -3.313216719e+02 -2.3626e-01 +7.7216e-01 -2.2085e+00 -1.9253e+00 +6.2331e-01 +4.7104e-01 -1.9655e-01 +3.1667e+00 +9.6089e-01 +2.3652e+00
1929 0 +2.136929555e+01 -3.317607044e+02 -3.317607044e+02 -2.3567e-01 +7.6229e-01 -2.1899e+00 -1.9363e+00 +6.2791e-01 +4.6255e-01 -2.0095e-01 +3.1604e+00 +9.6734e-01 +2.3690e+00
% f evaluations | g evaluations | best noise-free fitness - Fopt (8.716000000000e+01) + sum g_i+ | measured fitness | best measured fitness or single-digit g-values | x1 | x2...
1 0 +3.272544691e+02 +4.144144691e+02 +4.144144691e+02 +0.0000e+00 +0.0000e+00 +0.0000e+00 +0.0000e+00 +0.0000e+00 +0.0000e+00 +0.0000e+00 +0.0000e+00 +0.0000e+00 +0.0000e+00
3 0 +3.239798802e+02 +4.111398802e+02 +4.111398802e+02 +2.4817e-01 +6.3376e-02 -2.2359e-01 +8.0318e-02 +2.1275e-01 +5.3256e-02 -2.3477e-01 +7.8699e-02 +1.0710e-01 +2.4729e-01
22 0 +2.617254973e+02 +3.488854973e+02 +3.488854973e+02 +9.4716e-01 +8.2736e-01 -1.2114e-01 +3.9756e-01 +4.8112e-01 +4.1204e-01 -5.4894e-01 +1.7450e-02 -2.9136e-01 -3.1323e-01
35 0 +2.485867466e+02 +3.357467466e+02 +3.357467466e+02 +6.9455e-01 +1.9185e-01 -1.8856e-01 +5.9994e-01 -9.5249e-02 +6.3120e-01 +3.8916e-01 +1.6765e-01 +1.9163e-01 +7.7327e-02
50 0 +2.339264054e+02 +3.210864054e+02 +3.210864054e+02 +1.3518e+00 +7.5316e-01 -3.7720e-01 +6.7506e-01 +6.3896e-01 +2.8130e-01 +2.0354e-01 +6.5538e-01 -2.2585e-01 +4.0977e-01
54 0 +2.222127478e+02 +3.093727478e+02 +3.093727478e+02 +7.8439e-01 +9.0613e-01 -3.6984e-01 +9.3480e-01 -2.6233e-01 +2.8190e-01 -3.1123e-01 +3.2307e-01 -1.4255e-01 +7.0099e-02
55 0 +2.108450157e+02 +2.980050157e+02 +2.980050157e+02 +9.7745e-01 +1.9252e-01 -4.2465e-01 +7.0968e-01 -2.8577e-01 +4.1372e-01 -4.1689e-01 +4.7295e-01 +2.8711e-01 -1.6016e-01
58 0 +1.797378429e+02 +2.668978429e+02 +2.668978429e+02 +1.5944e+00 +2.7372e-01 -6.3498e-01 +9.7711e-01 +1.4813e-02 +7.5925e-01 -6.2983e-01 +2.4430e-01 +6.6651e-02 +1.3790e-01
88 0 +1.515844412e+02 +2.387444412e+02 +2.387444412e+02 +2.8029e+00 +1.1438e+00 -1.6062e+00 +1.9348e+00 -4.6115e-01 +3.7845e-01 -3.9489e-01 +2.4428e+00 -6.7740e-01 +6.7164e-01
94 0 +1.201274434e+02 +2.072874434e+02 +2.072874434e+02 +2.7274e+00 +8.9598e-01 -1.0716e+00 +1.8044e+00 -1.1483e+00 +9.6467e-01 +5.0171e-01 +1.4694e+00 -5.6188e-01 -5.5899e-01
123 0 +1.025315202e+02 +1.896915202e+02 +1.896915202e+02 +2.9246e+00 +1.6008e+00 -1.6277e+00 +2.4237e+00 -8.4645e-01 +6.5727e-01 +5.8214e-01 +1.4353e+00 -2.7596e-01 +8.3241e-01
222 0 +8.826861932e+01 +1.754286193e+02 +1.754286193e+02 +2.4541e+00 +1.8981e+00 -1.7501e+00 +1.6183e+00 +2.1596e-01 +3.4369e-01 +6.0329e-01 +2.1768e+00 -6.4969e-01 +2.7939e-01
346 0 +7.863800341e+01 +1.657980034e+02 +1.657980034e+02 +2.2265e+00 +2.2081e+00 -2.3947e+00 +2.4500e+00 -7.4098e-01 +1.0640e+00 +1.3384e+00 +1.7900e+00 -9.7321e-01 +6.2264e-01
508 0 +7.173925913e+01 +1.588992591e+02 +1.588992591e+02 +2.7551e+00 +2.3323e+00 -3.1781e+00 +3.2652e+00 -1.3359e+00 +1.5186e+00 +2.3347e+00 +2.2427e+00 -1.7152e+00 +4.4370e-01
748 0 +6.999842109e+01 +1.571584211e+02 +1.571584211e+02 +2.1788e+00 +1.5777e+00 -3.0674e+00 +2.4032e+00 -1.1709e+00 +7.6511e-01 +2.3324e+00 +2.3415e+00 -1.4347e+00 +2.1690e-01
762 0 +6.699181038e+01 +1.541518104e+02 +1.541518104e+02 +2.0825e+00 +1.5720e+00 -3.1252e+00 +2.4456e+00 -1.2108e+00 +8.3468e-01 +2.2981e+00 +2.2963e+00 -1.5055e+00 +1.7909e-01
793 0 +6.182846351e+01 +1.489884635e+02 +1.489884635e+02 +2.1720e+00 +1.6024e+00 -3.2045e+00 +2.4719e+00 -1.2809e+00 +8.3140e-01 +2.3925e+00 +2.3807e+00 -1.4254e+00 +1.8457e-01
814 0 +6.147052638e+01 +1.486305264e+02 +1.486305264e+02 +2.1276e+00 +1.5358e+00 -3.2026e+00 +2.4424e+00 -1.2316e+00 +8.2640e-01 +2.3076e+00 +2.3428e+00 -1.4126e+00 +2.1626e-01
836 0 +5.936213445e+01 +1.465221345e+02 +1.465221345e+02 +2.1529e+00 +1.5262e+00 -3.2107e+00 +2.4265e+00 -1.1946e+00 +7.8531e-01 +2.2945e+00 +2.3100e+00 -1.4170e+00 +1.9349e-01
854 0 +5.879978790e+01 +1.459597879e+02 +1.459597879e+02 +2.1367e+00 +1.5358e+00 -3.2025e+00 +2.4146e+00 -1.1983e+00 +8.1274e-01 +2.2967e+00 +2.2779e+00 -1.4070e+00 +1.7895e-01
864 0 +5.633766167e+01 +1.434976617e+02 +1.434976617e+02 +2.1876e+00 +1.5352e+00 -3.1532e+00 +2.4217e+00 -1.1773e+00 +8.1994e-01 +2.3649e+00 +2.3045e+00 -1.3910e+00 +1.2501e-01
891 0 +5.607209595e+01 +1.432320959e+02 +1.432320959e+02 +2.1922e+00 +1.5221e+00 -3.1935e+00 +2.4385e+00 -1.2075e+00 +8.1965e-01 +2.2937e+00 +2.2817e+00 -1.3874e+00 +1.5227e-01
914 0 +5.460284159e+01 +1.417628416e+02 +1.417628416e+02 +2.1987e+00 +1.5180e+00 -3.1915e+00 +2.4413e+00 -1.2401e+00 +8.5036e-01 +2.2969e+00 +2.2038e+00 -1.3770e+00 +1.2823e-01
922 0 +5.254873999e+01 +1.397087400e+02 +1.397087400e+02 +2.1609e+00 +1.5102e+00 -3.2229e+00 +2.4701e+00 -1.2211e+00 +8.6761e-01 +2.3221e+00 +2.2257e+00 -1.3917e+00 +1.1506e-01
946 0 +5.039455179e+01 +1.375545518e+02 +1.375545518e+02 +2.1758e+00 +1.5230e+00 -3.2229e+00 +2.4745e+00 -1.2456e+00 +8.6442e-01 +2.3706e+00 +2.2175e+00 -1.3653e+00 +9.7337e-02
992 0 +5.008968181e+01 +1.372496818e+02 +1.372496818e+02 +2.2341e+00 +1.5464e+00 -3.2275e+00 +2.5355e+00 -1.2330e+00 +8.3949e-01 +2.3728e+00 +2.1603e+00 -1.3811e+00 +1.1109e-01
1023 0 +4.818287440e+01 +1.353428744e+02 +1.353428744e+02 +2.2103e+00 +1.4894e+00 -3.2713e+00 +2.5130e+00 -1.2642e+00 +8.5944e-01 +2.4089e+00 +2.1440e+00 -1.3662e+00 +9.6419e-02
1030 0 +4.585954632e+01 +1.330195463e+02 +1.330195463e+02 +2.2648e+00 +1.5222e+00 -3.2682e+00 +2.5573e+00 -1.2108e+00 +8.7747e-01 +2.3752e+00 +2.1100e+00 -1.3832e+00 +9.4131e-02
1056 0 +4.554650153e+01 +1.327065015e+02 +1.327065015e+02 +2.2774e+00 +1.5180e+00 -3.2737e+00 +2.5695e+00 -1.2180e+00 +8.5642e-01 +2.3699e+00 +2.1068e+00 -1.3489e+00 +6.2050e-02
1117 0 +4.431873924e+01 +1.314787392e+02 +1.314787392e+02 +2.3023e+00 +1.5105e+00 -3.2548e+00 +2.5636e+00 -1.2329e+00 +8.2930e-01 +2.4504e+00 +2.1379e+00 -1.3664e+00 +7.8842e-02
1191 0 +4.362842763e+01 +1.307884276e+02 +1.307884276e+02 +2.2807e+00 +1.5287e+00 -3.2414e+00 +2.5610e+00 -1.2213e+00 +8.4995e-01 +2.4114e+00 +2.1234e+00 -1.3523e+00 +8.2382e-02
1247 0 +4.228659324e+01 +1.294465932e+02 +1.294465932e+02 +2.2853e+00 +1.5251e+00 -3.2300e+00 +2.5639e+00 -1.2148e+00 +8.4682e-01 +2.4164e+00 +2.1355e+00 -1.3584e+00 +7.3024e-02
1272 0 +4.130161590e+01 +1.284616159e+02 +1.284616159e+02 +2.3022e+00 +1.5339e+00 -3.2220e+00 +2.5767e+00 -1.2073e+00 +8.4936e-01 +2.4309e+00 +2.1515e+00 -1.3639e+00 +7.7688e-02
1295 0 +4.024596924e+01 +1.274059692e+02 +1.274059692e+02 +2.3053e+00 +1.5271e+00 -3.2191e+00 +2.5695e+00 -1.2062e+00 +8.5495e-01 +2.4364e+00 +2.1457e+00 -1.3668e+00 +6.6514e-02
1353 0 +3.960141916e+01 +1.267614192e+02 +1.267614192e+02 +2.3068e+00 +1.5363e+00 -3.2158e+00 +2.5760e+00 -1.2065e+00 +8.3828e-01 +2.4667e+00 +2.1632e+00 -1.3502e+00 +5.0065e-02
1404 0 +3.886423322e+01 +1.260242332e+02 +1.260242332e+02 +2.3083e+00 +1.5317e+00 -3.1949e+00 +2.5754e+00 -1.1892e+00 +8.5843e-01 +2.4837e+00 +2.1958e+00 -1.3620e+00 +5.6235e-02
1487 0 +3.800304200e+01 +1.251630420e+02 +1.251630420e+02 +2.3003e+00 +1.5432e+00 -3.1824e+00 +2.5790e+00 -1.1779e+00 +8.6089e-01 +2.4712e+00 +2.1806e+00 -1.3870e+00 +5.9902e-02
1538 0 +3.706760591e+01 +1.242276059e+02 +1.242276059e+02 +2.2987e+00 +1.5446e+00 -3.1760e+00 +2.6002e+00 -1.1681e+00 +8.6716e-01 +2.4750e+00 +2.1832e+00 -1.3881e+00 +4.0445e-02
1608 0 +3.626972939e+01 +1.234297294e+02 +1.234297294e+02 +2.2862e+00 +1.5267e+00 -3.1977e+00 +2.6202e+00 -1.1847e+00 +9.0062e-01 +2.4595e+00 +2.1795e+00 -1.3900e+00 +3.2811e-02
1886 0 +3.544814501e+01 +1.226081450e+02 +1.226081450e+02 +2.2795e+00 +1.5073e+00 -3.1989e+00 +2.6367e+00 -1.1963e+00 +9.2124e-01 +2.4908e+00 +2.1884e+00 -1.3917e+00 +2.8525e-02
% f evaluations | g evaluations | best noise-free fitness - Fopt (-3.475000000000e+01) + sum g_i+ | measured fitness | best measured fitness or single-digit g-values | x1 | x2...
1 0 +6.336600325e+02 +5.989100325e+02 +5.989100325e+02 +0.0000e+00 +0.0000e+00 +0.0000e+00 +0.0000e+00 +0.0000e+00 +0.0000e+00 +0.0000e+00 +0.0000e+00 +0.0000e+00 +0.0000e+00
2 0 +5.746971127e+02 +5.399471127e+02 +5.399471127e+02 +4.3379e-01 +3.0692e-02 +9.8026e-02 +3.4094e-01 +2.4727e-01 +1.7369e-01 -1.1375e-01 -3.0566e-01 +1.1285e-01 -1.5359e-01
7 0 +5.486321296e+02 +5.138821296e+02 +5.138821296e+02 -2.6321e-01 +2.3560e-01 -2.9494e-01 -4.1433e-02 -2.1060e-01 +1.1878e-01 +8.3286e-02 -6.4943e-01 +2.1039e-01 -1.8282e-01
13 0 +4.708466562e+02 +4.360966562e+02 +4.360966562e+02 +2.0504e-01 -9.5307e-02 +3.8026e-01 +8.8101e-02 -2.2696e-01 -2.3088e-01 -2.1444e-01 -8.1401e-01 -5.5500e-01 +3.5938e-01
22 0 +4.461822635e+02 +4.114322635e+02 +4.114322635e+02 +5.5403e-01 +5.2771e-01 +1.4737e-01 +2.8541e-01 +4.8092e-02 +1.7064e-01 -1.4031e-01 -3.4267e-01 -7.7630e-01 -1.9715e-01
37 0 +4.119270036e+02 +3.771770036e+02 +3.771770036e+02 +5.6031e-01 +3.9073e-01 -4.6563e-01 -4.9073e-02 -3.2235e-01 -2.5019e-01 +4.4489e-01 -8.9338e-01 -1.0313e+00 +4.8341e-01
53 0 +4.040731127e+02 +3.693231127e+02 +3.693231127e+02 +1.0302e+00 +5.3529e-01 -4.0664e-01 +1.0096e-01 -4.7690e-01 -5.2722e-01 +6.0005e-01 -7.4657e-01 -1.0969e+00 +7.8171e-01
54 0 +3.745961968e+02 +3.398461968e+02 +3.398461968e+02 +7.9758e-01 +1.0895e+00 -2.2950e-01 +3.4412e-01 -7.3170e-01 -5.7672e-01 +4.0008e-02 -1.0209e+00 -7.2040e-01 +1.1170e-01
67 0 +3.392105036e+02 +3.044605036e+02 +3.044605036e+02 +8.4553e-01 +1.0222e+00 -5.0773e-01 +1.3843e-01 -9.5258e-01 -3.3618e-01 +2.8685e-01 -1.3790e+00 -6.1006e-01 +6.8774e-01
68 0 +3.297328251e+02 +2.949828251e+02 +2.949828251e+02 +1.3753e+00 +9.6897e-01 -6.3856e-01 +2.8838e-01 -1.1218e+00 -8.0893e-01 +1.0350e+00 -1.5682e+00 -1.4645e+00 +2.1026e-01
78 0 +2.737760385e+02 +2.390260385e+02 +2.390260385e+02 +1.3537e+00 +1.7096e+00 -8.9963e-01 +7.0731e-01 -1.1709e+00 -5.3579e-01 +6.4739e-01 -1.6579e+00 -1.6676e+00 +9.3772e-01
84 0 +2.653658088e+02 +2.306158088e+02 +2.306158088e+02 +1.0236e+00 +1.8471e+00 -7.5643e-01 +5.3399e-01 -3.7005e-01 -9.4574e-01 +6.1477e-01 -2.2368e+00 -5.7053e-01 +8.7593e-01
92 0 +2.100074567e+02 +1.752574567e+02 +1.752574567e+02 +2.8552e-01 +2.1483e+00 -6.5506e-01 +1.3485e+00 -2.0205e-01 -5.6226e-01 +1.5538e+00 -1.9614e+00 -8.9280e-01 +1.2224e+00
115 0 +2.048999118e+02 +1.701499118e+02 +1.701499118e+02 +1.0350e-01 +2.5762e+00 -9.2697e-01 +2.5878e-01 -1.5032e+00 -1.1728e+00 +1.1287e+00 -2.1737e+00 -1.1700e+00 +1.7507e+00
116 0 +1.904925354e+02 +1.557425354e+02 +1.557425354e+02 +1.0533e+00 +3.9082e+00 -5.5340e-01 +1.7844e+00 -1.5219e+00 -1.3053e+00 +9.2177e-01 -1.9429e+00 -1.3936e+00 +3.1601e+00
123 0 +1.212625400e+02 +8.651253996e+01 +8.651253996e+01 +1.6314e+00 +3.3985e+00 -1.5393e+00 +1.3397e+00 -1.6615e+00 -2.1386e+00 +1.7409e+00 -3.3825e+00 -1.7589e+00 +2.5838e+00
125 0 +1.132716861e+02 +7.852168608e+01 +7.852168608e+01 +2.2790e+00 +4.6141e+00 -8.4137e-01 +1.6475e+00 -1.3902e+00 -2.2380e+00 +1.4672e+00 -4.2903e+00 -2.8448e+00 +2.5234e+00
136 0 +9.715230313e+01 +6.240230313e+01 +6.240230313e+01 +1.9937e+00 +4.5863e+00 -1.0379e+00 +1.1689e+00 -1.4401e+00 -3.0278e+00 +1.3742e+00 -5.2510e+00 -2.7096e+00 +3.2668e+00
159 0 +8.459776892e+01 +4.984776892e+01 +4.984776892e+01 +3.8128e-01 +2.9605e+00 -1.0462e+00 +9.6063e-01 -1.4886e+00 -2.0776e+00 +7.1763e-01 -3.3789e+00 -2.7621e+00 +2.4375e+00
471 0 +7.543709681e+01 +4.068709681e+01 +4.068709681e+01 +1.5626e+00 +3.0686e+00 -1.5551e+00 +8.1113e-01 -9.9949e-01 -2.2800e+00 +1.7887e+00 -4.0123e+00 -2.2161e+00 +1.2877e+00
475 0 +6.977855966e+01 +3.502855966e+01 +3.502855966e+01 +1.6998e+00 +3.2737e+00 -1.5839e+00 +8.7281e-01 -1.1380e+00 -2.3241e+00 +1.7717e+00 -3.9845e+00 -2.2507e+00 +1.2721e+00
637 0 +6.116025289e+01 +2.641025289e+01 +2.641025289e+01 +1.5542e+00 +2.5639e+00 -1.5627e+00 +6.9088e-01 -9.6647e-01 -2.2157e+00 +1.9620e+00 -3.9971e+00 -2.4788e+00 +1.0315e+00
711 0 +6.005634792e+01 +2.530634792e+01 +2.530634792e+01 +1.6171e+00 +2.5638e+00 -1.5572e+00 +7.3528e-01 -9.5799e-01 -2.1747e+00 +1.9360e+00 -3.9984e+00 -2.5223e+00 +1.0083e+00
761 0 +5.854451146e+01 +2.379451146e+01 +2.379451146e+01 +1.6037e+00 +2.5998e+00 -1.5532e+00 +7.0771e-01 -9.7017e-01 -2.1711e+00 +1.9569e+00 -3.9877e+00 -2.5499e+00 +1.0170e+00
823 0 +5.661539798e+01 +2.186539798e+01 +2.186539798e+01 +1.5776e+00 +2.5647e+00 -1.5454e+00 +6.9913e-01 -9.3791e-01 -2.1755e+00 +1.9453e+00 -3.9713e+00 -2.5352e+00 +1.0105e+00
862 0 +5.608946693e+01 +2.133946693e+01 +2.133946693e+01 +1.5468e+00 +2.5319e+00 -1.5852e+00 +6.8202e-01 -9.5579e-01 -2.1749e+00 +1.9092e+00 -3.9753e+00 -2.5300e+00 +1.0148e+00
903 0 +5.494754956e+01 +2.019754956e+01 +2.019754956e+01 +1.5312e+00 +2.5431e+00 -1.5761e+00 +6.7835e-01 -9.0223e-01 -2.1891e+00 +1.8990e+00 -3.9744e+00 -2.5189e+00 +1.0270e+00
1003 0 +5.350712149e+01 +1.875712149e+01 +1.875712149e+01 +1.5119e+00 +2.5417e+00 -1.5683e+00 +6.9766e-01 -8.7855e-01 -2.2172e+00 +1.9110e+00 -4.0003e+00 -2.5365e+00 +1.0416e+00
1121 0 +5.241691585e+01 +1.766691585e+01 +1.766691585e+01 +1.4809e+00 +2.5342e+00 -1.5805e+00 +7.0277e-01 -8.4903e-01 -2.2217e+00 +1.8973e+00 -4.0036e+00 -2.5323e+00 +1.0438e+00
% f evaluations | g evaluations | best noise-free fitness - Fopt (-1.000000000000e+03) + sum g_i+ | measured fitness | best measured fitness or single-digit g-values | x1 | x2...
1 0 +3.064735575e+02 -6.935264425e+02 -6.935264425e+02 +0.0000e+00 +0.0000e+00 +0.0000e+00 +0.0000e+00 +0.0000e+00 +0.0000e+00 +0.0000e+00 +0.0000e+00 +0.0000e+00 +0.0000e+00
4 0 +2.809377434e+02 -7.190622566e+02 -7.190622566e+02 +2.1661e-01 -2.7248e-01 -1.4933e-01 +1.8171e-01 -5.0930e-01 +2.3317e-01 -2.5183e-01 -1.2653e-01 +4.3300e-01 -1.9345e-02
6 0 +2.299573711e+02 -7.700426289e+02 -7.700426289e+02 +1.8723e-01 -2.5702e-01 +1.5212e-01 +1.5671e-02 +5.1476e-01 -6.3323e-02 +3.7553e-01 -3.4671e-01 +9.3874e-02 -2.1343e-01
75 0 +2.252790186e+02 -7.747209814e+02 -7.747209814e+02 +7.9805e-01 -1.2536e-01 +2.2688e-01 -5.1662e-01 -4.7772e-01 +3.9912e-01 -1.5755e-01 +6.8428e-01 +4.4499e-01 +4.4535e-02
83 0 +2.219440156e+02 -7.780559844e+02 -7.780559844e+02 +6.0649e-01 -3.7565e-01 +3.4735e-01 -1.1203e+00 -4.5439e-01 +1.7905e-01 -3.2570e-01 +1.7383e-01 +6.8865e-01 -2.6522e-01
94 0 +2.030009492e+02 -7.969990508e+02 -7.969990508e+02 +9.1635e-01 -4.1219e-01 +2.5487e-01 -6.1343e-01 -4.0106e-01 +2.6002e-01 +1.7231e-01 +5.8591e-01 +6.0148e-01 -7.2432e-01
112 0 +1.800379422e+02 -8.199620578e+02 -8.199620578e+02 +4.4288e-01 -4.7517e-01 +3.2432e-01 -9.2181e-01 -2.5814e-02 +1.0379e-01 +3.3203e-01 +9.4513e-01 +1.0273e+00 -5.2219e-01
142 0 +1.736152337e+02 -8.263847663e+02 -8.263847663e+02 +4.3563e-01 -3.0974e-01 +6.6467e-01 -5.2384e-01 -4.0546e-01 +3.1955e-01 -1.1973e-01 +1.7159e+00 +1.4067e+00 -4.8252e-01
154 0 +1.637656832e+02 -8.362343168e+02 -8.362343168e+02 +2.7779e-01 -5.3368e-01 +4.1794e-01 -5.3795e-01 -1.0700e-01 -5.7567e-02 -1.6343e-01 +9.5729e-01 +6.0839e-01 -4.9490e-01
206 0 +1.537173471e+02 -8.462826529e+02 -8.462826529e+02 -3.4233e-01 -5.0745e-01 +3.8996e-01 -1.3797e+00 +1.3639e-01 -2.7732e-01 +3.8684e-01 +1.2197e+00 +1.1572e+00 -5.5417e-01
231 0 +1.506685119e+02 -8.493314881e+02 -8.493314881e+02 +4.9034e-02 -5.0973e-01 +6.3930e-01 -1.1130e+00 +2.4479e-01 -3.9394e-01 +6.2707e-01 +1.5198e+00 +1.1140e+00 -5.7718e-01
275 0 +1.349738929e+02 -8.650261071e+02 -8.650261071e+02 -3.0785e-01 -7.7991e-01 +4.8811e-01 -1.9671e+00 +3.7108e-01 -5.2128e-01 +4.9426e-01 +1.5938e+00 +1.2313e+00 -8.2423e-01
288 0 +1.326183117e+02 -8.673816883e+02 -8.673816883e+02 -4.1815e-01 -5.7988e-01 +4.3567e-01 -1.9619e+00 +4.4344e-01 -4.1605e-01 +9.2447e-01 +1.3419e+00 +1.3062e+00 -7.2542e-01
340 0 +1.276185242e+02 -8.723814758e+02 -8.723814758e+02 -8.5178e-01 -7.9919e-01 +3.3281e-02 -2.1139e+00 +3.9479e-01 -4.5510e-01 +1.2233e+00 +1.3577e+00 +1.4702e+00 -6.7458e-01
351 0 +1.215510260e+02 -8.784489740e+02 -8.784489740e+02 -9.1570e-01 -5.8143e-01 +6.4429e-02 -2.2045e+00 +5.3541e-01 -5.0063e-01 +1.1683e+00 +1.2672e+00 +1.1727e+00 -5.5030e-01
424 0 +1.118468735e+02 -8.881531265e+02 -8.881531265e+02 -1.2895e+00 -4.5429e-01 -1.6756e-01 -2.7059e+00 +4.1388e-01 -6.1791e-01 +1.4734e+00 +1.5163e+00 +1.6071e+00 -7.5686e-01
471 0 +1.065000909e+02 -8.934999091e+02 -8.934999091e+02 -1.2517e+00 -6.4800e-01 -2.2184e-02 -2.8182e+00 +3.4751e-01 -4.1897e-01 +1.5743e+00 +1.5956e+00 +1.6521e+00 -7.8423e-01
481 0 +1.037802062e+02 -8.962197938e+02 -8.962197938e+02 -1.3424e+00 -6.7903e-01 -7.7525e-02 -2.9445e+00 +3.8895e-01 -4.1182e-01 +1.6253e+00 +1.4586e+00 +1.5440e+00 -7.7331e-01
626 0 +1.007419968e+02 -8.992580032e+02 -8.992580032e+02 -1.4095e+00 -7.9485e-01 -3.6609e-02 -2.9482e+00 +4.0696e-01 -3.8235e-01 +1.5150e+00 +1.5543e+00 +1.5632e+00 -7.9973e-01
631 0 +9.953072662e+01 -9.004692734e+02 -9.004692734e+02 -1.4420e+00 -7.4404e-01 -9.7649e-02 -2.9807e+00 +4.2750e-01 -4.7503e-01 +1.5806e+00 +1.6136e+00 +1.6255e+00 -7.9487e-01
659 0 +9.498506195e+01 -9.050149381e+02 -9.050149381e+02 -1.5200e+00 -7.5588e-01 -1.3857e-01 -3.0268e+00 +3.5770e-01 -4.4089e-01 +1.6219e+00 +1.6050e+00 +1.6727e+00 -7.4528e-01
672 0 +9.141733122e+01 -9.085826688e+02 -9.085826688e+02 -1.4321e+00 -7.0996e-01 -9.4569e-02 -2.9386e+00 +3.8561e-01 -4.1019e-01 +1.6019e+00 +1.6125e+00 +1.6877e+00 -7.2126e-01
682 0 +8.999922914e+01 -9.100007709e+02 -9.100007709e+02 -1.3867e+00 -8.1113e-01 -4.8021e-02 -2.8867e+00 +3.3830e-01 -3.8240e-01 +1.5975e+00 +1.5574e+00 +1.6395e+00 -7.2778e-01
684 0 +8.683245328e+01 -9.131675467e+02 -9.131675467e+02 -1.4833e+00 -8.0654e-01 -1.4653e-01 -2.9517e+00 +3.5072e-01 -3.7275e-01 +1.5808e+00 +1.5273e+00 +1.6840e+00 -7.1066e-01
705 0 +8.289096375e+01 -9.171090362e+02 -9.171090362e+02 -1.4351e+00 -7.9648e-01 -6.6909e-02 -3.0094e+00 +3.9663e-01 -3.6033e-01 +1.6531e+00 +1.5766e+00 +1.6553e+00 -7.4344e-01
725 0 +8.091801752e+01 -9.190819825e+02 -9.190819825e+02 -1.4251e+00 -7.6770e-01 -3.8876e-02 -2.9561e+00 +4.2304e-01 -3.3856e-01 +1.5851e+00 +1.5450e+00 +1.6972e+00 -7.1885e-01
752 0 +7.646068852e+01 -9.235393115e+02 -9.235393115e+02 -1.4338e+00 -7.5868e-01 -1.1051e-01 -3.0167e+00 +4.3679e-01 -3.6417e-01 +1.5851e+00 +1.5408e+00 +1.6391e+00 -6.7996e-01
788 0 +7.570375969e+01 -9.242962403e+02 -9.242962403e+02 -1.4051e+00 -7.8930e-01 -8.3494e-02 -3.0147e+00 +4.5533e-01 -3.4109e-01 +1.5191e+00 +1.5743e+00 +1.6302e+00 -6.7347e-01
823 0 +7.386299155e+01 -9.261370084e+02 -9.261370084e+02 -1.4058e+00 -8.2217e-01 -5.9344e-02 -3.0319e+00 +4.7884e-01 -3.4976e-01 +1.5575e+00 +1.5786e+00 +1.6545e+00 -6.8215e-01
871 0 +7.238648684e+01 -9.276135132e+02 -9.276135132e+02 -1.4155e+00 -8.1289e-01 -9.6311e-02 -3.0449e+00 +4.5542e-01 -3.5098e-01 +1.5480e+00 +1.5905e+00 +1.6618e+00 -6.5858e-01
1161 0 +7.079402856e+01 -9.292059714e+02 -9.292059714e+02 -1.3987e+00 -8.0323e-01 -9.2610e-02 -3.0470e+00 +4.7008e-01 -3.5271e-01 +1.5751e+00 +1.5551e+00 +1.6516e+00 -6.3408e-01
% f evaluations | g evaluations | best noise-free fitness - Fopt (-9.247000000000e+01) + sum g_i+ | measured fitness | best measured fitness or single-digit g-values | x1 | x2...
1 0 +3.754195373e+02 +2.829495373e+02 +2.829495373e+02 +0.0000e+00 +0.0000e+00 +0.0000e+00 +0.0000e+00 +0.0000e+00 +0.0000e+00 +0.0000e+00 +0.0000e+00 +0.0000e+00 +0.0000e+00
2 0 +3.499685863e+02 +2.574985863e+02 +2.574985863e+02 +4.3379e-01 +3.0692e-02 +9.8026e-02 +3.4094e-01 +2.4727e-01 +1.7369e-01 -1.1375e-01 -3.0566e-01 +1.1285e-01 -1.5359e-01
8 0 +3.137696325e+02 +2.212996325e+02 +2.212996325e+02 +6.0234e-01 +2.6527e-01 +2.8700e-01 -7.0577e-01 +5.2611e-01 +2.0125e-02 -3.9010e-01 +9.9670e-02 +3.8961e-01 -4.6269e-01
9 0 +3.023264034e+02 +2.098564034e+02 +2.098564034e+02 +3.2075e-01 -8.8256e-02 -1.5931e-01 -1.1698e-01 -2.3584e-01 +6.5800e-02 +8.0156e-02 +3.1223e-01 +4.1734e-01 -8.7755e-02
15 0 +2.493428362e+02 +1.568728362e+02 +1.568728362e+02 +8.3940e-01 -4.4440e-01 +2.3292e-01 -4.8951e-01 -2.2321e-01 +1.4972e-01 +5.9556e-02 +4.4270e-01 +3.2665e-02 +3.7178e-02
42 0 +2.403780509e+02 +1.479080509e+02 +1.479080509e+02 +1.2900e+00 -1.4900e-01 +4.6320e-01 -1.9502e-01 -3.3629e-01 -4.5934e-01 -2.4743e-01 -3.3192e-01 +7.1314e-01 +9.5181e-02
45 0 +2.284403079e+02 +1.359703079e+02 +1.359703079e+02 +1.2081e+00 -2.5024e-01 +3.4482e-01 -3.4164e-01 -3.4562e-01 -4.2970e-01 -1.0038e-01 -5.0371e-02 +6.2051e-01 -6.1515e-02
52 0 +2.072508086e+02 +1.147808086e+02 +1.147808086e+02 +1.5935e+00 -3.8116e-01 +4.0550e-01 -5.7331e-01 -5.1684e-01 -7.0076e-01 +6.2748e-02 -1.6813e-01 +4.4285e-01 +5.2273e-02
55 0 +1.748625026e+02 +8.239250258e+01 +8.239250258e+01 +1.2888e+00 -3.4731e-01 +2.0932e-01 -9.7257e-02 -6.7312e-01 -3.6511e-01 -2.9562e-01 -1.0229e-01 +7.9903e-01 -2.3793e-01
88 0 +1.579635459e+02 +6.549354592e+01 +6.549354592e+01 +2.5560e+00 +1.8118e-01 +3.2622e-02 -2.2814e-01 -4.9974e-01 -9.3441e-01 -1.8774e-01 +1.0818e+00 +1.0552e+00 +5.7188e-01
108 0 +1.337364490e+02 +4.126644904e+01 +4.126644904e+01 +1.9527e+00 -2.3692e-01 +7.5616e-01 -3.9072e-01 -1.2331e+00 -1.3246e+00 -1.5735e-01 -4.6963e-02 +9.4845e-01 +9.8797e-01
134 0 +1.267920798e+02 +3.432207981e+01 +3.432207981e+01 +3.2768e+00 +5.9418e-01 +6.7525e-01 +6.6564e-02 -1.6669e+00 -1.5625e+00 -8.7096e-01 +7.2611e-01 +1.3608e+00 +1.6143e+00
138 0 +9.191496364e+01 -5.550363581e-01 -5.550363581e-01 +2.7442e+00 +2.0634e-03 +1.3835e+00 +7.3067e-01 -1.1140e+00 -1.6745e+00 -5.8505e-01 +1.5294e-01 +1.7115e+00 +2.1302e+00
147 0 +7.492872587e+01 -1.754127413e+01 -1.754127413e+01 +2.3745e+00 +2.7236e-01 +1.4510e+00 +1.3811e-01 -1.3190e+00 -1.8701e+00 -6.6985e-01 +6.6750e-01 +1.8342e+00 +1.4583e+00
270 0 +7.037336369e+01 -2.209663631e+01 -2.209663631e+01 +1.7938e+00 +8.3461e-01 +2.8428e+00 +3.8352e-01 +1.1100e-01 -2.4917e+00 +4.1797e-01 +1.4427e+00 +1.8178e+00 +1.1402e+00
301 0 +6.723239234e+01 -2.523760766e+01 -2.523760766e+01 +2.2332e+00 +3.4790e-01 +3.0078e+00 -8.2222e-02 -8.2231e-02 -2.2145e+00 +6.9539e-01 +7.2835e-01 +1.5842e+00 +1.3949e+00
539 0 +6.144673771e+01 -3.102326229e+01 -3.102326229e+01 +2.9895e+00 +5.5887e-01 +2.6606e+00 +2.8163e-01 -7.6535e-01 -2.3583e+00 +9.5564e-01 +1.3332e+00 +1.9771e+00 +1.3392e+00
560 0 +5.882187401e+01 -3.364812599e+01 -3.364812599e+01 +3.0603e+00 +6.7638e-01 +2.4861e+00 +4.9261e-01 -8.4642e-01 -2.0851e+00 +1.0383e+00 +1.1821e+00 +1.9404e+00 +1.2026e+00
593 0 +5.464327079e+01 -3.782672921e+01 -3.782672921e+01 +2.8747e+00 +6.7392e-01 +2.5634e+00 +4.9266e-01 -7.9033e-01 -2.2359e+00 +1.0275e+00 +1.2090e+00 +1.9388e+00 +1.1726e+00
601 0 +5.131756346e+01 -4.115243654e+01 -4.115243654e+01 +3.0002e+00 +6.2374e-01 +2.5777e+00 +4.6407e-01 -9.1217e-01 -2.2446e+00 +9.4232e-01 +1.1723e+00 +2.0146e+00 +1.1817e+00
636 0 +4.718836741e+01 -4.528163259e+01 -4.528163259e+01 +2.9360e+00 +7.1560e-01 +2.5461e+00 +4.1484e-01 -8.9251e-01 -2.2024e+00 +9.4751e-01 +1.1650e+00 +1.9192e+00 +1.2332e+00
709 0 +4.547701228e+01 -4.699298772e+01 -4.699298772e+01 +3.0251e+00 +6.8453e-01 +2.5742e+00 +5.1616e-01 -8.9661e-01 -2.1497e+00 +9.5687e-01 +1.2140e+00 +1.9251e+00 +1.1896e+00
710 0 +4.346200416e+01 -4.900799584e+01 -4.900799584e+01 +2.9940e+00 +7.2199e-01 +2.5907e+00 +4.7372e-01 -9.2982e-01 -2.1623e+00 +9.3484e-01 +1.1769e+00 +1.9366e+00 +1.2149e+00
741 0 +4.132714927e+01 -5.114285073e+01 -5.114285073e+01 +3.0205e+00 +7.2183e-01 +2.5529e+00 +4.6808e-01 -9.3352e-01 -2.1337e+00 +9.3468e-01 +1.2167e+00 +1.9308e+00 +1.2030e+00
788 0 +4.008719138e+01 -5.238280862e+01 -5.238280862e+01 +3.0093e+00 +7.2497e-01 +2.5389e+00 +4.1796e-01 -9.0134e-01 -2.1382e+00 +8.8506e-01 +1.2368e+00 +1.9021e+00 +1.2452e+00
824 0 +3.956952201e+01 -5.290047799e+01 -5.290047799e+01 +3.0416e+00 +7.1618e-01 +2.5551e+00 +4.6352e-01 -9.4642e-01 -2.1336e+00 +8.6971e-01 +1.2352e+00 +1.9611e+00 +1.2140e+00
861 0 +3.849306563e+01 -5.397693437e+01 -5.397693437e+01 +3.0362e+00 +7.1808e-01 +2.5467e+00 +4.3874e-01 -9.0931e-01 -2.1332e+00 +8.5484e-01 +1.2470e+00 +1.9392e+00 +1.2280e+00
891 0 +3.794862195e+01 -5.452137805e+01 -5.452137805e+01 +3.0307e+00 +7.0132e-01 +2.5231e+00 +4.4060e-01 -9.1058e-01 -2.1491e+00 +8.5869e-01 +1.2470e+00 +1.9558e+00 +1.2423e+00
1022 0 +3.714398711e+01 -5.532601289e+01 -5.532601289e+01 +3.0089e+00 +7.0750e-01 +2.5178e+00 +4.4603e-01 -9.0310e-01 -2.1461e+00 +8.2745e-01 +1.2443e+00 +1.9792e+00 +1.2568e+00
1426 0 +3.621829256e+01 -5.625170744e+01 -5.625170744e+01 +3.0073e+00 +7.0378e-01 +2.5243e+00 +4.5905e-01 -9.0637e-01 -2.1227e+00 +8.0034e-01 +1.2270e+00 +2.0280e+00 +1.2594e+00
1532 0 +3.536787816e+01 -5.710212184e+01 -5.710212184e+01 +3.0094e+00 +7.0561e-01 +2.5186e+00 +4.7222e-01 -9.1018e-01 -2.1099e+00 +7.6581e-01 +1.1978e+00 +2.0599e+00 +1.2557e+00
1549 0 +3.455019470e+01 -5.791980530e+01 -5.791980530e+01 +3.0164e+00 +7.1051e-01 +2.5145e+00 +4.7848e-01 -9.2241e-01 -2.1027e+00 +7.4972e-01 +1.1882e+00 +2.0871e+00 +1.2518e+00
1556 0 +3.345581066e+01 -5.901418934e+01 -5.901418934e+01 +2.9999e+00 +7.0187e-01 +2.5049e+00 +4.9290e-01 -9.1642e-01 -2.0861e+00 +7.3272e-01 +1.1730e+00 +2.1266e+00 +1.2487e+00
1565 0 +3.257279354e+01 -5.989720646e+01 -5.989720646e+01 +3.0058e+00 +7.0609e-01 +2.5123e+00 +4.9483e-01 -9.1699e-01 -2.0802e+00 +7.2778e-01 +1.1631e+00 +2.1417e+00 +1.2463e+00
1572 0 +3.226728072e+01 -6.020271928e+01 -6.020271928e+01 +3.0150e+00 +7.1222e-01 +2.5193e+00 +5.0379e-01 -9.3699e-01 -2.0845e+00 +7.3945e-01 +1.1596e+00 +2.1423e+00 +1.2471e+00
1574 0 +3.129474707e+01 -6.117525293e+01 -6.117525293e+01 +2.9957e+00 +6.9683e-01 +2.5151e+00 +4.9906e-01 -9.1953e-01 -2.0708e+00 +7.1597e-01 +1.1320e+00 +2.1752e+00 +1.2451e+00
1585 0 +3.016947766e+01 -6.230052234e+01 -6.230052234e+01 +3.0213e+00 +7.0744e-01 +2.4958e+00 +5.1186e-01 -9.3559e-01 -2.0620e+00 +7.0163e-01 +1.1371e+00 +2.1855e+00 +1.2471e+00
1592 0 +2.904640612e+01 -6.342359388e+01 -6.342359388e+01 +3.0009e+00 +7.0713e-01 +2.5081e+00 +5.0881e-01 -9.2923e-01 -2.0521e+00 +6.9770e-01 +1.1139e+00 +2.2111e+00 +1.2431e+00
1595 0 +2.667144372e+01 -6.579855628e+01 -6.579855628e+01 +3.0147e+00 +6.9860e-01 +2.5002e+00 +5.3493e-01 -9.4358e-01 -2.0238e+00 +6.5691e-01 +1.0650e+00 +2.2739e+00 +1.2383e+00
1636 0 +2.587258900e+01 -6.659741100e+01 -6.659741100e+01 +2.9919e+00 +7.0072e-01 +2.5063e+00 +5.4030e-01 -9.1428e-01 -2.0560e+00 +6.5917e-01 +1.0984e+00 +2.2310e+00 +1.2224e+00
1658 0 +2.559896784e+01 -6.687103216e+01 -6.687103216e+01 +2.9948e+00 +7.1064e-01 +2.5171e+00 +5.1874e-01 -9.2672e-01 -2.0525e+00 +6.5389e-01 +1.0733e+00 +2.2416e+00 +1.2333e+00
1794 0 +2.494602610e+01 -6.752397390e+01 -6.752397390e+01 +3.0106e+00 +7.0623e-01 +2.4958e+00 +5.3328e-01 -9.3759e-01 -2.0345e+00 +6.3512e-01 +1.0703e+00 +2.2560e+00 +1.2350e+00
1906 0 +2.453667927e+01 -6.793332073e+01 -6.793332073e+01 +3.0088e+00 +7.0629e-01 +2.5019e+00 +5.3282e-01 -9.3993e-01 -2.0357e+00 +6.3931e-01 +1.0755e+00 +2.2532e+00 +1.2343e+00
1962 0 +2.388984370e+01 -6.858015630e+01 -6.858015630e+01 +3.0055e+00 +7.0630e-01 +2.5097e+00 +5.3070e-01 -9.4249e-01 -2.0396e+00 +6.3862e-01 +1.0845e+00 +2.2403e+00 +1.2422e+00
2022 0 +2.341318311e+01 -6.905681689e+01 -6.905681689e+01 +3.0025e+00 +7.0642e-01 +2.5159e+00 +5.4294e-01 -9.4665e-01 -2.0383e+00 +6.3451e-01 +1.0811e+00 +2.2522e+00 +1.2409e+00
2068 0 +2.272233427e+01 -6.974766573e+01 -6.974766573e+01 +3.0004e+00 +7.0607e-01 +2.5230e+00 +5.4393e-01 -9.6059e-01 -2.0421e+00 +6.2567e-01 +1.0920e+00 +2.2384e+00 +1.2500e+00
2108 0 +2.224291706e+01 -7.022708294e+01 -7.022708294e+01 +3.0003e+00 +7.0770e-01 +2.5250e+00 +5.5164e-01 -9.6370e-01 -2.0331e+00 +6.1333e-01 +1.0846e+00 +2.2426e+00 +1.2487e+00
2201 0 +2.180975663e+01 -7.066024337e+01 -7.066024337e+01 +2.9944e+00 +7.0668e-01 +2.5260e+00 +5.4831e-01 -9.6562e-01 -2.0302e+00 +6.1570e-01 +1.0921e+00 +2.2377e+00 +1.2449e+00
2291 0 +2.136388979e+01 -7.110611021e+01 -7.110611021e+01 +2.9899e+00 +7.0419e-01 +2.5308e+00 +5.5367e-01 -9.6713e-01 -2.0304e+00 +6.0795e-01 +1.0995e+00 +2.2263e+00 +1.2412e+00
2400 0 +2.089007612e+01 -7.157992388e+01 -7.157992388e+01 +2.9903e+00 +6.9798e-01 +2.5328e+00 +5.6010e-01 -9.6777e-01 -2.0222e+00 +5.9820e-01 +1.0947e+00 +2.2268e+00 +1.2356e+00
2485 0 +2.038673008e+01 -7.208326992e+01 -7.208326992e+01 +2.9992e+00 +6.9303e-01 +2.5429e+00 +5.6885e-01 -9.7127e-01 -2.0183e+00 +6.0687e-01 +1.1059e+00 +2.2107e+00 +1.2310e+00
2820 0 +1.995244242e+01 -7.251755758e+01 -7.251755758e+01 +3.0139e+00 +6.8811e-01 +2.5460e+00 +5.7995e-01 -9.8769e-01 -2.0040e+00 +6.0744e-01 +1.0975e+00 +2.2076e+00 +1.2318e+00
% f evaluations | g evaluations | best noise-free fitness - Fopt (-2.153000000000e+02) + sum g_i+ | measured fitness | best measured fitness or single-digit g-values | x1 | x2...
1 0 +5.117247593e+02 +2.964247593e+02 +2.964247593e+02 +0.0000e+00 +0.0000e+00 +0.0000e+00 +0.0000e+00 +0.0000e+00 +0.0000e+00 +0.0000e+00 +0.0000e+00 +0.0000e+00 +0.0000e+00
2 0 +5.100289276e+02 +2.947289276e+02 +2.947289276e+02 +4.3379e-01 +3.0692e-02 +9.8026e-02 +3.4094e-01 +2.4727e-01 +1.7369e-01 -1.1375e-01 -3.0566e-01 +1.1285e-01 -1.5359e-01
3 0 +4.930418909e+02 +2.777418909e+02 +2.777418909e+02 +2.4817e-01 +6.3376e-02 -2.2359e-01 +8.0318e-02 +2.1275e-01 +5.3256e-02 -2.3477e-01 +7.8699e-02 +1.0710e-01 +2.4729e-01
6 0 +4.561294567e+02 +2.408294567e+02 +2.408294567e+02 +1.8723e-01 -2.5702e-01 +1.5212e-01 +1.5671e-02 +5.1476e-01 -6.3323e-02 +3.7553e-01 -3.4671e-01 +9.3874e-02 -2.1343e-01
11 0 +4.463995538e+02 +2.310995538e+02 +2.310995538e+02 +1.9363e-01 +7.6806e-02 -1.9855e-02 -1.6280e-01 +2.6076e-01 +3.2209e-02 -4.1514e-02 -2.0444e-01 +2.0024e-01 -1.5291e-01
16 0 +3.650158571e+02 +1.497158571e+02 +1.497158571e+02 +3.7030e-01 +7.7562e-02 -2.6686e-01 -1.6783e-01 +1.2305e+00 -2.1542e-01 -9.2076e-02 -4.5277e-01 +5.8377e-01 +3.1492e-01
30 0 +3.533126364e+02 +1.380126364e+02 +1.380126364e+02 -1.6396e-01 -1.9669e-01 +1.8948e-02 -2.2477e-01 +6.0350e-01 -3.8062e-01 -2.9395e-02 -5.9052e-01 +5.3380e-01 +1.2185e-01
42 0 +3.442020778e+02 +1.289020778e+02 +1.289020778e+02 +3.5801e-01 -1.3520e-01 +1.6487e-01 -3.9086e-02 +3.6381e-01 -5.1958e-01 -5.1269e-01 -1.9235e-01 +3.6417e-01 +3.0033e-01
48 0 +3.208104669e+02 +1.055104669e+02 +1.055104669e+02 +8.7026e-02 -3.4534e-01 +6.9552e-02 -1.2518e-01 +5.6421e-01 -2.6065e-01 -2.7842e-01 +8.9920e-02 +3.3512e-01 +1.4286e-01
56 0 +3.140724725e+02 +9.877247255e+01 +9.877247255e+01 +1.6670e-01 +5.9911e-02 +2.5226e-01 -5.1685e-02 +9.1973e-01 -1.8275e-01 -4.1968e-01 -8.7436e-02 +2.8065e-01 +4.8274e-01
57 0 +2.973324831e+02 +8.203248306e+01 +8.203248306e+01 +9.0694e-02 -6.5242e-02 -2.4935e-01 -2.0118e-01 +8.3422e-01 -2.7888e-01 -6.2835e-01 +1.3140e-01 +3.8848e-01 +3.2394e-01
76 0 +2.585586664e+02 +4.325866635e+01 +4.325866635e+01 -1.3722e-01 +3.7607e-01 -1.7440e-01 +4.4845e-01 +8.8944e-01 -4.0488e-01 -5.7051e-01 -1.2915e-01 +6.3589e-01 +6.8160e-01
88 0 +2.168803738e+02 +1.580373848e+00 +1.580373848e+00 +3.7662e-01 +2.1197e-01 -3.8357e-01 +4.7018e-01 +1.1504e+00 -8.1410e-01 -1.1892e+00 +9.4625e-01 +5.9699e-01 +8.0931e-01
107 0 +2.132180607e+02 -2.081939327e+00 -2.081939327e+00 -7.1653e-02 +4.0398e-01 -2.1059e-01 +2.7015e-01 +1.0746e+00 -5.4236e-01 -1.1545e+00 +2.6704e-01 +1.0555e+00 +8.9654e-01
115 0 +1.966824394e+02 -1.861756063e+01 -1.861756063e+01 -4.7627e-01 +5.0474e-01 -1.9185e-01 -1.3916e-01 +7.6576e-01 -7.5042e-01 -7.9123e-01 +1.4782e-01 +9.1554e-01 +7.6609e-01
128 0 +1.803153935e+02 -3.498460649e+01 -3.498460649e+01 -2.3603e-01 +1.1942e-01 -1.9148e-01 -2.4569e-01 +9.1443e-01 -1.2571e+00 -8.5247e-01 -1.9457e-01 +8.2975e-01 +9.1010e-01
151 0 +1.694983278e+02 -4.580167222e+01 -4.580167222e+01 -6.3011e-01 +2.3394e-01 +1.5341e-02 -1.9790e-01 +8.5731e-01 -1.2538e+00 -7.2058e-01 +7.7885e-01 +8.7284e-01 +8.5676e-01
157 0 +1.542952392e+02 -6.100476081e+01 -6.100476081e+01 -9.5706e-01 +4.7305e-01 +1.7173e-02 -1.7750e-02 +1.1280e+00 -1.5850e+00 -1.2148e-01 +1.2889e+00 +8.3778e-01 +6.3505e-01
158 0 +1.324705706e+02 -8.282942937e+01 -8.282942937e+01 -8.4298e-01 +3.8417e-01 -1.4450e-01 -1.4391e-01 +1.3971e+00 -1.3663e+00 -8.7671e-01 +9.1899e-01 +1.0308e+00 +6.5989e-01
168 0 +1.072965240e+02 -1.080034760e+02 -1.080034760e+02 -1.2427e+00 -4.8735e-02 +6.1546e-02 -4.5976e-01 +1.6497e+00 -2.1858e+00 -8.2578e-01 +1.2765e+00 +3.8044e-01 +1.1704e+00
186 0 +1.025942483e+02 -1.127057517e+02 -1.127057517e+02 -1.5690e+00 +2.9263e-01 -1.4181e-01 -1.1168e+00 +1.8344e+00 -2.4706e+00 -6.5617e-01 +1.2039e+00 +1.7086e+00 +7.8674e-01
190 0 +9.593965064e+01 -1.193603494e+02 -1.193603494e+02 -9.7492e-01 +5.9151e-01 +1.2779e-01 -1.6548e-01 +1.5752e+00 -1.8759e+00 -3.2016e-01 +8.7441e-01 +1.3726e+00 +7.1812e-01
365 0 +8.460569684e+01 -1.306943032e+02 -1.306943032e+02 -1.1392e+00 +1.1425e+00 -8.2473e-01 -1.2353e+00 +3.1157e+00 -2.3504e+00 -1.5206e+00 +7.0019e-01 +1.6439e+00 +1.7910e+00
556 0 +8.277640188e+01 -1.325235981e+02 -1.325235981e+02 -1.3034e+00 +1.1983e+00 -6.5381e-01 -1.9353e-01 +2.9033e+00 -2.1855e+00 -1.0090e+00 +1.5255e+00 +1.6992e+00 +1.7230e+00
567 0 +8.076390149e+01 -1.345360985e+02 -1.345360985e+02 -1.5258e+00 +1.1418e+00 -5.0593e-01 -2.4264e-01 +2.6954e+00 -2.0500e+00 -8.6968e-01 +1.8526e+00 +1.2285e+00 +1.4052e+00
599 0 +7.539776829e+01 -1.399022317e+02 -1.399022317e+02 -1.6817e+00 +1.4022e+00 -4.9777e-01 -7.1784e-02 +2.4483e+00 -1.9598e+00 -9.0672e-01 +1.5507e+00 +1.4910e+00 +1.3399e+00
691 0 +7.116609375e+01 -1.441339063e+02 -1.441339063e+02 -1.7521e+00 +1.2806e+00 -5.7029e-01 -3.4764e-01 +2.6634e+00 -1.8433e+00 -6.3513e-01 +1.4460e+00 +1.3655e+00 +1.5754e+00
701 0 +6.903601322e+01 -1.462639868e+02 -1.462639868e+02 -1.6543e+00 +1.3228e+00 -5.5395e-01 -2.5553e-01 +2.6931e+00 -1.8011e+00 -6.3967e-01 +1.4713e+00 +1.2666e+00 +1.6174e+00
804 0 +5.746989067e+01 -1.578301093e+02 -1.578301093e+02 -1.8147e+00 +1.2885e+00 -5.0669e-01 -4.9649e-01 +2.6579e+00 -1.7085e+00 -5.8781e-01 +1.4502e+00 +1.2792e+00 +1.7345e+00
811 0 +5.287161827e+01 -1.624283817e+02 -1.624283817e+02 -1.7817e+00 +1.2923e+00 -4.6431e-01 -3.7912e-01 +2.6025e+00 -1.8087e+00 -6.2717e-01 +1.5140e+00 +1.2837e+00 +1.7417e+00
887 0 +5.228553518e+01 -1.630144648e+02 -1.630144648e+02 -1.7847e+00 +1.3085e+00 -4.7829e-01 -4.1207e-01 +2.6317e+00 -1.8331e+00 -6.7401e-01 +1.4953e+00 +1.3238e+00 +1.7178e+00
920 0 +5.021957400e+01 -1.650804260e+02 -1.650804260e+02 -1.7425e+00 +1.3270e+00 -4.9473e-01 -3.7687e-01 +2.6378e+00 -1.7927e+00 -6.4350e-01 +1.5136e+00 +1.3508e+00 +1.7237e+00
921 0 +4.885905446e+01 -1.664409455e+02 -1.664409455e+02 -1.7439e+00 +1.3085e+00 -4.9555e-01 -3.9231e-01 +2.6433e+00 -1.8062e+00 -6.6166e-01 +1.4812e+00 +1.3590e+00 +1.7294e+00
935 0 +4.623188353e+01 -1.690681165e+02 -1.690681165e+02 -1.7079e+00 +1.3322e+00 -5.0817e-01 -3.7903e-01 +2.6703e+00 -1.7479e+00 -6.1547e-01 +1.4678e+00 +1.3356e+00 +1.7515e+00
960 0 +4.537080281e+01 -1.699291972e+02 -1.699291972e+02 -1.7157e+00 +1.2689e+00 -4.9415e-01 -3.8552e-01 +2.6320e+00 -1.7315e+00 -6.0315e-01 +1.4243e+00 +1.3174e+00 +1.7970e+00
971 0 +4.393612036e+01 -1.713638796e+02 -1.713638796e+02 -1.7543e+00 +1.2752e+00 -4.9128e-01 -4.1422e-01 +2.6244e+00 -1.7992e+00 -6.2300e-01 +1.4412e+00 +1.3403e+00 +1.7479e+00
977 0 +4.312501021e+01 -1.721749898e+02 -1.721749898e+02 -1.7309e+00 +1.2696e+00 -4.9407e-01 -4.0218e-01 +2.6047e+00 -1.7913e+00 -5.9935e-01 +1.4531e+00 +1.3236e+00 +1.7378e+00
991 0 +4.176989699e+01 -1.735301030e+02 -1.735301030e+02 -1.7411e+00 +1.2515e+00 -4.8756e-01 -4.2272e-01 +2.5970e+00 -1.8038e+00 -6.0247e-01 +1.4376e+00 +1.3376e+00 +1.7465e+00
1018 0 +4.071883408e+01 -1.745811659e+02 -1.745811659e+02 -1.7665e+00 +1.2101e+00 -4.8419e-01 -4.7219e-01 +2.5891e+00 -1.8081e+00 -6.0211e-01 +1.4052e+00 +1.3416e+00 +1.7261e+00
1175 0 +3.972014353e+01 -1.755798565e+02 -1.755798565e+02 -1.7287e+00 +1.1832e+00 -4.7175e-01 -4.4098e-01 +2.5861e+00 -1.8241e+00 -5.9646e-01 +1.4286e+00 +1.3111e+00 +1.7209e+00
1206 0 +3.851290932e+01 -1.767870907e+02 -1.767870907e+02 -1.7340e+00 +1.1753e+00 -4.5681e-01 -4.5150e-01 +2.5735e+00 -1.8456e+00 -5.7962e-01 +1.4160e+00 +1.3191e+00 +1.7244e+00
1224 0 +3.801542497e+01 -1.772845750e+02 -1.772845750e+02 -1.7304e+00 +1.1864e+00 -4.4752e-01 -4.5086e-01 +2.5964e+00 -1.8349e+00 -5.8527e-01 +1.4210e+00 +1.2993e+00 +1.7327e+00
1260 0 +3.712647791e+01 -1.781735221e+02 -1.781735221e+02 -1.7329e+00 +1.1719e+00 -4.4329e-01 -4.7071e-01 +2.5837e+00 -1.8443e+00 -5.8028e-01 +1.4260e+00 +1.2979e+00 +1.7167e+00
1281 0 +3.589512765e+01 -1.794048723e+02 -1.794048723e+02 -1.7253e+00 +1.1708e+00 -4.2750e-01 -4.6843e-01 +2.5782e+00 -1.8449e+00 -5.7693e-01 +1.4467e+00 +1.2904e+00 +1.7017e+00
1290 0 +3.456923879e+01 -1.807307612e+02 -1.807307612e+02 -1.7595e+00 +1.1456e+00 -4.1007e-01 -4.8421e-01 +2.5667e+00 -1.8302e+00 -5.5386e-01 +1.4356e+00 +1.2753e+00 +1.7131e+00
1334 0 +3.387009998e+01 -1.814299000e+02 -1.814299000e+02 -1.7338e+00 +1.1326e+00 -3.8872e-01 -5.0110e-01 +2.5570e+00 -1.8646e+00 -5.5774e-01 +1.4478e+00 +1.2860e+00 +1.6953e+00
1404 0 +3.216202326e+01 -1.831379767e+02 -1.831379767e+02 -1.7178e+00 +1.1322e+00 -3.7552e-01 -4.9855e-01 +2.5728e+00 -1.8425e+00 -5.6258e-01 +1.4582e+00 +1.2949e+00 +1.7035e+00
1441 0 +3.142658504e+01 -1.838734150e+02 -1.838734150e+02 -1.7182e+00 +1.1303e+00 -3.6792e-01 -5.1026e-01 +2.5733e+00 -1.8516e+00 -5.6496e-01 +1.4377e+00 +1.2897e+00 +1.6966e+00
1457 0 +3.052575372e+01 -1.847742463e+02 -1.847742463e+02 -1.7127e+00 +1.1146e+00 -3.4571e-01 -5.2545e-01 +2.5797e+00 -1.8347e+00 -5.5799e-01 +1.4490e+00 +1.2822e+00 +1.6956e+00
1496 0 +3.010720942e+01 -1.851927906e+02 -1.851927906e+02 -1.7069e+00 +1.1278e+00 -3.4782e-01 -4.9686e-01 +2.5862e+00 -1.8398e+00 -5.6751e-01 +1.4552e+00 +1.2742e+00 +1.7050e+00
1509 0 +2.949828080e+01 -1.858017192e+02 -1.858017192e+02 -1.7301e+00 +1.1395e+00 -3.4081e-01 -5.0144e-01 +2.5974e+00 -1.8356e+00 -5.5804e-01 +1.4653e+00 +1.2703e+00 +1.6974e+00
1571 0 +2.881837200e+01 -1.864816280e+02 -1.864816280e+02 -1.7335e+00 +1.1463e+00 -3.3126e-01 -5.0490e-01 +2.6057e+00 -1.8274e+00 -5.7179e-01 +1.4663e+00 +1.2721e+00 +1.6961e+00
1631 0 +2.813662398e+01 -1.871633760e+02 -1.871633760e+02 -1.7212e+00 +1.1351e+00 -3.2232e-01 -5.0153e-01 +2.6168e+00 -1.8101e+00 -5.6121e-01 +1.4645e+00 +1.2785e+00 +1.6925e+00
1717 0 +2.753997512e+01 -1.877600249e+02 -1.877600249e+02 -1.7061e+00 +1.1445e+00 -2.9803e-01 -4.9029e-01 +2.6324e+00 -1.8102e+00 -5.7416e-01 +1.4744e+00 +1.2793e+00 +1.6924e+00
1839 0 +2.691249639e+01 -1.883875036e+02 -1.883875036e+02 -1.7027e+00 +1.1407e+00 -2.6655e-01 -4.9428e-01 +2.6390e+00 -1.8018e+00 -5.7346e-01 +1.4793e+00 +1.2943e+00 +1.7043e+00
2138 0 +2.627903576e+01 -1.890209642e+02 -1.890209642e+02 -1.7197e+00 +1.1478e+00 -2.7711e-01 -5.0815e-01 +2.6300e+00 -1.7801e+00 -5.7485e-01 +1.4716e+00 +1.3164e+00 +1.7118e+00
2235 0 +2.565029191e+01 -1.896497081e+02 -1.896497081e+02 -1.7279e+00 +1.1571e+00 -2.8196e-01 -5.2394e-01 +2.6275e+00 -1.7621e+00 -5.8380e-01 +1.4752e+00 +1.3540e+00 +1.7247e+00
2481 0 +2.510749275e+01 -1.901925073e+02 -1.901925073e+02 -1.7428e+00 +1.1536e+00 -2.8125e-01 -5.4178e-01 +2.6344e+00 -1.7412e+00 -5.8844e-01 +1.4655e+00 +1.3689e+00 +1.7300e+00
% f evaluations | g evaluations | best noise-free fitness - Fopt (-5.449000000000e+01) + sum g_i+ | measured fitness | best measured fitness or single-digit g-values | x1 | x2...
1 0 +2.155978129e+02 +1.611078129e+02 +1.611078129e+02 +0.0000e+00 +0.0000e+00 +0.0000e+00 +0.0000e+00 +0.0000e+00 +0.0000e+00 +0.0000e+00 +0.0000e+00 +0.0000e+00 +0.0000e+00
4 0 +1.900770002e+02 +1.355870002e+02 +1.355870002e+02 +2.1661e-01 -2.7248e-01 -1.4933e-01 +1.8171e-01 -5.0930e-01 +2.3317e-01 -2.5183e-01 -1.2653e-01 +4.3300e-01 -1.9345e-02
9 0 +1.789898776e+02 +1.244998776e+02 +1.244998776e+02 +3.2075e-01 -8.8256e-02 -1.5931e-01 -1.1698e-01 -2.3584e-01 +6.5800e-02 +8.0156e-02 +3.1223e-01 +4.1734e-01 -8.7755e-02
10 0 +1.468957272e+02 +9.240572723e+01 +9.240572723e+01 +3.2216e-01 -3.3442e-01 +1.9285e-01 -3.1559e-01 -1.5896e-01 +1.8278e-01 -2.1053e-01 +1.4883e-01 -4.2076e-01 -2.0280e-01
100 0 +1.337638684e+02 +7.927386839e+01 +7.927386839e+01 +1.4078e+00 -5.4677e-01 -2.3209e-01 -3.6826e-01 -1.2207e+00 +1.3895e-01 -1.3798e+00 +2.7533e-01 +4.1662e-01 +1.1560e+00
118 0 +1.299967855e+02 +7.550678549e+01 +7.550678549e+01 +1.0048e+00 -9.4839e-01 -6.3714e-02 -3.6117e-01 -8.7360e-01 +1.8446e-01 -1.0999e+00 -3.6247e-01 +9.1939e-01 +4.6302e-01
160 0 +1.286139955e+02 +7.412399553e+01 +7.412399553e+01 +9.1198e-01 -5.0030e-01 +3.0491e-02 -4.9490e-01 -1.1997e+00 +4.4291e-01 -1.0295e+00 -4.8851e-01 +3.9444e-01 +7.1802e-01
161 0 +1.033348275e+02 +4.884482754e+01 +4.884482754e+01 +8.3747e-01 -6.3453e-01 -1.5555e-01 -5.8950e-01 -1.0638e+00 +4.0986e-01 -1.0834e+00 -3.9774e-01 +2.2362e-01 +6.7385e-01
234 0 +1.023125254e+02 +4.782252535e+01 +4.782252535e+01 +9.4206e-01 -7.4036e-01 +7.9381e-02 -8.0569e-01 -7.2787e-01 +1.3219e-01 -1.0786e+00 -4.3497e-01 +4.0083e-01 +5.2162e-01
275 0 +9.836079912e+01 +4.387079912e+01 +4.387079912e+01 +7.3096e-01 -8.2421e-01 -1.0767e-01 -7.7034e-01 -8.7577e-01 +2.0027e-01 -1.2983e+00 -4.5416e-01 +3.0593e-01 +4.4141e-01
281 0 +9.332100822e+01 +3.883100822e+01 +3.883100822e+01 +8.2507e-01 -7.7562e-01 -6.4771e-02 -7.0245e-01 -8.3572e-01 +2.4199e-01 -1.1951e+00 -6.1231e-01 +3.0859e-01 +4.0122e-01
451 0 +8.278233513e+01 +2.829233513e+01 +2.829233513e+01 +9.0268e-01 -9.4443e-01 -2.5785e-01 -7.1732e-01 -1.2091e+00 +3.5535e-01 -1.2592e+00 -7.9810e-01 +1.3569e-01 +5.4985e-01
480 0 +8.119646281e+01 +2.670646281e+01 +2.670646281e+01 +8.6342e-01 -8.7635e-01 -2.9672e-01 -6.2362e-01 -1.1655e+00 +3.9982e-01 -1.2529e+00 -6.9888e-01 +3.2531e-02 +4.9669e-01
491 0 +7.906924825e+01 +2.457924825e+01 +2.457924825e+01 +8.2787e-01 -8.9698e-01 -2.3424e-01 -6.3488e-01 -1.1772e+00 +4.1645e-01 -1.2212e+00 -7.1047e-01 +9.6831e-02 +5.1266e-01
501 0 +7.757450339e+01 +2.308450339e+01 +2.308450339e+01 +7.8380e-01 -9.1699e-01 -2.3536e-01 -6.0745e-01 -1.1754e+00 +3.9701e-01 -1.2220e+00 -6.5680e-01 +7.5770e-02 +4.8885e-01
581 0 +7.457004667e+01 +2.008004667e+01 +2.008004667e+01 +7.6446e-01 -9.2763e-01 -2.9598e-01 -5.8601e-01 -1.2467e+00 +3.4322e-01 -1.2663e+00 -5.9581e-01 +2.4217e-02 +4.7945e-01
591 0 +7.279417302e+01 +1.830417302e+01 +1.830417302e+01 +7.6999e-01 -9.2316e-01 -2.9448e-01 -6.0062e-01 -1.2503e+00 +3.7824e-01 -1.2636e+00 -6.3317e-01 +3.6378e-02 +4.6982e-01
601 0 +7.017120155e+01 +1.568120155e+01 +1.568120155e+01 +7.7806e-01 -9.1104e-01 -2.9690e-01 -6.0066e-01 -1.2618e+00 +3.7420e-01 -1.3042e+00 -6.6359e-01 +4.0005e-02 +4.9426e-01
626 0 +6.490361914e+01 +1.041361914e+01 +1.041361914e+01 +7.7939e-01 -9.4342e-01 -2.8863e-01 -6.2737e-01 -1.2583e+00 +4.3300e-01 -1.3003e+00 -6.9377e-01 +4.7706e-03 +5.3475e-01
641 0 +6.369508201e+01 +9.205082014e+00 +9.205082014e+00 +7.8562e-01 -9.3240e-01 -3.2000e-01 -6.3000e-01 -1.2693e+00 +3.7517e-01 -1.2548e+00 -6.9278e-01 -7.4004e-03 +5.4251e-01
682 0 +6.173899623e+01 +7.248996230e+00 +7.248996230e+00 +8.1441e-01 -9.7802e-01 -2.8563e-01 -5.8858e-01 -1.2502e+00 +3.9827e-01 -1.2813e+00 -7.2961e-01 -3.9948e-02 +5.4217e-01
691 0 +6.076233206e+01 +6.272332055e+00 +6.272332055e+00 +7.9114e-01 -9.6026e-01 -3.1079e-01 -6.0062e-01 -1.2576e+00 +3.8896e-01 -1.2845e+00 -7.3517e-01 -3.1861e-02 +5.3281e-01
771 0 +6.018783370e+01 +5.697833700e+00 +5.697833700e+00 +7.7332e-01 -9.6282e-01 -3.1591e-01 -6.1534e-01 -1.2575e+00 +3.8675e-01 -1.2580e+00 -7.0971e-01 -4.8692e-02 +5.4852e-01
890 0 +5.884027134e+01 +4.350271343e+00 +4.350271343e+00 +7.8775e-01 -9.8709e-01 -3.2109e-01 -6.1466e-01 -1.2427e+00 +3.8593e-01 -1.2535e+00 -7.2277e-01 -3.3568e-02 +5.6151e-01
% f evaluations | g evaluations | best noise-free fitness - Fopt (5.049000000000e+01) + sum g_i+ | measured fitness | best measured fitness or single-digit g-values | x1 | x2...
1 0 +2.418755890e+02 +2.923655890e+02 +2.923655890e+02 +0.0000e+00 +0.0000e+00 +0.0000e+00 +0.0000e+00 +0.0000e+00 +0.0000e+00 +0.0000e+00 +0.0000e+00 +0.0000e+00 +0.0000e+00
3 0 +2.342078020e+02 +2.846978020e+02 +2.846978020e+02 +2.4817e-01 +6.3376e-02 -2.2359e-01 +8.0318e-02 +2.1275e-01 +5.3256e-02 -2.3477e-01 +7.8699e-02 +1.0710e-01 +2.4729e-01
5 0 +2.232406940e+02 +2.737306940e+02 +2.737306940e+02 -9.0564e-02 +8.4424e-02 -2.8183e-02 -1.8777e-01 +7.4957e-02 +6.4105e-01 +2.7589e-01 +1.3137e-01 +7.7185e-02 +2.3934e-01
10 0 +1.945397720e+02 +2.450297720e+02 +2.450297720e+02 +3.2216e-01 -3.3442e-01 +1.9285e-01 -3.1559e-01 -1.5896e-01 +1.8278e-01 -2.1053e-01 +1.4883e-01 -4.2076e-01 -2.0280e-01
12 0 +1.835100359e+02 +2.340000359e+02 +2.340000359e+02 +3.0521e-01 +2.7602e-01 -2.6888e-01 +3.0044e-01 +2.3400e-01 +7.8515e-01 -1.9846e-02 -1.2083e-01 +5.2890e-02 -2.4740e-01
42 0 +1.727008066e+02 +2.231908066e+02 +2.231908066e+02 +1.0324e+00 +1.1652e-01 +1.1422e-01 +3.8422e-01 +6.4738e-02 -3.4325e-01 -2.7263e-01 -5.4973e-01 -1.9106e-01 +3.2965e-01
106 0 +1.601629817e+02 +2.106529817e+02 +2.106529817e+02 +1.4819e+00 +7.3483e-01 +1.0797e-01 +1.9514e-01 +3.3319e-01 -7.1607e-01 -7.3862e-02 +9.1583e-02 -4.1932e-01 +9.0327e-01
125 0 +1.292183662e+02 +1.797083662e+02 +1.797083662e+02 +1.6673e+00 +9.9411e-01 -1.4264e-01 +3.8055e-01 +3.0758e-01 -8.2129e-01 +1.0606e-01 -6.7572e-01 -7.6988e-01 +7.6915e-01
151 0 +1.175871991e+02 +1.680771991e+02 +1.680771991e+02 +1.4125e+00 +6.0971e-01 -1.0522e-01 +1.9321e-02 +1.0438e-01 -7.4266e-01 -5.8849e-02 -8.9381e-02 -7.5905e-01 +1.0357e+00
281 0 +1.138687297e+02 +1.643587297e+02 +1.643587297e+02 +1.5315e+00 +4.5299e-01 -8.2376e-02 -1.9375e-02 +3.8887e-01 -9.0523e-01 -2.7272e-01 -1.9409e-01 -7.5192e-01 +1.0283e+00
331 0 +1.079609590e+02 +1.584509590e+02 +1.584509590e+02 +1.3758e+00 +4.5592e-01 -1.2958e-01 -9.7862e-02 +3.2051e-01 -7.5247e-01 -1.1670e-01 -2.5197e-01 -7.9784e-01 +9.5379e-01
333 0 +1.059735669e+02 +1.564635669e+02 +1.564635669e+02 +1.4284e+00 +4.4393e-01 -1.3994e-01 -2.5318e-02 +2.6204e-01 -7.2010e-01 -1.0053e-01 -2.3654e-01 -8.0971e-01 +8.8968e-01
341 0 +1.044922761e+02 +1.549822761e+02 +1.549822761e+02 +1.3898e+00 +4.5620e-01 -1.3354e-01 -7.3364e-02 +2.2257e-01 -7.2790e-01 -7.8105e-02 -2.2895e-01 -7.7585e-01 +9.4332e-01
381 0 +1.022623458e+02 +1.527523458e+02 +1.527523458e+02 +1.4018e+00 +5.1649e-01 -1.4680e-01 +6.7701e-03 +2.2859e-01 -6.7218e-01 -1.0496e-01 -2.0679e-01 -8.8047e-01 +9.1762e-01
428 0 +9.703066656e+01 +1.475206666e+02 +1.475206666e+02 +1.3954e+00 +4.3450e-01 -9.8207e-02 -5.2375e-02 +2.6602e-01 -7.3806e-01 -1.1566e-01 -1.4461e-01 -8.4052e-01 +9.8112e-01
551 0 +9.444343077e+01 +1.449334308e+02 +1.449334308e+02 +1.3899e+00 +4.5525e-01 -1.2733e-01 -2.0106e-02 +2.0221e-01 -7.2029e-01 -1.3933e-01 -1.0173e-01 -8.5480e-01 +9.6074e-01
582 0 +9.290076612e+01 +1.433907661e+02 +1.433907661e+02 +1.4027e+00 +4.5227e-01 -1.2035e-01 -4.0249e-02 +1.6855e-01 -7.4278e-01 -1.7945e-01 -1.3715e-01 -8.6061e-01 +9.2457e-01
733 0 +9.116081730e+01 +1.416508173e+02 +1.416508173e+02 +1.3644e+00 +4.4791e-01 -7.0176e-02 -1.8170e-02 +1.2621e-01 -7.2544e-01 -1.6450e-01 -9.4196e-02 -8.6866e-01 +9.6080e-01
% f evaluations | g evaluations | best noise-free fitness - Fopt (-3.641300000000e+02) + sum g_i+ | measured fitness | best measured fitness or single-digit g-values | x1 | x2...
1 0 +3.420922698e+02 -2.203773022e+01 -2.203773022e+01 +0.0000e+00 +0.0000e+00 +0.0000e+00 +0.0000e+00 +0.0000e+00 +0.0000e+00 +0.0000e+00 +0.0000e+00 +0.0000e+00 +0.0000e+00
2 0 +3.008577237e+02 -6.327227630e+01 -6.327227630e+01 +4.3379e-01 +3.0692e-02 +9.8026e-02 +3.4094e-01 +2.4727e-01 +1.7369e-01 -1.1375e-01 -3.0566e-01 +1.1285e-01 -1.5359e-01
3 0 +2.833838382e+02 -8.074616183e+01 -8.074616183e+01 +2.4817e-01 +6.3376e-02 -2.2359e-01 +8.0318e-02 +2.1275e-01 +5.3256e-02 -2.3477e-01 +7.8699e-02 +1.0710e-01 +2.4729e-01
6 0 +2.660362409e+02 -9.809375909e+01 -9.809375909e+01 +1.8723e-01 -2.5702e-01 +1.5212e-01 +1.5671e-02 +5.1476e-01 -6.3323e-02 +3.7553e-01 -3.4671e-01 +9.3874e-02 -2.1343e-01
10 0 +2.569478408e+02 -1.071821592e+02 -1.071821592e+02 +3.2216e-01 -3.3442e-01 +1.9285e-01 -3.1559e-01 -1.5896e-01 +1.8278e-01 -2.1053e-01 +1.4883e-01 -4.2076e-01 -2.0280e-01
21 0 +2.353626800e+02 -1.287673200e+02 -1.287673200e+02 +5.2707e-02 -1.0311e-01 -1.5043e-01 -2.6400e-01 +3.3095e-01 +1.2456e-01 +1.4818e-01 -3.0898e-01 +1.2958e-01 +8.7096e-02
28 0 +2.250889963e+02 -1.390410037e+02 -1.390410037e+02 +9.0581e-02 +8.5147e-02 -3.5098e-01 -7.0458e-02 +7.3320e-01 -2.8598e-01 +4.6336e-01 -5.5077e-01 -4.5132e-02 +9.9293e-02
33 0 +2.107762224e+02 -1.533537776e+02 -1.533537776e+02 +1.0654e-01 -3.3531e-01 -4.7083e-01 -2.8296e-01 +5.8624e-01 -3.0838e-02 -1.5246e-01 +1.0533e-01 -5.7479e-01 -1.2033e-01
153 0 +2.020961281e+02 -1.620338719e+02 -1.620338719e+02 -1.3973e-01 -2.3697e-01 -2.7541e-01 +1.0882e-01 +5.3001e-01 -4.3894e-01 -1.0162e-01 -2.3466e-01 +1.6697e-01 +2.7907e-01
178 0 +1.803705997e+02 -1.837594003e+02 -1.837594003e+02 -2.2650e-01 +1.9123e-02 -1.8506e-01 +3.5710e-01 +7.3613e-01 -6.7581e-01 -1.5302e-02 -4.5698e-01 +1.5188e-01 +2.8034e-01
191 0 +1.744292306e+02 -1.897007694e+02 -1.897007694e+02 -1.0064e-01 +4.0634e-02 -2.2222e-01 +3.1685e-01 +8.6152e-01 -7.7007e-01 +6.4380e-02 -3.5539e-01 +1.1130e-01 +3.2992e-01
193 0 +1.594023143e+02 -2.047276857e+02 -2.047276857e+02 -4.6313e-02 -8.9904e-02 -1.3626e-01 +1.5373e-01 +1.0766e+00 -7.9371e-01 -7.2736e-02 -4.1961e-01 +1.3265e-01 +1.8171e-01
208 0 +1.450363661e+02 -2.190936339e+02 -2.190936339e+02 -2.9742e-02 -1.5008e-02 -2.0844e-01 +4.3868e-01 +1.1257e+00 -9.6210e-01 +1.6047e-01 -3.1699e-01 +8.2915e-02 +3.3810e-01
276 0 +1.444541229e+02 -2.196758771e+02 -2.196758771e+02 -1.8417e-01 +4.4819e-02 -1.3868e-01 +3.9955e-01 +1.0734e+00 -9.4185e-01 +6.2535e-02 -4.1764e-01 +4.9580e-02 +3.3288e-01
371 0 +1.398647371e+02 -2.242652629e+02 -2.242652629e+02 -1.3755e-01 +6.3413e-02 -2.1805e-01 +3.9574e-01 +1.0971e+00 -8.0546e-01 +1.0312e-01 -4.4739e-01 +7.8681e-02 +2.8151e-01
384 0 +1.355895841e+02 -2.285404159e+02 -2.285404159e+02 -2.0168e-01 +4.7195e-02 -1.3940e-01 +4.3186e-01 +1.1364e+00 -8.2756e-01 +1.2017e-01 -3.9545e-01 +5.6155e-02 +2.6651e-01
411 0 +1.337549913e+02 -2.303750087e+02 -2.303750087e+02 -1.1240e-01 +6.4269e-02 -1.9119e-01 +4.6437e-01 +1.1105e+00 -7.7448e-01 +1.0781e-01 -3.5544e-01 +4.7675e-02 +3.0315e-01
415 0 +1.310417456e+02 -2.330882544e+02 -2.330882544e+02 -8.3605e-02 +6.1184e-02 -1.6586e-01 +4.3720e-01 +1.1806e+00 -8.3942e-01 +7.9608e-02 -4.2181e-01 +6.7868e-02 +2.9191e-01
651 0 +1.287594106e+02 -2.353705894e+02 -2.353705894e+02 -8.2886e-02 +4.8405e-02 -1.4372e-01 +4.9401e-01 +1.1545e+00 -8.1689e-01 +4.6087e-02 -3.2062e-01 +8.5430e-03 +2.7895e-01
% f evaluations | g evaluations | best noise-free fitness - Fopt (1.592700000000e+02) + sum g_i+ | measured fitness | best measured fitness or single-digit g-values | x1 | x2...
1 0 +4.308385903e+02 +5.901085903e+02 +5.901085903e+02 +0.0000e+00 +0.0000e+00 +0.0000e+00 +0.0000e+00 +0.0000e+00 +0.0000e+00 +0.0000e+00 +0.0000e+00 +0.0000e+00 +0.0000e+00
2 0 +3.718697372e+02 +5.311397372e+02 +5.311397372e+02 +4.3379e-01 +3.0692e-02 +9.8026e-02 +3.4094e-01 +2.4727e-01 +1.7369e-01 -1.1375e-01 -3.0566e-01 +1.1285e-01 -1.5359e-01
4 0 +3.661738454e+02 +5.254438454e+02 +5.254438454e+02 +2.1661e-01 -2.7248e-01 -1.4933e-01 +1.8171e-01 -5.0930e-01 +2.3317e-01 -2.5183e-01 -1.2653e-01 +4.3300e-01 -1.9345e-02
18 0 +3.610870782e+02 +5.203570782e+02 +5.203570782e+02 -1.3893e-01 -3.1545e-01 -3.2558e-01 -3.6760e-01 -3.2469e-02 +6.1138e-01 -2.4279e-01 -4.9396e-01 +4.7649e-01 -2.7956e-01
30 0 +3.141712461e+02 +4.734412461e+02 +4.734412461e+02 -5.7107e-02 -1.4915e-01 -4.8341e-02 +7.7378e-02 +3.2243e-01 -7.2314e-02 -3.9079e-01 -6.8449e-01 +6.6995e-01 -5.2946e-02
36 0 +2.827954813e+02 +4.420654813e+02 +4.420654813e+02 +2.1107e-01 +1.1725e-02 -5.7461e-01 +1.4657e-03 -1.2614e-01 -1.8926e-01 +7.5961e-03 -1.4903e+00 +1.1093e+00 -3.5692e-01
42 0 +2.710241398e+02 +4.302941398e+02 +4.302941398e+02 +6.3846e-01 -2.0682e-01 -5.9138e-02 +6.7330e-02 -4.5684e-01 -4.1374e-01 -6.2359e-01 -1.1653e+00 +1.0468e+00 +3.9872e-01
64 0 +2.656875405e+02 +4.249575405e+02 +4.249575405e+02 +2.5956e-01 -4.4116e-01 -5.3310e-01 +2.4939e-01 -5.7550e-01 +1.0726e-01 -1.5802e+00 -1.4063e+00 +1.2690e+00 +7.1136e-01
66 0 +2.508482514e+02 +4.101182514e+02 +4.101182514e+02 +4.4013e-01 -8.3692e-02 -3.8193e-01 -3.3612e-02 -4.1601e-01 -5.2587e-01 -8.9722e-01 -1.1395e+00 +1.8463e+00 +4.0311e-01
76 0 +2.214351073e+02 +3.807051073e+02 +3.807051073e+02 -1.0965e-01 +4.1286e-01 -3.6361e-01 +6.0303e-01 -3.8834e-01 -3.2109e-01 -7.4383e-01 -1.3695e+00 +1.7827e+00 +6.9606e-01
91 0 +1.860137514e+02 +3.452837514e+02 +3.452837514e+02 +7.9612e-03 +5.6501e-03 -3.7118e-01 +1.0720e-01 -8.4620e-01 -4.6557e-01 -1.5126e+00 -1.9332e+00 +2.5292e+00 +9.5837e-01
119 0 +1.789075022e+02 +3.381775022e+02 +3.381775022e+02 -5.6232e-01 +1.8260e-01 -1.4412e-01 +2.3494e-02 -8.8436e-01 -4.2041e-01 -1.7198e+00 -2.2249e+00 +2.6741e+00 +1.3105e+00
126 0 +1.601192382e+02 +3.193892382e+02 +3.193892382e+02 -8.4286e-01 +4.3411e-02 -2.6457e-01 +4.2063e-01 -8.2821e-01 -6.1536e-01 -1.4615e+00 -2.1919e+00 +2.5956e+00 +7.3640e-01
169 0 +1.563354430e+02 +3.156054430e+02 +3.156054430e+02 -1.9768e+00 -3.5169e-01 +4.9048e-01 +7.9227e-02 -8.1020e-01 -8.8326e-02 -2.2264e+00 -1.4872e+00 +2.6381e+00 -4.7315e-01
237 0 +1.394539303e+02 +2.987239303e+02 +2.987239303e+02 -1.4945e+00 -1.9631e-01 +6.5214e-01 -2.3587e-01 -1.1398e+00 -5.9799e-01 -1.9546e+00 -1.4831e+00 +2.4245e+00 -2.1043e-01
240 0 +1.366884516e+02 +2.959584516e+02 +2.959584516e+02 -9.7602e-01 -1.6479e-01 +6.7413e-01 +9.0261e-02 -1.0745e+00 -6.5224e-01 -1.4652e+00 -1.5706e+00 +2.0453e+00 -4.6891e-01
268 0 +1.227213276e+02 +2.819913276e+02 +2.819913276e+02 -1.5245e+00 -1.0313e+00 +3.9198e-01 -6.5931e-01 -2.1191e+00 -5.2967e-01 -2.2815e+00 -1.9073e+00 +2.6788e+00 -3.1586e-01
297 0 +1.010835191e+02 +2.603535191e+02 +2.603535191e+02 -1.5460e+00 -5.9781e-01 +3.3109e-01 -8.5823e-01 -9.6931e-01 -5.7472e-01 -1.4079e+00 -1.7125e+00 +1.8784e+00 -1.6396e-01
572 0 +9.817966065e+01 +2.574496607e+02 +2.574496607e+02 -1.7854e+00 -3.3569e-01 -9.4440e-03 -5.3876e-01 -2.4075e+00 +2.0825e-01 -1.4574e+00 -2.1879e+00 +3.3824e+00 -7.6411e-01
613 0 +9.510523109e+01 +2.543752311e+02 +2.543752311e+02 -1.9583e+00 -4.8507e-01 +6.0927e-02 -5.3036e-01 -2.6927e+00 +2.1461e-01 -1.8813e+00 -2.7419e+00 +3.8765e+00 -1.0374e+00
668 0 +8.619491601e+01 +2.454649160e+02 +2.454649160e+02 -2.0607e+00 -4.1576e-01 +1.6655e-01 -3.9242e-01 -2.4579e+00 +3.2869e-01 -1.7212e+00 -2.2323e+00 +3.2367e+00 -6.6826e-01
696 0 +7.828596682e+01 +2.375559668e+02 +2.375559668e+02 -1.9619e+00 -4.7075e-01 +2.6148e-01 -4.4618e-01 -2.3382e+00 +2.8753e-01 -1.7688e+00 -2.3229e+00 +3.2367e+00 -6.5624e-01
701 0 +7.103606858e+01 +2.303060686e+02 +2.303060686e+02 -1.9714e+00 -4.8435e-01 +2.1860e-01 -4.5990e-01 -2.3493e+00 +2.7017e-01 -1.6989e+00 -2.2234e+00 +3.1569e+00 -6.8263e-01
741 0 +6.862408643e+01 +2.278940864e+02 +2.278940864e+02 -2.0623e+00 -3.9722e-01 +2.5159e-01 -4.9017e-01 -2.4058e+00 +2.6226e-01 -1.6683e+00 -2.2112e+00 +3.2842e+00 -6.7370e-01
751 0 +5.956762706e+01 +2.188376271e+02 +2.188376271e+02 -2.0818e+00 -4.1538e-01 +2.9316e-01 -4.7712e-01 -2.3808e+00 +3.0104e-01 -1.6763e+00 -2.1731e+00 +3.2609e+00 -6.6099e-01
761 0 +5.464838382e+01 +2.139183838e+02 +2.139183838e+02 -2.0762e+00 -4.1915e-01 +2.2624e-01 -4.9699e-01 -2.3699e+00 +3.0373e-01 -1.6604e+00 -2.1679e+00 +3.1722e+00 -5.8977e-01
897 0 +5.183472125e+01 +2.111047212e+02 +2.111047212e+02 -2.0921e+00 -4.2455e-01 +2.4840e-01 -4.7644e-01 -2.3874e+00 +3.1696e-01 -1.6576e+00 -2.1696e+00 +3.2228e+00 -5.7162e-01
912 0 +5.048850391e+01 +2.097585039e+02 +2.097585039e+02 -2.0978e+00 -3.9592e-01 +2.6208e-01 -4.6402e-01 -2.3838e+00 +3.1276e-01 -1.6553e+00 -2.1738e+00 +3.1918e+00 -5.8707e-01
934 0 +4.916123447e+01 +2.084312345e+02 +2.084312345e+02 -2.1382e+00 -4.1911e-01 +2.4343e-01 -4.9443e-01 -2.3752e+00 +3.1742e-01 -1.6371e+00 -2.1521e+00 +3.2054e+00 -5.7458e-01
987 0 +4.842002589e+01 +2.076900259e+02 +2.076900259e+02 -2.1203e+00 -4.1811e-01 +2.5393e-01 -4.7746e-01 -2.3721e+00 +3.0853e-01 -1.6433e+00 -2.1781e+00 +3.1764e+00 -5.7149e-01
1020 0 +4.714571728e+01 +2.064157173e+02 +2.064157173e+02 -2.1407e+00 -4.1437e-01 +2.6102e-01 -4.8131e-01 -2.3638e+00 +3.1388e-01 -1.6320e+00 -2.1795e+00 +3.1892e+00 -5.8027e-01
1041 0 +4.646638725e+01 +2.057363872e+02 +2.057363872e+02 -2.1250e+00 -4.1197e-01 +2.4691e-01 -4.7614e-01 -2.3562e+00 +3.1355e-01 -1.6339e+00 -2.1907e+00 +3.1852e+00 -5.8067e-01
1078 0 +4.544043244e+01 +2.047104324e+02 +2.047104324e+02 -2.1353e+00 -4.0483e-01 +2.2821e-01 -4.6183e-01 -2.3491e+00 +3.1171e-01 -1.6263e+00 -2.2278e+00 +3.1755e+00 -5.7957e-01
1426 0 +4.459526696e+01 +2.038652670e+02 +2.038652670e+02 -2.1322e+00 -3.9479e-01 +2.4906e-01 -4.5871e-01 -2.3346e+00 +3.1244e-01 -1.6175e+00 -2.2381e+00 +3.1675e+00 -5.4917e-01
2261 0 +4.364895454e+01 +2.029189545e+02 +2.029189545e+02 -2.1245e+00 -4.3003e-01 +2.9513e-01 -4.5866e-01 -2.2774e+00 +3.1652e-01 -1.6067e+00 -2.2363e+00 +3.1747e+00 -5.3495e-01
