% f evaluations | g evaluations | best noise-free fitness - Fopt (-5.465000000000e+02) + sum g_i+ | measured fitness | best measured fitness or single-digit g-values | x1 | x2...
1 0 +6.592654473e+03 +6.046154473e+03 +6.046154473e+03 +0.0000e+00 +0.0000e+00 +0.0000e+00 +0.0000e+00 +0.0000e+00
2 0 +6.383213734e+03 +5.836713734e+03 +5.836713734e+03 +4.3379e-01 +3.0692e-02 +9.8026e-02 +3.4094e-01 +2.4727e-01
4 0 +5.473096188e+03 +4.926596188e+03 +4.926596188e+03 +2.4817e-01 +6.3376e-02 -2.2359e-01 +8.0318e-02 +2.1275e-01
5 0 +5.004602965e+03 +4.458102965e+03 +4.458102965e+03 +5.3256e-02 -2.3477e-01 +7.8699e-02 +1.0710e-01 +2.4729e-01
9 0 +4.862699498e+03 +4.316199498e+03 +4.316199498e+03 +6.4105e-01 +2.7589e-01 +1.3137e-01 +7.7185e-02 +2.3934e-01
11 0 +2.258756859e+03 +1.712256859e+03 +1.712256859e+03 +3.9406e-01 -1.6532e-01 +1.1830e-01 +3.7409e-02 +6.4484e-01
15 0 +5.479743244e+02 +1.474324447e+00 +1.474324447e+00 +7.7035e-01 +2.8829e-01 +2.3292e-01 -5.6797e-01 +6.6758e-01
25 0 +5.282380518e+02 -1.826194816e+01 -1.826194816e+01 +1.3224e-01 -1.2763e-01 -4.7738e-01 -6.7247e-01 +8.4894e-01
30 0 +1.441682428e+02 -4.023317572e+02 -4.023317572e+02 +6.8644e-01 +1.1502e-01 +4.1624e-01 -6.3697e-01 +8.2796e-01
31 0 +9.544560644e+01 -4.510543936e+02 -4.510543936e+02 +8.7319e-01 -1.0615e-01 -1.7690e-01 -6.4625e-01 +1.6049e+00
38 0 +3.868285778e+01 -5.078171422e+02 -5.078171422e+02 +5.4618e-01 -4.2882e-02 +7.4998e-02 -7.8100e-01 +8.8509e-01
40 0 +2.253610076e+01 -5.239638992e+02 -5.239638992e+02 +4.9551e-01 -3.3534e-02 -7.6695e-02 -1.0714e+00 +1.3255e+00
46 0 +7.064165845e+00 -5.394358342e+02 -5.394358342e+02 +4.7431e-01 +2.9845e-03 -1.0236e-02 -9.8487e-01 +1.0615e+00
52 0 +4.372185692e+00 -5.421278143e+02 -5.421278143e+02 +9.0840e-01 +2.6265e-01 +2.6994e-01 -9.9957e-01 +1.4527e+00
76 0 +4.209054574e+00 -5.422909454e+02 -5.422909454e+02 +8.6807e-01 +3.3056e-01 +7.7324e-02 -1.1734e+00 +1.9942e+00
77 0 +3.494508116e+00 -5.430054919e+02 -5.430054919e+02 +6.5428e-01 +1.0995e-01 +5.6282e-01 -7.3912e-01 +1.8615e+00
88 0 +1.750357554e+00 -5.447496424e+02 -5.447496424e+02 +7.4224e-01 -1.6248e-02 +5.7171e-01 -9.7477e-01 +2.3699e+00
% f evaluations | g evaluations | best noise-free fitness - Fopt (1.000000000000e+03) + sum g_i+ | measured fitness | best measured fitness or single-digit g-values | x1 | x2...
1 0 +6.592654473e+03 +7.592654473e+03 +7.592654473e+03 +0.0000e+00 +0.0000e+00 +0.0000e+00 +0.0000e+00 +0.0000e+00
3 0 +5.594530134e+03 +6.594530134e+03 +6.594530134e+03 +1.7369e-01 -1.1375e-01 -3.0566e-01 +1.1285e-01 -1.5359e-01
6 0 +3.586650418e+03 +4.586650418e+03 +4.586650418e+03 +2.1661e-01 -2.7248e-01 -1.4933e-01 +1.8171e-01 -5.0930e-01
20 0 +2.485085394e+03 +3.485085394e+03 +3.485085394e+03 +4.4401e-01 -3.1569e-01 -2.8778e-01 -9.1060e-02 -4.7076e-01
21 0 +1.958739671e+03 +2.958739671e+03 +2.958739671e+03 +3.2035e-01 -2.0243e-01 -3.2660e-01 -1.8438e-01 -5.0605e-01
26 0 +1.429979399e+03 +2.429979399e+03 +2.429979399e+03 -2.7501e-02 +3.1686e-01 -7.2167e-01 +9.1214e-02 -8.0596e-01
29 0 +3.126711339e+02 +1.312671134e+03 +1.312671134e+03 +8.5887e-01 -5.0869e-01 -4.3140e-01 -2.4140e-01 -1.0053e+00
43 0 +1.065096567e+01 +1.010650966e+03 +1.010650966e+03 +8.0399e-01 -7.3084e-01 -7.8654e-01 -8.0319e-01 -1.2939e+00
47 0 +1.025439021e+01 +1.010254390e+03 +1.010254390e+03 +7.4928e-01 -1.9072e-02 -1.3680e+00 -2.8961e-01 -1.7440e+00
51 0 +4.496570640e+00 +1.004496571e+03 +1.004496571e+03 +1.0368e+00 -2.0149e-04 -9.8510e-01 -9.1620e-01 -1.1451e+00
55 0 +3.726841796e+00 +1.003726842e+03 +1.003726842e+03 +7.7563e-01 -7.7527e-02 -1.0738e+00 -7.8213e-01 -1.1885e+00
57 0 +3.641387397e+00 +1.003641387e+03 +1.003641387e+03 +9.2049e-02 +4.3947e-01 -1.4615e+00 -1.1709e+00 -1.1702e+00
71 0 +3.586255734e+00 +1.003586256e+03 +1.003586256e+03 +6.5052e-01 -1.8203e-01 -2.0111e+00 -6.3484e-01 -1.9746e+00
120 0 +3.447793425e+00 +1.003447793e+03 +1.003447793e+03 +1.2491e+00 -5.2325e-01 -1.3137e+00 -1.1828e+00 -1.5063e+00
185 0 +3.128797896e+00 +1.003128798e+03 +1.003128798e+03 +1.4814e+00 +2.2170e-01 -1.4111e+00 -1.3040e+00 -1.6788e+00
214 0 +3.048128784e+00 +1.003048129e+03 +1.003048129e+03 +1.3679e+00 +2.0929e-01 -1.2648e+00 -1.1442e+00 -1.6846e+00
230 0 +2.458393047e+00 +1.002458393e+03 +1.002458393e+03 +1.3232e+00 +3.4854e-01 -9.9263e-01 -1.2477e+00 -1.1985e+00
375 0 +2.417685391e+00 +1.002417685e+03 +1.002417685e+03 +1.4696e+00 +2.2719e-01 -1.5673e+00 -1.4820e+00 -1.9225e+00
% f evaluations | g evaluations | best noise-free fitness - Fopt (2.083800000000e+02) + sum g_i+ | measured fitness | best measured fitness or single-digit g-values | x1 | x2...
1 0 +6.592654473e+03 +6.801034473e+03 +6.801034473e+03 +0.0000e+00 +0.0000e+00 +0.0000e+00 +0.0000e+00 +0.0000e+00
2 0 +3.079772718e+03 +3.288152718e+03 +3.288152718e+03 +4.3379e-01 +3.0692e-02 +9.8026e-02 +3.4094e-01 +2.4727e-01
11 0 +1.090065866e+03 +1.298445866e+03 +1.298445866e+03 +5.6355e-01 -1.9568e-01 +1.6467e-01 +1.8811e-01 +7.3826e-01
22 0 +1.031341521e+03 +1.239721521e+03 +1.239721521e+03 +8.2041e-01 +4.9059e-01 -2.6770e-01 +6.1264e-01 +5.3729e-01
30 0 +9.288806999e+02 +1.137260700e+03 +1.137260700e+03 +1.0195e+00 +3.2053e-01 +3.4736e-01 -1.1545e-02 +1.0387e+00
32 0 +3.937156939e+02 +6.020956939e+02 +6.020956939e+02 +6.3362e-01 +3.5844e-02 -3.6044e-01 +4.8577e-01 +1.2139e+00
39 0 +1.641785015e+02 +3.725585015e+02 +3.725585015e+02 +1.6494e+00 +2.0375e-01 -1.9487e-01 +5.0860e-01 +1.1199e+00
42 0 +6.667949028e+00 +2.150479490e+02 +2.150479490e+02 +2.0882e+00 +8.5425e-01 -1.3456e-02 +8.5234e-01 +1.3348e+00
52 0 +3.969579332e+00 +2.123495793e+02 +2.123495793e+02 +2.2644e+00 +1.0878e+00 +2.3582e-01 +6.4688e-01 +1.6491e+00
109 0 +2.881045183e+00 +2.112610452e+02 +2.112610452e+02 +1.6540e+00 +3.5346e-01 +4.0171e-01 +1.4484e+00 +1.2120e+00
162 0 +2.763555680e+00 +2.111435557e+02 +2.111435557e+02 +1.5463e+00 +8.9002e-01 +4.1601e-01 +1.7656e+00 +1.7787e+00
210 0 +2.632189810e+00 +2.110121898e+02 +2.110121898e+02 +1.4728e+00 +1.0298e+00 +3.1709e-01 +1.6488e+00 +1.3547e+00
348 0 +2.628066376e+00 +2.110080664e+02 +2.110080664e+02 +1.5418e+00 +9.5963e-01 +3.5072e-01 +1.6544e+00 +1.6530e+00
% f evaluations | g evaluations | best noise-free fitness - Fopt (-1.449600000000e+02) + sum g_i+ | measured fitness | best measured fitness or single-digit g-values | x1 | x2...
1 0 +6.592654473e+03 +6.447694473e+03 +6.447694473e+03 +0.0000e+00 +0.0000e+00 +0.0000e+00 +0.0000e+00 +0.0000e+00
3 0 +5.594643565e+03 +5.449683565e+03 +5.449683565e+03 +1.7369e-01 -1.1375e-01 -3.0566e-01 +1.1285e-01 -1.5359e-01
6 0 +3.587548802e+03 +3.442588802e+03 +3.442588802e+03 +2.1661e-01 -2.7248e-01 -1.4933e-01 +1.8171e-01 -5.0930e-01
20 0 +2.484480700e+03 +2.339520700e+03 +2.339520700e+03 +4.4401e-01 -3.1569e-01 -2.8778e-01 -9.1060e-02 -4.7076e-01
21 0 +1.958336690e+03 +1.813376690e+03 +1.813376690e+03 +3.2035e-01 -2.0243e-01 -3.2660e-01 -1.8438e-01 -5.0605e-01
26 0 +1.428978065e+03 +1.284018065e+03 +1.284018065e+03 -2.7501e-02 +3.1686e-01 -7.2167e-01 +9.1214e-02 -8.0596e-01
29 0 +3.115200355e+02 +1.665600355e+02 +1.665600355e+02 +8.5887e-01 -5.0869e-01 -4.3140e-01 -2.4140e-01 -1.0053e+00
43 0 +3.545658695e+00 -1.414143413e+02 -1.414143413e+02 +8.0399e-01 -7.3084e-01 -7.8654e-01 -8.0319e-01 -1.2939e+00
55 0 +3.131889787e+00 -1.418281102e+02 -1.418281102e+02 +7.7563e-01 -7.7527e-02 -1.0738e+00 -7.8213e-01 -1.1885e+00
71 0 +2.779656998e+00 -1.421803430e+02 -1.421803430e+02 +6.5052e-01 -1.8203e-01 -2.0111e+00 -6.3484e-01 -1.9746e+00
114 0 +2.526341907e+00 -1.424336581e+02 -1.424336581e+02 +1.4295e+00 -9.3637e-01 -2.2804e+00 -1.5703e+00 -2.1424e+00
284 0 +2.450446237e+00 -1.425095538e+02 -1.425095538e+02 +1.5300e+00 -3.8790e-01 -1.9466e+00 -1.0177e+00 -1.8383e+00
287 0 +2.316633602e+00 -1.426433664e+02 -1.426433664e+02 +1.5461e+00 -3.3794e-01 -1.9768e+00 -9.9701e-01 -1.8078e+00
385 0 +2.277053715e+00 -1.426829463e+02 -1.426829463e+02 +1.4565e+00 -2.6838e-01 -1.9321e+00 -1.0131e+00 -1.8206e+00
458 0 +2.234527750e+00 -1.427254722e+02 -1.427254722e+02 +1.4869e+00 -2.8759e-01 -1.9472e+00 -9.8667e-01 -1.8340e+00
% f evaluations | g evaluations | best noise-free fitness - Fopt (-6.300000000000e+00) + sum g_i+ | measured fitness | best measured fitness or single-digit g-values | x1 | x2...
1 0 +6.592654473e+03 +6.586354473e+03 +6.586354473e+03 +0.0000e+00 +0.0000e+00 +0.0000e+00 +0.0000e+00 +0.0000e+00
3 0 +4.515214830e+03 +4.508914830e+03 +4.508914830e+03 +1.7369e-01 -1.1375e-01 -3.0566e-01 +1.1285e-01 -1.5359e-01
6 0 +2.040485684e+03 +2.034185684e+03 +2.034185684e+03 +2.1661e-01 -2.7248e-01 -1.4933e-01 +1.8171e-01 -5.0930e-01
16 0 +8.232015389e+02 +8.169015389e+02 +8.169015389e+02 +3.2133e-01 -5.3508e-01 -5.3047e-02 +6.6127e-01 -5.5724e-01
23 0 +3.195147982e+02 +3.132147982e+02 +3.132147982e+02 +1.0067e+00 -2.6071e-01 -4.6543e-01 +7.6288e-01 -7.0376e-01
26 0 +2.884565300e+02 +2.821565300e+02 +2.821565300e+02 +9.1279e-02 +2.1950e-01 -4.9252e-01 +4.3790e-01 -8.1637e-01
29 0 +4.607316039e+01 +3.977316039e+01 +3.977316039e+01 +9.8326e-01 -4.6763e-01 -2.4633e-01 +4.9384e-01 -1.0226e+00
33 0 +3.713187194e+00 -2.586812806e+00 -2.586812806e+00 +1.0774e+00 +5.9367e-01 -5.6217e-01 +1.5120e+00 -1.0999e+00
34 0 +2.013038524e+00 -4.286961476e+00 -4.286961476e+00 +1.1343e+00 +4.4599e-01 -7.2655e-01 +1.2851e+00 -1.1753e+00
488 0 +1.983251515e+00 -4.316748485e+00 -4.316748485e+00 +2.1564e+00 +6.5327e-01 -1.7858e+00 +1.6796e+00 -1.8684e+00
504 0 +1.946994368e+00 -4.353005632e+00 -4.353005632e+00 +2.1675e+00 +6.6102e-01 -1.7676e+00 +1.7049e+00 -1.8604e+00
516 0 +1.903564395e+00 -4.396435605e+00 -4.396435605e+00 +2.1778e+00 +6.4098e-01 -1.7947e+00 +1.7201e+00 -1.8745e+00
602 0 +1.857554659e+00 -4.442445341e+00 -4.442445341e+00 +2.1502e+00 +6.4119e-01 -1.7965e+00 +1.7100e+00 -1.8605e+00
1071 0 +1.819347984e+00 -4.480652016e+00 -4.480652016e+00 +2.1220e+00 +6.1126e-01 -1.7871e+00 +1.7264e+00 -1.8562e+00
% f evaluations | g evaluations | best noise-free fitness - Fopt (-1.367600000000e+02) + sum g_i+ | measured fitness | best measured fitness or single-digit g-values | x1 | x2...
1 0 +6.592654473e+03 +6.455894473e+03 +6.455894473e+03 +0.0000e+00 +0.0000e+00 +0.0000e+00 +0.0000e+00 +0.0000e+00
3 0 +4.515214830e+03 +4.378454830e+03 +4.378454830e+03 +1.7369e-01 -1.1375e-01 -3.0566e-01 +1.1285e-01 -1.5359e-01
6 0 +2.040485684e+03 +1.903725684e+03 +1.903725684e+03 +2.1661e-01 -2.7248e-01 -1.4933e-01 +1.8171e-01 -5.0930e-01
16 0 +8.232015389e+02 +6.864415389e+02 +6.864415389e+02 +3.2133e-01 -5.3508e-01 -5.3047e-02 +6.6127e-01 -5.5724e-01
23 0 +3.195147982e+02 +1.827547982e+02 +1.827547982e+02 +1.0067e+00 -2.6071e-01 -4.6543e-01 +7.6288e-01 -7.0376e-01
26 0 +2.884565300e+02 +1.516965300e+02 +1.516965300e+02 +9.1279e-02 +2.1950e-01 -4.9252e-01 +4.3790e-01 -8.1637e-01
29 0 +4.607316039e+01 -9.068683961e+01 -9.068683961e+01 +9.8326e-01 -4.6763e-01 -2.4633e-01 +4.9384e-01 -1.0226e+00
33 0 +3.713187194e+00 -1.330468128e+02 -1.330468128e+02 +1.0774e+00 +5.9367e-01 -5.6217e-01 +1.5120e+00 -1.0999e+00
34 0 +2.013038524e+00 -1.347469615e+02 -1.347469615e+02 +1.1343e+00 +4.4599e-01 -7.2655e-01 +1.2851e+00 -1.1753e+00
488 0 +1.983251515e+00 -1.347767485e+02 -1.347767485e+02 +2.1564e+00 +6.5327e-01 -1.7858e+00 +1.6796e+00 -1.8684e+00
504 0 +1.946994368e+00 -1.348130056e+02 -1.348130056e+02 +2.1675e+00 +6.6102e-01 -1.7676e+00 +1.7049e+00 -1.8604e+00
516 0 +1.903564395e+00 -1.348564356e+02 -1.348564356e+02 +2.1778e+00 +6.4098e-01 -1.7947e+00 +1.7201e+00 -1.8745e+00
602 0 +1.857554659e+00 -1.349024453e+02 -1.349024453e+02 +2.1502e+00 +6.4119e-01 -1.7965e+00 +1.7100e+00 -1.8605e+00
1071 0 +1.819347984e+00 -1.349406520e+02 -1.349406520e+02 +2.1220e+00 +6.1126e-01 -1.7871e+00 +1.7264e+00 -1.8562e+00
% f evaluations | g evaluations | best noise-free fitness - Fopt (3.667500000000e+02) + sum g_i+ | measured fitness | best measured fitness or single-digit g-values | x1 | x2...
1 0 +6.592654473e+03 +6.959404473e+03 +6.959404473e+03 +0.0000e+00 +0.0000e+00 +0.0000e+00 +0.0000e+00 +0.0000e+00
2 0 +3.079713326e+03 +3.446463326e+03 +3.446463326e+03 +4.3379e-01 +3.0692e-02 +9.8026e-02 +3.4094e-01 +2.4727e-01
11 0 +1.090018701e+03 +1.456768701e+03 +1.456768701e+03 +5.6355e-01 -1.9568e-01 +1.6467e-01 +1.8811e-01 +7.3826e-01
30 0 +9.306307514e+02 +1.297380751e+03 +1.297380751e+03 +1.0195e+00 +3.2053e-01 +3.4736e-01 -1.1545e-02 +1.0387e+00
32 0 +4.122905869e+02 +7.790405869e+02 +7.790405869e+02 +6.3362e-01 +3.5844e-02 -3.6044e-01 +4.8577e-01 +1.2139e+00
42 0 +2.290047556e+02 +5.957547556e+02 +5.957547556e+02 +2.1088e+00 +6.8567e-01 -8.6094e-02 +6.6759e-01 +1.8582e+00
77 0 +4.785538143e+00 +3.715355381e+02 +3.715355381e+02 +1.2081e+00 -2.5316e-02 +2.5704e-03 +1.0359e+00 +1.6049e+00
92 0 +4.060824462e+00 +3.708108245e+02 +3.708108245e+02 +1.8019e+00 -1.4042e-01 +3.1705e-01 +1.0641e+00 +1.2592e+00
95 0 +3.750900625e+00 +3.705009006e+02 +3.705009006e+02 +2.4190e+00 -6.8350e-01 -6.8259e-02 +1.2356e+00 +1.9474e+00
96 0 +3.607639548e+00 +3.703576395e+02 +3.703576395e+02 +1.5319e+00 -1.6642e-01 +1.4532e-02 +9.3355e-01 +1.3483e+00
116 0 +3.391893220e+00 +3.701418932e+02 +3.701418932e+02 +2.1505e+00 -3.9048e-01 -2.8259e-02 +1.1298e+00 +1.2556e+00
117 0 +3.205213359e+00 +3.699552134e+02 +3.699552134e+02 +1.6963e+00 -6.4940e-01 -1.2562e-01 +7.4812e-01 +1.2905e+00
184 0 +3.153909689e+00 +3.699039097e+02 +3.699039097e+02 +1.5259e+00 -2.6804e-01 +1.0775e-01 +1.3077e+00 +2.3146e+00
200 0 +3.035667063e+00 +3.697856671e+02 +3.697856671e+02 +1.5149e+00 -4.7135e-01 +5.6440e-01 +1.1272e+00 +1.9744e+00
205 0 +2.905707350e+00 +3.696557074e+02 +3.696557074e+02 +1.5828e+00 -5.5494e-01 +5.6476e-01 +9.4259e-01 +1.7350e+00
210 0 +2.823341150e+00 +3.695733412e+02 +3.695733412e+02 +1.4945e+00 -3.1853e-01 +3.3682e-01 +1.0847e+00 +1.6984e+00
212 0 +2.611687164e+00 +3.693616872e+02 +3.693616872e+02 +1.4725e+00 -2.7350e-01 +5.6053e-01 +1.1420e+00 +1.5100e+00
217 0 +2.335116312e+00 +3.690851163e+02 +3.690851163e+02 +1.4284e+00 -3.3251e-01 +4.6110e-01 +1.0844e+00 +1.7780e+00
292 0 +2.154681404e+00 +3.689046814e+02 +3.689046814e+02 +1.3780e+00 -2.4254e-01 +5.4179e-01 +1.0787e+00 +2.0424e+00
307 0 +1.907223442e+00 +3.686572234e+02 +3.686572234e+02 +1.3858e+00 -2.0599e-01 +5.3941e-01 +1.0450e+00 +2.0097e+00
310 0 +1.872144783e+00 +3.686221448e+02 +3.686221448e+02 +1.3887e+00 -2.5677e-01 +4.8133e-01 +1.0533e+00 +2.0107e+00
316 0 +1.688740294e+00 +3.684387403e+02 +3.684387403e+02 +1.4120e+00 -2.5607e-01 +4.9780e-01 +1.0259e+00 +2.0074e+00
322 0 +1.615769961e+00 +3.683657700e+02 +3.683657700e+02 +1.4400e+00 -3.1430e-01 +5.4233e-01 +9.9917e-01 +2.0069e+00
336 0 +1.516086523e+00 +3.682660865e+02 +3.682660865e+02 +1.4403e+00 -3.0168e-01 +5.3960e-01 +9.8846e-01 +2.0615e+00
360 0 +1.505151061e+00 +3.682551511e+02 +3.682551511e+02 +1.4307e+00 -2.6836e-01 +4.8876e-01 +9.7658e-01 +2.0447e+00
394 0 +1.449481326e+00 +3.681994813e+02 +3.681994813e+02 +1.4930e+00 -3.4574e-01 +4.9093e-01 +9.8292e-01 +2.0419e+00
443 0 +1.414327635e+00 +3.681643276e+02 +3.681643276e+02 +1.4687e+00 -2.9387e-01 +5.1682e-01 +9.7232e-01 +2.0543e+00
454 0 +1.397777766e+00 +3.681477778e+02 +3.681477778e+02 +1.5019e+00 -2.8687e-01 +5.1052e-01 +9.8853e-01 +2.0378e+00
% f evaluations | g evaluations | best noise-free fitness - Fopt (-2.486900000000e+02) + sum g_i+ | measured fitness | best measured fitness or single-digit g-values | x1 | x2...
1 0 +6.592654473e+03 +6.343964473e+03 +6.343964473e+03 +0.0000e+00 +0.0000e+00 +0.0000e+00 +0.0000e+00 +0.0000e+00
3 0 +5.037287967e+03 +4.788597967e+03 +4.788597967e+03 +1.7369e-01 -1.1375e-01 -3.0566e-01 +1.1285e-01 -1.5359e-01
6 0 +2.227791090e+03 +1.979101090e+03 +1.979101090e+03 +2.1661e-01 -2.7248e-01 -1.4933e-01 +1.8171e-01 -5.0930e-01
16 0 +8.255877228e+02 +5.768977228e+02 +5.768977228e+02 +3.2133e-01 -5.3508e-01 -5.3047e-02 +6.6127e-01 -5.5724e-01
23 0 +5.700521288e+02 +3.213621288e+02 +3.213621288e+02 +1.0067e+00 -2.6071e-01 -4.6543e-01 +7.6288e-01 -7.0376e-01
24 0 +4.003170483e+02 +1.516270483e+02 +1.516270483e+02 +3.7031e-01 -1.6960e-01 +9.3547e-02 +6.7098e-01 -6.9311e-01
29 0 +3.470730912e+02 +9.838309116e+01 +9.838309116e+01 +1.0435e+00 -6.4358e-01 -1.2520e-01 +3.3024e-01 -1.1085e+00
33 0 +2.992030787e+02 +5.051307871e+01 +5.051307871e+01 +1.0357e+00 +3.4503e-01 -3.5544e-01 +1.1850e+00 -1.0865e+00
37 0 +2.160840401e+02 -3.260595985e+01 -3.260595985e+01 +1.0859e+00 -1.0021e-01 -3.9153e-01 +8.4460e-01 -1.0677e+00
38 0 +1.822819727e+02 -6.640802734e+01 -6.640802734e+01 +1.0677e+00 +3.7178e-02 -2.2198e-01 +5.5044e-01 -1.1250e+00
52 0 +1.021750223e+02 -1.465149777e+02 -1.465149777e+02 +2.1346e+00 +3.4838e-01 -1.5151e-01 +1.1485e+00 -1.0596e+00
77 0 +4.691982433e+01 -2.017701757e+02 -2.017701757e+02 +1.8442e+00 -5.4782e-01 -2.8105e-01 +1.6753e+00 -1.2437e+00
80 0 +7.296949767e+00 -2.413930502e+02 -2.413930502e+02 +1.0049e+00 -1.2341e+00 -7.1538e-02 +6.7030e-01 -1.4219e+00
88 0 +3.964036502e+00 -2.447259635e+02 -2.447259635e+02 +1.6737e+00 -7.8909e-01 -1.1580e-01 +1.7109e+00 -1.0233e+00
91 0 +3.769676235e+00 -2.449203238e+02 -2.449203238e+02 +1.2412e+00 -1.1634e+00 -2.4326e-01 +1.5050e+00 -1.1828e+00
96 0 +2.359418424e+00 -2.463305816e+02 -2.463305816e+02 +1.1732e+00 -1.5421e+00 +1.4692e-01 +1.4204e+00 -1.1502e+00
216 0 +2.173481556e+00 -2.465165184e+02 -2.465165184e+02 +2.1561e+00 -1.2209e+00 +2.4567e-01 +2.0878e+00 -1.4833e+00
% f evaluations | g evaluations | best noise-free fitness - Fopt (-6.786000000000e+01) + sum g_i+ | measured fitness | best measured fitness or single-digit g-values | x1 | x2...
1 0 +6.592654473e+03 +6.524794473e+03 +6.524794473e+03 +0.0000e+00 +0.0000e+00 +0.0000e+00 +0.0000e+00 +0.0000e+00
3 0 +5.087063776e+03 +5.019203776e+03 +5.019203776e+03 +1.7369e-01 -1.1375e-01 -3.0566e-01 +1.1285e-01 -1.5359e-01
6 0 +2.293701463e+03 +2.225841463e+03 +2.225841463e+03 +2.1661e-01 -2.7248e-01 -1.4933e-01 +1.8171e-01 -5.0930e-01
16 0 +8.918001127e+02 +8.239401127e+02 +8.239401127e+02 +3.2133e-01 -5.3508e-01 -5.3047e-02 +6.6127e-01 -5.5724e-01
23 0 +7.397925518e+02 +6.719325518e+02 +6.719325518e+02 +1.0067e+00 -2.6071e-01 -4.6543e-01 +7.6288e-01 -7.0376e-01
24 0 +3.994106726e+02 +3.315506726e+02 +3.315506726e+02 +3.7031e-01 -1.6960e-01 +9.3547e-02 +6.7098e-01 -6.9311e-01
29 0 +3.632869799e+02 +2.954269799e+02 +2.954269799e+02 +9.8326e-01 -4.6763e-01 -2.4633e-01 +4.9384e-01 -1.0226e+00
33 0 +2.675463344e+02 +1.996863344e+02 +1.996863344e+02 +1.0774e+00 +5.9367e-01 -5.6217e-01 +1.5120e+00 -1.0999e+00
38 0 +1.601095328e+02 +9.224953276e+01 +9.224953276e+01 +1.0444e+00 +2.5602e-01 -3.7291e-01 +7.6582e-01 -1.0770e+00
52 0 +9.174720822e+01 +2.388720822e+01 +2.388720822e+01 +2.2452e+00 +6.8155e-01 -3.9322e-01 +1.5595e+00 -1.0562e+00
92 0 +2.390277110e+01 -4.395722890e+01 -4.395722890e+01 +2.6556e+00 -2.1000e-01 +2.0092e-03 +2.4877e+00 -1.6080e+00
104 0 +1.459087236e+01 -5.326912764e+01 -5.326912764e+01 +8.5214e-01 -2.0356e-01 +6.3995e-03 +1.2821e+00 -9.9787e-01
121 0 +3.441580561e+00 -6.441841944e+01 -6.441841944e+01 +1.5432e+00 -3.8287e-01 +1.5560e-01 +1.2344e+00 -1.1128e+00
180 0 +3.273800700e+00 -6.458619930e+01 -6.458619930e+01 +2.5164e+00 +4.7588e-01 +2.9051e-01 +1.8300e+00 -1.3155e+00
197 0 +2.299125061e+00 -6.556087494e+01 -6.556087494e+01 +1.6716e+00 +2.9517e-01 +4.6057e-01 +1.7058e+00 -1.0286e+00
284 0 +2.014829051e+00 -6.584517095e+01 -6.584517095e+01 +1.3764e+00 +1.9942e-01 +5.3421e-01 +2.0294e+00 -1.2749e+00
289 0 +1.984455477e+00 -6.587554452e+01 -6.587554452e+01 +1.4653e+00 +2.3941e-01 +4.7600e-01 +2.0479e+00 -1.2830e+00
325 0 +1.806040689e+00 -6.605395931e+01 -6.605395931e+01 +1.5016e+00 +2.7725e-01 +4.9190e-01 +2.0420e+00 -1.2711e+00
412 0 +1.767299895e+00 -6.609270011e+01 -6.609270011e+01 +1.4882e+00 +2.7546e-01 +5.0609e-01 +2.0535e+00 -1.2593e+00
748 0 +1.737796673e+00 -6.612220333e+01 -6.612220333e+01 +1.5169e+00 +2.9720e-01 +5.1905e-01 +2.0442e+00 -1.2578e+00
% f evaluations | g evaluations | best noise-free fitness - Fopt (-2.329000000000e+01) + sum g_i+ | measured fitness | best measured fitness or single-digit g-values | x1 | x2...
1 0 +6.592654473e+03 +6.569364473e+03 +6.569364473e+03 +0.0000e+00 +0.0000e+00 +0.0000e+00 +0.0000e+00 +0.0000e+00
3 0 +6.323180242e+03 +6.299890242e+03 +6.299890242e+03 +1.7369e-01 -1.1375e-01 -3.0566e-01 +1.1285e-01 -1.5359e-01
6 0 +3.962995780e+03 +3.939705780e+03 +3.939705780e+03 +2.1661e-01 -2.7248e-01 -1.4933e-01 +1.8171e-01 -5.0930e-01
20 0 +2.726714777e+03 +2.703424777e+03 +2.703424777e+03 +5.0844e-01 -2.5475e-01 -9.0958e-02 -1.1493e-01 -4.6157e-01
21 0 +2.275456192e+03 +2.252166192e+03 +2.252166192e+03 +3.9169e-01 -1.5481e-01 -1.2681e-01 -1.9908e-01 -4.9130e-01
29 0 +6.397846050e+02 +6.164946050e+02 +6.164946050e+02 +7.0618e-01 -3.9764e-01 -4.7174e-02 -2.4943e-01 -9.3065e-01
43 0 +3.062314375e+02 +2.829414375e+02 +2.829414375e+02 +6.1493e-01 -5.7718e-01 -2.9590e-01 -7.0863e-01 -1.1454e+00
51 0 +2.709999471e+02 +2.477099471e+02 +2.477099471e+02 +7.9877e-01 +4.2125e-02 -4.2593e-01 -7.9499e-01 -9.5045e-01
66 0 +5.399597729e+01 +3.070597729e+01 +3.070597729e+01 +6.7237e-01 -4.1845e-01 -5.4791e-02 -1.5537e+00 -1.3602e+00
83 0 +3.511068728e+01 +1.182068728e+01 +1.182068728e+01 +1.6765e+00 -4.4875e-01 -6.0812e-03 -9.9066e-01 -1.8106e+00
92 0 +4.367856315e+00 -1.892214368e+01 -1.892214368e+01 +1.7650e+00 -8.3295e-01 +2.8200e-01 -9.5421e-01 -1.9815e+00
102 0 +2.798951242e+00 -2.049104876e+01 -2.049104876e+01 +8.9390e-01 -3.4312e-01 +5.0247e-01 -9.9762e-01 -9.3788e-01
109 0 +2.435827960e+00 -2.085417204e+01 -2.085417204e+01 +1.1619e+00 -3.4647e-01 +1.9547e-01 -1.0459e+00 -1.1981e+00
150 0 +2.367363027e+00 -2.092263697e+01 -2.092263697e+01 +2.0298e+00 -4.6475e-01 +1.7214e-01 -1.3737e+00 -2.2182e+00
247 0 +2.277736262e+00 -2.101226374e+01 -2.101226374e+01 +2.0095e+00 -5.2347e-01 +7.0266e-01 -1.5766e+00 -1.5400e+00
260 0 +2.099707292e+00 -2.119029271e+01 -2.119029271e+01 +2.1208e+00 -5.9331e-01 +7.9437e-01 -1.6480e+00 -1.6324e+00
262 0 +2.069883998e+00 -2.122011600e+01 -2.122011600e+01 +1.9848e+00 -5.9123e-01 +7.4325e-01 -1.7189e+00 -1.6413e+00
282 0 +1.997099435e+00 -2.129290057e+01 -2.129290057e+01 +2.1448e+00 -6.1566e-01 +7.9599e-01 -1.6691e+00 -1.6413e+00
352 0 +1.992525605e+00 -2.129747440e+01 -2.129747440e+01 +2.0319e+00 -5.7983e-01 +7.6453e-01 -1.6688e+00 -1.6517e+00
397 0 +1.949290034e+00 -2.134070997e+01 -2.134070997e+01 +2.0561e+00 -5.8502e-01 +7.6301e-01 -1.6792e+00 -1.6578e+00
589 0 +1.904953868e+00 -2.138504613e+01 -2.138504613e+01 +2.0783e+00 -6.0466e-01 +7.5532e-01 -1.6956e+00 -1.6469e+00
% f evaluations | g evaluations | best noise-free fitness - Fopt (-1.028000000000e+01) + sum g_i+ | measured fitness | best measured fitness or single-digit g-values | x1 | x2...
1 0 +6.592654473e+03 +6.582374473e+03 +6.582374473e+03 +0.0000e+00 +0.0000e+00 +0.0000e+00 +0.0000e+00 +0.0000e+00
3 0 +6.323180242e+03 +6.312900242e+03 +6.312900242e+03 +1.7369e-01 -1.1375e-01 -3.0566e-01 +1.1285e-01 -1.5359e-01
6 0 +3.962995780e+03 +3.952715780e+03 +3.952715780e+03 +2.1661e-01 -2.7248e-01 -1.4933e-01 +1.8171e-01 -5.0930e-01
20 0 +2.726714777e+03 +2.716434777e+03 +2.716434777e+03 +5.0844e-01 -2.5475e-01 -9.0958e-02 -1.1493e-01 -4.6157e-01
21 0 +2.275456192e+03 +2.265176192e+03 +2.265176192e+03 +3.9169e-01 -1.5481e-01 -1.2681e-01 -1.9908e-01 -4.9130e-01
29 0 +6.397846050e+02 +6.295046050e+02 +6.295046050e+02 +7.0618e-01 -3.9764e-01 -4.7174e-02 -2.4943e-01 -9.3065e-01
43 0 +3.062314375e+02 +2.959514375e+02 +2.959514375e+02 +6.1493e-01 -5.7718e-01 -2.9590e-01 -7.0863e-01 -1.1454e+00
51 0 +2.709999471e+02 +2.607199471e+02 +2.607199471e+02 +7.9877e-01 +4.2125e-02 -4.2593e-01 -7.9499e-01 -9.5045e-01
66 0 +5.399597729e+01 +4.371597729e+01 +4.371597729e+01 +6.7237e-01 -4.1845e-01 -5.4791e-02 -1.5537e+00 -1.3602e+00
83 0 +3.511068728e+01 +2.483068728e+01 +2.483068728e+01 +1.6765e+00 -4.4875e-01 -6.0812e-03 -9.9066e-01 -1.8106e+00
92 0 +4.367856315e+00 -5.912143685e+00 -5.912143685e+00 +1.7650e+00 -8.3295e-01 +2.8200e-01 -9.5421e-01 -1.9815e+00
102 0 +2.798951242e+00 -7.481048758e+00 -7.481048758e+00 +8.9390e-01 -3.4312e-01 +5.0247e-01 -9.9762e-01 -9.3788e-01
109 0 +2.435827960e+00 -7.844172040e+00 -7.844172040e+00 +1.1619e+00 -3.4647e-01 +1.9547e-01 -1.0459e+00 -1.1981e+00
150 0 +2.367363027e+00 -7.912636973e+00 -7.912636973e+00 +2.0298e+00 -4.6475e-01 +1.7214e-01 -1.3737e+00 -2.2182e+00
247 0 +2.277736262e+00 -8.002263738e+00 -8.002263738e+00 +2.0095e+00 -5.2347e-01 +7.0266e-01 -1.5766e+00 -1.5400e+00
260 0 +2.099707292e+00 -8.180292708e+00 -8.180292708e+00 +2.1208e+00 -5.9331e-01 +7.9437e-01 -1.6480e+00 -1.6324e+00
262 0 +2.069883998e+00 -8.210116002e+00 -8.210116002e+00 +1.9848e+00 -5.9123e-01 +7.4325e-01 -1.7189e+00 -1.6413e+00
282 0 +1.997099435e+00 -8.282900565e+00 -8.282900565e+00 +2.1448e+00 -6.1566e-01 +7.9599e-01 -1.6691e+00 -1.6413e+00
352 0 +1.992525605e+00 -8.287474395e+00 -8.287474395e+00 +2.0319e+00 -5.7983e-01 +7.6453e-01 -1.6688e+00 -1.6517e+00
397 0 +1.949290034e+00 -8.330709966e+00 -8.330709966e+00 +2.0561e+00 -5.8502e-01 +7.6301e-01 -1.6792e+00 -1.6578e+00
589 0 +1.904953868e+00 -8.375046132e+00 -8.375046132e+00 +2.0783e+00 -6.0466e-01 +7.5532e-01 -1.6956e+00 -1.6469e+00
% f evaluations | g evaluations | best noise-free fitness - Fopt (1.799700000000e+02) + sum g_i+ | measured fitness | best measured fitness or single-digit g-values | x1 | x2...
1 0 +6.592654473e+03 +6.772624473e+03 +6.772624473e+03 +0.0000e+00 +0.0000e+00 +0.0000e+00 +0.0000e+00 +0.0000e+00
2 0 +3.079772718e+03 +3.259742718e+03 +3.259742718e+03 +4.3379e-01 +3.0692e-02 +9.8026e-02 +3.4094e-01 +2.4727e-01
11 0 +1.090065866e+03 +1.270035866e+03 +1.270035866e+03 +5.6355e-01 -1.9568e-01 +1.6467e-01 +1.8811e-01 +7.3826e-01
22 0 +1.031341521e+03 +1.211311521e+03 +1.211311521e+03 +8.2041e-01 +4.9059e-01 -2.6770e-01 +6.1264e-01 +5.3729e-01
30 0 +9.288806999e+02 +1.108850700e+03 +1.108850700e+03 +1.0195e+00 +3.2053e-01 +3.4736e-01 -1.1545e-02 +1.0387e+00
32 0 +3.937156939e+02 +5.736856939e+02 +5.736856939e+02 +6.3362e-01 +3.5844e-02 -3.6044e-01 +4.8577e-01 +1.2139e+00
39 0 +1.641785015e+02 +3.441485015e+02 +3.441485015e+02 +1.6494e+00 +2.0375e-01 -1.9487e-01 +5.0860e-01 +1.1199e+00
42 0 +6.667949028e+00 +1.866379490e+02 +1.866379490e+02 +2.0882e+00 +8.5425e-01 -1.3456e-02 +8.5234e-01 +1.3348e+00
52 0 +3.969579332e+00 +1.839395793e+02 +1.839395793e+02 +2.2644e+00 +1.0878e+00 +2.3582e-01 +6.4688e-01 +1.6491e+00
109 0 +2.881045183e+00 +1.828510452e+02 +1.828510452e+02 +1.6540e+00 +3.5346e-01 +4.0171e-01 +1.4484e+00 +1.2120e+00
162 0 +2.763555680e+00 +1.827335557e+02 +1.827335557e+02 +1.5463e+00 +8.9002e-01 +4.1601e-01 +1.7656e+00 +1.7787e+00
210 0 +2.632189810e+00 +1.826021898e+02 +1.826021898e+02 +1.4728e+00 +1.0298e+00 +3.1709e-01 +1.6488e+00 +1.3547e+00
348 0 +2.628066376e+00 +1.825980664e+02 +1.825980664e+02 +1.5418e+00 +9.5963e-01 +3.5072e-01 +1.6544e+00 +1.6530e+00
% f evaluations | g evaluations | best noise-free fitness - Fopt (8.376000000000e+01) + sum g_i+ | measured fitness | best measured fitness or single-digit g-values | x1 | x2...
1 0 +6.592654473e+03 +6.676414473e+03 +6.676414473e+03 +0.0000e+00 +0.0000e+00 +0.0000e+00 +0.0000e+00 +0.0000e+00
3 0 +6.323226150e+03 +6.406986150e+03 +6.406986150e+03 +1.7369e-01 -1.1375e-01 -3.0566e-01 +1.1285e-01 -1.5359e-01
6 0 +3.963572989e+03 +4.047332989e+03 +4.047332989e+03 +2.1661e-01 -2.7248e-01 -1.4933e-01 +1.8171e-01 -5.0930e-01
20 0 +2.727527747e+03 +2.811287747e+03 +2.811287747e+03 +5.0844e-01 -2.5475e-01 -9.0958e-02 -1.1493e-01 -4.6157e-01
21 0 +2.276084385e+03 +2.359844385e+03 +2.359844385e+03 +3.9169e-01 -1.5481e-01 -1.2681e-01 -1.9908e-01 -4.9130e-01
29 0 +6.405004424e+02 +7.242604424e+02 +7.242604424e+02 +7.0618e-01 -3.9764e-01 -4.7174e-02 -2.4943e-01 -9.3065e-01
43 0 +3.052539029e+02 +3.890139029e+02 +3.890139029e+02 +6.1493e-01 -5.7718e-01 -2.9590e-01 -7.0863e-01 -1.1454e+00
51 0 +2.701829203e+02 +3.539429203e+02 +3.539429203e+02 +7.9877e-01 +4.2125e-02 -4.2593e-01 -7.9499e-01 -9.5045e-01
66 0 +5.446771050e+01 +1.382277105e+02 +1.382277105e+02 +6.7237e-01 -4.1845e-01 -5.4791e-02 -1.5537e+00 -1.3602e+00
83 0 +3.585411971e+01 +1.196141197e+02 +1.196141197e+02 +1.6765e+00 -4.4875e-01 -6.0812e-03 -9.9066e-01 -1.8106e+00
102 0 +4.697421171e+00 +8.845742117e+01 +8.845742117e+01 +8.9390e-01 -3.4312e-01 +5.0247e-01 -9.9762e-01 -9.3788e-01
109 0 +4.064314536e+00 +8.782431454e+01 +8.782431454e+01 +1.1619e+00 -3.4647e-01 +1.9547e-01 -1.0459e+00 -1.1981e+00
121 0 +3.766438723e+00 +8.752643872e+01 +8.752643872e+01 +1.3359e+00 -4.9517e-01 +2.1701e-01 -1.2993e+00 -1.4043e+00
186 0 +3.282647176e+00 +8.704264718e+01 +8.704264718e+01 +1.7696e+00 -3.8635e-01 +7.1504e-01 -1.7125e+00 -1.7118e+00
215 0 +3.205734346e+00 +8.696573435e+01 +8.696573435e+01 +1.5647e+00 +2.2442e-01 +4.5093e-01 -1.6671e+00 -1.2149e+00
220 0 +2.601711757e+00 +8.636171176e+01 +8.636171176e+01 +1.6957e+00 +4.0469e-01 +4.3951e-01 -1.7754e+00 -1.2917e+00
226 0 +2.476582912e+00 +8.623658291e+01 +8.623658291e+01 +1.4571e+00 +2.8930e-01 +6.1254e-01 -1.7058e+00 -1.1419e+00
241 0 +2.429078726e+00 +8.618907873e+01 +8.618907873e+01 +1.4408e+00 +3.2147e-01 +5.6548e-01 -1.9028e+00 -9.5327e-01
242 0 +2.318748272e+00 +8.607874827e+01 +8.607874827e+01 +1.4001e+00 +1.0493e-01 +5.8269e-01 -1.5257e+00 -1.1009e+00
287 0 +2.104613733e+00 +8.586461373e+01 +8.586461373e+01 +1.4959e+00 +2.0520e-01 +5.3336e-01 -1.5037e+00 -1.1440e+00
312 0 +1.851168209e+00 +8.561116821e+01 +8.561116821e+01 +1.4905e+00 +2.8676e-01 +5.6365e-01 -1.5834e+00 -1.1019e+00
391 0 +1.791361675e+00 +8.555136168e+01 +8.555136168e+01 +1.4703e+00 +2.7547e-01 +5.7276e-01 -1.7486e+00 -1.0711e+00
470 0 +1.768082797e+00 +8.552808280e+01 +8.552808280e+01 +1.4537e+00 +2.7831e-01 +5.7070e-01 -1.7393e+00 -1.0649e+00
509 0 +1.735434481e+00 +8.549543448e+01 +8.549543448e+01 +1.4435e+00 +2.7527e-01 +5.4735e-01 -1.7477e+00 -1.0633e+00
596 0 +1.695975829e+00 +8.545597583e+01 +8.545597583e+01 +1.4698e+00 +2.7458e-01 +5.4210e-01 -1.7570e+00 -1.0541e+00
757 0 +1.658977213e+00 +8.541897721e+01 +8.541897721e+01 +1.5185e+00 +2.9336e-01 +5.2354e-01 -1.7500e+00 -1.0494e+00
% f evaluations | g evaluations | best noise-free fitness - Fopt (-3.890100000000e+02) + sum g_i+ | measured fitness | best measured fitness or single-digit g-values | x1 | x2...
1 0 +6.592654473e+03 +6.203644473e+03 +6.203644473e+03 +0.0000e+00 +0.0000e+00 +0.0000e+00 +0.0000e+00 +0.0000e+00
3 0 +5.594643565e+03 +5.205633565e+03 +5.205633565e+03 +1.7369e-01 -1.1375e-01 -3.0566e-01 +1.1285e-01 -1.5359e-01
6 0 +3.587548802e+03 +3.198538802e+03 +3.198538802e+03 +2.1661e-01 -2.7248e-01 -1.4933e-01 +1.8171e-01 -5.0930e-01
20 0 +2.484480700e+03 +2.095470700e+03 +2.095470700e+03 +4.4401e-01 -3.1569e-01 -2.8778e-01 -9.1060e-02 -4.7076e-01
21 0 +1.958336690e+03 +1.569326690e+03 +1.569326690e+03 +3.2035e-01 -2.0243e-01 -3.2660e-01 -1.8438e-01 -5.0605e-01
26 0 +1.428978065e+03 +1.039968065e+03 +1.039968065e+03 -2.7501e-02 +3.1686e-01 -7.2167e-01 +9.1214e-02 -8.0596e-01
29 0 +3.115200355e+02 -7.748996452e+01 -7.748996452e+01 +8.5887e-01 -5.0869e-01 -4.3140e-01 -2.4140e-01 -1.0053e+00
43 0 +3.545658695e+00 -3.854643413e+02 -3.854643413e+02 +8.0399e-01 -7.3084e-01 -7.8654e-01 -8.0319e-01 -1.2939e+00
55 0 +3.131889787e+00 -3.858781102e+02 -3.858781102e+02 +7.7563e-01 -7.7527e-02 -1.0738e+00 -7.8213e-01 -1.1885e+00
71 0 +2.779656998e+00 -3.862303430e+02 -3.862303430e+02 +6.5052e-01 -1.8203e-01 -2.0111e+00 -6.3484e-01 -1.9746e+00
114 0 +2.526341907e+00 -3.864836581e+02 -3.864836581e+02 +1.4295e+00 -9.3637e-01 -2.2804e+00 -1.5703e+00 -2.1424e+00
284 0 +2.450446237e+00 -3.865595538e+02 -3.865595538e+02 +1.5300e+00 -3.8790e-01 -1.9466e+00 -1.0177e+00 -1.8383e+00
287 0 +2.316633602e+00 -3.866933664e+02 -3.866933664e+02 +1.5461e+00 -3.3794e-01 -1.9768e+00 -9.9701e-01 -1.8078e+00
385 0 +2.277053715e+00 -3.867329463e+02 -3.867329463e+02 +1.4565e+00 -2.6838e-01 -1.9321e+00 -1.0131e+00 -1.8206e+00
458 0 +2.234527750e+00 -3.867754722e+02 -3.867754722e+02 +1.4869e+00 -2.8759e-01 -1.9472e+00 -9.8667e-01 -1.8340e+00
% f evaluations | g evaluations | best noise-free fitness - Fopt (-1.455800000000e+02) + sum g_i+ | measured fitness | best measured fitness or single-digit g-values | x1 | x2...
1 0 +6.592654473e+03 +6.447074473e+03 +6.447074473e+03 +0.0000e+00 +0.0000e+00 +0.0000e+00 +0.0000e+00 +0.0000e+00
3 0 +6.273450341e+03 +6.127870341e+03 +6.127870341e+03 +1.7369e-01 -1.1375e-01 -3.0566e-01 +1.1285e-01 -1.5359e-01
6 0 +3.897662616e+03 +3.752082616e+03 +3.752082616e+03 +2.1661e-01 -2.7248e-01 -1.4933e-01 +1.8171e-01 -5.0930e-01
20 0 +2.668194405e+03 +2.522614405e+03 +2.522614405e+03 +4.1855e-01 -4.0839e-01 -1.5412e-01 -3.0966e-02 -5.4170e-01
21 0 +2.192150104e+03 +2.046570104e+03 +2.046570104e+03 +2.9836e-01 -2.9685e-01 -1.8847e-01 -1.2471e-01 -5.6966e-01
29 0 +7.305620372e+02 +5.849820372e+02 +5.849820372e+02 +6.2292e-01 -5.7783e-01 -1.1630e-01 -1.6160e-01 -1.0487e+00
43 0 +1.120324849e+02 -3.354751510e+01 -3.354751510e+01 +5.3447e-01 -7.7155e-01 -3.8386e-01 -6.4885e-01 -1.2842e+00
66 0 +4.057406277e+00 -1.415225937e+02 -1.415225937e+02 +5.5859e-01 -5.8301e-01 -1.0741e-01 -1.5618e+00 -1.4716e+00
80 0 +3.056768613e+00 -1.425232314e+02 -1.425232314e+02 +5.2514e-01 -1.1335e+00 -2.3988e-01 -1.1722e+00 -1.4852e+00
113 0 +2.938190541e+00 -1.426418095e+02 -1.426418095e+02 +1.0027e+00 -8.7253e-01 -1.3751e-01 -1.1943e+00 -1.2364e+00
129 0 +2.697254855e+00 -1.428827451e+02 -1.428827451e+02 +1.8365e+00 -2.0247e+00 +8.4241e-02 -1.4849e+00 -1.6484e+00
233 0 +2.687816077e+00 -1.428921839e+02 -1.428921839e+02 +7.5572e-01 -5.6153e-01 +4.3944e-01 -1.0007e+00 -1.1993e+00
316 0 +2.609492262e+00 -1.429705077e+02 -1.429705077e+02 +1.0277e+00 -1.0447e+00 +3.1807e-01 -1.4151e+00 -1.4286e+00
470 0 +2.569818557e+00 -1.430101814e+02 -1.430101814e+02 +1.0025e+00 -1.0501e+00 +3.3642e-01 -1.3978e+00 -1.4168e+00
