% f evaluations | g evaluations | best noise-free fitness - Fopt (3.590000000000e+01) + sum g_i+ | measured fitness | best measured fitness or single-digit g-values | x1 | x2...
1 0 +2.283102266e+05 +2.283461266e+05 +2.283461266e+05 +0.0000e+00 +0.0000e+00
2 0 +1.740473979e+05 +1.740832979e+05 +1.740832979e+05 +4.3379e-01 +3.0692e-02
10 0 +1.565050674e+05 +1.565409674e+05 +1.565409674e+05 +5.3630e-01 +1.4690e-01
18 0 +1.154694515e+05 +1.155053515e+05 +1.155053515e+05 +9.8724e-01 +1.2127e-01
23 0 +9.729884083e+04 +9.733474083e+04 +9.733474083e+04 +1.0660e+00 +4.9024e-01
27 0 +6.968283630e+04 +6.971873630e+04 +6.971873630e+04 +1.3382e+00 +3.4684e-01
35 0 +6.286204964e+04 +6.289794964e+04 +6.289794964e+04 +1.6032e+00 +1.6207e-01
37 0 +1.089293435e+00 +3.698929344e+01 +3.698929344e+01 +3.2380e+00 +4.5903e-01
284 0 +1.759222902e-01 +3.607592229e+01 +3.607592229e+01 +2.9041e+00 +1.1345e+00
315 0 +5.275413140e-02 +3.595275413e+01 +3.595275413e+01 +2.8460e+00 +1.1203e+00
334 0 +1.275066926e-02 +3.591275067e+01 +3.591275067e+01 +2.8182e+00 +1.0398e+00
493 0 +1.104487912e-02 +3.591104488e+01 +3.591104488e+01 +2.8053e+00 +1.1253e+00
494 0 +4.355007086e-03 +3.590435501e+01 +3.590435501e+01 +2.7947e+00 +1.1206e+00
495 0 +2.514003945e-03 +3.590251400e+01 +3.590251400e+01 +2.7974e+00 +1.0976e+00
499 0 +1.882752629e-03 +3.590188275e+01 +3.590188275e+01 +2.7938e+00 +1.1056e+00
511 0 +1.367623026e-03 +3.590136762e+01 +3.590136762e+01 +2.7926e+00 +1.0932e+00
580 0 +5.130238457e-04 +3.590051302e+01 +3.590051302e+01 +2.7882e+00 +1.1026e+00
597 0 +4.815383572e-04 +3.590048154e+01 +3.590048154e+01 +2.7876e+00 +1.1070e+00
671 0 +4.601486065e-04 +3.590046015e+01 +3.590046015e+01 +2.7866e+00 +1.1014e+00
692 0 +4.069191174e-04 +3.590040692e+01 +3.590040692e+01 +2.7862e+00 +1.1018e+00
714 0 +3.812221278e-04 +3.590038122e+01 +3.590038122e+01 +2.7863e+00 +1.1022e+00
716 0 +3.698874923e-04 +3.590036989e+01 +3.590036989e+01 +2.7863e+00 +1.1023e+00
727 0 +3.374254621e-04 +3.590033743e+01 +3.590033743e+01 +2.7863e+00 +1.1028e+00
749 0 +3.267716851e-04 +3.590032677e+01 +3.590032677e+01 +2.7860e+00 +1.1026e+00
751 0 +3.190075407e-04 +3.590031901e+01 +3.590031901e+01 +2.7865e+00 +1.1035e+00
753 0 +2.801958370e-04 +3.590028020e+01 +3.590028020e+01 +2.7858e+00 +1.1035e+00
765 0 +2.576207108e-04 +3.590025762e+01 +3.590025762e+01 +2.7852e+00 +1.1047e+00
788 0 +1.549249017e-04 +3.590015492e+01 +3.590015492e+01 +2.7851e+00 +1.1082e+00
800 0 +1.287242056e-04 +3.590012872e+01 +3.590012872e+01 +2.7842e+00 +1.1075e+00
805 0 +1.013108102e-04 +3.590010131e+01 +3.590010131e+01 +2.7841e+00 +1.1084e+00
808 0 +3.511613288e-05 +3.590003512e+01 +3.590003512e+01 +2.7831e+00 +1.1120e+00
817 0 +4.162560437e-06 +3.590000416e+01 +3.590000416e+01 +2.7821e+00 +1.1129e+00
936 0 +3.315485756e-06 +3.590000332e+01 +3.590000332e+01 +2.7820e+00 +1.1132e+00
945 0 +9.521757960e-07 +3.590000095e+01 +3.590000095e+01 +2.7818e+00 +1.1135e+00
1026 0 +8.435390555e-07 +3.590000084e+01 +3.590000084e+01 +2.7817e+00 +1.1136e+00
1052 0 +7.701826590e-07 +3.590000077e+01 +3.590000077e+01 +2.7817e+00 +1.1136e+00
1178 0 +6.412471762e-07 +3.590000064e+01 +3.590000064e+01 +2.7817e+00 +1.1137e+00
1227 0 +5.881893870e-07 +3.590000059e+01 +3.590000059e+01 +2.7817e+00 +1.1137e+00
1236 0 +5.665728935e-07 +3.590000057e+01 +3.590000057e+01 +2.7817e+00 +1.1137e+00
1256 0 +5.579311733e-07 +3.590000056e+01 +3.590000056e+01 +2.7817e+00 +1.1137e+00
1258 0 +5.405902286e-07 +3.590000054e+01 +3.590000054e+01 +2.7817e+00 +1.1137e+00
1263 0 +5.304011736e-07 +3.590000053e+01 +3.590000053e+01 +2.7817e+00 +1.1137e+00
1265 0 +5.047232534e-07 +3.590000050e+01 +3.590000050e+01 +2.7817e+00 +1.1136e+00
1271 0 +3.563137341e-07 +3.590000036e+01 +3.590000036e+01 +2.7817e+00 +1.1136e+00
1274 0 +1.874247459e-07 +3.590000019e+01 +3.590000019e+01 +2.7817e+00 +1.1136e+00
1276 0 +5.535046910e-08 +3.590000006e+01 +3.590000006e+01 +2.7816e+00 +1.1136e+00
1376 0 +4.001262255e-08 +3.590000004e+01 +3.590000004e+01 +2.7816e+00 +1.1135e+00
1395 0 +2.694482504e-08 +3.590000003e+01 +3.590000003e+01 +2.7816e+00 +1.1135e+00
1459 0 +2.402475019e-08 +3.590000002e+01 +3.590000002e+01 +2.7816e+00 +1.1135e+00
1503 0 +2.211061911e-08 +3.590000002e+01 +3.590000002e+01 +2.7816e+00 +1.1135e+00
1537 0 +2.130158094e-08 +3.590000002e+01 +3.590000002e+01 +2.7816e+00 +1.1135e+00
1549 0 +2.084978235e-08 +3.590000002e+01 +3.590000002e+01 +2.7816e+00 +1.1135e+00
1579 0 +2.023192280e-08 +3.590000002e+01 +3.590000002e+01 +2.7816e+00 +1.1136e+00
1580 0 +1.991748633e-08 +3.590000002e+01 +3.590000002e+01 +2.7816e+00 +1.1136e+00
1589 0 +1.877540967e-08 +3.590000002e+01 +3.590000002e+01 +2.7816e+00 +1.1136e+00
1598 0 +1.664852789e-08 +3.590000002e+01 +3.590000002e+01 +2.7816e+00 +1.1136e+00
1605 0 +1.327327226e-08 +3.590000001e+01 +3.590000001e+01 +2.7816e+00 +1.1136e+00
1606 0 +1.280454143e-08 +3.590000001e+01 +3.590000001e+01 +2.7816e+00 +1.1136e+00
1614 0 +8.145853769e-09 +3.590000001e+01 +3.590000001e+01 +2.7816e+00 +1.1136e+00
2268 0 +0.000000000e+00 +3.590000000e+01 +3.590000000e+01 +2.7816e+00 +1.1136e+00
% f evaluations | g evaluations | best noise-free fitness - Fopt (3.137000000000e+01) + sum g_i+ | measured fitness | best measured fitness or single-digit g-values | x1 | x2...
1 0 +1.213706503e+04 +1.216843503e+04 +1.216843503e+04 +0.0000e+00 +0.0000e+00
2 0 +1.006790107e+04 +1.009927107e+04 +1.009927107e+04 +4.3379e-01 +3.0692e-02
3 0 +7.619096268e+03 +7.650466268e+03 +7.650466268e+03 +9.8026e-02 +3.4094e-01
10 0 +7.276963981e+03 +7.308333981e+03 +7.308333981e+03 +4.7684e-01 +2.4785e-01
12 0 +6.573836005e+03 +6.605206005e+03 +6.605206005e+03 +3.8582e-01 +4.2141e-01
18 0 +5.808540877e+03 +5.839910877e+03 +5.839910877e+03 +7.3666e-01 +3.7681e-01
21 0 +2.019230541e+03 +2.050600541e+03 +2.050600541e+03 +4.9059e-01 +9.3781e-01
31 0 +1.916317208e+03 +1.947687208e+03 +1.947687208e+03 +5.5914e-01 +9.7077e-01
37 0 +2.565579840e+01 +5.702579840e+01 +5.702579840e+01 +1.7559e+00 +1.5440e+00
51 0 +2.393507916e+01 +5.530507916e+01 +5.530507916e+01 +1.6499e+00 +1.5192e+00
52 0 +1.929476566e+01 +5.066476566e+01 +5.066476566e+01 +1.3516e+00 +1.3122e+00
55 0 +1.342220378e+01 +4.479220378e+01 +4.479220378e+01 +1.1553e+00 +1.7148e+00
65 0 +1.109566237e+01 +4.246566237e+01 +4.246566237e+01 +2.8736e-01 +1.6665e+00
86 0 +4.125576976e+00 +3.549557698e+01 +3.549557698e+01 +2.9069e-01 +2.7763e+00
121 0 +1.293802253e+00 +3.266380225e+01 +3.266380225e+01 -1.3645e-01 +2.7623e+00
136 0 +1.143472445e+00 +3.251347244e+01 +3.251347244e+01 -5.1756e-02 +2.4820e+00
146 0 +8.223703464e-01 +3.219237035e+01 +3.219237035e+01 -1.2841e-01 +2.5737e+00
149 0 +7.275357612e-01 +3.209753576e+01 +3.209753576e+01 -2.7562e-01 +2.6978e+00
172 0 +6.809239711e-01 +3.205092397e+01 +3.205092397e+01 -1.7707e-01 +2.5072e+00
184 0 +6.665176417e-01 +3.203651764e+01 +3.203651764e+01 -2.7935e-01 +2.6357e+00
185 0 +5.901748974e-01 +3.196017490e+01 +3.196017490e+01 -2.2228e-01 +2.5389e+00
191 0 +4.844728967e-01 +3.185447290e+01 +3.185447290e+01 -2.6932e-01 +2.5468e+00
206 0 +4.399467048e-01 +3.180994670e+01 +3.180994670e+01 -2.8638e-01 +2.5324e+00
214 0 +4.345163123e-01 +3.180451631e+01 +3.180451631e+01 -2.9004e-01 +2.5303e+00
591 0 +4.161878636e-01 +3.178618786e+01 +3.178618786e+01 -2.9715e-01 +2.5166e+00
598 0 +4.015320232e-01 +3.177153202e+01 +3.177153202e+01 -2.9254e-01 +2.4957e+00
609 0 +3.943232586e-01 +3.176432326e+01 +3.176432326e+01 -2.9306e-01 +2.4857e+00
614 0 +3.804677915e-01 +3.175046779e+01 +3.175046779e+01 -2.8867e-01 +2.4649e+00
618 0 +3.015204368e-01 +3.167152044e+01 +3.167152044e+01 -2.7468e-01 +2.3887e+00
626 0 +2.570050607e-01 +3.162700506e+01 +3.162700506e+01 -2.6506e-01 +2.3404e+00
632 0 +1.840784648e-01 +3.155407846e+01 +3.155407846e+01 -2.5264e-01 +2.2557e+00
633 0 +1.477541819e-01 +3.151775418e+01 +3.151775418e+01 -2.3514e-01 +2.1757e+00
640 0 +1.240579590e-01 +3.149405796e+01 +3.149405796e+01 -2.2984e-01 +2.1276e+00
647 0 +8.073102802e-02 +3.145073103e+01 +3.145073103e+01 -2.0849e-01 +2.0021e+00
765 0 +7.943245802e-02 +3.144943246e+01 +3.144943246e+01 -2.0257e-01 +1.9517e+00
824 0 +7.751299240e-02 +3.144751299e+01 +3.144751299e+01 -1.9934e-01 +1.9057e+00
853 0 +7.360545999e-02 +3.144360546e+01 +3.144360546e+01 -2.0726e-01 +1.9463e+00
875 0 +7.147203078e-02 +3.144147203e+01 +3.144147203e+01 -2.0113e-01 +1.8871e+00
880 0 +6.966386168e-02 +3.143966386e+01 +3.143966386e+01 -2.0336e-01 +1.9041e+00
893 0 +6.795318258e-02 +3.143795318e+01 +3.143795318e+01 -2.0489e-01 +1.9124e+00
899 0 +6.689502818e-02 +3.143689503e+01 +3.143689503e+01 -2.0633e-01 +1.9212e+00
903 0 +6.550535755e-02 +3.143550536e+01 +3.143550536e+01 -2.1319e-01 +1.9613e+00
937 0 +6.157930549e-02 +3.143157931e+01 +3.143157931e+01 -2.1111e-01 +1.9419e+00
980 0 +5.338635807e-02 +3.142338636e+01 +3.142338636e+01 -2.0888e-01 +1.9033e+00
1000 0 +5.219695133e-02 +3.142219695e+01 +3.142219695e+01 -2.1047e-01 +1.9136e+00
1001 0 +4.403655472e-02 +3.141403655e+01 +3.141403655e+01 -2.1462e-01 +1.9059e+00
1029 0 +4.262811311e-02 +3.141262811e+01 +3.141262811e+01 -2.1567e-01 +1.8854e+00
1035 0 +4.000688631e-02 +3.141000689e+01 +3.141000689e+01 -2.2609e-01 +1.9375e+00
1039 0 +2.829663537e-02 +3.139829664e+01 +3.139829664e+01 -2.2785e-01 +1.9008e+00
1050 0 +1.945636819e-02 +3.138945637e+01 +3.138945637e+01 -2.4072e-01 +1.9273e+00
1056 0 +1.227788658e-02 +3.138227789e+01 +3.138227789e+01 -2.4543e-01 +1.9053e+00
1068 0 +8.788431018e-03 +3.137878843e+01 +3.137878843e+01 -2.7505e-01 +1.9680e+00
1083 0 +4.263245578e-03 +3.137426325e+01 +3.137426325e+01 -2.5729e-01 +1.8956e+00
1103 0 +2.563398035e-03 +3.137256340e+01 +3.137256340e+01 -2.7336e-01 +1.9336e+00
1117 0 +2.405019743e-03 +3.137240502e+01 +3.137240502e+01 -2.6825e-01 +1.9248e+00
1126 0 +2.345918149e-03 +3.137234592e+01 +3.137234592e+01 -2.6411e-01 +1.9130e+00
1140 0 +1.996848957e-03 +3.137199685e+01 +3.137199685e+01 -2.6617e-01 +1.9165e+00
1148 0 +1.120362751e-03 +3.137112036e+01 +3.137112036e+01 -2.6949e-01 +1.9155e+00
1234 0 +8.779965376e-04 +3.137087800e+01 +3.137087800e+01 -2.7017e-01 +1.9134e+00
1243 0 +6.593523429e-04 +3.137065935e+01 +3.137065935e+01 -2.6847e-01 +1.9069e+00
1246 0 +4.986923566e-04 +3.137049869e+01 +3.137049869e+01 -2.7012e-01 +1.9077e+00
1301 0 +4.764955854e-04 +3.137047650e+01 +3.137047650e+01 -2.6795e-01 +1.8992e+00
1307 0 +3.864539430e-04 +3.137038645e+01 +3.137038645e+01 -2.6936e-01 +1.9039e+00
1342 0 +3.019724342e-04 +3.137030197e+01 +3.137030197e+01 -2.6876e-01 +1.9000e+00
1347 0 +2.724839381e-04 +3.137027248e+01 +3.137027248e+01 -2.6873e-01 +1.8978e+00
1354 0 +1.547654853e-04 +3.137015477e+01 +3.137015477e+01 -2.6945e-01 +1.8963e+00
1364 0 +7.356706351e-05 +3.137007357e+01 +3.137007357e+01 -2.7042e-01 +1.8970e+00
1397 0 +5.833851125e-05 +3.137005834e+01 +3.137005834e+01 -2.7162e-01 +1.9006e+00
1413 0 +1.790988296e-05 +3.137001791e+01 +3.137001791e+01 -2.7167e-01 +1.8986e+00
1433 0 +1.384687236e-05 +3.137001385e+01 +3.137001385e+01 -2.7205e-01 +1.8987e+00
1444 0 +6.179159637e-06 +3.137000618e+01 +3.137000618e+01 -2.7193e-01 +1.8979e+00
1446 0 +5.813500728e-06 +3.137000581e+01 +3.137000581e+01 -2.7198e-01 +1.8980e+00
1517 0 +4.778495512e-06 +3.137000478e+01 +3.137000478e+01 -2.7196e-01 +1.8978e+00
1535 0 +4.257437045e-06 +3.137000426e+01 +3.137000426e+01 -2.7196e-01 +1.8978e+00
1546 0 +3.037208511e-06 +3.137000304e+01 +3.137000304e+01 -2.7200e-01 +1.8976e+00
1558 0 +2.899056621e-06 +3.137000290e+01 +3.137000290e+01 -2.7193e-01 +1.8975e+00
1567 0 +2.428011523e-06 +3.137000243e+01 +3.137000243e+01 -2.7195e-01 +1.8975e+00
1581 0 +2.132665511e-06 +3.137000213e+01 +3.137000213e+01 -2.7196e-01 +1.8975e+00
1582 0 +1.888378655e-06 +3.137000189e+01 +3.137000189e+01 -2.7202e-01 +1.8975e+00
1584 0 +1.485220533e-06 +3.137000149e+01 +3.137000149e+01 -2.7195e-01 +1.8973e+00
1589 0 +4.645688456e-07 +3.137000046e+01 +3.137000046e+01 -2.7201e-01 +1.8971e+00
1591 0 +1.939610073e-07 +3.137000019e+01 +3.137000019e+01 -2.7201e-01 +1.8970e+00
1616 0 +1.714463131e-07 +3.137000017e+01 +3.137000017e+01 -2.7201e-01 +1.8970e+00
1637 0 +1.832862750e-08 +3.137000002e+01 +3.137000002e+01 -2.7198e-01 +1.8968e+00
1677 0 +4.273676524e-09 +3.137000000e+01 +3.137000000e+01 -2.7199e-01 +1.8968e+00
2274 0 +0.000000000e+00 +3.137000000e+01 +3.137000000e+01 -2.7200e-01 +1.8968e+00
% f evaluations | g evaluations | best noise-free fitness - Fopt (-1.000000000000e+03) + sum g_i+ | measured fitness | best measured fitness or single-digit g-values | x1 | x2...
1 0 +6.117604822e+04 +6.017604822e+04 +6.017604822e+04 +0.0000e+00 +0.0000e+00
2 0 +3.361083622e+04 +3.261083622e+04 +3.261083622e+04 +4.3379e-01 +3.0692e-02
10 0 +3.302241223e+04 +3.202241223e+04 +3.202241223e+04 +4.6828e-01 +2.3514e-02
13 0 +2.440609582e+04 +2.340609582e+04 +2.340609582e+04 +4.7316e-01 -2.4643e-01
18 0 +1.428011087e+04 +1.328011087e+04 +1.328011087e+04 +8.6005e-01 -3.0694e-02
27 0 +7.602312503e+03 +6.602312503e+03 +6.602312503e+03 +1.0327e+00 -9.4751e-02
30 0 +3.472857064e+03 +2.472857064e+03 +2.472857064e+03 +1.0939e+00 -3.8251e-01
34 0 +6.752664876e+01 -9.324733512e+02 -9.324733512e+02 +1.1959e+00 -7.3055e-01
37 0 +2.190462178e+01 -9.780953782e+02 -9.780953782e+02 +2.3804e+00 -4.6465e-01
42 0 +1.493086079e+01 -9.850691392e+02 -9.850691392e+02 +2.0620e+00 -8.1283e-01
44 0 +1.015463317e+01 -9.898453668e+02 -9.898453668e+02 +1.5322e+00 -6.5735e-01
579 0 +9.596198979e+00 -9.904038010e+02 -9.904038010e+02 +1.4799e+00 -5.8773e-01
584 0 +9.223711257e+00 -9.907762887e+02 -9.907762887e+02 +1.4686e+00 -6.6936e-01
588 0 +8.218184388e+00 -9.917818156e+02 -9.917818156e+02 +1.4131e+00 -8.1068e-01
590 0 +7.926342726e+00 -9.920736573e+02 -9.920736573e+02 +1.3973e+00 -8.8743e-01
591 0 +5.260214350e+00 -9.947397856e+02 -9.947397856e+02 +1.0306e+00 -1.8596e+00
598 0 +4.184513949e+00 -9.958154861e+02 -9.958154861e+02 +8.4226e-01 -2.4259e+00
609 0 +3.611907290e+00 -9.963880927e+02 -9.963880927e+02 +6.8912e-01 -2.7829e+00
629 0 +3.531519569e+00 -9.964684804e+02 -9.964684804e+02 +5.1098e-01 -3.3060e+00
714 0 +3.453438812e+00 -9.965465612e+02 -9.965465612e+02 +4.9155e-01 -3.3369e+00
727 0 +3.367691851e+00 -9.966323081e+02 -9.966323081e+02 +5.2912e-01 -3.2133e+00
737 0 +3.286211201e+00 -9.967137888e+02 -9.967137888e+02 +5.4777e-01 -3.1379e+00
753 0 +3.194065868e+00 -9.968059341e+02 -9.968059341e+02 +5.0431e-01 -3.2362e+00
765 0 +2.965481998e+00 -9.970345180e+02 -9.970345180e+02 +4.7381e-01 -3.2570e+00
783 0 +2.935612433e+00 -9.970643876e+02 -9.970643876e+02 +5.4253e-01 -3.0475e+00
788 0 +2.598209539e+00 -9.974017905e+02 -9.974017905e+02 +4.8403e-01 -3.0784e+00
800 0 +2.498218856e+00 -9.975017811e+02 -9.975017811e+02 +3.4591e-01 -3.4022e+00
805 0 +2.430092685e+00 -9.975699073e+02 -9.975699073e+02 +3.5733e-01 -3.3376e+00
808 0 +1.806333816e+00 -9.981936662e+02 -9.981936662e+02 +3.2270e-01 -3.2473e+00
816 0 +1.746284520e+00 -9.982537155e+02 -9.982537155e+02 +7.6136e-02 -3.7966e+00
817 0 +1.470284208e+00 -9.985297158e+02 -9.985297158e+02 +2.0428e-01 -3.4555e+00
818 0 +1.055239102e+00 -9.989447609e+02 -9.989447609e+02 +2.0448e-01 -3.2074e+00
825 0 +7.395610799e-01 -9.992604389e+02 -9.992604389e+02 -1.8223e-02 -3.6168e+00
899 0 +7.242839824e-01 -9.992757160e+02 -9.992757160e+02 +7.6792e-02 -3.3766e+00
929 0 +5.270756827e-01 -9.994729243e+02 -9.994729243e+02 -4.9827e-02 -3.5598e+00
931 0 +4.254844791e-01 -9.995745155e+02 -9.995745155e+02 -7.7043e-02 -3.5682e+00
937 0 +1.164065406e-01 -9.998835935e+02 -9.998835935e+02 -1.0787e-01 -3.3861e+00
1029 0 +8.032409028e-02 -9.999196759e+02 -9.999196759e+02 -1.1991e-01 -3.3757e+00
1035 0 +4.615997137e-02 -9.999538400e+02 -9.999538400e+02 -1.0778e-01 -3.2893e+00
1055 0 +1.517601079e-02 -9.999848240e+02 -9.999848240e+02 -1.6859e-01 -3.3640e+00
1056 0 +8.498621298e-03 -9.999915014e+02 -9.999915014e+02 -1.5357e-01 -3.2750e+00
1063 0 +5.250010967e-04 -9.999994750e+02 -9.999994750e+02 -1.8309e-01 -3.3349e+00
1245 0 +4.433493489e-04 -9.999995567e+02 -9.999995567e+02 -1.8235e-01 -3.3315e+00
1252 0 +4.319565417e-04 -9.999995680e+02 -9.999995680e+02 -1.8040e-01 -3.3252e+00
1291 0 +4.180139761e-04 -9.999995820e+02 -9.999995820e+02 -1.8398e-01 -3.3348e+00
1298 0 +2.331862725e-04 -9.999997668e+02 -9.999997668e+02 -1.8480e-01 -3.3338e+00
1301 0 +1.006014267e-04 -9.999998994e+02 -9.999998994e+02 -1.8397e-01 -3.3293e+00
1340 0 +4.462037452e-05 -9.999999554e+02 -9.999999554e+02 -1.8457e-01 -3.3275e+00
1349 0 +4.200053809e-06 -9.999999958e+02 -9.999999958e+02 -1.8590e-01 -3.3299e+00
1404 0 +3.529804076e-06 -9.999999965e+02 -9.999999965e+02 -1.8601e-01 -3.3302e+00
1419 0 +2.213536959e-06 -9.999999978e+02 -9.999999978e+02 -1.8627e-01 -3.3307e+00
1442 0 +1.714041446e-06 -9.999999983e+02 -9.999999983e+02 -1.8612e-01 -3.3302e+00
1486 0 +1.280993615e-06 -9.999999987e+02 -9.999999987e+02 -1.8626e-01 -3.3305e+00
1517 0 +1.123252218e-06 -9.999999989e+02 -9.999999989e+02 -1.8618e-01 -3.3302e+00
1521 0 +9.905318166e-07 -9.999999990e+02 -9.999999990e+02 -1.8620e-01 -3.3303e+00
1550 0 +9.162729384e-07 -9.999999991e+02 -9.999999991e+02 -1.8627e-01 -3.3304e+00
1558 0 +7.128427342e-07 -9.999999993e+02 -9.999999993e+02 -1.8632e-01 -3.3305e+00
1589 0 +4.879576636e-07 -9.999999995e+02 -9.999999995e+02 -1.8632e-01 -3.3305e+00
1591 0 +4.203392336e-07 -9.999999996e+02 -9.999999996e+02 -1.8632e-01 -3.3304e+00
1605 0 +2.842516551e-07 -9.999999997e+02 -9.999999997e+02 -1.8634e-01 -3.3304e+00
1612 0 +2.780697059e-07 -9.999999997e+02 -9.999999997e+02 -1.8632e-01 -3.3304e+00
1616 0 +1.001662895e-07 -9.999999999e+02 -9.999999999e+02 -1.8634e-01 -3.3303e+00
1649 0 +5.253514246e-08 -9.999999999e+02 -9.999999999e+02 -1.8637e-01 -3.3304e+00
1685 0 +4.151218036e-08 -1.000000000e+03 -1.000000000e+03 -1.8638e-01 -3.3304e+00
1689 0 +2.763079010e-08 -1.000000000e+03 -1.000000000e+03 -1.8638e-01 -3.3304e+00
1693 0 +3.053514774e-09 -1.000000000e+03 -1.000000000e+03 -1.8639e-01 -3.3304e+00
% f evaluations | g evaluations | best noise-free fitness - Fopt (1.319200000000e+02) + sum g_i+ | measured fitness | best measured fitness or single-digit g-values | x1 | x2...
1 0 +1.849514788e+01 +1.504151479e+02 +1.504151479e+02 +0.0000e+00 +0.0000e+00
3 0 +1.398460587e+01 +1.459046059e+02 +1.459046059e+02 +9.8026e-02 +3.4094e-01
16 0 +1.254214230e+01 +1.444621423e+02 +1.444621423e+02 -3.5654e-01 +4.5407e-01
40 0 +1.201965219e+01 +1.439396522e+02 +1.439396522e+02 -5.3070e-01 +6.0176e-01
74 0 +1.038848593e+01 +1.423084859e+02 +1.423084859e+02 -7.5542e-01 +6.8978e-01
79 0 +8.566543875e+00 +1.404865439e+02 +1.404865439e+02 -9.1238e-01 +7.9204e-01
110 0 +7.736192641e+00 +1.396561926e+02 +1.396561926e+02 -1.0514e+00 +8.1646e-01
111 0 +7.123410459e+00 +1.390434105e+02 +1.390434105e+02 -1.2386e+00 +8.2995e-01
115 0 +7.005333297e+00 +1.389253333e+02 +1.389253333e+02 -1.2619e+00 +8.5249e-01
118 0 +6.652293890e+00 +1.385722939e+02 +1.385722939e+02 -1.3266e+00 +9.7610e-01
119 0 +6.124610947e+00 +1.380446109e+02 +1.380446109e+02 -1.5190e+00 +1.0210e+00
136 0 +5.550613103e+00 +1.374706131e+02 +1.374706131e+02 -1.6709e+00 +1.0386e+00
137 0 +3.974906713e+00 +1.358949067e+02 +1.358949067e+02 -2.0192e+00 +1.1781e+00
143 0 +3.196980891e+00 +1.351169809e+02 +1.351169809e+02 -2.1979e+00 +1.2865e+00
149 0 +2.622625463e+00 +1.345426255e+02 +1.345426255e+02 -2.3902e+00 +1.3501e+00
153 0 +2.344809480e+00 +1.342648095e+02 +1.342648095e+02 -2.5643e+00 +1.3798e+00
166 0 +1.238078983e+00 +1.331580790e+02 +1.331580790e+02 -3.0406e+00 +1.5245e+00
170 0 +1.009914964e-01 +1.320209915e+02 +1.320209915e+02 -4.0211e+00 +1.8277e+00
293 0 +3.933518957e-02 +1.319593352e+02 +1.319593352e+02 -3.8956e+00 +1.8453e+00
300 0 +1.962550886e-02 +1.319396255e+02 +1.319396255e+02 -3.8996e+00 +1.8659e+00
321 0 +9.551735055e-03 +1.319295517e+02 +1.319295517e+02 -3.9619e+00 +1.8807e+00
373 0 +9.020797646e-03 +1.319290208e+02 +1.319290208e+02 -3.9817e+00 +1.8858e+00
384 0 +7.655852829e-03 +1.319276559e+02 +1.319276559e+02 -3.9700e+00 +1.8867e+00
403 0 +3.859360011e-03 +1.319238594e+02 +1.319238594e+02 -3.9768e+00 +1.8946e+00
404 0 +1.608426633e-03 +1.319216084e+02 +1.319216084e+02 -3.9743e+00 +1.8995e+00
444 0 +1.415091312e-03 +1.319214151e+02 +1.319214151e+02 -3.9719e+00 +1.8999e+00
508 0 +1.346977182e-03 +1.319213470e+02 +1.319213470e+02 -3.9856e+00 +1.9029e+00
514 0 +1.163402101e-03 +1.319211634e+02 +1.319211634e+02 -3.9881e+00 +1.9044e+00
517 0 +8.678935560e-04 +1.319208679e+02 +1.319208679e+02 -3.9862e+00 +1.9051e+00
793 0 +5.423463424e-04 +1.319205423e+02 +1.319205423e+02 -3.9845e+00 +1.9058e+00
812 0 +4.584195831e-04 +1.319204584e+02 +1.319204584e+02 -3.9827e+00 +1.9061e+00
815 0 +2.348154260e-04 +1.319202348e+02 +1.319202348e+02 -3.9805e+00 +1.9069e+00
821 0 +1.874137380e-04 +1.319201874e+02 +1.319201874e+02 -3.9790e+00 +1.9070e+00
822 0 +1.735190623e-04 +1.319201735e+02 +1.319201735e+02 -3.9766e+00 +1.9084e+00
826 0 +1.318557766e-04 +1.319201319e+02 +1.319201319e+02 -3.9764e+00 +1.9079e+00
827 0 +1.253946333e-04 +1.319201254e+02 +1.319201254e+02 -3.9773e+00 +1.9078e+00
832 0 +1.226429725e-04 +1.319201226e+02 +1.319201226e+02 -3.9780e+00 +1.9077e+00
1075 0 +1.027134459e-04 +1.319201027e+02 +1.319201027e+02 -3.9774e+00 +1.9081e+00
1083 0 +8.036794245e-05 +1.319200804e+02 +1.319200804e+02 -3.9776e+00 +1.9086e+00
1140 0 +7.387685795e-05 +1.319200739e+02 +1.319200739e+02 -3.9778e+00 +1.9086e+00
1148 0 +5.545157734e-05 +1.319200555e+02 +1.319200555e+02 -3.9786e+00 +1.9089e+00
1213 0 +4.463692616e-05 +1.319200446e+02 +1.319200446e+02 -3.9798e+00 +1.9089e+00
1228 0 +3.428554274e-05 +1.319200343e+02 +1.319200343e+02 -3.9809e+00 +1.9090e+00
1231 0 +3.038173031e-05 +1.319200304e+02 +1.319200304e+02 -3.9820e+00 +1.9093e+00
1234 0 +2.626009137e-05 +1.319200263e+02 +1.319200263e+02 -3.9819e+00 +1.9094e+00
1246 0 +2.220550820e-05 +1.319200222e+02 +1.319200222e+02 -3.9816e+00 +1.9094e+00
1315 0 +2.047829958e-05 +1.319200205e+02 +1.319200205e+02 -3.9829e+00 +1.9097e+00
1322 0 +1.772074191e-05 +1.319200177e+02 +1.319200177e+02 -3.9818e+00 +1.9095e+00
1332 0 +1.670484346e-05 +1.319200167e+02 +1.319200167e+02 -3.9819e+00 +1.9095e+00
1340 0 +1.574625321e-05 +1.319200157e+02 +1.319200157e+02 -3.9827e+00 +1.9098e+00
1347 0 +1.147695988e-05 +1.319200115e+02 +1.319200115e+02 -3.9824e+00 +1.9098e+00
1353 0 +1.026702765e-05 +1.319200103e+02 +1.319200103e+02 -3.9817e+00 +1.9097e+00
1354 0 +4.318489346e-06 +1.319200043e+02 +1.319200043e+02 -3.9823e+00 +1.9100e+00
1413 0 +3.010499086e-06 +1.319200030e+02 +1.319200030e+02 -3.9819e+00 +1.9101e+00
1426 0 +2.339419694e-06 +1.319200023e+02 +1.319200023e+02 -3.9824e+00 +1.9102e+00
1435 0 +1.796881293e-06 +1.319200018e+02 +1.319200018e+02 -3.9824e+00 +1.9102e+00
1440 0 +9.529075840e-07 +1.319200010e+02 +1.319200010e+02 -3.9824e+00 +1.9102e+00
1444 0 +4.368468467e-07 +1.319200004e+02 +1.319200004e+02 -3.9825e+00 +1.9103e+00
1446 0 +3.427565503e-07 +1.319200003e+02 +1.319200003e+02 -3.9825e+00 +1.9103e+00
1451 0 +3.326386491e-07 +1.319200003e+02 +1.319200003e+02 -3.9822e+00 +1.9103e+00
1521 0 +2.400003325e-07 +1.319200002e+02 +1.319200002e+02 -3.9823e+00 +1.9103e+00
1535 0 +1.272833572e-07 +1.319200001e+02 +1.319200001e+02 -3.9823e+00 +1.9103e+00
1587 0 +1.164075911e-07 +1.319200001e+02 +1.319200001e+02 -3.9823e+00 +1.9103e+00
1588 0 +8.861522360e-08 +1.319200001e+02 +1.319200001e+02 -3.9823e+00 +1.9104e+00
1591 0 +2.486319772e-08 +1.319200000e+02 +1.319200000e+02 -3.9824e+00 +1.9104e+00
1601 0 +2.346212113e-08 +1.319200000e+02 +1.319200000e+02 -3.9824e+00 +1.9104e+00
1616 0 +1.138411676e-08 +1.319200000e+02 +1.319200000e+02 -3.9824e+00 +1.9104e+00
1691 0 +1.104328362e-08 +1.319200000e+02 +1.319200000e+02 -3.9824e+00 +1.9104e+00
1701 0 +3.961361017e-09 +1.319200000e+02 +1.319200000e+02 -3.9824e+00 +1.9104e+00
2581 0 +0.000000000e+00 +1.319200000e+02 +1.319200000e+02 -3.9824e+00 +1.9104e+00
% f evaluations | g evaluations | best noise-free fitness - Fopt (5.908400000000e+02) + sum g_i+ | measured fitness | best measured fitness or single-digit g-values | x1 | x2...
1 0 +2.473902553e+04 +2.532986553e+04 +2.532986553e+04 +0.0000e+00 +0.0000e+00
5 0 +1.481406636e+04 +1.540490636e+04 +1.540490636e+04 -1.1375e-01 -3.0566e-01
34 0 +1.337202517e+04 +1.396286517e+04 +1.396286517e+04 +7.5367e-02 -5.7981e-01
38 0 +1.116087039e+04 +1.175171039e+04 +1.175171039e+04 +9.9630e-02 -7.2963e-01
44 0 +9.380440236e+03 +9.971280236e+03 +9.971280236e+03 -7.0115e-02 -6.3144e-01
53 0 +3.707994660e+03 +4.298834660e+03 +4.298834660e+03 -1.2349e-01 -9.6827e-01
62 0 +1.260333579e+03 +1.851173579e+03 +1.851173579e+03 -2.2446e-01 -1.1267e+00
63 0 +2.196668967e+02 +8.105068967e+02 +8.105068967e+02 -1.2079e-01 -1.4493e+00
67 0 +8.661837828e+00 +5.995018378e+02 +5.995018378e+02 -2.3917e-01 -1.5923e+00
73 0 +7.580573354e+00 +5.984205734e+02 +5.984205734e+02 -1.6954e-01 -1.5791e+00
85 0 +6.392377986e+00 +5.972323780e+02 +5.972323780e+02 +5.4492e-02 -1.8474e+00
88 0 +3.741251529e+00 +5.945812515e+02 +5.945812515e+02 +5.5317e-01 -2.8700e+00
158 0 +2.607032993e+00 +5.934470330e+02 +5.934470330e+02 +5.9261e-01 -2.4749e+00
171 0 +9.600718401e-01 +5.918000718e+02 +5.918000718e+02 +1.1051e+00 -3.3394e+00
207 0 +7.522799011e-01 +5.915922799e+02 +5.915922799e+02 +1.4160e+00 -3.8421e+00
212 0 +6.074595438e-01 +5.914474595e+02 +5.914474595e+02 +1.2134e+00 -3.3887e+00
236 0 +3.518105748e-01 +5.911918106e+02 +5.911918106e+02 +1.2685e+00 -3.3683e+00
243 0 +5.102855169e-02 +5.908910286e+02 +5.908910286e+02 +1.3452e+00 -3.2243e+00
273 0 +3.740914190e-02 +5.908774091e+02 +5.908774091e+02 +1.4232e+00 -3.3983e+00
314 0 +7.441571482e-03 +5.908474416e+02 +5.908474416e+02 +1.4414e+00 -3.3691e+00
438 0 +5.696413261e-03 +5.908456964e+02 +5.908456964e+02 +1.4189e+00 -3.3174e+00
443 0 +4.643172676e-03 +5.908446432e+02 +5.908446432e+02 +1.4309e+00 -3.3421e+00
446 0 +2.269809537e-03 +5.908422698e+02 +5.908422698e+02 +1.4479e+00 -3.3591e+00
466 0 +6.088918891e-04 +5.908406089e+02 +5.908406089e+02 +1.4377e+00 -3.3300e+00
473 0 +4.817361589e-04 +5.908404817e+02 +5.908404817e+02 +1.4451e+00 -3.3438e+00
548 0 +4.449082764e-04 +5.908404449e+02 +5.908404449e+02 +1.4444e+00 -3.3423e+00
556 0 +3.333292175e-04 +5.908403333e+02 +5.908403333e+02 +1.4415e+00 -3.3361e+00
558 0 +1.508357452e-04 +5.908401508e+02 +5.908401508e+02 +1.4439e+00 -3.3381e+00
604 0 +1.334969745e-04 +5.908401335e+02 +5.908401335e+02 +1.4455e+00 -3.3401e+00
612 0 +6.217863915e-05 +5.908400622e+02 +5.908400622e+02 +1.4450e+00 -3.3380e+00
643 0 +4.940294821e-05 +5.908400494e+02 +5.908400494e+02 +1.4444e+00 -3.3364e+00
649 0 +7.101755955e-06 +5.908400071e+02 +5.908400071e+02 +1.4455e+00 -3.3367e+00
780 0 +5.851789524e-06 +5.908400059e+02 +5.908400059e+02 +1.4450e+00 -3.3354e+00
787 0 +5.496257813e-06 +5.908400055e+02 +5.908400055e+02 +1.4450e+00 -3.3355e+00
793 0 +3.727268449e-06 +5.908400037e+02 +5.908400037e+02 +1.4451e+00 -3.3356e+00
866 0 +3.390941856e-06 +5.908400034e+02 +5.908400034e+02 +1.4452e+00 -3.3358e+00
871 0 +3.315678782e-06 +5.908400033e+02 +5.908400033e+02 +1.4452e+00 -3.3358e+00
879 0 +2.882640388e-06 +5.908400029e+02 +5.908400029e+02 +1.4453e+00 -3.3360e+00
885 0 +1.977379270e-06 +5.908400020e+02 +5.908400020e+02 +1.4453e+00 -3.3358e+00
888 0 +1.715753911e-06 +5.908400017e+02 +5.908400017e+02 +1.4454e+00 -3.3360e+00
889 0 +5.691272236e-07 +5.908400006e+02 +5.908400006e+02 +1.4454e+00 -3.3359e+00
898 0 +1.459501391e-07 +5.908400001e+02 +5.908400001e+02 +1.4455e+00 -3.3360e+00
1028 0 +1.063302761e-07 +5.908400001e+02 +5.908400001e+02 +1.4456e+00 -3.3361e+00
1031 0 +9.800601219e-08 +5.908400001e+02 +5.908400001e+02 +1.4456e+00 -3.3361e+00
1039 0 +9.397717804e-08 +5.908400001e+02 +5.908400001e+02 +1.4456e+00 -3.3360e+00
1050 0 +2.896706519e-08 +5.908400000e+02 +5.908400000e+02 +1.4456e+00 -3.3360e+00
1074 0 +1.131695626e-08 +5.908400000e+02 +5.908400000e+02 +1.4456e+00 -3.3360e+00
1092 0 +1.096873348e-08 +5.908400000e+02 +5.908400000e+02 +1.4456e+00 -3.3360e+00
1094 0 +1.053399501e-08 +5.908400000e+02 +5.908400000e+02 +1.4456e+00 -3.3360e+00
1099 0 +9.368932297e-10 +5.908400000e+02 +5.908400000e+02 +1.4456e+00 -3.3360e+00
1788 0 +0.000000000e+00 +5.908400000e+02 +5.908400000e+02 +1.4456e+00 -3.3360e+00
% f evaluations | g evaluations | best noise-free fitness - Fopt (6.749000000000e+01) + sum g_i+ | measured fitness | best measured fitness or single-digit g-values | x1 | x2...
1 0 +6.509366078e+03 +6.576856078e+03 +6.576856078e+03 +0.0000e+00 +0.0000e+00
5 0 +3.850252763e+03 +3.917742763e+03 +3.917742763e+03 -1.1375e-01 -3.0566e-01
53 0 +3.799572436e+03 +3.867062436e+03 +3.867062436e+03 -1.7543e-01 -1.8460e-01
63 0 +3.692230118e+03 +3.759720118e+03 +3.759720118e+03 -1.9605e-01 -2.3640e-01
89 0 +3.072862372e+03 +3.140352372e+03 +3.140352372e+03 -3.3956e-01 -2.9469e-01
93 0 +2.629058086e+03 +2.696548086e+03 +2.696548086e+03 -3.0890e-01 -3.5104e-01
102 0 +2.093766033e+03 +2.161256033e+03 +2.161256033e+03 -3.3420e-01 -4.5817e-01
110 0 +1.954728153e+03 +2.022218153e+03 +2.022218153e+03 -4.4591e-01 -4.1819e-01
111 0 +1.070283814e+03 +1.137773814e+03 +1.137773814e+03 -5.9072e-01 -5.5181e-01
115 0 +8.862692194e+02 +9.537592194e+02 +9.537592194e+02 -5.9928e-01 -5.9115e-01
116 0 +9.409214603e+01 +1.615821460e+02 +1.615821460e+02 -7.9298e-01 -8.4603e-01
122 0 +1.594847519e+00 +6.908484752e+01 +6.908484752e+01 -9.0034e-01 -1.0588e+00
131 0 +7.256886917e-01 +6.821568869e+01 +6.821568869e+01 -1.3558e+00 -1.5101e+00
144 0 +5.204553231e-01 +6.801045532e+01 +6.801045532e+01 -1.0172e+00 -1.2980e+00
145 0 +1.525811222e-01 +6.764258112e+01 +6.764258112e+01 -9.3380e-01 -1.0935e+00
154 0 +3.519621589e-02 +6.752519622e+01 +6.752519622e+01 -9.0386e-01 -9.8584e-01
320 0 +2.505747730e-02 +6.751505748e+01 +6.751505748e+01 -9.6444e-01 -1.0029e+00
385 0 +9.100368357e-03 +6.749910037e+01 +6.749910037e+01 -9.2987e-01 -9.6148e-01
422 0 +6.962346583e-03 +6.749696235e+01 +6.749696235e+01 -9.2971e-01 -9.4463e-01
450 0 +4.620044060e-03 +6.749462004e+01 +6.749462004e+01 -9.1481e-01 -9.4248e-01
465 0 +2.368890816e-03 +6.749236889e+01 +6.749236889e+01 -9.0159e-01 -9.3095e-01
492 0 +1.378800455e-03 +6.749137880e+01 +6.749137880e+01 -8.9450e-01 -9.2428e-01
496 0 +1.282102689e-03 +6.749128210e+01 +6.749128210e+01 -8.8748e-01 -9.1994e-01
501 0 +5.656400055e-04 +6.749056564e+01 +6.749056564e+01 -8.9474e-01 -9.1784e-01
509 0 +5.540859945e-04 +6.749055409e+01 +6.749055409e+01 -8.9439e-01 -9.1788e-01
522 0 +5.329325823e-04 +6.749053293e+01 +6.749053293e+01 -8.9362e-01 -9.1779e-01
556 0 +4.260131117e-04 +6.749042601e+01 +6.749042601e+01 -8.9187e-01 -9.1581e-01
558 0 +2.705648621e-04 +6.749027056e+01 +6.749027056e+01 -8.8839e-01 -9.1380e-01
688 0 +2.555584613e-04 +6.749025556e+01 +6.749025556e+01 -8.8598e-01 -9.1237e-01
705 0 +2.379836880e-04 +6.749023798e+01 +6.749023798e+01 -8.8741e-01 -9.1289e-01
720 0 +1.480417820e-04 +6.749014804e+01 +6.749014804e+01 -8.8752e-01 -9.1194e-01
724 0 +1.469703083e-04 +6.749014697e+01 +6.749014697e+01 -8.8808e-01 -9.1190e-01
730 0 +1.393923877e-04 +6.749013939e+01 +6.749013939e+01 -8.8772e-01 -9.1159e-01
738 0 +8.666097439e-05 +6.749008666e+01 +6.749008666e+01 -8.8644e-01 -9.1046e-01
744 0 +5.049152378e-05 +6.749005049e+01 +6.749005049e+01 -8.8619e-01 -9.0884e-01
748 0 +2.518678996e-05 +6.749002519e+01 +6.749002519e+01 -8.8417e-01 -9.0817e-01
774 0 +8.564355880e-06 +6.749000856e+01 +6.749000856e+01 -8.8380e-01 -9.0744e-01
1056 0 +8.222279845e-06 +6.749000822e+01 +6.749000822e+01 -8.8333e-01 -9.0712e-01
1070 0 +7.966348235e-06 +6.749000797e+01 +6.749000797e+01 -8.8333e-01 -9.0711e-01
1075 0 +7.688764669e-06 +6.749000769e+01 +6.749000769e+01 -8.8336e-01 -9.0712e-01
1083 0 +6.816243399e-06 +6.749000682e+01 +6.749000682e+01 -8.8330e-01 -9.0702e-01
1251 0 +6.341730710e-06 +6.749000634e+01 +6.749000634e+01 -8.8331e-01 -9.0703e-01
1279 0 +6.253269703e-06 +6.749000625e+01 +6.749000625e+01 -8.8332e-01 -9.0703e-01
1291 0 +5.999959910e-06 +6.749000600e+01 +6.749000600e+01 -8.8332e-01 -9.0702e-01
1297 0 +5.633135189e-06 +6.749000563e+01 +6.749000563e+01 -8.8333e-01 -9.0701e-01
1301 0 +5.565206152e-06 +6.749000557e+01 +6.749000557e+01 -8.8332e-01 -9.0700e-01
1304 0 +4.424276753e-06 +6.749000442e+01 +6.749000442e+01 -8.8333e-01 -9.0695e-01
1311 0 +3.025408844e-06 +6.749000303e+01 +6.749000303e+01 -8.8336e-01 -9.0686e-01
1315 0 +2.019655341e-06 +6.749000202e+01 +6.749000202e+01 -8.8335e-01 -9.0681e-01
1316 0 +1.149340491e-06 +6.749000115e+01 +6.749000115e+01 -8.8337e-01 -9.0673e-01
1320 0 +8.524419002e-07 +6.749000085e+01 +6.749000085e+01 -8.8338e-01 -9.0668e-01
1329 0 +7.277488407e-07 +6.749000073e+01 +6.749000073e+01 -8.8338e-01 -9.0667e-01
1333 0 +5.715197346e-07 +6.749000057e+01 +6.749000057e+01 -8.8339e-01 -9.0665e-01
1334 0 +4.234417901e-07 +6.749000042e+01 +6.749000042e+01 -8.8339e-01 -9.0661e-01
1344 0 +3.622266291e-07 +6.749000036e+01 +6.749000036e+01 -8.8340e-01 -9.0656e-01
1367 0 +3.485298095e-07 +6.749000035e+01 +6.749000035e+01 -8.8338e-01 -9.0658e-01
1444 0 +3.383532032e-07 +6.749000034e+01 +6.749000034e+01 -8.8339e-01 -9.0657e-01
1614 0 +3.239913582e-07 +6.749000032e+01 +6.749000032e+01 -8.8338e-01 -9.0657e-01
1623 0 +3.111344000e-07 +6.749000031e+01 +6.749000031e+01 -8.8333e-01 -9.0657e-01
1628 0 +2.670884953e-07 +6.749000027e+01 +6.749000027e+01 -8.8334e-01 -9.0656e-01
1635 0 +2.446618765e-07 +6.749000024e+01 +6.749000024e+01 -8.8329e-01 -9.0655e-01
1639 0 +2.396735113e-07 +6.749000024e+01 +6.749000024e+01 -8.8333e-01 -9.0656e-01
1643 0 +1.838455006e-07 +6.749000018e+01 +6.749000018e+01 -8.8328e-01 -9.0652e-01
1648 0 +1.818886659e-07 +6.749000018e+01 +6.749000018e+01 -8.8323e-01 -9.0650e-01
1650 0 +7.824287707e-08 +6.749000008e+01 +6.749000008e+01 -8.8322e-01 -9.0646e-01
1700 0 +3.537677173e-08 +6.749000004e+01 +6.749000004e+01 -8.8325e-01 -9.0645e-01
1708 0 +3.077673227e-08 +6.749000003e+01 +6.749000003e+01 -8.8324e-01 -9.0645e-01
1710 0 +2.976693736e-08 +6.749000003e+01 +6.749000003e+01 -8.8324e-01 -9.0645e-01
1770 0 +2.659974996e-08 +6.749000003e+01 +6.749000003e+01 -8.8323e-01 -9.0644e-01
1783 0 +1.819837792e-08 +6.749000002e+01 +6.749000002e+01 -8.8321e-01 -9.0642e-01
1799 0 +1.134321792e-08 +6.749000001e+01 +6.749000001e+01 -8.8322e-01 -9.0643e-01
1805 0 +5.767915923e-09 +6.749000001e+01 +6.749000001e+01 -8.8321e-01 -9.0642e-01
2586 0 +0.000000000e+00 +6.749000000e+01 +6.749000000e+01 -8.8320e-01 -9.0640e-01
% f evaluations | g evaluations | best noise-free fitness - Fopt (3.085000000000e+01) + sum g_i+ | measured fitness | best measured fitness or single-digit g-values | x1 | x2...
1 0 +6.494185296e+01 +9.579185296e+01 +9.579185296e+01 +0.0000e+00 +0.0000e+00
2 0 +5.142302541e+01 +8.227302541e+01 +8.227302541e+01 +4.3379e-01 +3.0692e-02
10 0 +4.887659205e+01 +7.972659205e+01 +7.972659205e+01 +5.3630e-01 +1.4690e-01
13 0 +4.775401229e+01 +7.860401229e+01 +7.860401229e+01 +5.2436e-01 -1.4160e-01
18 0 +3.890408392e+01 +6.975408392e+01 +6.975408392e+01 +9.8724e-01 +1.2127e-01
27 0 +2.883285971e+01 +5.968285971e+01 +5.968285971e+01 +1.3466e+00 +2.6187e-01
30 0 +2.675290542e+01 +5.760290542e+01 +5.760290542e+01 +1.3600e+00 +1.7889e-02
35 0 +2.354389465e+01 +5.439389465e+01 +5.439389465e+01 +1.6356e+00 +7.9478e-02
43 0 +2.045409867e+01 +5.130409867e+01 +5.130409867e+01 +1.7501e+00 -4.3392e-01
72 0 +1.306903716e+01 +4.391903716e+01 +4.391903716e+01 +2.2329e+00 -1.0512e-01
144 0 +1.241838337e+01 +4.326838337e+01 +4.326838337e+01 +2.3215e+00 -3.8271e-01
165 0 +1.226513958e+01 +4.311513958e+01 +4.311513958e+01 +2.3258e+00 -4.6467e-01
312 0 +1.190278734e+01 +4.275278734e+01 +4.275278734e+01 +2.3515e+00 -5.3081e-01
317 0 +1.162369316e+01 +4.247369316e+01 +4.247369316e+01 +2.3766e+00 -5.4404e-01
349 0 +1.118186709e+01 +4.203186709e+01 +4.203186709e+01 +2.3710e+00 -6.3154e-01
447 0 +1.089552063e+01 +4.174552063e+01 +4.174552063e+01 +2.3967e+00 -6.2673e-01
469 0 +1.069846883e+01 +4.154846883e+01 +4.154846883e+01 +2.3990e+00 -6.5038e-01
472 0 +1.033651803e+01 +4.118651803e+01 +4.118651803e+01 +2.4068e+00 -6.8500e-01
490 0 +9.665595868e+00 +4.051559587e+01 +4.051559587e+01 +2.4210e+00 -7.6261e-01
495 0 +9.493786685e+00 +4.034378669e+01 +4.034378669e+01 +2.4325e+00 -8.2368e-01
503 0 +8.773854989e+00 +3.962385499e+01 +3.962385499e+01 +2.4325e+00 -8.4247e-01
507 0 +8.574905738e+00 +3.942490574e+01 +3.942490574e+01 +2.4361e+00 -8.6429e-01
512 0 +8.434895876e+00 +3.928489588e+01 +3.928489588e+01 +2.4491e+00 -9.2546e-01
518 0 +7.601317412e+00 +3.845131741e+01 +3.845131741e+01 +2.4571e+00 -9.9505e-01
523 0 +7.005385681e+00 +3.785538568e+01 +3.785538568e+01 +2.5300e+00 -1.3969e+00
527 0 +5.782766320e+00 +3.663276632e+01 +3.663276632e+01 +2.5815e+00 -1.7128e+00
534 0 +4.524833043e+00 +3.537483304e+01 +3.537483304e+01 +2.5797e+00 -1.7378e+00
544 0 +2.401179670e+00 +3.325117967e+01 +3.325117967e+01 +2.6831e+00 -2.3725e+00
569 0 +2.385732234e+00 +3.323573223e+01 +3.323573223e+01 +2.7300e+00 -2.6128e+00
579 0 +1.632260337e+00 +3.248226034e+01 +3.248226034e+01 +2.8191e+00 -3.1440e+00
597 0 +9.289117850e-01 +3.177891178e+01 +3.177891178e+01 +2.8032e+00 -3.0610e+00
629 0 +7.327675636e-01 +3.158276756e+01 +3.158276756e+01 +2.8112e+00 -3.1118e+00
632 0 +6.762428371e-01 +3.152624284e+01 +3.152624284e+01 +2.8336e+00 -3.2455e+00
639 0 +2.715489716e-01 +3.112154897e+01 +3.112154897e+01 +2.8419e+00 -3.3071e+00
647 0 +1.513706007e-01 +3.100137060e+01 +3.100137060e+01 +2.8717e+00 -3.4828e+00
660 0 +8.796566311e-02 +3.093796566e+01 +3.093796566e+01 +2.8741e+00 -3.5000e+00
661 0 +4.251539751e-02 +3.089251540e+01 +3.089251540e+01 +2.8857e+00 -3.5730e+00
668 0 +1.975351449e-02 +3.086975351e+01 +3.086975351e+01 +2.9048e+00 -3.6848e+00
671 0 +1.529839327e-02 +3.086529839e+01 +3.086529839e+01 +2.8960e+00 -3.6389e+00
673 0 +8.391864097e-03 +3.085839186e+01 +3.085839186e+01 +2.9017e+00 -3.6678e+00
687 0 +1.020560838e-03 +3.085102056e+01 +3.085102056e+01 +2.9070e+00 -3.7026e+00
706 0 +6.010938576e-04 +3.085060109e+01 +3.085060109e+01 +2.9077e+00 -3.7072e+00
713 0 +4.861591399e-04 +3.085048616e+01 +3.085048616e+01 +2.9078e+00 -3.7103e+00
734 0 +1.563818902e-04 +3.085015638e+01 +3.085015638e+01 +2.9086e+00 -3.7155e+00
739 0 +3.179637415e-05 +3.085003180e+01 +3.085003180e+01 +2.9094e+00 -3.7200e+00
775 0 +2.214589798e-05 +3.085002215e+01 +3.085002215e+01 +2.9096e+00 -3.7209e+00
804 0 +1.784600678e-05 +3.085001785e+01 +3.085001785e+01 +2.9098e+00 -3.7220e+00
868 0 +1.731263573e-05 +3.085001731e+01 +3.085001731e+01 +2.9097e+00 -3.7214e+00
887 0 +1.630159508e-05 +3.085001630e+01 +3.085001630e+01 +2.9097e+00 -3.7218e+00
922 0 +1.613860855e-05 +3.085001614e+01 +3.085001614e+01 +2.9097e+00 -3.7219e+00
1220 0 +1.578708109e-05 +3.085001579e+01 +3.085001579e+01 +2.9098e+00 -3.7217e+00
1248 0 +1.529567502e-05 +3.085001530e+01 +3.085001530e+01 +2.9098e+00 -3.7215e+00
1249 0 +1.498723758e-05 +3.085001499e+01 +3.085001499e+01 +2.9098e+00 -3.7212e+00
1250 0 +1.468718789e-05 +3.085001469e+01 +3.085001469e+01 +2.9098e+00 -3.7211e+00
1256 0 +1.433626444e-05 +3.085001434e+01 +3.085001434e+01 +2.9098e+00 -3.7211e+00
1258 0 +1.386931406e-05 +3.085001387e+01 +3.085001387e+01 +2.9098e+00 -3.7209e+00
1265 0 +1.357535536e-05 +3.085001358e+01 +3.085001358e+01 +2.9098e+00 -3.7206e+00
1272 0 +1.285283881e-05 +3.085001285e+01 +3.085001285e+01 +2.9098e+00 -3.7211e+00
1277 0 +1.203048131e-05 +3.085001203e+01 +3.085001203e+01 +2.9098e+00 -3.7204e+00
1282 0 +1.181777100e-05 +3.085001182e+01 +3.085001182e+01 +2.9098e+00 -3.7208e+00
1283 0 +1.045016936e-05 +3.085001045e+01 +3.085001045e+01 +2.9098e+00 -3.7210e+00
1285 0 +1.019170623e-05 +3.085001019e+01 +3.085001019e+01 +2.9099e+00 -3.7202e+00
1286 0 +9.325186554e-06 +3.085000933e+01 +3.085000933e+01 +2.9099e+00 -3.7203e+00
1292 0 +5.038543907e-06 +3.085000504e+01 +3.085000504e+01 +2.9101e+00 -3.7213e+00
1341 0 +4.938139543e-06 +3.085000494e+01 +3.085000494e+01 +2.9101e+00 -3.7212e+00
1363 0 +2.926165518e-06 +3.085000293e+01 +3.085000293e+01 +2.9102e+00 -3.7204e+00
1378 0 +1.761004189e-06 +3.085000176e+01 +3.085000176e+01 +2.9103e+00 -3.7204e+00
1426 0 +1.517471169e-06 +3.085000152e+01 +3.085000152e+01 +2.9103e+00 -3.7203e+00
1447 0 +5.516398858e-07 +3.085000055e+01 +3.085000055e+01 +2.9103e+00 -3.7206e+00
1613 0 +4.802549682e-07 +3.085000048e+01 +3.085000048e+01 +2.9103e+00 -3.7206e+00
1620 0 +2.425077064e-07 +3.085000024e+01 +3.085000024e+01 +2.9103e+00 -3.7207e+00
1623 0 +3.050110919e-08 +3.085000003e+01 +3.085000003e+01 +2.9104e+00 -3.7208e+00
1675 0 +1.942763461e-08 +3.085000002e+01 +3.085000002e+01 +2.9104e+00 -3.7208e+00
1690 0 +1.316682585e-08 +3.085000001e+01 +3.085000001e+01 +2.9104e+00 -3.7208e+00
1711 0 +1.002913308e-08 +3.085000001e+01 +3.085000001e+01 +2.9104e+00 -3.7208e+00
1726 0 +9.867559214e-09 +3.085000001e+01 +3.085000001e+01 +2.9104e+00 -3.7208e+00
3127 0 +0.000000000e+00 +3.085000000e+01 +3.085000000e+01 +2.9104e+00 -3.7208e+00
% f evaluations | g evaluations | best noise-free fitness - Fopt (-1.255000000000e+01) + sum g_i+ | measured fitness | best measured fitness or single-digit g-values | x1 | x2...
1 0 +8.527795398e+01 +7.272795398e+01 +7.272795398e+01 +0.0000e+00 +0.0000e+00
2 0 +6.698708603e+01 +5.443708603e+01 +5.443708603e+01 +4.3379e-01 +3.0692e-02
10 0 +6.338014892e+01 +5.083014892e+01 +5.083014892e+01 +5.3630e-01 +1.4690e-01
18 0 +4.851508088e+01 +3.596508088e+01 +3.596508088e+01 +9.8724e-01 +1.2127e-01
23 0 +4.477252019e+01 +3.222252019e+01 +3.222252019e+01 +1.0709e+00 +3.9901e-01
27 0 +3.945681804e+01 +2.690681804e+01 +2.690681804e+01 +1.3466e+00 +2.6187e-01
35 0 +3.110589920e+01 +1.855589920e+01 +1.855589920e+01 +1.6356e+00 +7.9478e-02
38 0 +2.016821355e+01 +7.618213550e+00 +7.618213550e+00 +2.6445e+00 -1.0853e+00
39 0 +1.253214817e+01 -1.785182892e-02 -1.785182892e-02 +3.1457e+00 -4.0262e-02
46 0 +1.026667276e+01 -2.283327237e+00 -2.283327237e+00 +2.7391e+00 +3.4392e-01
72 0 +7.702907896e+00 -4.847092104e+00 -4.847092104e+00 +3.0949e+00 -9.6128e-02
117 0 +4.192536368e+00 -8.357463632e+00 -8.357463632e+00 +3.0827e+00 +9.0164e-01
135 0 +3.390178603e+00 -9.159821397e+00 -9.159821397e+00 +3.1094e+00 +1.1028e+00
163 0 +2.739335262e+00 -9.810664738e+00 -9.810664738e+00 +3.0249e+00 +1.5360e+00
173 0 +1.365386325e+00 -1.118461367e+01 -1.118461367e+01 +3.2829e+00 +1.5597e+00
366 0 +1.343284627e+00 -1.120671537e+01 -1.120671537e+01 +3.2284e+00 +1.6993e+00
374 0 +1.141782657e+00 -1.140821734e+01 -1.140821734e+01 +3.2574e+00 +1.7363e+00
380 0 +8.215848898e-01 -1.172841511e+01 -1.172841511e+01 +3.2079e+00 +1.9596e+00
385 0 +7.124256022e-01 -1.183757440e+01 -1.183757440e+01 +3.3016e+00 +1.8888e+00
387 0 +8.488480068e-02 -1.246511520e+01 -1.246511520e+01 +3.3303e+00 +2.3702e+00
457 0 +7.945502128e-02 -1.247054498e+01 -1.247054498e+01 +3.3177e+00 +2.4393e+00
465 0 +7.497604314e-02 -1.247502396e+01 -1.247502396e+01 +3.3001e+00 +2.5960e+00
466 0 +4.258083577e-02 -1.250741916e+01 -1.250741916e+01 +3.3235e+00 +2.5179e+00
473 0 +2.997461016e-02 -1.252002539e+01 -1.252002539e+01 +3.3351e+00 +2.6075e+00
516 0 +1.655532155e-02 -1.253344468e+01 -1.253344468e+01 +3.3521e+00 +2.4939e+00
521 0 +1.410735743e-02 -1.253589264e+01 -1.253589264e+01 +3.3462e+00 +2.5436e+00
537 0 +1.152891765e-02 -1.253847108e+01 -1.253847108e+01 +3.3476e+00 +2.5719e+00
551 0 +6.266608809e-03 -1.254373339e+01 -1.254373339e+01 +3.3562e+00 +2.5714e+00
560 0 +3.328663141e-03 -1.254667134e+01 -1.254667134e+01 +3.3618e+00 +2.5542e+00
583 0 +1.155020467e-03 -1.254884498e+01 -1.254884498e+01 +3.3727e+00 +2.5234e+00
772 0 +9.558892583e-04 -1.254904411e+01 -1.254904411e+01 +3.3690e+00 +2.5495e+00
782 0 +9.539777202e-04 -1.254904602e+01 -1.254904602e+01 +3.3691e+00 +2.5506e+00
860 0 +9.280187351e-04 -1.254907198e+01 -1.254907198e+01 +3.3691e+00 +2.5477e+00
861 0 +8.152605312e-04 -1.254918474e+01 -1.254918474e+01 +3.3696e+00 +2.5468e+00
864 0 +7.382967275e-04 -1.254926170e+01 -1.254926170e+01 +3.3699e+00 +2.5475e+00
866 0 +5.397398757e-04 -1.254946026e+01 -1.254946026e+01 +3.3707e+00 +2.5477e+00
871 0 +5.218275141e-04 -1.254947817e+01 -1.254947817e+01 +3.3709e+00 +2.5478e+00
878 0 +5.086750025e-04 -1.254949132e+01 -1.254949132e+01 +3.3711e+00 +2.5472e+00
892 0 +2.219705699e-04 -1.254977803e+01 -1.254977803e+01 +3.3729e+00 +2.5437e+00
908 0 +1.411708941e-04 -1.254985883e+01 -1.254985883e+01 +3.3736e+00 +2.5431e+00
910 0 +8.441912483e-05 -1.254991558e+01 -1.254991558e+01 +3.3742e+00 +2.5419e+00
933 0 +3.664728209e-05 -1.254996335e+01 -1.254996335e+01 +3.3751e+00 +2.5389e+00
935 0 +1.872284617e-05 -1.254998128e+01 -1.254998128e+01 +3.3756e+00 +2.5385e+00
1031 0 +1.725005609e-05 -1.254998275e+01 -1.254998275e+01 +3.3757e+00 +2.5382e+00
1042 0 +1.612664554e-05 -1.254998387e+01 -1.254998387e+01 +3.3757e+00 +2.5384e+00
1054 0 +1.584572277e-05 -1.254998415e+01 -1.254998415e+01 +3.3757e+00 +2.5384e+00
1069 0 +1.285782879e-05 -1.254998714e+01 -1.254998714e+01 +3.3756e+00 +2.5389e+00
1074 0 +8.840910558e-06 -1.254999116e+01 -1.254999116e+01 +3.3756e+00 +2.5395e+00
1080 0 +8.363153508e-06 -1.254999164e+01 -1.254999164e+01 +3.3756e+00 +2.5394e+00
1086 0 +8.109469412e-06 -1.254999189e+01 -1.254999189e+01 +3.3756e+00 +2.5395e+00
1087 0 +2.356441014e-06 -1.254999764e+01 -1.254999764e+01 +3.3758e+00 +2.5400e+00
1089 0 +1.727254253e-06 -1.254999827e+01 -1.254999827e+01 +3.3758e+00 +2.5398e+00
1155 0 +1.536098722e-06 -1.254999846e+01 -1.254999846e+01 +3.3758e+00 +2.5401e+00
1163 0 +1.452171707e-06 -1.254999855e+01 -1.254999855e+01 +3.3758e+00 +2.5400e+00
1167 0 +3.965833120e-07 -1.254999960e+01 -1.254999960e+01 +3.3759e+00 +2.5401e+00
1172 0 +1.511957297e-07 -1.254999985e+01 -1.254999985e+01 +3.3760e+00 +2.5400e+00
1182 0 +1.050203853e-07 -1.254999989e+01 -1.254999989e+01 +3.3760e+00 +2.5400e+00
1200 0 +3.349841649e-08 -1.254999997e+01 -1.254999997e+01 +3.3760e+00 +2.5400e+00
1204 0 +2.538778077e-08 -1.254999997e+01 -1.254999997e+01 +3.3760e+00 +2.5400e+00
1281 0 +2.011709022e-08 -1.254999998e+01 -1.254999998e+01 +3.3760e+00 +2.5400e+00
1374 0 +1.720094289e-08 -1.254999998e+01 -1.254999998e+01 +3.3760e+00 +2.5400e+00
1380 0 +1.500420588e-08 -1.254999998e+01 -1.254999998e+01 +3.3760e+00 +2.5400e+00
1386 0 +1.443270392e-08 -1.254999999e+01 -1.254999999e+01 +3.3760e+00 +2.5400e+00
1389 0 +7.745832420e-09 -1.254999999e+01 -1.254999999e+01 +3.3760e+00 +2.5400e+00
2287 0 +0.000000000e+00 -1.255000000e+01 -1.255000000e+01 +3.3760e+00 +2.5400e+00
% f evaluations | g evaluations | best noise-free fitness - Fopt (5.383900000000e+02) + sum g_i+ | measured fitness | best measured fitness or single-digit g-values | x1 | x2...
1 0 +1.584721489e+03 +2.123111489e+03 +2.123111489e+03 +0.0000e+00 +0.0000e+00
3 0 +1.531551399e+01 +5.537055140e+02 +5.537055140e+02 +9.8026e-02 +3.4094e-01
30 0 +1.486980939e+01 +5.532598094e+02 +5.532598094e+02 +1.3082e-01 +3.6403e-01
37 0 +1.311092857e+01 +5.515009286e+02 +5.515009286e+02 +3.4517e-01 +5.8720e-01
87 0 +1.266647707e+01 +5.510564771e+02 +5.510564771e+02 +5.0151e-01 +7.8419e-01
104 0 +1.198738265e+01 +5.503773826e+02 +5.503773826e+02 +7.3006e-01 +7.9734e-01
117 0 +1.012015568e+01 +5.485101557e+02 +5.485101557e+02 +1.1685e+00 +1.5183e+00
126 0 +7.815821200e+00 +5.462058212e+02 +5.462058212e+02 +1.4465e+00 +1.7782e+00
133 0 +7.070268246e+00 +5.454602682e+02 +5.454602682e+02 +1.8496e+00 +2.2944e+00
139 0 +5.514039144e+00 +5.439040391e+02 +5.439040391e+02 +2.7067e+00 +3.0941e+00
144 0 +2.994696353e+00 +5.413846964e+02 +5.413846964e+02 +2.2095e+00 +2.0091e+00
147 0 +1.455578974e+00 +5.398455790e+02 +5.398455790e+02 +2.6353e+00 +2.3074e+00
186 0 +1.322272585e+00 +5.397122726e+02 +5.397122726e+02 +2.8332e+00 +2.5133e+00
187 0 +7.452862322e-01 +5.391352862e+02 +5.391352862e+02 +2.8988e+00 +2.4488e+00
564 0 +7.360934006e-01 +5.391260934e+02 +5.391260934e+02 +3.5617e+00 +3.1697e+00
576 0 +5.145053942e-01 +5.389045054e+02 +5.389045054e+02 +3.5407e+00 +3.0816e+00
584 0 +3.816410432e-01 +5.387716410e+02 +5.387716410e+02 +3.5357e+00 +3.0280e+00
588 0 +3.453182178e-01 +5.387353182e+02 +5.387353182e+02 +3.5219e+00 +3.0019e+00
590 0 +3.308391141e-01 +5.387208391e+02 +5.387208391e+02 +3.5235e+00 +2.9980e+00
591 0 +7.137905478e-02 +5.384613791e+02 +5.384613791e+02 +3.4583e+00 +2.8120e+00
598 0 +7.893365605e-03 +5.383978934e+02 +5.383978934e+02 +3.4524e+00 +2.7293e+00
647 0 +5.893077657e-03 +5.383958931e+02 +5.383958931e+02 +3.4434e+00 +2.7300e+00
658 0 +5.805798536e-03 +5.383958058e+02 +5.383958058e+02 +3.4527e+00 +2.7373e+00
660 0 +3.889159695e-03 +5.383938892e+02 +5.383938892e+02 +3.4445e+00 +2.7246e+00
661 0 +2.898578040e-03 +5.383928986e+02 +5.383928986e+02 +3.4420e+00 +2.7207e+00
662 0 +1.616154192e-03 +5.383916162e+02 +5.383916162e+02 +3.4456e+00 +2.7187e+00
677 0 +2.964893777e-04 +5.383902965e+02 +5.383902965e+02 +3.4375e+00 +2.7008e+00
681 0 +2.638404575e-04 +5.383902638e+02 +5.383902638e+02 +3.4387e+00 +2.7019e+00
1031 0 +2.362757577e-04 +5.383902363e+02 +5.383902363e+02 +3.4390e+00 +2.7017e+00
1042 0 +1.621076348e-04 +5.383901621e+02 +5.383901621e+02 +3.4398e+00 +2.7023e+00
1050 0 +9.670124155e-05 +5.383900967e+02 +5.383900967e+02 +3.4415e+00 +2.7039e+00
1056 0 +8.520584436e-05 +5.383900852e+02 +5.383900852e+02 +3.4420e+00 +2.7044e+00
1059 0 +4.294159157e-05 +5.383900429e+02 +5.383900429e+02 +3.4450e+00 +2.7074e+00
1060 0 +1.914617724e-05 +5.383900191e+02 +5.383900191e+02 +3.4447e+00 +2.7066e+00
1062 0 +1.621929323e-05 +5.383900162e+02 +5.383900162e+02 +3.4448e+00 +2.7066e+00
1065 0 +1.549536387e-05 +5.383900155e+02 +5.383900155e+02 +3.4452e+00 +2.7069e+00
1099 0 +7.998968272e-06 +5.383900080e+02 +5.383900080e+02 +3.4458e+00 +2.7072e+00
1113 0 +5.412153655e-06 +5.383900054e+02 +5.383900054e+02 +3.4456e+00 +2.7069e+00
1129 0 +4.662025958e-06 +5.383900047e+02 +5.383900047e+02 +3.4456e+00 +2.7069e+00
1167 0 +4.386412684e-06 +5.383900044e+02 +5.383900044e+02 +3.4455e+00 +2.7068e+00
1171 0 +3.684526291e-06 +5.383900037e+02 +5.383900037e+02 +3.4455e+00 +2.7067e+00
1174 0 +3.592584449e-06 +5.383900036e+02 +5.383900036e+02 +3.4455e+00 +2.7068e+00
1182 0 +3.439211923e-06 +5.383900034e+02 +5.383900034e+02 +3.4455e+00 +2.7068e+00
1199 0 +3.135976044e-06 +5.383900031e+02 +5.383900031e+02 +3.4457e+00 +2.7069e+00
1248 0 +2.881459864e-06 +5.383900029e+02 +5.383900029e+02 +3.4456e+00 +2.7067e+00
1249 0 +2.505869361e-06 +5.383900025e+02 +5.383900025e+02 +3.4457e+00 +2.7068e+00
1250 0 +2.160559916e-06 +5.383900022e+02 +5.383900022e+02 +3.4457e+00 +2.7068e+00
1256 0 +1.949505872e-06 +5.383900019e+02 +5.383900019e+02 +3.4457e+00 +2.7067e+00
1258 0 +1.742621521e-06 +5.383900017e+02 +5.383900017e+02 +3.4457e+00 +2.7067e+00
1274 0 +3.960100230e-07 +5.383900004e+02 +5.383900004e+02 +3.4456e+00 +2.7065e+00
1423 0 +1.513459438e-07 +5.383900002e+02 +5.383900002e+02 +3.4456e+00 +2.7064e+00
1455 0 +1.022909828e-07 +5.383900001e+02 +5.383900001e+02 +3.4456e+00 +2.7065e+00
1463 0 +9.974246495e-08 +5.383900001e+02 +5.383900001e+02 +3.4456e+00 +2.7065e+00
1467 0 +9.293319181e-08 +5.383900001e+02 +5.383900001e+02 +3.4455e+00 +2.7063e+00
1479 0 +2.567924184e-08 +5.383900000e+02 +5.383900000e+02 +3.4456e+00 +2.7064e+00
1491 0 +2.323190529e-08 +5.383900000e+02 +5.383900000e+02 +3.4456e+00 +2.7064e+00
1542 0 +2.045351266e-08 +5.383900000e+02 +5.383900000e+02 +3.4456e+00 +2.7064e+00
1568 0 +1.985586096e-08 +5.383900000e+02 +5.383900000e+02 +3.4456e+00 +2.7064e+00
1575 0 +1.848491138e-08 +5.383900000e+02 +5.383900000e+02 +3.4456e+00 +2.7064e+00
1577 0 +1.719524789e-08 +5.383900000e+02 +5.383900000e+02 +3.4456e+00 +2.7064e+00
1586 0 +7.583139450e-09 +5.383900000e+02 +5.383900000e+02 +3.4456e+00 +2.7064e+00
2173 0 +0.000000000e+00 +5.383900000e+02 +5.383900000e+02 +3.4456e+00 +2.7064e+00
% f evaluations | g evaluations | best noise-free fitness - Fopt (-1.055600000000e+02) + sum g_i+ | measured fitness | best measured fitness or single-digit g-values | x1 | x2...
1 0 +4.801746869e+04 +4.791190869e+04 +4.791190869e+04 +0.0000e+00 +0.0000e+00
2 0 +4.769282584e+04 +4.758726584e+04 +4.758726584e+04 +4.3379e-01 +3.0692e-02
5 0 +4.015413339e+04 +4.004857339e+04 +4.004857339e+04 -1.1375e-01 -3.0566e-01
13 0 +3.541856391e+04 +3.531300391e+04 +3.531300391e+04 +2.4887e-01 -3.4536e-01
28 0 +3.441367094e+04 +3.430811094e+04 +3.430811094e+04 +3.6811e-01 -4.2141e-01
34 0 +3.176197872e+04 +3.165641872e+04 +3.165641872e+04 +5.2640e-01 -7.8881e-01
38 0 +2.215037539e+04 +2.204481539e+04 +2.204481539e+04 +1.2200e+00 -1.5883e+00
44 0 +2.074137124e+04 +2.063581124e+04 +2.063581124e+04 +9.4099e-01 -1.3670e+00
72 0 +1.849397163e+04 +1.838841163e+04 +1.838841163e+04 +1.2831e+00 -1.8663e+00
81 0 +1.635782937e+04 +1.625226937e+04 +1.625226937e+04 +9.5083e-01 -1.6968e+00
93 0 +1.538140794e+04 +1.527584794e+04 +1.527584794e+04 +1.3122e+00 -2.1072e+00
116 0 +1.189126606e+04 +1.178570606e+04 +1.178570606e+04 +1.2132e+00 -2.1775e+00
146 0 +1.156216363e+04 +1.145660363e+04 +1.145660363e+04 +1.0302e+00 -2.0388e+00
153 0 +9.821922737e+03 +9.716362737e+03 +9.716362737e+03 +1.2299e+00 -2.3337e+00
159 0 +9.325072378e+03 +9.219512378e+03 +9.219512378e+03 +1.3955e+00 -2.5779e+00
165 0 +8.862869832e+03 +8.757309832e+03 +8.757309832e+03 +1.5781e+00 -2.9197e+00
166 0 +6.634415342e+03 +6.528855342e+03 +6.528855342e+03 +1.3608e+00 -2.7577e+00
170 0 +3.980891214e+03 +3.875331214e+03 +3.875331214e+03 +1.6713e+00 -3.5773e+00
179 0 +2.216725149e+03 +2.111165149e+03 +2.111165149e+03 +1.3833e+00 -3.1802e+00
184 0 +1.874838218e+03 +1.769278218e+03 +1.769278218e+03 +1.6602e+00 -3.9326e+00
193 0 +6.159080599e+00 -9.940091940e+01 -9.940091940e+01 +2.1112e+00 -6.2541e+00
198 0 +5.338269302e+00 -1.002217307e+02 -1.002217307e+02 +1.8899e+00 -6.0342e+00
204 0 +3.570649200e+00 -1.019893508e+02 -1.019893508e+02 +1.9535e+00 -5.6248e+00
305 0 +2.936241665e+00 -1.026237583e+02 -1.026237583e+02 +1.2009e+00 -4.7765e+00
802 0 +2.831498368e+00 -1.027285016e+02 -1.027285016e+02 +8.5524e-01 -3.9823e+00
805 0 +2.748537620e+00 -1.028114624e+02 -1.028114624e+02 +8.7112e-01 -3.9700e+00
808 0 +2.583397051e+00 -1.029766029e+02 -1.029766029e+02 +8.8763e-01 -3.9662e+00
817 0 +2.551437887e+00 -1.030085621e+02 -1.030085621e+02 +9.2058e-01 -3.9384e+00
818 0 +2.322124990e+00 -1.032378750e+02 -1.032378750e+02 +9.2926e-01 -3.9462e+00
824 0 +1.712913892e+00 -1.038470861e+02 -1.038470861e+02 +9.7617e-01 -3.9123e+00
833 0 +1.495626751e+00 -1.040643732e+02 -1.040643732e+02 +1.0002e+00 -3.8969e+00
859 0 +1.011618609e+00 -1.045483814e+02 -1.045483814e+02 +1.0803e+00 -3.8542e+00
868 0 +9.198810483e-01 -1.046401190e+02 -1.046401190e+02 +1.1004e+00 -3.8381e+00
875 0 +8.389181335e-01 -1.047210819e+02 -1.047210819e+02 +1.0987e+00 -3.8507e+00
880 0 +7.444452880e-01 -1.048155547e+02 -1.048155547e+02 +1.1163e+00 -3.8377e+00
881 0 +1.705305814e-01 -1.053894694e+02 -1.053894694e+02 +1.2985e+00 -3.7238e+00
893 0 +1.621890947e-02 -1.055437811e+02 -1.055437811e+02 +1.3377e+00 -3.7237e+00
937 0 +5.138155055e-04 -1.055594862e+02 -1.055594862e+02 +1.3611e+00 -3.7043e+00
1034 0 +1.050491876e-04 -1.055598950e+02 -1.055598950e+02 +1.3583e+00 -3.6931e+00
1077 0 +8.382473094e-05 -1.055599162e+02 -1.055599162e+02 +1.3586e+00 -3.6931e+00
1125 0 +4.711070260e-05 -1.055599529e+02 -1.055599529e+02 +1.3591e+00 -3.6932e+00
1133 0 +3.876276345e-05 -1.055599612e+02 -1.055599612e+02 +1.3592e+00 -3.6931e+00
1136 0 +2.628664913e-05 -1.055599737e+02 -1.055599737e+02 +1.3594e+00 -3.6929e+00
1140 0 +8.770807142e-06 -1.055599912e+02 -1.055599912e+02 +1.3598e+00 -3.6928e+00
1189 0 +4.509745665e-06 -1.055599955e+02 -1.055599955e+02 +1.3599e+00 -3.6927e+00
1207 0 +1.534253315e-06 -1.055599985e+02 -1.055599985e+02 +1.3599e+00 -3.6923e+00
1231 0 +1.151602390e-06 -1.055599988e+02 -1.055599988e+02 +1.3600e+00 -3.6923e+00
1242 0 +4.293403748e-07 -1.055599996e+02 -1.055599996e+02 +1.3600e+00 -3.6922e+00
1318 0 +4.145401959e-07 -1.055599996e+02 -1.055599996e+02 +1.3600e+00 -3.6922e+00
1437 0 +4.017515209e-07 -1.055599996e+02 -1.055599996e+02 +1.3601e+00 -3.6923e+00
1449 0 +3.492603753e-07 -1.055599997e+02 -1.055599997e+02 +1.3601e+00 -3.6922e+00
1459 0 +3.319132702e-07 -1.055599997e+02 -1.055599997e+02 +1.3601e+00 -3.6922e+00
1487 0 +3.268798849e-07 -1.055599997e+02 -1.055599997e+02 +1.3601e+00 -3.6922e+00
1490 0 +3.172483503e-07 -1.055599997e+02 -1.055599997e+02 +1.3601e+00 -3.6922e+00
1493 0 +3.049910902e-07 -1.055599997e+02 -1.055599997e+02 +1.3601e+00 -3.6922e+00
1504 0 +2.990044408e-07 -1.055599997e+02 -1.055599997e+02 +1.3601e+00 -3.6922e+00
1523 0 +2.843778617e-07 -1.055599997e+02 -1.055599997e+02 +1.3601e+00 -3.6922e+00
1532 0 +2.788581099e-07 -1.055599997e+02 -1.055599997e+02 +1.3601e+00 -3.6922e+00
1551 0 +2.687438609e-07 -1.055599997e+02 -1.055599997e+02 +1.3601e+00 -3.6922e+00
1572 0 +2.467117781e-07 -1.055599998e+02 -1.055599998e+02 +1.3601e+00 -3.6922e+00
1638 0 +2.424938685e-07 -1.055599998e+02 -1.055599998e+02 +1.3601e+00 -3.6922e+00
1738 0 +2.368689564e-07 -1.055599998e+02 -1.055599998e+02 +1.3601e+00 -3.6922e+00
1748 0 +2.288902152e-07 -1.055599998e+02 -1.055599998e+02 +1.3601e+00 -3.6922e+00
1755 0 +2.200502252e-07 -1.055599998e+02 -1.055599998e+02 +1.3601e+00 -3.6922e+00
1764 0 +2.162845334e-07 -1.055599998e+02 -1.055599998e+02 +1.3601e+00 -3.6922e+00
1774 0 +2.022525933e-07 -1.055599998e+02 -1.055599998e+02 +1.3601e+00 -3.6922e+00
1775 0 +1.965330654e-07 -1.055599998e+02 -1.055599998e+02 +1.3601e+00 -3.6922e+00
1781 0 +1.933440927e-07 -1.055599998e+02 -1.055599998e+02 +1.3601e+00 -3.6922e+00
1784 0 +1.859167043e-07 -1.055599998e+02 -1.055599998e+02 +1.3601e+00 -3.6922e+00
1787 0 +1.620772565e-07 -1.055599998e+02 -1.055599998e+02 +1.3600e+00 -3.6922e+00
1796 0 +1.263638580e-07 -1.055599999e+02 -1.055599999e+02 +1.3600e+00 -3.6921e+00
1801 0 +9.481013308e-08 -1.055599999e+02 -1.055599999e+02 +1.3600e+00 -3.6921e+00
1806 0 +5.064315189e-08 -1.055599999e+02 -1.055599999e+02 +1.3600e+00 -3.6921e+00
1860 0 +4.570529200e-08 -1.055600000e+02 -1.055600000e+02 +1.3600e+00 -3.6920e+00
1955 0 +3.995450015e-08 -1.055600000e+02 -1.055600000e+02 +1.3600e+00 -3.6921e+00
1956 0 +3.670184867e-08 -1.055600000e+02 -1.055600000e+02 +1.3600e+00 -3.6921e+00
1997 0 +3.098725188e-08 -1.055600000e+02 -1.055600000e+02 +1.3600e+00 -3.6921e+00
2006 0 +2.543120559e-08 -1.055600000e+02 -1.055600000e+02 +1.3600e+00 -3.6920e+00
2011 0 +2.458784820e-08 -1.055600000e+02 -1.055600000e+02 +1.3600e+00 -3.6920e+00
2018 0 +1.697256380e-08 -1.055600000e+02 -1.055600000e+02 +1.3600e+00 -3.6920e+00
2026 0 +1.073321698e-08 -1.055600000e+02 -1.055600000e+02 +1.3600e+00 -3.6920e+00
2049 0 +8.280835573e-09 -1.055600000e+02 -1.055600000e+02 +1.3600e+00 -3.6920e+00
2617 0 +0.000000000e+00 -1.055600000e+02 -1.055600000e+02 +1.3600e+00 -3.6920e+00
% f evaluations | g evaluations | best noise-free fitness - Fopt (9.803000000000e+01) + sum g_i+ | measured fitness | best measured fitness or single-digit g-values | x1 | x2...
1 0 +9.078776958e+03 +9.176806958e+03 +9.176806958e+03 +0.0000e+00 +0.0000e+00
5 0 +6.679663496e+03 +6.777693496e+03 +6.777693496e+03 -1.1375e-01 -3.0566e-01
40 0 +6.046458646e+03 +6.144488646e+03 +6.144488646e+03 -2.3240e-01 -2.9755e-01
44 0 +5.958323277e+03 +6.056353277e+03 +6.056353277e+03 -6.2037e-02 -4.9311e-01
53 0 +4.100194855e+03 +4.198224855e+03 +4.198224855e+03 -1.7263e-01 -5.9109e-01
62 0 +3.700474500e+03 +3.798504500e+03 +3.798504500e+03 -2.5432e-01 -6.4141e-01
67 0 +2.940361543e+03 +3.038391543e+03 +3.038391543e+03 -3.3518e-01 -7.6302e-01
74 0 +1.910536799e+03 +2.008566799e+03 +2.008566799e+03 -8.3086e-01 -4.8960e-01
79 0 +1.156349048e+03 +1.254379048e+03 +1.254379048e+03 -9.9500e-01 -5.1161e-01
89 0 +3.530487117e+00 +1.015604871e+02 +1.015604871e+02 -1.4434e+00 -9.1651e-01
102 0 +3.419237766e+00 +1.014492378e+02 +1.014492378e+02 -1.6471e+00 -1.1353e+00
591 0 +3.106850026e+00 +1.011368500e+02 +1.011368500e+02 -1.4094e+00 -9.3634e-01
598 0 +1.572236662e+00 +9.960223666e+01 +9.960223666e+01 -1.3039e+00 -1.0820e+00
613 0 +8.410752670e-01 +9.887107527e+01 +9.887107527e+01 -1.2271e+00 -1.1791e+00
614 0 +6.054509430e-01 +9.863545094e+01 +9.863545094e+01 -1.1953e+00 -1.2425e+00
616 0 +5.451538586e-01 +9.857515386e+01 +9.857515386e+01 -1.1888e+00 -1.2477e+00
619 0 +7.776038727e-02 +9.810776039e+01 +9.810776039e+01 -1.0913e+00 -1.3815e+00
621 0 +4.861665743e-02 +9.807861666e+01 +9.807861666e+01 -1.0810e+00 -1.3963e+00
654 0 +4.235222629e-02 +9.807235223e+01 +9.807235223e+01 -1.0752e+00 -1.4214e+00
927 0 +4.163338182e-02 +9.807163338e+01 +9.807163338e+01 -1.0686e+00 -1.4325e+00
1003 0 +4.067347696e-02 +9.807067348e+01 +9.807067348e+01 -1.0648e+00 -1.4315e+00
1011 0 +3.938631268e-02 +9.806938631e+01 +9.806938631e+01 -1.0627e+00 -1.4284e+00
1025 0 +3.786423591e-02 +9.806786424e+01 +9.806786424e+01 -1.0610e+00 -1.4251e+00
1031 0 +3.512279687e-02 +9.806512280e+01 +9.806512280e+01 -1.0586e+00 -1.4192e+00
1042 0 +3.118226652e-02 +9.806118227e+01 +9.806118227e+01 -1.0547e+00 -1.4115e+00
1050 0 +2.971306164e-02 +9.805971306e+01 +9.805971306e+01 -1.0515e+00 -1.3943e+00
1054 0 +2.881212544e-02 +9.805881213e+01 +9.805881213e+01 -1.0518e+00 -1.4055e+00
1069 0 +2.568860071e-02 +9.805568860e+01 +9.805568860e+01 -1.0311e+00 -1.3597e+00
1085 0 +2.480222360e-02 +9.805480222e+01 +9.805480222e+01 -1.0422e+00 -1.3871e+00
1097 0 +2.418035085e-02 +9.805418035e+01 +9.805418035e+01 -1.0369e+00 -1.3762e+00
1123 0 +2.314838025e-02 +9.805314838e+01 +9.805314838e+01 -1.0334e+00 -1.3734e+00
1132 0 +2.285228249e-02 +9.805285228e+01 +9.805285228e+01 -1.0258e+00 -1.3597e+00
1138 0 +2.065383294e-02 +9.805065383e+01 +9.805065383e+01 -1.0259e+00 -1.3675e+00
1143 0 +1.956204999e-02 +9.804956205e+01 +9.804956205e+01 -1.0177e+00 -1.3550e+00
1146 0 +1.926258766e-02 +9.804926259e+01 +9.804926259e+01 -1.0247e+00 -1.3697e+00
1151 0 +1.897411724e-02 +9.804897412e+01 +9.804897412e+01 -1.0195e+00 -1.3597e+00
1153 0 +1.812153963e-02 +9.804812154e+01 +9.804812154e+01 -1.0214e+00 -1.3662e+00
1155 0 +1.572876773e-02 +9.804572877e+01 +9.804572877e+01 -1.0142e+00 -1.3602e+00
1159 0 +1.529305086e-02 +9.804529305e+01 +9.804529305e+01 -1.0097e+00 -1.3533e+00
1167 0 +1.032735352e-02 +9.804032735e+01 +9.804032735e+01 -1.0042e+00 -1.3608e+00
1171 0 +7.838759631e-03 +9.803783876e+01 +9.803783876e+01 -9.8379e-01 -1.3362e+00
1174 0 +7.606458676e-03 +9.803760646e+01 +9.803760646e+01 -9.8252e-01 -1.3349e+00
1177 0 +6.715933612e-03 +9.803671593e+01 +9.803671593e+01 -9.8711e-01 -1.3449e+00
1182 0 +4.647227616e-03 +9.803464723e+01 +9.803464723e+01 -9.7658e-01 -1.3356e+00
1194 0 +3.890980830e-03 +9.803389098e+01 +9.803389098e+01 -9.6499e-01 -1.3234e+00
1200 0 +2.445395011e-03 +9.803244540e+01 +9.803244540e+01 -9.7037e-01 -1.3443e+00
1201 0 +1.525781986e-03 +9.803152578e+01 +9.803152578e+01 -9.5960e-01 -1.3259e+00
1204 0 +1.196329952e-03 +9.803119633e+01 +9.803119633e+01 -9.6202e-01 -1.3342e+00
1236 0 +1.382340083e-04 +9.803013823e+01 +9.803013823e+01 -9.4870e-01 -1.3238e+00
1355 0 +1.146294962e-04 +9.803011463e+01 +9.803011463e+01 -9.4793e-01 -1.3231e+00
1369 0 +8.418487931e-05 +9.803008418e+01 +9.803008418e+01 -9.4558e-01 -1.3207e+00
1371 0 +7.713158902e-05 +9.803007713e+01 +9.803007713e+01 -9.4613e-01 -1.3214e+00
1376 0 +7.044865838e-05 +9.803007045e+01 +9.803007045e+01 -9.4677e-01 -1.3223e+00
1388 0 +5.008533185e-05 +9.803005009e+01 +9.803005009e+01 -9.4664e-01 -1.3228e+00
1399 0 +2.958370165e-05 +9.803002958e+01 +9.803002958e+01 -9.4561e-01 -1.3219e+00
1402 0 +1.418015070e-05 +9.803001418e+01 +9.803001418e+01 -9.4524e-01 -1.3221e+00
1420 0 +1.297810635e-05 +9.803001298e+01 +9.803001298e+01 -9.4526e-01 -1.3222e+00
1427 0 +8.837608220e-06 +9.803000884e+01 +9.803000884e+01 -9.4469e-01 -1.3216e+00
1439 0 +8.671747892e-06 +9.803000867e+01 +9.803000867e+01 -9.4518e-01 -1.3224e+00
1468 0 +5.388178565e-06 +9.803000539e+01 +9.803000539e+01 -9.4488e-01 -1.3222e+00
1469 0 +7.490572784e-07 +9.803000075e+01 +9.803000075e+01 -9.4413e-01 -1.3216e+00
1498 0 +3.515152684e-07 +9.803000035e+01 +9.803000035e+01 -9.4419e-01 -1.3217e+00
1586 0 +3.463993892e-07 +9.803000035e+01 +9.803000035e+01 -9.4415e-01 -1.3216e+00
1615 0 +2.031512025e-07 +9.803000020e+01 +9.803000020e+01 -9.4410e-01 -1.3216e+00
1850 0 +1.994493317e-07 +9.803000020e+01 +9.803000020e+01 -9.4407e-01 -1.3216e+00
1860 0 +1.893282899e-07 +9.803000019e+01 +9.803000019e+01 -9.4404e-01 -1.3216e+00
1871 0 +1.793605264e-07 +9.803000018e+01 +9.803000018e+01 -9.4405e-01 -1.3216e+00
1876 0 +1.704247126e-07 +9.803000017e+01 +9.803000017e+01 -9.4406e-01 -1.3216e+00
1878 0 +1.007524162e-07 +9.803000010e+01 +9.803000010e+01 -9.4404e-01 -1.3216e+00
1925 0 +5.454040775e-08 +9.803000005e+01 +9.803000005e+01 -9.4404e-01 -1.3216e+00
1932 0 +5.317269824e-08 +9.803000005e+01 +9.803000005e+01 -9.4407e-01 -1.3216e+00
1935 0 +4.561013611e-08 +9.803000005e+01 +9.803000005e+01 -9.4406e-01 -1.3217e+00
1937 0 +3.912391833e-08 +9.803000004e+01 +9.803000004e+01 -9.4406e-01 -1.3216e+00
1953 0 +3.208401722e-08 +9.803000003e+01 +9.803000003e+01 -9.4405e-01 -1.3216e+00
1955 0 +2.299884727e-08 +9.803000002e+01 +9.803000002e+01 -9.4404e-01 -1.3216e+00
1956 0 +2.009228695e-08 +9.803000002e+01 +9.803000002e+01 -9.4404e-01 -1.3216e+00
1998 0 +1.689161877e-08 +9.803000002e+01 +9.803000002e+01 -9.4404e-01 -1.3216e+00
2006 0 +1.557299356e-08 +9.803000002e+01 +9.803000002e+01 -9.4403e-01 -1.3216e+00
2011 0 +1.277621209e-08 +9.803000001e+01 +9.803000001e+01 -9.4403e-01 -1.3216e+00
2015 0 +1.185891563e-08 +9.803000001e+01 +9.803000001e+01 -9.4403e-01 -1.3216e+00
2018 0 +6.831427868e-09 +9.803000001e+01 +9.803000001e+01 -9.4402e-01 -1.3216e+00
2734 0 +0.000000000e+00 +9.803000000e+01 +9.803000000e+01 -9.4400e-01 -1.3216e+00
% f evaluations | g evaluations | best noise-free fitness - Fopt (1.000000000000e+03) + sum g_i+ | measured fitness | best measured fitness or single-digit g-values | x1 | x2...
1 0 +1.028164801e+01 +1.010281648e+03 +1.010281648e+03 +0.0000e+00 +0.0000e+00
5 0 +7.127394198e+00 +1.007127394e+03 +1.007127394e+03 -1.1375e-01 -3.0566e-01
40 0 +7.007173546e+00 +1.007007174e+03 +1.007007174e+03 -1.2174e-01 -3.4284e-01
53 0 +6.886088758e+00 +1.006886089e+03 +1.006886089e+03 -3.5416e-02 -5.6668e-01
62 0 +6.750180327e+00 +1.006750180e+03 +1.006750180e+03 -9.9834e-02 -5.9642e-01
74 0 +6.161415621e+00 +1.006161416e+03 +1.006161416e+03 -4.4133e-01 -4.6532e-01
79 0 +5.981737057e+00 +1.005981737e+03 +1.005981737e+03 -4.0881e-01 -5.5699e-01
89 0 +4.875787965e+00 +1.004875788e+03 +1.004875788e+03 -5.8196e-01 -7.8632e-01
110 0 +3.845453995e+00 +1.003845454e+03 +1.003845454e+03 -8.6941e-01 -8.9181e-01
111 0 +3.270357368e+00 +1.003270357e+03 +1.003270357e+03 -1.1525e+00 -1.1602e+00
119 0 +2.770580199e+00 +1.002770580e+03 +1.002770580e+03 -1.1951e+00 -1.0201e+00
121 0 +1.373510232e+00 +1.001373510e+03 +1.001373510e+03 -1.7467e+00 -1.1030e+00
128 0 +8.281627667e-02 +1.000082816e+03 +1.000082816e+03 -2.6535e+00 -1.3234e+00
221 0 +8.047214783e-02 +1.000080472e+03 +1.000080472e+03 -2.6754e+00 -1.3852e+00
284 0 +4.074351139e-02 +1.000040744e+03 +1.000040744e+03 -2.8077e+00 -1.3432e+00
759 0 +4.050117828e-02 +1.000040501e+03 +1.000040501e+03 -2.8284e+00 -1.3465e+00
770 0 +3.941040260e-02 +1.000039410e+03 +1.000039410e+03 -2.8282e+00 -1.3464e+00
772 0 +3.703044858e-02 +1.000037030e+03 +1.000037030e+03 -2.8297e+00 -1.3481e+00
779 0 +3.293245914e-02 +1.000032932e+03 +1.000032932e+03 -2.8320e+00 -1.3508e+00
787 0 +2.676225570e-02 +1.000026762e+03 +1.000026762e+03 -2.8368e+00 -1.3556e+00
791 0 +2.555598398e-02 +1.000025556e+03 +1.000025556e+03 -2.8380e+00 -1.3569e+00
793 0 +4.614051753e-03 +1.000004614e+03 +1.000004614e+03 -2.8714e+00 -1.3914e+00
803 0 +1.197506094e-03 +1.000001198e+03 +1.000001198e+03 -2.8830e+00 -1.4020e+00
837 0 +8.766864970e-04 +1.000000877e+03 +1.000000877e+03 -2.8824e+00 -1.4038e+00
847 0 +1.879584448e-04 +1.000000188e+03 +1.000000188e+03 -2.8877e+00 -1.4099e+00
858 0 +9.412917495e-05 +1.000000094e+03 +1.000000094e+03 -2.8904e+00 -1.4106e+00
878 0 +9.145728006e-05 +1.000000091e+03 +1.000000091e+03 -2.8906e+00 -1.4108e+00
941 0 +8.799519378e-05 +1.000000088e+03 +1.000000088e+03 -2.8909e+00 -1.4111e+00
968 0 +8.640472777e-05 +1.000000086e+03 +1.000000086e+03 -2.8907e+00 -1.4108e+00
972 0 +8.146173673e-05 +1.000000081e+03 +1.000000081e+03 -2.8910e+00 -1.4111e+00
976 0 +7.945181437e-05 +1.000000079e+03 +1.000000079e+03 -2.8910e+00 -1.4108e+00
984 0 +7.523059935e-05 +1.000000075e+03 +1.000000075e+03 -2.8914e+00 -1.4114e+00
1012 0 +7.013126731e-05 +1.000000070e+03 +1.000000070e+03 -2.8916e+00 -1.4115e+00
1158 0 +6.720686099e-05 +1.000000067e+03 +1.000000067e+03 -2.8918e+00 -1.4115e+00
1272 0 +6.581543812e-05 +1.000000066e+03 +1.000000066e+03 -2.8919e+00 -1.4116e+00
1285 0 +6.431567715e-05 +1.000000064e+03 +1.000000064e+03 -2.8919e+00 -1.4116e+00
1292 0 +6.023463959e-05 +1.000000060e+03 +1.000000060e+03 -2.8921e+00 -1.4116e+00
1305 0 +5.759540136e-05 +1.000000058e+03 +1.000000058e+03 -2.8920e+00 -1.4115e+00
1311 0 +5.020820663e-05 +1.000000050e+03 +1.000000050e+03 -2.8924e+00 -1.4115e+00
1318 0 +4.124555903e-05 +1.000000041e+03 +1.000000041e+03 -2.8927e+00 -1.4115e+00
1319 0 +2.965211206e-05 +1.000000030e+03 +1.000000030e+03 -2.8931e+00 -1.4113e+00
1330 0 +2.949465659e-05 +1.000000029e+03 +1.000000029e+03 -2.8931e+00 -1.4113e+00
1333 0 +2.595884155e-05 +1.000000026e+03 +1.000000026e+03 -2.8935e+00 -1.4111e+00
1338 0 +2.487946335e-05 +1.000000025e+03 +1.000000025e+03 -2.8935e+00 -1.4112e+00
1344 0 +2.270139726e-05 +1.000000023e+03 +1.000000023e+03 -2.8936e+00 -1.4111e+00
1348 0 +1.846859368e-05 +1.000000018e+03 +1.000000018e+03 -2.8938e+00 -1.4112e+00
1388 0 +1.655020492e-05 +1.000000017e+03 +1.000000017e+03 -2.8940e+00 -1.4111e+00
1402 0 +1.451322066e-05 +1.000000015e+03 +1.000000015e+03 -2.8947e+00 -1.4112e+00
1416 0 +1.248297337e-05 +1.000000012e+03 +1.000000012e+03 -2.8942e+00 -1.4114e+00
1422 0 +1.204779267e-05 +1.000000012e+03 +1.000000012e+03 -2.8946e+00 -1.4112e+00
1423 0 +3.891320716e-06 +1.000000004e+03 +1.000000004e+03 -2.8952e+00 -1.4116e+00
1437 0 +3.779884082e-06 +1.000000004e+03 +1.000000004e+03 -2.8955e+00 -1.4116e+00
1439 0 +1.829023859e-06 +1.000000002e+03 +1.000000002e+03 -2.8954e+00 -1.4118e+00
1493 0 +1.521833383e-06 +1.000000002e+03 +1.000000002e+03 -2.8955e+00 -1.4119e+00
1496 0 +8.996220231e-07 +1.000000001e+03 +1.000000001e+03 -2.8956e+00 -1.4119e+00
1502 0 +8.784810461e-07 +1.000000001e+03 +1.000000001e+03 -2.8956e+00 -1.4118e+00
1518 0 +4.893713594e-07 +1.000000000e+03 +1.000000000e+03 -2.8957e+00 -1.4119e+00
1525 0 +7.388291579e-08 +1.000000000e+03 +1.000000000e+03 -2.8959e+00 -1.4120e+00
1592 0 +6.628238225e-08 +1.000000000e+03 +1.000000000e+03 -2.8959e+00 -1.4120e+00
1738 0 +3.113370894e-08 +1.000000000e+03 +1.000000000e+03 -2.8959e+00 -1.4120e+00
1774 0 +2.016872713e-08 +1.000000000e+03 +1.000000000e+03 -2.8960e+00 -1.4120e+00
1796 0 +1.798423455e-08 +1.000000000e+03 +1.000000000e+03 -2.8960e+00 -1.4120e+00
1945 0 +1.372484348e-08 +1.000000000e+03 +1.000000000e+03 -2.8960e+00 -1.4120e+00
1946 0 +1.221019374e-08 +1.000000000e+03 +1.000000000e+03 -2.8960e+00 -1.4120e+00
1963 0 +1.101307134e-08 +1.000000000e+03 +1.000000000e+03 -2.8960e+00 -1.4120e+00
1966 0 +3.520995051e-09 +1.000000000e+03 +1.000000000e+03 -2.8960e+00 -1.4120e+00
2347 0 +0.000000000e+00 +1.000000000e+03 +1.000000000e+03 -2.8960e+00 -1.4120e+00
% f evaluations | g evaluations | best noise-free fitness - Fopt (1.490000000000e+00) + sum g_i+ | measured fitness | best measured fitness or single-digit g-values | x1 | x2...
1 0 +9.115953832e+04 +9.116102832e+04 +9.116102832e+04 +0.0000e+00 +0.0000e+00
2 0 +7.311756575e+04 +7.311905575e+04 +7.311905575e+04 +4.3379e-01 +3.0692e-02
10 0 +7.171227629e+04 +7.171376629e+04 +7.171376629e+04 +4.6828e-01 +2.3514e-02
13 0 +6.579672903e+04 +6.579821903e+04 +6.579821903e+04 +4.7316e-01 -2.4643e-01
18 0 +6.377915975e+04 +6.378064975e+04 +6.378064975e+04 +8.6005e-01 -3.0694e-02
27 0 +6.263883538e+04 +6.264032538e+04 +6.264032538e+04 +1.0327e+00 -9.4751e-02
30 0 +5.690021957e+04 +5.690170957e+04 +5.690170957e+04 +1.0939e+00 -3.8251e-01
34 0 +4.126752808e+04 +4.126901808e+04 +4.126901808e+04 +1.1959e+00 -7.3055e-01
37 0 +2.612055954e+04 +2.612204954e+04 +2.612204954e+04 +2.3804e+00 -4.6465e-01
38 0 +7.619461338e+03 +7.620951338e+03 +7.620951338e+03 +2.6246e+00 -1.6881e+00
50 0 +4.786061838e+03 +4.787551838e+03 +4.787551838e+03 +3.0589e+00 -1.5814e+00
59 0 +2.361930213e+03 +2.363420213e+03 +2.363420213e+03 +3.1373e+00 -1.8858e+00
81 0 +7.397704768e-01 +2.229770477e+00 +2.229770477e+00 +3.8578e+00 -2.5717e+00
145 0 +3.759688727e-01 +1.865968873e+00 +1.865968873e+00 +3.9803e+00 -2.3959e+00
243 0 +3.614897354e-01 +1.851489735e+00 +1.851489735e+00 +3.9820e+00 -2.3809e+00
253 0 +3.408347030e-01 +1.830834703e+00 +1.830834703e+00 +3.9806e+00 -2.3628e+00
256 0 +3.375864154e-01 +1.827586415e+00 +1.827586415e+00 +3.9366e+00 -2.3395e+00
259 0 +2.482077692e-01 +1.738207769e+00 +1.738207769e+00 +3.9669e+00 -2.2786e+00
262 0 +1.495026893e-01 +1.639502689e+00 +1.639502689e+00 +3.9536e+00 -2.1620e+00
277 0 +1.120169432e-01 +1.602016943e+00 +1.602016943e+00 +3.9541e+00 -2.1111e+00
290 0 +1.046195961e-01 +1.594619596e+00 +1.594619596e+00 +3.9395e+00 -2.0932e+00
298 0 +8.571620070e-02 +1.575716201e+00 +1.575716201e+00 +3.9636e+00 -2.0878e+00
307 0 +8.010878653e-02 +1.570108787e+00 +1.570108787e+00 +3.9069e+00 -1.9919e+00
313 0 +7.747844790e-02 +1.567478448e+00 +1.567478448e+00 +3.9334e+00 -2.0283e+00
314 0 +4.375657183e-02 +1.533756572e+00 +1.533756572e+00 +3.9542e+00 -2.0006e+00
319 0 +3.818913868e-02 +1.528189139e+00 +1.528189139e+00 +3.9704e+00 -1.9770e+00
322 0 +3.723376760e-02 +1.527233768e+00 +1.527233768e+00 +3.9700e+00 -1.9753e+00
324 0 +4.646184739e-03 +1.494646185e+00 +1.494646185e+00 +3.9433e+00 -1.8517e+00
423 0 +4.324219481e-03 +1.494324219e+00 +1.494324219e+00 +3.9502e+00 -1.8630e+00
446 0 +3.715593151e-03 +1.493715593e+00 +1.493715593e+00 +3.9571e+00 -1.8652e+00
450 0 +1.383106797e-03 +1.491383107e+00 +1.491383107e+00 +3.9515e+00 -1.8439e+00
473 0 +1.294148797e-03 +1.491294149e+00 +1.491294149e+00 +3.9580e+00 -1.8453e+00
476 0 +1.068281274e-03 +1.491068281e+00 +1.491068281e+00 +3.9566e+00 -1.8438e+00
517 0 +5.770195149e-04 +1.490577020e+00 +1.490577020e+00 +3.9550e+00 -1.8379e+00
522 0 +5.473796634e-04 +1.490547380e+00 +1.490547380e+00 +3.9553e+00 -1.8375e+00
529 0 +2.475520700e-04 +1.490247552e+00 +1.490247552e+00 +3.9547e+00 -1.8310e+00
532 0 +2.152900706e-04 +1.490215290e+00 +1.490215290e+00 +3.9533e+00 -1.8291e+00
539 0 +1.435162132e-04 +1.490143516e+00 +1.490143516e+00 +3.9543e+00 -1.8287e+00
556 0 +1.339026935e-04 +1.490133903e+00 +1.490133903e+00 +3.9548e+00 -1.8285e+00
612 0 +5.140011454e-05 +1.490051400e+00 +1.490051400e+00 +3.9545e+00 -1.8256e+00
625 0 +3.192034503e-05 +1.490031920e+00 +1.490031920e+00 +3.9543e+00 -1.8248e+00
656 0 +2.996158219e-05 +1.490029962e+00 +1.490029962e+00 +3.9542e+00 -1.8245e+00
664 0 +1.256379899e-05 +1.490012564e+00 +1.490012564e+00 +3.9541e+00 -1.8230e+00
758 0 +8.142829740e-06 +1.490008143e+00 +1.490008143e+00 +3.9540e+00 -1.8221e+00
763 0 +7.724077258e-06 +1.490007724e+00 +1.490007724e+00 +3.9540e+00 -1.8222e+00
767 0 +3.330430535e-06 +1.490003330e+00 +1.490003330e+00 +3.9542e+00 -1.8220e+00
772 0 +1.137658118e-06 +1.490001138e+00 +1.490001138e+00 +3.9544e+00 -1.8221e+00
773 0 +8.780516589e-07 +1.490000878e+00 +1.490000878e+00 +3.9544e+00 -1.8220e+00
782 0 +5.375966778e-07 +1.490000538e+00 +1.490000538e+00 +3.9544e+00 -1.8219e+00
880 0 +4.397404412e-07 +1.490000440e+00 +1.490000440e+00 +3.9544e+00 -1.8218e+00
900 0 +1.292718892e-07 +1.490000129e+00 +1.490000129e+00 +3.9544e+00 -1.8218e+00
1001 0 +1.061065695e-07 +1.490000106e+00 +1.490000106e+00 +3.9544e+00 -1.8217e+00
1019 0 +1.034789245e-07 +1.490000103e+00 +1.490000103e+00 +3.9544e+00 -1.8217e+00
1029 0 +9.755866004e-08 +1.490000098e+00 +1.490000098e+00 +3.9544e+00 -1.8217e+00
1039 0 +5.561205541e-08 +1.490000056e+00 +1.490000056e+00 +3.9544e+00 -1.8217e+00
1059 0 +3.252289993e-08 +1.490000033e+00 +1.490000033e+00 +3.9544e+00 -1.8217e+00
1070 0 +2.980149305e-08 +1.490000030e+00 +1.490000030e+00 +3.9544e+00 -1.8217e+00
1088 0 +1.562818874e-08 +1.490000016e+00 +1.490000016e+00 +3.9544e+00 -1.8216e+00
1094 0 +8.974199384e-09 +1.490000009e+00 +1.490000009e+00 +3.9544e+00 -1.8216e+00
1923 0 +0.000000000e+00 +1.490000000e+00 +1.490000000e+00 +3.9544e+00 -1.8216e+00
% f evaluations | g evaluations | best noise-free fitness - Fopt (5.963500000000e+02) + sum g_i+ | measured fitness | best measured fitness or single-digit g-values | x1 | x2...
1 0 +3.469732688e+04 +3.529367688e+04 +3.529367688e+04 +0.0000e+00 +0.0000e+00
5 0 +2.517661951e+04 +2.577296951e+04 +2.577296951e+04 -1.1375e-01 -3.0566e-01
34 0 +1.871831605e+04 +1.931466605e+04 +1.931466605e+04 +7.5367e-02 -5.7981e-01
38 0 +1.303903146e+04 +1.363538146e+04 +1.363538146e+04 +1.8510e-01 -8.6904e-01
48 0 +9.288410331e+03 +9.884760331e+03 +9.884760331e+03 +3.4901e-01 -1.1099e+00
53 0 +4.109282421e+03 +4.705632421e+03 +4.705632421e+03 -4.5307e-02 -1.2147e+00
59 0 +2.538375731e+03 +3.134725731e+03 +3.134725731e+03 +1.7929e-01 -1.4548e+00
62 0 +1.208334173e+03 +1.804684173e+03 +1.804684173e+03 -1.4594e-01 -1.4469e+00
63 0 +2.664591716e+01 +6.229959172e+02 +6.229959172e+02 +2.2556e-02 -1.9462e+00
78 0 +2.457382809e+01 +6.209238281e+02 +6.209238281e+02 -1.4025e-01 -1.8638e+00
128 0 +2.050506754e+01 +6.168550675e+02 +6.168550675e+02 -5.6277e-01 -1.5635e+00
137 0 +2.004411758e+01 +6.163941176e+02 +6.163941176e+02 -6.0801e-01 -1.5551e+00
198 0 +1.748827961e+01 +6.138382796e+02 +6.138382796e+02 -8.4296e-01 -1.5149e+00
205 0 +1.457495891e+01 +6.109249589e+02 +6.109249589e+02 -1.1750e+00 -1.4701e+00
226 0 +1.253431047e+01 +6.088843105e+02 +6.088843105e+02 -1.4633e+00 -1.3238e+00
233 0 +1.075439102e+01 +6.071043910e+02 +6.071043910e+02 -1.6353e+00 -1.1702e+00
278 0 +1.033887825e+01 +6.066888783e+02 +6.066888783e+02 -1.6719e+00 -1.1574e+00
284 0 +7.412367118e+00 +6.037623671e+02 +6.037623671e+02 -1.8479e+00 -1.0347e+00
293 0 +6.682081374e+00 +6.030320814e+02 +6.030320814e+02 -1.9166e+00 -9.3984e-01
318 0 +5.475873060e+00 +6.018258731e+02 +6.018258731e+02 -2.1363e+00 -8.4735e-01
335 0 +5.322787639e+00 +6.016727876e+02 +6.016727876e+02 -2.1384e+00 -8.3542e-01
354 0 +5.091975600e+00 +6.014419756e+02 +6.014419756e+02 -2.2087e+00 -8.0100e-01
472 0 +4.996250165e+00 +6.013462502e+02 +6.013462502e+02 -2.1880e+00 -8.1885e-01
480 0 +4.752383936e+00 +6.011023839e+02 +6.011023839e+02 -2.2165e+00 -8.0317e-01
490 0 +4.587896323e+00 +6.009378963e+02 +6.009378963e+02 -2.2498e+00 -7.9418e-01
493 0 +4.553530578e+00 +6.009035306e+02 +6.009035306e+02 -2.2429e+00 -7.8846e-01
494 0 +4.461977667e+00 +6.008119777e+02 +6.008119777e+02 -2.2684e+00 -7.7606e-01
495 0 +4.340600104e+00 +6.006906001e+02 +6.006906001e+02 -2.2952e+00 -7.7664e-01
503 0 +3.875749577e+00 +6.002257496e+02 +6.002257496e+02 -2.3797e+00 -7.3367e-01
507 0 +3.743518686e+00 +6.000935187e+02 +6.000935187e+02 -2.4062e+00 -7.2194e-01
511 0 +3.429512039e+00 +5.997795120e+02 +5.997795120e+02 -2.4795e+00 -6.9966e-01
515 0 +3.040180071e+00 +5.993901801e+02 +5.993901801e+02 -2.5489e+00 -6.7004e-01
518 0 +2.811179846e+00 +5.991611798e+02 +5.991611798e+02 -2.5764e+00 -6.4585e-01
523 0 +1.419551030e+00 +5.977695510e+02 +5.977695510e+02 -2.9284e+00 -5.0229e-01
527 0 +4.042809775e-01 +5.967542810e+02 +5.967542810e+02 -3.3287e+00 -3.2740e-01
534 0 +1.767662176e-01 +5.965267662e+02 +5.965267662e+02 -3.4520e+00 -2.6290e-01
562 0 +3.363765399e-02 +5.963836377e+02 +5.963836377e+02 -3.6171e+00 -1.9986e-01
564 0 +6.670503796e-03 +5.963566705e+02 +5.963566705e+02 -3.6814e+00 -1.7358e-01
574 0 +6.059293663e-03 +5.963560593e+02 +5.963560593e+02 -3.6756e+00 -1.7325e-01
647 0 +5.608646743e-03 +5.963556086e+02 +5.963556086e+02 -3.6796e+00 -1.7264e-01
658 0 +4.806519160e-03 +5.963548065e+02 +5.963548065e+02 -3.6965e+00 -1.6965e-01
667 0 +4.679259891e-03 +5.963546793e+02 +5.963546793e+02 -3.6918e+00 -1.6962e-01
670 0 +3.723147538e-03 +5.963537231e+02 +5.963537231e+02 -3.7091e+00 -1.6281e-01
679 0 +3.166403969e-03 +5.963531664e+02 +5.963531664e+02 -3.7084e+00 -1.6208e-01
685 0 +3.000535264e-03 +5.963530005e+02 +5.963530005e+02 -3.7093e+00 -1.6136e-01
713 0 +2.929141008e-03 +5.963529291e+02 +5.963529291e+02 -3.7048e+00 -1.6287e-01
716 0 +2.842886724e-03 +5.963528429e+02 +5.963528429e+02 -3.7043e+00 -1.6284e-01
749 0 +2.808769492e-03 +5.963528088e+02 +5.963528088e+02 -3.7045e+00 -1.6269e-01
808 0 +2.743000299e-03 +5.963527430e+02 +5.963527430e+02 -3.7073e+00 -1.6146e-01
1020 0 +2.687972443e-03 +5.963526880e+02 +5.963526880e+02 -3.7082e+00 -1.6089e-01
1055 0 +2.620093837e-03 +5.963526201e+02 +5.963526201e+02 -3.7073e+00 -1.6092e-01
1059 0 +2.519635691e-03 +5.963525196e+02 +5.963525196e+02 -3.7049e+00 -1.6115e-01
1075 0 +2.347700964e-03 +5.963523477e+02 +5.963523477e+02 -3.7021e+00 -1.6079e-01
1083 0 +1.965421755e-03 +5.963519654e+02 +5.963519654e+02 -3.6981e+00 -1.6096e-01
1094 0 +1.746423723e-03 +5.963517464e+02 +5.963517464e+02 -3.6870e+00 -1.6290e-01
1112 0 +1.708945677e-03 +5.963517089e+02 +5.963517089e+02 -3.6853e+00 -1.6305e-01
1133 0 +1.576283156e-03 +5.963515763e+02 +5.963515763e+02 -3.6879e+00 -1.6232e-01
1202 0 +1.535907165e-03 +5.963515359e+02 +5.963515359e+02 -3.6838e+00 -1.6274e-01
1207 0 +1.502420343e-03 +5.963515024e+02 +5.963515024e+02 -3.6847e+00 -1.6252e-01
1213 0 +1.434350972e-03 +5.963514344e+02 +5.963514344e+02 -3.6828e+00 -1.6246e-01
1228 0 +1.336759627e-03 +5.963513368e+02 +5.963513368e+02 -3.6842e+00 -1.6190e-01
1231 0 +1.233809438e-03 +5.963512338e+02 +5.963512338e+02 -3.6819e+00 -1.6177e-01
1238 0 +1.019761099e-03 +5.963510198e+02 +5.963510198e+02 -3.6856e+00 -1.6056e-01
1242 0 +9.432067083e-04 +5.963509432e+02 +5.963509432e+02 -3.6799e+00 -1.6086e-01
1245 0 +5.775574645e-04 +5.963505776e+02 +5.963505776e+02 -3.6799e+00 -1.5946e-01
1252 0 +5.559751879e-04 +5.963505560e+02 +5.963505560e+02 -3.6769e+00 -1.5952e-01
1260 0 +4.219602221e-04 +5.963504220e+02 +5.963504220e+02 -3.6774e+00 -1.5850e-01
1279 0 +1.096199850e-04 +5.963501096e+02 +5.963501096e+02 -3.6766e+00 -1.5640e-01
1388 0 +9.198843111e-05 +5.963500920e+02 +5.963500920e+02 -3.6754e+00 -1.5616e-01
1402 0 +5.380999835e-05 +5.963500538e+02 +5.963500538e+02 -3.6768e+00 -1.5573e-01
1412 0 +2.891577844e-05 +5.963500289e+02 +5.963500289e+02 -3.6764e+00 -1.5528e-01
1418 0 +1.588378836e-05 +5.963500159e+02 +5.963500159e+02 -3.6769e+00 -1.5508e-01
1425 0 +1.212102097e-05 +5.963500121e+02 +5.963500121e+02 -3.6766e+00 -1.5492e-01
1449 0 +8.576983532e-06 +5.963500086e+02 +5.963500086e+02 -3.6787e+00 -1.5472e-01
1452 0 +5.164443678e-06 +5.963500052e+02 +5.963500052e+02 -3.6778e+00 -1.5475e-01
1460 0 +3.730129947e-07 +5.963500004e+02 +5.963500004e+02 -3.6777e+00 -1.5447e-01
1635 0 +5.335266451e-08 +5.963500001e+02 +5.963500001e+02 -3.6776e+00 -1.5443e-01
1684 0 +3.489651590e-08 +5.963500000e+02 +5.963500000e+02 -3.6776e+00 -1.5442e-01
1860 0 +3.305774499e-08 +5.963500000e+02 +5.963500000e+02 -3.6776e+00 -1.5442e-01
1867 0 +3.217371614e-08 +5.963500000e+02 +5.963500000e+02 -3.6776e+00 -1.5442e-01
1871 0 +2.805688837e-08 +5.963500000e+02 +5.963500000e+02 -3.6776e+00 -1.5442e-01
1878 0 +2.195542947e-08 +5.963500000e+02 +5.963500000e+02 -3.6776e+00 -1.5442e-01
2028 0 +2.142212452e-08 +5.963500000e+02 +5.963500000e+02 -3.6776e+00 -1.5442e-01
2029 0 +2.122362730e-08 +5.963500000e+02 +5.963500000e+02 -3.6776e+00 -1.5441e-01
2030 0 +2.083447725e-08 +5.963500000e+02 +5.963500000e+02 -3.6776e+00 -1.5441e-01
2033 0 +1.895227797e-08 +5.963500000e+02 +5.963500000e+02 -3.6776e+00 -1.5441e-01
2036 0 +1.759667612e-08 +5.963500000e+02 +5.963500000e+02 -3.6776e+00 -1.5441e-01
2040 0 +1.714693099e-08 +5.963500000e+02 +5.963500000e+02 -3.6776e+00 -1.5441e-01
2041 0 +1.425894425e-08 +5.963500000e+02 +5.963500000e+02 -3.6776e+00 -1.5441e-01
2045 0 +1.359717317e-08 +5.963500000e+02 +5.963500000e+02 -3.6776e+00 -1.5441e-01
2049 0 +1.167632036e-08 +5.963500000e+02 +5.963500000e+02 -3.6776e+00 -1.5441e-01
2056 0 +1.679154593e-09 +5.963500000e+02 +5.963500000e+02 -3.6776e+00 -1.5440e-01
2687 0 +0.000000000e+00 +5.963500000e+02 +5.963500000e+02 -3.6776e+00 -1.5440e-01
% f evaluations | g evaluations | best noise-free fitness - Fopt (-1.189700000000e+02) + sum g_i+ | measured fitness | best measured fitness or single-digit g-values | x1 | x2...
1 0 +1.024396826e+02 -1.653031738e+01 -1.653031738e+01 +0.0000e+00 +0.0000e+00
3 0 +8.459340098e+01 -3.437659902e+01 -3.437659902e+01 +9.8026e-02 +3.4094e-01
12 0 +8.291866369e+01 -3.605133631e+01 -3.605133631e+01 +3.1024e-01 +4.2322e-01
16 0 +7.267522514e+01 -4.629477486e+01 -4.629477486e+01 -2.5179e-01 +5.1030e-01
21 0 +6.430307842e+01 -5.466692158e+01 -5.466692158e+01 +2.2170e-01 +8.8965e-01
24 0 +6.300050031e+01 -5.596949969e+01 -5.596949969e+01 +7.4398e-02 +8.9743e-01
31 0 +5.559535055e+01 -6.337464945e+01 -6.337464945e+01 -5.8733e-02 +1.0887e+00
40 0 +5.205023091e+01 -6.691976909e+01 -6.691976909e+01 -3.9850e-01 +1.1061e+00
46 0 +4.386296167e+01 -7.510703833e+01 -7.510703833e+01 +2.2462e-01 +1.5446e+00
54 0 +3.691995416e+01 -8.205004584e+01 -8.205004584e+01 +1.7798e-01 +1.8228e+00
55 0 +3.159333078e+01 -8.737666922e+01 -8.737666922e+01 -2.0029e-01 +1.8665e+00
56 0 +2.550658380e+01 -9.346341620e+01 -9.346341620e+01 +1.1794e-01 +2.1367e+00
68 0 +7.034088726e+00 -1.119359113e+02 -1.119359113e+02 -3.0796e-01 +3.0914e+00
105 0 +6.664677516e+00 -1.123053225e+02 -1.123053225e+02 -3.0094e-01 +3.1533e+00
110 0 +4.215956071e+00 -1.147540439e+02 -1.147540439e+02 -5.0878e-01 +3.3044e+00
121 0 +1.387188297e+00 -1.175828117e+02 -1.175828117e+02 -9.7542e-01 +3.5071e+00
143 0 +2.494836319e-01 -1.187205164e+02 -1.187205164e+02 -1.0960e+00 +3.7265e+00
179 0 +2.183774695e-01 -1.187516225e+02 -1.187516225e+02 -1.5538e+00 +3.7067e+00
209 0 +1.374117857e-01 -1.188325882e+02 -1.188325882e+02 -1.4822e+00 +3.7502e+00
242 0 +7.941929101e-02 -1.188905807e+02 -1.188905807e+02 -1.3741e+00 +3.7948e+00
283 0 +5.529279284e-02 -1.189147072e+02 -1.189147072e+02 -1.3706e+00 +3.7840e+00
466 0 +5.237187591e-02 -1.189176281e+02 -1.189176281e+02 -1.3803e+00 +3.7916e+00
478 0 +4.844913469e-02 -1.189215509e+02 -1.189215509e+02 -1.3736e+00 +3.7922e+00
483 0 +4.448667649e-02 -1.189255133e+02 -1.189255133e+02 -1.3673e+00 +3.7960e+00
486 0 +4.212722688e-02 -1.189278728e+02 -1.189278728e+02 -1.3524e+00 +3.7996e+00
500 0 +3.774142031e-02 -1.189322586e+02 -1.189322586e+02 -1.3341e+00 +3.8007e+00
510 0 +3.494116758e-02 -1.189350588e+02 -1.189350588e+02 -1.3284e+00 +3.8017e+00
516 0 +1.547024016e-02 -1.189545298e+02 -1.189545298e+02 -1.2761e+00 +3.8170e+00
548 0 +1.394070603e-02 -1.189560593e+02 -1.189560593e+02 -1.2726e+00 +3.8197e+00
551 0 +1.352920582e-02 -1.189564708e+02 -1.189564708e+02 -1.2697e+00 +3.8197e+00
555 0 +9.602419996e-03 -1.189603976e+02 -1.189603976e+02 -1.2555e+00 +3.8231e+00
560 0 +4.861967589e-03 -1.189651380e+02 -1.189651380e+02 -1.2299e+00 +3.8307e+00
563 0 +2.991683170e-03 -1.189670083e+02 -1.189670083e+02 -1.2114e+00 +3.8360e+00
573 0 +2.261395133e-03 -1.189677386e+02 -1.189677386e+02 -1.2054e+00 +3.8393e+00
604 0 +2.024227243e-03 -1.189679758e+02 -1.189679758e+02 -1.2039e+00 +3.8400e+00
611 0 +1.904537105e-03 -1.189680955e+02 -1.189680955e+02 -1.1921e+00 +3.8426e+00
612 0 +1.735795995e-03 -1.189682642e+02 -1.189682642e+02 -1.2032e+00 +3.8407e+00
622 0 +1.597554620e-03 -1.189684024e+02 -1.189684024e+02 -1.1967e+00 +3.8422e+00
643 0 +1.384061553e-03 -1.189686159e+02 -1.189686159e+02 -1.2006e+00 +3.8423e+00
730 0 +1.369807395e-03 -1.189686302e+02 -1.189686302e+02 -1.1947e+00 +3.8435e+00
738 0 +1.290555817e-03 -1.189687094e+02 -1.189687094e+02 -1.1916e+00 +3.8447e+00
1213 0 +1.287216673e-03 -1.189687128e+02 -1.189687128e+02 -1.1897e+00 +3.8452e+00
1251 0 +1.242822569e-03 -1.189687572e+02 -1.189687572e+02 -1.1906e+00 +3.8451e+00
1291 0 +1.225184931e-03 -1.189687748e+02 -1.189687748e+02 -1.1914e+00 +3.8449e+00
1301 0 +1.198555234e-03 -1.189688014e+02 -1.189688014e+02 -1.1920e+00 +3.8449e+00
1304 0 +1.136266078e-03 -1.189688637e+02 -1.189688637e+02 -1.1942e+00 +3.8445e+00
1311 0 +1.088941075e-03 -1.189689111e+02 -1.189689111e+02 -1.1979e+00 +3.8438e+00
1315 0 +1.066303984e-03 -1.189689337e+02 -1.189689337e+02 -1.1994e+00 +3.8436e+00
1364 0 +1.039307173e-03 -1.189689607e+02 -1.189689607e+02 -1.1979e+00 +3.8440e+00
1591 0 +1.021954482e-03 -1.189689780e+02 -1.189689780e+02 -1.1990e+00 +3.8438e+00
1599 0 +9.885976901e-04 -1.189690114e+02 -1.189690114e+02 -1.1964e+00 +3.8445e+00
1605 0 +9.583260896e-04 -1.189690417e+02 -1.189690417e+02 -1.1973e+00 +3.8445e+00
1612 0 +9.274639109e-04 -1.189690725e+02 -1.189690725e+02 -1.1956e+00 +3.8450e+00
1616 0 +8.779170038e-04 -1.189691221e+02 -1.189691221e+02 -1.1931e+00 +3.8459e+00
1637 0 +7.887842541e-04 -1.189692112e+02 -1.189692112e+02 -1.1923e+00 +3.8465e+00
1640 0 +7.695545851e-04 -1.189692304e+02 -1.189692304e+02 -1.1926e+00 +3.8465e+00
1642 0 +7.058196150e-04 -1.189692942e+02 -1.189692942e+02 -1.1922e+00 +3.8468e+00
1648 0 +6.468529516e-04 -1.189693531e+02 -1.189693531e+02 -1.1971e+00 +3.8458e+00
1654 0 +6.042810972e-04 -1.189693957e+02 -1.189693957e+02 -1.1993e+00 +3.8455e+00
1658 0 +2.941334377e-04 -1.189697059e+02 -1.189697059e+02 -1.2009e+00 +3.8470e+00
1671 0 +2.869028950e-04 -1.189697131e+02 -1.189697131e+02 -1.1986e+00 +3.8474e+00
1673 0 +1.510332922e-04 -1.189698490e+02 -1.189698490e+02 -1.1987e+00 +3.8485e+00
1675 0 +8.954057843e-05 -1.189699105e+02 -1.189699105e+02 -1.1976e+00 +3.8494e+00
1686 0 +5.871377817e-05 -1.189699413e+02 -1.189699413e+02 -1.1968e+00 +3.8499e+00
1689 0 +4.676986853e-05 -1.189699532e+02 -1.189699532e+02 -1.1995e+00 +3.8497e+00
1735 0 +2.978976522e-05 -1.189699702e+02 -1.189699702e+02 -1.1986e+00 +3.8501e+00
1739 0 +9.869363296e-06 -1.189699901e+02 -1.189699901e+02 -1.1985e+00 +3.8506e+00
1780 0 +6.714278129e-07 -1.189699993e+02 -1.189699993e+02 -1.1977e+00 +3.8511e+00
1872 0 +1.850508227e-07 -1.189699998e+02 -1.189699998e+02 -1.1976e+00 +3.8511e+00
1917 0 +1.721666649e-07 -1.189699998e+02 -1.189699998e+02 -1.1977e+00 +3.8511e+00
1922 0 +5.346703347e-08 -1.189699999e+02 -1.189699999e+02 -1.1977e+00 +3.8512e+00
1923 0 +4.777518825e-08 -1.189700000e+02 -1.189700000e+02 -1.1976e+00 +3.8512e+00
1969 0 +2.987455616e-08 -1.189700000e+02 -1.189700000e+02 -1.1977e+00 +3.8512e+00
1970 0 +1.218363366e-08 -1.189700000e+02 -1.189700000e+02 -1.1976e+00 +3.8512e+00
2077 0 +1.181948051e-08 -1.189700000e+02 -1.189700000e+02 -1.1976e+00 +3.8512e+00
2084 0 +6.135152830e-09 -1.189700000e+02 -1.189700000e+02 -1.1976e+00 +3.8512e+00
2713 0 +0.000000000e+00 -1.189700000e+02 -1.189700000e+02 -1.1976e+00 +3.8512e+00
