% f evaluations | g evaluations | best noise-free fitness - Fopt (1.000000000000e+03) + sum g_i+ | measured fitness | best measured fitness or single-digit g-values | x1 | x2...
1 0 +4.236494560e+02 +1.423649456e+03 +1.423649456e+03 +0.0000e+00 +0.0000e+00 +0.0000e+00
4 0 +3.943141114e+02 +1.394314111e+03 +1.394314111e+03 -1.1375e-01 -3.0566e-01 +1.1285e-01
5 0 +3.861911969e+02 +1.386191197e+03 +1.386191197e+03 -1.5359e-01 +2.4817e-01 +6.3376e-02
9 0 +3.780144450e+02 +1.378014445e+03 +1.378014445e+03 -1.6364e-01 +7.6087e-03 +1.2966e-01
10 0 +3.389168384e+02 +1.338916838e+03 +1.338916838e+03 -3.9071e-01 -1.1239e-01 +2.8342e-01
14 0 +2.982062108e+02 +1.298206211e+03 +1.298206211e+03 -3.3432e-01 +6.9545e-02 +6.5220e-01
18 0 +2.922115094e+02 +1.292211509e+03 +1.292211509e+03 -3.4312e-01 +6.1872e-02 +7.4908e-01
23 0 +2.635769649e+02 +1.263576965e+03 +1.263576965e+03 -1.0601e+00 +2.4520e-01 +1.9938e-01
26 0 +1.922361817e+02 +1.192236182e+03 +1.192236182e+03 -1.7175e+00 +7.0541e-01 +6.6627e-01
38 0 +1.868167983e+02 +1.186816798e+03 +1.186816798e+03 -1.6708e+00 +3.7099e-01 +9.0093e-01
39 0 +1.120890772e+02 +1.112089077e+03 +1.112089077e+03 -2.5227e+00 +8.0458e-01 +9.8372e-01
43 0 +3.798617227e+01 +1.037986172e+03 +1.037986172e+03 -6.4113e+00 +2.8124e+00 +1.7646e+00
45 0 +3.558857540e+01 +1.035588575e+03 +1.035588575e+03 -5.4002e+00 +2.1637e+00 +1.6597e+00
83 0 +3.236689665e+01 +1.032366897e+03 +1.032366897e+03 -4.2933e+00 +2.0759e+00 +2.1950e+00
130 0 +3.105352826e+01 +1.031053528e+03 +1.031053528e+03 -5.5428e+00 +2.8339e+00 +2.2064e+00
131 0 +1.755699710e+01 +1.017556997e+03 +1.017556997e+03 -5.7730e+00 +3.7047e+00 +1.8594e+00
258 0 +1.512908677e+01 +1.015129087e+03 +1.015129087e+03 -6.0271e+00 +3.5276e+00 +1.4189e+00
652 0 +1.478362968e+01 +1.014783630e+03 +1.014783630e+03 -6.0513e+00 +3.5540e+00 +1.3668e+00
692 0 +1.444953475e+01 +1.014449535e+03 +1.014449535e+03 -6.0197e+00 +3.5318e+00 +1.4015e+00
778 0 +1.408808823e+01 +1.014088088e+03 +1.014088088e+03 -6.0250e+00 +3.5551e+00 +1.3928e+00
% f evaluations | g evaluations | best noise-free fitness - Fopt (7.003000000000e+01) + sum g_i+ | measured fitness | best measured fitness or single-digit g-values | x1 | x2...
1 0 +1.296769467e+02 +1.997069467e+02 +1.997069467e+02 +0.0000e+00 +0.0000e+00 +0.0000e+00
7 0 +1.062498189e+02 +1.762798189e+02 +1.762798189e+02 +5.3256e-02 -2.3477e-01 +7.8699e-02
16 0 +9.358250251e+01 +1.636125025e+02 +1.636125025e+02 +4.9599e-01 +1.7838e-01 -9.2759e-02
59 0 +9.121506516e+01 +1.612450652e+02 +1.612450652e+02 +1.7278e-01 -7.7397e-02 -6.0026e-01
63 0 +8.335235444e+01 +1.533823544e+02 +1.533823544e+02 +5.9443e-01 +7.8927e-02 -4.3300e-01
64 0 +7.518951230e+01 +1.452195123e+02 +1.452195123e+02 +7.1442e-01 +1.4247e-01 -4.3310e-01
67 0 +7.307743118e+01 +1.431074312e+02 +1.431074312e+02 +6.3443e-01 +2.7114e-02 -7.8685e-01
71 0 +7.164727056e+01 +1.416772706e+02 +1.416772706e+02 +7.4949e-01 +1.9596e-01 -4.5930e-01
72 0 +6.188406291e+01 +1.319140629e+02 +1.319140629e+02 +1.7703e-01 -3.1173e-02 -1.0540e+00
75 0 +5.700909869e+01 +1.270390987e+02 +1.270390987e+02 +4.9521e-01 -1.4338e-01 -1.0977e+00
76 0 +4.795720872e+01 +1.179872087e+02 +1.179872087e+02 +3.3104e-01 -3.1565e-01 -1.6103e+00
81 0 +4.669651152e+01 +1.167265115e+02 +1.167265115e+02 +5.5239e-01 -2.4490e-02 -1.2136e+00
94 0 +3.573361523e+01 +1.057636152e+02 +1.057636152e+02 +8.8158e-01 +1.3093e-01 -2.4773e+00
97 0 +3.256878695e+01 +1.025987870e+02 +1.025987870e+02 +6.4171e-01 -6.8536e-02 -2.2177e+00
115 0 +1.268097197e+01 +8.271097197e+01 +8.271097197e+01 +5.2405e-01 -3.1779e-01 -3.2195e+00
322 0 +1.124134479e+01 +8.127134479e+01 +8.127134479e+01 +4.8492e-01 -3.7713e-01 -3.1273e+00
338 0 +1.117309431e+01 +8.120309431e+01 +8.120309431e+01 +5.0486e-01 -3.9003e-01 -3.1188e+00
395 0 +1.069711428e+01 +8.072711428e+01 +8.072711428e+01 +4.9021e-01 -3.7509e-01 -3.1364e+00
412 0 +1.038266190e+01 +8.041266190e+01 +8.041266190e+01 +4.9422e-01 -3.6855e-01 -3.1478e+00
424 0 +1.021452426e+01 +8.024452426e+01 +8.024452426e+01 +5.0263e-01 -3.4769e-01 -3.1443e+00
426 0 +9.790845937e+00 +7.982084594e+01 +7.982084594e+01 +5.0763e-01 -3.5443e-01 -3.1569e+00
441 0 +9.536151043e+00 +7.956615104e+01 +7.956615104e+01 +5.1337e-01 -3.4141e-01 -3.1576e+00
474 0 +9.127257960e+00 +7.915725796e+01 +7.915725796e+01 +5.2653e-01 -3.4458e-01 -3.1536e+00
485 0 +9.060638714e+00 +7.909063871e+01 +7.909063871e+01 +5.2638e-01 -3.2868e-01 -3.1549e+00
495 0 +8.889618256e+00 +7.891961826e+01 +7.891961826e+01 +5.3702e-01 -3.1434e-01 -3.1536e+00
504 0 +8.597166506e+00 +7.862716651e+01 +7.862716651e+01 +5.5533e-01 -3.0229e-01 -3.1458e+00
511 0 +8.469097189e+00 +7.849909719e+01 +7.849909719e+01 +5.4665e-01 -3.1161e-01 -3.1561e+00
512 0 +8.283437384e+00 +7.831343738e+01 +7.831343738e+01 +5.5998e-01 -3.0215e-01 -3.1500e+00
518 0 +8.025180123e+00 +7.805518012e+01 +7.805518012e+01 +5.8292e-01 -2.9002e-01 -3.1613e+00
% f evaluations | g evaluations | best noise-free fitness - Fopt (-4.822000000000e+01) + sum g_i+ | measured fitness | best measured fitness or single-digit g-values | x1 | x2...
1 0 +2.095914222e+02 +1.613714222e+02 +1.613714222e+02 +0.0000e+00 +0.0000e+00 +0.0000e+00
4 0 +1.980241635e+02 +1.498041635e+02 +1.498041635e+02 -1.1375e-01 -3.0566e-01 +1.1285e-01
10 0 +1.789910560e+02 +1.307710560e+02 +1.307710560e+02 -3.9071e-01 -1.1239e-01 +2.8342e-01
11 0 +1.608664681e+02 +1.126464681e+02 +1.126464681e+02 -5.7487e-01 +1.9903e-01 -6.0323e-02
17 0 +1.584503490e+02 +1.102303490e+02 +1.102303490e+02 -4.0099e-01 +5.4391e-02 +1.1080e-01
23 0 +1.503282178e+02 +1.021082178e+02 +1.021082178e+02 -9.7974e-01 +2.3492e-01 -9.9946e-03
26 0 +1.313956136e+02 +8.317561363e+01 +8.317561363e+01 -1.4680e+00 +5.5175e-01 +3.2225e-02
32 0 +1.269175096e+02 +7.869750957e+01 +7.869750957e+01 -1.0284e+00 +2.7246e-01 -2.1209e-01
34 0 +8.958529135e+01 +4.136529135e+01 +4.136529135e+01 -1.8230e+00 +7.4591e-01 -3.3617e-01
39 0 +7.152632633e+01 +2.330632633e+01 +2.330632633e+01 -2.0600e+00 +6.3576e-01 -1.4856e-01
42 0 +5.483682342e+01 +6.616823417e+00 +6.616823417e+00 -3.3903e+00 +9.7630e-01 -1.2271e+00
48 0 +4.144766079e+01 -6.772339208e+00 -6.772339208e+00 -2.3492e+00 +4.4580e-01 -2.6719e-01
67 0 +3.821485153e+01 -1.000514847e+01 -1.000514847e+01 -2.7455e+00 +1.3662e+00 -7.7785e-01
86 0 +3.709753255e+01 -1.112246745e+01 -1.112246745e+01 -3.7507e+00 +7.6555e-01 -3.7595e-01
90 0 +3.128956964e+01 -1.693043036e+01 -1.693043036e+01 -3.0722e+00 +5.0015e-01 -1.7508e-01
113 0 +2.384820290e+01 -2.437179710e+01 -2.437179710e+01 -3.4771e+00 +1.3923e+00 -6.4541e-01
124 0 +1.942180998e+01 -2.879819002e+01 -2.879819002e+01 -2.9115e+00 +9.0780e-01 -6.2582e-01
% f evaluations | g evaluations | best noise-free fitness - Fopt (2.547000000000e+01) + sum g_i+ | measured fitness | best measured fitness or single-digit g-values | x1 | x2...
1 0 +3.449735612e+02 +3.704435612e+02 +3.704435612e+02 +0.0000e+00 +0.0000e+00 +0.0000e+00
4 0 +2.941138910e+02 +3.195838910e+02 +3.195838910e+02 -1.1375e-01 -3.0566e-01 +1.1285e-01
10 0 +2.649198016e+02 +2.903898016e+02 +2.903898016e+02 -3.2097e-01 -2.8505e-01 +2.9150e-01
11 0 +2.523838929e+02 +2.778538929e+02 +2.778538929e+02 -5.0132e-01 +4.1418e-02 -6.6868e-02
27 0 +2.424796030e+02 +2.679496030e+02 +2.679496030e+02 -1.0793e+00 -6.6865e-03 +6.0253e-01
29 0 +2.285607454e+02 +2.540307454e+02 +2.540307454e+02 -7.4468e-01 -1.6495e-01 +1.8712e-02
39 0 +2.218794015e+02 +2.473494015e+02 +2.473494015e+02 -1.7523e+00 +1.6722e-01 +3.8091e-01
42 0 +1.462128618e+02 +1.716828618e+02 +1.716828618e+02 -1.9455e+00 -2.9180e-01 -2.3914e-01
53 0 +9.675499613e+01 +1.222249961e+02 +1.222249961e+02 -3.6423e+00 +8.1995e-02 -1.1703e-01
59 0 +7.334283611e+01 +9.881283611e+01 +9.881283611e+01 -6.1743e+00 -7.4776e-02 +3.8227e-01
75 0 +5.851023547e+01 +8.398023547e+01 +8.398023547e+01 -3.6891e+00 -3.0367e-01 -2.7568e-01
76 0 +4.927348019e+01 +7.474348019e+01 +7.474348019e+01 -5.5915e+00 -3.8002e-01 -9.9299e-01
93 0 +4.820116541e+01 +7.367116541e+01 +7.367116541e+01 -5.6038e+00 +3.1936e-01 -8.0709e-01
99 0 +4.262990984e+01 +6.809990984e+01 +6.809990984e+01 -6.6200e+00 +2.5064e-01 -1.2735e+00
112 0 +2.245269654e+01 +4.792269654e+01 +4.792269654e+01 -4.9424e+00 -4.2624e-01 -2.1980e+00
124 0 +1.046486107e+01 +3.593486107e+01 +3.593486107e+01 -4.0871e+00 -1.7566e+00 -1.5165e+00
183 0 +9.730175397e+00 +3.520017540e+01 +3.520017540e+01 -4.4914e+00 -1.4151e+00 -2.3618e+00
215 0 +3.950344628e+00 +2.942034463e+01 +2.942034463e+01 -3.9228e+00 -1.2358e+00 -2.2863e+00
% f evaluations | g evaluations | best noise-free fitness - Fopt (-1.008100000000e+02) + sum g_i+ | measured fitness | best measured fitness or single-digit g-values | x1 | x2...
1 0 +4.702658538e+01 -5.378341462e+01 -5.378341462e+01 +0.0000e+00 +0.0000e+00 +0.0000e+00
2 0 +3.805375543e+01 -6.275624457e+01 -6.275624457e+01 +4.3379e-01 +3.0692e-02 +9.8026e-02
5 0 +3.569545548e+01 -6.511454452e+01 -6.511454452e+01 -1.5359e-01 +2.4817e-01 +6.3376e-02
11 0 +3.091893234e+01 -6.989106766e+01 -6.989106766e+01 -3.1056e-01 +3.5907e-01 -8.7873e-02
12 0 +2.289239014e+01 -7.791760986e+01 -7.791760986e+01 +2.6951e-02 +5.4247e-01 +1.1931e-01
27 0 +8.355939982e+00 -9.245406002e+01 -9.245406002e+01 -2.1993e-01 +4.7019e-01 +3.1769e-01
388 0 +8.138043923e+00 -9.267195608e+01 -9.267195608e+01 -1.4966e-01 +5.5139e-01 +4.2758e-01
403 0 +7.306456030e+00 -9.350354397e+01 -9.350354397e+01 -1.5267e-01 +5.5658e-01 +4.1607e-01
414 0 +6.671991325e+00 -9.413800868e+01 -9.413800868e+01 -1.7810e-01 +5.5341e-01 +4.1939e-01
423 0 +6.325148846e+00 -9.448485115e+01 -9.448485115e+01 -1.9747e-01 +5.8402e-01 +4.2876e-01
430 0 +6.289728442e+00 -9.452027156e+01 -9.452027156e+01 -2.0227e-01 +5.8809e-01 +4.2827e-01
431 0 +6.047527248e+00 -9.476247275e+01 -9.476247275e+01 -2.1371e-01 +5.7711e-01 +4.1554e-01
432 0 +5.932187480e+00 -9.487781252e+01 -9.487781252e+01 -2.0697e-01 +5.7965e-01 +4.2067e-01
436 0 +5.546227175e+00 -9.526377282e+01 -9.526377282e+01 -1.9814e-01 +5.5957e-01 +4.0419e-01
441 0 +5.452319694e+00 -9.535768031e+01 -9.535768031e+01 -2.0477e-01 +5.6844e-01 +4.0752e-01
527 0 +5.348265691e+00 -9.546173431e+01 -9.546173431e+01 -1.9669e-01 +5.5971e-01 +4.0130e-01
531 0 +5.212227077e+00 -9.559777292e+01 -9.559777292e+01 -1.9409e-01 +5.6458e-01 +4.0439e-01
547 0 +5.119877621e+00 -9.569012238e+01 -9.569012238e+01 -2.0005e-01 +5.7219e-01 +4.0683e-01
588 0 +4.990934527e+00 -9.581906547e+01 -9.581906547e+01 -2.0282e-01 +5.7320e-01 +4.0080e-01
% f evaluations | g evaluations | best noise-free fitness - Fopt (-3.531300000000e+02) + sum g_i+ | measured fitness | best measured fitness or single-digit g-values | x1 | x2...
1 0 +4.611803948e+01 -3.070119605e+02 -3.070119605e+02 +0.0000e+00 +0.0000e+00 +0.0000e+00
6 0 +3.836837463e+01 -3.147616254e+02 -3.147616254e+02 -2.2359e-01 +8.0318e-02 +2.1275e-01
11 0 +3.709407144e+01 -3.160359286e+02 -3.160359286e+02 -5.0360e-01 +2.1839e-01 -6.7832e-02
13 0 +2.879311061e+01 -3.243368894e+02 -3.243368894e+02 -1.7916e-01 +9.8080e-02 +9.8290e-02
14 0 +2.399281659e+01 -3.291371834e+02 -3.291371834e+02 -2.6607e-01 +9.5122e-02 +6.2019e-01
18 0 +2.381627224e+01 -3.293137278e+02 -3.293137278e+02 -2.2050e-01 +1.4976e-01 +6.2054e-01
36 0 +1.765609263e+01 -3.354739074e+02 -3.354739074e+02 -4.4952e-01 +5.6308e-01 +2.1781e-01
% f evaluations | g evaluations | best noise-free fitness - Fopt (8.716000000000e+01) + sum g_i+ | measured fitness | best measured fitness or single-digit g-values | x1 | x2...
1 0 +1.179484041e+02 +2.051084041e+02 +2.051084041e+02 +0.0000e+00 +0.0000e+00 +0.0000e+00
2 0 +6.542131367e+01 +1.525813137e+02 +1.525813137e+02 +4.3379e-01 +3.0692e-02 +9.8026e-02
63 0 +5.318328870e+01 +1.403432887e+02 +1.403432887e+02 +5.0257e-01 +3.3796e-01 +7.3961e-02
90 0 +5.048055351e+01 +1.376405535e+02 +1.376405535e+02 +5.2772e-01 +3.1547e-01 +7.0126e-03
96 0 +4.405718384e+01 +1.312171838e+02 +1.312171838e+02 +6.3652e-01 +7.9976e-01 -1.8756e-01
99 0 +3.777423485e+01 +1.249342349e+02 +1.249342349e+02 +6.4499e-01 +7.2080e-01 -2.7667e-01
221 0 +3.608669679e+01 +1.232466968e+02 +1.232466968e+02 +1.0906e+00 +6.2477e-01 +2.3555e-02
281 0 +3.537713827e+01 +1.225371383e+02 +1.225371383e+02 +1.1256e+00 +5.6299e-01 +5.2158e-02
307 0 +3.428077583e+01 +1.214407758e+02 +1.214407758e+02 +1.1625e+00 +5.7109e-01 -6.1315e-04
451 0 +3.387245036e+01 +1.210324504e+02 +1.210324504e+02 +1.1674e+00 +5.4154e-01 +1.3067e-02
% f evaluations | g evaluations | best noise-free fitness - Fopt (-3.475000000000e+01) + sum g_i+ | measured fitness | best measured fitness or single-digit g-values | x1 | x2...
1 0 +6.060428681e+01 +2.585428681e+01 +2.585428681e+01 +0.0000e+00 +0.0000e+00 +0.0000e+00
2 0 +5.267883116e+01 +1.792883116e+01 +1.792883116e+01 +4.3379e-01 +3.0692e-02 +9.8026e-02
7 0 +4.230171835e+01 +7.551718345e+00 +7.551718345e+00 +5.3256e-02 -2.3477e-01 +7.8699e-02
21 0 +3.610351052e+01 +1.353510524e+00 +1.353510524e+00 +1.8352e-01 -2.1820e-01 -6.4403e-02
29 0 +3.108989386e+01 -3.660106137e+00 -3.660106137e+00 -1.6119e-01 -1.3375e-01 -2.9295e-01
48 0 +2.948906403e+01 -5.260935974e+00 -5.260935974e+00 -1.8615e-01 -1.2454e-01 -3.0988e-01
89 0 +2.765605305e+01 -7.093946946e+00 -7.093946946e+00 +4.9837e-01 -6.4279e-02 -5.7286e-02
90 0 +2.143058244e+01 -1.331941756e+01 -1.331941756e+01 +4.4433e-01 -1.9526e-01 -6.8270e-02
102 0 +1.900719291e+01 -1.574280709e+01 -1.574280709e+01 +6.5512e-01 -3.7539e-01 -9.9666e-03
113 0 +1.387162765e+01 -2.087837235e+01 -2.087837235e+01 +7.0613e-01 -4.3765e-01 +8.3284e-02
219 0 +1.183156170e+01 -2.291843830e+01 -2.291843830e+01 +9.8301e-01 -4.3173e-01 +1.0459e-01
282 0 +1.134937650e+01 -2.340062350e+01 -2.340062350e+01 +1.0023e+00 -4.3749e-01 +9.8708e-02
314 0 +1.094977613e+01 -2.380022387e+01 -2.380022387e+01 +9.6701e-01 -4.1684e-01 +5.7466e-02
330 0 +1.066778063e+01 -2.408221937e+01 -2.408221937e+01 +9.7484e-01 -4.2578e-01 +5.8900e-02
402 0 +1.045083762e+01 -2.429916238e+01 -2.429916238e+01 +9.8170e-01 -4.3211e-01 +7.1061e-02
443 0 +1.022039872e+01 -2.452960128e+01 -2.452960128e+01 +9.6961e-01 -4.4584e-01 +7.1681e-02
470 0 +9.979374495e+00 -2.477062550e+01 -2.477062550e+01 +9.6391e-01 -4.8944e-01 +8.7177e-02
% f evaluations | g evaluations | best noise-free fitness - Fopt (-1.000000000000e+03) + sum g_i+ | measured fitness | best measured fitness or single-digit g-values | x1 | x2...
1 0 +1.144789854e+02 -8.855210146e+02 -8.855210146e+02 +0.0000e+00 +0.0000e+00 +0.0000e+00
2 0 +9.785118041e+01 -9.021488196e+02 -9.021488196e+02 +4.3379e-01 +3.0692e-02 +9.8026e-02
4 0 +8.738473873e+01 -9.126152613e+02 -9.126152613e+02 -1.1375e-01 -3.0566e-01 +1.1285e-01
36 0 +8.697908689e+01 -9.130209131e+02 -9.130209131e+02 +8.4261e-02 +1.8525e-01 -2.9863e-01
191 0 +8.485257571e+01 -9.151474243e+02 -9.151474243e+02 +6.8275e-02 +2.3058e-01 -3.5368e-01
% f evaluations | g evaluations | best noise-free fitness - Fopt (-9.247000000000e+01) + sum g_i+ | measured fitness | best measured fitness or single-digit g-values | x1 | x2...
1 0 +9.865433210e+01 +6.184332101e+00 +6.184332101e+00 +0.0000e+00 +0.0000e+00 +0.0000e+00
2 0 +8.565730660e+01 -6.812693401e+00 -6.812693401e+00 +4.3379e-01 +3.0692e-02 +9.8026e-02
3 0 +8.035412674e+01 -1.211587326e+01 -1.211587326e+01 +3.4094e-01 +2.4727e-01 +1.7369e-01
18 0 +7.573431065e+01 -1.673568935e+01 -1.673568935e+01 +5.6231e-01 +1.6572e-01 +7.1400e-01
24 0 +5.444802379e+01 -3.802197621e+01 -3.802197621e+01 +9.8258e-01 +3.8053e-01 +5.4762e-01
31 0 +5.188372248e+01 -4.058627752e+01 -4.058627752e+01 +1.1391e+00 +2.7999e-01 +9.7831e-01
44 0 +3.084366610e+01 -6.162633390e+01 -6.162633390e+01 +1.6578e+00 +2.2893e-01 +1.0224e+00
50 0 +2.589040838e+01 -6.657959162e+01 -6.657959162e+01 +2.5370e+00 +7.7509e-01 +1.6431e+00
51 0 +2.502247513e+01 -6.744752487e+01 -6.744752487e+01 +2.9386e+00 +5.7645e-01 +2.0356e+00
62 0 +1.087284324e+01 -8.159715676e+01 -8.159715676e+01 +2.2728e+00 +7.7701e-01 +2.1047e+00
107 0 +7.600555621e+00 -8.486944438e+01 -8.486944438e+01 +2.7748e+00 +1.3850e+00 +1.8198e+00
178 0 +5.585480468e+00 -8.688451953e+01 -8.688451953e+01 +2.9511e+00 +7.4998e-01 +1.8893e+00
193 0 +3.485046385e+00 -8.898495362e+01 -8.898495362e+01 +2.9958e+00 +7.1733e-01 +1.9431e+00
215 0 +3.465959938e+00 -8.900404006e+01 -8.900404006e+01 +3.0053e+00 +7.0735e-01 +1.9355e+00
361 0 +3.365754120e+00 -8.910424588e+01 -8.910424588e+01 +2.9931e+00 +7.0328e-01 +1.9153e+00
362 0 +3.287003086e+00 -8.918299691e+01 -8.918299691e+01 +2.9944e+00 +6.9912e-01 +1.9216e+00
367 0 +3.168991877e+00 -8.930100812e+01 -8.930100812e+01 +2.9939e+00 +6.8473e-01 +1.9248e+00
377 0 +3.157474142e+00 -8.931252586e+01 -8.931252586e+01 +2.9970e+00 +6.8803e-01 +1.9316e+00
394 0 +3.008603921e+00 -8.946139608e+01 -8.946139608e+01 +3.0002e+00 +6.7076e-01 +1.9648e+00
% f evaluations | g evaluations | best noise-free fitness - Fopt (-2.153000000000e+02) + sum g_i+ | measured fitness | best measured fitness or single-digit g-values | x1 | x2...
1 0 +5.677705300e+01 -1.585229470e+02 -1.585229470e+02 +0.0000e+00 +0.0000e+00 +0.0000e+00
3 0 +4.633017239e+01 -1.689698276e+02 -1.689698276e+02 +3.4094e-01 +2.4727e-01 +1.7369e-01
19 0 +3.685421350e+01 -1.784457865e+02 -1.784457865e+02 +4.0864e-01 +6.2609e-01 -1.7108e-01
91 0 +3.153449495e+01 -1.837655050e+02 -1.837655050e+02 +9.9349e-01 +9.7040e-01 +3.7518e-01
100 0 +2.856931251e+01 -1.867306875e+02 -1.867306875e+02 +1.1985e+00 +1.2634e+00 +1.6344e-01
103 0 +2.401517402e+01 -1.912848260e+02 -1.912848260e+02 +9.9834e-01 +1.2508e+00 +2.1183e-01
580 0 +2.398402126e+01 -1.913159787e+02 -1.913159787e+02 +1.0416e+00 +1.2389e+00 +2.2070e-01
% f evaluations | g evaluations | best noise-free fitness - Fopt (-5.449000000000e+01) + sum g_i+ | measured fitness | best measured fitness or single-digit g-values | x1 | x2...
1 0 +2.219120079e+02 +1.674220079e+02 +1.674220079e+02 +0.0000e+00 +0.0000e+00 +0.0000e+00
2 0 +1.688016873e+02 +1.143116873e+02 +1.143116873e+02 +4.3379e-01 +3.0692e-02 +9.8026e-02
15 0 +1.376693190e+02 +8.317931897e+01 +8.317931897e+01 +5.8775e-01 +3.1899e-01 +2.5651e-01
18 0 +1.061353630e+02 +5.164536298e+01 +5.164536298e+01 +6.3479e-01 +4.7565e-01 +5.9203e-01
24 0 +8.928372495e+01 +3.479372495e+01 +3.479372495e+01 +1.1498e+00 +7.9657e-01 +4.3069e-01
31 0 +7.565377538e+01 +2.116377538e+01 +2.116377538e+01 +1.3903e+00 +5.7194e-01 +7.0790e-01
37 0 +6.523638644e+01 +1.074638644e+01 +1.074638644e+01 +2.0265e+00 +1.0896e+00 +1.7605e+00
44 0 +4.699005240e+01 -7.499947601e+00 -7.499947601e+00 +1.9737e+00 +6.4833e-01 +8.2348e-01
46 0 +4.422900841e+01 -1.026099159e+01 -1.026099159e+01 +2.6677e+00 +9.8244e-01 +1.7689e+00
49 0 +4.141463460e+01 -1.307536540e+01 -1.307536540e+01 +2.2830e+00 +7.0959e-01 +1.2763e+00
52 0 +3.507497911e+01 -1.941502089e+01 -1.941502089e+01 +2.9439e+00 +1.1817e+00 +3.4227e+00
62 0 +3.226305651e+01 -2.222694349e+01 -2.222694349e+01 +3.1318e+00 +1.4051e+00 +2.5013e+00
97 0 +2.292960651e+01 -3.156039349e+01 -3.156039349e+01 +3.4058e+00 +5.4624e-01 +2.8403e+00
119 0 +9.189843676e+00 -4.530015632e+01 -4.530015632e+01 +3.2375e+00 +1.1440e-02 +3.1043e+00
196 0 +8.834907181e+00 -4.565509282e+01 -4.565509282e+01 +3.6708e+00 -1.2305e+00 +3.3070e+00
202 0 +5.619687863e+00 -4.887031214e+01 -4.887031214e+01 +3.6426e+00 -1.2509e+00 +3.2188e+00
208 0 +5.414008734e+00 -4.907599127e+01 -4.907599127e+01 +3.2870e+00 -7.7680e-01 +2.9489e+00
247 0 +3.905978389e+00 -5.058402161e+01 -5.058402161e+01 +3.6355e+00 -1.1679e+00 +3.2137e+00
349 0 +2.628779686e+00 -5.186122031e+01 -5.186122031e+01 +3.3783e+00 -9.5992e-01 +2.7630e+00
390 0 +1.560896365e+00 -5.292910363e+01 -5.292910363e+01 +3.3670e+00 -9.1019e-01 +2.7672e+00
% f evaluations | g evaluations | best noise-free fitness - Fopt (5.049000000000e+01) + sum g_i+ | measured fitness | best measured fitness or single-digit g-values | x1 | x2...
1 0 +1.102093613e+02 +1.606993613e+02 +1.606993613e+02 +0.0000e+00 +0.0000e+00 +0.0000e+00
2 0 +9.785452547e+01 +1.483445255e+02 +1.483445255e+02 +4.3379e-01 +3.0692e-02 +9.8026e-02
3 0 +8.302281481e+01 +1.335128148e+02 +1.335128148e+02 +3.4094e-01 +2.4727e-01 +1.7369e-01
15 0 +7.755539725e+01 +1.280453972e+02 +1.280453972e+02 +5.8775e-01 +3.1899e-01 +2.5651e-01
18 0 +6.126258259e+01 +1.117525826e+02 +1.117525826e+02 +5.1907e-01 +4.8685e-01 +9.4894e-01
37 0 +5.799794000e+01 +1.084879400e+02 +1.084879400e+02 +1.3541e+00 +1.3936e+00 +1.8125e+00
46 0 +4.259013307e+01 +9.308013307e+01 +9.308013307e+01 +1.6785e+00 +1.0359e+00 +1.5468e+00
51 0 +3.835987876e+01 +8.884987876e+01 +8.884987876e+01 +2.1658e+00 +1.1782e+00 +1.4402e+00
61 0 +2.237252796e+01 +7.286252796e+01 +7.286252796e+01 +2.3188e+00 +7.7854e-01 +1.9687e+00
97 0 +1.659346794e+01 +6.708346794e+01 +6.708346794e+01 +3.1589e+00 +4.2598e-01 +1.7601e+00
130 0 +1.287992315e+01 +6.336992315e+01 +6.336992315e+01 +2.8918e+00 +3.1596e-01 +2.3514e+00
188 0 +1.012643704e+01 +6.061643704e+01 +6.061643704e+01 +2.8649e+00 -5.5217e-01 +2.1484e+00
194 0 +5.252585190e+00 +5.574258519e+01 +5.574258519e+01 +3.3704e+00 -5.8564e-01 +2.2016e+00
223 0 +2.949305958e+00 +5.343930596e+01 +5.343930596e+01 +3.3770e+00 -5.0593e-01 +2.2723e+00
281 0 +2.815308836e+00 +5.330530884e+01 +5.330530884e+01 +3.3947e+00 -4.7784e-01 +2.2424e+00
359 0 +2.645765914e+00 +5.313576591e+01 +5.313576591e+01 +3.3759e+00 -4.9508e-01 +2.2310e+00
371 0 +2.560357040e+00 +5.305035704e+01 +5.305035704e+01 +3.3824e+00 -4.9365e-01 +2.2377e+00
389 0 +2.507969897e+00 +5.299796990e+01 +5.299796990e+01 +3.3871e+00 -4.9180e-01 +2.2456e+00
415 0 +2.448838459e+00 +5.293883846e+01 +5.293883846e+01 +3.3725e+00 -4.8412e-01 +2.2419e+00
434 0 +2.354976211e+00 +5.284497621e+01 +5.284497621e+01 +3.3775e+00 -4.8622e-01 +2.2497e+00
443 0 +2.327382569e+00 +5.281738257e+01 +5.281738257e+01 +3.3752e+00 -4.8139e-01 +2.2505e+00
470 0 +2.287546852e+00 +5.277754685e+01 +5.277754685e+01 +3.3799e+00 -4.8706e-01 +2.2580e+00
482 0 +2.206442465e+00 +5.269644247e+01 +5.269644247e+01 +3.3762e+00 -4.8004e-01 +2.2610e+00
491 0 +2.145355919e+00 +5.263535592e+01 +5.263535592e+01 +3.3773e+00 -4.7674e-01 +2.2699e+00
493 0 +2.120530775e+00 +5.261053078e+01 +5.261053078e+01 +3.3770e+00 -4.7702e-01 +2.2722e+00
515 0 +2.077251469e+00 +5.256725147e+01 +5.256725147e+01 +3.3771e+00 -4.7942e-01 +2.2775e+00
532 0 +2.015091287e+00 +5.250509129e+01 +5.250509129e+01 +3.3741e+00 -4.7812e-01 +2.2885e+00
609 0 +1.993480432e+00 +5.248348043e+01 +5.248348043e+01 +3.3689e+00 -4.7344e-01 +2.2942e+00
% f evaluations | g evaluations | best noise-free fitness - Fopt (-3.641300000000e+02) + sum g_i+ | measured fitness | best measured fitness or single-digit g-values | x1 | x2...
1 0 +1.204089730e+02 -2.437210270e+02 -2.437210270e+02 +0.0000e+00 +0.0000e+00 +0.0000e+00
5 0 +1.059197690e+02 -2.582102310e+02 -2.582102310e+02 -1.5359e-01 +2.4817e-01 +6.3376e-02
6 0 +8.846237779e+01 -2.756676222e+02 -2.756676222e+02 -2.2359e-01 +8.0318e-02 +2.1275e-01
23 0 +6.830839580e+01 -2.958216042e+02 -2.958216042e+02 -9.2337e-01 +4.5777e-01 +1.9246e-02
27 0 +4.888775035e+01 -3.152422497e+02 -3.152422497e+02 -9.9755e-01 +4.4359e-01 +3.5792e-01
39 0 +4.392579293e+01 -3.202042071e+02 -3.202042071e+02 -1.8769e+00 +8.4963e-01 +6.6110e-02
49 0 +3.496401904e+01 -3.291659810e+02 -3.291659810e+02 -2.8871e+00 +1.3285e+00 -4.1492e-01
52 0 +3.155842594e+01 -3.325715741e+02 -3.325715741e+02 -3.0545e+00 +1.2980e+00 +1.3125e+00
65 0 +2.698159084e+01 -3.371484092e+02 -3.371484092e+02 -2.3216e+00 +1.3271e+00 +1.0499e+00
126 0 +8.805200115e+00 -3.553247999e+02 -3.553247999e+02 -2.2567e+00 +9.8694e-01 +1.0414e+00
233 0 +7.994269400e+00 -3.561357306e+02 -3.561357306e+02 -2.2855e+00 +8.9265e-01 +1.0238e+00
246 0 +7.057753667e+00 -3.570722463e+02 -3.570722463e+02 -2.2700e+00 +9.0733e-01 +1.0366e+00
253 0 +6.051641479e+00 -3.580783585e+02 -3.580783585e+02 -2.2387e+00 +9.7664e-01 +9.8452e-01
281 0 +5.408110904e+00 -3.587218891e+02 -3.587218891e+02 -2.2207e+00 +9.7329e-01 +1.0487e+00
303 0 +5.349955966e+00 -3.587800440e+02 -3.587800440e+02 -2.2658e+00 +9.4710e-01 +1.0127e+00
350 0 +5.243693631e+00 -3.588863064e+02 -3.588863064e+02 -2.2678e+00 +9.5440e-01 +1.0018e+00
354 0 +5.110870891e+00 -3.590191291e+02 -3.590191291e+02 -2.2476e+00 +9.5506e-01 +1.0146e+00
385 0 +4.985108411e+00 -3.591448916e+02 -3.591448916e+02 -2.2307e+00 +9.6622e-01 +1.0271e+00
% f evaluations | g evaluations | best noise-free fitness - Fopt (1.592700000000e+02) + sum g_i+ | measured fitness | best measured fitness or single-digit g-values | x1 | x2...
1 0 +4.454241971e+02 +6.046941971e+02 +6.046941971e+02 +0.0000e+00 +0.0000e+00 +0.0000e+00
2 0 +4.028513499e+02 +5.621213499e+02 +5.621213499e+02 +4.3379e-01 +3.0692e-02 +9.8026e-02
3 0 +3.526405294e+02 +5.119105294e+02 +5.119105294e+02 +3.4094e-01 +2.4727e-01 +1.7369e-01
10 0 +3.326105740e+02 +4.918805740e+02 +4.918805740e+02 -1.6252e-01 +6.1339e-02 +3.4986e-01
14 0 +2.220932681e+02 +3.813632681e+02 +3.813632681e+02 -7.5250e-02 +2.8343e-01 +7.6804e-01
18 0 +2.088650663e+02 +3.681350663e+02 +3.681350663e+02 +1.5081e-01 +2.9060e-01 +9.9496e-01
27 0 +1.746628923e+02 +3.339328923e+02 +3.339328923e+02 -1.5347e-01 +5.2061e-01 +1.3169e+00
30 0 +1.691260755e+02 +3.283960755e+02 +3.283960755e+02 +2.8691e-01 +5.3077e-01 +1.2594e+00
37 0 +3.779946528e+01 +1.970694653e+02 +1.970694653e+02 +1.0002e+00 +9.9421e-01 +3.0454e+00
102 0 +2.955847583e+01 +1.888284758e+02 +1.888284758e+02 +1.4200e+00 +3.9389e-01 +3.6250e+00
109 0 +2.535980575e+01 +1.846298058e+02 +1.846298058e+02 +4.8539e-01 +1.3475e-01 +2.8903e+00
128 0 +1.915113294e+01 +1.784211329e+02 +1.784211329e+02 +1.5391e+00 +5.6503e-01 +3.7024e+00
194 0 +1.892664310e+01 +1.781966431e+02 +1.781966431e+02 +1.2816e+00 -1.4801e-01 +3.6308e+00
209 0 +1.461315190e+01 +1.738831519e+02 +1.738831519e+02 +1.4399e+00 -1.3648e-01 +3.9048e+00
240 0 +1.429685929e+01 +1.735668593e+02 +1.735668593e+02 +1.4930e+00 -1.1105e-01 +3.9561e+00
247 0 +1.397712383e+01 +1.732471238e+02 +1.732471238e+02 +1.4662e+00 -1.2649e-01 +3.9629e+00
249 0 +1.368958147e+01 +1.729595815e+02 +1.729595815e+02 +1.4380e+00 -1.5193e-01 +3.9442e+00
345 0 +1.316180477e+01 +1.724318048e+02 +1.724318048e+02 +1.4419e+00 -1.2956e-01 +3.9415e+00
