% f evaluations | g evaluations | best noise-free fitness - Fopt (1.000000000000e+03) + sum g_i+ | measured fitness | best measured fitness or single-digit g-values | x1 | x2...
1 0 +3.833297738e+02 +1.383329774e+03 +1.383329774e+03 +0.0000e+00 +0.0000e+00 +0.0000e+00 +0.0000e+00 +0.0000e+00
2 0 +3.043389719e+02 +1.304338972e+03 +1.304338972e+03 +4.3379e-01 +3.0692e-02 +9.8026e-02 +3.4094e-01 +2.4727e-01
31 0 +2.919484159e+02 +1.291948416e+03 +1.291948416e+03 +1.0226e+00 -1.0871e-01 -8.2676e-02 +4.9498e-01 +1.1528e+00
41 0 +2.829793587e+02 +1.282979359e+03 +1.282979359e+03 +7.3656e-01 +9.8932e-01 +2.7294e-03 +6.7991e-01 +6.7467e-01
42 0 +2.379681555e+02 +1.237968155e+03 +1.237968155e+03 +1.7769e+00 +5.9887e-01 +2.9671e-02 +1.3088e+00 +7.8408e-01
48 0 +2.333648749e+02 +1.233364875e+03 +1.233364875e+03 +1.9261e+00 +4.6156e-01 -7.2819e-01 +1.5822e+00 +1.6744e+00
56 0 +1.762063158e+02 +1.176206316e+03 +1.176206316e+03 +2.1448e+00 +9.6056e-01 -9.5125e-01 +2.1276e+00 +2.3492e+00
70 0 +1.640979424e+02 +1.164097942e+03 +1.164097942e+03 +2.5399e+00 +1.5447e+00 -1.6320e-01 +2.1396e+00 +2.2899e+00
88 0 +1.403835644e+02 +1.140383564e+03 +1.140383564e+03 +4.3370e+00 +1.7132e+00 -1.1177e+00 +5.2090e+00 +4.0888e+00
113 0 +1.338890333e+02 +1.133889033e+03 +1.133889033e+03 +3.5324e+00 +1.6626e+00 -5.9974e-01 +4.5679e+00 +3.2071e+00
122 0 +1.224539610e+02 +1.122453961e+03 +1.122453961e+03 +3.1566e+00 +1.9785e+00 +1.3468e-01 +3.6383e+00 +2.2335e+00
126 0 +1.176597209e+02 +1.117659721e+03 +1.117659721e+03 +4.0858e+00 +2.1244e+00 +4.2810e-01 +4.5422e+00 +3.1963e+00
146 0 +1.157841287e+02 +1.115784129e+03 +1.115784129e+03 +2.7405e+00 +1.7006e+00 +1.5628e-01 +4.5351e+00 +2.7057e+00
160 0 +9.907323973e+01 +1.099073240e+03 +1.099073240e+03 +2.5280e+00 +1.4671e+00 +4.2554e-01 +3.8667e+00 +3.5897e+00
164 0 +9.181479311e+01 +1.091814793e+03 +1.091814793e+03 +3.9120e+00 +2.4894e+00 +5.7861e-01 +5.5008e+00 +3.9402e+00
187 0 +8.605859092e+01 +1.086058591e+03 +1.086058591e+03 +2.9201e+00 +2.6067e+00 +9.5266e-01 +4.4580e+00 +3.0657e+00
194 0 +8.093678260e+01 +1.080936783e+03 +1.080936783e+03 +3.2973e+00 +2.2233e+00 +1.1384e+00 +5.0510e+00 +3.2464e+00
207 0 +7.781254025e+01 +1.077812540e+03 +1.077812540e+03 +3.1900e+00 +2.2260e+00 +1.2116e+00 +5.1018e+00 +3.1313e+00
215 0 +7.446408822e+01 +1.074464088e+03 +1.074464088e+03 +2.8425e+00 +2.2544e+00 +5.4545e-01 +4.8323e+00 +3.2376e+00
226 0 +6.993107958e+01 +1.069931080e+03 +1.069931080e+03 +2.5970e+00 +2.3762e+00 +9.0747e-01 +4.8327e+00 +3.2245e+00
228 0 +6.520266723e+01 +1.065202667e+03 +1.065202667e+03 +1.7055e+00 +2.3479e+00 +6.4695e-01 +4.5890e+00 +2.9279e+00
256 0 +6.281204572e+01 +1.062812046e+03 +1.062812046e+03 +1.0346e+00 +2.1055e+00 +1.1373e+00 +4.0527e+00 +2.4497e+00
257 0 +5.590508698e+01 +1.055905087e+03 +1.055905087e+03 +1.7055e+00 +2.7439e+00 +1.6228e+00 +4.5939e+00 +3.3599e+00
322 0 +5.161435754e+01 +1.051614358e+03 +1.051614358e+03 +1.8447e+00 +2.3104e+00 +1.1850e+00 +4.5654e+00 +3.0892e+00
436 0 +5.076188703e+01 +1.050761887e+03 +1.050761887e+03 +1.7738e+00 +2.3739e+00 +1.3075e+00 +4.7056e+00 +3.2770e+00
442 0 +4.922872667e+01 +1.049228727e+03 +1.049228727e+03 +1.7150e+00 +2.3735e+00 +1.2635e+00 +4.6507e+00 +3.2492e+00
451 0 +4.863325609e+01 +1.048633256e+03 +1.048633256e+03 +1.6864e+00 +2.3533e+00 +1.2656e+00 +4.6164e+00 +3.2353e+00
454 0 +4.573180384e+01 +1.045731804e+03 +1.045731804e+03 +1.7502e+00 +2.3490e+00 +1.2704e+00 +4.6150e+00 +3.2136e+00
460 0 +4.534458660e+01 +1.045344587e+03 +1.045344587e+03 +1.7530e+00 +2.3504e+00 +1.2755e+00 +4.6382e+00 +3.2487e+00
463 0 +4.402858899e+01 +1.044028589e+03 +1.044028589e+03 +1.7632e+00 +2.3733e+00 +1.3607e+00 +4.6486e+00 +3.2706e+00
469 0 +4.331101897e+01 +1.043311019e+03 +1.043311019e+03 +1.7486e+00 +2.3097e+00 +1.2957e+00 +4.6059e+00 +3.2292e+00
542 0 +4.175188091e+01 +1.041751881e+03 +1.041751881e+03 +1.7659e+00 +2.2991e+00 +1.2889e+00 +4.6229e+00 +3.2359e+00
553 0 +4.158681726e+01 +1.041586817e+03 +1.041586817e+03 +1.7636e+00 +2.3188e+00 +1.3166e+00 +4.6322e+00 +3.2559e+00
562 0 +3.972769473e+01 +1.039727695e+03 +1.039727695e+03 +1.8030e+00 +2.2932e+00 +1.3765e+00 +4.6271e+00 +3.2483e+00
635 0 +3.889032759e+01 +1.038890328e+03 +1.038890328e+03 +1.8297e+00 +2.2606e+00 +1.3604e+00 +4.6261e+00 +3.2415e+00
911 0 +3.800654366e+01 +1.038006544e+03 +1.038006544e+03 +1.8412e+00 +2.2833e+00 +1.3490e+00 +4.6572e+00 +3.2313e+00
% f evaluations | g evaluations | best noise-free fitness - Fopt (7.003000000000e+01) + sum g_i+ | measured fitness | best measured fitness or single-digit g-values | x1 | x2...
1 0 +1.421420674e+02 +2.121720674e+02 +2.121720674e+02 +0.0000e+00 +0.0000e+00 +0.0000e+00 +0.0000e+00 +0.0000e+00
47 0 +1.334847044e+02 +2.035147044e+02 +2.035147044e+02 +1.6590e-01 +1.3431e-01 -7.2401e-01 -2.3069e-01 -2.0835e-01
65 0 +1.223845510e+02 +1.924145510e+02 +1.924145510e+02 +3.8978e-01 -3.7718e-01 -1.1815e+00 -6.6985e-01 +4.1153e-01
85 0 +9.439839386e+01 +1.644283939e+02 +1.644283939e+02 +4.7675e-01 +2.0224e-01 -2.0263e+00 -1.0642e+00 +9.5035e-02
114 0 +6.988993830e+01 +1.399199383e+02 +1.399199383e+02 +2.6976e-01 -3.1517e-01 -1.9121e+00 -9.1733e-01 +2.0147e-01
171 0 +5.752245992e+01 +1.275524599e+02 +1.275524599e+02 +8.3130e-01 -6.1809e-01 -2.8083e+00 -1.5075e+00 +7.6976e-01
174 0 +5.418686638e+01 +1.242168664e+02 +1.242168664e+02 +6.2426e-01 -1.2094e+00 -3.2108e+00 -1.4410e+00 +7.9684e-01
247 0 +5.316193975e+01 +1.231919398e+02 +1.231919398e+02 +8.5441e-01 -1.0118e+00 -3.5632e+00 -1.4910e+00 +8.6841e-01
452 0 +5.216496100e+01 +1.221949610e+02 +1.221949610e+02 +6.6470e-01 -6.1971e-01 -2.7620e+00 -1.4126e+00 +9.5864e-01
463 0 +5.082660195e+01 +1.208566020e+02 +1.208566020e+02 +6.5473e-01 -6.0216e-01 -2.7045e+00 -1.3843e+00 +9.1939e-01
470 0 +4.948052981e+01 +1.195105298e+02 +1.195105298e+02 +6.7943e-01 -6.0267e-01 -2.7295e+00 -1.4080e+00 +9.5007e-01
570 0 +4.874831480e+01 +1.187783148e+02 +1.187783148e+02 +6.7980e-01 -6.0186e-01 -2.7126e+00 -1.4105e+00 +9.3526e-01
606 0 +4.692289101e+01 +1.169528910e+02 +1.169528910e+02 +7.0768e-01 -5.7963e-01 -2.7382e+00 -1.4417e+00 +9.3450e-01
631 0 +4.652060033e+01 +1.165506003e+02 +1.165506003e+02 +7.4218e-01 -5.5834e-01 -2.7613e+00 -1.4415e+00 +9.7512e-01
653 0 +4.428228067e+01 +1.143122807e+02 +1.143122807e+02 +7.6995e-01 -5.1553e-01 -2.7457e+00 -1.4651e+00 +9.0560e-01
812 0 +4.358530863e+01 +1.136153086e+02 +1.136153086e+02 +7.6893e-01 -4.8879e-01 -2.7386e+00 -1.5069e+00 +8.7053e-01
% f evaluations | g evaluations | best noise-free fitness - Fopt (-4.822000000000e+01) + sum g_i+ | measured fitness | best measured fitness or single-digit g-values | x1 | x2...
1 0 +1.511162314e+02 +1.028962314e+02 +1.028962314e+02 +0.0000e+00 +0.0000e+00 +0.0000e+00 +0.0000e+00 +0.0000e+00
2 0 +1.454933268e+02 +9.727332681e+01 +9.727332681e+01 +4.3379e-01 +3.0692e-02 +9.8026e-02 +3.4094e-01 +2.4727e-01
3 0 +1.220503877e+02 +7.383038768e+01 +7.383038768e+01 +1.7369e-01 -1.1375e-01 -3.0566e-01 +1.1285e-01 -1.5359e-01
12 0 +1.060369472e+02 +5.781694720e+01 +5.781694720e+01 +1.1459e-01 +1.1413e-01 -4.3491e-01 +2.9036e-01 -3.0414e-01
14 0 +8.964576773e+01 +4.142576773e+01 +4.142576773e+01 +2.9551e-01 -1.6812e-01 -7.1746e-01 +4.1855e-01 -2.9256e-01
112 0 +8.792256896e+01 +3.970256896e+01 +3.970256896e+01 +2.4683e-01 +9.4946e-02 -6.4849e-01 +3.3495e-01 -2.8955e-01
211 0 +8.270122568e+01 +3.448122568e+01 +3.448122568e+01 +2.2386e-01 -3.6680e-02 -6.9100e-01 +5.0544e-01 -5.0276e-01
229 0 +8.016632888e+01 +3.194632888e+01 +3.194632888e+01 +1.8723e-01 -4.8916e-02 -6.2196e-01 +5.2796e-01 -5.1527e-01
245 0 +7.598721843e+01 +2.776721843e+01 +2.776721843e+01 +1.3314e-01 -5.6221e-02 -5.9455e-01 +4.8695e-01 -5.4514e-01
256 0 +7.466571139e+01 +2.644571139e+01 +2.644571139e+01 +9.8736e-02 -6.5020e-02 -6.4955e-01 +5.4746e-01 -6.1534e-01
270 0 +7.385761620e+01 +2.563761620e+01 +2.563761620e+01 +1.0870e-01 -7.8459e-02 -6.5152e-01 +5.4673e-01 -5.9926e-01
286 0 +7.218155733e+01 +2.396155733e+01 +2.396155733e+01 +1.3320e-01 -6.1199e-02 -5.1672e-01 +5.5322e-01 -6.1053e-01
293 0 +6.819426243e+01 +1.997426243e+01 +1.997426243e+01 +1.1291e-01 -5.1934e-02 -5.5455e-01 +5.7988e-01 -6.9243e-01
320 0 +6.752180137e+01 +1.930180137e+01 +1.930180137e+01 +9.4702e-02 -8.3710e-02 -5.5734e-01 +5.5282e-01 -6.6176e-01
366 0 +6.552476994e+01 +1.730476994e+01 +1.730476994e+01 +5.1819e-02 -9.2688e-02 -4.7829e-01 +5.5292e-01 -6.8527e-01
% f evaluations | g evaluations | best noise-free fitness - Fopt (2.547000000000e+01) + sum g_i+ | measured fitness | best measured fitness or single-digit g-values | x1 | x2...
1 0 +1.434467868e+02 +1.689167868e+02 +1.689167868e+02 +0.0000e+00 +0.0000e+00 +0.0000e+00 +0.0000e+00 +0.0000e+00
3 0 +1.221862336e+02 +1.476562336e+02 +1.476562336e+02 +1.7369e-01 -1.1375e-01 -3.0566e-01 +1.1285e-01 -1.5359e-01
4 0 +1.181536427e+02 +1.436236427e+02 +1.436236427e+02 +2.4817e-01 +6.3376e-02 -2.2359e-01 +8.0318e-02 +2.1275e-01
11 0 +1.106874918e+02 +1.361574918e+02 +1.361574918e+02 +2.4934e-01 -2.5861e-01 -3.2980e-04 +4.3316e-02 +5.1361e-01
12 0 +1.049992081e+02 +1.304692081e+02 +1.304692081e+02 +4.7310e-02 +2.5098e-01 -3.9967e-01 +1.0231e-01 -7.7979e-02
13 0 +1.034789538e+02 +1.289489538e+02 +1.289489538e+02 -1.1489e-01 +1.4014e-01 -3.5483e-01 -6.8480e-03 -7.6776e-02
26 0 +1.018321819e+02 +1.273021819e+02 +1.273021819e+02 -3.9265e-02 +2.7774e-01 -4.1264e-01 -6.0452e-02 -2.9444e-01
46 0 +8.815972016e+01 +1.136297202e+02 +1.136297202e+02 +3.4675e-01 -1.9806e-01 -4.5342e-01 -5.6029e-01 -1.8562e-01
55 0 +7.077621972e+01 +9.624621972e+01 +9.624621972e+01 +2.9477e-01 -1.2566e-01 -6.5506e-01 -6.3902e-01 -2.0998e-01
112 0 +6.589000453e+01 +9.136000453e+01 +9.136000453e+01 +3.0270e-01 -4.9494e-01 -4.7235e-01 -1.0137e+00 -4.7339e-01
116 0 +6.377914730e+01 +8.924914730e+01 +8.924914730e+01 +8.7797e-01 -1.1062e+00 -9.4828e-01 -9.5358e-01 -1.1493e+00
122 0 +5.477930416e+01 +8.024930416e+01 +8.024930416e+01 +6.2084e-01 -6.8510e-01 -7.7641e-01 -1.2330e+00 -9.8058e-01
215 0 +5.124868926e+01 +7.671868926e+01 +7.671868926e+01 +4.9212e-01 -5.3994e-01 -1.1113e+00 -1.2335e+00 -5.3713e-01
287 0 +4.923390866e+01 +7.470390866e+01 +7.470390866e+01 +4.7093e-01 -5.7523e-01 -1.1264e+00 -1.2277e+00 -5.1514e-01
310 0 +4.719252056e+01 +7.266252056e+01 +7.266252056e+01 +4.7949e-01 -6.0802e-01 -1.0781e+00 -1.2417e+00 -5.0842e-01
316 0 +4.665966866e+01 +7.212966866e+01 +7.212966866e+01 +4.8461e-01 -6.0343e-01 -1.0836e+00 -1.2590e+00 -5.1525e-01
350 0 +4.529125288e+01 +7.076125288e+01 +7.076125288e+01 +4.4371e-01 -6.6876e-01 -1.0722e+00 -1.2661e+00 -4.7451e-01
399 0 +4.390807267e+01 +6.937807267e+01 +6.937807267e+01 +4.6247e-01 -6.3515e-01 -1.0775e+00 -1.2628e+00 -4.7493e-01
407 0 +4.342084824e+01 +6.889084824e+01 +6.889084824e+01 +4.6278e-01 -6.6102e-01 -1.0674e+00 -1.2548e+00 -4.4863e-01
426 0 +4.225677112e+01 +6.772677112e+01 +6.772677112e+01 +4.7142e-01 -6.4030e-01 -1.0905e+00 -1.2502e+00 -4.3340e-01
470 0 +4.135129052e+01 +6.682129052e+01 +6.682129052e+01 +4.9645e-01 -6.3639e-01 -1.0818e+00 -1.2714e+00 -4.4602e-01
549 0 +4.060292578e+01 +6.607292578e+01 +6.607292578e+01 +5.0573e-01 -6.4408e-01 -1.1062e+00 -1.2700e+00 -4.2153e-01
625 0 +3.924442312e+01 +6.471442312e+01 +6.471442312e+01 +5.4606e-01 -6.2237e-01 -1.1119e+00 -1.2879e+00 -4.0727e-01
767 0 +3.889396015e+01 +6.436396015e+01 +6.436396015e+01 +5.6605e-01 -5.9587e-01 -1.1346e+00 -1.2883e+00 -4.0964e-01
% f evaluations | g evaluations | best noise-free fitness - Fopt (-1.008100000000e+02) + sum g_i+ | measured fitness | best measured fitness or single-digit g-values | x1 | x2...
1 0 +7.698999316e+01 -2.382000684e+01 -2.382000684e+01 +0.0000e+00 +0.0000e+00 +0.0000e+00 +0.0000e+00 +0.0000e+00
2 0 +4.007299822e+01 -6.073700178e+01 -6.073700178e+01 +4.3379e-01 +3.0692e-02 +9.8026e-02 +3.4094e-01 +2.4727e-01
40 0 +3.833104979e+01 -6.247895021e+01 -6.247895021e+01 +8.5380e-01 +2.4986e-01 +6.4313e-02 +2.4220e-01 +3.0826e-01
50 0 +3.182764537e+01 -6.898235463e+01 -6.898235463e+01 +1.7016e+00 -3.7758e-01 +5.0670e-01 +6.2306e-01 +7.5927e-01
106 0 +2.705918944e+01 -7.375081056e+01 -7.375081056e+01 +1.2711e+00 +9.8358e-02 +1.2695e-01 +6.2076e-01 +6.1805e-01
136 0 +1.831113682e+01 -8.249886318e+01 -8.249886318e+01 +1.7433e+00 -3.8364e-01 -3.6929e-02 +1.2724e+00 +1.9290e-01
378 0 +1.680101905e+01 -8.400898095e+01 -8.400898095e+01 +1.1124e+00 -6.4524e-01 +1.0546e-01 +1.0965e+00 +4.5000e-01
398 0 +1.603211598e+01 -8.477788402e+01 -8.477788402e+01 +1.1351e+00 -6.2379e-01 +7.5519e-02 +1.1525e+00 +4.3861e-01
406 0 +1.571589247e+01 -8.509410753e+01 -8.509410753e+01 +1.0996e+00 -6.5255e-01 +8.8228e-02 +1.1193e+00 +4.3763e-01
412 0 +1.473617696e+01 -8.607382304e+01 -8.607382304e+01 +1.0946e+00 -6.2994e-01 +1.0676e-01 +1.1213e+00 +4.6212e-01
425 0 +1.433929440e+01 -8.647070560e+01 -8.647070560e+01 +1.0724e+00 -6.7515e-01 +1.1685e-01 +1.1222e+00 +4.7559e-01
432 0 +1.315696879e+01 -8.765303121e+01 -8.765303121e+01 +1.0941e+00 -6.4264e-01 +9.8238e-02 +1.1268e+00 +4.7530e-01
461 0 +1.283074844e+01 -8.797925156e+01 -8.797925156e+01 +1.0639e+00 -6.5244e-01 +1.3078e-01 +1.0990e+00 +5.1333e-01
481 0 +1.219495925e+01 -8.861504075e+01 -8.861504075e+01 +1.0894e+00 -6.3321e-01 +1.0620e-01 +1.1180e+00 +4.9865e-01
488 0 +1.136905558e+01 -8.944094442e+01 -8.944094442e+01 +1.0539e+00 -6.4942e-01 +1.2317e-01 +1.1002e+00 +5.3590e-01
507 0 +1.121837265e+01 -8.959162735e+01 -8.959162735e+01 +1.0562e+00 -6.4842e-01 +1.1444e-01 +1.1192e+00 +5.2148e-01
522 0 +1.073036677e+01 -9.007963323e+01 -9.007963323e+01 +1.0454e+00 -6.2817e-01 +1.3049e-01 +1.1276e+00 +5.6912e-01
528 0 +1.066400254e+01 -9.014599746e+01 -9.014599746e+01 +1.0447e+00 -6.4164e-01 +1.2371e-01 +1.1203e+00 +5.5185e-01
550 0 +1.041844646e+01 -9.039155354e+01 -9.039155354e+01 +1.0504e+00 -6.3790e-01 +1.1286e-01 +1.1284e+00 +5.5432e-01
583 0 +1.019172630e+01 -9.061827370e+01 -9.061827370e+01 +1.0487e+00 -6.1474e-01 +1.1052e-01 +1.1303e+00 +5.7321e-01
682 0 +9.998862991e+00 -9.081113701e+01 -9.081113701e+01 +1.0641e+00 -6.1132e-01 +1.0871e-01 +1.1184e+00 +5.7194e-01
% f evaluations | g evaluations | best noise-free fitness - Fopt (-3.531300000000e+02) + sum g_i+ | measured fitness | best measured fitness or single-digit g-values | x1 | x2...
1 0 +1.711670615e+02 -1.819629385e+02 -1.819629385e+02 +0.0000e+00 +0.0000e+00 +0.0000e+00 +0.0000e+00 +0.0000e+00
8 0 +1.702245342e+02 -1.829054658e+02 -1.829054658e+02 -9.0564e-02 +8.4424e-02 -2.8183e-02 -1.8777e-01 +7.4957e-02
10 0 +1.645804328e+02 -1.885495672e+02 -1.885495672e+02 +2.5796e-01 +4.2964e-02 -6.1733e-02 +1.0068e-01 +1.2693e-01
25 0 +1.619258110e+02 -1.912041890e+02 -1.912041890e+02 +4.9263e-02 +4.6688e-02 -7.5182e-01 -5.1444e-01 +6.0933e-01
31 0 +1.471292937e+02 -2.060007063e+02 -2.060007063e+02 +4.6774e-01 +3.8746e-01 -7.1455e-01 -6.9349e-02 +9.5571e-01
43 0 +1.390539759e+02 -2.140760241e+02 -2.140760241e+02 +2.0190e-01 -4.8278e-02 -5.9329e-01 -6.3945e-01 +9.0902e-02
51 0 +1.374884056e+02 -2.156415944e+02 -2.156415944e+02 +4.3299e-01 +8.4233e-01 -9.3083e-01 -6.9204e-01 +4.4483e-01
53 0 +1.241313323e+02 -2.289986677e+02 -2.289986677e+02 +5.7377e-02 +5.1665e-01 -1.1711e+00 -3.3145e-01 +2.6601e-01
57 0 +1.035368063e+02 -2.495931937e+02 -2.495931937e+02 -1.5797e-01 +1.1629e+00 -1.4141e+00 -1.0123e+00 +6.7614e-01
68 0 +9.744768700e+01 -2.556823130e+02 -2.556823130e+02 +4.6722e-01 +1.0495e+00 -1.7360e+00 -6.8502e-01 +8.1567e-01
79 0 +9.487326815e+01 -2.582567318e+02 -2.582567318e+02 +5.0174e-01 +6.5923e-01 -1.4839e+00 -1.5246e+00 +6.8548e-01
138 0 +8.699351559e+01 -2.661364844e+02 -2.661364844e+02 +6.6725e-01 +1.1288e+00 -2.1374e+00 -2.1211e+00 +1.2246e+00
195 0 +7.879958074e+01 -2.743304193e+02 -2.743304193e+02 +6.2267e-01 +1.0831e+00 -2.2641e+00 -2.1256e+00 +1.2851e+00
197 0 +7.083268437e+01 -2.822973156e+02 -2.822973156e+02 +6.3665e-01 +1.2975e+00 -2.1196e+00 -2.1214e+00 +1.3861e+00
223 0 +5.831490105e+01 -2.948150990e+02 -2.948150990e+02 +4.8823e-01 +1.3027e+00 -2.1865e+00 -1.9792e+00 +1.3487e+00
755 0 +5.748518592e+01 -2.956448141e+02 -2.956448141e+02 +2.5263e-01 +1.5358e+00 -2.7120e+00 -2.5589e+00 +1.6331e+00
797 0 +5.606962812e+01 -2.970603719e+02 -2.970603719e+02 +3.0506e-01 +1.5807e+00 -2.6978e+00 -2.6074e+00 +1.5872e+00
1279 0 +5.495064573e+01 -2.981793543e+02 -2.981793543e+02 +3.1950e-01 +1.5923e+00 -2.7144e+00 -2.6249e+00 +1.4854e+00
% f evaluations | g evaluations | best noise-free fitness - Fopt (8.716000000000e+01) + sum g_i+ | measured fitness | best measured fitness or single-digit g-values | x1 | x2...
1 0 +1.685246855e+02 +2.556846855e+02 +2.556846855e+02 +0.0000e+00 +0.0000e+00 +0.0000e+00 +0.0000e+00 +0.0000e+00
2 0 +1.598164871e+02 +2.469764871e+02 +2.469764871e+02 +4.3379e-01 +3.0692e-02 +9.8026e-02 +3.4094e-01 +2.4727e-01
9 0 +1.537005451e+02 +2.408605451e+02 +2.408605451e+02 +6.4105e-01 +2.7589e-01 +1.3137e-01 +7.7185e-02 +2.3934e-01
11 0 +1.476973474e+02 +2.348573474e+02 +2.348573474e+02 +5.8278e-01 -1.5862e-01 +6.3304e-02 +1.8259e-01 +6.2101e-01
12 0 +1.227181589e+02 +2.098781589e+02 +2.098781589e+02 +3.1676e-01 +4.0251e-01 -3.9380e-01 +2.3737e-01 -5.8754e-02
26 0 +1.120293680e+02 +1.991893680e+02 +1.991893680e+02 +9.9505e-02 +5.7882e-01 -5.2912e-01 +2.0690e-01 -4.8290e-01
32 0 +1.073713138e+02 +1.945313138e+02 +1.945313138e+02 +1.7670e-01 +3.2610e-01 -8.9693e-01 +6.4257e-01 +4.3384e-01
36 0 +1.031964427e+02 +1.903564427e+02 +1.903564427e+02 +9.9375e-01 +3.5947e-01 -9.4099e-01 +5.5558e-01 -1.3220e-01
37 0 +9.943045531e+01 +1.865904553e+02 +1.865904553e+02 +7.7083e-01 +6.3972e-01 -8.8236e-01 +6.9119e-01 -1.0277e-01
39 0 +8.573289488e+01 +1.728928949e+02 +1.728928949e+02 +1.1616e+00 +5.8056e-01 -1.0374e+00 +8.5944e-01 +1.9936e-02
40 0 +8.408894256e+01 +1.712489426e+02 +1.712489426e+02 +5.3216e-01 +7.0082e-01 -8.1231e-01 +1.7445e-01 +1.2238e-01
42 0 +5.983880130e+01 +1.469988013e+02 +1.469988013e+02 +1.5540e+00 +1.3375e+00 -1.0356e+00 +1.3105e+00 +4.1102e-02
48 0 +4.791319613e+01 +1.350731961e+02 +1.350731961e+02 +1.6524e+00 +1.0118e+00 -2.0923e+00 +1.3907e+00 +7.7005e-01
56 0 +3.896365596e+01 +1.261236560e+02 +1.261236560e+02 +1.8425e+00 +1.6705e+00 -2.6008e+00 +1.7223e+00 +1.0243e+00
77 0 +3.719008420e+01 +1.243500842e+02 +1.243500842e+02 +1.3807e+00 +1.0991e+00 -2.2032e+00 +2.7918e+00 +1.8330e-01
100 0 +1.724684055e+01 +1.044068405e+02 +1.044068405e+02 +2.6700e+00 +9.8733e-01 -2.6489e+00 +4.5821e+00 -4.3286e-01
127 0 +1.267806919e+01 +9.983806919e+01 +9.983806919e+01 +2.1307e+00 +6.4657e-01 -2.3057e+00 +3.0621e+00 -1.9139e-01
223 0 +6.707533625e+00 +9.386753363e+01 +9.386753363e+01 +1.9187e+00 +1.6060e+00 -2.1711e+00 +3.4408e+00 +7.8927e-03
478 0 +6.554825218e+00 +9.371482522e+01 +9.371482522e+01 +1.6866e+00 +1.1977e+00 -2.1213e+00 +2.9790e+00 +2.0338e-01
480 0 +6.437587742e+00 +9.359758774e+01 +9.359758774e+01 +1.6682e+00 +1.1857e+00 -2.1175e+00 +2.9668e+00 +2.1040e-01
486 0 +6.204027684e+00 +9.336402768e+01 +9.336402768e+01 +1.6611e+00 +1.2073e+00 -2.1359e+00 +2.9585e+00 +2.0116e-01
496 0 +5.790540556e+00 +9.295054056e+01 +9.295054056e+01 +1.6680e+00 +1.1999e+00 -2.1308e+00 +2.9751e+00 +2.1809e-01
501 0 +5.458731874e+00 +9.261873187e+01 +9.261873187e+01 +1.6394e+00 +1.2033e+00 -2.1451e+00 +2.9696e+00 +2.2755e-01
517 0 +5.360324494e+00 +9.252032449e+01 +9.252032449e+01 +1.6607e+00 +1.1922e+00 -2.1360e+00 +2.9778e+00 +2.1705e-01
561 0 +5.105790182e+00 +9.226579018e+01 +9.226579018e+01 +1.6428e+00 +1.1929e+00 -2.1491e+00 +2.9807e+00 +2.1821e-01
658 0 +4.999130695e+00 +9.215913070e+01 +9.215913070e+01 +1.6384e+00 +1.1818e+00 -2.1558e+00 +2.9815e+00 +2.1777e-01
% f evaluations | g evaluations | best noise-free fitness - Fopt (-3.475000000000e+01) + sum g_i+ | measured fitness | best measured fitness or single-digit g-values | x1 | x2...
1 0 +1.520519935e+02 +1.173019935e+02 +1.173019935e+02 +0.0000e+00 +0.0000e+00 +0.0000e+00 +0.0000e+00 +0.0000e+00
3 0 +1.226435072e+02 +8.789350725e+01 +8.789350725e+01 +1.7369e-01 -1.1375e-01 -3.0566e-01 +1.1285e-01 -1.5359e-01
7 0 +1.176412002e+02 +8.289120018e+01 +8.289120018e+01 +2.3317e-01 -2.5183e-01 -1.2653e-01 +4.3300e-01 -1.9345e-02
14 0 +1.013302777e+02 +6.658027772e+01 +6.658027772e+01 +3.9381e-01 -1.7001e-02 -6.2981e-01 +3.7955e-01 -8.3561e-02
33 0 +7.340101577e+01 +3.865101577e+01 +3.865101577e+01 +1.0544e+00 +4.6220e-01 -3.1888e-01 +8.7755e-01 -4.7230e-01
61 0 +6.405596948e+01 +2.930596948e+01 +2.930596948e+01 +7.2242e-01 +4.8427e-01 -8.4253e-01 +1.0709e+00 -3.1622e-01
72 0 +5.903830315e+01 +2.428830315e+01 +2.428830315e+01 +1.3632e+00 +1.6752e+00 -2.0412e+00 +2.2441e+00 -1.2614e+00
83 0 +2.887765677e+01 -5.872343232e+00 -5.872343232e+00 +4.2912e+00 +1.8126e+00 -1.4530e+00 +3.1224e+00 -1.8331e+00
181 0 +2.047686061e+01 -1.427313939e+01 -1.427313939e+01 +1.8598e+00 +9.7777e-01 -1.2823e+00 +2.9232e+00 -8.7678e-01
234 0 +1.934843091e+01 -1.540156909e+01 -1.540156909e+01 +1.9125e+00 +1.1039e+00 -1.2759e+00 +2.8634e+00 -1.0601e+00
307 0 +1.901564600e+01 -1.573435400e+01 -1.573435400e+01 +1.8759e+00 +1.1588e+00 -1.6782e+00 +2.8196e+00 -1.3482e+00
310 0 +1.351805194e+01 -2.123194806e+01 -2.123194806e+01 +1.8260e+00 +1.0948e+00 -1.7433e+00 +2.8184e+00 -1.3497e+00
315 0 +1.245344624e+01 -2.229655376e+01 -2.229655376e+01 +1.9458e+00 +1.1331e+00 -1.8256e+00 +2.8171e+00 -1.4100e+00
348 0 +1.195199391e+01 -2.279800609e+01 -2.279800609e+01 +1.8930e+00 +1.1221e+00 -1.8063e+00 +2.7968e+00 -1.4037e+00
410 0 +1.094774551e+01 -2.380225449e+01 -2.380225449e+01 +1.8953e+00 +1.1262e+00 -1.7856e+00 +2.7972e+00 -1.3763e+00
420 0 +1.024225111e+01 -2.450774889e+01 -2.450774889e+01 +1.9318e+00 +1.1160e+00 -1.7917e+00 +2.8292e+00 -1.3696e+00
561 0 +1.021390368e+01 -2.453609632e+01 -2.453609632e+01 +1.8947e+00 +1.1068e+00 -1.7906e+00 +2.8143e+00 -1.3707e+00
615 0 +9.953514536e+00 -2.479648546e+01 -2.479648546e+01 +1.8908e+00 +1.0949e+00 -1.8022e+00 +2.8116e+00 -1.3665e+00
651 0 +9.752791218e+00 -2.499720878e+01 -2.499720878e+01 +1.8932e+00 +1.0846e+00 -1.8114e+00 +2.8154e+00 -1.3650e+00
680 0 +9.529693402e+00 -2.522030660e+01 -2.522030660e+01 +1.8991e+00 +1.0858e+00 -1.8113e+00 +2.8351e+00 -1.3606e+00
725 0 +9.330269553e+00 -2.541973045e+01 -2.541973045e+01 +1.9187e+00 +1.0755e+00 -1.8313e+00 +2.8373e+00 -1.3510e+00
749 0 +9.028679107e+00 -2.572132089e+01 -2.572132089e+01 +1.9020e+00 +1.0677e+00 -1.8281e+00 +2.8455e+00 -1.3517e+00
818 0 +8.890423316e+00 -2.585957668e+01 -2.585957668e+01 +1.9042e+00 +1.0633e+00 -1.8243e+00 +2.8464e+00 -1.3459e+00
834 0 +8.700820755e+00 -2.604917924e+01 -2.604917924e+01 +1.8988e+00 +1.0551e+00 -1.8359e+00 +2.8530e+00 -1.3447e+00
849 0 +8.460158247e+00 -2.628984175e+01 -2.628984175e+01 +1.8884e+00 +1.0448e+00 -1.8411e+00 +2.8545e+00 -1.3411e+00
851 0 +8.316452805e+00 -2.643354720e+01 -2.643354720e+01 +1.8860e+00 +1.0416e+00 -1.8410e+00 +2.8559e+00 -1.3330e+00
868 0 +8.065681960e+00 -2.668431804e+01 -2.668431804e+01 +1.8882e+00 +1.0321e+00 -1.8450e+00 +2.8592e+00 -1.3318e+00
876 0 +7.142149518e+00 -2.760785048e+01 -2.760785048e+01 +1.8702e+00 +9.9542e-01 -1.8739e+00 +2.8633e+00 -1.3199e+00
884 0 +7.048299744e+00 -2.770170026e+01 -2.770170026e+01 +1.8657e+00 +9.9369e-01 -1.8721e+00 +2.8623e+00 -1.3149e+00
888 0 +6.884457199e+00 -2.786554280e+01 -2.786554280e+01 +1.8549e+00 +9.8260e-01 -1.8942e+00 +2.8639e+00 -1.3156e+00
896 0 +6.580577902e+00 -2.816942210e+01 -2.816942210e+01 +1.8250e+00 +9.2376e-01 -1.9218e+00 +2.8858e+00 -1.2885e+00
901 0 +6.254635495e+00 -2.849536451e+01 -2.849536451e+01 +1.8244e+00 +9.3843e-01 -1.9112e+00 +2.8769e+00 -1.2979e+00
1155 0 +6.146077859e+00 -2.860392214e+01 -2.860392214e+01 +1.8227e+00 +9.3733e-01 -1.8995e+00 +2.8706e+00 -1.2988e+00
1293 0 +6.009843793e+00 -2.874015621e+01 -2.874015621e+01 +1.8260e+00 +9.3406e-01 -1.9060e+00 +2.8716e+00 -1.2934e+00
% f evaluations | g evaluations | best noise-free fitness - Fopt (-1.000000000000e+03) + sum g_i+ | measured fitness | best measured fitness or single-digit g-values | x1 | x2...
1 0 +1.320795830e+02 -8.679204170e+02 -8.679204170e+02 +0.0000e+00 +0.0000e+00 +0.0000e+00 +0.0000e+00 +0.0000e+00
10 0 +1.233712592e+02 -8.766287408e+02 -8.766287408e+02 +9.6137e-02 -5.0180e-02 -1.1968e-01 +2.8124e-02 +9.5352e-02
19 0 +1.211365215e+02 -8.788634785e+02 -8.788634785e+02 +2.1594e-01 -1.8254e-01 -4.0268e-02 +1.7046e-01 +4.1917e-02
25 0 +1.084848340e+02 -8.915151660e+02 -8.915151660e+02 -5.3719e-02 -3.5654e-01 -4.6916e-01 -2.9758e-01 +5.0360e-01
35 0 +1.032768703e+02 -8.967231297e+02 -8.967231297e+02 -3.0845e-02 -6.0539e-01 -2.5953e-01 -3.1728e-01 +3.2191e-02
149 0 +9.826456192e+01 -9.017354381e+02 -9.017354381e+02 +1.2129e-01 -1.1525e+00 +6.9271e-02 -6.2128e-02 +6.4615e-01
176 0 +8.548651713e+01 -9.145134829e+02 -9.145134829e+02 +1.6139e-01 -1.1239e+00 +1.4419e-01 -1.8396e-02 +7.0228e-01
253 0 +8.421666285e+01 -9.157833371e+02 -9.157833371e+02 +1.4269e-01 -1.2216e+00 +1.0684e-01 -2.6455e-01 +9.6268e-01
282 0 +8.185740946e+01 -9.181425905e+02 -9.181425905e+02 +1.9712e-01 -1.2360e+00 +6.2176e-02 -2.8563e-01 +9.9552e-01
328 0 +7.940547777e+01 -9.205945222e+02 -9.205945222e+02 +2.0703e-01 -1.1959e+00 +8.0081e-02 -2.8208e-01 +1.0112e+00
391 0 +7.717480953e+01 -9.228251905e+02 -9.228251905e+02 +2.0263e-01 -1.1588e+00 +3.6190e-02 -3.4119e-01 +1.0509e+00
434 0 +7.574130327e+01 -9.242586967e+02 -9.242586967e+02 +1.9713e-01 -1.1417e+00 +9.9444e-03 -3.4021e-01 +1.1433e+00
% f evaluations | g evaluations | best noise-free fitness - Fopt (-9.247000000000e+01) + sum g_i+ | measured fitness | best measured fitness or single-digit g-values | x1 | x2...
1 0 +1.574781498e+02 +6.500814985e+01 +6.500814985e+01 +0.0000e+00 +0.0000e+00 +0.0000e+00 +0.0000e+00 +0.0000e+00
2 0 +1.293668838e+02 +3.689688380e+01 +3.689688380e+01 +4.3379e-01 +3.0692e-02 +9.8026e-02 +3.4094e-01 +2.4727e-01
3 0 +1.215609107e+02 +2.909091068e+01 +2.909091068e+01 +1.7369e-01 -1.1375e-01 -3.0566e-01 +1.1285e-01 -1.5359e-01
5 0 +1.038426562e+02 +1.137265624e+01 +1.137265624e+01 +5.3256e-02 -2.3477e-01 +7.8699e-02 +1.0710e-01 +2.4729e-01
11 0 +9.014095298e+01 -2.329047017e+00 -2.329047017e+00 +4.6160e-01 -3.0791e-01 +7.8502e-02 +2.0959e-01 +5.3696e-01
27 0 +7.557664298e+01 -1.689335702e+01 -1.689335702e+01 +8.9657e-01 -2.3146e-01 +5.7693e-01 +3.0600e-02 +5.8799e-01
44 0 +3.511057285e+01 -5.735942715e+01 -5.735942715e+01 +1.9626e+00 -4.3231e-01 +4.2913e-01 -3.3140e-01 +2.0643e-01
287 0 +3.460854599e+01 -5.786145401e+01 -5.786145401e+01 +2.1051e+00 -1.0808e+00 +1.2416e+00 -4.6702e-02 +9.8172e-01
428 0 +3.290810676e+01 -5.956189324e+01 -5.956189324e+01 +2.0594e+00 -9.5647e-01 +1.3314e+00 -5.2320e-02 +1.0035e+00
442 0 +3.223958168e+01 -6.023041832e+01 -6.023041832e+01 +2.0638e+00 -9.8587e-01 +1.3307e+00 -5.2414e-02 +9.7802e-01
445 0 +3.097390103e+01 -6.149609897e+01 -6.149609897e+01 +2.1049e+00 -9.8167e-01 +1.3622e+00 -7.4430e-03 +9.9697e-01
456 0 +3.077054763e+01 -6.169945237e+01 -6.169945237e+01 +2.0965e+00 -9.5293e-01 +1.3181e+00 +1.8033e-02 +9.8652e-01
476 0 +2.769375305e+01 -6.477624695e+01 -6.477624695e+01 +2.1014e+00 -9.7806e-01 +1.3505e+00 +3.0172e-02 +9.6408e-01
482 0 +2.717046700e+01 -6.529953300e+01 -6.529953300e+01 +2.1182e+00 -9.5266e-01 +1.3414e+00 +6.7686e-02 +9.6636e-01
487 0 +2.673530022e+01 -6.573469978e+01 -6.573469978e+01 +2.1249e+00 -9.7456e-01 +1.3668e+00 +5.0384e-02 +9.7633e-01
489 0 +2.541582311e+01 -6.705417689e+01 -6.705417689e+01 +2.1328e+00 -9.2877e-01 +1.3542e+00 +1.8028e-01 +9.4223e-01
490 0 +2.483056289e+01 -6.763943711e+01 -6.763943711e+01 +2.1174e+00 -9.7032e-01 +1.3569e+00 +8.6820e-02 +9.5972e-01
505 0 +2.393419762e+01 -6.853580238e+01 -6.853580238e+01 +2.1976e+00 -9.2818e-01 +1.3525e+00 +1.7475e-01 +9.6397e-01
507 0 +2.284921697e+01 -6.962078303e+01 -6.962078303e+01 +2.1710e+00 -9.1852e-01 +1.3297e+00 +1.8883e-01 +9.4188e-01
517 0 +2.169642151e+01 -7.077357849e+01 -7.077357849e+01 +2.1727e+00 -9.5906e-01 +1.3241e+00 +1.4537e-01 +9.2508e-01
622 0 +2.113431526e+01 -7.133568474e+01 -7.133568474e+01 +2.1858e+00 -9.5020e-01 +1.3016e+00 +1.7355e-01 +9.2119e-01
636 0 +2.084264921e+01 -7.162735079e+01 -7.162735079e+01 +2.2055e+00 -9.2498e-01 +1.2795e+00 +1.8582e-01 +9.0735e-01
748 0 +2.034263499e+01 -7.212736501e+01 -7.212736501e+01 +2.2184e+00 -9.1527e-01 +1.2514e+00 +2.0834e-01 +9.1710e-01
894 0 +1.994778708e+01 -7.252221292e+01 -7.252221292e+01 +2.2080e+00 -9.3757e-01 +1.2302e+00 +2.0819e-01 +9.1515e-01
1046 0 +1.939685947e+01 -7.307314053e+01 -7.307314053e+01 +2.2013e+00 -9.6841e-01 +1.2258e+00 +2.2150e-01 +9.5116e-01
1264 0 +1.903984321e+01 -7.343015679e+01 -7.343015679e+01 +2.1936e+00 -1.0005e+00 +1.2188e+00 +2.2848e-01 +9.8270e-01
% f evaluations | g evaluations | best noise-free fitness - Fopt (-2.153000000000e+02) + sum g_i+ | measured fitness | best measured fitness or single-digit g-values | x1 | x2...
1 0 +4.223016308e+02 +2.070016308e+02 +2.070016308e+02 +0.0000e+00 +0.0000e+00 +0.0000e+00 +0.0000e+00 +0.0000e+00
4 0 +4.110765155e+02 +1.957765155e+02 +1.957765155e+02 +2.4817e-01 +6.3376e-02 -2.2359e-01 +8.0318e-02 +2.1275e-01
8 0 +3.667384096e+02 +1.514384096e+02 +1.514384096e+02 -9.0564e-02 +8.4424e-02 -2.8183e-02 -1.8777e-01 +7.4957e-02
25 0 +2.875498164e+02 +7.224981642e+01 +7.224981642e+01 -1.5599e-01 -1.3085e-01 -8.7471e-01 -4.0165e-01 +3.8707e-01
35 0 +2.693426227e+02 +5.404262271e+01 +5.404262271e+01 -2.5174e-01 -1.6707e-01 -9.3150e-01 -3.6680e-01 -9.9995e-02
41 0 +2.297427469e+02 +1.444274690e+01 +1.444274690e+01 -1.3941e-01 +8.7936e-01 -8.8920e-01 -4.5036e-02 +3.4013e-01
47 0 +2.091389399e+02 -6.161060136e+00 -6.161060136e+00 -2.1567e-01 +4.5021e-01 -1.5697e+00 -1.2299e-01 -8.1323e-02
51 0 +2.025873471e+02 -1.271265293e+01 -1.271265293e+01 +1.9463e-02 +4.5150e-01 -1.3644e+00 -5.8853e-01 +3.9627e-01
53 0 +1.984383574e+02 -1.686164260e+01 -1.686164260e+01 -3.0004e-01 +1.7773e-01 -1.7613e+00 -2.6916e-01 +2.9694e-01
57 0 +1.374517686e+02 -7.784823144e+01 -7.784823144e+01 -7.1221e-01 +8.7525e-01 -2.2887e+00 -9.2100e-01 +4.7862e-01
71 0 +1.332570362e+02 -8.204296382e+01 -8.204296382e+01 -7.3620e-01 +6.4063e-01 -2.6183e+00 -4.9230e-01 +3.1527e-01
75 0 +1.088713176e+02 -1.064286824e+02 -1.064286824e+02 -1.5087e+00 +1.1610e+00 -4.2416e+00 -1.8645e+00 +1.0888e+00
122 0 +9.594148219e+01 -1.193585178e+02 -1.193585178e+02 -1.3015e+00 +9.5939e-01 -2.7225e+00 -1.2966e+00 +7.2243e-01
186 0 +9.105201699e+01 -1.242479830e+02 -1.242479830e+02 -1.3901e+00 +4.8991e-01 -2.2156e+00 -1.2137e+00 +1.1116e+00
190 0 +8.632995446e+01 -1.289700455e+02 -1.289700455e+02 -1.4802e+00 +1.0679e+00 -2.9933e+00 -1.4885e+00 +1.1775e+00
198 0 +7.609035209e+01 -1.392096479e+02 -1.392096479e+02 -1.8137e+00 +9.0088e-01 -2.3391e+00 -1.7298e+00 +1.3543e+00
200 0 +6.714203601e+01 -1.481579640e+02 -1.481579640e+02 -1.5086e+00 +8.1884e-01 -2.0242e+00 -1.5413e+00 +1.3340e+00
221 0 +6.157712526e+01 -1.537228747e+02 -1.537228747e+02 -1.4791e+00 +1.3746e+00 -2.1782e+00 -1.4868e+00 +9.9062e-01
251 0 +5.810643018e+01 -1.571935698e+02 -1.571935698e+02 -1.4484e+00 +1.8994e+00 -2.2071e+00 -1.4534e+00 +1.0966e+00
256 0 +4.928711168e+01 -1.660128883e+02 -1.660128883e+02 -2.0240e+00 +1.6906e+00 -2.4299e+00 -1.9380e+00 +1.0813e+00
285 0 +3.834170284e+01 -1.769582972e+02 -1.769582972e+02 -1.9026e+00 +1.7247e+00 -1.5828e+00 -1.6984e+00 +8.8360e-01
336 0 +3.771208764e+01 -1.775879124e+02 -1.775879124e+02 -1.9415e+00 +1.7930e+00 -1.8933e+00 -2.0601e+00 +1.0222e+00
348 0 +3.526724280e+01 -1.800327572e+02 -1.800327572e+02 -1.9929e+00 +1.9151e+00 -2.2971e+00 -2.2661e+00 +1.0892e+00
418 0 +3.068226701e+01 -1.846177330e+02 -1.846177330e+02 -1.8480e+00 +1.8020e+00 -1.9334e+00 -1.9718e+00 +9.9067e-01
906 0 +2.945571133e+01 -1.858442887e+02 -1.858442887e+02 -1.9786e+00 +1.6220e+00 -2.4338e+00 -2.1009e+00 +1.1822e+00
911 0 +2.827232687e+01 -1.870276731e+02 -1.870276731e+02 -1.9885e+00 +1.6035e+00 -2.4319e+00 -2.0976e+00 +1.1806e+00
920 0 +2.809756819e+01 -1.872024318e+02 -1.872024318e+02 -1.9973e+00 +1.5888e+00 -2.4219e+00 -2.1086e+00 +1.1832e+00
924 0 +2.753959131e+01 -1.877604087e+02 -1.877604087e+02 -2.0003e+00 +1.5665e+00 -2.4120e+00 -2.1059e+00 +1.1926e+00
1489 0 +2.691400663e+01 -1.883859934e+02 -1.883859934e+02 -1.9988e+00 +1.5744e+00 -2.4158e+00 -2.0873e+00 +1.1682e+00
% f evaluations | g evaluations | best noise-free fitness - Fopt (-5.449000000000e+01) + sum g_i+ | measured fitness | best measured fitness or single-digit g-values | x1 | x2...
1 0 +1.752913982e+02 +1.208013982e+02 +1.208013982e+02 +0.0000e+00 +0.0000e+00 +0.0000e+00 +0.0000e+00 +0.0000e+00
2 0 +1.577253432e+02 +1.032353432e+02 +1.032353432e+02 +4.3379e-01 +3.0692e-02 +9.8026e-02 +3.4094e-01 +2.4727e-01
9 0 +1.467307524e+02 +9.224075239e+01 +9.224075239e+01 +6.4105e-01 +2.7589e-01 +1.3137e-01 +7.7185e-02 +2.3934e-01
10 0 +1.410320081e+02 +8.654200815e+01 +8.654200815e+01 +3.0436e-01 +3.4792e-02 +1.8670e-02 +1.6584e-01 +1.3556e-01
15 0 +1.346645040e+02 +8.017450402e+01 +8.017450402e+01 +8.8301e-01 +2.9137e-01 +2.8239e-01 -4.4584e-01 +6.2204e-01
20 0 +1.163324545e+02 +6.184245453e+01 +6.184245453e+01 +8.2643e-01 -8.4803e-02 +2.0979e-01 -1.7015e-01 +3.3740e-02
21 0 +1.122201851e+02 +5.773018514e+01 +5.773018514e+01 +6.8705e-01 +1.3352e-02 +1.6902e-01 -2.6783e-01 -1.0669e-02
23 0 +1.052654682e+02 +5.077546815e+01 +5.077546815e+01 +1.1661e+00 +1.3347e-01 -6.7235e-02 +2.1033e-01 -8.4489e-02
29 0 +7.519574082e+01 +2.070574082e+01 +2.070574082e+01 +1.3538e+00 -3.2142e-01 +3.2766e-01 -3.0150e-01 -3.6285e-01
50 0 +4.453399066e+01 -9.956009342e+00 -9.956009342e+00 +2.3889e+00 -4.2301e-01 +7.6335e-01 -2.6987e-01 +2.3470e-01
79 0 +4.328554969e+01 -1.120445031e+01 -1.120445031e+01 +2.3844e+00 +1.2683e-01 +8.9524e-01 -7.7437e-01 -4.2623e-01
130 0 +4.084438615e+01 -1.364561385e+01 -1.364561385e+01 +2.7416e+00 -4.0541e-01 +1.4378e+00 -4.5322e-01 -2.5208e-01
283 0 +4.068356363e+01 -1.380643637e+01 -1.380643637e+01 +2.5502e+00 -1.7020e-01 +1.3956e+00 -4.7077e-01 -3.4328e-01
284 0 +3.965823263e+01 -1.483176737e+01 -1.483176737e+01 +2.5493e+00 -1.6626e-01 +1.4047e+00 -4.4972e-01 -3.1709e-01
292 0 +3.769387924e+01 -1.679612076e+01 -1.679612076e+01 +2.5525e+00 -1.6438e-01 +1.4575e+00 -4.8492e-01 -2.6772e-01
316 0 +3.625241282e+01 -1.823758718e+01 -1.823758718e+01 +2.5679e+00 -1.5522e-01 +1.4125e+00 -5.0975e-01 -2.8548e-01
343 0 +3.485519306e+01 -1.963480694e+01 -1.963480694e+01 +2.5729e+00 -1.8631e-01 +1.4468e+00 -5.5198e-01 -2.6960e-01
347 0 +3.400254514e+01 -2.048745486e+01 -2.048745486e+01 +2.5631e+00 -1.4373e-01 +1.4347e+00 -5.4788e-01 -2.3661e-01
378 0 +3.236623830e+01 -2.212376170e+01 -2.212376170e+01 +2.5901e+00 -1.9536e-01 +1.4523e+00 -5.9763e-01 -2.3693e-01
399 0 +3.225011881e+01 -2.223988119e+01 -2.223988119e+01 +2.6146e+00 -1.8586e-01 +1.4385e+00 -5.9563e-01 -2.4169e-01
401 0 +3.159446735e+01 -2.289553265e+01 -2.289553265e+01 +2.5959e+00 -1.9608e-01 +1.4555e+00 -6.4761e-01 -2.1140e-01
415 0 +3.077301714e+01 -2.371698286e+01 -2.371698286e+01 +2.5994e+00 -2.0419e-01 +1.4567e+00 -6.0531e-01 -2.0516e-01
426 0 +3.012288312e+01 -2.436711688e+01 -2.436711688e+01 +2.6166e+00 -1.8239e-01 +1.4444e+00 -6.2006e-01 -1.7290e-01
500 0 +2.943189768e+01 -2.505810232e+01 -2.505810232e+01 +2.6106e+00 -1.8313e-01 +1.4307e+00 -6.1838e-01 -1.8184e-01
596 0 +2.850199177e+01 -2.598800823e+01 -2.598800823e+01 +2.6059e+00 -1.7270e-01 +1.4083e+00 -6.5544e-01 -1.4785e-01
609 0 +2.810048983e+01 -2.638951017e+01 -2.638951017e+01 +2.5998e+00 -1.6209e-01 +1.3891e+00 -6.5513e-01 -1.5085e-01
611 0 +2.742216734e+01 -2.706783266e+01 -2.706783266e+01 +2.5972e+00 -1.5546e-01 +1.3802e+00 -6.5448e-01 -1.3716e-01
616 0 +2.592268507e+01 -2.856731493e+01 -2.856731493e+01 +2.6116e+00 -1.4197e-01 +1.3682e+00 -6.7342e-01 -1.1761e-01
624 0 +2.304265777e+01 -3.144734223e+01 -3.144734223e+01 +2.6037e+00 -1.2479e-01 +1.3406e+00 -6.8788e-01 -8.2466e-02
638 0 +2.219680270e+01 -3.229319730e+01 -3.229319730e+01 +2.6214e+00 -1.2690e-01 +1.3321e+00 -6.9790e-01 -7.6354e-02
687 0 +2.177439931e+01 -3.271560069e+01 -3.271560069e+01 +2.6259e+00 -1.0471e-01 +1.3167e+00 -6.9929e-01 -7.0758e-02
853 0 +2.124197799e+01 -3.324802201e+01 -3.324802201e+01 +2.6121e+00 -1.1430e-01 +1.3147e+00 -6.9750e-01 -5.7877e-02
1508 0 +2.088823121e+01 -3.360176879e+01 -3.360176879e+01 +2.6192e+00 -1.3962e-01 +1.3125e+00 -7.3086e-01 -3.7958e-02
1714 0 +2.021223789e+01 -3.427776211e+01 -3.427776211e+01 +2.6513e+00 -2.2312e-01 +1.2971e+00 -7.5799e-01 -1.2484e-02
2080 0 +1.993937526e+01 -3.455062474e+01 -3.455062474e+01 +2.6408e+00 -2.2233e-01 +1.2932e+00 -7.2941e-01 -1.5258e-02
% f evaluations | g evaluations | best noise-free fitness - Fopt (5.049000000000e+01) + sum g_i+ | measured fitness | best measured fitness or single-digit g-values | x1 | x2...
1 0 +1.906447449e+02 +2.411347449e+02 +2.411347449e+02 +0.0000e+00 +0.0000e+00 +0.0000e+00 +0.0000e+00 +0.0000e+00
7 0 +1.903391199e+02 +2.408291199e+02 +2.408291199e+02 +2.3317e-01 -2.5183e-01 -1.2653e-01 +4.3300e-01 -1.9345e-02
9 0 +1.819776786e+02 +2.324676786e+02 +2.324676786e+02 +6.4105e-01 +2.7589e-01 +1.3137e-01 +7.7185e-02 +2.3934e-01
10 0 +1.673472857e+02 +2.178372857e+02 +2.178372857e+02 +2.8602e-01 -1.2080e-01 -1.6448e-02 +1.9975e-01 -1.0506e-02
20 0 +1.585936901e+02 +2.090836901e+02 +2.090836901e+02 +8.9855e-01 -4.0106e-01 +2.8878e-01 -1.5231e-01 +4.5613e-02
21 0 +1.497913899e+02 +2.002813899e+02 +2.002813899e+02 +7.4661e-01 -2.8794e-01 +2.4594e-01 -2.5366e-01 -7.0694e-04
29 0 +1.345543139e+02 +1.850443139e+02 +1.850443139e+02 +1.2849e+00 -7.5666e-01 +3.6203e-01 -5.7301e-01 +7.9246e-02
31 0 +1.183676243e+02 +1.688576243e+02 +1.688576243e+02 +9.8456e-01 -3.4295e-01 -2.6277e-02 -3.4676e-01 +1.4328e+00
43 0 +9.372815487e+01 +1.442181549e+02 +1.442181549e+02 +1.3093e+00 -9.5855e-01 +2.8102e-01 -1.3033e+00 +4.3395e-01
50 0 +8.876993723e+01 +1.392599372e+02 +1.392599372e+02 +2.5304e+00 -1.4479e+00 +8.9154e-01 -1.4135e+00 +1.6232e+00
63 0 +8.162007586e+01 +1.321100759e+02 +1.321100759e+02 +2.3074e+00 -5.0608e-01 +1.4859e+00 -1.3028e+00 +2.1832e+00
70 0 +6.585928349e+01 +1.163492835e+02 +1.163492835e+02 +3.1690e+00 -5.8077e-02 +1.1709e+00 -1.5716e+00 +2.4135e+00
88 0 +6.018935382e+01 +1.106793538e+02 +1.106793538e+02 +3.8793e+00 -1.2810e+00 +1.2437e+00 -5.5056e-01 +3.0709e+00
93 0 +4.492878974e+01 +9.541878974e+01 +9.541878974e+01 +5.0086e+00 -1.5454e+00 +1.3891e+00 +2.8833e-02 +1.4768e+00
171 0 +4.427663632e+01 +9.476663632e+01 +9.476663632e+01 +5.8486e+00 -1.1308e+00 +2.0841e+00 -8.8920e-01 +3.4277e+00
187 0 +4.316670049e+01 +9.365670049e+01 +9.365670049e+01 +4.3429e+00 +1.6554e-01 +2.0758e+00 -3.3317e-01 +2.2742e+00
195 0 +4.123574494e+01 +9.172574494e+01 +9.172574494e+01 +4.0887e+00 -6.5135e-01 +1.6372e+00 -3.5834e-01 +1.8825e+00
198 0 +3.565935039e+01 +8.614935039e+01 +8.614935039e+01 +4.0690e+00 -5.6630e-01 +2.3258e+00 -4.9094e-01 +2.3689e+00
216 0 +2.167497048e+01 +7.216497048e+01 +7.216497048e+01 +5.5528e+00 -9.2909e-01 +2.4272e+00 +1.1567e-01 +2.5313e+00
294 0 +1.833517919e+01 +6.882517919e+01 +6.882517919e+01 +3.7689e+00 -6.9324e-01 +2.0662e+00 -1.8871e-02 +2.0953e+00
418 0 +1.637176573e+01 +6.686176573e+01 +6.686176573e+01 +4.5604e+00 -7.8281e-01 +2.5388e+00 -2.8350e-01 +2.6000e+00
465 0 +1.532409859e+01 +6.581409859e+01 +6.581409859e+01 +4.5996e+00 -7.9371e-01 +2.5684e+00 -2.5700e-01 +2.5925e+00
466 0 +1.491997127e+01 +6.540997127e+01 +6.540997127e+01 +4.6125e+00 -8.2076e-01 +2.5598e+00 -2.5460e-01 +2.5799e+00
789 0 +1.470086732e+01 +6.519086732e+01 +6.519086732e+01 +4.5937e+00 -7.9836e-01 +2.5687e+00 -2.5933e-01 +2.5966e+00
822 0 +1.437359558e+01 +6.486359558e+01 +6.486359558e+01 +4.6039e+00 -8.0705e-01 +2.5762e+00 -2.5589e-01 +2.5850e+00
855 0 +1.409810988e+01 +6.458810988e+01 +6.458810988e+01 +4.6047e+00 -8.0885e-01 +2.5855e+00 -2.5437e-01 +2.5750e+00
867 0 +1.379749979e+01 +6.428749979e+01 +6.428749979e+01 +4.6004e+00 -8.1603e-01 +2.5842e+00 -2.5831e-01 +2.5665e+00
886 0 +1.325408966e+01 +6.374408966e+01 +6.374408966e+01 +4.5991e+00 -8.1825e-01 +2.5910e+00 -2.5097e-01 +2.5609e+00
894 0 +1.290111251e+01 +6.339111251e+01 +6.339111251e+01 +4.5971e+00 -8.1557e-01 +2.5931e+00 -2.3963e-01 +2.5642e+00
903 0 +1.259573061e+01 +6.308573061e+01 +6.308573061e+01 +4.6248e+00 -8.3276e-01 +2.6181e+00 -2.3202e-01 +2.5357e+00
904 0 +1.250354653e+01 +6.299354653e+01 +6.299354653e+01 +4.6205e+00 -8.3174e-01 +2.6233e+00 -2.3475e-01 +2.5433e+00
916 0 +1.200251436e+01 +6.249251436e+01 +6.249251436e+01 +4.6097e+00 -8.3069e-01 +2.6182e+00 -2.3431e-01 +2.5463e+00
921 0 +1.140734157e+01 +6.189734157e+01 +6.189734157e+01 +4.6379e+00 -8.4513e-01 +2.6496e+00 -2.0950e-01 +2.5051e+00
946 0 +1.112897995e+01 +6.161897995e+01 +6.161897995e+01 +4.6356e+00 -8.4392e-01 +2.6656e+00 -1.9678e-01 +2.5034e+00
959 0 +1.091570902e+01 +6.140570902e+01 +6.140570902e+01 +4.6179e+00 -8.3387e-01 +2.6360e+00 -2.1088e-01 +2.5286e+00
973 0 +1.060666080e+01 +6.109666080e+01 +6.109666080e+01 +4.6262e+00 -8.5135e-01 +2.6468e+00 -2.1275e-01 +2.5143e+00
985 0 +9.360097489e+00 +5.985009749e+01 +5.985009749e+01 +4.6260e+00 -8.5401e-01 +2.6658e+00 -1.9118e-01 +2.5127e+00
1088 0 +9.295959715e+00 +5.978595972e+01 +5.978595972e+01 +4.6135e+00 -8.4493e-01 +2.6492e+00 -1.9798e-01 +2.5265e+00
1121 0 +9.093592268e+00 +5.958359227e+01 +5.958359227e+01 +4.6063e+00 -8.4796e-01 +2.6543e+00 -1.9573e-01 +2.5222e+00
1136 0 +8.858628533e+00 +5.934862853e+01 +5.934862853e+01 +4.5997e+00 -8.4883e-01 +2.6634e+00 -1.8102e-01 +2.5197e+00
1204 0 +8.706470753e+00 +5.919647075e+01 +5.919647075e+01 +4.5954e+00 -8.5565e-01 +2.6639e+00 -1.8926e-01 +2.5210e+00
1246 0 +8.470010043e+00 +5.896001004e+01 +5.896001004e+01 +4.5966e+00 -8.5031e-01 +2.6639e+00 -1.8173e-01 +2.5286e+00
1285 0 +8.247959403e+00 +5.873795940e+01 +5.873795940e+01 +4.5953e+00 -8.4987e-01 +2.6723e+00 -1.7503e-01 +2.5465e+00
1315 0 +8.098481622e+00 +5.858848162e+01 +5.858848162e+01 +4.6004e+00 -8.5647e-01 +2.6757e+00 -1.7828e-01 +2.5421e+00
1383 0 +7.902309843e+00 +5.839230984e+01 +5.839230984e+01 +4.5991e+00 -8.6413e-01 +2.6766e+00 -1.8232e-01 +2.5499e+00
1452 0 +7.643347926e+00 +5.813334793e+01 +5.813334793e+01 +4.6011e+00 -8.7137e-01 +2.6794e+00 -1.7847e-01 +2.5455e+00
1595 0 +7.579455892e+00 +5.806945589e+01 +5.806945589e+01 +4.5968e+00 -8.7330e-01 +2.6776e+00 -1.7819e-01 +2.5458e+00
1662 0 +7.395107665e+00 +5.788510766e+01 +5.788510766e+01 +4.5993e+00 -8.7788e-01 +2.6765e+00 -1.7510e-01 +2.5467e+00
1696 0 +7.225940239e+00 +5.771594024e+01 +5.771594024e+01 +4.6040e+00 -8.8051e-01 +2.6761e+00 -1.6725e-01 +2.5575e+00
1712 0 +6.950426956e+00 +5.744042696e+01 +5.744042696e+01 +4.6139e+00 -8.8597e-01 +2.6719e+00 -1.6609e-01 +2.5587e+00
1728 0 +6.768742035e+00 +5.725874204e+01 +5.725874204e+01 +4.6262e+00 -8.9662e-01 +2.6703e+00 -1.5370e-01 +2.5631e+00
1747 0 +6.702073414e+00 +5.719207341e+01 +5.719207341e+01 +4.6374e+00 -8.9426e-01 +2.6680e+00 -1.5134e-01 +2.5582e+00
1750 0 +6.567022568e+00 +5.705702257e+01 +5.705702257e+01 +4.6393e+00 -8.9630e-01 +2.6657e+00 -1.5853e-01 +2.5474e+00
1756 0 +6.389375564e+00 +5.687937556e+01 +5.687937556e+01 +4.6365e+00 -8.9956e-01 +2.6623e+00 -1.5571e-01 +2.5606e+00
1828 0 +6.289893274e+00 +5.677989327e+01 +5.677989327e+01 +4.6431e+00 -8.9704e-01 +2.6593e+00 -1.5738e-01 +2.5620e+00
1891 0 +6.161021559e+00 +5.665102156e+01 +5.665102156e+01 +4.6478e+00 -8.9423e-01 +2.6504e+00 -1.5375e-01 +2.5697e+00
1978 0 +6.022910243e+00 +5.651291024e+01 +5.651291024e+01 +4.6498e+00 -8.9000e-01 +2.6403e+00 -1.5229e-01 +2.5688e+00
% f evaluations | g evaluations | best noise-free fitness - Fopt (-3.641300000000e+02) + sum g_i+ | measured fitness | best measured fitness or single-digit g-values | x1 | x2...
1 0 +1.178045519e+02 -2.463254481e+02 -2.463254481e+02 +0.0000e+00 +0.0000e+00 +0.0000e+00 +0.0000e+00 +0.0000e+00
8 0 +9.580755537e+01 -2.683224446e+02 -2.683224446e+02 -9.0564e-02 +8.4424e-02 -2.8183e-02 -1.8777e-01 +7.4957e-02
20 0 +9.492122469e+01 -2.692087753e+02 -2.692087753e+02 +5.7653e-01 -1.4517e-01 +1.3344e-01 -2.7310e-01 +1.7879e-01
23 0 +8.000754429e+01 -2.841224557e+02 -2.841224557e+02 +8.3779e-01 +4.6984e-02 -1.2828e-01 +5.2284e-02 +5.8263e-02
47 0 +7.561787635e+01 -2.885121237e+02 -2.885121237e+02 +4.2101e-01 +2.2064e-01 -1.3037e-01 -2.5250e-01 -1.1261e-01
63 0 +7.048805123e+01 -2.936419488e+02 -2.936419488e+02 +6.7708e-01 +3.1319e-01 +4.5362e-01 -3.8661e-01 +5.4133e-01
300 0 +6.711272044e+01 -2.970172796e+02 -2.970172796e+02 +8.3704e-01 +9.0520e-02 +3.9935e-02 -5.0811e-01 +1.8512e-01
315 0 +6.591559761e+01 -2.982144024e+02 -2.982144024e+02 +8.4740e-01 +8.3853e-02 +1.9496e-02 -5.1906e-01 +1.6925e-01
397 0 +6.452541203e+01 -2.996045880e+02 -2.996045880e+02 +8.7545e-01 +6.7744e-02 -5.1535e-02 -5.4634e-01 +1.3740e-01
418 0 +6.305215647e+01 -3.010778435e+02 -3.010778435e+02 +9.0471e-01 +6.5374e-02 -2.0727e-02 -5.2719e-01 +1.5518e-01
% f evaluations | g evaluations | best noise-free fitness - Fopt (1.592700000000e+02) + sum g_i+ | measured fitness | best measured fitness or single-digit g-values | x1 | x2...
1 0 +1.501655760e+02 +3.094355760e+02 +3.094355760e+02 +0.0000e+00 +0.0000e+00 +0.0000e+00 +0.0000e+00 +0.0000e+00
3 0 +1.322971050e+02 +2.915671050e+02 +2.915671050e+02 +1.7369e-01 -1.1375e-01 -3.0566e-01 +1.1285e-01 -1.5359e-01
7 0 +1.236467924e+02 +2.829167924e+02 +2.829167924e+02 +2.3317e-01 -2.5183e-01 -1.2653e-01 +4.3300e-01 -1.9345e-02
38 0 +1.219474366e+02 +2.812174366e+02 +2.812174366e+02 +2.3410e-01 +8.9922e-02 -2.8073e-01 -2.8487e-04 -7.7968e-02
79 0 +1.094165272e+02 +2.686865272e+02 +2.686865272e+02 +1.9653e-01 +8.7478e-03 -3.9181e-01 -9.0927e-02 -1.5419e-01
187 0 +1.032515962e+02 +2.625215962e+02 +2.625215962e+02 +8.9986e-02 +2.8863e-01 -3.6287e-01 -9.9880e-02 -1.6125e-02
226 0 +1.022488434e+02 +2.615188434e+02 +2.615188434e+02 +6.1893e-02 +2.5735e-01 -3.1700e-01 -1.0138e-01 -8.8391e-03
264 0 +9.981714480e+01 +2.590871448e+02 +2.590871448e+02 +2.0077e-02 +3.0635e-01 -3.5715e-01 -1.9540e-01 +1.5428e-02
