% f evaluations | g evaluations | best noise-free fitness - Fopt (1.000000000000e+03) + sum g_i+ | measured fitness | best measured fitness or single-digit g-values | x1 | x2...
1 0 +1.647212407e+03 +2.647212407e+03 +2.647212407e+03
6 0 +1.561959401e+03 +2.561959401e+03 +2.561959401e+03
31 0 +1.514945681e+03 +2.514945681e+03 +2.514945681e+03
58 0 +1.505536426e+03 +2.505536426e+03 +2.505536426e+03
84 0 +1.472503337e+03 +2.472503337e+03 +2.472503337e+03
102 0 +1.430543910e+03 +2.430543910e+03 +2.430543910e+03
143 0 +1.394882415e+03 +2.394882415e+03 +2.394882415e+03
148 0 +1.362583055e+03 +2.362583055e+03 +2.362583055e+03
184 0 +1.342288329e+03 +2.342288329e+03 +2.342288329e+03
197 0 +1.305567942e+03 +2.305567942e+03 +2.305567942e+03
218 0 +1.258787243e+03 +2.258787243e+03 +2.258787243e+03
265 0 +1.194792465e+03 +2.194792465e+03 +2.194792465e+03
339 0 +1.132784725e+03 +2.132784725e+03 +2.132784725e+03
360 0 +1.063626426e+03 +2.063626426e+03 +2.063626426e+03
534 0 +1.042491718e+03 +2.042491718e+03 +2.042491718e+03
553 0 +9.807486023e+02 +1.980748602e+03 +1.980748602e+03
562 0 +9.530803883e+02 +1.953080388e+03 +1.953080388e+03
618 0 +9.280976859e+02 +1.928097686e+03 +1.928097686e+03
646 0 +9.103594167e+02 +1.910359417e+03 +1.910359417e+03
691 0 +8.441901630e+02 +1.844190163e+03 +1.844190163e+03
830 0 +7.764464607e+02 +1.776446461e+03 +1.776446461e+03
943 0 +7.588187607e+02 +1.758818761e+03 +1.758818761e+03
1092 0 +7.536220178e+02 +1.753622018e+03 +1.753622018e+03
1179 0 +6.954306858e+02 +1.695430686e+03 +1.695430686e+03
1339 0 +6.901181143e+02 +1.690118114e+03 +1.690118114e+03
1395 0 +6.666830747e+02 +1.666683075e+03 +1.666683075e+03
1425 0 +6.243775770e+02 +1.624377577e+03 +1.624377577e+03
1521 0 +6.139620666e+02 +1.613962067e+03 +1.613962067e+03
1537 0 +5.998353222e+02 +1.599835322e+03 +1.599835322e+03
1553 0 +5.852768602e+02 +1.585276860e+03 +1.585276860e+03
1569 0 +5.723239714e+02 +1.572323971e+03 +1.572323971e+03
1617 0 +5.523789274e+02 +1.552378927e+03 +1.552378927e+03
1633 0 +5.375681125e+02 +1.537568112e+03 +1.537568112e+03
1681 0 +5.337053257e+02 +1.533705326e+03 +1.533705326e+03
1713 0 +5.206770122e+02 +1.520677012e+03 +1.520677012e+03
1792 0 +5.127079610e+02 +1.512707961e+03 +1.512707961e+03
1889 0 +5.009981458e+02 +1.500998146e+03 +1.500998146e+03
1921 0 +4.882754843e+02 +1.488275484e+03 +1.488275484e+03
2065 0 +4.750087954e+02 +1.475008795e+03 +1.475008795e+03
2145 0 +4.668043611e+02 +1.466804361e+03 +1.466804361e+03
2216 0 +4.564176896e+02 +1.456417690e+03 +1.456417690e+03
2321 0 +4.453718797e+02 +1.445371880e+03 +1.445371880e+03
2440 0 +4.357317237e+02 +1.435731724e+03 +1.435731724e+03
2689 0 +4.259649220e+02 +1.425964922e+03 +1.425964922e+03
3937 0 +4.168122648e+02 +1.416812265e+03 +1.416812265e+03
% f evaluations | g evaluations | best noise-free fitness - Fopt (7.003000000000e+01) + sum g_i+ | measured fitness | best measured fitness or single-digit g-values | x1 | x2...
1 0 +1.788306963e+03 +1.858336963e+03 +1.858336963e+03
2 0 +1.635259785e+03 +1.705289785e+03 +1.705289785e+03
7 0 +1.587106763e+03 +1.657136763e+03 +1.657136763e+03
15 0 +1.562968180e+03 +1.632998180e+03 +1.632998180e+03
32 0 +1.547886824e+03 +1.617916824e+03 +1.617916824e+03
44 0 +1.459101014e+03 +1.529131014e+03 +1.529131014e+03
73 0 +1.403056845e+03 +1.473086845e+03 +1.473086845e+03
82 0 +1.346273870e+03 +1.416303870e+03 +1.416303870e+03
83 0 +1.294026657e+03 +1.364056657e+03 +1.364056657e+03
109 0 +1.267014860e+03 +1.337044860e+03 +1.337044860e+03
147 0 +1.218784776e+03 +1.288814776e+03 +1.288814776e+03
163 0 +1.175843829e+03 +1.245873829e+03 +1.245873829e+03
179 0 +1.142627081e+03 +1.212657081e+03 +1.212657081e+03
193 0 +1.083746802e+03 +1.153776802e+03 +1.153776802e+03
196 0 +1.048070894e+03 +1.118100894e+03 +1.118100894e+03
235 0 +1.045726372e+03 +1.115756372e+03 +1.115756372e+03
242 0 +1.008394328e+03 +1.078424328e+03 +1.078424328e+03
245 0 +9.797737493e+02 +1.049803749e+03 +1.049803749e+03
269 0 +9.617882300e+02 +1.031818230e+03 +1.031818230e+03
276 0 +9.396409968e+02 +1.009670997e+03 +1.009670997e+03
283 0 +9.268171590e+02 +9.968471590e+02 +9.968471590e+02
308 0 +8.910690340e+02 +9.610990340e+02 +9.610990340e+02
314 0 +8.669953577e+02 +9.370253577e+02 +9.370253577e+02
383 0 +8.298851337e+02 +8.999151337e+02 +8.999151337e+02
440 0 +8.007224231e+02 +8.707524231e+02 +8.707524231e+02
458 0 +7.363290204e+02 +8.063590204e+02 +8.063590204e+02
510 0 +7.201361265e+02 +7.901661265e+02 +7.901661265e+02
578 0 +6.930018394e+02 +7.630318394e+02 +7.630318394e+02
604 0 +6.708458567e+02 +7.408758567e+02 +7.408758567e+02
638 0 +6.555854080e+02 +7.256154080e+02 +7.256154080e+02
675 0 +6.180506401e+02 +6.880806401e+02 +6.880806401e+02
704 0 +6.160686210e+02 +6.860986210e+02 +6.860986210e+02
729 0 +5.968247518e+02 +6.668547518e+02 +6.668547518e+02
756 0 +5.853813505e+02 +6.554113505e+02 +6.554113505e+02
889 0 +5.715513575e+02 +6.415813575e+02 +6.415813575e+02
901 0 +5.544883147e+02 +6.245183147e+02 +6.245183147e+02
959 0 +5.412739117e+02 +6.113039117e+02 +6.113039117e+02
961 0 +5.243962205e+02 +5.944262205e+02 +5.944262205e+02
977 0 +4.942390772e+02 +5.642690772e+02 +5.642690772e+02
1260 0 +4.810174994e+02 +5.510474994e+02 +5.510474994e+02
1302 0 +4.786232865e+02 +5.486532865e+02 +5.486532865e+02
1329 0 +4.484804573e+02 +5.185104573e+02 +5.185104573e+02
1345 0 +4.354772045e+02 +5.055072045e+02 +5.055072045e+02
1361 0 +4.195416523e+02 +4.895716523e+02 +4.895716523e+02
1377 0 +4.138628248e+02 +4.838928248e+02 +4.838928248e+02
1393 0 +4.040544299e+02 +4.740844299e+02 +4.740844299e+02
1425 0 +3.979567223e+02 +4.679867223e+02 +4.679867223e+02
1609 0 +3.885488952e+02 +4.585788952e+02 +4.585788952e+02
1665 0 +3.759999058e+02 +4.460299058e+02 +4.460299058e+02
1697 0 +3.658833550e+02 +4.359133550e+02 +4.359133550e+02
1713 0 +3.547540973e+02 +4.247840973e+02 +4.247840973e+02
1793 0 +3.449079957e+02 +4.149379957e+02 +4.149379957e+02
1829 0 +3.370855999e+02 +4.071155999e+02 +4.071155999e+02
1841 0 +3.308316302e+02 +4.008616302e+02 +4.008616302e+02
1985 0 +3.203336764e+02 +3.903636764e+02 +3.903636764e+02
2001 0 +3.154146721e+02 +3.854446721e+02 +3.854446721e+02
2129 0 +3.076693349e+02 +3.776993349e+02 +3.776993349e+02
2169 0 +3.018503474e+02 +3.718803474e+02 +3.718803474e+02
2244 0 +2.939537265e+02 +3.639837265e+02 +3.639837265e+02
2337 0 +2.882893230e+02 +3.583193230e+02 +3.583193230e+02
2557 0 +2.816380998e+02 +3.516680998e+02 +3.516680998e+02
2721 0 +2.753274899e+02 +3.453574899e+02 +3.453574899e+02
3274 0 +2.691056804e+02 +3.391356804e+02 +3.391356804e+02
3937 0 +2.628406023e+02 +3.328706023e+02 +3.328706023e+02
4881 0 +2.570328776e+02 +3.270628776e+02 +3.270628776e+02
% f evaluations | g evaluations | best noise-free fitness - Fopt (-4.822000000000e+01) + sum g_i+ | measured fitness | best measured fitness or single-digit g-values | x1 | x2...
1 0 +1.224588598e+03 +1.176368598e+03 +1.176368598e+03
5 0 +1.208869163e+03 +1.160649163e+03 +1.160649163e+03
9 0 +1.075469610e+03 +1.027249610e+03 +1.027249610e+03
19 0 +1.043918635e+03 +9.956986345e+02 +9.956986345e+02
35 0 +9.977636353e+02 +9.495436353e+02 +9.495436353e+02
71 0 +9.394581704e+02 +8.912381704e+02 +8.912381704e+02
114 0 +9.154328690e+02 +8.672128690e+02 +8.672128690e+02
128 0 +9.115870463e+02 +8.633670463e+02 +8.633670463e+02
152 0 +8.855837509e+02 +8.373637509e+02 +8.373637509e+02
196 0 +8.579137651e+02 +8.096937651e+02 +8.096937651e+02
254 0 +8.476374942e+02 +7.994174942e+02 +7.994174942e+02
277 0 +8.283908924e+02 +7.801708924e+02 +7.801708924e+02
323 0 +7.482579432e+02 +7.000379432e+02 +7.000379432e+02
327 0 +7.174378804e+02 +6.692178804e+02 +6.692178804e+02
449 0 +6.898395012e+02 +6.416195012e+02 +6.416195012e+02
475 0 +6.737669887e+02 +6.255469887e+02 +6.255469887e+02
561 0 +6.327681144e+02 +5.845481144e+02 +5.845481144e+02
727 0 +6.182231731e+02 +5.700031731e+02 +5.700031731e+02
754 0 +5.905262639e+02 +5.423062639e+02 +5.423062639e+02
782 0 +5.752034188e+02 +5.269834188e+02 +5.269834188e+02
897 0 +5.567284868e+02 +5.085084868e+02 +5.085084868e+02
950 0 +5.453942063e+02 +4.971742063e+02 +4.971742063e+02
998 0 +4.896704419e+02 +4.414504419e+02 +4.414504419e+02
1217 0 +4.759172978e+02 +4.276972978e+02 +4.276972978e+02
1224 0 +4.613789973e+02 +4.131589973e+02 +4.131589973e+02
1265 0 +4.551820938e+02 +4.069620938e+02 +4.069620938e+02
1268 0 +4.376744707e+02 +3.894544707e+02 +3.894544707e+02
1270 0 +4.325347507e+02 +3.843147507e+02 +3.843147507e+02
1313 0 +4.258435310e+02 +3.776235310e+02 +3.776235310e+02
1377 0 +4.104839389e+02 +3.622639389e+02 +3.622639389e+02
1489 0 +3.966700932e+02 +3.484500932e+02 +3.484500932e+02
1530 0 +3.888190145e+02 +3.405990145e+02 +3.405990145e+02
1545 0 +3.787870049e+02 +3.305670049e+02 +3.305670049e+02
1601 0 +3.691812963e+02 +3.209612963e+02 +3.209612963e+02
1617 0 +3.596756787e+02 +3.114556787e+02 +3.114556787e+02
1690 0 +3.513051489e+02 +3.030851489e+02 +3.030851489e+02
1697 0 +3.409181113e+02 +2.926981113e+02 +2.926981113e+02
1713 0 +3.345101676e+02 +2.862901676e+02 +2.862901676e+02
1761 0 +3.300680836e+02 +2.818480836e+02 +2.818480836e+02
1825 0 +3.212158562e+02 +2.729958562e+02 +2.729958562e+02
1889 0 +3.144764426e+02 +2.662564426e+02 +2.662564426e+02
1937 0 +3.079096160e+02 +2.596896160e+02 +2.596896160e+02
2081 0 +3.002929047e+02 +2.520729047e+02 +2.520729047e+02
2206 0 +2.939851316e+02 +2.457651316e+02 +2.457651316e+02
2286 0 +2.883629340e+02 +2.401429340e+02 +2.401429340e+02
2437 0 +2.815598069e+02 +2.333398069e+02 +2.333398069e+02
2605 0 +2.745056005e+02 +2.262856005e+02 +2.262856005e+02
2801 0 +2.687600572e+02 +2.205400572e+02 +2.205400572e+02
2977 0 +2.628937166e+02 +2.146737166e+02 +2.146737166e+02
3169 0 +2.562388447e+02 +2.080188447e+02 +2.080188447e+02
3393 0 +2.510919727e+02 +2.028719727e+02 +2.028719727e+02
3585 0 +2.451221802e+02 +1.969021802e+02 +1.969021802e+02
3825 0 +2.397108455e+02 +1.914908455e+02 +1.914908455e+02
6128 0 +2.343909422e+02 +1.861709422e+02 +1.861709422e+02
% f evaluations | g evaluations | best noise-free fitness - Fopt (2.547000000000e+01) + sum g_i+ | measured fitness | best measured fitness or single-digit g-values | x1 | x2...
1 0 +1.654844505e+03 +1.680314505e+03 +1.680314505e+03
6 0 +1.614642230e+03 +1.640112230e+03 +1.640112230e+03
16 0 +1.494062048e+03 +1.519532048e+03 +1.519532048e+03
51 0 +1.439602942e+03 +1.465072942e+03 +1.465072942e+03
71 0 +1.404748878e+03 +1.430218878e+03 +1.430218878e+03
78 0 +1.356040279e+03 +1.381510279e+03 +1.381510279e+03
85 0 +1.341235681e+03 +1.366705681e+03 +1.366705681e+03
93 0 +1.311371515e+03 +1.336841515e+03 +1.336841515e+03
105 0 +1.248132857e+03 +1.273602857e+03 +1.273602857e+03
136 0 +1.221504393e+03 +1.246974393e+03 +1.246974393e+03
175 0 +1.173776946e+03 +1.199246946e+03 +1.199246946e+03
184 0 +1.139708583e+03 +1.165178583e+03 +1.165178583e+03
216 0 +1.106452545e+03 +1.131922545e+03 +1.131922545e+03
242 0 +1.074785870e+03 +1.100255870e+03 +1.100255870e+03
251 0 +1.054663375e+03 +1.080133375e+03 +1.080133375e+03
261 0 +1.002758156e+03 +1.028228156e+03 +1.028228156e+03
281 0 +9.885072312e+02 +1.013977231e+03 +1.013977231e+03
310 0 +9.718511819e+02 +9.973211819e+02 +9.973211819e+02
390 0 +9.540888287e+02 +9.795588287e+02 +9.795588287e+02
409 0 +9.051422733e+02 +9.306122733e+02 +9.306122733e+02
425 0 +8.317002579e+02 +8.571702579e+02 +8.571702579e+02
555 0 +7.824440409e+02 +8.079140409e+02 +8.079140409e+02
589 0 +7.310485351e+02 +7.565185351e+02 +7.565185351e+02
642 0 +7.100000252e+02 +7.354700252e+02 +7.354700252e+02
646 0 +6.847961114e+02 +7.102661114e+02 +7.102661114e+02
746 0 +6.535616913e+02 +6.790316913e+02 +6.790316913e+02
856 0 +6.448647039e+02 +6.703347039e+02 +6.703347039e+02
1007 0 +5.994124715e+02 +6.248824715e+02 +6.248824715e+02
1145 0 +5.836123246e+02 +6.090823246e+02 +6.090823246e+02
1216 0 +5.690328388e+02 +5.945028388e+02 +5.945028388e+02
1247 0 +5.334027787e+02 +5.588727787e+02 +5.588727787e+02
1386 0 +4.692954122e+02 +4.947654122e+02 +4.947654122e+02
1657 0 +4.565451493e+02 +4.820151493e+02 +4.820151493e+02
1729 0 +4.308112686e+02 +4.562812686e+02 +4.562812686e+02
1761 0 +4.239100560e+02 +4.493800560e+02 +4.493800560e+02
1777 0 +4.084087876e+02 +4.338787876e+02 +4.338787876e+02
1953 0 +3.960997728e+02 +4.215697728e+02 +4.215697728e+02
2017 0 +3.852478645e+02 +4.107178645e+02 +4.107178645e+02
2033 0 +3.788411215e+02 +4.043111215e+02 +4.043111215e+02
2115 0 +3.690943059e+02 +3.945643059e+02 +3.945643059e+02
2145 0 +3.578874219e+02 +3.833574219e+02 +3.833574219e+02
2193 0 +3.489848406e+02 +3.744548406e+02 +3.744548406e+02
2225 0 +3.439820605e+02 +3.694520605e+02 +3.694520605e+02
2257 0 +3.367421757e+02 +3.622121757e+02 +3.622121757e+02
2321 0 +3.278344976e+02 +3.533044976e+02 +3.533044976e+02
2369 0 +3.222933620e+02 +3.477633620e+02 +3.477633620e+02
2449 0 +3.160803361e+02 +3.415503361e+02 +3.415503361e+02
2577 0 +3.088831258e+02 +3.343531258e+02 +3.343531258e+02
2881 0 +3.009616174e+02 +3.264316174e+02 +3.264316174e+02
3041 0 +2.948458970e+02 +3.203158970e+02 +3.203158970e+02
3357 0 +2.883990551e+02 +3.138690551e+02 +3.138690551e+02
4225 0 +2.818305089e+02 +3.073005089e+02 +3.073005089e+02
% f evaluations | g evaluations | best noise-free fitness - Fopt (-1.008100000000e+02) + sum g_i+ | measured fitness | best measured fitness or single-digit g-values | x1 | x2...
1 0 +1.231981217e+03 +1.131171217e+03 +1.131171217e+03
2 0 +1.099921742e+03 +9.991117415e+02 +9.991117415e+02
20 0 +1.076199382e+03 +9.753893816e+02 +9.753893816e+02
41 0 +9.589601790e+02 +8.581501790e+02 +8.581501790e+02
103 0 +9.092893958e+02 +8.084793958e+02 +8.084793958e+02
208 0 +8.896454529e+02 +7.888354529e+02 +7.888354529e+02
259 0 +8.356044384e+02 +7.347944384e+02 +7.347944384e+02
277 0 +8.290298578e+02 +7.282198578e+02 +7.282198578e+02
330 0 +7.614924245e+02 +6.606824245e+02 +6.606824245e+02
493 0 +7.558756542e+02 +6.550656542e+02 +6.550656542e+02
552 0 +7.412202761e+02 +6.404102761e+02 +6.404102761e+02
569 0 +7.181671354e+02 +6.173571354e+02 +6.173571354e+02
580 0 +7.014816840e+02 +6.006716840e+02 +6.006716840e+02
677 0 +6.849460105e+02 +5.841360105e+02 +5.841360105e+02
708 0 +6.654670414e+02 +5.646570414e+02 +5.646570414e+02
774 0 +6.126840770e+02 +5.118740770e+02 +5.118740770e+02
850 0 +5.506421444e+02 +4.498321444e+02 +4.498321444e+02
1089 0 +5.197772908e+02 +4.189672908e+02 +4.189672908e+02
1121 0 +4.912424252e+02 +3.904324252e+02 +3.904324252e+02
1265 0 +4.799990995e+02 +3.791890995e+02 +3.791890995e+02
1297 0 +4.694982934e+02 +3.686882934e+02 +3.686882934e+02
1313 0 +4.636962780e+02 +3.628862780e+02 +3.628862780e+02
1393 0 +4.498962589e+02 +3.490862589e+02 +3.490862589e+02
1397 0 +4.459081670e+02 +3.450981670e+02 +3.450981670e+02
1457 0 +4.352419706e+02 +3.344319706e+02 +3.344319706e+02
1473 0 +4.254188589e+02 +3.246088589e+02 +3.246088589e+02
1617 0 +4.158655653e+02 +3.150555653e+02 +3.150555653e+02
1697 0 +4.047681832e+02 +3.039581832e+02 +3.039581832e+02
1729 0 +3.974574101e+02 +2.966474101e+02 +2.966474101e+02
1809 0 +3.889521698e+02 +2.881421698e+02 +2.881421698e+02
1921 0 +3.790880493e+02 +2.782780493e+02 +2.782780493e+02
2033 0 +3.702127019e+02 +2.694027019e+02 +2.694027019e+02
2353 0 +3.629596317e+02 +2.621496317e+02 +2.621496317e+02
2911 0 +3.545745966e+02 +2.537645966e+02 +2.537645966e+02
4134 0 +3.466163134e+02 +2.458063134e+02 +2.458063134e+02
% f evaluations | g evaluations | best noise-free fitness - Fopt (-3.531300000000e+02) + sum g_i+ | measured fitness | best measured fitness or single-digit g-values | x1 | x2...
1 0 +3.323788697e+03 +2.970658697e+03 +2.970658697e+03
6 0 +3.323652140e+03 +2.970522140e+03 +2.970522140e+03
8 0 +3.165611301e+03 +2.812481301e+03 +2.812481301e+03
16 0 +3.029928542e+03 +2.676798542e+03 +2.676798542e+03
21 0 +2.812940619e+03 +2.459810619e+03 +2.459810619e+03
53 0 +2.665936176e+03 +2.312806176e+03 +2.312806176e+03
62 0 +2.522368995e+03 +2.169238995e+03 +2.169238995e+03
68 0 +2.265111063e+03 +1.911981063e+03 +1.911981063e+03
82 0 +2.160179216e+03 +1.807049216e+03 +1.807049216e+03
87 0 +2.080894485e+03 +1.727764485e+03 +1.727764485e+03
124 0 +1.991850154e+03 +1.638720154e+03 +1.638720154e+03
132 0 +1.813204184e+03 +1.460074184e+03 +1.460074184e+03
147 0 +1.579203045e+03 +1.226073045e+03 +1.226073045e+03
186 0 +1.525655321e+03 +1.172525321e+03 +1.172525321e+03
196 0 +1.462753013e+03 +1.109623013e+03 +1.109623013e+03
211 0 +1.420373286e+03 +1.067243286e+03 +1.067243286e+03
223 0 +1.286420732e+03 +9.332907316e+02 +9.332907316e+02
245 0 +1.106814459e+03 +7.536844592e+02 +7.536844592e+02
293 0 +1.089610091e+03 +7.364800913e+02 +7.364800913e+02
350 0 +1.070772637e+03 +7.176426365e+02 +7.176426365e+02
360 0 +9.185612304e+02 +5.654312304e+02 +5.654312304e+02
377 0 +9.096950466e+02 +5.565650466e+02 +5.565650466e+02
403 0 +8.903920110e+02 +5.372620110e+02 +5.372620110e+02
443 0 +8.649243177e+02 +5.117943177e+02 +5.117943177e+02
453 0 +8.115884587e+02 +4.584584587e+02 +4.584584587e+02
464 0 +7.842205576e+02 +4.310905576e+02 +4.310905576e+02
486 0 +7.631243040e+02 +4.099943040e+02 +4.099943040e+02
497 0 +7.553921603e+02 +4.022621603e+02 +4.022621603e+02
562 0 +7.182183192e+02 +3.650883192e+02 +3.650883192e+02
568 0 +6.767445396e+02 +3.236145396e+02 +3.236145396e+02
587 0 +6.335953915e+02 +2.804653915e+02 +2.804653915e+02
658 0 +6.129384943e+02 +2.598084943e+02 +2.598084943e+02
715 0 +6.017584369e+02 +2.486284369e+02 +2.486284369e+02
726 0 +5.731222844e+02 +2.199922844e+02 +2.199922844e+02
747 0 +5.595321980e+02 +2.064021980e+02 +2.064021980e+02
758 0 +5.440058372e+02 +1.908758372e+02 +1.908758372e+02
853 0 +5.329829300e+02 +1.798529300e+02 +1.798529300e+02
941 0 +5.207127913e+02 +1.675827913e+02 +1.675827913e+02
961 0 +5.019611995e+02 +1.488311995e+02 +1.488311995e+02
984 0 +4.851211282e+02 +1.319911282e+02 +1.319911282e+02
1107 0 +4.759671474e+02 +1.228371474e+02 +1.228371474e+02
1138 0 +4.612932582e+02 +1.081632582e+02 +1.081632582e+02
1396 0 +4.211110782e+02 +6.798107823e+01 +6.798107823e+01
1825 0 +4.163317976e+02 +6.320179760e+01 +6.320179760e+01
1841 0 +3.959614902e+02 +4.283149024e+01 +4.283149024e+01
1857 0 +3.655365002e+02 +1.240650019e+01 +1.240650019e+01
1873 0 +3.591691701e+02 +6.039170108e+00 +6.039170108e+00
1985 0 +3.483771651e+02 -4.752834918e+00 -4.752834918e+00
2001 0 +3.319908841e+02 -2.113911589e+01 -2.113911589e+01
2017 0 +3.292097852e+02 -2.392021479e+01 -2.392021479e+01
2033 0 +3.218069915e+02 -3.132300853e+01 -3.132300853e+01
2049 0 +3.116711835e+02 -4.145881651e+01 -4.145881651e+01
2175 0 +3.076324346e+02 -4.549756536e+01 -4.549756536e+01
2209 0 +2.953752345e+02 -5.775476553e+01 -5.775476553e+01
2241 0 +2.933860335e+02 -5.974396647e+01 -5.974396647e+01
2305 0 +2.839569296e+02 -6.917307041e+01 -6.917307041e+01
2321 0 +2.759571177e+02 -7.717288235e+01 -7.717288235e+01
2337 0 +2.749485950e+02 -7.818140501e+01 -7.818140501e+01
2369 0 +2.676838219e+02 -8.544617806e+01 -8.544617806e+01
2513 0 +2.625288930e+02 -9.060110702e+01 -9.060110702e+01
2561 0 +2.533390687e+02 -9.979093135e+01 -9.979093135e+01
2593 0 +2.511611594e+02 -1.019688406e+02 -1.019688406e+02
2657 0 +2.443911597e+02 -1.087388403e+02 -1.087388403e+02
2769 0 +2.392482747e+02 -1.138817253e+02 -1.138817253e+02
2847 0 +2.340428315e+02 -1.190871685e+02 -1.190871685e+02
2913 0 +2.279010041e+02 -1.252289959e+02 -1.252289959e+02
2977 0 +2.233521771e+02 -1.297778229e+02 -1.297778229e+02
3089 0 +2.172240647e+02 -1.359059353e+02 -1.359059353e+02
3137 0 +2.137871541e+02 -1.393428459e+02 -1.393428459e+02
3248 0 +2.086465645e+02 -1.444834355e+02 -1.444834355e+02
3409 0 +2.037264456e+02 -1.494035544e+02 -1.494035544e+02
3489 0 +1.992096424e+02 -1.539203576e+02 -1.539203576e+02
3609 0 +1.945463524e+02 -1.585836476e+02 -1.585836476e+02
3825 0 +1.902155021e+02 -1.629144979e+02 -1.629144979e+02
4241 0 +1.860999799e+02 -1.670300201e+02 -1.670300201e+02
% f evaluations | g evaluations | best noise-free fitness - Fopt (8.716000000000e+01) + sum g_i+ | measured fitness | best measured fitness or single-digit g-values | x1 | x2...
1 0 +2.355200677e+03 +2.442360677e+03 +2.442360677e+03
2 0 +2.291395806e+03 +2.378555806e+03 +2.378555806e+03
5 0 +2.165414849e+03 +2.252574849e+03 +2.252574849e+03
13 0 +2.086581699e+03 +2.173741699e+03 +2.173741699e+03
34 0 +2.039278751e+03 +2.126438751e+03 +2.126438751e+03
55 0 +1.986421562e+03 +2.073581562e+03 +2.073581562e+03
99 0 +1.828780728e+03 +1.915940728e+03 +1.915940728e+03
135 0 +1.801910219e+03 +1.889070219e+03 +1.889070219e+03
147 0 +1.777555449e+03 +1.864715449e+03 +1.864715449e+03
153 0 +1.715521795e+03 +1.802681795e+03 +1.802681795e+03
211 0 +1.687275156e+03 +1.774435156e+03 +1.774435156e+03
215 0 +1.655122668e+03 +1.742282668e+03 +1.742282668e+03
227 0 +1.564836569e+03 +1.651996569e+03 +1.651996569e+03
259 0 +1.534582466e+03 +1.621742466e+03 +1.621742466e+03
260 0 +1.419726226e+03 +1.506886226e+03 +1.506886226e+03
277 0 +1.387044269e+03 +1.474204269e+03 +1.474204269e+03
310 0 +1.320755599e+03 +1.407915599e+03 +1.407915599e+03
334 0 +1.285633048e+03 +1.372793048e+03 +1.372793048e+03
355 0 +1.224785397e+03 +1.311945397e+03 +1.311945397e+03
391 0 +1.198108812e+03 +1.285268812e+03 +1.285268812e+03
431 0 +1.171352687e+03 +1.258512687e+03 +1.258512687e+03
459 0 +1.117645299e+03 +1.204805299e+03 +1.204805299e+03
512 0 +1.057730305e+03 +1.144890305e+03 +1.144890305e+03
554 0 +1.038568285e+03 +1.125728285e+03 +1.125728285e+03
569 0 +1.018361209e+03 +1.105521209e+03 +1.105521209e+03
585 0 +9.994796401e+02 +1.086639640e+03 +1.086639640e+03
586 0 +9.770245373e+02 +1.064184537e+03 +1.064184537e+03
608 0 +9.263235655e+02 +1.013483566e+03 +1.013483566e+03
631 0 +8.827101275e+02 +9.698701275e+02 +9.698701275e+02
643 0 +8.312585014e+02 +9.184185014e+02 +9.184185014e+02
794 0 +8.099662703e+02 +8.971262703e+02 +8.971262703e+02
839 0 +7.718044682e+02 +8.589644682e+02 +8.589644682e+02
881 0 +7.240980803e+02 +8.112580803e+02 +8.112580803e+02
909 0 +6.987179477e+02 +7.858779477e+02 +7.858779477e+02
970 0 +6.518842254e+02 +7.390442254e+02 +7.390442254e+02
1090 0 +6.228752725e+02 +7.100352725e+02 +7.100352725e+02
1155 0 +6.009990881e+02 +6.881590881e+02 +6.881590881e+02
1213 0 +5.862707925e+02 +6.734307925e+02 +6.734307925e+02
1566 0 +5.517066410e+02 +6.388666410e+02 +6.388666410e+02
1674 0 +5.434239588e+02 +6.305839588e+02 +6.305839588e+02
1697 0 +5.339548064e+02 +6.211148064e+02 +6.211148064e+02
1747 0 +5.204459538e+02 +6.076059538e+02 +6.076059538e+02
1793 0 +5.083916734e+02 +5.955516734e+02 +5.955516734e+02
1857 0 +5.006537287e+02 +5.878137287e+02 +5.878137287e+02
1873 0 +4.660093426e+02 +5.531693426e+02 +5.531693426e+02
1969 0 +4.503888900e+02 +5.375488900e+02 +5.375488900e+02
1985 0 +4.303387078e+02 +5.174987078e+02 +5.174987078e+02
2017 0 +4.114749948e+02 +4.986349948e+02 +4.986349948e+02
2033 0 +3.932108315e+02 +4.803708315e+02 +4.803708315e+02
2065 0 +3.877135559e+02 +4.748735559e+02 +4.748735559e+02
2300 0 +3.689087382e+02 +4.560687382e+02 +4.560687382e+02
2337 0 +3.624239912e+02 +4.495839912e+02 +4.495839912e+02
2369 0 +3.504613785e+02 +4.376213785e+02 +4.376213785e+02
2417 0 +3.464045034e+02 +4.335645034e+02 +4.335645034e+02
2481 0 +3.365900695e+02 +4.237500695e+02 +4.237500695e+02
2513 0 +3.281171266e+02 +4.152771266e+02 +4.152771266e+02
2561 0 +3.217971085e+02 +4.089571085e+02 +4.089571085e+02
2625 0 +3.154441344e+02 +4.026041344e+02 +4.026041344e+02
2737 0 +3.071937542e+02 +3.943537542e+02 +3.943537542e+02
2791 0 +3.000159879e+02 +3.871759879e+02 +3.871759879e+02
2913 0 +2.932949770e+02 +3.804549770e+02 +3.804549770e+02
3073 0 +2.882281381e+02 +3.753881381e+02 +3.753881381e+02
3585 0 +2.817309164e+02 +3.688909164e+02 +3.688909164e+02
4305 0 +2.752711016e+02 +3.624311016e+02 +3.624311016e+02
5499 0 +2.691230068e+02 +3.562830068e+02 +3.562830068e+02
% f evaluations | g evaluations | best noise-free fitness - Fopt (-3.475000000000e+01) + sum g_i+ | measured fitness | best measured fitness or single-digit g-values | x1 | x2...
1 0 +1.670015323e+03 +1.635265323e+03 +1.635265323e+03
2 0 +1.580642315e+03 +1.545892315e+03 +1.545892315e+03
9 0 +1.523061865e+03 +1.488311865e+03 +1.488311865e+03
11 0 +1.479060788e+03 +1.444310788e+03 +1.444310788e+03
21 0 +1.320156197e+03 +1.285406197e+03 +1.285406197e+03
87 0 +1.303333514e+03 +1.268583514e+03 +1.268583514e+03
96 0 +1.263044044e+03 +1.228294044e+03 +1.228294044e+03
100 0 +1.231110259e+03 +1.196360259e+03 +1.196360259e+03
123 0 +1.198801786e+03 +1.164051786e+03 +1.164051786e+03
174 0 +1.172262285e+03 +1.137512285e+03 +1.137512285e+03
200 0 +1.124001720e+03 +1.089251720e+03 +1.089251720e+03
209 0 +1.102157466e+03 +1.067407466e+03 +1.067407466e+03
214 0 +1.094931292e+03 +1.060181292e+03 +1.060181292e+03
230 0 +1.061288039e+03 +1.026538039e+03 +1.026538039e+03
232 0 +1.015832941e+03 +9.810829414e+02 +9.810829414e+02
276 0 +9.887121128e+02 +9.539621128e+02 +9.539621128e+02
293 0 +9.308093660e+02 +8.960593660e+02 +8.960593660e+02
333 0 +9.006929569e+02 +8.659429569e+02 +8.659429569e+02
343 0 +8.685722578e+02 +8.338222578e+02 +8.338222578e+02
410 0 +8.209708054e+02 +7.862208054e+02 +7.862208054e+02
454 0 +8.100749784e+02 +7.753249784e+02 +7.753249784e+02
473 0 +7.680860772e+02 +7.333360772e+02 +7.333360772e+02
498 0 +7.304082768e+02 +6.956582768e+02 +6.956582768e+02
499 0 +6.947747403e+02 +6.600247403e+02 +6.600247403e+02
642 0 +6.310733680e+02 +5.963233680e+02 +5.963233680e+02
792 0 +6.030850374e+02 +5.683350374e+02 +5.683350374e+02
794 0 +5.600666068e+02 +5.253166068e+02 +5.253166068e+02
905 0 +5.347138829e+02 +4.999638829e+02 +4.999638829e+02
1033 0 +4.980362371e+02 +4.632862371e+02 +4.632862371e+02
1339 0 +4.594088181e+02 +4.246588181e+02 +4.246588181e+02
1569 0 +4.567304930e+02 +4.219804930e+02 +4.219804930e+02
1633 0 +4.317136162e+02 +3.969636162e+02 +3.969636162e+02
1649 0 +4.182886339e+02 +3.835386339e+02 +3.835386339e+02
1665 0 +4.057753979e+02 +3.710253979e+02 +3.710253979e+02
1713 0 +3.936622241e+02 +3.589122241e+02 +3.589122241e+02
1729 0 +3.831656436e+02 +3.484156436e+02 +3.484156436e+02
1761 0 +3.792314461e+02 +3.444814461e+02 +3.444814461e+02
1921 0 +3.671788758e+02 +3.324288758e+02 +3.324288758e+02
1937 0 +3.629612783e+02 +3.282112783e+02 +3.282112783e+02
1990 0 +3.504534109e+02 +3.157034109e+02 +3.157034109e+02
2017 0 +3.407573186e+02 +3.060073186e+02 +3.060073186e+02
2033 0 +3.360724430e+02 +3.013224430e+02 +3.013224430e+02
2080 0 +3.234339278e+02 +2.886839278e+02 +2.886839278e+02
2115 0 +3.143210492e+02 +2.795710492e+02 +2.795710492e+02
2134 0 +3.073706535e+02 +2.726206535e+02 +2.726206535e+02
2257 0 +3.013750092e+02 +2.666250092e+02 +2.666250092e+02
2289 0 +2.914562410e+02 +2.567062410e+02 +2.567062410e+02
2316 0 +2.857189812e+02 +2.509689812e+02 +2.509689812e+02
2385 0 +2.816306387e+02 +2.468806387e+02 +2.468806387e+02
2497 0 +2.744394595e+02 +2.396894595e+02 +2.396894595e+02
2558 0 +2.675013502e+02 +2.327513502e+02 +2.327513502e+02
2641 0 +2.617584102e+02 +2.270084102e+02 +2.270084102e+02
2830 0 +2.570007335e+02 +2.222507335e+02 +2.222507335e+02
2993 0 +2.504576960e+02 +2.157076960e+02 +2.157076960e+02
3216 0 +2.454325483e+02 +2.106825483e+02 +2.106825483e+02
3545 0 +2.390988547e+02 +2.043488547e+02 +2.043488547e+02
3793 0 +2.340557356e+02 +1.993057356e+02 +1.993057356e+02
3995 0 +2.288502320e+02 +1.941002320e+02 +1.941002320e+02
4129 0 +2.238374790e+02 +1.890874790e+02 +1.890874790e+02
4497 0 +2.184991826e+02 +1.837491826e+02 +1.837491826e+02
5745 0 +2.137401594e+02 +1.789901594e+02 +1.789901594e+02
% f evaluations | g evaluations | best noise-free fitness - Fopt (-1.000000000000e+03) + sum g_i+ | measured fitness | best measured fitness or single-digit g-values | x1 | x2...
1 0 +1.570053427e+03 +5.700534271e+02 +5.700534271e+02
12 0 +1.507655092e+03 +5.076550917e+02 +5.076550917e+02
50 0 +1.468900201e+03 +4.689002009e+02 +4.689002009e+02
67 0 +1.410749363e+03 +4.107493630e+02 +4.107493630e+02
87 0 +1.354367376e+03 +3.543673758e+02 +3.543673758e+02
99 0 +1.294517771e+03 +2.945177708e+02 +2.945177708e+02
121 0 +1.280088968e+03 +2.800889682e+02 +2.800889682e+02
130 0 +1.237370823e+03 +2.373708227e+02 +2.373708227e+02
155 0 +1.169479916e+03 +1.694799158e+02 +1.694799158e+02
163 0 +1.139592879e+03 +1.395928794e+02 +1.395928794e+02
195 0 +1.077988311e+03 +7.798831087e+01 +7.798831087e+01
205 0 +1.055193905e+03 +5.519390528e+01 +5.519390528e+01
233 0 +9.582632593e+02 -4.173674066e+01 -4.173674066e+01
329 0 +9.516506363e+02 -4.834936373e+01 -4.834936373e+01
340 0 +9.310013914e+02 -6.899860860e+01 -6.899860860e+01
347 0 +8.715754041e+02 -1.284245959e+02 -1.284245959e+02
402 0 +7.736912173e+02 -2.263087827e+02 -2.263087827e+02
498 0 +6.940664581e+02 -3.059335419e+02 -3.059335419e+02
591 0 +6.600383763e+02 -3.399616237e+02 -3.399616237e+02
669 0 +5.570509893e+02 -4.429490107e+02 -4.429490107e+02
969 0 +5.415194416e+02 -4.584805584e+02 -4.584805584e+02
1029 0 +5.265242067e+02 -4.734757933e+02 -4.734757933e+02
1096 0 +4.811027145e+02 -5.188972855e+02 -5.188972855e+02
1233 0 +4.696895517e+02 -5.303104483e+02 -5.303104483e+02
1249 0 +4.500173984e+02 -5.499826016e+02 -5.499826016e+02
1270 0 +4.415012216e+02 -5.584987784e+02 -5.584987784e+02
1301 0 +4.116227277e+02 -5.883772723e+02 -5.883772723e+02
1409 0 +3.957508385e+02 -6.042491615e+02 -6.042491615e+02
1485 0 +3.833582405e+02 -6.166417595e+02 -6.166417595e+02
1489 0 +3.647687044e+02 -6.352312956e+02 -6.352312956e+02
1537 0 +3.551940018e+02 -6.448059982e+02 -6.448059982e+02
1553 0 +3.475165042e+02 -6.524834958e+02 -6.524834958e+02
1569 0 +3.449107303e+02 -6.550892697e+02 -6.550892697e+02
1697 0 +3.353155824e+02 -6.646844176e+02 -6.646844176e+02
1729 0 +3.242499437e+02 -6.757500563e+02 -6.757500563e+02
1742 0 +3.224610825e+02 -6.775389175e+02 -6.775389175e+02
1759 0 +3.128125841e+02 -6.871874159e+02 -6.871874159e+02
1761 0 +3.048109377e+02 -6.951890623e+02 -6.951890623e+02
1777 0 +3.015096514e+02 -6.984903486e+02 -6.984903486e+02
1825 0 +2.885024099e+02 -7.114975901e+02 -7.114975901e+02
1873 0 +2.880432654e+02 -7.119567346e+02 -7.119567346e+02
1905 0 +2.800831260e+02 -7.199168740e+02 -7.199168740e+02
1921 0 +2.686638917e+02 -7.313361083e+02 -7.313361083e+02
1953 0 +2.624255413e+02 -7.375744587e+02 -7.375744587e+02
2033 0 +2.532812885e+02 -7.467187115e+02 -7.467187115e+02
2065 0 +2.493013677e+02 -7.506986323e+02 -7.506986323e+02
2161 0 +2.443320427e+02 -7.556679573e+02 -7.556679573e+02
2193 0 +2.395308255e+02 -7.604691745e+02 -7.604691745e+02
2273 0 +2.336094977e+02 -7.663905023e+02 -7.663905023e+02
2321 0 +2.278536941e+02 -7.721463059e+02 -7.721463059e+02
2481 0 +2.228015477e+02 -7.771984523e+02 -7.771984523e+02
2881 0 +2.184575431e+02 -7.815424569e+02 -7.815424569e+02
3457 0 +2.137251017e+02 -7.862748983e+02 -7.862748983e+02
3808 0 +2.088036755e+02 -7.911963245e+02 -7.911963245e+02
4305 0 +2.041317367e+02 -7.958682633e+02 -7.958682633e+02
5313 0 +1.994869106e+02 -8.005130894e+02 -8.005130894e+02
% f evaluations | g evaluations | best noise-free fitness - Fopt (-9.247000000000e+01) + sum g_i+ | measured fitness | best measured fitness or single-digit g-values | x1 | x2...
1 0 +1.397062081e+03 +1.304592081e+03 +1.304592081e+03
2 0 +1.344793549e+03 +1.252323549e+03 +1.252323549e+03
10 0 +1.263901439e+03 +1.171431439e+03 +1.171431439e+03
18 0 +1.237603008e+03 +1.145133008e+03 +1.145133008e+03
34 0 +1.197678075e+03 +1.105208075e+03 +1.105208075e+03
66 0 +1.159883653e+03 +1.067413653e+03 +1.067413653e+03
78 0 +1.146385499e+03 +1.053915499e+03 +1.053915499e+03
99 0 +1.112470183e+03 +1.020000183e+03 +1.020000183e+03
130 0 +1.094307884e+03 +1.001837884e+03 +1.001837884e+03
134 0 +1.033151157e+03 +9.406811569e+02 +9.406811569e+02
160 0 +1.004923345e+03 +9.124533454e+02 +9.124533454e+02
189 0 +9.995085920e+02 +9.070385920e+02 +9.070385920e+02
202 0 +9.445761706e+02 +8.521061706e+02 +8.521061706e+02
274 0 +9.326533457e+02 +8.401833457e+02 +8.401833457e+02
300 0 +8.923767145e+02 +7.999067145e+02 +7.999067145e+02
311 0 +8.663577481e+02 +7.738877481e+02 +7.738877481e+02
393 0 +8.041017934e+02 +7.116317934e+02 +7.116317934e+02
417 0 +7.873001000e+02 +6.948301000e+02 +6.948301000e+02
446 0 +7.722018193e+02 +6.797318193e+02 +6.797318193e+02
511 0 +7.440088773e+02 +6.515388773e+02 +6.515388773e+02
512 0 +7.097562706e+02 +6.172862706e+02 +6.172862706e+02
571 0 +6.817411655e+02 +5.892711655e+02 +5.892711655e+02
686 0 +6.669608053e+02 +5.744908053e+02 +5.744908053e+02
740 0 +6.373495921e+02 +5.448795921e+02 +5.448795921e+02
756 0 +5.917575314e+02 +4.992875314e+02 +4.992875314e+02
1009 0 +5.819498230e+02 +4.894798230e+02 +4.894798230e+02
1224 0 +5.545314649e+02 +4.620614649e+02 +4.620614649e+02
1249 0 +5.095550393e+02 +4.170850393e+02 +4.170850393e+02
1281 0 +4.876615226e+02 +3.951915226e+02 +3.951915226e+02
1297 0 +4.623544417e+02 +3.698844417e+02 +3.698844417e+02
1537 0 +4.461006594e+02 +3.536306594e+02 +3.536306594e+02
1553 0 +4.342482906e+02 +3.417782906e+02 +3.417782906e+02
1569 0 +4.235562297e+02 +3.310862297e+02 +3.310862297e+02
1665 0 +4.144603639e+02 +3.219903639e+02 +3.219903639e+02
1681 0 +3.998768033e+02 +3.074068033e+02 +3.074068033e+02
1761 0 +3.939803247e+02 +3.015103247e+02 +3.015103247e+02
1777 0 +3.884322515e+02 +2.959622515e+02 +2.959622515e+02
1889 0 +3.763050149e+02 +2.838350149e+02 +2.838350149e+02
1953 0 +3.697911548e+02 +2.773211548e+02 +2.773211548e+02
2065 0 +3.629533036e+02 +2.704833036e+02 +2.704833036e+02
2193 0 +3.544934570e+02 +2.620234570e+02 +2.620234570e+02
2337 0 +3.457654117e+02 +2.532954117e+02 +2.532954117e+02
2433 0 +3.383016614e+02 +2.458316614e+02 +2.458316614e+02
2673 0 +3.309238331e+02 +2.384538331e+02 +2.384538331e+02
2902 0 +3.231301174e+02 +2.306601174e+02 +2.306601174e+02
3103 0 +3.146180880e+02 +2.221480880e+02 +2.221480880e+02
3617 0 +3.088651896e+02 +2.163951896e+02 +2.163951896e+02
% f evaluations | g evaluations | best noise-free fitness - Fopt (-2.153000000000e+02) + sum g_i+ | measured fitness | best measured fitness or single-digit g-values | x1 | x2...
1 0 +1.426724083e+03 +1.211424083e+03 +1.211424083e+03
7 0 +1.413681388e+03 +1.198381388e+03 +1.198381388e+03
11 0 +1.393474089e+03 +1.178174089e+03 +1.178174089e+03
21 0 +1.367949253e+03 +1.152649253e+03 +1.152649253e+03
48 0 +1.342525972e+03 +1.127225972e+03 +1.127225972e+03
58 0 +1.305429083e+03 +1.090129083e+03 +1.090129083e+03
78 0 +1.253721193e+03 +1.038421193e+03 +1.038421193e+03
98 0 +1.221968524e+03 +1.006668524e+03 +1.006668524e+03
133 0 +1.200272449e+03 +9.849724490e+02 +9.849724490e+02
182 0 +1.168991875e+03 +9.536918753e+02 +9.536918753e+02
219 0 +1.145111201e+03 +9.298112012e+02 +9.298112012e+02
229 0 +1.087401592e+03 +8.721015920e+02 +8.721015920e+02
258 0 +1.049911092e+03 +8.346110923e+02 +8.346110923e+02
293 0 +1.036586761e+03 +8.212867606e+02 +8.212867606e+02
296 0 +1.011800890e+03 +7.965008897e+02 +7.965008897e+02
309 0 +9.913640223e+02 +7.760640223e+02 +7.760640223e+02
311 0 +9.706980237e+02 +7.553980237e+02 +7.553980237e+02
325 0 +9.172028827e+02 +7.019028827e+02 +7.019028827e+02
367 0 +9.048930024e+02 +6.895930024e+02 +6.895930024e+02
368 0 +8.908491425e+02 +6.755491425e+02 +6.755491425e+02
383 0 +8.547464248e+02 +6.394464248e+02 +6.394464248e+02
398 0 +8.434493736e+02 +6.281493736e+02 +6.281493736e+02
416 0 +7.904925957e+02 +5.751925957e+02 +5.751925957e+02
478 0 +7.202945088e+02 +5.049945088e+02 +5.049945088e+02
504 0 +6.670241920e+02 +4.517241920e+02 +4.517241920e+02
570 0 +6.475182862e+02 +4.322182862e+02 +4.322182862e+02
603 0 +6.244814289e+02 +4.091814289e+02 +4.091814289e+02
618 0 +5.921226352e+02 +3.768226352e+02 +3.768226352e+02
677 0 +5.171085605e+02 +3.018085605e+02 +3.018085605e+02
853 0 +4.889108785e+02 +2.736108785e+02 +2.736108785e+02
868 0 +4.714595307e+02 +2.561595307e+02 +2.561595307e+02
947 0 +4.522571774e+02 +2.369571774e+02 +2.369571774e+02
1103 0 +4.386464286e+02 +2.233464286e+02 +2.233464286e+02
1152 0 +3.794906474e+02 +1.641906474e+02 +1.641906474e+02
1333 0 +3.596884438e+02 +1.443884438e+02 +1.443884438e+02
1541 0 +3.519975871e+02 +1.366975871e+02 +1.366975871e+02
1564 0 +3.276940847e+02 +1.123940847e+02 +1.123940847e+02
1619 0 +3.100389383e+02 +9.473893834e+01 +9.473893834e+01
1681 0 +3.061270487e+02 +9.082704870e+01 +9.082704870e+01
1690 0 +3.018702037e+02 +8.657020370e+01 +8.657020370e+01
1697 0 +2.917962289e+02 +7.649622886e+01 +7.649622886e+01
1729 0 +2.878760449e+02 +7.257604491e+01 +7.257604491e+01
1742 0 +2.632633537e+02 +4.796335372e+01 +4.796335372e+01
1761 0 +2.597176258e+02 +4.441762581e+01 +4.441762581e+01
1777 0 +2.447855203e+02 +2.948552026e+01 +2.948552026e+01
1793 0 +2.372785475e+02 +2.197854747e+01 +2.197854747e+01
1924 0 +2.301936674e+02 +1.489366745e+01 +1.489366745e+01
2001 0 +2.278215768e+02 +1.252157682e+01 +1.252157682e+01
2017 0 +2.232958909e+02 +7.995890864e+00 +7.995890864e+00
2033 0 +2.132046836e+02 -2.095316405e+00 -2.095316405e+00
2065 0 +2.041895261e+02 -1.111047391e+01 -1.111047391e+01
2081 0 +2.010160887e+02 -1.428391129e+01 -1.428391129e+01
2097 0 +1.982245059e+02 -1.707549408e+01 -1.707549408e+01
2257 0 +1.938494391e+02 -2.145056091e+01 -2.145056091e+01
2289 0 +1.893899777e+02 -2.591002233e+01 -2.591002233e+01
2297 0 +1.856842313e+02 -2.961576873e+01 -2.961576873e+01
2373 0 +1.815775056e+02 -3.372249437e+01 -3.372249437e+01
2449 0 +1.772925545e+02 -3.800744553e+01 -3.800744553e+01
2497 0 +1.737008786e+02 -4.159912140e+01 -4.159912140e+01
2559 0 +1.652914548e+02 -5.000854521e+01 -5.000854521e+01
2619 0 +1.617400332e+02 -5.355996676e+01 -5.355996676e+01
2694 0 +1.564035913e+02 -5.889640873e+01 -5.889640873e+01
2721 0 +1.539493624e+02 -6.135063762e+01 -6.135063762e+01
2737 0 +1.513510139e+02 -6.394898610e+01 -6.394898610e+01
2817 0 +1.475505099e+02 -6.774949012e+01 -6.774949012e+01
2881 0 +1.441424819e+02 -7.115751810e+01 -7.115751810e+01
2953 0 +1.396255424e+02 -7.567445765e+01 -7.567445765e+01
3153 0 +1.372617538e+02 -7.803824617e+01 -7.803824617e+01
3233 0 +1.342778797e+02 -8.102212028e+01 -8.102212028e+01
3438 0 +1.315557500e+02 -8.374424996e+01 -8.374424996e+01
3681 0 +1.286757234e+02 -8.662427662e+01 -8.662427662e+01
5411 0 +1.258889881e+02 -8.941101185e+01 -8.941101185e+01
% f evaluations | g evaluations | best noise-free fitness - Fopt (-5.449000000000e+01) + sum g_i+ | measured fitness | best measured fitness or single-digit g-values | x1 | x2...
1 0 +1.288565647e+03 +1.234075647e+03 +1.234075647e+03
4 0 +1.261718864e+03 +1.207228864e+03 +1.207228864e+03
9 0 +1.160221250e+03 +1.105731250e+03 +1.105731250e+03
27 0 +1.132404857e+03 +1.077914857e+03 +1.077914857e+03
41 0 +1.084296700e+03 +1.029806700e+03 +1.029806700e+03
54 0 +1.066618247e+03 +1.012128247e+03 +1.012128247e+03
131 0 +1.005051475e+03 +9.505614753e+02 +9.505614753e+02
146 0 +9.999716056e+02 +9.454816056e+02 +9.454816056e+02
154 0 +9.751364192e+02 +9.206464192e+02 +9.206464192e+02
183 0 +9.516414725e+02 +8.971514725e+02 +8.971514725e+02
237 0 +9.001503092e+02 +8.456603092e+02 +8.456603092e+02
274 0 +8.204449958e+02 +7.659549958e+02 +7.659549958e+02
347 0 +8.103858653e+02 +7.558958653e+02 +7.558958653e+02
404 0 +7.718067640e+02 +7.173167640e+02 +7.173167640e+02
413 0 +7.357667660e+02 +6.812767660e+02 +6.812767660e+02
430 0 +7.205772097e+02 +6.660872097e+02 +6.660872097e+02
558 0 +6.849756394e+02 +6.304856394e+02 +6.304856394e+02
584 0 +6.522568996e+02 +5.977668996e+02 +5.977668996e+02
742 0 +6.254153624e+02 +5.709253624e+02 +5.709253624e+02
815 0 +6.034332490e+02 +5.489432490e+02 +5.489432490e+02
819 0 +5.831311268e+02 +5.286411268e+02 +5.286411268e+02
895 0 +5.688105442e+02 +5.143205442e+02 +5.143205442e+02
999 0 +5.415103831e+02 +4.870203831e+02 +4.870203831e+02
1094 0 +5.352140470e+02 +4.807240470e+02 +4.807240470e+02
1217 0 +4.836600413e+02 +4.291700413e+02 +4.291700413e+02
1258 0 +4.761370433e+02 +4.216470433e+02 +4.216470433e+02
1300 0 +4.335491786e+02 +3.790591786e+02 +3.790591786e+02
1329 0 +4.217551052e+02 +3.672651052e+02 +3.672651052e+02
1425 0 +4.140809996e+02 +3.595909996e+02 +3.595909996e+02
1457 0 +4.030219114e+02 +3.485319114e+02 +3.485319114e+02
1649 0 +3.956623525e+02 +3.411723525e+02 +3.411723525e+02
1667 0 +3.887557277e+02 +3.342657277e+02 +3.342657277e+02
1681 0 +3.796633854e+02 +3.251733854e+02 +3.251733854e+02
1713 0 +3.703018382e+02 +3.158118382e+02 +3.158118382e+02
1793 0 +3.613091237e+02 +3.068191237e+02 +3.068191237e+02
1841 0 +3.523831282e+02 +2.978931282e+02 +2.978931282e+02
1905 0 +3.460007640e+02 +2.915107640e+02 +2.915107640e+02
2001 0 +3.372023267e+02 +2.827123267e+02 +2.827123267e+02
2209 0 +3.306462805e+02 +2.761562805e+02 +2.761562805e+02
2369 0 +3.227345968e+02 +2.682445968e+02 +2.682445968e+02
2513 0 +3.155585113e+02 +2.610685113e+02 +2.610685113e+02
2833 0 +3.081642342e+02 +2.536742342e+02 +2.536742342e+02
2987 0 +3.015421716e+02 +2.470521716e+02 +2.470521716e+02
3345 0 +2.949621560e+02 +2.404721560e+02 +2.404721560e+02
4508 0 +2.883192709e+02 +2.338292709e+02 +2.338292709e+02
5393 0 +2.817497106e+02 +2.272597106e+02 +2.272597106e+02
% f evaluations | g evaluations | best noise-free fitness - Fopt (5.049000000000e+01) + sum g_i+ | measured fitness | best measured fitness or single-digit g-values | x1 | x2...
1 0 +1.686389157e+03 +1.736879157e+03 +1.736879157e+03
2 0 +1.658295045e+03 +1.708785045e+03 +1.708785045e+03
3 0 +1.495768782e+03 +1.546258782e+03 +1.546258782e+03
11 0 +1.468056339e+03 +1.518546339e+03 +1.518546339e+03
19 0 +1.443778210e+03 +1.494268210e+03 +1.494268210e+03
55 0 +1.346852822e+03 +1.397342822e+03 +1.397342822e+03
164 0 +1.276101957e+03 +1.326591957e+03 +1.326591957e+03
190 0 +1.253951607e+03 +1.304441607e+03 +1.304441607e+03
202 0 +1.209270061e+03 +1.259760061e+03 +1.259760061e+03
277 0 +1.186498096e+03 +1.236988096e+03 +1.236988096e+03
288 0 +1.152717626e+03 +1.203207626e+03 +1.203207626e+03
295 0 +1.058867261e+03 +1.109357261e+03 +1.109357261e+03
419 0 +1.028947521e+03 +1.079437521e+03 +1.079437521e+03
434 0 +1.014079507e+03 +1.064569507e+03 +1.064569507e+03
501 0 +9.887280911e+02 +1.039218091e+03 +1.039218091e+03
505 0 +9.603815969e+02 +1.010871597e+03 +1.010871597e+03
532 0 +9.425365379e+02 +9.930265379e+02 +9.930265379e+02
539 0 +8.898316613e+02 +9.403216613e+02 +9.403216613e+02
594 0 +8.703260852e+02 +9.208160852e+02 +9.208160852e+02
631 0 +7.830772231e+02 +8.335672231e+02 +8.335672231e+02
726 0 +7.562833526e+02 +8.067733526e+02 +8.067733526e+02
769 0 +7.311325194e+02 +7.816225194e+02 +7.816225194e+02
825 0 +6.505522922e+02 +7.010422922e+02 +7.010422922e+02
914 0 +6.436862314e+02 +6.941762314e+02 +6.941762314e+02
929 0 +6.268304872e+02 +6.773204872e+02 +6.773204872e+02
1173 0 +6.139344047e+02 +6.644244047e+02 +6.644244047e+02
1224 0 +5.895721098e+02 +6.400621098e+02 +6.400621098e+02
1457 0 +5.793315978e+02 +6.298215978e+02 +6.298215978e+02
1473 0 +5.558869430e+02 +6.063769430e+02 +6.063769430e+02
1489 0 +5.361949007e+02 +5.866849007e+02 +5.866849007e+02
1537 0 +5.197810802e+02 +5.702710802e+02 +5.702710802e+02
1585 0 +4.984850868e+02 +5.489750868e+02 +5.489750868e+02
1697 0 +4.854703766e+02 +5.359603766e+02 +5.359603766e+02
1713 0 +4.759010469e+02 +5.263910469e+02 +5.263910469e+02
1745 0 +4.631463267e+02 +5.136363267e+02 +5.136363267e+02
1809 0 +4.426551649e+02 +4.931451649e+02 +4.931451649e+02
1841 0 +4.352372852e+02 +4.857272852e+02 +4.857272852e+02
1905 0 +4.254469733e+02 +4.759369733e+02 +4.759369733e+02
1937 0 +4.113677243e+02 +4.618577243e+02 +4.618577243e+02
2017 0 +4.028149398e+02 +4.533049398e+02 +4.533049398e+02
2049 0 +3.962822005e+02 +4.467722005e+02 +4.467722005e+02
2129 0 +3.877688224e+02 +4.382588224e+02 +4.382588224e+02
2193 0 +3.775122863e+02 +4.280022863e+02 +4.280022863e+02
2346 0 +3.710435137e+02 +4.215335137e+02 +4.215335137e+02
2720 0 +3.630654575e+02 +4.135554575e+02 +4.135554575e+02
3361 0 +3.547568595e+02 +4.052468595e+02 +4.052468595e+02
4912 0 +3.466233627e+02 +3.971133627e+02 +3.971133627e+02
% f evaluations | g evaluations | best noise-free fitness - Fopt (-3.641300000000e+02) + sum g_i+ | measured fitness | best measured fitness or single-digit g-values | x1 | x2...
1 0 +1.298454472e+03 +9.343244723e+02 +9.343244723e+02
5 0 +1.221180574e+03 +8.570505744e+02 +8.570505744e+02
7 0 +1.124940569e+03 +7.608105693e+02 +7.608105693e+02
50 0 +1.096204670e+03 +7.320746703e+02 +7.320746703e+02
121 0 +1.049651453e+03 +6.855214529e+02 +6.855214529e+02
188 0 +1.043013479e+03 +6.788834789e+02 +6.788834789e+02
209 0 +1.012595537e+03 +6.484655370e+02 +6.484655370e+02
217 0 +9.925242198e+02 +6.283942198e+02 +6.283942198e+02
225 0 +9.737003553e+02 +6.095703553e+02 +6.095703553e+02
279 0 +9.443375489e+02 +5.802075489e+02 +5.802075489e+02
307 0 +9.139794730e+02 +5.498494730e+02 +5.498494730e+02
341 0 +8.968401984e+02 +5.327101984e+02 +5.327101984e+02
360 0 +8.906178468e+02 +5.264878468e+02 +5.264878468e+02
371 0 +8.611971334e+02 +4.970671334e+02 +4.970671334e+02
403 0 +8.380801640e+02 +4.739501640e+02 +4.739501640e+02
426 0 +7.845511941e+02 +4.204211941e+02 +4.204211941e+02
453 0 +7.605433515e+02 +3.964133515e+02 +3.964133515e+02
628 0 +7.405832212e+02 +3.764532212e+02 +3.764532212e+02
635 0 +6.645267269e+02 +3.003967269e+02 +3.003967269e+02
857 0 +6.163023184e+02 +2.521723184e+02 +2.521723184e+02
975 0 +5.910089398e+02 +2.268789398e+02 +2.268789398e+02
1076 0 +5.821342386e+02 +2.180042386e+02 +2.180042386e+02
1153 0 +5.733642948e+02 +2.092342948e+02 +2.092342948e+02
1239 0 +5.594649137e+02 +1.953349137e+02 +1.953349137e+02
1249 0 +5.444304429e+02 +1.803004429e+02 +1.803004429e+02
1265 0 +5.323290240e+02 +1.681990240e+02 +1.681990240e+02
1313 0 +5.149770369e+02 +1.508470369e+02 +1.508470369e+02
1329 0 +4.852640114e+02 +1.211340114e+02 +1.211340114e+02
1345 0 +4.778566002e+02 +1.137266002e+02 +1.137266002e+02
1585 0 +4.628965355e+02 +9.876653546e+01 +9.876653546e+01
1601 0 +4.480079615e+02 +8.387796152e+01 +8.387796152e+01
1617 0 +4.461667836e+02 +8.203678360e+01 +8.203678360e+01
1681 0 +4.336047315e+02 +6.947473149e+01 +6.947473149e+01
1713 0 +4.265677658e+02 +6.243776583e+01 +6.243776583e+01
1841 0 +4.141255502e+02 +4.999555023e+01 +4.999555023e+01
1857 0 +4.031342837e+02 +3.900428372e+01 +3.900428372e+01
1937 0 +3.977725045e+02 +3.364250450e+01 +3.364250450e+01
2001 0 +3.879319177e+02 +2.380191766e+01 +2.380191766e+01
2081 0 +3.785848327e+02 +1.445483275e+01 +1.445483275e+01
2289 0 +3.685969785e+02 +4.466978482e+00 +4.466978482e+00
2321 0 +3.626013217e+02 -1.528678252e+00 -1.528678252e+00
2481 0 +3.544683168e+02 -9.661683188e+00 -9.661683188e+00
2769 0 +3.465874629e+02 -1.754253710e+01 -1.754253710e+01
6993 0 +3.388383630e+02 -2.529163695e+01 -2.529163695e+01
% f evaluations | g evaluations | best noise-free fitness - Fopt (1.592700000000e+02) + sum g_i+ | measured fitness | best measured fitness or single-digit g-values | x1 | x2...
1 0 +1.972161033e+03 +2.131431033e+03 +2.131431033e+03
4 0 +1.854618348e+03 +2.013888348e+03 +2.013888348e+03
20 0 +1.814219768e+03 +1.973489768e+03 +1.973489768e+03
34 0 +1.750099332e+03 +1.909369332e+03 +1.909369332e+03
56 0 +1.715871513e+03 +1.875141513e+03 +1.875141513e+03
79 0 +1.662790880e+03 +1.822060880e+03 +1.822060880e+03
109 0 +1.571405542e+03 +1.730675542e+03 +1.730675542e+03
138 0 +1.494605212e+03 +1.653875212e+03 +1.653875212e+03
158 0 +1.442720494e+03 +1.601990494e+03 +1.601990494e+03
159 0 +1.386032259e+03 +1.545302259e+03 +1.545302259e+03
163 0 +1.341285711e+03 +1.500555711e+03 +1.500555711e+03
181 0 +1.318022088e+03 +1.477292088e+03 +1.477292088e+03
209 0 +1.282555167e+03 +1.441825167e+03 +1.441825167e+03
231 0 +1.247492873e+03 +1.406762873e+03 +1.406762873e+03
257 0 +1.183444019e+03 +1.342714019e+03 +1.342714019e+03
278 0 +1.164045262e+03 +1.323315262e+03 +1.323315262e+03
299 0 +1.108374506e+03 +1.267644506e+03 +1.267644506e+03
337 0 +1.060770889e+03 +1.220040889e+03 +1.220040889e+03
345 0 +1.012636857e+03 +1.171906857e+03 +1.171906857e+03
421 0 +9.411177770e+02 +1.100387777e+03 +1.100387777e+03
465 0 +9.196243111e+02 +1.078894311e+03 +1.078894311e+03
482 0 +8.840332285e+02 +1.043303229e+03 +1.043303229e+03
492 0 +8.606829960e+02 +1.019952996e+03 +1.019952996e+03
522 0 +7.775569898e+02 +9.368269898e+02 +9.368269898e+02
592 0 +7.751089950e+02 +9.343789950e+02 +9.343789950e+02
599 0 +7.391651303e+02 +8.984351303e+02 +8.984351303e+02
611 0 +6.986078912e+02 +8.578778912e+02 +8.578778912e+02
614 0 +6.673812625e+02 +8.266512625e+02 +8.266512625e+02
621 0 +6.076065770e+02 +7.668765770e+02 +7.668765770e+02
701 0 +5.848137071e+02 +7.440837071e+02 +7.440837071e+02
727 0 +5.703321904e+02 +7.296021904e+02 +7.296021904e+02
786 0 +4.849667440e+02 +6.442367440e+02 +6.442367440e+02
1003 0 +4.761885802e+02 +6.354585802e+02 +6.354585802e+02
1089 0 +4.579759390e+02 +6.172459390e+02 +6.172459390e+02
1114 0 +4.224110133e+02 +5.816810133e+02 +5.816810133e+02
1247 0 +4.137474526e+02 +5.730174526e+02 +5.730174526e+02
1262 0 +4.031568543e+02 +5.624268543e+02 +5.624268543e+02
1498 0 +3.980420690e+02 +5.573120690e+02 +5.573120690e+02
1521 0 +3.715518802e+02 +5.308218802e+02 +5.308218802e+02
1537 0 +3.389413339e+02 +4.982113339e+02 +4.982113339e+02
1569 0 +3.360427772e+02 +4.953127772e+02 +4.953127772e+02
1585 0 +2.850635751e+02 +4.443335751e+02 +4.443335751e+02
1841 0 +2.723445395e+02 +4.316145395e+02 +4.316145395e+02
1857 0 +2.464638207e+02 +4.057338207e+02 +4.057338207e+02
1905 0 +2.336413733e+02 +3.929113733e+02 +3.929113733e+02
1953 0 +2.287579703e+02 +3.880279703e+02 +3.880279703e+02
1969 0 +2.203913934e+02 +3.796613934e+02 +3.796613934e+02
1985 0 +2.109491210e+02 +3.702191210e+02 +3.702191210e+02
2017 0 +2.075961948e+02 +3.668661948e+02 +3.668661948e+02
2033 0 +2.029941252e+02 +3.622641252e+02 +3.622641252e+02
2065 0 +1.944343824e+02 +3.537043824e+02 +3.537043824e+02
2257 0 +1.901548840e+02 +3.494248840e+02 +3.494248840e+02
2289 0 +1.846256979e+02 +3.438956979e+02 +3.438956979e+02
2302 0 +1.816881831e+02 +3.409581831e+02 +3.409581831e+02
2321 0 +1.776949083e+02 +3.369649083e+02 +3.369649083e+02
2353 0 +1.721290368e+02 +3.313990368e+02 +3.313990368e+02
2417 0 +1.693899184e+02 +3.286599184e+02 +3.286599184e+02
2433 0 +1.637167592e+02 +3.229867592e+02 +3.229867592e+02
2481 0 +1.607794322e+02 +3.200494322e+02 +3.200494322e+02
2561 0 +1.571578180e+02 +3.164278180e+02 +3.164278180e+02
2625 0 +1.541836168e+02 +3.134536168e+02 +3.134536168e+02
2657 0 +1.513113210e+02 +3.105813210e+02 +3.105813210e+02
2721 0 +1.475710185e+02 +3.068410185e+02 +3.068410185e+02
2833 0 +1.441568088e+02 +3.034268088e+02 +3.034268088e+02
2881 0 +1.410750044e+02 +3.003450044e+02 +3.003450044e+02
3073 0 +1.379402692e+02 +2.972102692e+02 +2.972102692e+02
3217 0 +1.346216634e+02 +2.938916634e+02 +2.938916634e+02
3361 0 +1.316914561e+02 +2.909614561e+02 +2.909614561e+02
3601 0 +1.287565705e+02 +2.880265705e+02 +2.880265705e+02
3987 0 +1.257627989e+02 +2.850327989e+02 +2.850327989e+02
5629 0 +1.230046481e+02 +2.822746481e+02 +2.822746481e+02
