% f evaluations | g evaluations | best noise-free fitness - Fopt (1.000000000000e+03) + sum g_i+ | measured fitness | best measured fitness or single-digit g-values | x1 | x2...
1 0 +3.071729850e+02 +1.307172985e+03 +1.307172985e+03 +0.0000e+00 +0.0000e+00 +0.0000e+00 +0.0000e+00 +0.0000e+00 +0.0000e+00 +0.0000e+00 +0.0000e+00 +0.0000e+00 +0.0000e+00
2 0 +2.732675834e+02 +1.273267583e+03 +1.273267583e+03 +4.3379e-01 +3.0692e-02 +9.8026e-02 +3.4094e-01 +2.4727e-01 +1.7369e-01 -1.1375e-01 -3.0566e-01 +1.1285e-01 -1.5359e-01
12 0 +2.315592173e+02 +1.231559217e+03 +1.231559217e+03 +3.8544e-01 -1.2668e-02 +3.8994e-02 -1.4341e-01 +1.1827e-01 +9.9129e-02 -1.7380e-01 +6.6754e-02 +1.2123e-01 -1.3191e-01
21 0 +2.088273019e+02 +1.208827302e+03 +1.208827302e+03 +8.0182e-01 +3.9607e-01 +1.2623e-01 +1.3695e-01 +3.2013e-01 +1.2705e-01 -6.0322e-01 +6.7032e-02 -5.8391e-01 -3.8621e-01
25 0 +1.929832208e+02 +1.192983221e+03 +1.192983221e+03 +6.2783e-01 +9.3941e-02 +9.7750e-02 -1.3225e-01 +5.8995e-01 +3.3796e-01 -1.0213e+00 +7.3810e-02 -4.3441e-02 +5.9243e-01
103 0 +1.858092996e+02 +1.185809300e+03 +1.185809300e+03 +8.0331e-01 +5.4828e-01 +2.6363e-01 +6.9014e-02 +1.8427e-01 -1.9732e-01 -7.7766e-01 +1.6148e-01 +2.6475e-01 +1.3809e+00
113 0 +1.817364129e+02 +1.181736413e+03 +1.181736413e+03 +4.5472e-01 +3.1351e-01 +3.6048e-01 +2.3207e-01 -1.2117e-01 -3.5637e-01 -1.5161e+00 +7.4186e-01 +1.0227e-01 +2.1488e+00
137 0 +1.631436989e+02 +1.163143699e+03 +1.163143699e+03 +8.2215e-01 +1.0215e-01 +5.4873e-01 +9.0064e-01 +3.0268e-01 -1.0599e+00 -1.3276e+00 -3.5356e-01 +3.0527e-01 +1.9877e+00
144 0 +1.549723762e+02 +1.154972376e+03 +1.154972376e+03 +7.9850e-01 +4.0665e-01 +3.0703e-01 +5.0225e-01 +3.0704e-01 -8.2524e-01 -1.3021e+00 -9.5194e-02 +2.5908e-01 +1.4210e+00
163 0 +1.439236220e+02 +1.143923622e+03 +1.143923622e+03 +3.0947e-01 +5.2500e-01 +5.5100e-01 +6.0946e-01 +1.0025e+00 -1.4368e+00 -1.7845e+00 -5.5794e-02 +2.2866e-01 +1.6182e+00
223 0 +1.404494327e+02 +1.140449433e+03 +1.140449433e+03 +1.2285e+00 +7.0256e-01 +6.7814e-01 +5.4421e-01 +6.5068e-01 -1.5241e+00 -1.4929e+00 -6.8752e-01 -1.2151e-01 +1.2318e+00
235 0 +1.303602055e+02 +1.130360205e+03 +1.130360205e+03 +8.6927e-01 +5.5030e-01 +8.1986e-01 +5.7493e-01 +9.2584e-01 -1.6725e+00 -1.6368e+00 -3.6306e-01 -6.5159e-03 +1.6058e+00
260 0 +1.172269927e+02 +1.117226993e+03 +1.117226993e+03 +9.6763e-01 +8.8614e-01 +7.9805e-01 +5.7210e-01 +1.0622e+00 -1.7780e+00 -1.8662e+00 -8.4126e-01 +4.0500e-01 +2.4495e+00
587 0 +1.128465741e+02 +1.112846574e+03 +1.112846574e+03 +4.1321e-01 +6.5660e-01 +4.5189e-01 +6.1337e-01 +1.1077e+00 -1.5831e+00 -1.1966e+00 -6.9343e-01 -8.4736e-02 +1.3205e+00
604 0 +1.119358154e+02 +1.111935815e+03 +1.111935815e+03 +4.2419e-01 +6.6583e-01 +4.5157e-01 +6.3893e-01 +1.1033e+00 -1.6476e+00 -1.2216e+00 -7.8758e-01 -8.5751e-02 +1.3671e+00
610 0 +1.083316896e+02 +1.108331690e+03 +1.108331690e+03 +4.2501e-01 +6.5569e-01 +3.9811e-01 +6.0801e-01 +1.0672e+00 -1.6035e+00 -1.1877e+00 -7.1858e-01 -1.0271e-01 +1.3095e+00
639 0 +1.063630459e+02 +1.106363046e+03 +1.106363046e+03 +4.6480e-01 +6.4064e-01 +3.9513e-01 +6.0140e-01 +1.0689e+00 -1.5925e+00 -1.1864e+00 -7.2543e-01 -1.1160e-01 +1.3425e+00
687 0 +1.043668373e+02 +1.104366837e+03 +1.104366837e+03 +4.4959e-01 +6.4253e-01 +4.2017e-01 +6.8923e-01 +1.1387e+00 -1.6353e+00 -1.1608e+00 -7.0588e-01 -8.9542e-02 +1.3909e+00
806 0 +1.022519826e+02 +1.102251983e+03 +1.102251983e+03 +4.7046e-01 +6.4069e-01 +3.8933e-01 +6.1683e-01 +1.0883e+00 -1.6268e+00 -1.1776e+00 -7.2385e-01 -9.2841e-02 +1.3464e+00
839 0 +9.998887139e+01 +1.099988871e+03 +1.099988871e+03 +4.7154e-01 +6.7295e-01 +3.6419e-01 +6.2140e-01 +1.1242e+00 -1.6775e+00 -1.1772e+00 -7.4448e-01 -9.0129e-02 +1.3397e+00
895 0 +9.614848778e+01 +1.096148488e+03 +1.096148488e+03 +5.0638e-01 +6.6756e-01 +3.3129e-01 +5.9593e-01 +1.1148e+00 -1.7037e+00 -1.1797e+00 -7.9336e-01 -2.5697e-02 +1.3454e+00
943 0 +9.525671598e+01 +1.095256716e+03 +1.095256716e+03 +4.9526e-01 +6.5670e-01 +3.5166e-01 +5.9401e-01 +1.1491e+00 -1.6934e+00 -1.1635e+00 -7.6846e-01 -1.0497e-02 +1.3740e+00
965 0 +9.245709348e+01 +1.092457093e+03 +1.092457093e+03 +5.3990e-01 +6.4605e-01 +3.1205e-01 +5.9897e-01 +1.1202e+00 -1.7209e+00 -1.1633e+00 -7.7368e-01 +7.5735e-03 +1.3267e+00
1008 0 +9.070359827e+01 +1.090703598e+03 +1.090703598e+03 +5.3606e-01 +6.4457e-01 +3.2870e-01 +5.5727e-01 +1.1367e+00 -1.7253e+00 -1.1872e+00 -7.8785e-01 +3.6461e-02 +1.3171e+00
1043 0 +8.823899944e+01 +1.088238999e+03 +1.088238999e+03 +5.5959e-01 +6.5151e-01 +2.9648e-01 +5.6015e-01 +1.1424e+00 -1.7564e+00 -1.1637e+00 -7.8901e-01 +3.6936e-02 +1.3072e+00
1167 0 +8.683132677e+01 +1.086831327e+03 +1.086831327e+03 +5.8614e-01 +6.5126e-01 +2.8544e-01 +5.5668e-01 +1.1263e+00 -1.7757e+00 -1.1679e+00 -7.7779e-01 +7.5149e-02 +1.3127e+00
1288 0 +8.499885269e+01 +1.084998853e+03 +1.084998853e+03 +6.1352e-01 +6.4273e-01 +2.7093e-01 +5.3834e-01 +1.1190e+00 -1.7802e+00 -1.1528e+00 -7.6305e-01 +7.9234e-02 +1.2857e+00
1866 0 +8.316692985e+01 +1.083166930e+03 +1.083166930e+03 +5.7057e-01 +6.4567e-01 +3.1963e-01 +5.1070e-01 +1.1433e+00 -1.7794e+00 -1.1365e+00 -7.3484e-01 +9.6879e-02 +1.3218e+00
% f evaluations | g evaluations | best noise-free fitness - Fopt (7.003000000000e+01) + sum g_i+ | measured fitness | best measured fitness or single-digit g-values | x1 | x2...
1 0 +3.532304115e+02 +4.232604115e+02 +4.232604115e+02 +0.0000e+00 +0.0000e+00 +0.0000e+00 +0.0000e+00 +0.0000e+00 +0.0000e+00 +0.0000e+00 +0.0000e+00 +0.0000e+00 +0.0000e+00
2 0 +3.173130954e+02 +3.873430954e+02 +3.873430954e+02 +4.3379e-01 +3.0692e-02 +9.8026e-02 +3.4094e-01 +2.4727e-01 +1.7369e-01 -1.1375e-01 -3.0566e-01 +1.1285e-01 -1.5359e-01
68 0 +3.079628151e+02 +3.779928151e+02 +3.779928151e+02 +5.9989e-01 +1.4816e-01 -6.4226e-01 +2.1293e-01 -8.0141e-01 -1.4622e-01 +3.3958e-01 -5.6124e-02 -2.4344e-01 -1.1641e-02
93 0 +2.932315143e+02 +3.632615143e+02 +3.632615143e+02 +5.4882e-01 +2.1733e-01 -3.3314e-01 +1.7803e-01 -5.4671e-01 -2.2114e-01 +2.5561e-01 +1.3095e-02 +2.2179e-01 -1.2199e-01
124 0 +2.842853235e+02 +3.543153235e+02 +3.543153235e+02 +4.7123e-01 +4.7605e-01 -4.2879e-01 +3.8694e-01 -3.3727e-01 -4.2650e-01 +2.4201e-01 -2.7207e-01 +5.3705e-02 +2.7741e-01
156 0 +2.763790820e+02 +3.464090820e+02 +3.464090820e+02 +5.2081e-02 +2.1220e-01 -5.0456e-01 +4.9835e-01 -3.1297e-01 -6.2068e-01 +4.6609e-01 +1.2453e-01 +1.0495e-02 +4.6962e-01
183 0 +2.683539283e+02 +3.383839283e+02 +3.383839283e+02 -5.9419e-02 +1.6205e-01 -7.2202e-01 +2.4562e-01 -3.9684e-01 -6.0435e-01 +3.7892e-01 -8.3848e-02 -4.6902e-01 +5.6245e-01
233 0 +2.457008466e+02 +3.157308466e+02 +3.157308466e+02 +3.5174e-02 -2.1552e-01 -1.1393e+00 +1.2362e-01 -3.8317e-01 -7.5296e-01 +1.4095e-01 +1.1071e-01 -5.7028e-01 +4.8486e-01
241 0 +2.272842992e+02 +2.973142992e+02 +2.973142992e+02 +5.6242e-02 -1.1990e-02 -7.8931e-01 -2.2709e-01 -1.0089e-01 -7.0827e-01 +1.9600e-01 -2.1079e-01 -9.5252e-03 +6.8005e-02
297 0 +2.169657269e+02 +2.869957269e+02 +2.869957269e+02 -5.3800e-01 -2.9049e-01 -1.1813e+00 -1.8676e-01 -2.1383e-01 -7.5350e-01 +3.8559e-01 -4.3020e-02 -2.6718e-01 +4.1288e-01
309 0 +2.066294073e+02 +2.766594073e+02 +2.766594073e+02 -3.2907e-01 -1.9827e-01 -1.3261e+00 -9.4844e-02 -2.6628e-01 -8.7574e-01 +4.3929e-01 +7.9019e-02 -4.4326e-01 +3.5847e-01
320 0 +1.897094429e+02 +2.597394429e+02 +2.597394429e+02 -3.4469e-01 -2.5695e-01 -1.3650e+00 -1.2208e-01 -3.5014e-01 -8.4105e-01 +3.9163e-01 +1.1515e-01 -4.5823e-01 +3.5102e-01
333 0 +1.783111036e+02 +2.483411036e+02 +2.483411036e+02 -5.4750e-01 -2.3996e-01 -1.4874e+00 -4.0415e-02 -5.0265e-01 -8.2833e-01 +4.7199e-01 +1.8156e-01 -3.1684e-01 +4.8628e-01
390 0 +1.717787283e+02 +2.418087283e+02 +2.418087283e+02 -7.1135e-01 -3.2790e-01 -2.2982e+00 -2.2728e-01 -2.1485e-01 -1.0585e+00 +9.8649e-01 -7.8791e-02 -1.0403e+00 +6.7018e-02
397 0 +1.695717473e+02 +2.396017473e+02 +2.396017473e+02 -7.2213e-01 -4.2881e-01 -2.0786e+00 -2.2849e-01 -4.7642e-01 -9.5145e-01 +9.1181e-01 +1.0580e-01 -9.7617e-01 +2.5454e-01
408 0 +1.648699531e+02 +2.348999531e+02 +2.348999531e+02 -7.9219e-01 -4.6551e-01 -2.1572e+00 -1.9153e-01 -4.9248e-01 -9.4303e-01 +9.2437e-01 +1.6523e-01 -1.0433e+00 +2.8129e-01
432 0 +1.449271024e+02 +2.149571024e+02 +2.149571024e+02 -8.4011e-01 -5.8397e-01 -2.5451e+00 -3.2114e-01 -4.6931e-01 -1.1068e+00 +8.5134e-01 -6.3398e-02 -1.1625e+00 +2.0517e-01
446 0 +1.399871607e+02 +2.100171607e+02 +2.100171607e+02 -9.6584e-01 -7.5830e-01 -2.5455e+00 -2.7948e-01 -4.5835e-01 -1.1833e+00 +9.6282e-01 +8.2701e-02 -1.3670e+00 +3.0664e-01
595 0 +1.361039774e+02 +2.061339774e+02 +2.061339774e+02 -7.7258e-01 -6.5964e-01 -2.5673e+00 -2.3677e-01 -4.0301e-01 -1.2419e+00 +9.0175e-01 +1.9718e-01 -1.4868e+00 +1.7164e-01
604 0 +1.336222914e+02 +2.036522914e+02 +2.036522914e+02 -8.5162e-01 -6.0620e-01 -2.6305e+00 -1.5730e-01 -3.5027e-01 -1.3533e+00 +9.4824e-01 +7.3598e-02 -1.5254e+00 +2.3999e-01
613 0 +1.301389202e+02 +2.001689202e+02 +2.001689202e+02 -8.2949e-01 -6.4756e-01 -2.4244e+00 -2.0226e-01 -3.6862e-01 -1.2716e+00 +9.1575e-01 +2.2386e-01 -1.5145e+00 +2.5620e-01
655 0 +1.279718622e+02 +1.980018622e+02 +1.980018622e+02 -8.1763e-01 -7.0772e-01 -2.5085e+00 -1.8160e-01 -4.4304e-01 -1.2171e+00 +9.6865e-01 +1.9557e-01 -1.5311e+00 +2.7926e-01
675 0 +1.257082127e+02 +1.957382127e+02 +1.957382127e+02 -7.5377e-01 -7.2046e-01 -2.4740e+00 -1.6732e-01 -3.7270e-01 -1.1462e+00 +9.1944e-01 +1.8127e-01 -1.5172e+00 +2.6598e-01
684 0 +1.169449109e+02 +1.869749109e+02 +1.869749109e+02 -8.2233e-01 -6.7226e-01 -2.5150e+00 -2.1448e-01 -3.2448e-01 -1.1695e+00 +9.0994e-01 +9.0449e-02 -1.5064e+00 +2.6259e-01
804 0 +1.145127517e+02 +1.845427517e+02 +1.845427517e+02 -8.6669e-01 -6.7309e-01 -2.5204e+00 -2.3662e-01 -3.3392e-01 -1.2051e+00 +8.8540e-01 +1.1967e-01 -1.5192e+00 +2.8098e-01
870 0 +1.120863880e+02 +1.821163880e+02 +1.821163880e+02 -8.7255e-01 -7.0153e-01 -2.5282e+00 -2.3992e-01 -3.2459e-01 -1.2074e+00 +8.8440e-01 +1.0528e-01 -1.4990e+00 +2.8294e-01
906 0 +1.096367679e+02 +1.796667679e+02 +1.796667679e+02 -8.6632e-01 -7.2870e-01 -2.5222e+00 -2.1354e-01 -3.0629e-01 -1.2044e+00 +8.9446e-01 +9.4147e-02 -1.4801e+00 +3.0545e-01
951 0 +1.068831120e+02 +1.769131120e+02 +1.769131120e+02 -8.7480e-01 -7.2358e-01 -2.5231e+00 -2.1272e-01 -3.1429e-01 -1.1940e+00 +9.0108e-01 +5.3723e-02 -1.4992e+00 +3.2567e-01
1007 0 +1.041955075e+02 +1.742255075e+02 +1.742255075e+02 -8.6766e-01 -7.2865e-01 -2.5166e+00 -1.9630e-01 -3.1810e-01 -1.2080e+00 +9.0269e-01 -2.4253e-03 -1.4706e+00 +3.2605e-01
1085 0 +1.020444865e+02 +1.720744865e+02 +1.720744865e+02 -8.7204e-01 -7.3396e-01 -2.5311e+00 -1.7274e-01 -3.4855e-01 -1.2802e+00 +9.2460e-01 -3.3123e-02 -1.4542e+00 +3.2525e-01
1233 0 +9.994927091e+01 +1.699792709e+02 +1.699792709e+02 -8.6841e-01 -7.6865e-01 -2.5379e+00 -1.4303e-01 -3.8112e-01 -1.2982e+00 +9.6233e-01 -8.6951e-02 -1.4674e+00 +3.3789e-01
% f evaluations | g evaluations | best noise-free fitness - Fopt (-4.822000000000e+01) + sum g_i+ | measured fitness | best measured fitness or single-digit g-values | x1 | x2...
1 0 +6.524062290e+02 +6.041862290e+02 +6.041862290e+02 +0.0000e+00 +0.0000e+00 +0.0000e+00 +0.0000e+00 +0.0000e+00 +0.0000e+00 +0.0000e+00 +0.0000e+00 +0.0000e+00 +0.0000e+00
2 0 +6.516342908e+02 +6.034142908e+02 +6.034142908e+02 +4.3379e-01 +3.0692e-02 +9.8026e-02 +3.4094e-01 +2.4727e-01 +1.7369e-01 -1.1375e-01 -3.0566e-01 +1.1285e-01 -1.5359e-01
3 0 +6.249667447e+02 +5.767467447e+02 +5.767467447e+02 +2.4817e-01 +6.3376e-02 -2.2359e-01 +8.0318e-02 +2.1275e-01 +5.3256e-02 -2.3477e-01 +7.8699e-02 +1.0710e-01 +2.4729e-01
7 0 +5.721342841e+02 +5.239142841e+02 +5.239142841e+02 -2.6321e-01 +2.3560e-01 -2.9494e-01 -4.1433e-02 -2.1060e-01 +1.1878e-01 +8.3286e-02 -6.4943e-01 +2.1039e-01 -1.8282e-01
13 0 +5.402345967e+02 +4.920145967e+02 +4.920145967e+02 +1.0817e-01 +7.2102e-02 +2.1404e-01 +8.2023e-02 -3.2280e-01 -2.6139e-02 -2.7934e-01 -6.1017e-01 -5.3910e-01 +5.0355e-01
14 0 +4.780683988e+02 +4.298483988e+02 +4.298483988e+02 -1.3383e-01 +4.3482e-01 -3.2932e-01 -1.0254e-01 -4.3515e-01 +6.7612e-01 -1.3111e-01 +3.4681e-01 -1.6322e-01 +2.9344e-01
24 0 +4.528327422e+02 +4.046127422e+02 +4.046127422e+02 -5.8098e-02 +4.9253e-01 -4.9273e-01 +1.7383e-01 -5.3767e-01 +7.8873e-01 -1.0748e-01 -5.3431e-01 -4.2908e-02 +4.3135e-01
27 0 +3.641039161e+02 +3.158839161e+02 +3.158839161e+02 -9.9653e-02 +2.4051e-01 -5.4890e-01 +5.8130e-02 -2.6222e-01 +5.3226e-01 +1.1915e-01 -1.7823e-01 -9.4254e-01 +3.7175e-01
52 0 +3.244199760e+02 +2.761999760e+02 +2.761999760e+02 +1.9461e-01 +1.8120e-02 -6.3397e-01 +2.3982e-01 -7.8759e-01 +5.6646e-01 +8.4296e-02 +1.4779e-01 -1.0406e+00 +7.6220e-01
66 0 +3.150992870e+02 +2.668792870e+02 +2.668792870e+02 +1.2337e-02 +3.6185e-01 -8.1028e-01 +4.5246e-01 -1.2550e+00 +9.0762e-01 -4.1030e-01 -3.1465e-01 -5.3946e-01 +5.9043e-01
67 0 +2.971505359e+02 +2.489305359e+02 +2.489305359e+02 +3.6981e-01 +5.5403e-02 -6.3574e-01 +5.2668e-01 -1.0189e+00 +9.2954e-01 -5.8562e-01 -7.8457e-02 -7.3684e-01 +5.2201e-01
68 0 +2.907239975e+02 +2.425039975e+02 +2.425039975e+02 +5.7747e-01 +1.7369e-01 -1.0813e+00 +8.5334e-01 -1.8048e+00 +8.6751e-01 +2.9639e-03 -4.7643e-01 -1.3985e+00 +3.5963e-01
76 0 +2.578592273e+02 +2.096392273e+02 +2.096392273e+02 +6.0307e-01 +6.7292e-02 -8.1701e-01 +7.0552e-01 -1.9092e+00 +1.4304e+00 -6.6130e-01 +3.0446e-02 -1.1628e+00 +7.8276e-01
77 0 +2.402120806e+02 +1.919920806e+02 +1.919920806e+02 +3.6017e-01 +6.3645e-01 -1.1821e+00 +1.0481e+00 -1.4420e+00 +1.2733e+00 -7.3101e-01 -3.5680e-01 -1.5255e+00 +9.3815e-01
84 0 +2.093133260e+02 +1.610933260e+02 +1.610933260e+02 +6.0083e-02 +6.4987e-01 -1.2534e+00 +7.5775e-01 -2.0636e+00 +1.5688e+00 -4.4420e-01 -3.3598e-01 -1.2645e+00 +1.5168e+00
96 0 +1.436699759e+02 +9.544997592e+01 +9.544997592e+01 +1.8825e-01 +2.5155e-01 -1.4240e+00 +8.5474e-01 -2.3896e+00 +2.2047e+00 -9.1806e-01 -5.1061e-02 -2.3324e+00 +1.8678e+00
130 0 +1.375514881e+02 +8.933148808e+01 +8.933148808e+01 -3.4177e-01 +3.1164e-01 -2.3009e+00 +1.4417e+00 -3.5899e+00 +2.1870e+00 -5.6163e-01 +1.7237e+00 -2.0545e+00 +2.9220e+00
139 0 +1.344419809e+02 +8.622198090e+01 +8.622198090e+01 +1.8036e-01 +4.0577e-01 -1.7923e+00 +1.8108e+00 -3.6935e+00 +2.7390e+00 -1.3894e+00 +1.0551e+00 -1.8564e+00 +2.7992e+00
149 0 +1.272581293e+02 +7.903812925e+01 +7.903812925e+01 -2.5745e-01 +1.4545e+00 -2.6013e+00 +2.7299e+00 -4.6582e+00 +2.9385e+00 -7.9454e-01 +8.9931e-01 -3.8218e+00 +3.8795e+00
152 0 +1.144504020e+02 +6.623040204e+01 +6.623040204e+01 -4.2463e-01 -1.1270e-01 -2.1994e+00 +1.8335e+00 -3.7130e+00 +1.7416e+00 -1.3544e+00 +6.2223e-01 -3.1267e+00 +2.6448e+00
164 0 +9.306224153e+01 +4.484224153e+01 +4.484224153e+01 -6.9859e-01 -3.4871e-01 -9.9598e-01 +1.4091e+00 -3.3361e+00 +2.1070e+00 -1.8232e+00 +1.4820e+00 -3.1039e+00 +2.9068e+00
286 0 +7.718504628e+01 +2.896504628e+01 +2.896504628e+01 +1.9544e-01 +4.6970e-02 -2.1599e+00 +1.2181e+00 -3.3973e+00 +2.5482e+00 -1.1571e+00 -8.3509e-02 -3.3472e+00 +2.7216e+00
543 0 +7.184891311e+01 +2.362891311e+01 +2.362891311e+01 -2.8824e-01 +4.0134e-01 -2.8777e+00 +1.4055e+00 -3.7548e+00 +2.6963e+00 -7.9241e-01 +1.0734e-01 -3.2402e+00 +2.9016e+00
622 0 +6.538121303e+01 +1.716121303e+01 +1.716121303e+01 -2.8059e-01 +4.3652e-01 -2.8987e+00 +1.4845e+00 -3.7398e+00 +2.7098e+00 -8.5795e-01 +1.1074e-02 -3.2446e+00 +2.8410e+00
669 0 +6.370228254e+01 +1.548228254e+01 +1.548228254e+01 -3.0742e-01 +3.9654e-01 -2.8869e+00 +1.4373e+00 -3.7202e+00 +2.6974e+00 -8.4816e-01 +4.6402e-02 -3.2543e+00 +2.8728e+00
671 0 +6.199801302e+01 +1.377801302e+01 +1.377801302e+01 -2.8044e-01 +4.0475e-01 -2.8400e+00 +1.4712e+00 -3.6848e+00 +2.7014e+00 -8.6372e-01 +1.1973e-02 -3.1849e+00 +2.7964e+00
683 0 +6.056504605e+01 +1.234504605e+01 +1.234504605e+01 -2.8552e-01 +3.7890e-01 -2.8580e+00 +1.4555e+00 -3.6892e+00 +2.7042e+00 -8.1734e-01 +1.8172e-02 -3.1749e+00 +2.8282e+00
765 0 +6.007111414e+01 +1.185111414e+01 +1.185111414e+01 -2.6448e-01 +3.8678e-01 -2.8749e+00 +1.4206e+00 -3.6622e+00 +2.6834e+00 -8.3387e-01 +3.3567e-02 -3.1876e+00 +2.8137e+00
791 0 +5.830793107e+01 +1.008793107e+01 +1.008793107e+01 -2.9656e-01 +3.9691e-01 -2.8828e+00 +1.4422e+00 -3.7047e+00 +2.6985e+00 -8.3682e-01 +4.6645e-02 -3.1966e+00 +2.8396e+00
832 0 +5.619745813e+01 +7.977458134e+00 +7.977458134e+00 -2.9265e-01 +4.3476e-01 -2.8988e+00 +1.4570e+00 -3.7142e+00 +2.7138e+00 -8.2953e-01 +4.6186e-02 -3.1425e+00 +2.8383e+00
970 0 +5.459781552e+01 +6.377815521e+00 +6.377815521e+00 -2.9591e-01 +4.1621e-01 -2.8964e+00 +1.4475e+00 -3.6999e+00 +2.6947e+00 -8.2446e-01 +5.9798e-02 -3.1203e+00 +2.8179e+00
1048 0 +5.365612053e+01 +5.436120533e+00 +5.436120533e+00 -2.9676e-01 +4.2187e-01 -2.9182e+00 +1.4596e+00 -3.7118e+00 +2.6986e+00 -8.3625e-01 +7.4157e-02 -3.1015e+00 +2.8161e+00
1097 0 +5.239875140e+01 +4.178751402e+00 +4.178751402e+00 -3.0784e-01 +4.4882e-01 -2.9323e+00 +1.4845e+00 -3.7455e+00 +2.6946e+00 -8.4925e-01 +8.9148e-02 -3.0867e+00 +2.8203e+00
1119 0 +5.120211076e+01 +2.982110757e+00 +2.982110757e+00 -3.0737e-01 +4.5021e-01 -2.9154e+00 +1.4794e+00 -3.7246e+00 +2.6823e+00 -8.4100e-01 +7.9777e-02 -3.0661e+00 +2.7996e+00
1155 0 +4.945136183e+01 +1.231361832e+00 +1.231361832e+00 -3.2731e-01 +4.5762e-01 -2.9184e+00 +1.4914e+00 -3.7434e+00 +2.6794e+00 -8.6111e-01 +8.7614e-02 -3.0586e+00 +2.8095e+00
1168 0 +4.850548020e+01 +2.854801959e-01 +2.854801959e-01 -3.3803e-01 +4.5215e-01 -2.9327e+00 +1.4908e+00 -3.7535e+00 +2.6690e+00 -8.6466e-01 +1.0719e-01 -3.0339e+00 +2.7977e+00
1191 0 +4.784686417e+01 -3.731358251e-01 -3.731358251e-01 -3.3221e-01 +4.5411e-01 -2.9164e+00 +1.4898e+00 -3.7519e+00 +2.6656e+00 -8.6570e-01 +9.1738e-02 -3.0293e+00 +2.8016e+00
1206 0 +4.672658240e+01 -1.493417604e+00 -1.493417604e+00 -3.3156e-01 +4.7589e-01 -2.9308e+00 +1.5008e+00 -3.7679e+00 +2.6711e+00 -8.6579e-01 +9.0327e-02 -3.0067e+00 +2.8059e+00
1269 0 +4.561580754e+01 -2.604192458e+00 -2.604192458e+00 -3.3241e-01 +4.7763e-01 -2.9383e+00 +1.5047e+00 -3.7858e+00 +2.6736e+00 -8.8080e-01 +9.7140e-02 -2.9915e+00 +2.8032e+00
1349 0 +4.465439960e+01 -3.565600404e+00 -3.565600404e+00 -3.4413e-01 +4.5707e-01 -2.9346e+00 +1.4928e+00 -3.8005e+00 +2.6758e+00 -8.8567e-01 +9.1655e-02 -2.9706e+00 +2.7957e+00
% f evaluations | g evaluations | best noise-free fitness - Fopt (2.547000000000e+01) + sum g_i+ | measured fitness | best measured fitness or single-digit g-values | x1 | x2...
1 0 +3.185738813e+02 +3.440438813e+02 +3.440438813e+02 +0.0000e+00 +0.0000e+00 +0.0000e+00 +0.0000e+00 +0.0000e+00 +0.0000e+00 +0.0000e+00 +0.0000e+00 +0.0000e+00 +0.0000e+00
4 0 +3.177003647e+02 +3.431703647e+02 +3.431703647e+02 +2.1661e-01 -2.7248e-01 -1.4933e-01 +1.8171e-01 -5.0930e-01 +2.3317e-01 -2.5183e-01 -1.2653e-01 +4.3300e-01 -1.9345e-02
9 0 +3.159555054e+02 +3.414255054e+02 +3.414255054e+02 +3.2075e-01 -8.8256e-02 -1.5931e-01 -1.1698e-01 -2.3584e-01 +6.5800e-02 +8.0156e-02 +3.1223e-01 +4.1734e-01 -8.7755e-02
18 0 +3.025398623e+02 +3.280098623e+02 +3.280098623e+02 -1.5371e-01 -4.7122e-01 -3.1225e-01 -2.5720e-01 -1.9448e-02 +6.7562e-01 +4.9466e-03 -2.9307e-01 +4.0965e-01 -1.1403e-01
30 0 +2.953668829e+02 +3.208368829e+02 +3.208368829e+02 -1.2767e-01 -1.7167e-01 -3.0868e-04 +2.1162e-02 +3.6965e-02 +1.2628e-01 +1.4568e-01 -1.8798e-01 +6.0345e-01 -1.6172e-02
40 0 +2.683603348e+02 +2.938303348e+02 +2.938303348e+02 -2.6678e-01 -6.2337e-01 -3.2670e-02 -9.0895e-02 -4.5119e-01 +5.1173e-01 -4.1631e-02 +2.7268e-01 +4.9095e-01 -1.6942e-01
46 0 +2.599702948e+02 +2.854402948e+02 +2.854402948e+02 +1.4774e-01 -2.5641e-01 +4.6854e-02 -8.3895e-03 -4.7729e-01 +4.6905e-01 +1.1143e-01 +1.2969e-01 +8.6836e-01 -1.2504e-01
49 0 +2.435592968e+02 +2.690292968e+02 +2.690292968e+02 +3.4300e-02 -1.5902e-01 -1.3519e-01 -1.4047e-01 -4.7672e-01 +3.5128e-01 +5.6043e-02 +1.3086e-01 +9.0664e-01 +7.8531e-02
102 0 +2.233114121e+02 +2.487814121e+02 +2.487814121e+02 -2.0348e-01 +8.0688e-03 -3.7933e-01 -2.8202e-01 -9.5516e-01 +4.1803e-01 +1.9285e-01 +4.2457e-02 +1.5030e+00 +3.5076e-01
134 0 +2.069996794e+02 +2.324696794e+02 +2.324696794e+02 -7.2504e-01 -7.6552e-01 -2.1184e-01 -2.6369e-01 -1.0791e+00 +8.9040e-02 +2.5366e-01 +2.3300e-01 +1.4602e+00 +2.3539e-01
168 0 +1.836535616e+02 +2.091235616e+02 +2.091235616e+02 -1.0034e+00 -5.8023e-01 +1.6696e-02 -2.6360e-01 -4.1395e-01 -2.1431e-02 -4.3741e-02 -2.1582e-01 +1.3526e+00 -3.8815e-02
197 0 +1.666341761e+02 +1.921041761e+02 +1.921041761e+02 -1.1708e+00 -8.4930e-01 -1.5478e-01 -5.7295e-01 -1.6633e-01 -3.2636e-01 +2.3135e-01 +2.1867e-01 +1.2654e+00 -1.2750e-01
232 0 +1.614692954e+02 +1.869392954e+02 +1.869392954e+02 -9.7442e-01 -7.5499e-01 +2.4826e-02 -7.4709e-01 -2.3230e-01 -5.3418e-01 +4.1665e-02 +1.6804e-01 +1.3209e+00 +6.9299e-03
245 0 +1.404398789e+02 +1.659098789e+02 +1.659098789e+02 -1.4376e+00 -8.7961e-01 -3.8487e-01 -1.1961e+00 -1.7364e-01 -4.0356e-01 -1.7541e-01 -1.5721e-01 +1.4233e+00 -1.8195e-02
282 0 +1.279413549e+02 +1.534113549e+02 +1.534113549e+02 -2.0008e+00 -1.1769e+00 +6.3846e-02 -1.5706e+00 +2.3721e-01 -1.1617e+00 -1.1502e-01 +2.7245e-02 +1.3294e+00 -1.7653e-01
397 0 +1.220654764e+02 +1.475354764e+02 +1.475354764e+02 -2.2331e+00 -1.0199e+00 -6.4254e-01 -1.5539e+00 +7.3473e-03 -5.4211e-01 +1.9163e-01 -1.2711e-02 +1.1050e+00 -3.0982e-01
406 0 +1.172425296e+02 +1.427125296e+02 +1.427125296e+02 -2.3066e+00 -8.9094e-01 -6.9813e-01 -1.5339e+00 +2.2487e-01 -5.0424e-01 +1.4827e-01 +4.0781e-02 +1.0254e+00 -5.2800e-01
411 0 +1.139253800e+02 +1.393953800e+02 +1.393953800e+02 -2.1861e+00 -1.1440e+00 -5.2154e-01 -1.5960e+00 +2.6448e-01 -7.2633e-01 +1.7566e-02 -1.5054e-01 +1.2484e+00 -5.0481e-01
434 0 +1.086482591e+02 +1.341182591e+02 +1.341182591e+02 -2.7135e+00 -1.4512e+00 -6.3417e-01 -1.8927e+00 +1.0097e-01 -1.0791e+00 +1.3781e-01 +1.9938e-02 +1.5788e+00 -7.0215e-01
441 0 +9.909480996e+01 +1.245648100e+02 +1.245648100e+02 -2.5924e+00 -1.3501e+00 -7.8927e-01 -1.9159e+00 +1.5013e-01 -8.7667e-01 +1.1171e-01 +1.0812e-01 +1.3870e+00 -5.5819e-01
489 0 +9.461334642e+01 +1.200833464e+02 +1.200833464e+02 -3.1933e+00 -1.7238e+00 -7.7122e-01 -2.2681e+00 +5.6743e-01 -1.1326e+00 -4.9175e-03 +1.9720e-01 +1.3591e+00 -9.4898e-01
537 0 +9.001793206e+01 +1.154879321e+02 +1.154879321e+02 -3.1492e+00 -1.9348e+00 -7.3018e-01 -2.0571e+00 +2.0534e-01 -9.3307e-01 +4.3954e-02 +7.1439e-02 +1.6159e+00 -9.6112e-01
546 0 +7.992492893e+01 +1.053949289e+02 +1.053949289e+02 -3.0432e+00 -1.9088e+00 -8.4739e-01 -2.1694e+00 +3.1644e-01 -1.2507e+00 -1.3399e-01 -8.1041e-02 +1.5471e+00 -1.0299e+00
576 0 +7.572947063e+01 +1.011994706e+02 +1.011994706e+02 -2.9731e+00 -1.8640e+00 -8.7829e-01 -2.1762e+00 -5.3108e-02 -1.1811e+00 -9.8409e-02 -7.2093e-02 +1.5122e+00 -9.5240e-01
591 0 +4.581498998e+01 +7.128498998e+01 +7.128498998e+01 -3.0287e+00 -1.9792e+00 -6.6700e-01 -2.0653e+00 +1.8812e-01 -1.0664e+00 -1.3988e-01 +1.9267e-02 +1.6525e+00 -1.0822e+00
854 0 +4.488348636e+01 +7.035348636e+01 +7.035348636e+01 -2.9754e+00 -1.9869e+00 -6.5757e-01 -2.0667e+00 +1.8868e-01 -1.0870e+00 -1.5691e-01 -3.2545e-03 +1.5992e+00 -1.0565e+00
859 0 +4.450103954e+01 +6.997103954e+01 +6.997103954e+01 -2.9773e+00 -1.9885e+00 -6.6065e-01 -2.0598e+00 +1.8111e-01 -1.0960e+00 -1.7398e-01 -1.8897e-02 +1.6159e+00 -1.0624e+00
861 0 +4.313314201e+01 +6.860314201e+01 +6.860314201e+01 -2.9903e+00 -2.0280e+00 -6.5097e-01 -2.0576e+00 +1.3403e-01 -1.0805e+00 -1.7431e-01 -1.0584e-02 +1.6665e+00 -1.0629e+00
889 0 +3.982201377e+01 +6.529201377e+01 +6.529201377e+01 -2.9671e+00 -2.0015e+00 -6.4583e-01 -2.0509e+00 +1.5596e-01 -1.0505e+00 -1.9009e-01 -3.1647e-02 +1.6450e+00 -1.0818e+00
912 0 +3.874288153e+01 +6.421288153e+01 +6.421288153e+01 -2.9896e+00 -1.9837e+00 -6.8362e-01 -2.0368e+00 +1.7108e-01 -1.0359e+00 -1.8601e-01 -4.1015e-02 +1.6324e+00 -1.0913e+00
941 0 +3.777422977e+01 +6.324422977e+01 +6.324422977e+01 -2.9621e+00 -2.0093e+00 -6.4297e-01 -2.0199e+00 +1.5013e-01 -1.0559e+00 -1.7490e-01 -8.3671e-03 +1.6441e+00 -1.0649e+00
951 0 +3.688577666e+01 +6.235577666e+01 +6.235577666e+01 -2.9610e+00 -2.0145e+00 -6.5437e-01 -2.0160e+00 +1.3459e-01 -1.0275e+00 -1.4718e-01 -2.0390e-02 +1.6339e+00 -1.0461e+00
968 0 +3.485857357e+01 +6.032857357e+01 +6.032857357e+01 -2.9507e+00 -1.9801e+00 -6.6368e-01 -1.9813e+00 +1.0810e-01 -9.9757e-01 -1.4741e-01 -3.0338e-03 +1.6468e+00 -1.0613e+00
970 0 +3.449962737e+01 +5.996962737e+01 +5.996962737e+01 -2.9743e+00 -1.9664e+00 -6.5449e-01 -2.0062e+00 +1.1620e-01 -1.0197e+00 -1.5994e-01 -2.8211e-02 +1.6620e+00 -1.0669e+00
982 0 +3.383781138e+01 +5.930781138e+01 +5.930781138e+01 -2.9723e+00 -1.9692e+00 -6.5228e-01 -1.9921e+00 +1.2629e-01 -1.0169e+00 -1.5475e-01 -1.8579e-02 +1.6405e+00 -1.0677e+00
996 0 +3.189381218e+01 +5.736381218e+01 +5.736381218e+01 -2.9809e+00 -1.9870e+00 -6.2544e-01 -1.9828e+00 +1.1079e-01 -9.8943e-01 -1.3641e-01 -1.0722e-02 +1.6445e+00 -1.0360e+00
1013 0 +3.139370173e+01 +5.686370173e+01 +5.686370173e+01 -2.9724e+00 -1.9865e+00 -6.3682e-01 -1.9928e+00 +1.1540e-01 -9.9095e-01 -1.5558e-01 -6.0115e-03 +1.6608e+00 -1.0509e+00
1065 0 +3.041325385e+01 +5.588325385e+01 +5.588325385e+01 -2.9877e+00 -1.9795e+00 -6.3695e-01 -1.9720e+00 +1.1235e-01 -9.7915e-01 -1.6436e-01 -1.4447e-02 +1.6495e+00 -1.0519e+00
1087 0 +2.997033404e+01 +5.544033404e+01 +5.544033404e+01 -2.9803e+00 -1.9982e+00 -6.1517e-01 -1.9637e+00 +1.0451e-01 -9.9174e-01 -1.5802e-01 -2.1305e-02 +1.6653e+00 -1.0458e+00
1138 0 +2.888604862e+01 +5.435604862e+01 +5.435604862e+01 -3.0082e+00 -1.9862e+00 -6.0760e-01 -1.9558e+00 +1.0645e-01 -9.8278e-01 -1.6219e-01 -2.8891e-02 +1.6853e+00 -1.0593e+00
1200 0 +2.882061612e+01 +5.429061612e+01 +5.429061612e+01 -2.9981e+00 -1.9945e+00 -6.1793e-01 -1.9523e+00 +9.2245e-02 -9.7174e-01 -1.6599e-01 -3.8286e-02 +1.6748e+00 -1.0534e+00
1290 0 +2.814569746e+01 +5.361569746e+01 +5.361569746e+01 -2.9998e+00 -1.9930e+00 -6.2139e-01 -1.9493e+00 +1.0757e-01 -9.6917e-01 -1.5193e-01 -3.5875e-02 +1.6717e+00 -1.0613e+00
1460 0 +2.753538570e+01 +5.300538570e+01 +5.300538570e+01 -3.0159e+00 -2.0002e+00 -6.0943e-01 -1.9454e+00 +1.3116e-01 -9.6699e-01 -1.5792e-01 -4.7667e-02 +1.6680e+00 -1.0725e+00
1747 0 +2.691045696e+01 +5.238045696e+01 +5.238045696e+01 -3.0346e+00 -1.9809e+00 -5.9771e-01 -1.9420e+00 +1.6019e-01 -9.6629e-01 -1.5238e-01 -4.9201e-02 +1.6699e+00 -1.0664e+00
% f evaluations | g evaluations | best noise-free fitness - Fopt (-1.008100000000e+02) + sum g_i+ | measured fitness | best measured fitness or single-digit g-values | x1 | x2...
1 0 +1.920731690e+02 +9.126316903e+01 +9.126316903e+01 +0.0000e+00 +0.0000e+00 +0.0000e+00 +0.0000e+00 +0.0000e+00 +0.0000e+00 +0.0000e+00 +0.0000e+00 +0.0000e+00 +0.0000e+00
2 0 +1.873984819e+02 +8.658848192e+01 +8.658848192e+01 +4.3379e-01 +3.0692e-02 +9.8026e-02 +3.4094e-01 +2.4727e-01 +1.7369e-01 -1.1375e-01 -3.0566e-01 +1.1285e-01 -1.5359e-01
3 0 +1.723017779e+02 +7.149177789e+01 +7.149177789e+01 +2.4817e-01 +6.3376e-02 -2.2359e-01 +8.0318e-02 +2.1275e-01 +5.3256e-02 -2.3477e-01 +7.8699e-02 +1.0710e-01 +2.4729e-01
14 0 +1.633780562e+02 +6.256805624e+01 +6.256805624e+01 +7.1293e-02 +4.6113e-01 -2.1537e-01 -6.1841e-02 -1.8195e-01 +5.1147e-01 -1.9402e-01 +3.4879e-01 -4.3560e-02 +1.9447e-01
15 0 +1.610185341e+02 +6.020853407e+01 +6.020853407e+01 +7.2096e-01 -3.0683e-01 +1.2742e-01 -2.5078e-01 -7.4577e-03 +1.8787e-01 +1.3664e-01 +2.5469e-01 +6.2412e-02 +1.0406e-01
16 0 +1.570832942e+02 +5.627329415e+01 +5.627329415e+01 +5.1773e-01 +1.1146e-01 -2.5648e-01 +4.4965e-02 +1.3182e+00 -7.8367e-02 -1.4464e-01 -3.8097e-01 +5.5491e-01 +2.9926e-01
25 0 +1.478332285e+02 +4.702322847e+01 +4.702322847e+01 +4.5539e-01 +2.2543e-01 -8.9440e-02 +7.7253e-03 +6.8292e-01 +5.6974e-01 -4.1211e-01 +2.9182e-01 +1.6503e-01 +4.7716e-01
27 0 +1.271904860e+02 +2.638048597e+01 +2.638048597e+01 +1.7022e-01 +1.7563e-01 -4.9784e-01 -3.6769e-02 +2.0255e-01 +2.2124e-01 +4.6607e-01 +1.0441e-02 -5.8640e-01 +4.2617e-01
39 0 +1.134785785e+02 +1.266857849e+01 +1.266857849e+01 +1.3119e+00 +1.9064e-01 -2.0843e-01 +4.9726e-01 +5.3716e-01 +3.0795e-01 +1.4736e-01 +1.4299e-01 -3.2557e-01 +1.3712e-01
224 0 +1.060323612e+02 +5.222361241e+00 +5.222361241e+00 +9.2142e-01 +5.6840e-01 -5.4572e-01 +2.9243e-01 +5.9218e-01 +1.4588e-01 +5.1963e-01 +3.5202e-01 -1.2489e-01 +1.3538e+00
309 0 +1.018029936e+02 +9.929935931e-01 +9.929935931e-01 +4.6483e-01 +1.8517e-01 -4.9505e-01 -4.1882e-01 +6.3749e-01 -1.0847e-01 +3.8020e-01 -2.3943e-01 -6.1967e-01 +7.1015e-01
320 0 +9.646612949e+01 -4.343870510e+00 -4.343870510e+00 +4.8243e-01 +1.8473e-01 -5.2393e-01 -4.2089e-01 +6.0961e-01 -7.4351e-02 +3.2383e-01 -1.9124e-01 -6.1471e-01 +7.6021e-01
486 0 +9.396364344e+01 -6.846356558e+00 -6.846356558e+00 +3.6415e-01 +2.0734e-01 -5.6966e-01 -3.1904e-01 +6.7186e-01 +3.2716e-02 +2.9938e-01 -1.4749e-01 -5.6909e-01 +6.0199e-01
518 0 +9.227758734e+01 -8.532412657e+00 -8.532412657e+00 +3.4240e-01 +2.0480e-01 -5.8380e-01 -3.6827e-01 +6.8166e-01 -2.6629e-02 +2.8799e-01 -1.1713e-01 -5.8217e-01 +6.3597e-01
521 0 +9.042428374e+01 -1.038571626e+01 -1.038571626e+01 +3.4048e-01 +2.1958e-01 -5.8200e-01 -3.2532e-01 +6.6686e-01 +1.4298e-02 +2.7991e-01 -6.8775e-02 -5.2851e-01 +6.1994e-01
531 0 +8.308557998e+01 -1.772442002e+01 -1.772442002e+01 +2.8168e-01 +2.4988e-01 -6.0228e-01 -3.2715e-01 +6.0219e-01 -2.0278e-02 +2.2658e-01 -3.2386e-02 -4.4774e-01 +6.4201e-01
563 0 +7.853787278e+01 -2.227212722e+01 -2.227212722e+01 +2.2912e-01 +2.3725e-01 -5.2807e-01 -2.8196e-01 +6.3154e-01 -3.2014e-02 +2.5446e-01 +2.7158e-02 -4.9617e-01 +6.3361e-01
578 0 +7.627333520e+01 -2.453666480e+01 -2.453666480e+01 +1.5809e-01 +2.6045e-01 -5.6802e-01 -3.5008e-01 +5.5779e-01 -1.0391e-01 +2.2854e-01 +3.0358e-02 -4.6316e-01 +6.6311e-01
585 0 +7.081764922e+01 -2.999235078e+01 -2.999235078e+01 +2.0671e-01 +2.7412e-01 -5.7492e-01 -2.8311e-01 +5.7509e-01 -2.0805e-02 +2.3245e-01 +1.8667e-02 -4.3526e-01 +6.1725e-01
599 0 +6.982708915e+01 -3.098291085e+01 -3.098291085e+01 +2.0629e-01 +2.9793e-01 -5.1069e-01 -2.6073e-01 +5.9449e-01 -7.4460e-02 +2.2716e-01 +3.9903e-03 -3.8913e-01 +5.8073e-01
617 0 +6.909916795e+01 -3.171083205e+01 -3.171083205e+01 +1.7428e-01 +2.9763e-01 -5.7245e-01 -2.6077e-01 +5.6413e-01 -1.2420e-01 +2.0973e-01 +2.1218e-02 -4.5826e-01 +6.4752e-01
696 0 +6.558387215e+01 -3.522612785e+01 -3.522612785e+01 +2.0008e-01 +2.5527e-01 -5.8657e-01 -2.2184e-01 +6.2332e-01 -1.4242e-01 +2.3383e-01 +1.9294e-02 -4.3804e-01 +6.1698e-01
716 0 +6.397919202e+01 -3.683080798e+01 -3.683080798e+01 +2.0016e-01 +2.6238e-01 -5.7195e-01 -2.2291e-01 +6.0434e-01 -8.8619e-02 +2.1281e-01 +7.8070e-03 -4.4185e-01 +6.1636e-01
798 0 +6.299252429e+01 -3.781747571e+01 -3.781747571e+01 +1.5908e-01 +2.4469e-01 -5.8928e-01 -2.6840e-01 +5.9795e-01 -7.8450e-02 +2.4501e-01 +6.5819e-03 -4.0945e-01 +5.8323e-01
850 0 +6.123531153e+01 -3.957468847e+01 -3.957468847e+01 +2.2010e-01 +2.5050e-01 -5.8192e-01 -2.5102e-01 +5.9706e-01 -8.8995e-02 +2.5799e-01 -1.9291e-02 -3.8309e-01 +5.9915e-01
881 0 +6.025217928e+01 -4.055782072e+01 -4.055782072e+01 +2.1707e-01 +2.3021e-01 -6.0560e-01 -2.5088e-01 +5.8132e-01 -9.4528e-02 +2.5059e-01 -2.1066e-02 -3.7823e-01 +5.8762e-01
1267 0 +5.887786087e+01 -4.193213913e+01 -4.193213913e+01 +2.0966e-01 +2.1290e-01 -6.2023e-01 -2.3520e-01 +5.8364e-01 -7.6432e-02 +2.7623e-01 -4.2962e-02 -3.7214e-01 +5.8185e-01
% f evaluations | g evaluations | best noise-free fitness - Fopt (-3.531300000000e+02) + sum g_i+ | measured fitness | best measured fitness or single-digit g-values | x1 | x2...
1 0 +2.885280905e+02 -6.460190953e+01 -6.460190953e+01 +0.0000e+00 +0.0000e+00 +0.0000e+00 +0.0000e+00 +0.0000e+00 +0.0000e+00 +0.0000e+00 +0.0000e+00 +0.0000e+00 +0.0000e+00
5 0 +2.841148038e+02 -6.901519618e+01 -6.901519618e+01 -9.0564e-02 +8.4424e-02 -2.8183e-02 -1.8777e-01 +7.4957e-02 +6.4105e-01 +2.7589e-01 +1.3137e-01 +7.7185e-02 +2.3934e-01
8 0 +2.780993766e+02 -7.503062342e+01 -7.503062342e+01 +6.0234e-01 +2.6527e-01 +2.8700e-01 -7.0577e-01 +5.2611e-01 +2.0125e-02 -3.9010e-01 +9.9670e-02 +3.8961e-01 -4.6269e-01
9 0 +2.743310791e+02 -7.879892091e+01 -7.879892091e+01 +3.2075e-01 -8.8256e-02 -1.5931e-01 -1.1698e-01 -2.3584e-01 +6.5800e-02 +8.0156e-02 +3.1223e-01 +4.1734e-01 -8.7755e-02
13 0 +2.582332896e+02 -9.489671037e+01 -9.489671037e+01 +2.8986e-01 -2.3395e-02 +3.6264e-01 -1.3016e-01 -2.5594e-01 -1.6539e-01 -3.3945e-01 -4.0022e-01 -4.7266e-01 +5.1456e-01
14 0 +2.291272547e+02 -1.240027453e+02 -1.240027453e+02 +5.5931e-02 +3.3600e-01 -1.8531e-01 -3.4733e-01 -3.7259e-01 +5.3891e-01 -1.8819e-01 +6.0023e-01 -7.2553e-02 +2.9992e-01
27 0 +2.268533623e+02 -1.262766377e+02 -1.262766377e+02 +3.4250e-02 -1.3879e-01 -4.3665e-01 -3.5661e-01 -7.4438e-02 +2.5388e-01 +1.2051e-01 +1.1566e-01 -7.1332e-01 +6.3851e-01
31 0 +2.223052114e+02 -1.308247886e+02 -1.308247886e+02 +1.3185e-01 -3.2916e-01 -5.3698e-02 -5.6159e-02 -3.8744e-01 +2.8158e-01 -3.7479e-03 +6.2837e-01 +2.0670e-01 +6.1927e-01
48 0 +2.020480170e+02 -1.510819830e+02 -1.510819830e+02 +5.8122e-01 -3.4258e-01 -1.3708e-01 -5.1142e-01 -1.6618e-01 -6.2006e-02 -2.3531e-01 +4.2444e-01 +2.5439e-01 +6.2371e-01
49 0 +1.798597108e+02 -1.732702892e+02 -1.732702892e+02 +6.0247e-01 -2.1420e-01 -8.8366e-02 -5.8184e-01 -2.3472e-01 +1.2462e-01 -3.0239e-01 +3.6504e-01 +4.9317e-01 +6.2455e-01
73 0 +1.561169372e+02 -1.970130628e+02 -1.970130628e+02 +1.0486e+00 -6.4190e-01 -9.4840e-02 -5.1768e-01 +1.8060e-02 -2.6429e-01 -6.0247e-01 +7.3731e-01 +6.4409e-01 +1.4333e+00
113 0 +1.423174589e+02 -2.108125411e+02 -2.108125411e+02 +5.6757e-01 -6.9642e-01 -4.0478e-01 -6.4330e-01 -6.2211e-01 +9.0171e-02 -5.2547e-01 +1.6686e+00 +1.6224e-01 +1.9378e+00
114 0 +1.345812420e+02 -2.185487580e+02 -2.185487580e+02 +2.4623e-01 -1.6567e-01 -6.0105e-01 -9.3054e-01 -6.3967e-01 +8.1365e-02 +5.9512e-02 +1.1802e+00 +1.6593e-01 +1.2194e+00
144 0 +1.301116821e+02 -2.230183179e+02 -2.230183179e+02 +7.1028e-01 -7.5324e-01 -7.7558e-01 -6.7564e-01 -9.8457e-01 +6.7858e-02 -2.4391e-01 +1.7805e+00 +3.3683e-01 +1.9991e+00
181 0 +1.223116316e+02 -2.308183684e+02 -2.308183684e+02 +2.6223e-01 -6.4938e-01 -8.3077e-01 -1.0256e+00 -7.7432e-01 -6.6532e-02 -5.7263e-01 +2.0011e+00 +1.0501e-01 +1.9447e+00
193 0 +1.152181732e+02 -2.379118268e+02 -2.379118268e+02 +2.3551e-01 -1.1220e+00 -9.6042e-01 -8.8793e-01 -7.9492e-01 +6.0900e-02 -8.2682e-01 +2.2037e+00 -1.8064e-01 +1.9748e+00
225 0 +1.016752106e+02 -2.514547894e+02 -2.514547894e+02 +1.2443e+00 -7.3973e-01 -1.1317e+00 -6.6491e-01 -1.0523e+00 -1.1257e-01 -1.8060e-01 +2.5486e+00 +3.7779e-01 +2.0189e+00
429 0 +9.783100301e+01 -2.552989970e+02 -2.552989970e+02 +5.2804e-01 -6.0347e-01 -1.2255e+00 -8.6648e-01 -8.7492e-01 +1.9437e-01 -2.2217e-01 +2.2718e+00 +6.8584e-02 +2.0821e+00
431 0 +9.246809074e+01 -2.606619093e+02 -2.606619093e+02 +5.4254e-01 -6.2289e-01 -1.2907e+00 -8.7303e-01 -1.0214e+00 +1.7094e-01 -1.8952e-01 +2.3573e+00 +1.4090e-01 +2.1541e+00
441 0 +8.641623860e+01 -2.667137614e+02 -2.667137614e+02 +5.9765e-01 -5.9050e-01 -1.3092e+00 -9.0060e-01 -1.0098e+00 +2.2028e-01 -2.4203e-01 +2.2718e+00 +8.1653e-02 +2.1124e+00
476 0 +8.297200050e+01 -2.701579995e+02 -2.701579995e+02 +5.6913e-01 -5.9889e-01 -1.3893e+00 -9.0810e-01 -1.0411e+00 +2.3972e-01 -2.8143e-01 +2.3793e+00 +2.3212e-02 +2.1045e+00
508 0 +8.001466062e+01 -2.731153394e+02 -2.731153394e+02 +5.9261e-01 -6.1491e-01 -1.4169e+00 -9.4815e-01 -1.0316e+00 +2.0258e-01 -2.6699e-01 +2.4640e+00 +1.4809e-01 +2.1097e+00
520 0 +7.650258861e+01 -2.766274114e+02 -2.766274114e+02 +5.8991e-01 -6.3784e-01 -1.3963e+00 -9.7570e-01 -1.0355e+00 +2.5014e-01 -2.3478e-01 +2.4376e+00 +2.4825e-01 +2.0622e+00
546 0 +7.190504924e+01 -2.812249508e+02 -2.812249508e+02 +5.3144e-01 -6.2099e-01 -1.3821e+00 -9.6141e-01 -1.0107e+00 +1.3978e-01 -2.8560e-01 +2.3363e+00 +1.2948e-01 +2.0780e+00
586 0 +7.069262929e+01 -2.824373707e+02 -2.824373707e+02 +5.3709e-01 -6.0825e-01 -1.3731e+00 -9.7682e-01 -1.0529e+00 +1.0325e-01 -2.9155e-01 +2.3127e+00 +1.1736e-01 +2.1066e+00
671 0 +6.915273658e+01 -2.839772634e+02 -2.839772634e+02 +5.1709e-01 -5.8454e-01 -1.3832e+00 -9.1028e-01 -1.0219e+00 +1.2556e-01 -3.0593e-01 +2.2856e+00 +7.4608e-02 +2.0808e+00
708 0 +6.745451656e+01 -2.856754834e+02 -2.856754834e+02 +5.5928e-01 -5.8971e-01 -1.4002e+00 -8.9895e-01 -1.0592e+00 +1.5507e-01 -3.0569e-01 +2.2733e+00 +4.7698e-02 +2.1165e+00
731 0 +6.396687204e+01 -2.891631280e+02 -2.891631280e+02 +5.2142e-01 -5.7992e-01 -1.4252e+00 -9.1267e-01 -1.0458e+00 +1.2058e-01 -3.1469e-01 +2.2655e+00 +3.7934e-02 +2.1329e+00
766 0 +6.236310177e+01 -2.907668982e+02 -2.907668982e+02 +4.8547e-01 -5.7011e-01 -1.4428e+00 -9.1976e-01 -1.0407e+00 +1.0835e-01 -3.1379e-01 +2.2648e+00 +3.1326e-02 +2.1374e+00
818 0 +6.013151398e+01 -2.929984860e+02 -2.929984860e+02 +4.9383e-01 -5.8493e-01 -1.4291e+00 -9.1701e-01 -1.0633e+00 +9.4546e-02 -3.2569e-01 +2.2689e+00 +5.6054e-02 +2.1252e+00
881 0 +5.862263997e+01 -2.945073600e+02 -2.945073600e+02 +5.1247e-01 -5.8005e-01 -1.4564e+00 -9.1093e-01 -1.0771e+00 +8.8947e-02 -3.3599e-01 +2.2507e+00 +5.9944e-02 +2.1097e+00
903 0 +5.717948528e+01 -2.959505147e+02 -2.959505147e+02 +5.0624e-01 -5.6782e-01 -1.4640e+00 -9.0265e-01 -1.0843e+00 +8.1126e-02 -3.3172e-01 +2.2355e+00 +5.7127e-02 +2.1120e+00
953 0 +5.621232531e+01 -2.969176747e+02 -2.969176747e+02 +4.9231e-01 -5.6042e-01 -1.4553e+00 -9.0323e-01 -1.0960e+00 +7.0476e-02 -3.2209e-01 +2.2387e+00 +6.6002e-02 +2.1201e+00
985 0 +5.492295063e+01 -2.982070494e+02 -2.982070494e+02 +4.9075e-01 -5.5750e-01 -1.4655e+00 -9.1213e-01 -1.1035e+00 +4.1678e-02 -3.3244e-01 +2.2367e+00 +8.1884e-02 +2.1010e+00
1014 0 +5.370241387e+01 -2.994275861e+02 -2.994275861e+02 +4.7990e-01 -5.4255e-01 -1.5030e+00 -9.0566e-01 -1.1203e+00 +3.1703e-02 -3.3208e-01 +2.2196e+00 +7.3044e-02 +2.0983e+00
1218 0 +5.247691766e+01 -3.006530823e+02 -3.006530823e+02 +4.6426e-01 -5.4254e-01 -1.5068e+00 -9.1880e-01 -1.1490e+00 -9.1578e-03 -3.2564e-01 +2.2285e+00 +8.4194e-02 +2.1139e+00
% f evaluations | g evaluations | best noise-free fitness - Fopt (8.716000000000e+01) + sum g_i+ | measured fitness | best measured fitness or single-digit g-values | x1 | x2...
1 0 +3.272544691e+02 +4.144144691e+02 +4.144144691e+02 +0.0000e+00 +0.0000e+00 +0.0000e+00 +0.0000e+00 +0.0000e+00 +0.0000e+00 +0.0000e+00 +0.0000e+00 +0.0000e+00 +0.0000e+00
3 0 +3.239798802e+02 +4.111398802e+02 +4.111398802e+02 +2.4817e-01 +6.3376e-02 -2.2359e-01 +8.0318e-02 +2.1275e-01 +5.3256e-02 -2.3477e-01 +7.8699e-02 +1.0710e-01 +2.4729e-01
14 0 +2.953840680e+02 +3.825440680e+02 +3.825440680e+02 +1.1236e-01 +4.8763e-01 -2.7226e-01 -8.6693e-02 -3.0734e-01 +5.3750e-01 -2.4296e-01 +4.6538e-01 +2.8886e-02 +2.0734e-01
32 0 +2.830807887e+02 +3.702407887e+02 +3.702407887e+02 +5.6925e-01 -6.7529e-02 -4.9807e-01 -1.2324e-01 +2.1000e-01 +2.1882e-01 -2.7772e-01 +5.8799e-01 -5.2026e-01 -3.1920e-01
39 0 +2.505611704e+02 +3.377211704e+02 +3.377211704e+02 +1.3974e+00 +3.9407e-01 -3.4024e-01 +5.0402e-01 +2.9647e-01 +3.8083e-01 -9.3215e-02 +4.2911e-01 -5.9782e-01 -1.2604e-01
50 0 +2.387845934e+02 +3.259445934e+02 +3.259445934e+02 +1.2523e+00 +4.9068e-01 -3.2423e-01 +3.7776e-01 +4.9369e-01 -1.2726e-02 +8.0838e-02 +6.7858e-01 -3.2052e-01 +4.6825e-01
53 0 +2.324312854e+02 +3.195912854e+02 +3.195912854e+02 +5.4165e-01 +6.1803e-01 -2.9173e-01 +4.3024e-01 -3.8045e-01 -1.3974e-02 -2.5130e-01 +1.8884e-01 -3.3540e-01 -6.4777e-02
62 0 +1.946818261e+02 +2.818418261e+02 +2.818418261e+02 +1.2688e+00 +3.3394e-01 -1.0946e-01 +7.8356e-01 -3.1395e-01 +4.1390e-01 -1.8814e-02 +7.7313e-01 -1.7645e-01 +1.6288e-01
81 0 +1.817739244e+02 +2.689339244e+02 +2.689339244e+02 +1.8080e+00 +9.3427e-01 -3.0069e-01 +9.6489e-01 -4.3808e-01 +1.1184e+00 -1.0767e+00 +1.1242e+00 -5.2752e-01 +6.0871e-01
87 0 +1.640357535e+02 +2.511957535e+02 +2.511957535e+02 +2.1122e+00 +7.2764e-01 -1.0177e+00 +9.3300e-01 -1.3077e-01 +2.0482e-01 -7.8494e-01 +1.7336e+00 -4.2463e-01 +3.5134e-01
119 0 +1.522424127e+02 +2.394024127e+02 +2.394024127e+02 +1.9677e+00 +6.0442e-01 -1.0097e+00 +1.1808e+00 -6.3066e-01 +4.3668e-01 -1.1518e+00 +1.4292e+00 +1.7207e-01 +4.5134e-01
121 0 +1.347215803e+02 +2.218815803e+02 +2.218815803e+02 +2.3235e+00 +1.0470e+00 -1.5504e+00 +1.0763e+00 -9.3912e-01 +5.0625e-01 -2.6178e-01 +1.0795e+00 -5.7736e-01 +5.6268e-01
130 0 +1.176923655e+02 +2.048523655e+02 +2.048523655e+02 +2.1313e+00 +6.0444e-01 -1.6748e+00 +1.2299e+00 -1.2227e+00 +6.4494e-01 -5.5577e-01 +2.6508e+00 -3.0448e-01 +1.1727e+00
216 0 +1.130398053e+02 +2.001998053e+02 +2.001998053e+02 +2.9112e+00 +1.3974e+00 -1.7525e+00 +2.3025e+00 -9.8556e-01 +1.0764e-01 -1.0097e-01 +1.9778e+00 -1.2145e+00 +6.6160e-01
219 0 +1.029534474e+02 +1.901134474e+02 +1.901134474e+02 +2.6026e+00 +1.3398e+00 -1.7452e+00 +1.6708e+00 -1.4956e-01 +4.9424e-01 -6.7195e-01 +2.2637e+00 -1.2050e+00 +1.0353e+00
267 0 +1.005721689e+02 +1.877321689e+02 +1.877321689e+02 +2.5044e+00 +9.7824e-01 -1.8599e+00 +1.8152e+00 -4.7278e-01 +1.2037e-02 -4.2024e-01 +1.8882e+00 -1.4106e+00 +3.9957e-01
268 0 +9.132691127e+01 +1.784869113e+02 +1.784869113e+02 +2.1850e+00 +1.3568e+00 -1.5285e+00 +1.7641e+00 +6.2493e-02 -2.1041e-01 -8.9108e-02 +2.0588e+00 -1.0491e+00 +3.6966e-01
294 0 +7.308199540e+01 +1.602419954e+02 +1.602419954e+02 +1.9630e+00 +8.8045e-01 -1.5207e+00 +1.5192e+00 -4.7294e-02 -4.8132e-02 +2.6984e-01 +1.9409e+00 -1.2298e+00 +6.2893e-01
704 0 +6.912617559e+01 +1.562861756e+02 +1.562861756e+02 +2.5050e+00 +9.7748e-01 -2.2654e+00 +2.0136e+00 -5.1338e-01 +2.1351e-03 +5.2151e-01 +2.5586e+00 -1.2214e+00 +3.2023e-01
731 0 +6.727047491e+01 +1.544304749e+02 +1.544304749e+02 +2.3826e+00 +9.4372e-01 -2.2898e+00 +1.8371e+00 -5.2862e-01 -6.0196e-02 +4.8492e-01 +2.4048e+00 -1.0916e+00 +2.1844e-01
738 0 +6.497949296e+01 +1.521394930e+02 +1.521394930e+02 +2.4200e+00 +9.8025e-01 -2.2222e+00 +1.8919e+00 -5.0684e-01 -1.2870e-02 +4.8506e-01 +2.4876e+00 -1.0598e+00 +2.0646e-01
769 0 +5.865598351e+01 +1.458159835e+02 +1.458159835e+02 +2.3397e+00 +8.9733e-01 -2.2011e+00 +1.8469e+00 -4.8306e-01 +1.5735e-02 +4.3281e-01 +2.4777e+00 -1.1197e+00 +2.7067e-01
792 0 +5.499212906e+01 +1.421521291e+02 +1.421521291e+02 +2.3289e+00 +9.3503e-01 -2.3095e+00 +1.8235e+00 -5.2342e-01 +3.9133e-02 +3.9347e-01 +2.4028e+00 -1.1556e+00 +3.4586e-01
827 0 +5.082637806e+01 +1.379863781e+02 +1.379863781e+02 +2.3185e+00 +8.8825e-01 -2.3334e+00 +1.8006e+00 -5.6313e-01 -5.3084e-02 +4.1025e-01 +2.4690e+00 -1.1465e+00 +3.2477e-01
853 0 +4.956546938e+01 +1.367254694e+02 +1.367254694e+02 +2.3388e+00 +9.0392e-01 -2.3482e+00 +1.8463e+00 -5.4638e-01 +1.9473e-02 +3.5864e-01 +2.4735e+00 -1.1302e+00 +3.0834e-01
857 0 +4.439847965e+01 +1.315584796e+02 +1.315584796e+02 +2.3216e+00 +8.9346e-01 -2.3403e+00 +1.8045e+00 -5.2411e-01 -3.9278e-02 +3.3855e-01 +2.4241e+00 -1.1257e+00 +3.0926e-01
871 0 +3.674203274e+01 +1.239020327e+02 +1.239020327e+02 +2.3847e+00 +8.6276e-01 -2.2535e+00 +1.8628e+00 -5.6198e-01 +4.8185e-02 +3.8773e-01 +2.4543e+00 -1.0964e+00 +3.4249e-01
894 0 +3.555096040e+01 +1.227109604e+02 +1.227109604e+02 +2.2957e+00 +8.5482e-01 -2.3455e+00 +1.7939e+00 -4.8114e-01 +7.7455e-03 +3.0470e-01 +2.4434e+00 -1.1380e+00 +3.7949e-01
906 0 +2.854996157e+01 +1.157099616e+02 +1.157099616e+02 +2.3426e+00 +7.8579e-01 -2.3199e+00 +1.8336e+00 -5.2971e-01 +3.1882e-02 +3.3150e-01 +2.4517e+00 -1.1316e+00 +4.1736e-01
941 0 +2.810704654e+01 +1.152670465e+02 +1.152670465e+02 +2.3304e+00 +8.3020e-01 -2.3182e+00 +1.8566e+00 -5.3369e-01 +2.9752e-02 +3.3814e-01 +2.4683e+00 -1.1275e+00 +4.0661e-01
1012 0 +2.748179744e+01 +1.146417974e+02 +1.146417974e+02 +2.3051e+00 +8.2760e-01 -2.3012e+00 +1.8403e+00 -5.4465e-01 +3.2147e-02 +3.8260e-01 +2.4640e+00 -1.1126e+00 +4.0157e-01
1118 0 +2.641051650e+01 +1.135705165e+02 +1.135705165e+02 +2.3348e+00 +8.3314e-01 -2.3156e+00 +1.8911e+00 -5.3367e-01 +2.1388e-02 +3.7132e-01 +2.4539e+00 -1.1229e+00 +4.1418e-01
1141 0 +2.626065467e+01 +1.134206547e+02 +1.134206547e+02 +2.3124e+00 +8.2246e-01 -2.3160e+00 +1.8703e+00 -5.3318e-01 +1.4939e-02 +3.6496e-01 +2.4496e+00 -1.1153e+00 +4.1930e-01
1172 0 +2.555589211e+01 +1.127158921e+02 +1.127158921e+02 +2.3199e+00 +8.1741e-01 -2.3106e+00 +1.8891e+00 -5.4754e-01 +3.0531e-02 +3.5983e-01 +2.4501e+00 -1.1120e+00 +4.3548e-01
1193 0 +2.496013213e+01 +1.121201321e+02 +1.121201321e+02 +2.3301e+00 +8.1646e-01 -2.3097e+00 +1.8914e+00 -5.5523e-01 +3.3022e-02 +3.5919e-01 +2.4412e+00 -1.1023e+00 +4.1639e-01
1267 0 +2.451886260e+01 +1.116788626e+02 +1.116788626e+02 +2.3380e+00 +8.2211e-01 -2.2979e+00 +1.8893e+00 -5.3416e-01 +2.1977e-02 +3.5559e-01 +2.4572e+00 -1.1011e+00 +4.0998e-01
1395 0 +2.395609640e+01 +1.111160964e+02 +1.111160964e+02 +2.3426e+00 +8.1646e-01 -2.2940e+00 +1.8900e+00 -5.3440e-01 +2.9503e-02 +3.6413e-01 +2.4442e+00 -1.0934e+00 +4.1681e-01
1523 0 +2.339670359e+01 +1.105567036e+02 +1.105567036e+02 +2.3406e+00 +8.1614e-01 -2.2995e+00 +1.9067e+00 -5.2326e-01 +3.8246e-02 +3.6524e-01 +2.4515e+00 -1.0948e+00 +4.1583e-01
2094 0 +2.290534788e+01 +1.100653479e+02 +1.100653479e+02 +2.3516e+00 +8.3575e-01 -2.3174e+00 +1.9542e+00 -5.0077e-01 +2.3468e-02 +3.3489e-01 +2.4462e+00 -1.0760e+00 +3.9601e-01
% f evaluations | g evaluations | best noise-free fitness - Fopt (-3.475000000000e+01) + sum g_i+ | measured fitness | best measured fitness or single-digit g-values | x1 | x2...
1 0 +6.336600325e+02 +5.989100325e+02 +5.989100325e+02 +0.0000e+00 +0.0000e+00 +0.0000e+00 +0.0000e+00 +0.0000e+00 +0.0000e+00 +0.0000e+00 +0.0000e+00 +0.0000e+00 +0.0000e+00
2 0 +5.746971127e+02 +5.399471127e+02 +5.399471127e+02 +4.3379e-01 +3.0692e-02 +9.8026e-02 +3.4094e-01 +2.4727e-01 +1.7369e-01 -1.1375e-01 -3.0566e-01 +1.1285e-01 -1.5359e-01
7 0 +5.486321296e+02 +5.138821296e+02 +5.138821296e+02 -2.6321e-01 +2.3560e-01 -2.9494e-01 -4.1433e-02 -2.1060e-01 +1.1878e-01 +8.3286e-02 -6.4943e-01 +2.1039e-01 -1.8282e-01
13 0 +4.810351154e+02 +4.462851154e+02 +4.462851154e+02 +1.9866e-01 +1.0829e-03 +3.1699e-01 +1.7266e-01 -2.3701e-01 -1.3767e-01 -2.3976e-01 -7.8637e-01 -5.4420e-01 +3.4979e-01
27 0 +4.423094662e+02 +4.075594662e+02 +4.075594662e+02 +6.7919e-03 +1.7114e-01 -4.1912e-01 +4.6819e-02 +9.5643e-02 +1.1608e-01 +2.6527e-01 -2.8839e-01 -9.5862e-01 +4.1913e-01
37 0 +4.230943205e+02 +3.883443205e+02 +3.883443205e+02 +4.7098e-01 +7.2094e-02 -6.5163e-01 -3.4719e-02 +1.0035e-01 -3.0640e-01 +3.3412e-01 -6.5310e-01 -9.6149e-01 +4.3800e-01
68 0 +3.489712938e+02 +3.142212938e+02 +3.142212938e+02 +8.1642e-01 +1.9748e-01 -7.0806e-01 +6.1553e-01 -6.1457e-01 -3.8227e-01 +6.8744e-01 -9.0777e-01 -1.2075e+00 +2.0657e-01
91 0 +3.242785417e+02 +2.895285417e+02 +2.895285417e+02 +1.5620e-01 +9.2531e-01 -8.5650e-01 +1.0627e+00 +1.8919e-01 -3.4461e-01 +1.0560e+00 -8.9614e-01 -7.9350e-01 +7.5085e-01
94 0 +3.220996305e+02 +2.873496305e+02 +2.873496305e+02 +7.7451e-01 +1.0775e+00 -8.6635e-01 +7.5676e-01 -5.7742e-01 -4.3066e-01 +5.1561e-01 -1.3248e+00 -6.9953e-01 +1.2559e+00
102 0 +3.110423186e+02 +2.762923186e+02 +2.762923186e+02 +3.3807e-01 +1.0506e+00 -1.0081e+00 +5.3604e-01 -4.4675e-01 -4.9972e-01 +6.0116e-01 -5.5858e-01 -7.6515e-01 +9.2847e-01
115 0 +2.805915146e+02 +2.458415146e+02 +2.458415146e+02 +3.6156e-01 +1.5178e+00 -7.9016e-01 +1.3119e+00 -6.1047e-01 -5.9984e-01 +6.5775e-01 -3.5179e-01 -1.1735e+00 +1.7788e+00
121 0 +2.626570699e+02 +2.279070699e+02 +2.279070699e+02 +8.2027e-01 +8.3792e-01 -1.5494e+00 +8.9095e-01 -6.7858e-01 -9.9511e-01 +1.0694e+00 -1.0550e+00 -1.3604e+00 +1.2211e+00
124 0 +2.305993993e+02 +1.958493993e+02 +1.958493993e+02 +1.0202e+00 +1.5056e+00 -9.8451e-01 +1.2541e+00 -3.6077e-01 -1.0945e+00 +8.7717e-01 -1.5612e+00 -1.9756e+00 +1.2740e+00
142 0 +2.051987550e+02 +1.704487550e+02 +1.704487550e+02 +1.1776e+00 +1.5940e+00 -1.5870e+00 +9.9198e-01 -9.0065e-01 -1.2182e+00 +1.2103e+00 -1.7694e+00 -2.7638e+00 +1.6795e+00
149 0 +1.445311780e+02 +1.097811780e+02 +1.097811780e+02 +7.3727e-01 +1.8710e+00 -1.5904e+00 +1.8001e+00 -9.1600e-01 -1.5811e+00 +1.4371e+00 -1.9307e+00 -3.1644e+00 +2.4405e+00
159 0 +1.122618031e+02 +7.751180315e+01 +7.751180315e+01 +6.9952e-01 +1.4777e+00 -1.0040e+00 +1.5478e+00 -7.4168e-01 -1.5167e+00 +1.3248e+00 -2.0332e+00 -2.6816e+00 +1.8715e+00
169 0 +9.413667172e+01 +5.938667172e+01 +5.938667172e+01 +1.3308e+00 +2.0343e+00 -1.0205e+00 +2.2338e+00 -1.0112e+00 -2.8142e+00 +2.2276e+00 -3.7573e+00 -3.7955e+00 +3.2105e+00
198 0 +8.400432860e+01 +4.925432860e+01 +4.925432860e+01 +1.0552e+00 +2.0720e+00 -1.9130e+00 +1.9317e+00 -1.1409e+00 -2.9406e+00 +1.5633e+00 -3.4513e+00 -4.2365e+00 +3.7988e+00
492 0 +8.211588465e+01 +4.736588465e+01 +4.736588465e+01 +1.4779e+00 +2.0471e+00 -2.7494e+00 +2.6097e+00 -9.7172e-01 -2.4631e+00 +2.1423e+00 -3.1534e+00 -4.4989e+00 +3.1982e+00
515 0 +7.458496617e+01 +3.983496617e+01 +3.983496617e+01 +1.4778e+00 +2.2029e+00 -2.6575e+00 +2.7229e+00 -9.1313e-01 -2.7088e+00 +2.3411e+00 -3.1083e+00 -4.4768e+00 +3.3807e+00
579 0 +6.726495363e+01 +3.251495363e+01 +3.251495363e+01 +1.3894e+00 +1.9467e+00 -2.5972e+00 +2.3985e+00 -8.3541e-01 -2.3699e+00 +1.9476e+00 -2.9391e+00 -4.1906e+00 +3.0769e+00
629 0 +6.352167293e+01 +2.877167293e+01 +2.877167293e+01 +1.5034e+00 +1.9996e+00 -2.4480e+00 +2.4139e+00 -8.0719e-01 -2.4172e+00 +1.9235e+00 -2.9286e+00 -4.1289e+00 +3.0732e+00
634 0 +6.031076836e+01 +2.556076836e+01 +2.556076836e+01 +1.4539e+00 +2.0012e+00 -2.3265e+00 +2.4689e+00 -8.1177e-01 -2.4264e+00 +1.9552e+00 -2.9393e+00 -4.1173e+00 +3.0173e+00
703 0 +5.999941019e+01 +2.524941019e+01 +2.524941019e+01 +1.4914e+00 +2.0896e+00 -2.4182e+00 +2.5238e+00 -8.3028e-01 -2.3231e+00 +1.9817e+00 -2.9131e+00 -4.1770e+00 +3.0651e+00
744 0 +5.744706199e+01 +2.269706199e+01 +2.269706199e+01 +1.4962e+00 +2.1033e+00 -2.4618e+00 +2.4898e+00 -8.8408e-01 -2.3825e+00 +2.0401e+00 -2.9243e+00 -4.1749e+00 +3.1302e+00
747 0 +5.283380181e+01 +1.808380181e+01 +1.808380181e+01 +1.5119e+00 +2.0465e+00 -2.3773e+00 +2.4885e+00 -8.7330e-01 -2.3334e+00 +2.0039e+00 -2.8778e+00 -4.1442e+00 +3.0625e+00
780 0 +4.826897849e+01 +1.351897849e+01 +1.351897849e+01 +1.4586e+00 +2.0784e+00 -2.4140e+00 +2.4558e+00 -8.4074e-01 -2.3016e+00 +1.9581e+00 -2.8680e+00 -4.1720e+00 +3.0730e+00
784 0 +4.764318333e+01 +1.289318333e+01 +1.289318333e+01 +1.4921e+00 +2.1080e+00 -2.3796e+00 +2.5091e+00 -8.6673e-01 -2.3459e+00 +2.0104e+00 -2.8456e+00 -4.1204e+00 +3.0897e+00
793 0 +4.649109396e+01 +1.174109396e+01 +1.174109396e+01 +1.4675e+00 +2.0854e+00 -2.4149e+00 +2.4789e+00 -8.6733e-01 -2.3302e+00 +1.9800e+00 -2.8795e+00 -4.1694e+00 +3.0805e+00
807 0 +4.547123045e+01 +1.072123045e+01 +1.072123045e+01 +1.4359e+00 +2.0712e+00 -2.4328e+00 +2.4331e+00 -8.3199e-01 -2.3493e+00 +1.9716e+00 -2.8948e+00 -4.1274e+00 +3.1037e+00
822 0 +4.372061999e+01 +8.970619992e+00 +8.970619992e+00 +1.4606e+00 +2.1098e+00 -2.4040e+00 +2.4875e+00 -8.5523e-01 -2.3422e+00 +1.9804e+00 -2.8758e+00 -4.1989e+00 +3.1357e+00
829 0 +4.312697689e+01 +8.376976893e+00 +8.376976893e+00 +1.4504e+00 +2.1322e+00 -2.4298e+00 +2.4860e+00 -8.8190e-01 -2.3107e+00 +1.9578e+00 -2.8448e+00 -4.1780e+00 +3.1127e+00
837 0 +4.211174407e+01 +7.361744071e+00 +7.361744071e+00 +1.4556e+00 +2.1040e+00 -2.4324e+00 +2.4719e+00 -8.6238e-01 -2.3316e+00 +1.9677e+00 -2.8660e+00 -4.1438e+00 +3.1081e+00
856 0 +4.050669559e+01 +5.756695589e+00 +5.756695589e+00 +1.4592e+00 +2.0851e+00 -2.4498e+00 +2.4554e+00 -8.9089e-01 -2.3299e+00 +1.9437e+00 -2.8906e+00 -4.1673e+00 +3.1086e+00
884 0 +3.748199890e+01 +2.731998900e+00 +2.731998900e+00 +1.4658e+00 +2.1160e+00 -2.4328e+00 +2.4542e+00 -8.7548e-01 -2.3265e+00 +1.9442e+00 -2.8594e+00 -4.1437e+00 +3.1250e+00
918 0 +3.605694140e+01 +1.306941397e+00 +1.306941397e+00 +1.4690e+00 +2.1136e+00 -2.4356e+00 +2.4441e+00 -8.8530e-01 -2.3189e+00 +1.9367e+00 -2.8727e+00 -4.1343e+00 +3.1385e+00
933 0 +3.535620776e+01 +6.062077591e-01 +6.062077591e-01 +1.4563e+00 +2.1341e+00 -2.4288e+00 +2.4522e+00 -8.9904e-01 -2.3377e+00 +1.9401e+00 -2.8863e+00 -4.1511e+00 +3.1513e+00
958 0 +3.383949615e+01 -9.105038500e-01 -9.105038500e-01 +1.4574e+00 +2.1302e+00 -2.4345e+00 +2.4438e+00 -8.6190e-01 -2.3542e+00 +1.9386e+00 -2.9015e+00 -4.1102e+00 +3.1553e+00
1002 0 +3.273356637e+01 -2.016433630e+00 -2.016433630e+00 +1.4587e+00 +2.1343e+00 -2.4333e+00 +2.4440e+00 -8.8140e-01 -2.3528e+00 +1.9341e+00 -2.9187e+00 -4.1086e+00 +3.1590e+00
1013 0 +3.204231431e+01 -2.707685693e+00 -2.707685693e+00 +1.4532e+00 +2.1257e+00 -2.4427e+00 +2.4370e+00 -8.8527e-01 -2.3534e+00 +1.9332e+00 -2.9193e+00 -4.0985e+00 +3.1612e+00
1069 0 +3.135465736e+01 -3.395342641e+00 -3.395342641e+00 +1.4428e+00 +2.1407e+00 -2.4549e+00 +2.4405e+00 -8.9497e-01 -2.3515e+00 +1.9236e+00 -2.9282e+00 -4.0970e+00 +3.1739e+00
1135 0 +3.081280333e+01 -3.937196667e+00 -3.937196667e+00 +1.4484e+00 +2.1394e+00 -2.4699e+00 +2.4320e+00 -9.1729e-01 -2.3491e+00 +1.9097e+00 -2.9312e+00 -4.0789e+00 +3.1794e+00
1179 0 +3.016166327e+01 -4.588336733e+00 -4.588336733e+00 +1.4316e+00 +2.1355e+00 -2.4809e+00 +2.4287e+00 -9.0633e-01 -2.3356e+00 +1.9222e+00 -2.9344e+00 -4.0882e+00 +3.1827e+00
1393 0 +2.949364791e+01 -5.256352093e+00 -5.256352093e+00 +1.4333e+00 +2.1471e+00 -2.4818e+00 +2.4166e+00 -9.1848e-01 -2.3283e+00 +1.9202e+00 -2.9361e+00 -4.0693e+00 +3.1865e+00
% f evaluations | g evaluations | best noise-free fitness - Fopt (-1.000000000000e+03) + sum g_i+ | measured fitness | best measured fitness or single-digit g-values | x1 | x2...
1 0 +3.064735575e+02 -6.935264425e+02 -6.935264425e+02 +0.0000e+00 +0.0000e+00 +0.0000e+00 +0.0000e+00 +0.0000e+00 +0.0000e+00 +0.0000e+00 +0.0000e+00 +0.0000e+00 +0.0000e+00
4 0 +2.809377434e+02 -7.190622566e+02 -7.190622566e+02 +2.1661e-01 -2.7248e-01 -1.4933e-01 +1.8171e-01 -5.0930e-01 +2.3317e-01 -2.5183e-01 -1.2653e-01 +4.3300e-01 -1.9345e-02
6 0 +2.299573711e+02 -7.700426289e+02 -7.700426289e+02 +1.8723e-01 -2.5702e-01 +1.5212e-01 +1.5671e-02 +5.1476e-01 -6.3323e-02 +3.7553e-01 -3.4671e-01 +9.3874e-02 -2.1343e-01
104 0 +2.176724824e+02 -7.823275176e+02 -7.823275176e+02 +1.2757e-01 -4.1550e-01 +7.1428e-03 -3.3194e-01 -7.2106e-01 +3.5222e-01 +3.2286e-01 +3.3101e-01 +5.8479e-01 -1.9067e-01
164 0 +2.006966928e+02 -7.993033072e+02 -7.993033072e+02 -6.8580e-02 -6.7768e-01 +4.4744e-01 -4.9258e-01 -5.4918e-01 +1.4932e-01 +8.2936e-02 +8.1892e-01 +4.1493e-01 +8.2104e-02
174 0 +1.936558734e+02 -8.063441266e+02 -8.063441266e+02 -3.9098e-01 -8.0826e-01 +4.5457e-02 -4.8218e-01 -5.0257e-01 +3.0263e-02 +5.6678e-01 +8.4607e-01 +4.8141e-01 -1.4696e-01
226 0 +1.832866476e+02 -8.167133524e+02 -8.167133524e+02 -5.6273e-01 -5.1992e-01 +2.4893e-01 -5.7064e-01 -2.6418e-01 -9.0313e-02 +8.0097e-01 +9.3448e-01 +7.7407e-01 -3.4173e-01
231 0 +1.721351135e+02 -8.278648865e+02 -8.278648865e+02 -1.8159e-01 -6.9565e-01 +9.3202e-02 -7.0050e-01 -4.3243e-01 -5.9793e-02 +7.2606e-01 +9.4821e-01 +9.0435e-01 +2.9222e-02
306 0 +1.696425200e+02 -8.303574800e+02 -8.303574800e+02 -1.1659e-02 -5.6869e-01 +9.5324e-02 -7.1446e-01 -3.1811e-01 +5.4194e-04 +8.5802e-01 +7.7014e-01 +1.1409e+00 -1.3607e-01
307 0 +1.644989695e+02 -8.355010305e+02 -8.355010305e+02 -5.2709e-01 -6.6327e-01 -1.1150e-01 -8.7931e-01 -2.9332e-01 -2.3517e-01 +6.2555e-01 +1.0832e+00 +7.4139e-01 -1.5988e-01
452 0 +1.620419023e+02 -8.379580977e+02 -8.379580977e+02 -2.1436e-01 -7.2350e-01 -2.2371e-01 -7.1254e-01 -4.5162e-01 -1.5076e-01 +8.3027e-01 +9.0389e-01 +1.1293e+00 -9.9762e-02
453 0 +1.495561642e+02 -8.504438358e+02 -8.504438358e+02 -1.3659e-01 -7.5518e-01 -9.1756e-02 -6.9272e-01 -3.5411e-01 -1.7266e-01 +7.5721e-01 +8.9675e-01 +1.1718e+00 -8.5172e-02
624 0 +1.471785628e+02 -8.528214372e+02 -8.528214372e+02 -8.9587e-02 -7.1055e-01 -4.5492e-02 -6.7856e-01 -4.5021e-01 -1.6458e-01 +8.5701e-01 +8.6184e-01 +1.1481e+00 -1.5933e-01
629 0 +1.440535473e+02 -8.559464527e+02 -8.559464527e+02 -9.2185e-02 -6.9936e-01 -8.3394e-02 -7.0601e-01 -4.0707e-01 -1.6876e-01 +7.8960e-01 +8.9048e-01 +1.1798e+00 -7.8011e-02
675 0 +1.412021702e+02 -8.587978298e+02 -8.587978298e+02 -7.5508e-02 -7.3084e-01 +4.9166e-03 -6.5556e-01 -4.4717e-01 -8.5577e-02 +8.4287e-01 +8.5282e-01 +1.1855e+00 -8.7939e-02
705 0 +1.370644980e+02 -8.629355020e+02 -8.629355020e+02 -8.2781e-02 -6.8332e-01 +1.6311e-02 -6.8504e-01 -4.5470e-01 -4.9902e-02 +8.1384e-01 +8.7108e-01 +1.1837e+00 -5.8175e-02
731 0 +1.343298907e+02 -8.656701093e+02 -8.656701093e+02 -1.2097e-01 -7.0353e-01 -4.0127e-02 -7.3611e-01 -4.8415e-01 -8.7524e-02 +8.3932e-01 +8.7199e-01 +1.1441e+00 -7.4951e-02
822 0 +1.312327112e+02 -8.687672888e+02 -8.687672888e+02 -1.2675e-01 -7.0349e-01 -1.4254e-02 -7.6679e-01 -4.9424e-01 -7.3813e-02 +8.0451e-01 +9.1031e-01 +1.1157e+00 -2.3223e-02
1017 0 +1.286981066e+02 -8.713018934e+02 -8.713018934e+02 -8.4118e-02 -7.1082e-01 -1.1898e-02 -7.8515e-01 -5.3223e-01 -4.8770e-02 +8.4971e-01 +8.8493e-01 +1.1344e+00 -2.3274e-02
% f evaluations | g evaluations | best noise-free fitness - Fopt (-9.247000000000e+01) + sum g_i+ | measured fitness | best measured fitness or single-digit g-values | x1 | x2...
1 0 +3.754195373e+02 +2.829495373e+02 +2.829495373e+02 +0.0000e+00 +0.0000e+00 +0.0000e+00 +0.0000e+00 +0.0000e+00 +0.0000e+00 +0.0000e+00 +0.0000e+00 +0.0000e+00 +0.0000e+00
2 0 +3.499685863e+02 +2.574985863e+02 +2.574985863e+02 +4.3379e-01 +3.0692e-02 +9.8026e-02 +3.4094e-01 +2.4727e-01 +1.7369e-01 -1.1375e-01 -3.0566e-01 +1.1285e-01 -1.5359e-01
8 0 +3.137696325e+02 +2.212996325e+02 +2.212996325e+02 +6.0234e-01 +2.6527e-01 +2.8700e-01 -7.0577e-01 +5.2611e-01 +2.0125e-02 -3.9010e-01 +9.9670e-02 +3.8961e-01 -4.6269e-01
9 0 +3.023264034e+02 +2.098564034e+02 +2.098564034e+02 +3.2075e-01 -8.8256e-02 -1.5931e-01 -1.1698e-01 -2.3584e-01 +6.5800e-02 +8.0156e-02 +3.1223e-01 +4.1734e-01 -8.7755e-02
15 0 +2.991985154e+02 +2.067285154e+02 +2.067285154e+02 +6.8831e-01 -3.8139e-01 +1.5249e-01 -4.4522e-01 -2.7194e-01 +1.4658e-01 +1.0209e-01 +2.9782e-01 +4.7607e-02 +4.4095e-02
30 0 +2.848037779e+02 +1.923337779e+02 +1.923337779e+02 +1.8928e-01 -9.8551e-02 +1.5301e-01 -2.0468e-01 +3.9318e-02 -1.5913e-01 -3.6545e-02 -2.9639e-01 +5.6967e-01 -9.4171e-02
41 0 +2.515197870e+02 +1.590497870e+02 +1.590497870e+02 +9.9020e-01 +2.6029e-02 +2.5330e-01 -2.0537e-01 -2.1424e-01 -3.3830e-01 -7.8588e-02 -4.0759e-01 +6.3336e-01 +1.9999e-01
46 0 +2.147168154e+02 +1.222468154e+02 +1.222468154e+02 +9.9506e-01 -3.0956e-01 +4.5428e-01 -2.3506e-01 -3.2870e-01 +2.2755e-02 +7.4031e-02 -1.9815e-01 +1.1225e+00 -2.4767e-01
73 0 +2.097529405e+02 +1.172829405e+02 +1.172829405e+02 +1.4272e+00 -3.4309e-01 +6.0948e-01 -3.6409e-01 -1.9923e-01 -6.1428e-01 +1.3034e-01 +1.3194e-01 +1.4560e+00 +6.9530e-01
74 0 +1.973623774e+02 +1.048923774e+02 +1.048923774e+02 +1.7083e+00 +2.8976e-01 +7.5846e-02 -6.3756e-01 -9.8021e-01 -9.0373e-02 +2.5751e-01 +2.4046e-01 +9.5301e-01 +6.4436e-01
80 0 +1.769387723e+02 +8.446877234e+01 +8.446877234e+01 +1.8152e+00 -9.8210e-02 +3.2927e-01 -7.5957e-01 -1.0223e+00 -3.3643e-01 +7.1561e-01 +9.1074e-02 +1.4595e+00 +6.2618e-01
85 0 +1.632643906e+02 +7.079439061e+01 +7.079439061e+01 +1.6948e+00 -3.7559e-01 +7.5042e-01 -5.8220e-01 -7.1949e-01 -4.5741e-01 +1.2274e-02 -1.0634e-01 +1.4460e+00 +7.5617e-01
94 0 +1.594009395e+02 +6.693093951e+01 +6.693093951e+01 +2.0128e+00 +2.8374e-01 +2.1121e-01 -2.5213e-01 -1.1860e+00 -2.2822e-01 +4.6514e-01 -8.4800e-01 +2.0971e+00 +1.1180e+00
129 0 +1.513523375e+02 +5.888233754e+01 +5.888233754e+01 +2.2879e+00 -5.9026e-02 +2.0951e-01 -4.6028e-01 -9.1768e-01 -9.2403e-01 +1.6365e-01 -5.3897e-01 +1.4500e+00 +7.1962e-01
132 0 +1.296299811e+02 +3.715998106e+01 +3.715998106e+01 +2.3205e+00 -4.7258e-02 +2.8088e-01 -3.5840e-01 -1.1806e+00 -1.1350e+00 +1.6505e-01 -2.3406e-01 +1.9171e+00 +6.8015e-01
188 0 +1.240008641e+02 +3.153086409e+01 +3.153086409e+01 +1.9961e+00 -2.8469e-01 +7.9401e-01 -5.5070e-01 -4.0186e-01 -1.3614e+00 +2.8797e-01 +1.5132e-01 +1.7694e+00 +4.5360e-01
189 0 +1.212003206e+02 +2.873032058e+01 +2.873032058e+01 +2.2021e+00 -6.4106e-02 +8.9915e-01 -3.9212e-01 -4.4322e-01 -1.3426e+00 +4.4152e-01 +5.6106e-02 +2.3283e+00 +3.7253e-01
214 0 +8.808009962e+01 -4.389900379e+00 -4.389900379e+00 +2.3241e+00 -4.0333e-01 +1.0286e+00 -5.2873e-01 -5.8463e-01 -1.4454e+00 +3.2254e-01 +5.1286e-01 +2.1895e+00 +4.9124e-01
555 0 +8.627894454e+01 -6.191055459e+00 -6.191055459e+00 +3.0506e+00 -6.5530e-01 +6.4518e-01 -3.5515e-01 -8.7289e-01 -1.4303e+00 +9.6181e-01 +4.7994e-01 +2.7150e+00 +8.4307e-01
573 0 +8.442197503e+01 -8.048024971e+00 -8.048024971e+00 +2.9820e+00 -7.3486e-01 +6.9891e-01 -3.8724e-01 -8.7022e-01 -1.5348e+00 +1.0231e+00 +4.6396e-01 +2.7360e+00 +8.4401e-01
585 0 +7.764012361e+01 -1.482987639e+01 -1.482987639e+01 +2.9396e+00 -6.9174e-01 +7.4122e-01 -3.2316e-01 -8.6555e-01 -1.4690e+00 +1.0665e+00 +4.7043e-01 +2.7594e+00 +8.0026e-01
593 0 +7.630792454e+01 -1.616207546e+01 -1.616207546e+01 +2.8490e+00 -6.9391e-01 +7.3729e-01 -3.1417e-01 -8.8025e-01 -1.5106e+00 +9.7307e-01 +4.4028e-01 +2.7011e+00 +8.1016e-01
610 0 +6.350178059e+01 -2.896821941e+01 -2.896821941e+01 +2.9100e+00 -6.9043e-01 +6.6177e-01 -3.3540e-01 -8.7637e-01 -1.4859e+00 +1.1082e+00 +4.6193e-01 +2.6741e+00 +8.3445e-01
661 0 +5.885842772e+01 -3.361157228e+01 -3.361157228e+01 +2.9205e+00 -6.9229e-01 +6.9518e-01 -3.0633e-01 -9.4143e-01 -1.4038e+00 +1.0984e+00 +4.7913e-01 +2.6345e+00 +8.6428e-01
826 0 +5.752123534e+01 -3.494876466e+01 -3.494876466e+01 +2.8997e+00 -6.8001e-01 +7.1617e-01 -3.0062e-01 -9.0337e-01 -1.4243e+00 +1.0893e+00 +4.9353e-01 +2.6228e+00 +8.3907e-01
901 0 +5.622463202e+01 -3.624536798e+01 -3.624536798e+01 +2.9022e+00 -6.8211e-01 +6.9464e-01 -2.8992e-01 -9.3056e-01 -1.4108e+00 +1.1019e+00 +4.9589e-01 +2.6303e+00 +8.4294e-01
1463 0 +5.494230092e+01 -3.752769908e+01 -3.752769908e+01 +2.8779e+00 -6.9330e-01 +7.0243e-01 -2.6894e-01 -9.3204e-01 -1.4126e+00 +1.1367e+00 +4.9711e-01 +2.6432e+00 +8.2223e-01
% f evaluations | g evaluations | best noise-free fitness - Fopt (-2.153000000000e+02) + sum g_i+ | measured fitness | best measured fitness or single-digit g-values | x1 | x2...
1 0 +5.117247593e+02 +2.964247593e+02 +2.964247593e+02 +0.0000e+00 +0.0000e+00 +0.0000e+00 +0.0000e+00 +0.0000e+00 +0.0000e+00 +0.0000e+00 +0.0000e+00 +0.0000e+00 +0.0000e+00
2 0 +5.100289276e+02 +2.947289276e+02 +2.947289276e+02 +4.3379e-01 +3.0692e-02 +9.8026e-02 +3.4094e-01 +2.4727e-01 +1.7369e-01 -1.1375e-01 -3.0566e-01 +1.1285e-01 -1.5359e-01
3 0 +4.930418909e+02 +2.777418909e+02 +2.777418909e+02 +2.4817e-01 +6.3376e-02 -2.2359e-01 +8.0318e-02 +2.1275e-01 +5.3256e-02 -2.3477e-01 +7.8699e-02 +1.0710e-01 +2.4729e-01
6 0 +4.561294567e+02 +2.408294567e+02 +2.408294567e+02 +1.8723e-01 -2.5702e-01 +1.5212e-01 +1.5671e-02 +5.1476e-01 -6.3323e-02 +3.7553e-01 -3.4671e-01 +9.3874e-02 -2.1343e-01
16 0 +3.620074301e+02 +1.467074301e+02 +1.467074301e+02 +4.2601e-01 +6.8668e-02 -2.4282e-01 -5.9402e-02 +1.2355e+00 -1.8514e-01 -1.0867e-01 -4.7938e-01 +5.6925e-01 +3.1513e-01
30 0 +3.282360328e+02 +1.129360328e+02 +1.129360328e+02 -3.0360e-02 -1.8782e-01 +5.2616e-02 -1.4446e-01 +5.1939e-01 -3.8073e-01 -1.5066e-01 -6.9780e-01 +5.8936e-01 +1.5356e-01
71 0 +3.100899657e+02 +9.478996569e+01 +9.478996569e+01 +5.5545e-02 -2.8310e-01 -2.5992e-01 -2.9739e-01 +4.3723e-01 -2.6981e-01 -9.5948e-01 -5.2954e-01 +7.2949e-01 +7.3383e-01
75 0 +2.745265880e+02 +5.922658804e+01 +5.922658804e+01 -6.0236e-02 +2.9943e-01 -1.9716e-01 -1.1356e-02 +7.1579e-01 -5.2715e-01 -3.5560e-01 -5.0481e-01 +8.7865e-01 +6.3031e-01
79 0 +2.263138616e+02 +1.101386160e+01 +1.101386160e+01 -2.9570e-01 -6.8889e-02 +1.6252e-01 +1.4791e-01 +5.9781e-01 -8.3254e-01 -6.7745e-01 -3.9901e-01 +4.2784e-01 +1.1714e+00
97 0 +2.225737237e+02 +7.273723741e+00 +7.273723741e+00 +6.2077e-02 +2.4272e-01 -4.0780e-02 -5.0395e-01 +7.7119e-01 -1.1534e+00 -1.0894e+00 -7.9500e-02 +5.5924e-01 +1.0496e+00
112 0 +1.817422128e+02 -3.355778719e+01 -3.355778719e+01 -8.8044e-02 +1.3195e-01 -6.7438e-04 +2.4653e-01 +1.2837e+00 -1.6876e+00 -8.7061e-01 -6.9531e-01 +9.0187e-01 +1.0817e+00
143 0 +1.727779666e+02 -4.252203344e+01 -4.252203344e+01 -1.6910e-01 +2.4542e-01 -4.3864e-02 -2.1532e-01 +9.9739e-01 -1.2277e+00 -7.6591e-01 -1.4878e-01 +7.7317e-01 +6.1058e-01
157 0 +1.450002391e+02 -7.029976086e+01 -7.029976086e+01 -3.9342e-01 +3.8275e-01 -5.6028e-01 +8.4265e-02 +1.3385e+00 -1.6191e+00 -1.1030e+00 -3.8767e-01 +7.6431e-01 +1.1268e+00
195 0 +1.123273486e+02 -1.029726514e+02 -1.029726514e+02 -2.1913e-01 +5.9803e-01 -7.9498e-01 +3.0709e-01 +1.7521e+00 -1.9758e+00 -1.1454e+00 -4.8579e-01 +1.0548e+00 +1.4903e+00
257 0 +1.081686990e+02 -1.071313010e+02 -1.071313010e+02 -3.1307e-01 +1.1607e-01 -6.5043e-01 -2.6182e-01 +1.9374e+00 -2.2068e+00 -1.4279e+00 -2.8900e-02 +6.9905e-01 +1.5689e+00
353 0 +9.435393393e+01 -1.209460661e+02 -1.209460661e+02 -1.0084e+00 +5.2332e-01 -1.3227e+00 -1.1219e-02 +1.9213e+00 -2.4199e+00 -8.4550e-01 -9.9076e-02 +1.0455e+00 +1.9067e+00
364 0 +8.556550805e+01 -1.297344919e+02 -1.297344919e+02 -1.0456e+00 +6.3893e-01 -1.3674e+00 +3.5973e-02 +1.9466e+00 -2.4826e+00 -9.7398e-01 -9.8457e-02 +9.6750e-01 +2.0788e+00
365 0 +7.756255947e+01 -1.377374405e+02 -1.377374405e+02 -1.0363e+00 +8.4358e-01 -1.3736e+00 +1.0182e-01 +2.0269e+00 -2.5214e+00 -9.5441e-01 -2.4319e-01 +1.1153e+00 +2.1443e+00
419 0 +7.413768601e+01 -1.411623140e+02 -1.411623140e+02 -1.0746e+00 +6.5287e-01 -1.3833e+00 +4.0105e-02 +2.0988e+00 -2.3899e+00 -6.7746e-01 -1.2384e-01 +8.4580e-01 +1.7898e+00
549 0 +7.357009589e+01 -1.417299041e+02 -1.417299041e+02 -1.0962e+00 +4.1157e-01 -1.3763e+00 +4.0016e-02 +2.1320e+00 -2.3875e+00 -5.4523e-01 +9.3988e-02 +5.7441e-01 +1.4807e+00
650 0 +7.225103390e+01 -1.430489661e+02 -1.430489661e+02 -1.1046e+00 +5.1437e-01 -1.3671e+00 +1.2980e-01 +2.1630e+00 -2.3827e+00 -5.2190e-01 +9.3377e-02 +6.4966e-01 +1.5175e+00
676 0 +7.065986334e+01 -1.446401367e+02 -1.446401367e+02 -1.1334e+00 +4.7468e-01 -1.4378e+00 +1.4705e-01 +2.1487e+00 -2.3929e+00 -4.7351e-01 +8.9297e-02 +6.4936e-01 +1.5249e+00
690 0 +6.749410533e+01 -1.478058947e+02 -1.478058947e+02 -1.1115e+00 +4.4447e-01 -1.3957e+00 +1.4954e-01 +2.1556e+00 -2.3902e+00 -5.4047e-01 +1.0281e-01 +6.3595e-01 +1.5818e+00
731 0 +6.529914510e+01 -1.500008549e+02 -1.500008549e+02 -1.1044e+00 +4.6439e-01 -1.4114e+00 +1.3765e-01 +2.1412e+00 -2.4106e+00 -5.2895e-01 +7.2578e-02 +5.9390e-01 +1.5396e+00
752 0 +6.451485509e+01 -1.507851449e+02 -1.507851449e+02 -1.1097e+00 +4.4303e-01 -1.4174e+00 +1.4452e-01 +2.1422e+00 -2.4234e+00 -4.8680e-01 +1.0532e-01 +5.5298e-01 +1.5405e+00
817 0 +6.286106499e+01 -1.524389350e+02 -1.524389350e+02 -1.0808e+00 +4.3349e-01 -1.4234e+00 +1.5174e-01 +2.1543e+00 -2.4308e+00 -5.6135e-01 +9.1726e-02 +5.9466e-01 +1.5685e+00
862 0 +6.077984247e+01 -1.545201575e+02 -1.545201575e+02 -1.0668e+00 +3.8522e-01 -1.4135e+00 +1.1082e-01 +2.1150e+00 -2.4274e+00 -5.7210e-01 +8.9174e-02 +6.0618e-01 +1.5720e+00
927 0 +6.002736282e+01 -1.552726372e+02 -1.552726372e+02 -1.0847e+00 +3.9271e-01 -1.4165e+00 +1.2310e-01 +2.1248e+00 -2.4136e+00 -5.5682e-01 +7.7788e-02 +5.8984e-01 +1.5734e+00
965 0 +5.872394771e+01 -1.565760523e+02 -1.565760523e+02 -1.0739e+00 +3.7532e-01 -1.4192e+00 +1.2661e-01 +2.1069e+00 -2.4312e+00 -5.4952e-01 +7.1455e-02 +5.8942e-01 +1.5741e+00
1035 0 +5.748202363e+01 -1.578179764e+02 -1.578179764e+02 -1.0834e+00 +3.6090e-01 -1.4376e+00 +1.3047e-01 +2.0949e+00 -2.4299e+00 -5.4888e-01 +4.5057e-02 +5.6006e-01 +1.5831e+00
1073 0 +5.571999215e+01 -1.595800079e+02 -1.595800079e+02 -1.0921e+00 +3.3045e-01 -1.4484e+00 +1.3908e-01 +2.0646e+00 -2.4341e+00 -5.6180e-01 +3.9306e-02 +5.4305e-01 +1.5953e+00
1105 0 +5.472889247e+01 -1.605711075e+02 -1.605711075e+02 -1.0873e+00 +3.5193e-01 -1.4438e+00 +1.8547e-01 +2.0879e+00 -2.4436e+00 -5.5158e-01 +4.0805e-02 +5.5099e-01 +1.5884e+00
1132 0 +5.355627306e+01 -1.617437269e+02 -1.617437269e+02 -1.0985e+00 +3.1774e-01 -1.4498e+00 +2.0938e-01 +2.0485e+00 -2.4423e+00 -5.2440e-01 +5.0969e-02 +5.3166e-01 +1.5982e+00
1255 0 +5.241021938e+01 -1.628897806e+02 -1.628897806e+02 -1.0911e+00 +2.9905e-01 -1.4413e+00 +2.1323e-01 +2.0471e+00 -2.4460e+00 -5.4621e-01 +4.3046e-02 +5.1513e-01 +1.6135e+00
1342 0 +5.128221912e+01 -1.640177809e+02 -1.640177809e+02 -1.1139e+00 +2.8605e-01 -1.4398e+00 +2.3774e-01 +2.0477e+00 -2.4297e+00 -5.3255e-01 +4.4538e-02 +5.1949e-01 +1.6146e+00
1515 0 +5.004163542e+01 -1.652583646e+02 -1.652583646e+02 -1.1252e+00 +2.9332e-01 -1.4628e+00 +2.4136e-01 +2.0706e+00 -2.4075e+00 -5.4584e-01 +4.2307e-02 +5.1679e-01 +1.5997e+00
1972 0 +4.897515710e+01 -1.663248429e+02 -1.663248429e+02 -1.1097e+00 +2.6020e-01 -1.4579e+00 +2.4917e-01 +2.0940e+00 -2.3894e+00 -5.6053e-01 +1.7163e-02 +5.0948e-01 +1.6154e+00
% f evaluations | g evaluations | best noise-free fitness - Fopt (-5.449000000000e+01) + sum g_i+ | measured fitness | best measured fitness or single-digit g-values | x1 | x2...
1 0 +2.155978129e+02 +1.611078129e+02 +1.611078129e+02 +0.0000e+00 +0.0000e+00 +0.0000e+00 +0.0000e+00 +0.0000e+00 +0.0000e+00 +0.0000e+00 +0.0000e+00 +0.0000e+00 +0.0000e+00
4 0 +1.900770002e+02 +1.355870002e+02 +1.355870002e+02 +2.1661e-01 -2.7248e-01 -1.4933e-01 +1.8171e-01 -5.0930e-01 +2.3317e-01 -2.5183e-01 -1.2653e-01 +4.3300e-01 -1.9345e-02
9 0 +1.789898776e+02 +1.244998776e+02 +1.244998776e+02 +3.2075e-01 -8.8256e-02 -1.5931e-01 -1.1698e-01 -2.3584e-01 +6.5800e-02 +8.0156e-02 +3.1223e-01 +4.1734e-01 -8.7755e-02
10 0 +1.468957272e+02 +9.240572723e+01 +9.240572723e+01 +3.2216e-01 -3.3442e-01 +1.9285e-01 -3.1559e-01 -1.5896e-01 +1.8278e-01 -2.1053e-01 +1.4883e-01 -4.2076e-01 -2.0280e-01
78 0 +1.380708126e+02 +8.358081263e+01 +8.358081263e+01 +1.3207e+00 -5.1275e-01 -3.7251e-01 -8.6031e-02 -7.1670e-01 +2.9560e-01 -6.0110e-01 +9.0215e-03 +2.6307e-01 +1.1810e+00
96 0 +1.239130503e+02 +6.942305029e+01 +6.942305029e+01 +1.1741e+00 -5.4716e-01 -5.3690e-01 -4.7453e-01 -8.8110e-01 +5.7308e-01 -8.5891e-01 -1.6925e-01 -2.4974e-01 +1.6849e+00
117 0 +1.171870883e+02 +6.269708833e+01 +6.269708833e+01 +1.1104e+00 -6.3988e-01 -1.5490e-01 -3.4502e-01 -6.5076e-01 -4.1904e-02 -7.8549e-01 -4.6945e-01 +5.8699e-01 +8.9944e-01
244 0 +1.137455347e+02 +5.925553466e+01 +5.925553466e+01 +7.0769e-01 -7.9669e-01 -3.7505e-01 -1.2818e+00 -9.2001e-01 +1.2561e-02 -4.5278e-01 -2.2007e-01 -2.7725e-01 +7.1875e-01
282 0 +1.108367254e+02 +5.634672544e+01 +5.634672544e+01 +4.6615e-01 -6.1419e-01 -2.0003e-01 -1.1732e+00 -6.5509e-01 -4.9662e-02 -6.3513e-01 -4.8371e-01 -2.6728e-01 +6.6357e-01
346 0 +1.084027800e+02 +5.391277995e+01 +5.391277995e+01 +8.1117e-01 -5.2948e-01 -2.2734e-01 -1.0872e+00 -6.4882e-01 +5.3674e-02 -6.0345e-01 -4.6709e-01 -1.4761e-01 +6.1856e-01
418 0 +1.070310049e+02 +5.254100492e+01 +5.254100492e+01 +6.2218e-01 -7.3432e-01 -2.6163e-01 -1.3383e+00 -8.3085e-01 +5.1365e-02 -5.4343e-01 -3.2607e-01 -2.1038e-01 +5.8199e-01
420 0 +1.041033038e+02 +4.961330384e+01 +4.961330384e+01 +6.7966e-01 -6.8953e-01 -2.7209e-01 -1.3106e+00 -7.7417e-01 +4.2583e-03 -6.0293e-01 -4.4391e-01 -1.7787e-01 +6.0405e-01
430 0 +1.022622759e+02 +4.777227589e+01 +4.777227589e+01 +6.3219e-01 -7.5332e-01 -2.3801e-01 -1.3497e+00 -7.4809e-01 +1.1092e-03 -5.8783e-01 -4.5799e-01 -2.3140e-01 +6.4503e-01
441 0 +9.988958613e+01 +4.539958613e+01 +4.539958613e+01 +6.6035e-01 -7.3644e-01 -2.5640e-01 -1.3408e+00 -7.5461e-01 -9.6076e-03 -6.0138e-01 -4.5085e-01 -2.1347e-01 +6.5304e-01
466 0 +9.148211632e+01 +3.699211632e+01 +3.699211632e+01 +1.0575e+00 -6.7278e-01 -1.7602e-01 -1.2444e+00 -8.8035e-01 +5.5769e-02 -6.4793e-01 -3.9318e-01 -3.6837e-02 +6.6027e-01
497 0 +9.032352909e+01 +3.583352909e+01 +3.583352909e+01 +6.8765e-01 -8.1883e-01 -2.6860e-01 -1.3601e+00 -8.7563e-01 +1.2726e-02 -5.0853e-01 -2.7009e-01 -1.9181e-01 +6.0400e-01
518 0 +8.391908255e+01 +2.942908255e+01 +2.942908255e+01 +7.6233e-01 -8.2065e-01 -2.6057e-01 -1.3954e+00 -8.6869e-01 -1.9388e-02 -5.7157e-01 -3.1817e-01 -2.3902e-01 +6.7175e-01
523 0 +8.066241525e+01 +2.617241525e+01 +2.617241525e+01 +7.1376e-01 -8.5105e-01 -2.6009e-01 -1.4545e+00 -8.7341e-01 -2.3239e-02 -4.4061e-01 -2.6797e-01 -2.5644e-01 +6.6858e-01
540 0 +7.723275005e+01 +2.274275005e+01 +2.274275005e+01 +7.3843e-01 -8.0671e-01 -2.5015e-01 -1.4298e+00 -8.8034e-01 -4.0228e-02 -5.3023e-01 -2.5261e-01 -2.4454e-01 +6.3279e-01
562 0 +7.521411513e+01 +2.072411513e+01 +2.072411513e+01 +7.0682e-01 -7.7684e-01 -2.6704e-01 -1.4214e+00 -8.5065e-01 -9.5114e-02 -5.8427e-01 -3.1262e-01 -2.9299e-01 +5.9908e-01
595 0 +7.382973110e+01 +1.933973110e+01 +1.933973110e+01 +7.1097e-01 -7.3836e-01 -2.6182e-01 -1.4339e+00 -8.9013e-01 -1.0775e-01 -6.1786e-01 -3.3351e-01 -2.9220e-01 +5.8489e-01
617 0 +7.041621492e+01 +1.592621492e+01 +1.592621492e+01 +6.8509e-01 -7.2551e-01 -2.3295e-01 -1.4631e+00 -8.7546e-01 -1.3347e-01 -5.9866e-01 -3.2490e-01 -3.0395e-01 +5.7336e-01
720 0 +6.847246874e+01 +1.398246874e+01 +1.398246874e+01 +7.1919e-01 -7.3782e-01 -1.8755e-01 -1.4883e+00 -8.1906e-01 -1.3245e-01 -5.2208e-01 -2.7489e-01 -2.9739e-01 +5.4426e-01
729 0 +6.685696307e+01 +1.236696307e+01 +1.236696307e+01 +6.6996e-01 -7.4149e-01 -2.2370e-01 -1.4918e+00 -8.2197e-01 -1.2001e-01 -5.4967e-01 -2.5733e-01 -3.1841e-01 +5.7234e-01
739 0 +6.602297357e+01 +1.153297357e+01 +1.153297357e+01 +6.4504e-01 -7.2992e-01 -2.1018e-01 -1.5216e+00 -8.0506e-01 -1.4152e-01 -5.2479e-01 -2.8003e-01 -3.4264e-01 +5.4755e-01
784 0 +6.396373286e+01 +9.473732861e+00 +9.473732861e+00 +6.8455e-01 -7.1684e-01 -1.9714e-01 -1.4792e+00 -8.1527e-01 -1.3384e-01 -5.3430e-01 -2.4743e-01 -2.8987e-01 +5.7605e-01
814 0 +6.297241260e+01 +8.482412601e+00 +8.482412601e+00 +6.7789e-01 -7.1970e-01 -1.8900e-01 -1.4841e+00 -7.7878e-01 -1.3707e-01 -5.1596e-01 -2.6101e-01 -3.1186e-01 +5.7695e-01
959 0 +6.165442739e+01 +7.164427389e+00 +7.164427389e+00 +6.9854e-01 -7.0440e-01 -1.7534e-01 -1.5048e+00 -7.8715e-01 -1.4218e-01 -5.2764e-01 -2.4449e-01 -3.0309e-01 +5.7866e-01
1047 0 +6.014033705e+01 +5.650337050e+00 +5.650337050e+00 +7.0075e-01 -7.0141e-01 -1.7088e-01 -1.5227e+00 -7.9234e-01 -1.5546e-01 -5.0988e-01 -2.7956e-01 -3.1498e-01 +5.7200e-01
1165 0 +5.855791642e+01 +4.067916419e+00 +4.067916419e+00 +7.2130e-01 -6.7913e-01 -1.6045e-01 -1.5406e+00 -8.0989e-01 -1.7986e-01 -4.8178e-01 -3.1028e-01 -3.4534e-01 +5.8457e-01
% f evaluations | g evaluations | best noise-free fitness - Fopt (5.049000000000e+01) + sum g_i+ | measured fitness | best measured fitness or single-digit g-values | x1 | x2...
1 0 +2.418755890e+02 +2.923655890e+02 +2.923655890e+02 +0.0000e+00 +0.0000e+00 +0.0000e+00 +0.0000e+00 +0.0000e+00 +0.0000e+00 +0.0000e+00 +0.0000e+00 +0.0000e+00 +0.0000e+00
3 0 +2.342078020e+02 +2.846978020e+02 +2.846978020e+02 +2.4817e-01 +6.3376e-02 -2.2359e-01 +8.0318e-02 +2.1275e-01 +5.3256e-02 -2.3477e-01 +7.8699e-02 +1.0710e-01 +2.4729e-01
5 0 +2.232406940e+02 +2.737306940e+02 +2.737306940e+02 -9.0564e-02 +8.4424e-02 -2.8183e-02 -1.8777e-01 +7.4957e-02 +6.4105e-01 +2.7589e-01 +1.3137e-01 +7.7185e-02 +2.3934e-01
10 0 +1.945397720e+02 +2.450297720e+02 +2.450297720e+02 +3.2216e-01 -3.3442e-01 +1.9285e-01 -3.1559e-01 -1.5896e-01 +1.8278e-01 -2.1053e-01 +1.4883e-01 -4.2076e-01 -2.0280e-01
39 0 +1.627441303e+02 +2.132341303e+02 +2.132341303e+02 +1.2508e+00 +5.6003e-02 -1.6312e-01 +2.4504e-01 +5.4424e-01 +2.3162e-01 +3.6697e-03 -3.2099e-01 -5.7693e-01 +3.3901e-01
50 0 +1.520721394e+02 +2.025621394e+02 +2.025621394e+02 +1.1969e+00 +2.1097e-01 -2.0476e-01 +1.8895e-01 +7.1702e-01 -2.1774e-01 +4.5885e-01 -2.6152e-01 -3.9557e-01 +9.1534e-01
135 0 +1.365769712e+02 +1.870669712e+02 +1.870669712e+02 +8.3140e-01 +3.8685e-01 +9.6411e-02 +9.7407e-02 +4.8483e-01 -2.6976e-01 +1.4289e-01 -2.5754e-01 -1.7620e-01 +9.2293e-01
232 0 +1.313950320e+02 +1.818850320e+02 +1.818850320e+02 +1.1422e+00 +2.7917e-01 +1.5098e-01 +1.1568e-01 +4.6259e-01 -1.4168e-01 +2.6652e-01 -9.9529e-02 -3.9240e-01 +1.0595e+00
255 0 +1.276749481e+02 +1.781649481e+02 +1.781649481e+02 +1.1483e+00 +3.0218e-01 +5.1446e-02 +1.7764e-01 +4.3398e-01 -1.0004e-01 +2.9066e-01 -8.3582e-02 -4.0135e-01 +9.9187e-01
270 0 +1.250569748e+02 +1.755469748e+02 +1.755469748e+02 +1.0597e+00 +2.9439e-01 +2.9219e-02 +1.8796e-01 +5.7063e-01 -1.6262e-01 +4.2215e-01 -2.9956e-01 -2.9272e-01 +1.0014e+00
299 0 +1.208924427e+02 +1.713824427e+02 +1.713824427e+02 +1.2374e+00 +2.3699e-01 -3.5630e-05 +3.3649e-02 +4.7028e-01 -1.8583e-01 +2.4223e-01 -2.7685e-01 -4.6148e-01 +1.0877e+00
300 0 +1.080218894e+02 +1.585118894e+02 +1.585118894e+02 +1.2728e+00 +2.8342e-01 -5.0607e-02 +8.0751e-02 +5.4096e-01 -2.6524e-01 +4.7801e-01 -3.1080e-01 -3.9978e-01 +1.1245e+00
334 0 +1.066416609e+02 +1.571316609e+02 +1.571316609e+02 +1.3006e+00 +3.0110e-01 +8.2997e-02 +1.0312e-01 +3.9746e-01 -1.9028e-01 +3.8113e-01 -2.2338e-01 -4.2867e-01 +1.0859e+00
342 0 +9.845601891e+01 +1.489460189e+02 +1.489460189e+02 +1.3020e+00 +2.9072e-01 -3.1309e-02 +1.0536e-01 +4.3825e-01 -2.0049e-01 +4.3954e-01 -2.6996e-01 -4.3497e-01 +1.1311e+00
346 0 +9.769189975e+01 +1.481818998e+02 +1.481818998e+02 +1.3707e+00 +3.5020e-01 -6.1017e-02 +1.3210e-01 +5.1534e-01 -1.8226e-01 +4.2131e-01 -2.6999e-01 -3.7240e-01 +1.0787e+00
353 0 +9.514786597e+01 +1.456378660e+02 +1.456378660e+02 +1.3435e+00 +3.4269e-01 -3.4741e-02 +1.5379e-01 +4.8757e-01 -1.6977e-01 +4.6343e-01 -2.7139e-01 -4.1059e-01 +1.1086e+00
551 0 +9.290512468e+01 +1.433951247e+02 +1.433951247e+02 +1.2810e+00 +3.0592e-01 -7.0295e-02 +1.3263e-01 +4.2640e-01 -1.4794e-01 +4.4426e-01 -1.4242e-01 -4.2228e-01 +1.1032e+00
650 0 +9.118810935e+01 +1.416781094e+02 +1.416781094e+02 +1.2924e+00 +3.4217e-01 -8.5248e-02 +1.3026e-01 +4.4357e-01 -1.4099e-01 +4.3451e-01 -1.7432e-01 -4.1819e-01 +1.0956e+00
% f evaluations | g evaluations | best noise-free fitness - Fopt (-3.641300000000e+02) + sum g_i+ | measured fitness | best measured fitness or single-digit g-values | x1 | x2...
1 0 +3.420922698e+02 -2.203773022e+01 -2.203773022e+01 +0.0000e+00 +0.0000e+00 +0.0000e+00 +0.0000e+00 +0.0000e+00 +0.0000e+00 +0.0000e+00 +0.0000e+00 +0.0000e+00 +0.0000e+00
2 0 +3.008577237e+02 -6.327227630e+01 -6.327227630e+01 +4.3379e-01 +3.0692e-02 +9.8026e-02 +3.4094e-01 +2.4727e-01 +1.7369e-01 -1.1375e-01 -3.0566e-01 +1.1285e-01 -1.5359e-01
3 0 +2.833838382e+02 -8.074616183e+01 -8.074616183e+01 +2.4817e-01 +6.3376e-02 -2.2359e-01 +8.0318e-02 +2.1275e-01 +5.3256e-02 -2.3477e-01 +7.8699e-02 +1.0710e-01 +2.4729e-01
6 0 +2.660362409e+02 -9.809375909e+01 -9.809375909e+01 +1.8723e-01 -2.5702e-01 +1.5212e-01 +1.5671e-02 +5.1476e-01 -6.3323e-02 +3.7553e-01 -3.4671e-01 +9.3874e-02 -2.1343e-01
10 0 +2.569478408e+02 -1.071821592e+02 -1.071821592e+02 +3.2216e-01 -3.3442e-01 +1.9285e-01 -3.1559e-01 -1.5896e-01 +1.8278e-01 -2.1053e-01 +1.4883e-01 -4.2076e-01 -2.0280e-01
21 0 +2.255939496e+02 -1.385360504e+02 -1.385360504e+02 +5.7574e-01 +3.3139e-01 +6.4196e-02 +2.9171e-01 +3.0440e-01 +1.1861e-01 -4.2261e-01 -2.0954e-01 -6.5348e-01 -3.3587e-01
32 0 +2.038458144e+02 -1.602841856e+02 -1.602841856e+02 +2.1660e-01 -3.3748e-01 -4.1709e-01 -2.6739e-01 +3.6152e-01 +7.0857e-02 -1.0994e-01 +1.4199e-01 -6.0751e-01 -2.6876e-01
168 0 +1.869108052e+02 -1.772191948e+02 -1.772191948e+02 -2.6425e-01 +1.9752e-02 -1.4907e-02 -3.0531e-02 +3.4851e-01 -4.0963e-01 -1.4433e-01 -3.9692e-01 +1.8478e-01 +5.2131e-02
265 0 +1.825758367e+02 -1.815541633e+02 -1.815541633e+02 -1.7894e-01 -1.0322e-01 +4.2368e-03 -2.1864e-01 +4.6187e-01 -4.2013e-01 -2.4162e-01 -4.6780e-01 +3.4244e-01 -5.1446e-02
276 0 +1.814810677e+02 -1.826489323e+02 -1.826489323e+02 -2.1017e-01 -1.5853e-01 +1.5391e-02 -2.1465e-01 +4.2041e-01 -3.5634e-01 -2.5033e-01 -4.2024e-01 +2.8926e-01 -6.2219e-02
410 0 +1.759222756e+02 -1.882077244e+02 -1.882077244e+02 -3.4080e-01 -6.5887e-02 -3.9328e-02 -1.5309e-01 +4.1478e-01 -2.4831e-01 -1.4516e-01 -3.7428e-01 +3.4891e-01 -6.8547e-02
443 0 +1.661683801e+02 -1.979616199e+02 -1.979616199e+02 -2.5325e-01 -8.7970e-02 -7.9422e-03 -1.3283e-01 +3.9124e-01 -2.4596e-01 -2.5984e-01 -4.1590e-01 +2.9294e-01 -9.3346e-02
502 0 +1.659416367e+02 -1.981883633e+02 -1.981883633e+02 -3.2835e-01 -9.4445e-02 -3.5570e-03 -1.3899e-01 +3.6836e-01 -2.5978e-01 -2.6129e-01 -4.0184e-01 +3.1349e-01 -1.5716e-01
590 0 +1.597964463e+02 -2.043335537e+02 -2.043335537e+02 -3.2383e-01 -1.3887e-01 +3.2861e-02 -1.5504e-01 +3.3774e-01 -2.2366e-01 -2.6326e-01 -4.3204e-01 +3.3348e-01 -1.4037e-01
625 0 +1.584838992e+02 -2.056461008e+02 -2.056461008e+02 -3.1642e-01 -8.7760e-02 +5.1115e-02 -1.4982e-01 +3.5580e-01 -2.9912e-01 -2.6757e-01 -4.5030e-01 +3.5169e-01 -1.1092e-01
662 0 +1.548588202e+02 -2.092711798e+02 -2.092711798e+02 -3.6170e-01 -8.1750e-02 +4.3563e-02 -8.9701e-02 +3.0784e-01 -2.5681e-01 -2.4624e-01 -4.4412e-01 +2.9662e-01 -8.0601e-02
784 0 +1.513052794e+02 -2.128247206e+02 -2.128247206e+02 -3.4882e-01 -6.9612e-02 +7.3492e-02 -7.5940e-02 +2.9305e-01 -3.0628e-01 -2.5803e-01 -4.9249e-01 +3.3125e-01 -6.3228e-02
% f evaluations | g evaluations | best noise-free fitness - Fopt (1.592700000000e+02) + sum g_i+ | measured fitness | best measured fitness or single-digit g-values | x1 | x2...
1 0 +4.308385903e+02 +5.901085903e+02 +5.901085903e+02 +0.0000e+00 +0.0000e+00 +0.0000e+00 +0.0000e+00 +0.0000e+00 +0.0000e+00 +0.0000e+00 +0.0000e+00 +0.0000e+00 +0.0000e+00
2 0 +3.718697372e+02 +5.311397372e+02 +5.311397372e+02 +4.3379e-01 +3.0692e-02 +9.8026e-02 +3.4094e-01 +2.4727e-01 +1.7369e-01 -1.1375e-01 -3.0566e-01 +1.1285e-01 -1.5359e-01
4 0 +3.661738454e+02 +5.254438454e+02 +5.254438454e+02 +2.1661e-01 -2.7248e-01 -1.4933e-01 +1.8171e-01 -5.0930e-01 +2.3317e-01 -2.5183e-01 -1.2653e-01 +4.3300e-01 -1.9345e-02
22 0 +2.979404486e+02 +4.572104486e+02 +4.572104486e+02 +6.4844e-01 +8.2758e-02 -6.1860e-02 -3.1350e-01 -2.7654e-01 -5.6541e-02 -5.1139e-01 -7.7005e-01 +6.1486e-01 +2.5193e-01
46 0 +2.747941634e+02 +4.340641634e+02 +4.340641634e+02 +5.4301e-01 -2.0846e-01 +2.7914e-01 -3.4365e-02 -6.9825e-01 +2.9712e-01 -5.2334e-01 -3.7576e-01 +1.3043e+00 -1.0917e-02
73 0 +2.558690937e+02 +4.151390937e+02 +4.151390937e+02 +6.3413e-01 -4.4849e-01 +2.1942e-01 -4.3373e-03 -7.2589e-01 -1.5402e-01 -1.2268e+00 -3.3479e-01 +2.0788e+00 +9.5452e-01
75 0 +2.375683613e+02 +3.968383613e+02 +3.968383613e+02 -3.7129e-02 +3.4460e-01 -2.3966e-01 +5.2822e-01 -5.0411e-01 +1.0734e-01 -5.6533e-01 -8.1237e-01 +1.7070e+00 +5.1498e-01
85 0 +2.181223886e+02 +3.773923886e+02 +3.773923886e+02 +5.6099e-01 -2.3315e-01 +4.0935e-01 -1.4910e-01 -1.1088e+00 -1.6947e-01 -1.4658e+00 -7.7693e-01 +2.0564e+00 +1.1909e+00
94 0 +2.057950111e+02 +3.650650111e+02 +3.650650111e+02 +8.1255e-01 +6.3309e-01 -5.1207e-01 +9.4797e-03 -2.0980e+00 +4.1112e-01 -1.5387e+00 -2.1469e+00 +3.3139e+00 +1.7174e+00
98 0 +2.031449719e+02 +3.624149719e+02 +3.624149719e+02 +5.1544e-01 -2.4555e-01 +4.1129e-01 -1.8743e-01 -1.1208e+00 +1.0550e+00 -2.1013e+00 -1.0630e+00 +2.9753e+00 +1.0140e+00
111 0 +1.970307624e+02 +3.563007624e+02 +3.563007624e+02 +3.1828e-01 +3.1900e-01 +1.9454e-02 -1.2657e-01 -1.1028e+00 -2.8222e-02 -1.1391e+00 -1.3631e+00 +2.7677e+00 +9.6789e-01
123 0 +1.595277736e+02 +3.187977736e+02 +3.187977736e+02 +1.3646e-01 +1.2810e+00 -2.2007e-01 -1.7411e-01 -1.0184e+00 +4.5683e-02 -1.7301e+00 -1.9478e+00 +3.8205e+00 +8.9009e-01
159 0 +1.547632227e+02 +3.140332227e+02 +3.140332227e+02 -8.3079e-02 +4.3492e-01 +1.1505e+00 +1.2977e-01 -1.2438e+00 +1.0128e-01 -1.3712e+00 -1.7360e+00 +2.8433e+00 +1.2773e+00
176 0 +1.410367164e+02 +3.003067164e+02 +3.003067164e+02 -4.4131e-01 +6.1505e-01 +8.6296e-01 +2.8084e-02 -1.1768e+00 -1.1350e-01 -1.7387e+00 -2.1193e+00 +2.4977e+00 +9.8405e-01
223 0 +1.015067918e+02 +2.607767918e+02 +2.607767918e+02 +2.2450e-01 +4.3803e-01 +9.5319e-01 -8.1189e-01 -1.4239e+00 -6.3213e-01 -2.0262e+00 -2.9604e+00 +3.3836e+00 +4.0308e-01
562 0 +9.882659654e+01 +2.580965965e+02 +2.580965965e+02 -2.1951e-01 +2.0693e-01 +5.2168e-01 -1.2831e-01 -1.4164e+00 +1.0692e-01 -1.2894e+00 -2.7385e+00 +3.4893e+00 -1.0290e-02
573 0 +8.836175984e+01 +2.476317598e+02 +2.476317598e+02 -2.1214e-01 +2.3927e-01 +5.2764e-01 -1.7133e-01 -1.4594e+00 +7.4522e-02 -1.3599e+00 -2.8035e+00 +3.5588e+00 -4.3920e-02
614 0 +8.198120204e+01 +2.412512020e+02 +2.412512020e+02 -1.5047e-01 +3.3503e-01 +5.6359e-01 -2.4766e-01 -1.4834e+00 +5.7853e-02 -1.3905e+00 -2.6371e+00 +3.6324e+00 -5.3145e-02
617 0 +7.753471357e+01 +2.368047136e+02 +2.368047136e+02 -2.1633e-01 +3.0514e-01 +5.4888e-01 -2.3480e-01 -1.4930e+00 +3.5832e-02 -1.3899e+00 -2.7099e+00 +3.6427e+00 -5.9833e-02
767 0 +7.574271811e+01 +2.350127181e+02 +2.350127181e+02 -1.7248e-01 +3.3414e-01 +5.3710e-01 -2.6399e-01 -1.4148e+00 -2.0059e-02 -1.3348e+00 -2.7173e+00 +3.6006e+00 -6.2076e-02
840 0 +7.370086594e+01 +2.329708659e+02 +2.329708659e+02 -1.7973e-01 +3.4349e-01 +5.5470e-01 -2.7052e-01 -1.4238e+00 -7.7699e-04 -1.3395e+00 -2.7098e+00 +3.6219e+00 -7.0966e-02
892 0 +7.238001980e+01 +2.316500198e+02 +2.316500198e+02 -1.7323e-01 +3.3070e-01 +5.5305e-01 -2.4688e-01 -1.4464e+00 +2.0400e-02 -1.3508e+00 -2.7048e+00 +3.6349e+00 -5.4758e-02
932 0 +7.037294154e+01 +2.296429415e+02 +2.296429415e+02 -1.8936e-01 +3.3810e-01 +5.5704e-01 -2.2695e-01 -1.4300e+00 +2.8138e-02 -1.3297e+00 -2.7012e+00 +3.6298e+00 -4.6817e-02
1215 0 +6.915793428e+01 +2.284279343e+02 +2.284279343e+02 -2.1878e-01 +3.5384e-01 +5.3446e-01 -2.4126e-01 -1.4440e+00 +1.9620e-02 -1.3109e+00 -2.6978e+00 +3.6140e+00 -4.8653e-02
1420 0 +6.752219380e+01 +2.267921938e+02 +2.267921938e+02 -2.2689e-01 +4.2849e-01 +4.9256e-01 -2.3674e-01 -1.4754e+00 +2.7219e-02 -1.2787e+00 -2.6800e+00 +3.5982e+00 -4.5491e-02
2305 0 +6.605999259e+01 +2.253299926e+02 +2.253299926e+02 -2.9103e-01 +4.3790e-01 +4.4101e-01 -3.1112e-01 -1.4782e+00 +2.4403e-02 -1.2652e+00 -2.6385e+00 +3.5897e+00 -3.6851e-02
