% f evaluations | g evaluations | best noise-free fitness - Fopt (-4.620900000000e+02) + sum g_i+ | measured fitness | best measured fitness or single-digit g-values | x1 | x2...
1 0 +2.262090927e+02 -2.358809073e+02 -2.358809073e+02 +0.0000e+00 +0.0000e+00 +0.0000e+00 +0.0000e+00 +0.0000e+00 +0.0000e+00 +0.0000e+00 +0.0000e+00 +0.0000e+00 +0.0000e+00
3 0 +2.129197872e+02 -2.491702128e+02 -2.491702128e+02 +2.4817e-01 +6.3376e-02 -2.2359e-01 +8.0318e-02 +2.1275e-01 +5.3256e-02 -2.3477e-01 +7.8699e-02 +1.0710e-01 +2.4729e-01
6 0 +1.981566846e+02 -2.639333154e+02 -2.639333154e+02 +1.8723e-01 -2.5702e-01 +1.5212e-01 +1.5671e-02 +5.1476e-01 -6.3323e-02 +3.7553e-01 -3.4671e-01 +9.3874e-02 -2.1343e-01
32 0 +1.610012308e+02 -3.010887692e+02 -3.010887692e+02 +1.8715e-01 -3.5235e-01 -1.1090e-01 -4.3715e-02 -8.4871e-02 +1.5469e-01 +2.1799e-01 +5.6096e-01 +3.9310e-01 +7.6058e-01
71 0 +1.575785079e+02 -3.045114921e+02 -3.045114921e+02 +5.1055e-01 -3.0708e-01 -2.1303e-01 -9.4714e-02 -1.3167e-01 +1.1825e-01 +2.4412e-01 +5.1988e-01 +5.5617e-01 +7.8503e-01
110 0 +1.463442948e+02 -3.157457052e+02 -3.157457052e+02 +4.8712e-01 -3.3771e-01 -1.5801e-01 -4.1600e-02 -1.2922e-01 -3.5092e-02 +6.9192e-01 +5.2570e-01 +9.7537e-01 +1.1443e+00
151 0 +1.421915509e+02 -3.198984491e+02 -3.198984491e+02 +2.0568e-01 -4.1985e-01 -1.4439e-01 -3.7580e-03 -1.8020e-01 +1.1292e-01 +6.8857e-01 +7.6829e-01 +1.0072e+00 +8.6573e-01
160 0 +1.389870182e+02 -3.231029818e+02 -3.231029818e+02 +2.0673e-01 -3.0412e-01 +2.9985e-02 +5.1013e-02 -1.9027e-01 +1.5813e-01 +7.2669e-01 +6.1977e-01 +9.6945e-01 +7.7227e-01
211 0 +1.359965114e+02 -3.260934886e+02 -3.260934886e+02 +2.9251e-01 -2.9195e-01 -9.8867e-02 +7.3956e-03 +1.1495e-01 +3.3017e-02 +8.1027e-01 +6.9340e-01 +9.8596e-01 +6.7251e-01
224 0 +1.224226500e+02 -3.396673500e+02 -3.396673500e+02 +4.6822e-01 -2.7577e-01 -1.6378e-01 -3.1055e-02 +3.0499e-01 +2.5750e-02 +7.6668e-01 +5.8867e-01 +1.0374e+00 +6.5474e-01
333 0 +1.151803712e+02 -3.469096288e+02 -3.469096288e+02 +3.8281e-01 -2.9700e-01 -2.2613e-01 -5.9897e-04 -7.3494e-02 +9.7246e-02 +8.2580e-01 +5.5712e-01 +9.9522e-01 +6.6199e-01
357 0 +1.128551153e+02 -3.492348847e+02 -3.492348847e+02 +3.6675e-01 -2.8944e-01 -2.0706e-01 +7.3058e-03 -1.4159e-01 +8.2778e-02 +7.9509e-01 +6.2253e-01 +9.8537e-01 +6.2066e-01
450 0 +1.097250707e+02 -3.523649293e+02 -3.523649293e+02 +3.3708e-01 -3.1882e-01 -1.9973e-01 -4.2327e-02 -1.2228e-01 +9.6568e-02 +8.4314e-01 +5.7997e-01 +1.0050e+00 +6.3504e-01
481 0 +1.085865484e+02 -3.535034516e+02 -3.535034516e+02 +4.0190e-01 -3.0395e-01 -1.5016e-01 -2.9475e-02 -1.3660e-01 +1.1422e-01 +7.9854e-01 +6.0034e-01 +1.0448e+00 +6.2722e-01
516 0 +1.058672450e+02 -3.562227550e+02 -3.562227550e+02 +3.5356e-01 -3.5798e-01 -1.9069e-01 -4.4653e-02 -1.5770e-01 +1.0531e-01 +7.9583e-01 +5.6445e-01 +1.0336e+00 +6.3824e-01
581 0 +1.044726578e+02 -3.576173422e+02 -3.576173422e+02 +3.5147e-01 -3.8251e-01 -1.6687e-01 -3.6250e-02 -1.5812e-01 +5.7720e-02 +7.6793e-01 +5.8784e-01 +1.0199e+00 +6.3910e-01
% f evaluations | g evaluations | best noise-free fitness - Fopt (7.766000000000e+01) + sum g_i+ | measured fitness | best measured fitness or single-digit g-values | x1 | x2...
1 0 +2.727873423e+02 +3.504473423e+02 +3.504473423e+02 +0.0000e+00 +0.0000e+00 +0.0000e+00 +0.0000e+00 +0.0000e+00 +0.0000e+00 +0.0000e+00 +0.0000e+00 +0.0000e+00 +0.0000e+00
33 0 +2.710586809e+02 +3.487186809e+02 +3.487186809e+02 +5.5233e-01 +8.9583e-02 -4.6300e-01 -4.0820e-02 +3.8831e-01 +1.3310e-01 -1.3475e-01 +1.4244e-01 -9.6346e-01 -2.9842e-01
34 0 +2.406000027e+02 +3.182600027e+02 +3.182600027e+02 +1.3247e+00 +6.3522e-01 -2.3975e-01 -1.1811e-01 +6.4845e-01 +4.7288e-01 +2.0225e-01 -7.6393e-01 -2.2857e-01 -1.3939e-01
71 0 +2.194525287e+02 +2.971125287e+02 +2.971125287e+02 +1.3318e+00 +8.2282e-02 -1.3124e-01 +4.5141e-01 -2.7243e-01 +3.4392e-01 +1.2563e-01 -2.6933e-01 -1.8150e-01 -4.0599e-01
130 0 +2.147712519e+02 +2.924312519e+02 +2.924312519e+02 +1.4848e+00 -1.6371e-01 -1.2359e-01 +6.1275e-02 -2.2740e-01 -3.5989e-02 +2.3129e-01 -3.9943e-01 -1.8566e-01 -5.4314e-01
167 0 +2.070122648e+02 +2.846722648e+02 +2.846722648e+02 +1.4700e+00 -4.8564e-02 +1.5393e-01 +5.2178e-01 +1.0940e-02 +1.3162e-01 +5.6013e-01 -2.8184e-01 -2.0397e-01 -3.6985e-01
172 0 +1.981405297e+02 +2.758005297e+02 +2.758005297e+02 +1.4261e+00 +2.0408e-01 -1.2756e-02 +3.8736e-01 -2.4429e-02 -2.1377e-02 +5.2077e-01 -6.1695e-01 -1.8541e-01 -5.4716e-01
213 0 +1.860540424e+02 +2.637140424e+02 +2.637140424e+02 +1.8655e+00 +1.8065e-01 -1.4859e-01 +4.5611e-01 +1.2398e-01 -3.8815e-02 +4.9990e-01 -5.0488e-01 -2.2796e-01 -1.0418e+00
227 0 +1.781388315e+02 +2.557988315e+02 +2.557988315e+02 +2.2504e+00 +7.4918e-02 -1.9689e-01 +4.0628e-01 -4.0860e-02 -1.7261e-01 +4.1600e-01 -3.6020e-01 -1.4046e-01 -1.1512e+00
236 0 +1.759317654e+02 +2.535917654e+02 +2.535917654e+02 +1.9945e+00 +5.3113e-02 -2.1650e-01 +6.2701e-01 +3.3869e-03 -5.2087e-01 +6.3729e-01 -6.2787e-01 -1.8852e-01 -9.2970e-01
320 0 +1.687817881e+02 +2.464417881e+02 +2.464417881e+02 +1.3777e+00 -1.4931e-01 -1.2876e-01 +5.7722e-02 +1.3077e-01 +4.8990e-03 +1.1341e-01 -7.5125e-01 -1.5028e-01 -9.3472e-01
331 0 +1.621223766e+02 +2.397823766e+02 +2.397823766e+02 +1.4764e+00 +1.3019e-02 -1.7454e-01 +7.7634e-04 +7.8820e-02 -2.6717e-03 +1.4150e-01 -7.0565e-01 -1.6299e-01 -9.1225e-01
341 0 +1.547361551e+02 +2.323961551e+02 +2.323961551e+02 +1.5461e+00 +4.1927e-02 -1.9471e-01 +9.4054e-03 +1.8285e-02 -1.3582e-03 +1.7384e-01 -7.0882e-01 -1.4544e-01 -1.0153e+00
531 0 +1.487410094e+02 +2.264010094e+02 +2.264010094e+02 +1.4046e+00 -1.3524e-01 -1.7943e-01 -9.2482e-02 +3.9797e-02 -4.3329e-02 +1.5525e-01 -6.9947e-01 -1.7426e-01 -1.1223e+00
561 0 +1.477735534e+02 +2.254335534e+02 +2.254335534e+02 +1.3590e+00 -8.2666e-02 -2.0458e-01 -7.5977e-02 +2.9435e-02 -3.6924e-02 +1.3094e-01 -7.0512e-01 -2.0324e-01 -1.0983e+00
601 0 +1.439142883e+02 +2.215742883e+02 +2.215742883e+02 +1.3296e+00 -6.3904e-02 -1.6424e-01 -7.5659e-02 -8.8619e-03 -2.4362e-02 +1.1015e-01 -7.3363e-01 -1.8790e-01 -1.1005e+00
632 0 +1.405417198e+02 +2.182017198e+02 +2.182017198e+02 +1.3985e+00 -1.5353e-02 -1.4272e-01 -4.3552e-02 +1.3828e-02 -4.0131e-02 +1.3871e-01 -7.2305e-01 -1.7257e-01 -1.0848e+00
728 0 +1.379346958e+02 +2.155946958e+02 +2.155946958e+02 +1.3758e+00 +2.5702e-02 -1.3791e-01 -4.3342e-02 -5.0420e-03 -2.1819e-02 +1.3587e-01 -7.5057e-01 -1.9446e-01 -1.0756e+00
841 0 +1.347166686e+02 +2.123766686e+02 +2.123766686e+02 +1.3847e+00 +8.2659e-02 -1.3887e-01 -8.1431e-02 +3.2559e-03 -3.1023e-02 +1.2673e-01 -7.5030e-01 -1.8059e-01 -1.0497e+00
% f evaluations | g evaluations | best noise-free fitness - Fopt (1.156800000000e+02) + sum g_i+ | measured fitness | best measured fitness or single-digit g-values | x1 | x2...
1 0 +4.174500391e+02 +5.331300391e+02 +5.331300391e+02 +0.0000e+00 +0.0000e+00 +0.0000e+00 +0.0000e+00 +0.0000e+00 +0.0000e+00 +0.0000e+00 +0.0000e+00 +0.0000e+00 +0.0000e+00
6 0 +3.856267306e+02 +5.013067306e+02 +5.013067306e+02 +1.8723e-01 -2.5702e-01 +1.5212e-01 +1.5671e-02 +5.1476e-01 -6.3323e-02 +3.7553e-01 -3.4671e-01 +9.3874e-02 -2.1343e-01
36 0 +3.450651654e+02 +4.607451654e+02 +4.607451654e+02 +2.8738e-01 -6.6189e-03 -5.2487e-01 +5.5208e-02 +9.9993e-02 -1.3626e-01 +6.0900e-01 -8.2884e-01 +1.0396e+00 -3.1701e-01
57 0 +3.316490323e+02 +4.473290323e+02 +4.473290323e+02 +5.9437e-01 -1.0114e-01 -5.2821e-01 -2.3338e-01 +4.5915e-01 +1.0449e-01 +8.7892e-02 -1.9101e-01 +1.3182e+00 +1.7645e-01
76 0 +2.995439385e+02 +4.152239385e+02 +4.152239385e+02 +5.8719e-01 +9.5276e-02 -5.3260e-01 +4.1629e-01 +4.4417e-01 +8.5590e-02 +6.9568e-01 -5.2387e-01 +1.7226e+00 +1.8806e-01
101 0 +2.772176158e+02 +3.928976158e+02 +3.928976158e+02 +1.1470e+00 -2.5253e-01 -6.4008e-01 +2.5614e-01 +3.3342e-01 +3.3930e-01 +7.7683e-01 -2.1387e-01 +2.1815e+00 -9.7498e-03
104 0 +2.700656828e+02 +3.857456828e+02 +3.857456828e+02 +1.1337e+00 -2.0850e-01 -5.6019e-01 +2.3939e-01 +5.0747e-01 +4.3191e-01 +1.0426e+00 -4.0906e-01 +2.2992e+00 -1.6354e-01
121 0 +2.281805913e+02 +3.438605913e+02 +3.438605913e+02 +1.0983e+00 -3.6962e-01 -6.7129e-01 +2.9273e-01 +7.1439e-01 +5.1704e-02 +1.2114e+00 -3.0844e-01 +2.8694e+00 -3.1886e-01
151 0 +2.178931349e+02 +3.335731349e+02 +3.335731349e+02 +1.1368e+00 -5.8592e-01 -5.0706e-01 +3.4592e-01 +5.3130e-01 +8.6953e-02 +1.1146e+00 +4.2639e-01 +3.2406e+00 -4.2621e-01
165 0 +2.115073667e+02 +3.271873667e+02 +3.271873667e+02 +2.6266e-01 -3.0482e-01 -8.2042e-02 +3.9368e-01 +1.5916e+00 -6.4617e-01 +1.0655e+00 +5.1084e-01 +3.6671e+00 -7.7485e-01
180 0 +2.045978930e+02 +3.202778930e+02 +3.202778930e+02 +9.3202e-01 -1.3934e-01 +3.3780e-01 +2.3893e-01 +2.0432e+00 -4.3042e-01 +1.3089e+00 +3.8170e-01 +3.2962e+00 -1.4316e+00
199 0 +1.693567488e+02 +2.850367488e+02 +2.850367488e+02 +5.1590e-01 -2.7351e-01 -5.7375e-01 +4.5181e-01 +1.9326e+00 -3.9881e-01 +1.7736e+00 +4.6256e-01 +3.7374e+00 -1.9571e+00
208 0 +1.412714761e+02 +2.569514761e+02 +2.569514761e+02 +1.2301e+00 -2.3835e-01 -4.3172e-01 +8.6095e-01 +2.5161e+00 -6.0125e-01 +1.7691e+00 +3.2031e-01 +3.8525e+00 -1.7814e+00
257 0 +1.307417863e+02 +2.464217863e+02 +2.464217863e+02 +1.4069e+00 -3.2722e-02 -1.1851e+00 +5.8035e-01 +1.7343e+00 -1.1343e+00 +2.2329e+00 +2.6331e-01 +3.9152e+00 -1.9176e+00
414 0 +1.192824470e+02 +2.349624470e+02 +2.349624470e+02 +4.6559e-01 +4.3828e-01 -1.1576e+00 +9.1460e-01 +2.4356e+00 -1.4440e+00 +3.2006e+00 +2.3328e-01 +3.1359e+00 -2.0170e+00
475 0 +1.158690500e+02 +2.315490500e+02 +2.315490500e+02 +1.3243e+00 +1.6206e-01 -1.1772e+00 +1.1201e+00 +1.9831e+00 -1.4648e+00 +3.0466e+00 +6.4625e-01 +3.6425e+00 -2.2644e+00
492 0 +1.025514971e+02 +2.182314971e+02 +2.182314971e+02 +1.0183e+00 -3.9758e-02 -1.3235e+00 +9.4683e-01 +1.8565e+00 -1.4437e+00 +3.2106e+00 +8.7688e-01 +3.1226e+00 -2.3302e+00
512 0 +9.606214839e+01 +2.117421484e+02 +2.117421484e+02 +1.0875e+00 -2.6686e-01 -1.2369e+00 +9.8255e-01 +2.2974e+00 -1.4886e+00 +3.4603e+00 +1.2219e+00 +3.8910e+00 -2.0586e+00
544 0 +8.642518408e+01 +2.021051841e+02 +2.021051841e+02 +1.2173e+00 +5.0004e-02 -1.1113e+00 +9.6861e-01 +2.4239e+00 -1.8588e+00 +3.5261e+00 +1.4886e+00 +3.7782e+00 -2.5839e+00
599 0 +8.164338838e+01 +1.973233884e+02 +1.973233884e+02 +1.1741e+00 +2.9446e-03 -9.8562e-01 +1.1697e+00 +1.8887e+00 -1.5404e+00 +2.9870e+00 +1.1505e+00 +3.6107e+00 -2.5786e+00
661 0 +7.956223701e+01 +1.952422370e+02 +1.952422370e+02 +1.1608e+00 -6.5304e-02 -7.1222e-01 +1.1143e+00 +1.8720e+00 -1.5899e+00 +3.1464e+00 +1.5512e+00 +3.1850e+00 -2.4591e+00
663 0 +6.524074720e+01 +1.809207472e+02 +1.809207472e+02 +1.3017e+00 -1.7673e-01 -6.0543e-01 +1.1331e+00 +2.0033e+00 -1.5317e+00 +3.0742e+00 +1.8367e+00 +3.5189e+00 -2.6302e+00
731 0 +6.360607684e+01 +1.792860768e+02 +1.792860768e+02 +1.1750e+00 -2.4543e-02 -4.8875e-01 +1.1370e+00 +1.9982e+00 -1.5088e+00 +3.0403e+00 +1.9625e+00 +3.1881e+00 -2.3584e+00
738 0 +6.064883435e+01 +1.763288343e+02 +1.763288343e+02 +1.1527e+00 -4.6212e-02 -6.2490e-01 +1.0468e+00 +1.8698e+00 -1.5309e+00 +3.0288e+00 +1.8380e+00 +3.1338e+00 -2.3234e+00
752 0 +5.171955476e+01 +1.673995548e+02 +1.673995548e+02 +1.1593e+00 +1.3702e-02 -5.8328e-01 +9.7537e-01 +1.9397e+00 -1.5395e+00 +3.0639e+00 +1.9214e+00 +3.1444e+00 -2.2051e+00
761 0 +4.204377261e+01 +1.577237726e+02 +1.577237726e+02 +1.1457e+00 -4.0203e-02 -5.5046e-01 +1.0342e+00 +1.9300e+00 -1.5481e+00 +3.0935e+00 +1.9803e+00 +3.1523e+00 -2.2970e+00
908 0 +4.070717441e+01 +1.563871744e+02 +1.563871744e+02 +1.2205e+00 -5.0031e-02 -5.5771e-01 +1.0469e+00 +1.8810e+00 -1.5162e+00 +3.0901e+00 +1.9987e+00 +3.1537e+00 -2.2510e+00
921 0 +3.863259114e+01 +1.543125911e+02 +1.543125911e+02 +1.2033e+00 -2.6627e-02 -6.0075e-01 +1.0618e+00 +1.8830e+00 -1.5304e+00 +3.0945e+00 +1.9743e+00 +3.1563e+00 -2.2603e+00
941 0 +3.796667838e+01 +1.536466784e+02 +1.536466784e+02 +1.1863e+00 -1.7291e-02 -5.8195e-01 +1.0543e+00 +1.9082e+00 -1.5318e+00 +3.1075e+00 +1.9645e+00 +3.1486e+00 -2.2632e+00
1226 0 +3.714030645e+01 +1.528203065e+02 +1.528203065e+02 +1.1859e+00 -4.9170e-02 -5.8645e-01 +1.0692e+00 +1.9000e+00 -1.5425e+00 +3.1003e+00 +1.9595e+00 +3.1488e+00 -2.2625e+00
% f evaluations | g evaluations | best noise-free fitness - Fopt (-3.710000000000e+00) + sum g_i+ | measured fitness | best measured fitness or single-digit g-values | x1 | x2...
1 0 +2.788708135e+02 +2.751608135e+02 +2.751608135e+02 +0.0000e+00 +0.0000e+00 +0.0000e+00 +0.0000e+00 +0.0000e+00 +0.0000e+00 +0.0000e+00 +0.0000e+00 +0.0000e+00 +0.0000e+00
3 0 +2.753467707e+02 +2.716367707e+02 +2.716367707e+02 +2.4817e-01 +6.3376e-02 -2.2359e-01 +8.0318e-02 +2.1275e-01 +5.3256e-02 -2.3477e-01 +7.8699e-02 +1.0710e-01 +2.4729e-01
16 0 +2.402657409e+02 +2.365557409e+02 +2.365557409e+02 +4.7988e-01 +1.1857e-01 -2.1663e-01 -1.1741e-01 +1.2345e+00 -1.8086e-02 -1.7766e-01 -2.3979e-01 +5.5663e-01 +4.4631e-01
29 0 +2.158654731e+02 +2.121554731e+02 +2.121554731e+02 +8.7562e-01 -3.3897e-01 -3.3882e-01 -1.4139e-01 +7.2792e-01 +4.7568e-01 -1.0005e-01 -4.6603e-01 +5.8901e-01 +3.1784e-01
39 0 +2.012567541e+02 +1.975467541e+02 +1.975467541e+02 +1.1783e+00 +1.4926e-01 -2.5652e-01 +3.8626e-01 +7.0560e-01 +4.2537e-01 -2.1388e-01 -2.9505e-01 +2.9705e-02 -7.2021e-03
64 0 +1.968956648e+02 +1.931856648e+02 +1.931856648e+02 +1.0644e+00 +1.2267e-01 -8.2544e-01 +2.9325e-01 +1.0254e+00 +1.0420e+00 -1.1192e+00 -9.0432e-01 +9.6181e-01 +8.8972e-01
66 0 +1.908504235e+02 +1.871404235e+02 +1.871404235e+02 +1.2343e+00 +4.7791e-01 -6.9456e-01 +2.8292e-02 +1.1982e+00 +4.1068e-01 -4.4720e-01 -7.0376e-01 +1.5380e+00 +6.1869e-01
72 0 +1.810204395e+02 +1.773104395e+02 +1.773104395e+02 +9.7906e-01 +1.5230e-01 -7.3200e-01 +3.9908e-01 +7.3330e-01 +8.2188e-01 -7.2814e-01 -8.8986e-01 +9.3799e-01 +8.4052e-01
101 0 +1.532877847e+02 +1.495777847e+02 +1.495777847e+02 +1.4455e+00 +5.3650e-01 -5.9866e-01 +3.7738e-01 +7.6605e-01 +9.9008e-01 -3.6669e-01 -9.0224e-01 +1.2182e+00 +7.1311e-01
208 0 +1.344082941e+02 +1.306982941e+02 +1.306982941e+02 +1.1854e+00 +2.4267e-01 -3.4113e-01 +5.2051e-01 +1.4308e+00 +5.1170e-01 -1.9827e-01 -1.5623e+00 +1.3168e+00 +5.6384e-02
241 0 +1.307811651e+02 +1.270711651e+02 +1.270711651e+02 +1.4968e+00 +5.6737e-01 -6.0295e-01 +5.6048e-01 +1.6061e+00 +8.5576e-01 -3.2413e-01 -1.5784e+00 +1.6102e+00 +3.8764e-01
294 0 +1.231969234e+02 +1.194869234e+02 +1.194869234e+02 +1.0464e+00 +4.2423e-01 -7.0176e-01 +4.3534e-01 +1.4576e+00 +9.4350e-01 -2.6619e-01 -1.5085e+00 +1.5953e+00 +2.6431e-01
296 0 +1.197560144e+02 +1.160460144e+02 +1.160460144e+02 +9.3957e-01 +2.9779e-01 -7.2199e-01 +4.4687e-01 +1.4312e+00 +1.0206e+00 -2.1880e-01 -1.6700e+00 +1.6265e+00 +3.8395e-01
311 0 +1.148863309e+02 +1.111763309e+02 +1.111763309e+02 +1.2236e+00 +4.3957e-01 -7.9055e-01 +5.9488e-01 +1.4371e+00 +9.5360e-01 -3.0162e-01 -1.5654e+00 +1.6347e+00 +6.6100e-01
322 0 +1.120402616e+02 +1.083302616e+02 +1.083302616e+02 +1.1357e+00 +2.3637e-01 -7.2224e-01 +4.2593e-01 +1.3279e+00 +9.9002e-01 -4.2863e-01 -1.5136e+00 +1.5585e+00 +6.9256e-01
353 0 +1.012375079e+02 +9.752750785e+01 +9.752750785e+01 +1.1764e+00 +8.9749e-02 -6.6554e-01 +5.2732e-01 +1.4038e+00 +9.7659e-01 -3.1977e-01 -1.6234e+00 +1.2780e+00 +3.6902e-01
442 0 +9.344541998e+01 +8.973541998e+01 +8.973541998e+01 +1.1539e+00 +2.2249e-01 -6.0218e-01 +5.1922e-01 +1.5383e+00 +9.8192e-01 -3.2403e-01 -1.6222e+00 +1.5412e+00 +3.5117e-01
581 0 +9.318949120e+01 +8.947949120e+01 +8.947949120e+01 +1.0798e+00 +1.8674e-01 -6.2374e-01 +5.2229e-01 +1.4737e+00 +9.5300e-01 -3.3619e-01 -1.5491e+00 +1.5605e+00 +3.2623e-01
641 0 +9.102869327e+01 +8.731869327e+01 +8.731869327e+01 +1.0707e+00 +2.4226e-01 -6.2537e-01 +5.2614e-01 +1.4773e+00 +9.6047e-01 -3.1548e-01 -1.5383e+00 +1.5533e+00 +3.7398e-01
711 0 +8.874583047e+01 +8.503583047e+01 +8.503583047e+01 +1.0846e+00 +1.9976e-01 -6.2317e-01 +5.0742e-01 +1.4845e+00 +9.5878e-01 -2.9433e-01 -1.5652e+00 +1.5653e+00 +3.5754e-01
% f evaluations | g evaluations | best noise-free fitness - Fopt (1.321800000000e+02) + sum g_i+ | measured fitness | best measured fitness or single-digit g-values | x1 | x2...
1 0 +1.874009908e+02 +3.195809908e+02 +3.195809908e+02 +0.0000e+00 +0.0000e+00 +0.0000e+00 +0.0000e+00 +0.0000e+00 +0.0000e+00 +0.0000e+00 +0.0000e+00 +0.0000e+00 +0.0000e+00
6 0 +1.549750011e+02 +2.871550011e+02 +2.871550011e+02 +1.8723e-01 -2.5702e-01 +1.5212e-01 +1.5671e-02 +5.1476e-01 -6.3323e-02 +3.7553e-01 -3.4671e-01 +9.3874e-02 -2.1343e-01
16 0 +1.419639438e+02 +2.741439438e+02 +2.741439438e+02 +4.1580e-01 +3.8956e-02 -1.9959e-01 -2.0622e-01 +1.3098e+00 -8.0762e-02 -4.2194e-02 -2.5309e-01 +5.5202e-01 +4.2641e-01
34 0 +1.367685886e+02 +2.689485886e+02 +2.689485886e+02 +1.4092e+00 +5.8707e-02 -4.0797e-01 -6.9627e-01 +8.8899e-01 +4.5793e-01 +4.3370e-01 -7.1700e-01 +5.6329e-01 +2.4900e-01
80 0 +1.264485655e+02 +2.586285655e+02 +2.586285655e+02 +1.4910e+00 -3.5256e-02 -3.4016e-01 -4.4320e-01 +6.3845e-02 +1.0544e-01 +9.5225e-01 +2.9728e-02 +8.1619e-01 +7.5390e-01
201 0 +1.073601604e+02 +2.395401604e+02 +2.395401604e+02 +1.8828e+00 +5.2651e-01 -2.7370e-01 -7.2747e-01 +1.3103e+00 +2.3506e-01 +4.7703e-01 -1.9560e-01 +1.1531e-01 +6.8642e-01
244 0 +1.068325363e+02 +2.390125363e+02 +2.390125363e+02 +2.6865e+00 +6.0652e-01 -1.3861e-01 -1.9013e+00 +2.2562e+00 -9.5524e-02 +1.2729e+00 -8.6919e-01 +5.8143e-01 +1.0765e-01
262 0 +1.002498534e+02 +2.324298534e+02 +2.324298534e+02 +2.6012e+00 +7.8631e-01 -2.8212e-01 -1.4020e+00 +2.4705e+00 +3.5672e-02 +1.3099e+00 -3.8333e-01 +1.0206e+00 +7.9439e-02
321 0 +7.871445470e+01 +2.108944547e+02 +2.108944547e+02 +2.6383e+00 +6.7609e-01 -4.1169e-01 -1.2286e+00 +1.8028e+00 +3.3858e-02 +1.3364e+00 -2.9185e-01 +5.6142e-01 +5.8990e-01
438 0 +6.602428279e+01 +1.982042828e+02 +1.982042828e+02 +2.6993e+00 +4.9537e-01 -4.4441e-01 -1.3839e+00 +1.7539e+00 -5.6730e-02 +1.7968e+00 -2.7694e-01 +8.7725e-01 +3.0344e-01
491 0 +5.940071621e+01 +1.915807162e+02 +1.915807162e+02 +2.7868e+00 +7.2470e-01 -3.2990e-01 -1.1379e+00 +1.7726e+00 -6.6893e-02 +1.7883e+00 -2.3734e-01 +9.0652e-01 +1.3013e-01
511 0 +5.674669706e+01 +1.889266971e+02 +1.889266971e+02 +2.7074e+00 +6.8699e-01 -3.6351e-01 -1.2088e+00 +1.7778e+00 -5.9663e-02 +1.8617e+00 -2.3867e-01 +8.8908e-01 +6.8319e-02
554 0 +4.847242944e+01 +1.806524294e+02 +1.806524294e+02 +2.7719e+00 +5.9700e-01 -2.8486e-01 -1.2534e+00 +1.8360e+00 -1.8685e-02 +1.8700e+00 +2.6956e-02 +9.0918e-01 +1.3261e-01
676 0 +4.744138160e+01 +1.796213816e+02 +1.796213816e+02 +2.7797e+00 +5.4534e-01 -3.7542e-01 -1.2742e+00 +1.8014e+00 -7.5337e-02 +1.8473e+00 +1.2377e-01 +8.6716e-01 +1.1116e-01
678 0 +4.355129289e+01 +1.757312929e+02 +1.757312929e+02 +2.7810e+00 +5.6651e-01 -3.4627e-01 -1.2097e+00 +1.7986e+00 -5.9829e-02 +1.8079e+00 +6.6288e-02 +9.1317e-01 +6.4223e-02
681 0 +3.969293540e+01 +1.718729354e+02 +1.718729354e+02 +2.8085e+00 +5.8206e-01 -3.4652e-01 -1.2045e+00 +1.7775e+00 -3.6572e-02 +1.8461e+00 +1.0425e-01 +9.1725e-01 +1.1337e-01
773 0 +3.875245029e+01 +1.709324503e+02 +1.709324503e+02 +2.8263e+00 +5.7857e-01 -4.0959e-01 -1.2741e+00 +1.8754e+00 -3.3875e-02 +1.8265e+00 +1.3214e-01 +9.0920e-01 +9.5266e-02
781 0 +3.744799651e+01 +1.696279965e+02 +1.696279965e+02 +2.7859e+00 +5.7997e-01 -3.9275e-01 -1.2699e+00 +1.8835e+00 -3.2109e-02 +1.8297e+00 +1.1397e-01 +8.9880e-01 +9.9604e-02
798 0 +3.708125938e+01 +1.692612594e+02 +1.692612594e+02 +2.7845e+00 +5.7699e-01 -3.9617e-01 -1.2723e+00 +1.8702e+00 -2.6256e-02 +1.8284e+00 +8.9815e-02 +9.0187e-01 +8.6011e-02
811 0 +3.611328797e+01 +1.682932880e+02 +1.682932880e+02 +2.7791e+00 +5.8723e-01 -3.8589e-01 -1.2644e+00 +1.8447e+00 -2.7080e-02 +1.8141e+00 +1.1017e-01 +9.1034e-01 +9.1347e-02
963 0 +3.537666624e+01 +1.675566662e+02 +1.675566662e+02 +2.7777e+00 +5.6301e-01 -3.8961e-01 -1.2927e+00 +1.8517e+00 -3.1821e-02 +1.7999e+00 +9.3191e-02 +9.2478e-01 +9.4795e-02
% f evaluations | g evaluations | best noise-free fitness - Fopt (-3.930000000000e+01) + sum g_i+ | measured fitness | best measured fitness or single-digit g-values | x1 | x2...
1 0 +3.911508430e+02 +3.518508430e+02 +3.518508430e+02 +0.0000e+00 +0.0000e+00 +0.0000e+00 +0.0000e+00 +0.0000e+00 +0.0000e+00 +0.0000e+00 +0.0000e+00 +0.0000e+00 +0.0000e+00
2 0 +3.501386334e+02 +3.108386334e+02 +3.108386334e+02 +4.3379e-01 +3.0692e-02 +9.8026e-02 +3.4094e-01 +2.4727e-01 +1.7369e-01 -1.1375e-01 -3.0566e-01 +1.1285e-01 -1.5359e-01
6 0 +3.220719494e+02 +2.827719494e+02 +2.827719494e+02 +1.8723e-01 -2.5702e-01 +1.5212e-01 +1.5671e-02 +5.1476e-01 -6.3323e-02 +3.7553e-01 -3.4671e-01 +9.3874e-02 -2.1343e-01
36 0 +3.036345874e+02 +2.643345874e+02 +2.643345874e+02 +3.7668e-01 +1.1371e-01 -3.6967e-01 -1.0076e-01 +2.9914e-01 -1.1419e-01 +7.6464e-01 -8.6328e-01 +7.5482e-01 -8.4366e-01
48 0 +2.792134525e+02 +2.399134525e+02 +2.399134525e+02 +5.3498e-01 -3.0241e-01 -2.7749e-02 -6.4881e-02 +3.8446e-01 +4.2499e-02 +4.2802e-01 -7.3247e-02 +5.3645e-01 -4.1573e-01
80 0 +2.674903499e+02 +2.281903499e+02 +2.281903499e+02 +8.5838e-01 -3.1769e-01 -1.5675e-01 -3.0701e-01 -2.1279e-01 +3.6180e-02 +1.1201e+00 +1.0866e-02 +7.4452e-01 -4.3968e-01
101 0 +2.577722753e+02 +2.184722753e+02 +2.184722753e+02 +7.4653e-01 -4.2417e-01 -1.3240e-02 -2.9721e-01 -2.0784e-01 +6.7021e-02 +1.0767e+00 +5.0619e-02 +7.7894e-01 -5.1916e-01
111 0 +2.349362998e+02 +1.956362998e+02 +1.956362998e+02 +7.7107e-01 -2.9436e-01 -9.9584e-02 -3.1540e-01 -1.6145e-01 +6.1643e-02 +1.1922e+00 +7.0546e-02 +9.9199e-01 -5.9514e-01
121 0 +2.232503199e+02 +1.839503199e+02 +1.839503199e+02 +6.4708e-01 -2.2510e-01 -1.3769e-02 -1.4424e-01 -1.0676e-01 -6.5551e-02 +1.1609e+00 +6.8623e-02 +1.0974e+00 -5.2712e-01
251 0 +2.124689821e+02 +1.731689821e+02 +1.731689821e+02 +4.8605e-01 -3.2336e-01 -6.9054e-02 -3.5836e-02 -1.4481e-01 -6.3622e-02 +1.2408e+00 -2.7873e-05 +1.0545e+00 -6.5372e-01
441 0 +2.085616424e+02 +1.692616424e+02 +1.692616424e+02 +6.2558e-01 -3.3329e-01 -7.4432e-02 -7.2820e-02 -1.1966e-01 +5.7915e-02 +1.2329e+00 +7.4829e-02 +1.0524e+00 -6.4966e-01
521 0 +2.039803041e+02 +1.646803041e+02 +1.646803041e+02 +5.8523e-01 -3.2495e-01 -6.9374e-02 -5.4653e-02 -1.1019e-01 +2.9068e-02 +1.2132e+00 +7.8817e-02 +1.0346e+00 -6.1059e-01
% f evaluations | g evaluations | best noise-free fitness - Fopt (4.296000000000e+01) + sum g_i+ | measured fitness | best measured fitness or single-digit g-values | x1 | x2...
1 0 +2.441890984e+02 +2.871490984e+02 +2.871490984e+02 +0.0000e+00 +0.0000e+00 +0.0000e+00 +0.0000e+00 +0.0000e+00 +0.0000e+00 +0.0000e+00 +0.0000e+00 +0.0000e+00 +0.0000e+00
2 0 +1.509259665e+02 +1.938859665e+02 +1.938859665e+02 +4.3379e-01 +3.0692e-02 +9.8026e-02 +3.4094e-01 +2.4727e-01 +1.7369e-01 -1.1375e-01 -3.0566e-01 +1.1285e-01 -1.5359e-01
13 0 +1.428319813e+02 +1.857919813e+02 +1.857919813e+02 +1.1603e-01 +8.7446e-02 +2.3029e-01 +1.3913e-01 -2.3943e-01 -9.6976e-02 -2.4288e-01 -7.1089e-01 -4.2236e-01 +5.7624e-01
42 0 +1.287014718e+02 +1.716614718e+02 +1.716614718e+02 +6.5206e-01 +1.0643e-01 -1.1991e-01 +7.0141e-02 +7.2207e-02 -2.5776e-01 -1.2017e-01 -6.9740e-01 +5.1889e-01 +4.7529e-01
57 0 +1.254870546e+02 +1.684470546e+02 +1.684470546e+02 +4.3363e-01 +1.8359e-01 -4.8108e-01 -2.2094e-01 +3.9055e-01 -1.7490e-01 -9.6075e-02 -3.8722e-01 +5.6855e-01 +4.6440e-01
76 0 +1.196951236e+02 +1.626551236e+02 +1.626551236e+02 +1.8240e-01 +5.6681e-01 -4.6975e-01 +3.3926e-01 +2.3889e-01 -3.1901e-01 +3.5858e-01 -7.4705e-01 +7.9772e-01 +4.8122e-01
112 0 +1.109412057e+02 +1.539012057e+02 +1.539012057e+02 +2.8599e-01 +6.4676e-01 -5.3210e-01 -2.2850e-01 +1.7461e-01 -7.5790e-01 +3.9627e-01 -8.0356e-01 +1.0460e+00 +2.0867e-01
113 0 +1.062980703e+02 +1.492580703e+02 +1.492580703e+02 +5.5015e-01 +7.9150e-01 -2.5831e-01 +4.7545e-01 +3.0484e-01 -1.0784e+00 +5.9136e-02 -1.1486e+00 +9.3143e-01 +4.4196e-01
147 0 +1.040032682e+02 +1.469632682e+02 +1.469632682e+02 +3.7975e-01 +9.2806e-01 -1.5052e-01 +2.9641e-01 -5.1497e-02 -1.1181e+00 +1.1457e-02 -1.2215e+00 +1.1095e+00 +5.3183e-01
154 0 +7.715581331e+01 +1.201158133e+02 +1.201158133e+02 +4.9591e-01 +8.6239e-01 -4.5084e-01 +4.1153e-01 +1.6503e-01 -1.2664e+00 -7.2864e-02 -1.6484e+00 +5.0543e-01 +5.1705e-01
189 0 +7.567229760e+01 +1.186322976e+02 +1.186322976e+02 +4.7929e-01 +9.8114e-01 -4.1791e-01 +3.5170e-01 +3.6708e-01 -1.1708e+00 -7.7053e-02 -1.5543e+00 +5.4069e-01 +8.2819e-01
201 0 +6.803537280e+01 +1.109953728e+02 +1.109953728e+02 +5.2324e-01 +9.0795e-01 -4.8954e-01 +3.1584e-01 +3.8847e-01 -1.1183e+00 -2.3035e-01 -1.6403e+00 +7.2841e-01 +5.5032e-01
374 0 +6.638560098e+01 +1.093456010e+02 +1.093456010e+02 +5.1451e-01 +9.3040e-01 -4.5874e-01 +2.9619e-01 +4.6716e-01 -1.3626e+00 -1.4229e-01 -1.9662e+00 +1.0672e+00 +5.4381e-01
432 0 +6.510046676e+01 +1.080604668e+02 +1.080604668e+02 +5.9965e-01 +8.9891e-01 -4.3542e-01 +3.3647e-01 +3.6212e-01 -1.1837e+00 -1.5817e-01 -2.0153e+00 +1.0530e+00 +6.4828e-01
441 0 +6.142625277e+01 +1.043862528e+02 +1.043862528e+02 +5.6781e-01 +8.7962e-01 -4.7854e-01 +2.6661e-01 +3.5826e-01 -1.2915e+00 -1.6567e-01 -1.9875e+00 +1.1151e+00 +5.3976e-01
450 0 +5.763723993e+01 +1.005972399e+02 +1.005972399e+02 +5.3703e-01 +7.8884e-01 -4.7273e-01 +2.8289e-01 +3.2051e-01 -1.3365e+00 -1.5508e-01 -2.0521e+00 +1.0585e+00 +5.3683e-01
451 0 +5.329134241e+01 +9.625134241e+01 +9.625134241e+01 +5.4596e-01 +8.3587e-01 -4.7357e-01 +2.9663e-01 +3.3365e-01 -1.2797e+00 -1.6686e-01 -2.0192e+00 +1.0524e+00 +5.4971e-01
481 0 +4.987304517e+01 +9.283304517e+01 +9.283304517e+01 +5.5016e-01 +7.9943e-01 -4.1448e-01 +2.9100e-01 +3.1564e-01 -1.2475e+00 -1.7662e-01 -1.9668e+00 +1.0851e+00 +5.7067e-01
491 0 +4.847824806e+01 +9.143824806e+01 +9.143824806e+01 +5.6003e-01 +7.8254e-01 -4.2183e-01 +3.0880e-01 +2.9860e-01 -1.2168e+00 -1.5084e-01 -1.9521e+00 +1.0639e+00 +5.5362e-01
514 0 +4.537430038e+01 +8.833430038e+01 +8.833430038e+01 +6.3892e-01 +8.1485e-01 -4.3812e-01 +3.0949e-01 +2.1477e-01 -1.0973e+00 -1.1397e-01 -1.9758e+00 +1.0298e+00 +5.5183e-01
576 0 +4.457332266e+01 +8.753332266e+01 +8.753332266e+01 +5.0003e-01 +7.7167e-01 -3.7857e-01 +3.1397e-01 +2.5504e-01 -1.2104e+00 -1.3864e-01 -1.9934e+00 +1.0547e+00 +5.5032e-01
591 0 +4.284228673e+01 +8.580228673e+01 +8.580228673e+01 +5.2223e-01 +8.0247e-01 -4.0316e-01 +3.2977e-01 +2.3798e-01 -1.1853e+00 -1.4974e-01 -1.9895e+00 +1.0649e+00 +5.5831e-01
596 0 +4.198888432e+01 +8.494888432e+01 +8.494888432e+01 +5.3101e-01 +7.7674e-01 -3.7741e-01 +3.5481e-01 +2.0702e-01 -1.1145e+00 -1.5206e-01 -1.9883e+00 +1.0504e+00 +5.8652e-01
603 0 +4.135463782e+01 +8.431463782e+01 +8.431463782e+01 +4.9835e-01 +7.9103e-01 -3.6575e-01 +3.2090e-01 +2.0356e-01 -1.1476e+00 -1.7267e-01 -2.0024e+00 +1.0610e+00 +5.5672e-01
614 0 +4.056936182e+01 +8.352936182e+01 +8.352936182e+01 +4.9903e-01 +7.7073e-01 -3.8816e-01 +2.9211e-01 +2.1844e-01 -1.1214e+00 -1.3463e-01 -1.9658e+00 +1.0495e+00 +5.7879e-01
617 0 +3.737396744e+01 +8.033396744e+01 +8.033396744e+01 +5.1905e-01 +8.3320e-01 -3.9104e-01 +3.3148e-01 +2.3843e-01 -1.0863e+00 -1.6761e-01 -1.9722e+00 +1.0448e+00 +5.6608e-01
681 0 +3.679975337e+01 +7.975975337e+01 +7.975975337e+01 +5.0319e-01 +8.2324e-01 -3.7933e-01 +3.2485e-01 +2.3251e-01 -1.0911e+00 -1.6612e-01 -1.9791e+00 +1.0533e+00 +5.6231e-01
711 0 +3.595743776e+01 +7.891743776e+01 +7.891743776e+01 +5.1467e-01 +8.0986e-01 -3.7188e-01 +3.0681e-01 +2.6595e-01 -1.0846e+00 -1.5529e-01 -1.9869e+00 +1.0500e+00 +5.6218e-01
726 0 +3.547203045e+01 +7.843203045e+01 +7.843203045e+01 +5.0917e-01 +8.2330e-01 -3.8527e-01 +2.9143e-01 +2.6812e-01 -1.0607e+00 -1.5661e-01 -1.9799e+00 +1.0457e+00 +5.6079e-01
% f evaluations | g evaluations | best noise-free fitness - Fopt (2.842200000000e+02) + sum g_i+ | measured fitness | best measured fitness or single-digit g-values | x1 | x2...
1 0 +3.304095806e+02 +6.146295806e+02 +6.146295806e+02 +0.0000e+00 +0.0000e+00 +0.0000e+00 +0.0000e+00 +0.0000e+00 +0.0000e+00 +0.0000e+00 +0.0000e+00 +0.0000e+00 +0.0000e+00
2 0 +3.186285738e+02 +6.028485738e+02 +6.028485738e+02 +4.3379e-01 +3.0692e-02 +9.8026e-02 +3.4094e-01 +2.4727e-01 +1.7369e-01 -1.1375e-01 -3.0566e-01 +1.1285e-01 -1.5359e-01
4 0 +2.870571270e+02 +5.712771270e+02 +5.712771270e+02 +2.1661e-01 -2.7248e-01 -1.4933e-01 +1.8171e-01 -5.0930e-01 +2.3317e-01 -2.5183e-01 -1.2653e-01 +4.3300e-01 -1.9345e-02
30 0 +2.682479498e+02 +5.524679498e+02 +5.524679498e+02 +4.0369e-02 -2.4657e-01 +2.0235e-01 +1.2144e-01 +1.1165e-01 -1.1203e-01 -4.9063e-02 -4.4032e-01 +2.6284e-01 -1.9858e-02
45 0 +2.581039479e+02 +5.423239479e+02 +5.423239479e+02 +3.7094e-01 -3.0076e-01 +2.0049e-01 +2.1449e-01 -3.4580e-01 -2.9933e-01 +7.4344e-02 -1.7201e-01 +5.5021e-02 -8.7038e-02
66 0 +2.449882082e+02 +5.292082082e+02 +5.292082082e+02 +2.4498e-01 -2.1413e-01 +2.2498e-01 +1.5777e-01 -1.6565e-01 -2.0476e-01 +1.9368e-01 -1.8276e-01 +5.4677e-01 +3.7150e-02
110 0 +2.184198949e+02 +5.026398949e+02 +5.026398949e+02 +2.9264e-01 -3.1845e-01 +1.4177e-01 +2.7709e-01 -4.9407e-01 -3.7387e-01 +9.5289e-01 +1.1151e-01 +5.4072e-01 -7.6180e-02
111 0 +2.137451743e+02 +4.979651743e+02 +4.979651743e+02 +1.1853e-01 -2.6802e-01 +9.9432e-02 +2.3057e-01 -5.9953e-01 -1.6444e-01 +9.0197e-01 +1.8164e-01 +5.2575e-01 -1.7132e-01
191 0 +2.029236749e+02 +4.871436749e+02 +4.871436749e+02 -6.1826e-02 -2.1580e-01 +2.3464e-01 +2.3371e-01 -5.3522e-01 -3.5989e-01 +1.0273e+00 -1.5507e-01 +2.2720e-01 -3.1625e-02
281 0 +1.992092876e+02 +4.834292876e+02 +4.834292876e+02 +5.9145e-02 -2.1014e-01 +2.1632e-01 +2.4712e-01 -4.6138e-01 -3.0834e-01 +1.0048e+00 -1.6665e-01 +2.6011e-01 -7.4818e-02
384 0 +1.927784689e+02 +4.769984689e+02 +4.769984689e+02 +1.0434e-01 -1.4428e-01 +2.3552e-01 +2.6345e-01 -6.1323e-01 -2.1353e-01 +1.0549e+00 -1.4235e-01 +2.6264e-01 -1.0701e-01
428 0 +1.891759335e+02 +4.733959335e+02 +4.733959335e+02 +1.3343e-01 -2.2104e-01 +1.9714e-01 +1.8924e-01 -5.9537e-01 -2.4164e-01 +1.0303e+00 -1.4215e-01 +2.4786e-01 -7.2429e-02
% f evaluations | g evaluations | best noise-free fitness - Fopt (-3.217000000000e+01) + sum g_i+ | measured fitness | best measured fitness or single-digit g-values | x1 | x2...
1 0 +2.887888850e+02 +2.566188850e+02 +2.566188850e+02 +0.0000e+00 +0.0000e+00 +0.0000e+00 +0.0000e+00 +0.0000e+00 +0.0000e+00 +0.0000e+00 +0.0000e+00 +0.0000e+00 +0.0000e+00
2 0 +2.804558560e+02 +2.482858560e+02 +2.482858560e+02 +4.3379e-01 +3.0692e-02 +9.8026e-02 +3.4094e-01 +2.4727e-01 +1.7369e-01 -1.1375e-01 -3.0566e-01 +1.1285e-01 -1.5359e-01
3 0 +2.609967245e+02 +2.288267245e+02 +2.288267245e+02 +2.4817e-01 +6.3376e-02 -2.2359e-01 +8.0318e-02 +2.1275e-01 +5.3256e-02 -2.3477e-01 +7.8699e-02 +1.0710e-01 +2.4729e-01
5 0 +2.500701865e+02 +2.179001865e+02 +2.179001865e+02 -9.0564e-02 +8.4424e-02 -2.8183e-02 -1.8777e-01 +7.4957e-02 +6.4105e-01 +2.7589e-01 +1.3137e-01 +7.7185e-02 +2.3934e-01
8 0 +2.349378155e+02 +2.027678155e+02 +2.027678155e+02 +6.0234e-01 +2.6527e-01 +2.8700e-01 -7.0577e-01 +5.2611e-01 +2.0125e-02 -3.9010e-01 +9.9670e-02 +3.8961e-01 -4.6269e-01
16 0 +2.280765523e+02 +1.959065523e+02 +1.959065523e+02 +4.7988e-01 +1.1857e-01 -2.1663e-01 -1.1741e-01 +1.2345e+00 -1.8086e-02 -1.7766e-01 -2.3979e-01 +5.5663e-01 +4.4631e-01
56 0 +2.087310329e+02 +1.765610329e+02 +1.765610329e+02 +4.5968e-01 +3.6346e-01 +3.2982e-01 +4.9014e-02 +5.9669e-01 +4.7689e-01 -5.6404e-01 +6.8971e-02 +7.2164e-01 +4.0042e-02
151 0 +2.016595165e+02 +1.694895165e+02 +1.694895165e+02 +1.7374e-01 +2.3219e-01 +2.1611e-01 +4.3323e-01 +4.7777e-01 +5.4821e-01 -9.0890e-02 +5.3252e-01 +1.3498e+00 -2.5162e-01
152 0 +1.852086746e+02 +1.530386746e+02 +1.530386746e+02 +2.0746e-01 +3.5002e-01 +3.9813e-01 +4.4119e-01 +7.2989e-01 +5.0176e-01 +3.4851e-01 +2.7431e-01 +1.3676e+00 -3.3044e-01
191 0 +1.818879900e+02 +1.497179900e+02 +1.497179900e+02 +4.9488e-03 +3.6375e-01 +3.9338e-01 +4.1924e-01 +6.8393e-01 +5.2296e-01 -1.9255e-02 +4.6412e-01 +1.1073e+00 -2.9785e-01
227 0 +1.584550644e+02 +1.262850644e+02 +1.262850644e+02 +4.9948e-01 +3.3682e-01 +4.2634e-01 +6.4218e-01 +5.5850e-01 +5.4764e-01 -1.3866e-01 +7.6902e-01 +1.4102e+00 -5.6969e-01
266 0 +1.310313795e+02 +9.886137952e+01 +9.886137952e+01 +3.6554e-01 +2.8474e-01 +3.7151e-01 +5.0326e-01 +6.4523e-01 +5.0003e-01 -1.0635e-01 +4.3175e-01 +1.0120e+00 -6.0397e-01
361 0 +1.280118718e+02 +9.584187179e+01 +9.584187179e+01 +3.8626e-01 +2.5415e-01 +3.6684e-01 +5.6950e-01 +7.0506e-01 +6.1913e-01 -1.1441e-01 +4.8933e-01 +1.0737e+00 -5.8999e-01
463 0 +1.246917240e+02 +9.252172397e+01 +9.252172397e+01 +4.6986e-01 +2.2538e-01 +3.9095e-01 +5.5501e-01 +6.8642e-01 +6.4193e-01 -1.0653e-01 +4.7691e-01 +1.0404e+00 -6.1080e-01
520 0 +1.222784053e+02 +9.010840530e+01 +9.010840530e+01 +4.4098e-01 +1.7266e-01 +4.1007e-01 +5.9737e-01 +6.6363e-01 +5.8188e-01 -7.2272e-02 +5.1119e-01 +1.0447e+00 -6.0615e-01
630 0 +1.200862110e+02 +8.791621101e+01 +8.791621101e+01 +4.2830e-01 +1.5323e-01 +4.4287e-01 +5.8356e-01 +6.4880e-01 +5.7627e-01 -9.8239e-02 +5.0279e-01 +1.0358e+00 -5.9407e-01
% f evaluations | g evaluations | best noise-free fitness - Fopt (-5.858000000000e+01) + sum g_i+ | measured fitness | best measured fitness or single-digit g-values | x1 | x2...
1 0 +3.893409175e+02 +3.307609175e+02 +3.307609175e+02 +0.0000e+00 +0.0000e+00 +0.0000e+00 +0.0000e+00 +0.0000e+00 +0.0000e+00 +0.0000e+00 +0.0000e+00 +0.0000e+00 +0.0000e+00
2 0 +3.816155909e+02 +3.230355909e+02 +3.230355909e+02 +4.3379e-01 +3.0692e-02 +9.8026e-02 +3.4094e-01 +2.4727e-01 +1.7369e-01 -1.1375e-01 -3.0566e-01 +1.1285e-01 -1.5359e-01
6 0 +3.472017006e+02 +2.886217006e+02 +2.886217006e+02 +1.8723e-01 -2.5702e-01 +1.5212e-01 +1.5671e-02 +5.1476e-01 -6.3323e-02 +3.7553e-01 -3.4671e-01 +9.3874e-02 -2.1343e-01
15 0 +3.190143110e+02 +2.604343110e+02 +2.604343110e+02 +6.0204e-01 -4.4479e-01 +1.3287e-01 -2.5704e-01 -1.5242e-01 +2.4192e-01 +3.7012e-01 +3.0791e-01 +9.3682e-02 +2.0686e-01
42 0 +3.038888367e+02 +2.453088367e+02 +2.453088367e+02 +6.1997e-01 -4.8611e-01 +2.8003e-01 +1.0833e-01 -2.8799e-02 -1.1824e-01 -3.6409e-02 +5.2607e-02 +9.0651e-01 +6.7822e-01
44 0 +2.732166795e+02 +2.146366795e+02 +2.146366795e+02 +7.5382e-01 -7.2629e-01 -2.7353e-01 +1.2669e-01 -3.9141e-02 +3.0093e-01 +2.5237e-01 +3.4236e-01 +1.0593e+00 +9.4630e-01
66 0 +2.651416647e+02 +2.065616647e+02 +2.065616647e+02 +6.0681e-01 -5.0434e-01 -1.2751e-01 -1.2922e-01 +8.5856e-02 -1.6482e-01 +1.4373e-01 +3.1841e-01 +1.6078e+00 +9.9448e-01
81 0 +2.500191290e+02 +1.914391290e+02 +1.914391290e+02 +5.5166e-01 -6.8722e-01 +2.4110e-01 +1.2138e-01 -9.2690e-02 -1.1284e-01 +4.1530e-01 +5.8547e-01 +1.5821e+00 +1.2102e+00
96 0 +2.339347640e+02 +1.753547640e+02 +1.753547640e+02 +5.1838e-01 -1.0553e+00 +2.6325e-01 +5.5287e-02 +1.9742e-01 -2.2338e-01 +3.0065e-01 +7.4595e-01 +2.6046e+00 +1.5801e+00
110 0 +2.218183240e+02 +1.632383240e+02 +1.632383240e+02 +7.8954e-01 -7.8030e-01 +3.0030e-01 +2.8683e-02 -5.7666e-02 -9.3084e-01 +9.8429e-01 +7.1641e-01 +2.6152e+00 +1.4956e+00
113 0 +2.004715916e+02 +1.418915916e+02 +1.418915916e+02 +5.0436e-01 -4.8892e-01 +9.3150e-01 +6.7763e-01 +7.3444e-01 -1.3880e+00 +8.8260e-01 +2.6746e-01 +2.4087e+00 +1.1614e+00
127 0 +1.957183293e+02 +1.371383293e+02 +1.371383293e+02 +2.6633e-02 -6.2368e-01 +5.1572e-01 -1.7531e-01 -2.2414e-02 -1.1074e+00 +1.4403e+00 +1.2945e+00 +2.4165e+00 +1.6679e+00
157 0 +1.737995826e+02 +1.152195826e+02 +1.152195826e+02 +1.8576e-01 -4.9624e-01 +8.2896e-01 +4.2898e-01 +6.3871e-01 -1.4095e+00 +1.9247e+00 +1.1239e+00 +2.3936e+00 +1.0610e+00
220 0 +1.360762554e+02 +7.749625536e+01 +7.749625536e+01 +6.2570e-01 -8.7356e-01 +9.7309e-01 +4.5621e-01 +1.7341e+00 -1.4811e+00 +1.4890e+00 +7.7878e-01 +2.6873e+00 +1.5881e+00
356 0 +1.213311530e+02 +6.275115295e+01 +6.275115295e+01 +7.9363e-01 -8.9203e-01 +9.1615e-01 +4.8910e-01 +2.1325e+00 -1.7838e+00 +2.8062e+00 +1.3394e+00 +2.3159e+00 +1.8990e+00
487 0 +1.070798431e+02 +4.849984311e+01 +4.849984311e+01 +5.3649e-01 -8.8981e-01 +9.5350e-01 +5.4961e-01 +1.8633e+00 -1.4807e+00 +3.1636e+00 +1.7910e+00 +2.5450e+00 +1.6493e+00
505 0 +9.921745006e+01 +4.063745006e+01 +4.063745006e+01 +5.9402e-01 -6.4618e-01 +9.0657e-01 +8.1352e-01 +1.8334e+00 -1.3227e+00 +3.1862e+00 +1.7138e+00 +2.2670e+00 +1.5880e+00
611 0 +9.421778973e+01 +3.563778973e+01 +3.563778973e+01 +4.4650e-01 -6.8826e-01 +9.8709e-01 +6.8052e-01 +1.7259e+00 -1.4417e+00 +2.6977e+00 +1.6891e+00 +2.3883e+00 +1.3060e+00
622 0 +9.049782596e+01 +3.191782596e+01 +3.191782596e+01 +4.4058e-01 -6.1520e-01 +9.6333e-01 +6.6254e-01 +1.7692e+00 -1.5020e+00 +2.8165e+00 +1.7582e+00 +2.3897e+00 +1.3476e+00
705 0 +8.885976714e+01 +3.027976714e+01 +3.027976714e+01 +4.7984e-01 -7.4571e-01 +9.6730e-01 +5.9706e-01 +1.8553e+00 -1.4301e+00 +2.8095e+00 +1.7582e+00 +2.3361e+00 +1.5067e+00
722 0 +7.963650366e+01 +2.105650366e+01 +2.105650366e+01 +4.9281e-01 -7.3385e-01 +9.1585e-01 +6.3699e-01 +1.7438e+00 -1.4352e+00 +2.7308e+00 +1.7787e+00 +2.3514e+00 +1.5937e+00
752 0 +7.561450286e+01 +1.703450286e+01 +1.703450286e+01 +4.4925e-01 -6.9420e-01 +9.2873e-01 +5.7213e-01 +1.8499e+00 -1.4212e+00 +2.7124e+00 +1.7937e+00 +2.3282e+00 +1.6128e+00
804 0 +7.376845167e+01 +1.518845167e+01 +1.518845167e+01 +5.0095e-01 -6.7576e-01 +9.2659e-01 +5.9201e-01 +1.8197e+00 -1.3931e+00 +2.7562e+00 +1.8001e+00 +2.3689e+00 +1.6125e+00
851 0 +7.087256030e+01 +1.229256030e+01 +1.229256030e+01 +5.4753e-01 -6.6817e-01 +8.9883e-01 +5.9398e-01 +1.8468e+00 -1.4459e+00 +2.7120e+00 +1.7803e+00 +2.3628e+00 +1.6049e+00
861 0 +7.050885149e+01 +1.192885149e+01 +1.192885149e+01 +5.4948e-01 -6.5582e-01 +8.9934e-01 +6.1646e-01 +1.8436e+00 -1.4388e+00 +2.6983e+00 +1.7692e+00 +2.3546e+00 +1.5927e+00
908 0 +6.897503850e+01 +1.039503850e+01 +1.039503850e+01 +5.4780e-01 -6.6007e-01 +9.2837e-01 +6.1876e-01 +1.8610e+00 -1.4253e+00 +2.7344e+00 +1.7861e+00 +2.3383e+00 +1.6141e+00
944 0 +6.741492876e+01 +8.834928763e+00 +8.834928763e+00 +5.8125e-01 -6.4487e-01 +9.2271e-01 +6.2757e-01 +1.8602e+00 -1.4167e+00 +2.7382e+00 +1.7701e+00 +2.3499e+00 +1.6108e+00
1017 0 +6.602754626e+01 +7.447546255e+00 +7.447546255e+00 +5.6508e-01 -6.6567e-01 +9.4198e-01 +6.1687e-01 +1.8841e+00 -1.4303e+00 +2.7480e+00 +1.7540e+00 +2.3509e+00 +1.6142e+00
% f evaluations | g evaluations | best noise-free fitness - Fopt (-6.049200000000e+02) + sum g_i+ | measured fitness | best measured fitness or single-digit g-values | x1 | x2...
1 0 +1.921933093e+02 -4.127266907e+02 -4.127266907e+02 +0.0000e+00 +0.0000e+00 +0.0000e+00 +0.0000e+00 +0.0000e+00 +0.0000e+00 +0.0000e+00 +0.0000e+00 +0.0000e+00 +0.0000e+00
3 0 +1.734846391e+02 -4.314353609e+02 -4.314353609e+02 +2.4817e-01 +6.3376e-02 -2.2359e-01 +8.0318e-02 +2.1275e-01 +5.3256e-02 -2.3477e-01 +7.8699e-02 +1.0710e-01 +2.4729e-01
9 0 +1.601739323e+02 -4.447460677e+02 -4.447460677e+02 +3.2075e-01 -8.8256e-02 -1.5931e-01 -1.1698e-01 -2.3584e-01 +6.5800e-02 +8.0156e-02 +3.1223e-01 +4.1734e-01 -8.7755e-02
21 0 +1.455602723e+02 -4.593597277e+02 -4.593597277e+02 -3.9367e-03 -2.0901e-03 -2.1570e-01 -9.9711e-02 -4.0612e-01 +2.9316e-01 -2.1284e-01 -1.9930e-01 +1.7245e-01 +2.2082e-01
112 0 +1.289388167e+02 -4.759811833e+02 -4.759811833e+02 +2.6592e-01 -1.4313e-01 -3.9641e-01 -1.2966e-01 -2.0879e-01 -4.4595e-01 +2.5190e-01 -4.6313e-01 +4.9751e-01 +1.8253e-01
147 0 +1.219471639e+02 -4.829728361e+02 -4.829728361e+02 +3.1096e-01 -1.4871e-01 -1.6477e-01 +2.0294e-01 -4.4409e-01 -6.6193e-01 +6.8749e-02 -8.5715e-01 +4.4885e-01 +2.2436e-01
173 0 +1.189949197e+02 -4.859250803e+02 -4.859250803e+02 +6.1379e-01 -7.6665e-02 -3.2229e-01 +8.1886e-02 -9.3801e-02 -5.4586e-01 +9.8909e-02 -5.2069e-01 +4.8698e-01 +1.2795e-01
175 0 +1.172088197e+02 -4.877111803e+02 -4.877111803e+02 +7.4185e-01 -1.2003e-01 -1.6989e-01 +1.3928e-01 -1.4386e-01 -5.8464e-01 -2.5255e-01 -1.1958e+00 +7.9681e-03 +2.5883e-01
206 0 +9.653254239e+01 -5.083874576e+02 -5.083874576e+02 +2.3203e-01 -7.4379e-02 -3.3755e-01 -8.8408e-02 -2.9237e-01 -6.0927e-01 +2.3785e-02 -1.3779e+00 +4.7098e-01 +2.7120e-01
232 0 +9.526788660e+01 -5.096521134e+02 -5.096521134e+02 +8.8638e-01 -1.5232e-01 -3.1453e-01 +6.2374e-03 -3.2903e-01 -5.5958e-01 -3.0837e-01 -1.1969e+00 +1.8161e-01 +3.7850e-01
257 0 +8.545839081e+01 -5.194616092e+02 -5.194616092e+02 +9.1790e-01 -1.2610e-01 -3.7869e-01 +2.7755e-02 -3.4728e-01 -6.9452e-01 -1.7951e-02 -1.1754e+00 +4.8988e-01 +2.1142e-01
283 0 +8.509161495e+01 -5.198283851e+02 -5.198283851e+02 +8.6355e-01 -8.6960e-02 -3.6511e-01 -1.4750e-01 -2.1674e-01 -6.5590e-01 +8.7767e-02 -1.2442e+00 +4.4548e-01 +1.1237e-01
337 0 +7.805596752e+01 -5.268640325e+02 -5.268640325e+02 +8.8816e-01 -1.7623e-02 -3.3291e-01 -1.5949e-01 -3.7523e-01 -5.9878e-01 +1.0739e-01 -1.3281e+00 +5.3128e-01 +2.1603e-01
357 0 +7.303352572e+01 -5.318864743e+02 -5.318864743e+02 +8.8653e-01 -4.1986e-02 -4.1494e-01 -7.0786e-02 -3.6436e-01 -6.6870e-01 +8.0756e-02 -1.2674e+00 +4.8028e-01 +1.9616e-01
411 0 +7.131745260e+01 -5.336025474e+02 -5.336025474e+02 +9.1743e-01 -5.7784e-02 -3.8600e-01 -7.2413e-02 -3.0465e-01 -5.6246e-01 +1.1722e-01 -1.2336e+00 +4.4076e-01 +2.3914e-01
414 0 +7.016457453e+01 -5.347554255e+02 -5.347554255e+02 +8.6172e-01 -3.5266e-02 -3.5012e-01 -5.2980e-02 -2.7807e-01 -6.4696e-01 +1.6005e-01 -1.2809e+00 +4.7381e-01 +2.2118e-01
419 0 +6.770521023e+01 -5.372147898e+02 -5.372147898e+02 +9.9796e-01 -3.7026e-02 -4.1745e-01 -1.0960e-01 -2.6712e-01 -5.8825e-01 +9.5625e-02 -1.2575e+00 +4.6593e-01 +2.2604e-01
424 0 +6.658337799e+01 -5.383366220e+02 -5.383366220e+02 +9.6303e-01 -5.1186e-02 -4.2135e-01 -1.2082e-01 -2.7728e-01 -6.2057e-01 +1.1100e-01 -1.2216e+00 +5.0191e-01 +2.0949e-01
428 0 +6.385839270e+01 -5.410616073e+02 -5.410616073e+02 +8.9671e-01 -1.1128e-01 -3.8117e-01 -1.6069e-01 -2.8007e-01 -6.2818e-01 +9.7488e-02 -1.2346e+00 +4.6698e-01 +2.2319e-01
541 0 +6.240847451e+01 -5.425115255e+02 -5.425115255e+02 +9.3191e-01 -1.0719e-01 -3.7584e-01 -7.0689e-02 -2.5720e-01 -6.1681e-01 +1.0867e-01 -1.2134e+00 +4.7948e-01 +2.0095e-01
621 0 +6.140440527e+01 -5.435155947e+02 -5.435155947e+02 +9.0952e-01 -1.0887e-01 -3.5568e-01 -8.9128e-02 -2.9636e-01 -6.3164e-01 +9.6377e-02 -1.2036e+00 +4.8702e-01 +2.0629e-01
632 0 +6.009226625e+01 -5.448277338e+02 -5.448277338e+02 +9.5319e-01 -8.5565e-02 -3.4157e-01 -7.1385e-02 -2.8437e-01 -6.3708e-01 +9.7129e-02 -1.2047e+00 +4.8373e-01 +2.2457e-01
782 0 +5.886690707e+01 -5.460530929e+02 -5.460530929e+02 +9.6124e-01 -9.8885e-02 -3.3083e-01 -9.6761e-02 -2.8197e-01 -6.4715e-01 +1.0629e-01 -1.2125e+00 +4.9103e-01 +2.2468e-01
% f evaluations | g evaluations | best noise-free fitness - Fopt (1.337000000000e+02) + sum g_i+ | measured fitness | best measured fitness or single-digit g-values | x1 | x2...
1 0 +2.373636990e+02 +3.710636990e+02 +3.710636990e+02 +0.0000e+00 +0.0000e+00 +0.0000e+00 +0.0000e+00 +0.0000e+00 +0.0000e+00 +0.0000e+00 +0.0000e+00 +0.0000e+00 +0.0000e+00
3 0 +2.186998644e+02 +3.523998644e+02 +3.523998644e+02 +2.4817e-01 +6.3376e-02 -2.2359e-01 +8.0318e-02 +2.1275e-01 +5.3256e-02 -2.3477e-01 +7.8699e-02 +1.0710e-01 +2.4729e-01
5 0 +2.124174860e+02 +3.461174860e+02 +3.461174860e+02 -9.0564e-02 +8.4424e-02 -2.8183e-02 -1.8777e-01 +7.4957e-02 +6.4105e-01 +2.7589e-01 +1.3137e-01 +7.7185e-02 +2.3934e-01
16 0 +1.537868626e+02 +2.874868626e+02 +2.874868626e+02 +4.1580e-01 +3.8956e-02 -1.9959e-01 -2.0622e-01 +1.3098e+00 -8.0762e-02 -4.2194e-02 -2.5309e-01 +5.5202e-01 +4.2641e-01
103 0 +1.422912465e+02 +2.759912465e+02 +2.759912465e+02 +4.7841e-01 +1.5794e-01 -9.0816e-02 -2.8905e-01 +6.2518e-01 +9.8889e-02 +1.5680e-01 -2.3271e-01 +1.8641e+00 +9.0981e-01
157 0 +1.328566958e+02 +2.665566958e+02 +2.665566958e+02 +7.0964e-01 +2.4093e-01 +1.9171e-01 +1.2385e-01 +1.2305e+00 -1.4716e-01 +5.7267e-01 -2.5070e-01 +1.8160e+00 +4.1495e-01
175 0 +1.223487380e+02 +2.560487380e+02 +2.560487380e+02 +1.4869e+00 +3.3018e-01 +4.1094e-01 -2.2488e-01 +1.2825e+00 +3.9325e-02 +1.7456e-01 -1.0462e+00 +1.4513e+00 +4.5523e-01
205 0 +1.059974529e+02 +2.396974529e+02 +2.396974529e+02 +1.7717e+00 +1.1053e-01 +3.1334e-01 -1.1135e-01 +1.3808e+00 +5.1334e-02 +9.5556e-02 -1.4478e+00 +2.2184e+00 +9.4590e-01
230 0 +1.013778231e+02 +2.350778231e+02 +2.350778231e+02 +1.6167e+00 -1.0559e-02 +3.4168e-01 -6.8202e-02 +1.2337e+00 -5.3566e-02 +2.4209e-02 -1.0809e+00 +1.6129e+00 +7.2243e-01
316 0 +9.593053028e+01 +2.296305303e+02 +2.296305303e+02 +2.5976e+00 +1.9324e-02 +3.0913e-01 -1.9923e-01 +1.7989e+00 -6.0958e-02 +6.5462e-01 -1.6293e+00 +1.8508e+00 +1.2246e+00
397 0 +8.079345213e+01 +2.144934521e+02 +2.144934521e+02 +2.3641e+00 +4.0197e-02 +3.0018e-01 -1.6517e-01 +1.8928e+00 -9.1977e-02 +1.3023e+00 -1.4225e+00 +1.4804e+00 +1.3833e+00
422 0 +7.758029273e+01 +2.112802927e+02 +2.112802927e+02 +2.4618e+00 +1.4461e-01 +3.1102e-01 -2.3079e-01 +2.0831e+00 -6.6705e-02 +1.1274e+00 -1.9940e+00 +1.4701e+00 +1.3315e+00
443 0 +7.493119433e+01 +2.086311943e+02 +2.086311943e+02 +2.4129e+00 +6.1853e-02 +3.5726e-01 -2.1218e-01 +2.2229e+00 -9.4828e-02 +9.7205e-01 -1.6365e+00 +1.8268e+00 +1.6013e+00
478 0 +6.685862931e+01 +2.005586293e+02 +2.005586293e+02 +2.4610e+00 -5.0767e-02 +3.7639e-01 -2.2810e-01 +2.0586e+00 +8.7626e-02 +1.4910e+00 -1.5341e+00 +1.5108e+00 +1.3913e+00
525 0 +6.203795985e+01 +1.957379599e+02 +1.957379599e+02 +2.4041e+00 -2.0831e-02 +2.3774e-01 -1.2376e-01 +2.0940e+00 -1.5448e-02 +1.4285e+00 -1.4862e+00 +1.8629e+00 +1.2591e+00
547 0 +6.077675958e+01 +1.944767596e+02 +1.944767596e+02 +2.4606e+00 +1.6815e-02 +2.9297e-01 -1.3716e-01 +2.1092e+00 -1.0061e-01 +1.5335e+00 -1.5647e+00 +1.8119e+00 +1.3603e+00
554 0 +5.436920897e+01 +1.880692090e+02 +1.880692090e+02 +2.4031e+00 +4.0437e-02 +2.9916e-01 -4.6967e-02 +2.1078e+00 -3.9543e-02 +1.4417e+00 -1.5125e+00 +1.7987e+00 +1.3648e+00
584 0 +5.080065503e+01 +1.845006550e+02 +1.845006550e+02 +2.2608e+00 +6.8810e-02 +3.2485e-01 -8.7617e-02 +2.0493e+00 -8.2781e-02 +1.4569e+00 -1.5007e+00 +1.8660e+00 +1.3500e+00
591 0 +4.996694499e+01 +1.836669450e+02 +1.836669450e+02 +2.3275e+00 +6.7662e-02 +3.3095e-01 -5.5160e-02 +2.0750e+00 -4.9221e-02 +1.4707e+00 -1.5444e+00 +1.8351e+00 +1.3202e+00
601 0 +4.736215733e+01 +1.810621573e+02 +1.810621573e+02 +2.3215e+00 +7.0509e-02 +3.5940e-01 -3.1710e-02 +2.0728e+00 -2.9688e-02 +1.4392e+00 -1.5340e+00 +1.8573e+00 +1.3254e+00
611 0 +4.621489136e+01 +1.799148914e+02 +1.799148914e+02 +2.3140e+00 +7.7353e-02 +3.6318e-01 -3.1614e-02 +2.0480e+00 -2.8618e-02 +1.4409e+00 -1.5147e+00 +1.8691e+00 +1.3278e+00
621 0 +4.537740616e+01 +1.790774062e+02 +1.790774062e+02 +2.3294e+00 +6.5638e-02 +3.4893e-01 -4.4894e-02 +2.0524e+00 -3.7780e-02 +1.4641e+00 -1.5147e+00 +1.8702e+00 +1.3352e+00
678 0 +4.368906567e+01 +1.773890657e+02 +1.773890657e+02 +2.3764e+00 +6.7392e-02 +3.6009e-01 -2.7954e-02 +2.0713e+00 -2.1193e-02 +1.4432e+00 -1.5269e+00 +1.8717e+00 +1.3308e+00
681 0 +4.304692176e+01 +1.767469218e+02 +1.767469218e+02 +2.4013e+00 +7.6096e-02 +3.6303e-01 -3.3752e-02 +2.0512e+00 -1.5890e-02 +1.4664e+00 -1.5188e+00 +1.8540e+00 +1.3444e+00
704 0 +4.197373435e+01 +1.756737344e+02 +1.756737344e+02 +2.4234e+00 +2.2783e-02 +3.5177e-01 -3.1039e-02 +2.0157e+00 -5.1439e-02 +1.4497e+00 -1.5329e+00 +1.8849e+00 +1.3301e+00
715 0 +4.123806148e+01 +1.749380615e+02 +1.749380615e+02 +2.4361e+00 +3.2873e-02 +3.4333e-01 -5.0319e-02 +2.0130e+00 -1.0113e-02 +1.4540e+00 -1.5379e+00 +1.8623e+00 +1.3369e+00
791 0 +4.059251773e+01 +1.742925177e+02 +1.742925177e+02 +2.4097e+00 +3.5929e-02 +3.4818e-01 -7.6767e-02 +2.0301e+00 -1.5819e-02 +1.4442e+00 -1.5135e+00 +1.8568e+00 +1.3243e+00
857 0 +3.971279318e+01 +1.734127932e+02 +1.734127932e+02 +2.4541e+00 +2.7448e-02 +3.5808e-01 -8.3396e-02 +2.0063e+00 -2.3611e-02 +1.4306e+00 -1.5142e+00 +1.8812e+00 +1.3238e+00
1293 0 +3.890106506e+01 +1.726010651e+02 +1.726010651e+02 +2.4754e+00 +4.3141e-02 +3.7856e-01 -8.4576e-02 +2.0022e+00 -3.1513e-02 +1.4449e+00 -1.5154e+00 +1.8674e+00 +1.3277e+00
% f evaluations | g evaluations | best noise-free fitness - Fopt (-2.098000000000e+01) + sum g_i+ | measured fitness | best measured fitness or single-digit g-values | x1 | x2...
1 0 +4.368437103e+02 +4.158637103e+02 +4.158637103e+02 +0.0000e+00 +0.0000e+00 +0.0000e+00 +0.0000e+00 +0.0000e+00 +0.0000e+00 +0.0000e+00 +0.0000e+00 +0.0000e+00 +0.0000e+00
3 0 +4.322965111e+02 +4.113165111e+02 +4.113165111e+02 +2.4817e-01 +6.3376e-02 -2.2359e-01 +8.0318e-02 +2.1275e-01 +5.3256e-02 -2.3477e-01 +7.8699e-02 +1.0710e-01 +2.4729e-01
5 0 +4.086429363e+02 +3.876629363e+02 +3.876629363e+02 -9.0564e-02 +8.4424e-02 -2.8183e-02 -1.8777e-01 +7.4957e-02 +6.4105e-01 +2.7589e-01 +1.3137e-01 +7.7185e-02 +2.3934e-01
14 0 +3.963880129e+02 +3.754080129e+02 +3.754080129e+02 -3.7574e-02 +2.8449e-01 -3.3580e-01 -1.1726e-01 -5.6125e-01 +5.9556e-01 -1.3035e-01 +5.4279e-01 +8.5447e-02 +4.3965e-01
16 0 +3.889981686e+02 +3.680181686e+02 +3.680181686e+02 +3.2353e-01 -5.0754e-02 -3.9046e-01 +3.4165e-04 +8.2436e-01 +3.1476e-04 -7.9548e-02 -1.3586e-01 +6.1696e-01 +5.7660e-01
20 0 +3.572329764e+02 +3.362529764e+02 +3.362529764e+02 +7.4040e-02 +9.8441e-02 -1.4092e-01 -3.7229e-01 +6.5532e-02 +7.8093e-03 +7.9174e-01 +1.7339e-01 +1.6567e-01 +3.1788e-01
24 0 +3.450816685e+02 +3.241016685e+02 +3.241016685e+02 +7.1609e-02 +1.6769e-01 -5.5242e-01 -1.0985e-01 -3.9335e-01 +4.7463e-01 +1.9919e-01 -5.5156e-02 +4.1037e-01 +8.5670e-01
32 0 +3.128767262e+02 +2.918967262e+02 +2.918967262e+02 +4.9429e-02 -1.6914e-01 -4.8006e-01 +2.0854e-02 -4.9393e-01 +5.1280e-01 +3.1919e-01 +8.7953e-01 +2.9475e-01 +1.1931e+00
50 0 +2.971892568e+02 +2.762092568e+02 +2.762092568e+02 +8.6623e-01 +1.8453e-01 -3.9911e-01 +2.4897e-01 +2.3329e-01 +3.5223e-01 +5.0049e-01 +1.0520e+00 -4.2435e-02 +1.3680e+00
60 0 +2.840069952e+02 +2.630269952e+02 +2.630269952e+02 +7.3950e-01 +8.5177e-02 -5.1915e-01 -3.1400e-01 -8.7377e-02 +5.7141e-01 +6.4552e-01 +9.3811e-01 +1.2304e-01 +1.1437e+00
66 0 +2.703476925e+02 +2.493676925e+02 +2.493676925e+02 +6.6988e-01 +3.1802e-01 -8.4064e-01 -2.6141e-01 +5.6470e-02 +2.6430e-01 +2.9063e-01 +8.8851e-01 +1.0256e+00 +1.7935e+00
74 0 +2.211880377e+02 +2.002080377e+02 +2.002080377e+02 +1.3644e+00 -1.4446e-01 -5.2816e-01 -9.1699e-02 +1.8785e-02 +2.5966e-01 +3.6905e-01 +1.8857e+00 +1.0345e+00 +2.6992e+00
87 0 +2.061541958e+02 +1.851741958e+02 +1.851741958e+02 +1.1980e+00 +5.9574e-01 -1.0276e+00 +8.6952e-02 -7.0277e-01 +6.8310e-01 +6.4622e-01 +1.8648e+00 +1.7987e+00 +2.7907e+00
96 0 +1.821908443e+02 +1.612108443e+02 +1.612108443e+02 +1.4209e+00 +6.2502e-02 -1.1083e+00 -2.2243e-01 -5.6639e-03 +3.6715e-01 +5.3170e-01 +2.5555e+00 +1.6260e+00 +3.0147e+00
101 0 +1.776888269e+02 +1.567088269e+02 +1.567088269e+02 +1.1017e+00 +4.7408e-01 -1.1489e+00 -1.5046e-01 -1.2211e-01 +4.0106e-01 +7.1000e-01 +2.1571e+00 +1.0531e+00 +2.9578e+00
103 0 +1.697006422e+02 +1.487206422e+02 +1.487206422e+02 +1.0830e+00 +1.0002e+00 -1.7935e+00 -3.6131e-01 -3.0949e-01 +4.2735e-01 +7.7741e-01 +2.7282e+00 +1.6328e+00 +3.2288e+00
111 0 +1.638440957e+02 +1.428640957e+02 +1.428640957e+02 +1.2511e+00 +1.1165e+00 -1.4206e+00 -1.8597e-01 -6.7874e-02 +4.7505e-01 +7.4789e-01 +2.6440e+00 +1.4950e+00 +3.1738e+00
121 0 +1.424741148e+02 +1.214941148e+02 +1.214941148e+02 +9.0261e-01 +9.7655e-01 -1.3065e+00 -4.0993e-01 +1.6453e-01 +3.4380e-01 +8.2489e-01 +2.7196e+00 +1.6301e+00 +3.1224e+00
147 0 +1.393384815e+02 +1.183584815e+02 +1.183584815e+02 -1.9819e-01 +3.8901e-01 -7.3787e-01 -8.4465e-01 -4.8883e-01 -3.5493e-01 +1.0583e+00 +2.6681e+00 +1.8245e+00 +2.6121e+00
157 0 +1.221839197e+02 +1.012039197e+02 +1.012039197e+02 -8.8124e-02 +9.8870e-01 -1.3436e+00 -6.6828e-01 -2.7014e-02 -3.5071e-01 +2.0940e+00 +4.2228e+00 +1.4918e+00 +3.3165e+00
207 0 +9.320481042e+01 +7.222481042e+01 +7.222481042e+01 +1.2760e+00 +1.1899e+00 -1.1538e+00 -3.7619e-01 +2.9187e-01 -2.7715e-02 +2.6723e+00 +4.7440e+00 +2.0601e+00 +3.8051e+00
261 0 +8.740080326e+01 +6.642080326e+01 +6.642080326e+01 +4.0106e-03 +4.6032e-01 -1.1802e+00 -1.1082e+00 +1.2534e+00 -1.6757e+00 +2.0006e+00 +3.8881e+00 +1.7069e+00 +3.7862e+00
286 0 +8.707151220e+01 +6.609151220e+01 +6.609151220e+01 -8.3454e-01 +4.9416e-01 -1.1156e+00 -1.5732e+00 +1.8104e+00 -2.8613e+00 +2.9761e+00 +3.7822e+00 +1.5671e+00 +4.0762e+00
287 0 +8.052041712e+01 +5.954041712e+01 +5.954041712e+01 -3.5839e-02 +3.4891e-01 -1.0837e+00 -1.1736e+00 +1.6414e+00 -2.6306e+00 +2.4412e+00 +3.3827e+00 +2.0852e+00 +3.8495e+00
368 0 +4.652123617e+01 +2.554123617e+01 +2.554123617e+01 +2.0513e-01 +9.1027e-01 -1.3353e+00 -8.4312e-01 +1.7653e+00 -2.0575e+00 +2.4721e+00 +3.4573e+00 +1.3854e+00 +3.8170e+00
876 0 +4.097455028e+01 +1.999455028e+01 +1.999455028e+01 +8.6430e-01 +9.3299e-01 -1.1673e+00 -3.3603e-01 +1.8025e+00 -2.1254e+00 +2.0536e+00 +4.3062e+00 +1.3002e+00 +3.4752e+00
888 0 +3.787470907e+01 +1.689470907e+01 +1.689470907e+01 +9.6496e-01 +9.8574e-01 -1.2802e+00 -3.2314e-01 +1.8862e+00 -2.1468e+00 +2.0432e+00 +4.2600e+00 +1.3760e+00 +3.5400e+00
901 0 +3.368823390e+01 +1.270823390e+01 +1.270823390e+01 +9.2565e-01 +9.8205e-01 -1.2212e+00 -2.8920e-01 +1.8404e+00 -2.1124e+00 +2.0487e+00 +4.3228e+00 +1.3457e+00 +3.4875e+00
911 0 +3.088339396e+01 +9.903393956e+00 +9.903393956e+00 +9.4978e-01 +1.0097e+00 -1.2454e+00 -2.6027e-01 +1.8064e+00 -2.1107e+00 +2.0666e+00 +4.2705e+00 +1.3780e+00 +3.4903e+00
968 0 +2.715268728e+01 +6.172687284e+00 +6.172687284e+00 +9.3798e-01 +9.7066e-01 -1.1210e+00 -2.7360e-01 +1.8579e+00 -2.1185e+00 +2.0783e+00 +4.2768e+00 +1.3360e+00 +3.4855e+00
1051 0 +2.649814404e+01 +5.518144044e+00 +5.518144044e+00 +1.0202e+00 +9.8784e-01 -1.1857e+00 -2.4089e-01 +1.8461e+00 -2.1192e+00 +2.0699e+00 +4.2293e+00 +1.3794e+00 +3.4958e+00
1057 0 +2.590702564e+01 +4.927025642e+00 +4.927025642e+00 +1.0237e+00 +9.7750e-01 -1.1381e+00 -2.5707e-01 +1.8300e+00 -2.1216e+00 +2.0616e+00 +4.2133e+00 +1.3645e+00 +3.4744e+00
1061 0 +2.555818556e+01 +4.578185560e+00 +4.578185560e+00 +1.0241e+00 +9.8855e-01 -1.1781e+00 -2.5085e-01 +1.8450e+00 -2.1391e+00 +2.0752e+00 +4.2334e+00 +1.3773e+00 +3.4867e+00
1062 0 +2.487349663e+01 +3.893496635e+00 +3.893496635e+00 +1.0220e+00 +9.9038e-01 -1.1834e+00 -2.4135e-01 +1.8372e+00 -2.1120e+00 +2.0775e+00 +4.2349e+00 +1.3451e+00 +3.4762e+00
1072 0 +2.400134809e+01 +3.021348086e+00 +3.021348086e+00 +1.0220e+00 +1.0090e+00 -1.1661e+00 -2.4732e-01 +1.8325e+00 -2.1131e+00 +2.0853e+00 +4.2309e+00 +1.3484e+00 +3.4836e+00
1081 0 +2.356585912e+01 +2.585859120e+00 +2.585859120e+00 +1.0294e+00 +9.9645e-01 -1.1826e+00 -2.4287e-01 +1.8303e+00 -2.1271e+00 +2.0805e+00 +4.2496e+00 +1.3509e+00 +3.4959e+00
1211 0 +2.328286497e+01 +2.302864973e+00 +2.302864973e+00 +1.0245e+00 +9.7981e-01 -1.1645e+00 -2.5583e-01 +1.8029e+00 -2.1337e+00 +2.0609e+00 +4.2817e+00 +1.3431e+00 +3.4925e+00
1230 0 +2.263811943e+01 +1.658119426e+00 +1.658119426e+00 +1.0363e+00 +9.8127e-01 -1.1611e+00 -2.6587e-01 +1.8002e+00 -2.1441e+00 +2.0681e+00 +4.2823e+00 +1.3449e+00 +3.4951e+00
1251 0 +2.233947830e+01 +1.359478302e+00 +1.359478302e+00 +1.0372e+00 +9.7984e-01 -1.1616e+00 -2.6200e-01 +1.8117e+00 -2.1407e+00 +2.0675e+00 +4.2783e+00 +1.3441e+00 +3.4947e+00
1282 0 +2.163646030e+01 +6.564602987e-01 +6.564602987e-01 +1.0517e+00 +9.8835e-01 -1.1634e+00 -2.6101e-01 +1.8104e+00 -2.1344e+00 +2.0759e+00 +4.2782e+00 +1.3490e+00 +3.4880e+00
1355 0 +2.132672366e+01 +3.467236619e-01 +3.467236619e-01 +1.0416e+00 +9.8847e-01 -1.1593e+00 -2.7847e-01 +1.8089e+00 -2.1295e+00 +2.0804e+00 +4.2645e+00 +1.3603e+00 +3.4918e+00
1403 0 +2.087911406e+01 -1.008859442e-01 -1.008859442e-01 +1.0441e+00 +9.8299e-01 -1.1640e+00 -2.8649e-01 +1.8092e+00 -2.1275e+00 +2.0805e+00 +4.2663e+00 +1.3549e+00 +3.4930e+00
1448 0 +2.025550501e+01 -7.244949872e-01 -7.244949872e-01 +1.0398e+00 +9.7707e-01 -1.1505e+00 -2.9322e-01 +1.8217e+00 -2.1236e+00 +2.0825e+00 +4.2729e+00 +1.3521e+00 +3.4911e+00
1477 0 +1.981257086e+01 -1.167429139e+00 -1.167429139e+00 +1.0443e+00 +9.7980e-01 -1.1425e+00 -3.0049e-01 +1.8238e+00 -2.1256e+00 +2.0826e+00 +4.2722e+00 +1.3491e+00 +3.4910e+00
1526 0 +1.936780652e+01 -1.612193481e+00 -1.612193481e+00 +1.0361e+00 +9.8353e-01 -1.1414e+00 -3.3060e-01 +1.8584e+00 -2.1044e+00 +2.0835e+00 +4.2830e+00 +1.3550e+00 +3.5000e+00
1561 0 +1.891275934e+01 -2.067240665e+00 -2.067240665e+00 +1.0430e+00 +9.8319e-01 -1.1483e+00 -3.2421e-01 +1.8474e+00 -2.1037e+00 +2.0738e+00 +4.2791e+00 +1.3480e+00 +3.4959e+00
1641 0 +1.856995989e+01 -2.410040113e+00 -2.410040113e+00 +1.0491e+00 +9.9385e-01 -1.1427e+00 -3.3465e-01 +1.8660e+00 -2.1076e+00 +2.0834e+00 +4.2772e+00 +1.3512e+00 +3.4889e+00
1756 0 +1.817617972e+01 -2.803820281e+00 -2.803820281e+00 +1.0537e+00 +9.9964e-01 -1.1454e+00 -3.3930e-01 +1.8581e+00 -2.1141e+00 +2.0782e+00 +4.2800e+00 +1.3499e+00 +3.4914e+00
% f evaluations | g evaluations | best noise-free fitness - Fopt (1.353300000000e+02) + sum g_i+ | measured fitness | best measured fitness or single-digit g-values | x1 | x2...
1 0 +3.489249109e+02 +4.842549109e+02 +4.842549109e+02 +0.0000e+00 +0.0000e+00 +0.0000e+00 +0.0000e+00 +0.0000e+00 +0.0000e+00 +0.0000e+00 +0.0000e+00 +0.0000e+00 +0.0000e+00
6 0 +3.460257627e+02 +4.813557627e+02 +4.813557627e+02 +1.8723e-01 -2.5702e-01 +1.5212e-01 +1.5671e-02 +5.1476e-01 -6.3323e-02 +3.7553e-01 -3.4671e-01 +9.3874e-02 -2.1343e-01
8 0 +3.195902315e+02 +4.549202315e+02 +4.549202315e+02 +6.0234e-01 +2.6527e-01 +2.8700e-01 -7.0577e-01 +5.2611e-01 +2.0125e-02 -3.9010e-01 +9.9670e-02 +3.8961e-01 -4.6269e-01
11 0 +2.820857881e+02 +4.174157881e+02 +4.174157881e+02 +3.8603e-01 -1.2328e-02 +9.4457e-02 -1.1653e-01 +2.6308e-01 +4.9072e-02 -1.2042e-02 -6.0116e-02 +2.5342e-01 -2.2937e-01
93 0 +2.691303837e+02 +4.044603837e+02 +4.044603837e+02 +4.8882e-01 -2.6482e-01 +2.7092e-01 -2.4881e-01 +1.9559e-01 +3.4698e-02 +4.7648e-01 +1.6697e-01 +7.0314e-01 -2.6929e-01
107 0 +2.589298071e+02 +3.942598071e+02 +3.942598071e+02 +5.7927e-01 +1.4839e-01 +3.9737e-02 -9.8870e-02 +5.8948e-01 +2.9236e-01 +4.2242e-02 +3.3898e-01 +1.1211e+00 -2.9621e-01
112 0 +2.433313778e+02 +3.786613778e+02 +3.786613778e+02 +3.9480e-01 +3.8492e-02 +1.3496e-01 -3.5802e-01 +8.2139e-01 -7.6862e-02 +4.4007e-01 +3.7812e-01 +1.1623e+00 -4.9093e-01
121 0 +2.319059122e+02 +3.672359122e+02 +3.672359122e+02 +5.3124e-01 +9.6190e-02 +1.6245e-01 -1.0407e-01 +6.6307e-01 +3.5138e-02 +9.2963e-02 +3.3723e-01 +1.1969e+00 -2.9648e-01
142 0 +2.222574740e+02 +3.575874740e+02 +3.575874740e+02 +4.6105e-01 +2.4298e-01 +2.3603e-01 -2.0612e-02 +5.4529e-01 +4.7753e-03 +4.3606e-02 +7.8494e-01 +1.4411e+00 -3.2937e-01
155 0 +2.152622313e+02 +3.505922313e+02 +3.505922313e+02 +5.0420e-01 +1.5851e-01 +1.8123e-01 +5.0279e-02 +7.9054e-01 -1.4318e-01 +9.9101e-03 +6.3039e-01 +1.2702e+00 -2.4021e-01
188 0 +2.030689623e+02 +3.383989623e+02 +3.383989623e+02 +3.4026e-01 +1.3744e-01 +2.0674e-01 -1.7466e-01 +1.1053e+00 -1.2429e-01 +1.1906e-02 +6.8464e-01 +1.6677e+00 -8.3187e-01
199 0 +1.929036786e+02 +3.282336786e+02 +3.282336786e+02 +2.8942e-01 +1.3173e-01 +2.2884e-01 -2.9103e-01 +1.2216e+00 -9.9435e-02 +2.5470e-01 +6.2315e-01 +1.6910e+00 -1.0070e+00
222 0 +1.905065864e+02 +3.258365864e+02 +3.258365864e+02 +4.8802e-01 +2.5911e-01 +2.2349e-01 -5.0816e-01 +1.2965e+00 -1.0645e-01 +2.6102e-01 +5.7288e-01 +1.8546e+00 -9.9451e-01
244 0 +1.805304193e+02 +3.158604193e+02 +3.158604193e+02 +5.6181e-01 +8.5699e-02 +3.3855e-01 -7.1145e-01 +1.4072e+00 -4.1003e-01 +4.7245e-01 +3.0005e-01 +2.3435e+00 -1.5183e+00
251 0 +1.769796406e+02 +3.123096406e+02 +3.123096406e+02 +5.0904e-01 +1.0683e-01 +1.8803e-01 -4.6648e-01 +1.3552e+00 -3.0838e-01 +4.6926e-01 +5.1677e-01 +2.2564e+00 -1.1940e+00
254 0 +1.698011580e+02 +3.051311580e+02 +3.051311580e+02 +4.0792e-01 +3.0296e-01 +2.1320e-01 -4.6183e-01 +1.2938e+00 -1.8614e-01 +4.4660e-01 +6.0465e-01 +2.1732e+00 -1.1705e+00
262 0 +1.484964314e+02 +2.838264314e+02 +2.838264314e+02 +4.7609e-01 +7.7346e-02 +3.1458e-01 -4.9049e-01 +1.6016e+00 -2.7183e-01 +4.2656e-01 +6.4123e-01 +2.4954e+00 -1.4839e+00
272 0 +1.412906351e+02 +2.766206351e+02 +2.766206351e+02 +4.6199e-01 +5.9759e-02 +2.9044e-01 -5.0797e-01 +1.6560e+00 -1.0831e-01 +4.9519e-01 +1.9148e-01 +2.1588e+00 -1.4193e+00
323 0 +1.237959266e+02 +2.591259266e+02 +2.591259266e+02 +3.9408e-01 +4.3439e-02 +1.6423e-01 -5.9773e-01 +1.5633e+00 -1.6067e-01 +3.9976e-01 +6.1230e-01 +2.1882e+00 -1.4914e+00
382 0 +1.116950958e+02 +2.470250958e+02 +2.470250958e+02 +5.5218e-01 +2.0839e-02 +2.2843e-01 -6.4901e-01 +1.4214e+00 -8.9833e-03 +4.9921e-01 +5.6029e-01 +2.1427e+00 -1.3977e+00
492 0 +1.040358116e+02 +2.393658116e+02 +2.393658116e+02 +4.2239e-01 -4.3010e-02 +1.5146e-01 -5.9006e-01 +1.3645e+00 -2.0185e-03 +4.3440e-01 +9.8999e-01 +2.1439e+00 -1.5056e+00
521 0 +9.720675643e+01 +2.325367564e+02 +2.325367564e+02 +4.7135e-01 -4.2947e-02 +1.4161e-01 -5.3034e-01 +1.4136e+00 -7.5958e-02 +4.8871e-01 +9.9613e-01 +2.1697e+00 -1.4577e+00
561 0 +9.385474273e+01 +2.291847427e+02 +2.291847427e+02 +4.3631e-01 -6.9422e-03 +1.3824e-01 -5.6397e-01 +1.3876e+00 -7.1806e-02 +5.0016e-01 +1.0772e+00 +2.1024e+00 -1.4544e+00
631 0 +9.305456736e+01 +2.283845674e+02 +2.283845674e+02 +4.3332e-01 +1.6282e-02 +1.6850e-01 -5.4993e-01 +1.4191e+00 -4.7695e-02 +4.6684e-01 +1.0693e+00 +2.1196e+00 -1.4603e+00
641 0 +8.873676200e+01 +2.240667620e+02 +2.240667620e+02 +4.5009e-01 +1.6648e-02 +1.5137e-01 -5.6817e-01 +1.4324e+00 -6.4803e-02 +4.6959e-01 +1.0592e+00 +2.1361e+00 -1.4502e+00
698 0 +8.624860925e+01 +2.215786092e+02 +2.215786092e+02 +4.4519e-01 -4.4686e-04 +1.6204e-01 -5.7028e-01 +1.4573e+00 -6.8875e-02 +4.7633e-01 +1.0350e+00 +2.1311e+00 -1.4463e+00
771 0 +8.511256670e+01 +2.204425667e+02 +2.204425667e+02 +4.5497e-01 +1.2063e-03 +1.6662e-01 -6.0020e-01 +1.4505e+00 -7.4805e-02 +4.6487e-01 +1.0396e+00 +2.1124e+00 -1.4385e+00
823 0 +8.314976984e+01 +2.184797698e+02 +2.184797698e+02 +4.7753e-01 +1.4710e-02 +1.6042e-01 -6.0086e-01 +1.4845e+00 -7.3992e-02 +4.8033e-01 +1.0382e+00 +2.1262e+00 -1.4239e+00
% f evaluations | g evaluations | best noise-free fitness - Fopt (4.066000000000e+01) + sum g_i+ | measured fitness | best measured fitness or single-digit g-values | x1 | x2...
1 0 +3.017115897e+02 +3.423715897e+02 +3.423715897e+02 +0.0000e+00 +0.0000e+00 +0.0000e+00 +0.0000e+00 +0.0000e+00 +0.0000e+00 +0.0000e+00 +0.0000e+00 +0.0000e+00 +0.0000e+00
5 0 +2.915110262e+02 +3.321710262e+02 +3.321710262e+02 -9.0564e-02 +8.4424e-02 -2.8183e-02 -1.8777e-01 +7.4957e-02 +6.4105e-01 +2.7589e-01 +1.3137e-01 +7.7185e-02 +2.3934e-01
6 0 +2.759240457e+02 +3.165840457e+02 +3.165840457e+02 +1.8723e-01 -2.5702e-01 +1.5212e-01 +1.5671e-02 +5.1476e-01 -6.3323e-02 +3.7553e-01 -3.4671e-01 +9.3874e-02 -2.1343e-01
23 0 +2.308480799e+02 +2.715080799e+02 +2.715080799e+02 +7.1163e-01 +1.9012e-01 +1.2105e-02 -4.3945e-01 +1.6034e-01 +7.9203e-02 -1.0794e-01 -7.6137e-01 +6.9385e-01 +4.3849e-01
72 0 +2.258719635e+02 +2.665319635e+02 +2.665319635e+02 +5.9414e-01 -2.0574e-01 -6.2695e-01 -3.5432e-01 -4.0139e-02 +1.8195e-01 -3.6524e-01 -9.4945e-01 +1.4473e+00 +1.4819e+00
74 0 +2.105904970e+02 +2.512504970e+02 +2.512504970e+02 +1.1241e+00 -1.7652e-01 -1.9604e-01 -5.5419e-01 +2.4740e-01 -4.1552e-01 -1.2887e-01 -4.7513e-01 +1.9257e+00 +1.8314e+00
80 0 +2.006905187e+02 +2.413505187e+02 +2.413505187e+02 +1.0759e+00 +9.2389e-02 -5.8827e-01 -8.5616e-01 -2.3953e-01 -2.0170e-01 +4.4062e-01 -7.5414e-01 +1.5496e+00 +1.3753e+00
84 0 +1.749401447e+02 +2.156001447e+02 +2.156001447e+02 +1.0558e+00 +4.8213e-01 -9.1223e-01 -5.7953e-01 +5.1606e-01 -2.2366e-01 -3.3614e-02 -1.6017e+00 +2.3553e+00 +1.6815e+00
92 0 +1.578812913e+02 +1.985412913e+02 +1.985412913e+02 +1.9727e-01 +6.0364e-01 -8.9907e-01 +8.1004e-02 +6.2978e-01 +5.8640e-02 +9.3869e-01 -1.5038e+00 +2.1923e+00 +1.7951e+00
119 0 +1.543603307e+02 +1.950203307e+02 +1.950203307e+02 +1.8759e-01 +3.1703e-01 -3.0538e-01 -7.1788e-01 +2.5630e-01 -6.1480e-02 +3.6698e-01 -1.5084e+00 +2.1228e+00 +2.0729e+00
137 0 +1.419051565e+02 +1.825651565e+02 +1.825651565e+02 +1.0872e-01 +4.1916e-01 -8.4570e-01 -3.6999e-01 -1.0263e-01 -4.0842e-01 +9.2026e-01 -1.6487e+00 +2.1705e+00 +2.2049e+00
148 0 +1.226132651e+02 +1.632732651e+02 +1.632732651e+02 +1.0732e+00 +2.9395e-01 +1.8523e-01 -2.8398e-01 +8.9414e-01 -3.3775e-02 +4.5398e-01 -1.9502e+00 +2.4284e+00 +2.6444e+00
163 0 +1.102982898e+02 +1.509582898e+02 +1.509582898e+02 +9.5080e-01 +9.4696e-01 +3.6609e-01 -2.2286e-01 +1.0456e+00 -4.4645e-01 +8.4720e-01 -2.1211e+00 +2.1307e+00 +1.7156e+00
216 0 +1.039132912e+02 +1.445732912e+02 +1.445732912e+02 +7.4252e-01 +2.5806e-01 +8.3472e-01 +8.5606e-02 +1.1189e+00 -9.3028e-02 +1.6595e+00 -1.4335e+00 +1.9051e+00 +2.2693e+00
329 0 +8.740549172e+01 +1.280654917e+02 +1.280654917e+02 +1.0674e+00 -2.6924e-01 +4.1402e-01 -1.2348e+00 +1.7335e+00 +5.0957e-02 +1.6216e+00 -2.3209e+00 +2.4808e+00 +2.6605e+00
385 0 +8.117226396e+01 +1.218322640e+02 +1.218322640e+02 +1.1084e+00 +3.8226e-01 -1.4368e-01 -1.1129e+00 +1.1278e+00 +1.5335e-01 +2.0442e+00 -2.8954e+00 +1.7304e+00 +2.6653e+00
541 0 +7.876206594e+01 +1.194220659e+02 +1.194220659e+02 +1.1171e+00 +3.5356e-01 +6.7204e-02 -9.9065e-01 +1.0382e+00 +1.8179e-01 +2.0668e+00 -2.4771e+00 +2.1140e+00 +2.6122e+00
551 0 +6.710792202e+01 +1.077679220e+02 +1.077679220e+02 +1.0413e+00 +2.9484e-01 +9.7143e-02 -1.0280e+00 +1.0720e+00 +1.5533e-01 +2.1046e+00 -2.5010e+00 +2.1312e+00 +2.7104e+00
561 0 +6.453861600e+01 +1.051986160e+02 +1.051986160e+02 +1.0134e+00 +2.6901e-01 +1.0958e-01 -1.0698e+00 +1.1070e+00 +1.3341e-01 +2.0950e+00 -2.5250e+00 +2.1044e+00 +2.6849e+00
572 0 +6.025433682e+01 +1.009143368e+02 +1.009143368e+02 +1.0658e+00 +2.6403e-01 +1.4557e-01 -1.0847e+00 +1.1665e+00 +7.0512e-02 +2.0857e+00 -2.5930e+00 +2.1346e+00 +2.6379e+00
584 0 +5.454798430e+01 +9.520798430e+01 +9.520798430e+01 +9.0448e-01 +3.1948e-01 +1.2033e-01 -1.1700e+00 +1.0159e+00 +3.1680e-04 +2.0942e+00 -2.5442e+00 +2.2032e+00 +2.6726e+00
591 0 +5.225019145e+01 +9.291019145e+01 +9.291019145e+01 +9.6323e-01 +3.1724e-01 +1.3063e-01 -1.1149e+00 +1.0762e+00 +5.8305e-02 +2.1150e+00 -2.5866e+00 +2.1417e+00 +2.6329e+00
683 0 +4.961148713e+01 +9.027148713e+01 +9.027148713e+01 +1.0050e+00 +3.4090e-01 +2.0145e-02 -1.1472e+00 +1.0930e+00 +2.2848e-02 +2.1518e+00 -2.4730e+00 +2.1813e+00 +2.6593e+00
691 0 +4.696304431e+01 +8.762304431e+01 +8.762304431e+01 +9.7246e-01 +3.3751e-01 +8.6806e-02 -1.1487e+00 +1.1362e+00 +4.4173e-02 +2.1215e+00 -2.5245e+00 +2.1706e+00 +2.6633e+00
703 0 +4.608997910e+01 +8.674997910e+01 +8.674997910e+01 +9.9680e-01 +3.5526e-01 +7.4991e-02 -1.1454e+00 +1.1399e+00 -1.9280e-02 +2.1428e+00 -2.5421e+00 +2.1781e+00 +2.6601e+00
726 0 +4.509819726e+01 +8.575819726e+01 +8.575819726e+01 +1.0028e+00 +3.4115e-01 +6.1173e-02 -1.2035e+00 +1.1421e+00 +5.2355e-02 +2.1174e+00 -2.5385e+00 +2.1622e+00 +2.6599e+00
751 0 +4.438967384e+01 +8.504967384e+01 +8.504967384e+01 +9.7322e-01 +3.5932e-01 +8.7078e-02 -1.2018e+00 +1.1185e+00 +3.0087e-03 +2.1455e+00 -2.5170e+00 +2.1637e+00 +2.6310e+00
771 0 +4.348539151e+01 +8.414539151e+01 +8.414539151e+01 +9.6416e-01 +3.3965e-01 +5.6782e-02 -1.2331e+00 +1.1157e+00 +1.0414e-02 +2.1479e+00 -2.5286e+00 +2.1491e+00 +2.6401e+00
798 0 +4.259684458e+01 +8.325684458e+01 +8.325684458e+01 +9.8249e-01 +3.4590e-01 +4.7245e-02 -1.2344e+00 +1.0923e+00 +1.4945e-02 +2.1351e+00 -2.5471e+00 +2.1601e+00 +2.6372e+00
863 0 +4.136744546e+01 +8.202744546e+01 +8.202744546e+01 +1.0364e+00 +3.1188e-01 +4.0492e-02 -1.2676e+00 +1.0962e+00 +4.0968e-02 +2.1469e+00 -2.5401e+00 +2.1760e+00 +2.6485e+00
975 0 +4.057670906e+01 +8.123670906e+01 +8.123670906e+01 +1.0550e+00 +3.2118e-01 +7.2582e-02 -1.2360e+00 +1.0755e+00 +3.8490e-02 +2.1575e+00 -2.5434e+00 +2.1731e+00 +2.6352e+00
1293 0 +3.979763749e+01 +8.045763749e+01 +8.045763749e+01 +1.0706e+00 +3.3546e-01 +7.8728e-02 -1.2678e+00 +1.0738e+00 +2.4465e-02 +2.1586e+00 -2.5448e+00 +2.1675e+00 +2.6411e+00
1630 0 +3.883360807e+01 +7.949360807e+01 +7.949360807e+01 +1.1002e+00 +3.3998e-01 +8.2298e-02 -1.3671e+00 +1.0908e+00 +3.0077e-02 +2.1587e+00 -2.5488e+00 +2.1702e+00 +2.6430e+00
1756 0 +3.796311836e+01 +7.862311836e+01 +7.862311836e+01 +1.1026e+00 +3.4377e-01 +7.5186e-02 -1.4514e+00 +1.0910e+00 +3.1632e-02 +2.1546e+00 -2.5435e+00 +2.1681e+00 +2.6474e+00
