% f evaluations | g evaluations | best noise-free fitness - Fopt (-5.465000000000e+02) + sum g_i+ | measured fitness | best measured fitness or single-digit g-values | x1 | x2...
1 0 +1.033747614e+04 +9.790976136e+03 +9.790976136e+03 +0.0000e+00 +0.0000e+00 +0.0000e+00 +0.0000e+00 +0.0000e+00 +0.0000e+00 +0.0000e+00 +0.0000e+00 +0.0000e+00 +0.0000e+00
3 0 +8.249984242e+03 +7.703484242e+03 +7.703484242e+03 +2.4817e-01 +6.3376e-02 -2.2359e-01 +8.0318e-02 +2.1275e-01 +5.3256e-02 -2.3477e-01 +7.8699e-02 +1.0710e-01 +2.4729e-01
12 0 +5.334203712e+03 +4.787703712e+03 +4.787703712e+03 +2.7291e-01 -6.3050e-02 +3.1876e-01 +5.2123e-02 -2.8580e-01 -1.1886e-01 -2.8568e-01 -4.5462e-01 -4.9528e-01 +5.4357e-01
23 0 +2.506361692e+03 +1.959861692e+03 +1.959861692e+03 +3.5853e-01 +3.6194e-02 +4.1546e-02 -8.1146e-02 +1.7919e-01 +5.1582e-01 -5.2179e-01 +4.3734e-01 -3.2320e-01 +6.3663e-01
34 0 +2.341658904e+03 +1.795158904e+03 +1.795158904e+03 +5.5201e-01 +1.3039e-02 -5.4296e-01 -3.1352e-01 -4.2115e-01 +5.6752e-02 +2.3266e-01 +1.6337e-01 -1.0707e+00 +7.6485e-01
43 0 +1.668633918e+03 +1.122133918e+03 +1.122133918e+03 +6.5774e-01 -7.5735e-02 -1.2394e-01 +4.2784e-01 -5.3308e-02 +4.8905e-01 -7.9047e-01 +5.9222e-01 -4.3723e-01 +7.2086e-01
46 0 +6.812866082e+02 +1.347866082e+02 +1.347866082e+02 +1.1910e+00 +2.1698e-01 -1.1461e-01 +7.9033e-02 +4.1213e-02 -7.9162e-02 +1.2146e-01 +8.3313e-01 -7.9934e-01 +1.0152e+00
56 0 +1.504836172e+02 -3.960163828e+02 -3.960163828e+02 +1.4918e+00 -3.3457e-01 -4.9917e-01 +1.2039e-02 +5.9813e-02 +1.1998e-01 -4.4684e-01 +1.2841e+00 -1.1010e+00 +1.1939e+00
72 0 +7.890724592e+01 -4.675927541e+02 -4.675927541e+02 +5.9224e-01 -9.2407e-02 +1.2946e-01 +4.9645e-01 -2.6294e-01 -3.1452e-01 -6.3876e-01 +7.7154e-01 -1.2914e+00 +2.1265e+00
78 0 +5.816091238e+01 -4.883390876e+02 -4.883390876e+02 +1.2184e+00 -1.5141e-01 +1.3614e-01 -1.8431e-01 -3.8453e-01 -2.2809e-01 -9.3838e-01 +5.4866e-01 -8.3504e-01 +1.9781e+00
80 0 +4.872499743e+00 -5.416275003e+02 -5.416275003e+02 +1.9052e+00 +3.2526e-01 -9.2394e-01 +1.4962e-01 -1.0316e-01 -2.5317e-01 -9.7722e-01 +2.1006e+00 -1.2149e+00 +1.7415e+00
87 0 +3.805814652e+00 -5.426941853e+02 -5.426941853e+02 +1.1281e+00 -3.2852e-01 -2.6156e-01 -2.6518e-01 -7.8527e-02 -2.1182e-01 -7.7230e-01 +1.2410e+00 -6.8236e-01 +1.7625e+00
163 0 +3.150700667e+00 -5.433492993e+02 -5.433492993e+02 +9.3081e-01 -2.9504e-01 +5.1186e-01 -1.2410e+00 +3.8697e-01 -5.5455e-01 -8.3186e-01 +9.6585e-01 -1.4449e+00 +1.3782e+00
190 0 +2.762607745e+00 -5.437373923e+02 -5.437373923e+02 +8.0622e-01 -2.7647e-01 +5.1601e-02 -9.8609e-01 +2.8711e-01 -1.3961e-01 -1.3801e+00 +8.5560e-01 -1.7387e+00 +2.2028e+00
261 0 +2.696775294e+00 -5.438032247e+02 -5.438032247e+02 +1.0605e+00 -2.1883e-01 -1.8268e-01 -1.1650e+00 +2.0075e-01 -6.8109e-01 -1.1827e+00 +8.9788e-01 -1.4713e+00 +1.9618e+00
309 0 +2.326695518e+00 -5.441733045e+02 -5.441733045e+02 +1.5266e+00 -2.3017e-01 -2.1315e-01 -9.0418e-01 +1.9045e-01 -7.3261e-01 -1.1672e+00 +8.7204e-01 -1.7220e+00 +2.1111e+00
364 0 +2.141390077e+00 -5.443586099e+02 -5.443586099e+02 +1.5681e+00 -1.4527e-01 -2.4176e-01 -8.4673e-01 +2.0563e-01 -6.2686e-01 -1.2030e+00 +8.0201e-01 -1.4066e+00 +1.9358e+00
425 0 +2.095382857e+00 -5.444046171e+02 -5.444046171e+02 +1.4793e+00 -1.0474e-01 -1.6815e-01 -7.5838e-01 +2.6502e-01 -6.3742e-01 -1.2760e+00 +8.2685e-01 -1.4605e+00 +1.8809e+00
517 0 +2.051299059e+00 -5.444487009e+02 -5.444487009e+02 +1.5022e+00 -1.7979e-01 -1.0674e-01 -8.2404e-01 +2.5543e-01 -7.0627e-01 -1.2005e+00 +8.3927e-01 -1.4096e+00 +1.7170e+00
613 0 +2.026804744e+00 -5.444731953e+02 -5.444731953e+02 +1.4493e+00 -1.8070e-01 -8.3491e-02 -7.8986e-01 +2.4454e-01 -6.5858e-01 -1.2200e+00 +8.4726e-01 -1.4264e+00 +1.6943e+00
665 0 +1.978209034e+00 -5.445217910e+02 -5.445217910e+02 +1.4829e+00 -1.5593e-01 -9.6063e-02 -7.8660e-01 +2.6144e-01 -6.5921e-01 -1.1946e+00 +8.5423e-01 -1.4440e+00 +1.7033e+00
% f evaluations | g evaluations | best noise-free fitness - Fopt (1.000000000000e+03) + sum g_i+ | measured fitness | best measured fitness or single-digit g-values | x1 | x2...
1 0 +1.033747614e+04 +1.133747614e+04 +1.133747614e+04 +0.0000e+00 +0.0000e+00 +0.0000e+00 +0.0000e+00 +0.0000e+00 +0.0000e+00 +0.0000e+00 +0.0000e+00 +0.0000e+00 +0.0000e+00
8 0 +9.139195490e+03 +1.013919549e+04 +1.013919549e+04 +6.0234e-01 +2.6527e-01 +2.8700e-01 -7.0577e-01 +5.2611e-01 +2.0125e-02 -3.9010e-01 +9.9670e-02 +3.8961e-01 -4.6269e-01
10 0 +4.669506851e+03 +5.669506851e+03 +5.669506851e+03 +3.2216e-01 -3.3442e-01 +1.9285e-01 -3.1559e-01 -1.5896e-01 +1.8278e-01 -2.1053e-01 +1.4883e-01 -4.2076e-01 -2.0280e-01
20 0 +2.399167982e+03 +3.399167982e+03 +3.399167982e+03 +7.9232e-01 +4.8516e-01 +1.0035e-01 +2.2485e-01 +2.9608e-01 +2.6449e-01 -5.7823e-01 +1.8850e-02 -5.9077e-01 -5.1136e-01
30 0 +1.334871509e+03 +2.334871509e+03 +2.334871509e+03 +4.3650e-01 -2.9597e-01 -3.8977e-01 -3.9482e-01 -2.8521e-02 +3.7828e-01 -3.7776e-01 +6.1211e-01 -6.8277e-01 -4.4179e-01
85 0 +6.610178663e+02 +1.661017866e+03 +1.661017866e+03 +1.9485e+00 -1.2508e-01 -4.2085e-01 -1.4351e-01 -9.8401e-01 +6.9283e-01 +2.1178e-01 +5.7063e-01 -1.0203e+00 -1.0586e+00
106 0 +5.866152657e+02 +1.586615266e+03 +1.586615266e+03 +1.2946e+00 -3.4912e-01 -3.8655e-01 -3.4123e-01 -3.4814e-01 +6.5575e-01 -2.1653e-01 +1.0156e+00 -5.3098e-01 -7.0816e-01
114 0 +5.432630320e+02 +1.543263032e+03 +1.543263032e+03 +8.8572e-01 -2.6570e-01 -2.6072e-01 -1.9305e-01 -6.7098e-01 +5.9805e-01 -6.2169e-02 +5.2278e-01 -1.0273e+00 -6.5180e-01
117 0 +3.266674970e+02 +1.326667497e+03 +1.326667497e+03 +1.7950e+00 -4.8598e-01 -3.5168e-01 -2.1312e-01 -8.4322e-01 +1.0760e+00 -8.2049e-01 +9.5823e-01 -1.2603e+00 -5.7625e-01
122 0 +8.878826733e+01 +1.088788267e+03 +1.088788267e+03 +8.6423e-01 -8.0299e-01 -2.9602e-01 -3.6457e-01 -1.1518e+00 +7.5929e-01 -2.7681e-01 +9.3600e-01 -1.0005e+00 -7.8079e-01
131 0 +2.442763134e+01 +1.024427631e+03 +1.024427631e+03 +1.0972e+00 -4.6672e-01 -1.7913e-02 -4.3049e-01 -6.3586e-01 +6.6785e-01 -2.2147e-01 +9.3114e-01 -9.9689e-01 -9.3248e-01
138 0 +5.488710630e+00 +1.005488711e+03 +1.005488711e+03 +9.3483e-01 -7.0925e-01 -3.7520e-01 -7.3919e-01 -1.0902e+00 +9.4974e-01 -4.8193e-01 +7.5473e-01 -1.5212e+00 -8.3278e-01
143 0 +5.048759203e+00 +1.005048759e+03 +1.005048759e+03 +8.3860e-01 -4.5136e-01 -4.9261e-01 -4.2660e-01 -5.6729e-01 +6.2804e-01 -4.0473e-01 +8.7955e-01 -1.2699e+00 -9.5115e-01
144 0 +4.506363925e+00 +1.004506364e+03 +1.004506364e+03 +6.9523e-01 -6.8502e-01 -5.4288e-01 -6.2259e-01 -1.0864e+00 +8.0026e-01 -5.1100e-01 +1.0238e+00 -1.6944e+00 -8.0330e-01
153 0 +4.437188854e+00 +1.004437189e+03 +1.004437189e+03 +5.7928e-01 -4.6914e-01 -2.2792e-01 -4.8395e-01 -6.6855e-01 +8.4498e-01 -6.5197e-01 +6.3528e-01 -1.3509e+00 -1.1975e+00
158 0 +4.178981652e+00 +1.004178982e+03 +1.004178982e+03 +1.5161e+00 -5.7864e-01 -4.1658e-01 -7.9142e-01 -1.0753e+00 +8.8378e-01 -5.5196e-01 +1.0069e+00 -1.9412e+00 -9.0409e-01
178 0 +3.756810967e+00 +1.003756811e+03 +1.003756811e+03 +1.1390e+00 -2.5934e-01 -5.5146e-01 -1.3182e-01 -3.6476e-01 +7.2151e-01 -7.4818e-01 +6.6844e-01 -1.3974e+00 -9.0628e-01
184 0 +3.603857203e+00 +1.003603857e+03 +1.003603857e+03 +6.0735e-01 -5.1516e-01 -6.0403e-01 -5.6892e-01 -4.8324e-01 +5.7078e-01 -3.6970e-01 +9.8663e-01 -1.4632e+00 -7.9522e-01
216 0 +3.099412286e+00 +1.003099412e+03 +1.003099412e+03 +1.4575e+00 -2.3480e-01 -5.7578e-01 -8.4608e-01 -5.0233e-01 +6.6581e-01 -7.6349e-01 +5.4724e-01 -1.1210e+00 -1.1459e+00
322 0 +3.026142026e+00 +1.003026142e+03 +1.003026142e+03 +1.2356e+00 -3.6258e-01 -7.2910e-01 -5.9556e-01 -4.1940e-01 +6.6579e-01 -6.9185e-01 +9.2663e-01 -1.8535e+00 -1.0765e+00
362 0 +2.893970734e+00 +1.002893971e+03 +1.002893971e+03 +1.4982e+00 -1.2188e-01 -7.3680e-01 -7.4233e-01 -4.6571e-01 +7.0653e-01 -8.6158e-01 +9.1062e-01 -1.6030e+00 -1.1107e+00
371 0 +2.855296088e+00 +1.002855296e+03 +1.002855296e+03 +1.2386e+00 -2.2762e-01 -8.4930e-01 -8.4537e-01 -3.8646e-01 +6.5397e-01 -8.2387e-01 +9.5925e-01 -1.7197e+00 -1.3516e+00
380 0 +2.719542888e+00 +1.002719543e+03 +1.002719543e+03 +1.3633e+00 -3.4973e-01 -9.0237e-01 -9.0540e-01 -7.0367e-01 +6.4494e-01 -7.4475e-01 +9.8082e-01 -1.7685e+00 -1.0471e+00
412 0 +2.595507737e+00 +1.002595508e+03 +1.002595508e+03 +1.3786e+00 -1.5250e-01 -7.3403e-01 -8.0377e-01 -2.4045e-01 +5.9461e-01 -8.2364e-01 +1.0010e+00 -1.3417e+00 -1.2045e+00
425 0 +2.342785265e+00 +1.002342785e+03 +1.002342785e+03 +1.4052e+00 -9.4834e-02 -7.2645e-01 -6.0981e-01 -3.2372e-01 +6.6837e-01 -8.3627e-01 +9.7084e-01 -1.1865e+00 -1.1411e+00
427 0 +2.011810057e+00 +1.002011810e+03 +1.002011810e+03 +1.5990e+00 -1.4729e-01 -7.1540e-01 -5.7529e-01 -2.9828e-01 +6.3201e-01 -6.9199e-01 +9.6291e-01 -1.0894e+00 -1.2449e+00
524 0 +1.940203879e+00 +1.001940204e+03 +1.001940204e+03 +1.4043e+00 -2.3428e-01 -6.3566e-01 -5.3968e-01 -3.6572e-01 +5.8942e-01 -8.7600e-01 +9.5960e-01 -1.1321e+00 -1.2170e+00
559 0 +1.878514336e+00 +1.001878514e+03 +1.001878514e+03 +1.3161e+00 -1.9881e-01 -6.2137e-01 -5.5087e-01 -3.6698e-01 +5.8690e-01 -7.8657e-01 +9.7060e-01 -1.0877e+00 -1.1947e+00
570 0 +1.757150303e+00 +1.001757150e+03 +1.001757150e+03 +1.4435e+00 -1.7623e-01 -6.0091e-01 -5.4156e-01 -3.8401e-01 +6.0663e-01 -7.7040e-01 +9.8222e-01 -1.1120e+00 -1.2086e+00
586 0 +1.735282120e+00 +1.001735282e+03 +1.001735282e+03 +1.4327e+00 -1.4600e-01 -6.4960e-01 -5.4865e-01 -3.4270e-01 +6.2173e-01 -7.9904e-01 +9.4753e-01 -1.0885e+00 -1.1900e+00
638 0 +1.646829635e+00 +1.001646830e+03 +1.001646830e+03 +1.4482e+00 -2.2184e-01 -6.4303e-01 -5.8357e-01 -3.1829e-01 +6.2884e-01 -7.7560e-01 +9.7899e-01 -1.1018e+00 -1.2098e+00
727 0 +1.619341352e+00 +1.001619341e+03 +1.001619341e+03 +1.4497e+00 -1.8759e-01 -6.3992e-01 -5.8393e-01 -3.1251e-01 +6.5147e-01 -8.0029e-01 +9.5926e-01 -1.0902e+00 -1.2078e+00
822 0 +1.582301186e+00 +1.001582301e+03 +1.001582301e+03 +1.4633e+00 -2.0379e-01 -6.1575e-01 -5.9072e-01 -3.1064e-01 +6.5211e-01 -7.9188e-01 +9.5822e-01 -1.0933e+00 -1.2105e+00
1110 0 +1.547618378e+00 +1.001547618e+03 +1.001547618e+03 +1.4993e+00 -1.9649e-01 -5.7396e-01 -6.1965e-01 -3.1760e-01 +6.3612e-01 -7.9202e-01 +9.5279e-01 -1.0956e+00 -1.2105e+00
% f evaluations | g evaluations | best noise-free fitness - Fopt (2.083800000000e+02) + sum g_i+ | measured fitness | best measured fitness or single-digit g-values | x1 | x2...
1 0 +1.033747614e+04 +1.054585614e+04 +1.054585614e+04 +0.0000e+00 +0.0000e+00 +0.0000e+00 +0.0000e+00 +0.0000e+00 +0.0000e+00 +0.0000e+00 +0.0000e+00 +0.0000e+00 +0.0000e+00
3 0 +9.393288741e+03 +9.601668741e+03 +9.601668741e+03 +2.4817e-01 +6.3376e-02 -2.2359e-01 +8.0318e-02 +2.1275e-01 +5.3256e-02 -2.3477e-01 +7.8699e-02 +1.0710e-01 +2.4729e-01
5 0 +7.610295474e+03 +7.818675474e+03 +7.818675474e+03 -9.0564e-02 +8.4424e-02 -2.8183e-02 -1.8777e-01 +7.4957e-02 +6.4105e-01 +2.7589e-01 +1.3137e-01 +7.7185e-02 +2.3934e-01
12 0 +7.212680027e+03 +7.421060027e+03 +7.421060027e+03 +2.2271e-01 -1.1745e-01 +3.2605e-01 -1.1892e-02 -2.3426e-01 -1.6303e-01 -1.9040e-01 -4.5713e-01 -4.9564e-01 +5.2911e-01
13 0 +4.861449624e+03 +5.069829624e+03 +5.069829624e+03 -1.4825e-02 +2.2763e-01 -2.0313e-01 -2.0830e-01 -3.6080e-01 +5.0740e-01 -4.6455e-02 +5.0087e-01 -1.2069e-01 +3.3296e-01
23 0 +3.455224282e+03 +3.663604282e+03 +3.663604282e+03 +3.0191e-01 -1.8596e-02 +4.9808e-02 -1.4544e-01 +2.2378e-01 +4.6248e-01 -4.2196e-01 +4.2798e-01 -3.2388e-01 +6.1909e-01
25 0 +1.179706840e+03 +1.388086840e+03 +1.388086840e+03 +9.8397e-02 -3.9115e-02 -3.1207e-01 -2.0246e-01 -1.5555e-01 +1.5033e-01 +3.5682e-01 +1.4755e-01 -9.9357e-01 +5.7082e-01
34 0 +1.028620368e+03 +1.237000368e+03 +1.237000368e+03 +5.0000e-01 -4.3487e-02 -5.2431e-01 -3.7374e-01 -3.6348e-01 +1.3214e-02 +3.2447e-01 +1.5571e-01 -1.0607e+00 +7.4432e-01
46 0 +3.010655670e+01 +2.384865567e+02 +2.384865567e+02 +1.0497e+00 +6.4992e-02 -1.9402e-01 +1.2675e-01 +1.3446e-01 +8.6117e-02 +3.7740e-01 +9.4097e-01 -8.1508e-01 +9.9558e-01
83 0 +4.033615498e+00 +2.124136155e+02 +2.124136155e+02 +4.3929e-01 +2.2722e-01 -4.6175e-01 +7.9437e-01 +9.1376e-02 +5.7387e-01 +1.1482e+00 +8.9410e-01 -9.9538e-01 +1.4565e+00
134 0 +3.890833794e+00 +2.122708338e+02 +2.122708338e+02 +1.4227e+00 +2.8605e-01 +5.2342e-01 +4.2641e-01 +1.8535e-01 +7.8191e-01 +3.7282e-01 +1.6605e+00 -1.2983e+00 +2.3281e+00
142 0 +3.430272303e+00 +2.118102723e+02 +2.118102723e+02 +5.3896e-01 +5.0267e-01 +5.0862e-01 +6.0671e-01 +3.4273e-01 +1.2038e-01 +1.1629e+00 +1.9072e+00 -1.1325e+00 +1.6941e+00
190 0 +3.329015970e+00 +2.117090160e+02 +2.117090160e+02 +6.7671e-01 +2.5330e-01 +4.1626e-01 +4.2924e-01 +4.1423e-01 +7.0682e-01 +8.6601e-01 +1.1828e+00 -1.7339e+00 +2.1837e+00
229 0 +3.277656577e+00 +2.116576566e+02 +2.116576566e+02 +8.8385e-01 +5.4220e-01 +4.7774e-01 +1.0124e-01 +4.9035e-01 +5.7384e-01 +9.1444e-01 +1.6386e+00 -1.1202e+00 +2.0364e+00
269 0 +3.175292821e+00 +2.115552928e+02 +2.115552928e+02 +6.4576e-01 +3.4050e-01 +8.3109e-02 +1.5983e-01 +5.5003e-01 +5.4348e-01 +1.3669e+00 +1.4982e+00 -1.6296e+00 +2.1788e+00
309 0 +3.099619735e+00 +2.114796197e+02 +2.114796197e+02 +7.2903e-01 +4.8383e-01 -9.3514e-02 +4.4941e-01 +4.1166e-01 +7.0398e-01 +1.6570e+00 +1.2346e+00 -1.9386e+00 +2.1579e+00
311 0 +2.908871957e+00 +2.112888720e+02 +2.112888720e+02 +7.1216e-01 +6.1477e-01 -3.5883e-01 +2.3201e-01 +3.4180e-01 +5.9558e-01 +1.8257e+00 +1.6079e+00 -1.6707e+00 +2.2153e+00
321 0 +2.642364226e+00 +2.110223642e+02 +2.110223642e+02 +7.8772e-01 +5.1833e-01 -2.2925e-01 +3.5788e-01 +4.5271e-01 +6.6645e-01 +1.6180e+00 +1.1704e+00 -1.9117e+00 +2.1252e+00
402 0 +2.532050593e+00 +2.109120506e+02 +2.109120506e+02 +5.9016e-01 +5.6260e-01 -3.5210e-01 +3.1835e-01 +3.2891e-01 +6.9382e-01 +1.5643e+00 +1.5686e+00 -1.8531e+00 +2.1269e+00
624 0 +2.472586200e+00 +2.108525862e+02 +2.108525862e+02 +5.6768e-01 +4.3099e-01 -2.5236e-01 +2.3671e-01 +3.7148e-01 +6.1972e-01 +1.6405e+00 +1.4779e+00 -1.8163e+00 +1.8754e+00
634 0 +2.441970507e+00 +2.108219705e+02 +2.108219705e+02 +5.6570e-01 +3.7873e-01 -2.4522e-01 +2.3251e-01 +3.5102e-01 +6.8427e-01 +1.6566e+00 +1.5032e+00 -1.8298e+00 +1.8669e+00
639 0 +2.321402748e+00 +2.107014027e+02 +2.107014027e+02 +6.4052e-01 +4.0250e-01 -2.9142e-01 +2.3022e-01 +4.0109e-01 +6.2963e-01 +1.6246e+00 +1.5137e+00 -1.8745e+00 +1.8586e+00
654 0 +2.285041968e+00 +2.106650420e+02 +2.106650420e+02 +6.0358e-01 +4.1973e-01 -2.4264e-01 +2.2831e-01 +4.2017e-01 +6.3334e-01 +1.6317e+00 +1.4739e+00 -1.8583e+00 +1.8408e+00
905 0 +2.238368104e+00 +2.106183681e+02 +2.106183681e+02 +6.3005e-01 +3.9506e-01 -2.6129e-01 +2.0143e-01 +3.9814e-01 +6.4408e-01 +1.6340e+00 +1.4882e+00 -1.8656e+00 +1.8199e+00
% f evaluations | g evaluations | best noise-free fitness - Fopt (-1.449600000000e+02) + sum g_i+ | measured fitness | best measured fitness or single-digit g-values | x1 | x2...
1 0 +1.033747614e+04 +1.019251614e+04 +1.019251614e+04 +0.0000e+00 +0.0000e+00 +0.0000e+00 +0.0000e+00 +0.0000e+00 +0.0000e+00 +0.0000e+00 +0.0000e+00 +0.0000e+00 +0.0000e+00
3 0 +8.235555335e+03 +8.090595335e+03 +8.090595335e+03 +2.4817e-01 +6.3376e-02 -2.2359e-01 +8.0318e-02 +2.1275e-01 +5.3256e-02 -2.3477e-01 +7.8699e-02 +1.0710e-01 +2.4729e-01
12 0 +5.404284011e+03 +5.259324011e+03 +5.259324011e+03 +2.7291e-01 -6.3050e-02 +3.1876e-01 +5.2123e-02 -2.8580e-01 -1.1886e-01 -2.8568e-01 -4.5462e-01 -4.9528e-01 +5.4357e-01
13 0 +4.428021110e+03 +4.283061110e+03 +4.283061110e+03 +3.3213e-02 +2.7983e-01 -2.1295e-01 -1.4919e-01 -4.0726e-01 +5.5462e-01 -1.3348e-01 +5.0824e-01 -1.1693e-01 +3.4409e-01
23 0 +1.984003892e+03 +1.839043892e+03 +1.839043892e+03 +3.8670e-01 +3.0426e-02 +6.6973e-02 -5.5535e-02 +1.3599e-01 +6.1819e-01 -7.0221e-01 +4.1545e-01 -2.9805e-01 +6.2633e-01
34 0 +1.511461938e+03 +1.366501938e+03 +1.366501938e+03 +5.7800e-01 -1.1673e-03 -5.2585e-01 -2.7074e-01 -4.7499e-01 +1.5789e-01 +2.5251e-02 +1.2688e-01 -1.0397e+00 +7.3550e-01
43 0 +7.734376879e+02 +6.284776879e+02 +6.284776879e+02 +6.6121e-01 -1.7868e-01 -1.3963e-01 +5.1992e-01 -1.3462e-01 +7.3300e-01 -8.3464e-01 +6.7135e-01 -4.9393e-01 +7.1167e-01
46 0 +4.950599101e+02 +3.500999101e+02 +3.500999101e+02 +1.1862e+00 +1.0581e-01 -1.2597e-01 +1.9737e-01 -3.5238e-02 +1.6377e-01 +6.0023e-02 +8.9528e-01 -8.2947e-01 +9.6705e-01
53 0 +4.198516233e+02 +2.748916233e+02 +2.748916233e+02 +1.2160e+00 -1.7546e-01 -3.0118e-01 +4.5368e-01 -6.8588e-01 +5.4942e-01 -6.8059e-01 +3.4449e-01 -8.7548e-01 +6.9062e-01
54 0 +3.754786847e+01 -1.074121315e+02 -1.074121315e+02 +1.2793e+00 -2.5944e-01 -1.5484e-01 +2.3289e-01 -4.7294e-01 +6.9752e-01 -3.8997e-01 +5.3402e-01 -1.1776e+00 +1.1228e+00
56 0 +5.248270751e+00 -1.397117292e+02 -1.397117292e+02 +1.4085e+00 -3.3880e-01 -5.4364e-01 +2.6427e-01 -5.1447e-02 +4.4530e-01 -5.6957e-01 +1.3586e+00 -1.1510e+00 +1.1506e+00
65 0 +4.284094274e+00 -1.406759057e+02 -1.406759057e+02 +8.4477e-01 -3.3520e-01 -3.2757e-01 +4.9831e-01 -4.8175e-01 +7.3465e-01 -9.0435e-01 +5.2500e-01 -9.0084e-01 +1.4202e+00
66 0 +4.255034494e+00 -1.407049655e+02 -1.407049655e+02 +6.6930e-01 -2.3266e-02 -3.0009e-02 +3.9538e-01 -4.4448e-01 +5.0374e-01 -4.6900e-01 +6.5057e-01 -1.4877e+00 +1.5642e+00
70 0 +4.122052705e+00 -1.408379473e+02 -1.408379473e+02 +1.5448e+00 -2.3344e-01 -3.6832e-01 +5.0469e-01 -1.3288e+00 +1.0418e+00 -5.1408e-01 +1.0203e+00 -1.4748e+00 +1.4269e+00
103 0 +4.050233837e+00 -1.409097662e+02 -1.409097662e+02 +7.0981e-01 +1.4729e-02 +8.4825e-02 +3.8000e-01 -9.1379e-01 +8.6842e-01 -1.1471e+00 +1.5058e+00 -1.1052e+00 +2.3928e+00
128 0 +3.804822704e+00 -1.411551773e+02 -1.411551773e+02 +6.2950e-01 +4.1436e-01 -2.6957e-03 +3.2726e-01 -1.5429e+00 +7.6854e-01 -6.4940e-01 +2.3774e+00 -1.1288e+00 +2.1344e+00
152 0 +3.606878794e+00 -1.413531212e+02 -1.413531212e+02 -8.1160e-03 -3.3685e-01 +3.3091e-01 -3.7094e-01 -5.3475e-01 +1.3473e-01 -8.7887e-01 +1.3785e+00 -1.8336e+00 +1.7210e+00
171 0 +3.522634037e+00 -1.414373660e+02 -1.414373660e+02 +1.4447e-01 -2.0292e-01 -1.5014e-02 -2.6210e-01 -8.9038e-01 +5.5422e-01 -8.1015e-01 +1.6760e+00 -1.7226e+00 +1.9821e+00
186 0 +3.395409605e+00 -1.415645904e+02 -1.415645904e+02 -4.3400e-01 +6.4315e-03 -7.1921e-02 -6.9152e-01 -8.5258e-01 +4.8719e-01 -8.3142e-01 +8.9417e-01 -1.0322e+00 +1.0927e+00
191 0 +3.315605828e+00 -1.416443942e+02 -1.416443942e+02 +4.9897e-01 +3.6028e-01 +1.9954e-01 -1.5410e-01 -6.0084e-01 +6.4196e-01 -4.2522e-01 +1.3182e+00 -9.3338e-01 +1.3239e+00
243 0 +3.165765765e+00 -1.417942342e+02 -1.417942342e+02 +5.7237e-01 -1.9125e-01 -3.1422e-01 -1.0493e-01 -1.3029e+00 +4.6665e-01 -8.0455e-01 +1.3344e+00 -1.3214e+00 +1.6686e+00
277 0 +3.157822245e+00 -1.418021778e+02 -1.418021778e+02 +7.8835e-01 -6.2564e-02 -4.2620e-01 -1.1634e-01 -1.2258e+00 +4.8470e-01 -8.5203e-01 +1.3056e+00 -1.6597e+00 +1.8886e+00
293 0 +2.990539680e+00 -1.419694603e+02 -1.419694603e+02 +6.7180e-01 +3.2797e-01 -4.8831e-01 -2.8765e-02 -9.0411e-01 +5.7509e-01 -8.1371e-01 +1.3402e+00 -1.2409e+00 +1.8275e+00
375 0 +2.871141344e+00 -1.420888587e+02 -1.420888587e+02 +7.0989e-01 +2.7186e-01 -5.3614e-01 -4.0618e-02 -1.0826e+00 +5.1238e-01 -7.9770e-01 +1.2585e+00 -1.4967e+00 +1.7253e+00
392 0 +2.703380004e+00 -1.422566200e+02 -1.422566200e+02 +5.6755e-01 +2.1642e-01 -5.6326e-01 -2.5355e-02 -1.0059e+00 +4.8089e-01 -8.0161e-01 +1.2875e+00 -1.5157e+00 +1.6725e+00
444 0 +2.685816278e+00 -1.422741837e+02 -1.422741837e+02 +6.6025e-01 +3.0629e-01 -5.5573e-01 +1.9644e-02 -9.7623e-01 +4.8059e-01 -7.9441e-01 +1.3238e+00 -1.3845e+00 +1.5218e+00
485 0 +2.575481733e+00 -1.423845183e+02 -1.423845183e+02 +6.4858e-01 +3.9361e-01 -5.8721e-01 -2.1893e-02 -1.0231e+00 +4.6685e-01 -7.9798e-01 +1.3892e+00 -1.2933e+00 +1.5703e+00
517 0 +2.498886382e+00 -1.424611136e+02 -1.424611136e+02 +7.0247e-01 +3.2845e-01 -5.4555e-01 -5.2957e-02 -9.3893e-01 +4.3105e-01 -8.2555e-01 +1.3324e+00 -1.3003e+00 +1.4770e+00
531 0 +2.442511255e+00 -1.425174887e+02 -1.425174887e+02 +6.5423e-01 +2.8989e-01 -5.1555e-01 -6.6719e-02 -1.0289e+00 +4.4040e-01 -8.1557e-01 +1.2964e+00 -1.3256e+00 +1.4416e+00
542 0 +2.376033485e+00 -1.425839665e+02 -1.425839665e+02 +6.1356e-01 +3.5210e-01 -5.3693e-01 -2.5830e-02 -1.0104e+00 +4.4969e-01 -8.4160e-01 +1.2986e+00 -1.3096e+00 +1.4714e+00
% f evaluations | g evaluations | best noise-free fitness - Fopt (-6.300000000000e+00) + sum g_i+ | measured fitness | best measured fitness or single-digit g-values | x1 | x2...
1 0 +1.033747614e+04 +1.033117614e+04 +1.033117614e+04 +0.0000e+00 +0.0000e+00 +0.0000e+00 +0.0000e+00 +0.0000e+00 +0.0000e+00 +0.0000e+00 +0.0000e+00 +0.0000e+00 +0.0000e+00
2 0 +1.028278719e+04 +1.027648719e+04 +1.027648719e+04 +4.3379e-01 +3.0692e-02 +9.8026e-02 +3.4094e-01 +2.4727e-01 +1.7369e-01 -1.1375e-01 -3.0566e-01 +1.1285e-01 -1.5359e-01
3 0 +8.748276101e+03 +8.741976101e+03 +8.741976101e+03 +2.4817e-01 +6.3376e-02 -2.2359e-01 +8.0318e-02 +2.1275e-01 +5.3256e-02 -2.3477e-01 +7.8699e-02 +1.0710e-01 +2.4729e-01
4 0 +7.997303427e+03 +7.991003427e+03 +7.991003427e+03 +2.1661e-01 -2.7248e-01 -1.4933e-01 +1.8171e-01 -5.0930e-01 +2.3317e-01 -2.5183e-01 -1.2653e-01 +4.3300e-01 -1.9345e-02
12 0 +6.965732354e+03 +6.959432354e+03 +6.959432354e+03 +1.1339e-01 -8.3592e-03 +1.8035e-01 +7.7767e-02 -4.4708e-01 -1.2793e-01 -2.5759e-01 -5.8600e-01 -3.1780e-01 +5.8374e-01
15 0 +3.131265263e+03 +3.124965263e+03 +3.124965263e+03 +2.3477e-01 +6.3393e-03 -4.1776e-01 -5.8258e-03 +7.9482e-01 -2.3363e-02 -5.5888e-02 -2.8178e-01 +6.0278e-01 +5.1574e-01
22 0 +1.528881780e+03 +1.522581780e+03 +1.522581780e+03 +3.0585e-02 +2.5549e-01 -4.5688e-01 -7.6866e-02 -4.0946e-01 +3.0443e-01 -4.2084e-03 -6.9497e-01 +4.1853e-01 +8.3938e-01
27 0 +1.300910445e+03 +1.294610445e+03 +1.294610445e+03 +7.2506e-01 -3.9735e-01 -3.1444e-01 -1.5437e-01 +1.3295e-01 +2.9872e-02 +8.8147e-02 -6.2403e-01 +4.8352e-01 +7.0074e-01
38 0 +1.036175919e+03 +1.029875919e+03 +1.029875919e+03 +6.8736e-01 +7.3844e-02 +6.1484e-03 -2.0331e-01 -2.2409e-01 -3.0286e-01 -2.4261e-01 -7.0402e-01 +7.2556e-01 +7.8315e-01
40 0 +7.766260171e+02 +7.703260171e+02 +7.703260171e+02 +8.1121e-01 -1.2061e-01 -5.8681e-01 -2.0416e-01 -2.3486e-01 +1.2548e-01 +3.5310e-02 -4.3692e-01 +8.6846e-01 +1.0014e+00
60 0 +7.535255131e+02 +7.472255131e+02 +7.472255131e+02 +9.2212e-01 +2.9445e-01 -3.8294e-01 -5.0202e-01 +8.0749e-02 -4.5574e-01 -1.9813e-01 -5.7409e-01 +1.7438e+00 +1.3721e+00
62 0 +6.889047181e+02 +6.826047181e+02 +6.826047181e+02 +8.7224e-01 +1.8036e-01 -5.9613e-01 -8.0718e-02 -8.0079e-01 -1.4482e-01 +6.8155e-01 -7.9526e-01 +5.1550e-01 +7.0301e-01
64 0 +6.375804205e+02 +6.312804205e+02 +6.312804205e+02 +1.2910e+00 -2.2750e-01 -4.1301e-01 -3.1314e-01 -5.0561e-01 +3.9287e-01 +4.5721e-01 -2.9206e-01 +1.4442e+00 +1.0925e+00
66 0 +5.485050825e+02 +5.422050825e+02 +5.422050825e+02 +2.9096e-01 +2.4518e-01 +1.0766e-02 -3.2548e-01 -9.1680e-02 -1.3270e-01 +9.4753e-02 -4.9949e-01 +6.1765e-01 +1.3908e+00
69 0 +2.259513608e+01 +1.629513608e+01 +1.629513608e+01 +3.8928e-01 +6.6699e-01 -2.7458e-01 +5.4645e-02 +1.9810e-01 -2.5981e-01 +3.6508e-01 -5.9660e-01 +1.4759e+00 +1.2961e+00
73 0 +4.282156144e+00 -2.017843856e+00 -2.017843856e+00 +9.3082e-01 +4.4514e-01 -4.2606e-01 -5.3916e-01 -5.8515e-01 -2.7823e-01 +7.2326e-01 -6.1286e-01 +1.2070e+00 +1.4557e+00
93 0 +4.071292348e+00 -2.228707652e+00 -2.228707652e+00 +4.9563e-01 +9.3244e-01 -9.7044e-01 -3.2240e-01 -5.6060e-01 -6.0285e-02 +7.5986e-01 -9.1955e-01 +2.0767e+00 +1.6709e+00
100 0 +3.893169927e+00 -2.406830073e+00 -2.406830073e+00 +9.8239e-01 +6.6473e-01 -7.1761e-01 -2.0985e-01 -3.9309e-01 -5.8323e-01 +1.0530e+00 -1.1288e+00 +2.1171e+00 +2.0155e+00
111 0 +3.595066342e+00 -2.704933658e+00 -2.704933658e+00 +1.1067e+00 +8.4530e-01 -1.2600e+00 -2.1511e-01 -6.9992e-01 -5.2970e-01 +1.2488e+00 -1.5202e+00 +2.0764e+00 +1.9657e+00
115 0 +3.261035296e+00 -3.038964704e+00 -3.038964704e+00 +7.4416e-02 +5.9760e-01 -7.7713e-01 -6.9557e-01 -7.7011e-01 -6.2966e-01 +1.3001e+00 -8.3920e-01 +1.6351e+00 +1.9631e+00
140 0 +3.013863016e+00 -3.286136984e+00 -3.286136984e+00 +5.8063e-01 +7.9409e-01 -1.1560e+00 -4.1878e-02 -5.0549e-01 -6.6627e-01 +8.3602e-01 -1.3940e+00 +1.4067e+00 +1.9059e+00
240 0 +2.766682297e+00 -3.533317703e+00 -3.533317703e+00 +8.8319e-01 +8.5992e-01 -8.9269e-01 -9.5369e-02 -5.8713e-01 -9.7600e-01 +1.0464e+00 -2.3611e+00 +1.6964e+00 +1.7992e+00
280 0 +2.488474493e+00 -3.811525507e+00 -3.811525507e+00 +1.0066e+00 +9.7727e-01 -8.4744e-01 -8.5039e-02 -5.1912e-01 -5.6578e-01 +1.5484e+00 -2.2343e+00 +1.7256e+00 +1.7620e+00
360 0 +2.354130145e+00 -3.945869855e+00 -3.945869855e+00 +6.8310e-01 +8.5605e-01 -1.1814e+00 -1.4851e-01 -4.7400e-01 -5.8818e-01 +1.6040e+00 -2.2676e+00 +8.2104e-01 +1.2837e+00
448 0 +2.309822996e+00 -3.990177004e+00 -3.990177004e+00 +1.0106e+00 +8.5888e-01 -1.2512e+00 -1.0212e-01 -5.1609e-01 -5.8867e-01 +1.6864e+00 -2.2188e+00 +1.4427e+00 +1.5872e+00
534 0 +2.284456152e+00 -4.015543848e+00 -4.015543848e+00 +1.0056e+00 +8.4217e-01 -1.2015e+00 -9.2437e-02 -4.8882e-01 -6.1985e-01 +1.6251e+00 -2.2291e+00 +1.4506e+00 +1.5708e+00
1003 0 +2.238642397e+00 -4.061357603e+00 -4.061357603e+00 +1.0267e+00 +8.1392e-01 -1.1973e+00 -1.3621e-01 -5.0012e-01 -6.0023e-01 +1.6552e+00 -2.2197e+00 +1.4378e+00 +1.6148e+00
% f evaluations | g evaluations | best noise-free fitness - Fopt (-1.367600000000e+02) + sum g_i+ | measured fitness | best measured fitness or single-digit g-values | x1 | x2...
1 0 +1.033747614e+04 +1.020071614e+04 +1.020071614e+04 +0.0000e+00 +0.0000e+00 +0.0000e+00 +0.0000e+00 +0.0000e+00 +0.0000e+00 +0.0000e+00 +0.0000e+00 +0.0000e+00 +0.0000e+00
2 0 +9.439682840e+03 +9.302922840e+03 +9.302922840e+03 +4.3379e-01 +3.0692e-02 +9.8026e-02 +3.4094e-01 +2.4727e-01 +1.7369e-01 -1.1375e-01 -3.0566e-01 +1.1285e-01 -1.5359e-01
4 0 +7.064482210e+03 +6.927722210e+03 +6.927722210e+03 +2.1661e-01 -2.7248e-01 -1.4933e-01 +1.8171e-01 -5.0930e-01 +2.3317e-01 -2.5183e-01 -1.2653e-01 +4.3300e-01 -1.9345e-02
8 0 +3.813802843e+03 +3.677042843e+03 +3.677042843e+03 +6.0234e-01 +2.6527e-01 +2.8700e-01 -7.0577e-01 +5.2611e-01 +2.0125e-02 -3.9010e-01 +9.9670e-02 +3.8961e-01 -4.6269e-01
37 0 +1.324970334e+03 +1.188210334e+03 +1.188210334e+03 +1.6633e-01 -5.8658e-01 +3.8645e-02 -2.4639e-01 -4.4963e-01 +6.5090e-01 -3.6109e-01 +4.3513e-01 +7.2159e-01 -4.6182e-01
42 0 +1.231143126e+03 +1.094383126e+03 +1.094383126e+03 +7.1353e-01 -2.4450e-01 +2.7436e-01 -1.0067e-01 -4.7208e-01 +5.3261e-01 -1.8913e-01 +2.8992e-01 +1.1502e+00 -4.5059e-01
50 0 +1.048309339e+03 +9.115493394e+02 +9.115493394e+02 +4.9737e-01 -2.7332e-01 -1.8886e-01 -4.9488e-02 -8.4222e-01 +2.8432e-01 -3.8730e-01 +1.7735e-01 +9.0236e-01 -5.9782e-01
59 0 +6.463460080e+02 +5.095860080e+02 +5.095860080e+02 +4.1797e-01 -6.9096e-01 -1.1985e-01 -5.9187e-02 -2.8762e-01 +7.5827e-01 -2.0203e-01 +2.8846e-01 +1.6471e+00 -5.3043e-01
85 0 +1.928199517e+02 +5.605995173e+01 +5.605995173e+01 +1.1487e+00 -1.7071e-01 -1.8500e-01 -1.3625e-01 -8.2533e-01 +7.5250e-01 -1.0920e-01 +5.0193e-01 +1.6785e+00 -1.1281e+00
93 0 +4.993162291e+00 -1.317668377e+02 -1.317668377e+02 +6.2193e-01 +1.0046e-01 -4.4435e-01 -1.4759e-01 -7.1443e-01 +1.0050e+00 -4.2129e-01 +7.4636e-01 +2.3339e+00 -5.8514e-01
97 0 +3.950268807e+00 -1.328097312e+02 -1.328097312e+02 +7.3455e-01 +1.2209e-01 -2.5248e-01 +4.4591e-02 -5.4138e-01 +1.3671e+00 -4.5542e-01 +6.4336e-01 +2.4949e+00 -6.3249e-01
165 0 +3.741680697e+00 -1.330183193e+02 -1.330183193e+02 +7.6265e-03 -3.5013e-01 -3.4895e-02 -4.9834e-01 -6.3783e-01 +1.1700e+00 -1.2205e+00 +8.7445e-01 +2.1833e+00 -9.6298e-01
188 0 +3.663210669e+00 -1.330967893e+02 -1.330967893e+02 +2.7693e-01 -4.6821e-01 -5.6455e-02 +5.6631e-02 +1.0242e-01 +8.4261e-01 -7.3771e-01 +9.0649e-01 +1.8654e+00 -1.2391e+00
204 0 +3.301440327e+00 -1.334585597e+02 -1.334585597e+02 +6.1438e-01 -1.6046e-01 -4.2220e-01 +4.7007e-01 -3.2188e-01 +1.0416e+00 -6.6126e-01 +1.3030e+00 +2.3683e+00 -9.7474e-01
323 0 +3.107583768e+00 -1.336524162e+02 -1.336524162e+02 +4.2502e-01 -6.0439e-01 -6.4136e-01 +4.4224e-02 -4.0938e-01 +6.3546e-01 -7.9720e-01 +1.0585e+00 +1.2551e+00 -1.4746e+00
381 0 +2.931487863e+00 -1.338285121e+02 -1.338285121e+02 +4.5412e-01 -5.6033e-01 -7.5496e-01 +4.2130e-02 -3.7573e-01 +6.6776e-01 -7.8260e-01 +9.2807e-01 +1.2532e+00 -1.4239e+00
404 0 +2.883830139e+00 -1.338761699e+02 -1.338761699e+02 +5.2843e-01 -6.4725e-01 -5.9536e-01 +1.2992e-01 -4.4657e-01 +6.1788e-01 -8.3535e-01 +9.7735e-01 +1.4029e+00 -1.5625e+00
407 0 +2.783017070e+00 -1.339769829e+02 -1.339769829e+02 +3.9075e-01 -7.7723e-01 -7.2514e-01 +5.6336e-02 -4.5759e-01 +5.5225e-01 -7.6147e-01 +9.9054e-01 +1.3853e+00 -1.5297e+00
467 0 +2.638784096e+00 -1.341212159e+02 -1.341212159e+02 +4.2152e-01 -7.1739e-01 -7.0026e-01 +6.2167e-03 -4.3468e-01 +5.8315e-01 -7.6209e-01 +9.4265e-01 +1.4508e+00 -1.5704e+00
540 0 +2.619246338e+00 -1.341407537e+02 -1.341407537e+02 +3.7121e-01 -7.3799e-01 -6.4241e-01 -1.0833e-02 -4.6197e-01 +5.9163e-01 -8.2736e-01 +9.5132e-01 +1.6153e+00 -1.6511e+00
634 0 +2.569015403e+00 -1.341909846e+02 -1.341909846e+02 +3.8844e-01 -6.8754e-01 -6.6590e-01 +3.1660e-02 -4.7432e-01 +6.3224e-01 -7.9877e-01 +9.6165e-01 +1.4362e+00 -1.5768e+00
688 0 +2.492748123e+00 -1.342672519e+02 -1.342672519e+02 +3.6717e-01 -6.9771e-01 -7.1517e-01 -2.7436e-03 -4.4389e-01 +6.3581e-01 -7.9313e-01 +9.7861e-01 +1.4062e+00 -1.5702e+00
942 0 +2.454586393e+00 -1.343054136e+02 -1.343054136e+02 +3.4795e-01 -7.1064e-01 -7.2081e-01 -2.8759e-02 -4.6782e-01 +6.0244e-01 -8.0545e-01 +9.5508e-01 +1.4089e+00 -1.5720e+00
% f evaluations | g evaluations | best noise-free fitness - Fopt (3.667500000000e+02) + sum g_i+ | measured fitness | best measured fitness or single-digit g-values | x1 | x2...
1 0 +1.033747614e+04 +1.070422614e+04 +1.070422614e+04 +0.0000e+00 +0.0000e+00 +0.0000e+00 +0.0000e+00 +0.0000e+00 +0.0000e+00 +0.0000e+00 +0.0000e+00 +0.0000e+00 +0.0000e+00
3 0 +9.510810705e+03 +9.877560705e+03 +9.877560705e+03 +2.4817e-01 +6.3376e-02 -2.2359e-01 +8.0318e-02 +2.1275e-01 +5.3256e-02 -2.3477e-01 +7.8699e-02 +1.0710e-01 +2.4729e-01
5 0 +8.847261780e+03 +9.214011780e+03 +9.214011780e+03 -9.0564e-02 +8.4424e-02 -2.8183e-02 -1.8777e-01 +7.4957e-02 +6.4105e-01 +2.7589e-01 +1.3137e-01 +7.7185e-02 +2.3934e-01
12 0 +6.760736701e+03 +7.127486701e+03 +7.127486701e+03 +2.2271e-01 -1.1745e-01 +3.2605e-01 -1.1892e-02 -2.3426e-01 -1.6303e-01 -1.9040e-01 -4.5713e-01 -4.9564e-01 +5.2911e-01
13 0 +6.288861120e+03 +6.655611120e+03 +6.655611120e+03 -1.4825e-02 +2.2763e-01 -2.0313e-01 -2.0830e-01 -3.6080e-01 +5.0740e-01 -4.6455e-02 +5.0087e-01 -1.2069e-01 +3.3296e-01
23 0 +4.774244145e+03 +5.140994145e+03 +5.140994145e+03 +3.0191e-01 -1.8596e-02 +4.9808e-02 -1.4544e-01 +2.2378e-01 +4.6248e-01 -4.2196e-01 +4.2798e-01 -3.2388e-01 +6.1909e-01
24 0 +4.504220236e+03 +4.870970236e+03 +4.870970236e+03 +4.0721e-01 +2.1423e-01 -7.9183e-02 -5.1610e-01 -1.2032e-02 +3.8630e-01 +3.0023e-01 +3.3936e-01 -2.0395e-01 +3.9802e-01
25 0 +1.426699281e+03 +1.793449281e+03 +1.793449281e+03 +9.8397e-02 -3.9115e-02 -3.1207e-01 -2.0246e-01 -1.5555e-01 +1.5033e-01 +3.5682e-01 +1.4755e-01 -9.9357e-01 +5.7082e-01
34 0 +1.055117774e+03 +1.421867774e+03 +1.421867774e+03 +5.0000e-01 -4.3487e-02 -5.2431e-01 -3.7374e-01 -3.6348e-01 +1.3214e-02 +3.2447e-01 +1.5571e-01 -1.0607e+00 +7.4432e-01
46 0 +8.107962485e+01 +4.478296248e+02 +4.478296248e+02 +1.0810e+00 +5.4393e-02 -1.3887e-01 +6.9081e-02 +6.5893e-02 +6.7503e-03 +3.8123e-01 +9.0595e-01 -8.6195e-01 +9.7247e-01
72 0 +5.529650364e+00 +3.722796504e+02 +3.722796504e+02 +4.3358e-01 -1.2106e-01 +2.3173e-01 +4.5748e-01 -2.2585e-01 -4.7514e-01 +5.0397e-01 +8.4784e-01 -1.3954e+00 +1.7233e+00
87 0 +4.357005458e+00 +3.711070055e+02 +3.711070055e+02 +8.8403e-01 -3.1974e-01 -1.5536e-01 -7.2391e-02 -2.0006e-02 -2.7079e-01 +4.6737e-01 +1.3935e+00 -8.8605e-01 +1.5688e+00
94 0 +4.071525266e+00 +3.708215253e+02 +3.708215253e+02 +6.7766e-01 +1.1853e-01 +6.3997e-02 +5.4992e-02 -6.3220e-02 -3.4540e-01 +1.0358e+00 +8.5091e-01 -1.1034e+00 +1.3867e+00
102 0 +3.413877346e+00 +3.701638773e+02 +3.701638773e+02 +5.7813e-01 +3.8820e-02 +4.5338e-01 +8.7321e-01 +6.8919e-01 -1.4900e+00 +9.8192e-01 +8.8129e-01 -1.1065e+00 +1.4534e+00
137 0 +3.380969550e+00 +3.701309695e+02 +3.701309695e+02 +8.1021e-01 +1.0233e-01 +4.6644e-01 +5.2239e-01 +3.5368e-01 -1.1442e+00 +1.7749e+00 +6.9470e-01 -1.4216e+00 +1.5991e+00
187 0 +3.200085028e+00 +3.699500850e+02 +3.699500850e+02 +1.6827e+00 +1.6820e-01 +6.9926e-01 +6.2191e-01 +2.4004e-01 -7.5571e-01 +1.7177e+00 +1.6411e+00 -1.5782e+00 +1.3864e+00
193 0 +2.969964194e+00 +3.697199642e+02 +3.697199642e+02 +1.7431e+00 -4.3953e-02 -2.6923e-01 +8.3881e-01 +2.6869e-01 -1.1109e+00 +1.4753e+00 +1.4784e+00 -1.9934e+00 +2.1351e+00
292 0 +2.812738734e+00 +3.695627387e+02 +3.695627387e+02 +1.4295e+00 +1.6337e-01 -3.0109e-02 +8.1076e-01 +2.8125e-01 -1.0966e+00 +1.7985e+00 +1.2949e+00 -1.5789e+00 +1.4553e+00
384 0 +2.532599559e+00 +3.692825996e+02 +3.692825996e+02 +1.6332e+00 +1.3132e-01 -1.3997e-01 +8.2817e-01 +2.3166e-01 -5.6193e-01 +1.6682e+00 +1.2789e+00 -1.8951e+00 +1.2548e+00
492 0 +2.504608329e+00 +3.692546083e+02 +3.692546083e+02 +1.6479e+00 +1.9152e-01 -2.0962e-01 +8.3748e-01 +2.5676e-01 -7.4118e-01 +1.7371e+00 +1.7300e+00 -1.4939e+00 +1.1031e+00
561 0 +2.308775980e+00 +3.690587760e+02 +3.690587760e+02 +1.5330e+00 +2.0578e-01 -7.9776e-02 +8.0722e-01 +2.5737e-01 -7.3951e-01 +1.6523e+00 +1.7441e+00 -1.4708e+00 +1.1677e+00
595 0 +2.166209098e+00 +3.689162091e+02 +3.689162091e+02 +1.5239e+00 +2.1252e-01 -2.0581e-01 +8.5861e-01 +2.4977e-01 -6.5661e-01 +1.5982e+00 +1.7837e+00 -1.4617e+00 +1.1419e+00
635 0 +2.135468661e+00 +3.688854687e+02 +3.688854687e+02 +1.5782e+00 +2.4332e-01 -9.9706e-02 +8.6829e-01 +2.6541e-01 -6.5526e-01 +1.6585e+00 +1.7508e+00 -1.4097e+00 +1.1361e+00
686 0 +2.083350897e+00 +3.688333509e+02 +3.688333509e+02 +1.5176e+00 +2.1589e-01 -1.3535e-01 +8.5763e-01 +2.6516e-01 -6.3954e-01 +1.6842e+00 +1.7927e+00 -1.5106e+00 +1.1166e+00
850 0 +2.032522412e+00 +3.687825224e+02 +3.687825224e+02 +1.5248e+00 +1.9929e-01 -1.2024e-01 +8.3668e-01 +2.5583e-01 -6.5206e-01 +1.6241e+00 +1.7717e+00 -1.4331e+00 +1.1370e+00
1329 0 +1.994836306e+00 +3.687448363e+02 +3.687448363e+02 +1.5077e+00 +1.8026e-01 -1.2455e-01 +8.0554e-01 +2.5923e-01 -6.5881e-01 +1.6433e+00 +1.7770e+00 -1.4397e+00 +1.1261e+00
% f evaluations | g evaluations | best noise-free fitness - Fopt (-2.486900000000e+02) + sum g_i+ | measured fitness | best measured fitness or single-digit g-values | x1 | x2...
1 0 +1.033747614e+04 +1.008878614e+04 +1.008878614e+04 +0.0000e+00 +0.0000e+00 +0.0000e+00 +0.0000e+00 +0.0000e+00 +0.0000e+00 +0.0000e+00 +0.0000e+00 +0.0000e+00 +0.0000e+00
3 0 +9.012674495e+03 +8.763984495e+03 +8.763984495e+03 +2.4817e-01 +6.3376e-02 -2.2359e-01 +8.0318e-02 +2.1275e-01 +5.3256e-02 -2.3477e-01 +7.8699e-02 +1.0710e-01 +2.4729e-01
12 0 +1.590137854e+03 +1.341447854e+03 +1.341447854e+03 +1.6498e-01 -4.6552e-04 +2.8326e-01 +6.3152e-02 -2.7991e-01 -9.9070e-02 -2.8036e-01 -6.3172e-01 -5.1974e-01 +5.1493e-01
25 0 +1.431237895e+03 +1.182547895e+03 +1.182547895e+03 +3.4243e-02 +1.5262e-01 -3.6886e-01 -7.3898e-02 -2.3330e-01 +2.6116e-01 -3.6184e-02 -2.5114e-01 -9.3514e-01 +5.6610e-01
34 0 +3.818229175e+02 +1.331329175e+02 +1.331329175e+02 +5.3992e-01 +2.2713e-01 -6.2515e-01 -1.1822e-01 -3.4149e-01 +3.3084e-02 -6.3875e-02 -7.3948e-01 -8.7125e-01 +8.6092e-01
53 0 +8.039613928e+01 -1.682938607e+02 -1.682938607e+02 +1.2734e+00 +2.4939e-01 -5.1491e-01 +2.9184e-01 -6.6957e-01 +1.8932e-01 -8.5747e-01 -8.4802e-01 -6.7028e-01 +8.9597e-01
54 0 +5.225802313e+00 -2.434641977e+02 -2.434641977e+02 +1.3019e+00 +1.7045e-01 -3.5461e-01 +8.3820e-02 -4.1270e-01 +3.1008e-01 -5.5926e-01 -7.0572e-01 -9.3658e-01 +1.2885e+00
66 0 +4.031020652e+00 -2.446589793e+02 -2.446589793e+02 +4.9634e-01 +5.3294e-01 -2.5536e-01 +1.0204e-01 -4.7575e-01 +1.3621e-01 -5.5204e-01 -8.3549e-01 -1.1615e+00 +1.6625e+00
103 0 +3.220653887e+00 -2.454693461e+02 -2.454693461e+02 -8.9656e-02 +5.5517e-01 -1.5284e-01 +3.2179e-01 -6.5188e-01 +4.4321e-01 -1.2471e+00 -4.6825e-01 -8.8425e-01 +2.3504e+00
134 0 +3.110397084e+00 -2.455796029e+02 -2.455796029e+02 +1.1170e+00 +8.8454e-01 -5.5467e-02 +4.7342e-01 -2.9077e-01 +7.5991e-01 -1.4056e+00 -1.3938e+00 -1.1633e+00 +2.3483e+00
212 0 +2.960621252e+00 -2.457293787e+02 -2.457293787e+02 +9.1523e-01 +7.4267e-01 -1.3928e-01 +2.4013e-01 -3.2845e-01 +5.0053e-01 -1.5743e+00 -1.8396e+00 -1.3754e+00 +1.5771e+00
301 0 +2.846883374e+00 -2.458431166e+02 -2.458431166e+02 +8.5661e-01 +6.9278e-01 -1.3143e-01 +3.1108e-01 -3.7816e-01 +7.3771e-01 -1.2007e+00 -1.9130e+00 -1.3665e+00 +1.5199e+00
305 0 +2.806957135e+00 -2.458830429e+02 -2.458830429e+02 +8.5021e-01 +8.0065e-01 +5.3495e-02 +2.1020e-01 -4.8878e-01 +7.6831e-01 -1.1075e+00 -1.8869e+00 -1.2576e+00 +1.4699e+00
317 0 +2.657780090e+00 -2.460322199e+02 -2.460322199e+02 +8.8462e-01 +6.1869e-01 -6.4589e-02 +2.0937e-01 -3.6184e-01 +6.3035e-01 -1.0561e+00 -1.9395e+00 -1.4487e+00 +1.3914e+00
323 0 +2.593552446e+00 -2.460964476e+02 -2.460964476e+02 +8.1870e-01 +6.9783e-01 -7.2327e-02 +2.5891e-01 -3.8240e-01 +6.5663e-01 -1.1448e+00 -1.8983e+00 -1.4099e+00 +1.3496e+00
385 0 +2.548842938e+00 -2.461411571e+02 -2.461411571e+02 +9.4684e-01 +5.8842e-01 -4.1362e-02 +1.4066e-01 -3.5251e-01 +6.2366e-01 -8.4908e-01 -1.7134e+00 -1.0725e+00 +1.2681e+00
400 0 +2.327548469e+00 -2.463624515e+02 -2.463624515e+02 +9.3406e-01 +7.2285e-01 -8.8273e-02 +1.9608e-01 -3.6493e-01 +6.3073e-01 -1.2794e+00 -1.8152e+00 -1.1726e+00 +1.4471e+00
479 0 +2.286949569e+00 -2.464030504e+02 -2.464030504e+02 +1.0508e+00 +6.2809e-01 -2.9642e-02 +1.9675e-01 -4.1676e-01 +5.4256e-01 -8.4196e-01 -1.6970e+00 -9.5611e-01 +9.6945e-01
492 0 +2.034210203e+00 -2.466557898e+02 -2.466557898e+02 +9.7349e-01 +6.8125e-01 -3.4605e-02 +2.2904e-01 -4.2294e-01 +5.4039e-01 -8.0586e-01 -1.5086e+00 -9.0256e-01 +9.4650e-01
607 0 +1.927583980e+00 -2.467624160e+02 -2.467624160e+02 +9.3024e-01 +7.6959e-01 +2.0833e-02 +2.7198e-01 -4.3191e-01 +6.1840e-01 -8.5035e-01 -1.6200e+00 -9.3435e-01 +1.2143e+00
632 0 +1.902385905e+00 -2.467876141e+02 -2.467876141e+02 +9.3347e-01 +7.5036e-01 +3.5088e-02 +2.7303e-01 -4.0712e-01 +6.0343e-01 -8.0366e-01 -1.6057e+00 -9.8079e-01 +1.2204e+00
666 0 +1.793952552e+00 -2.468960474e+02 -2.468960474e+02 +9.1957e-01 +7.7253e-01 +4.5984e-02 +2.7263e-01 -4.2050e-01 +6.1266e-01 -8.2862e-01 -1.5215e+00 -9.6772e-01 +1.2408e+00
694 0 +1.773755049e+00 -2.469162450e+02 -2.469162450e+02 +9.1024e-01 +7.6380e-01 +8.3871e-02 +2.3627e-01 -4.1138e-01 +6.1479e-01 -7.9938e-01 -1.5012e+00 -9.5999e-01 +1.2237e+00
727 0 +1.702503836e+00 -2.469874962e+02 -2.469874962e+02 +9.2749e-01 +7.7962e-01 +2.2774e-02 +2.2709e-01 -4.4861e-01 +6.0675e-01 -8.0938e-01 -1.5578e+00 -9.4359e-01 +1.2493e+00
767 0 +1.689124955e+00 -2.470008750e+02 -2.470008750e+02 +9.2526e-01 +7.5427e-01 -4.0500e-03 +1.8365e-01 -4.1658e-01 +5.5986e-01 -8.1271e-01 -1.5350e+00 -9.4222e-01 +1.2491e+00
876 0 +1.656613240e+00 -2.470333868e+02 -2.470333868e+02 +9.7601e-01 +7.7871e-01 +2.7774e-02 +2.2303e-01 -4.2825e-01 +5.9045e-01 -8.1391e-01 -1.5388e+00 -9.3795e-01 +1.2621e+00
1062 0 +1.621473460e+00 -2.470685265e+02 -2.470685265e+02 +9.7486e-01 +7.6937e-01 +1.5688e-02 +1.9986e-01 -4.3475e-01 +5.8774e-01 -8.0425e-01 -1.5300e+00 -9.4681e-01 +1.2626e+00
1255 0 +1.582799071e+00 -2.471072009e+02 -2.471072009e+02 +9.9801e-01 +7.7379e-01 +1.3394e-02 +1.7631e-01 -4.4322e-01 +5.9730e-01 -8.0296e-01 -1.5155e+00 -9.5255e-01 +1.2520e+00
% f evaluations | g evaluations | best noise-free fitness - Fopt (-6.786000000000e+01) + sum g_i+ | measured fitness | best measured fitness or single-digit g-values | x1 | x2...
1 0 +1.033747614e+04 +1.026961614e+04 +1.026961614e+04 +0.0000e+00 +0.0000e+00 +0.0000e+00 +0.0000e+00 +0.0000e+00 +0.0000e+00 +0.0000e+00 +0.0000e+00 +0.0000e+00 +0.0000e+00
2 0 +9.187977039e+03 +9.120117039e+03 +9.120117039e+03 +4.3379e-01 +3.0692e-02 +9.8026e-02 +3.4094e-01 +2.4727e-01 +1.7369e-01 -1.1375e-01 -3.0566e-01 +1.1285e-01 -1.5359e-01
6 0 +7.394397553e+03 +7.326537553e+03 +7.326537553e+03 +1.8723e-01 -2.5702e-01 +1.5212e-01 +1.5671e-02 +5.1476e-01 -6.3323e-02 +3.7553e-01 -3.4671e-01 +9.3874e-02 -2.1343e-01
20 0 +4.312922982e+03 +4.245062982e+03 +4.245062982e+03 +5.7374e-01 +4.2826e-01 +3.9986e-02 +3.8657e-01 +2.8472e-01 +2.5531e-01 -4.0594e-01 -2.5929e-01 -6.7687e-01 -4.6508e-01
26 0 +3.921650041e+03 +3.853790041e+03 +3.853790041e+03 +2.7969e-01 +3.7046e-01 -2.1566e-01 +3.3930e-01 +4.4131e-01 -1.3163e-01 +4.2847e-01 -6.9270e-01 -3.6607e-01 -1.8612e-01
30 0 +3.721584048e+03 +3.653724048e+03 +3.653724048e+03 +2.3426e-01 -2.1276e-01 -3.7167e-01 -8.0617e-02 +8.3449e-02 +1.9014e-01 -3.8491e-02 +4.9445e-02 -7.8820e-01 -4.4086e-01
33 0 +2.919570031e+03 +2.851710031e+03 +2.851710031e+03 +1.3221e-01 +1.6558e-01 -4.8826e-01 +1.0242e-01 -2.1538e-03 -1.8151e-01 +6.1704e-01 -9.8246e-01 +8.2032e-02 -7.2901e-01
36 0 +2.236399394e+03 +2.168539394e+03 +2.168539394e+03 +1.0683e+00 +1.8890e-01 -1.8407e-01 +4.8654e-01 +2.7886e-01 +2.4919e-01 +1.2336e-01 -3.9919e-01 -8.8033e-01 -3.9642e-01
47 0 +1.663671370e+03 +1.595811370e+03 +1.595811370e+03 +7.0647e-01 -1.4739e-01 -1.6272e-01 -1.4814e-01 -2.8437e-01 -3.6543e-01 +4.7202e-01 -6.4192e-01 -6.8900e-01 -3.6807e-01
49 0 +1.534772775e+03 +1.466912775e+03 +1.466912775e+03 +3.2374e-01 +4.8094e-01 -2.5952e-01 +4.5882e-01 -4.3104e-01 -1.6420e-01 +2.2291e-01 -7.1294e-01 -6.8177e-01 -4.1433e-01
55 0 +1.477836785e+03 +1.409976785e+03 +1.409976785e+03 +5.9406e-01 +1.4586e-01 -8.6246e-02 -8.3638e-02 -6.9307e-02 +2.2377e-02 +6.6681e-01 -5.2067e-01 -6.2700e-01 -4.5801e-01
62 0 +3.617510507e+02 +2.938910507e+02 +2.938910507e+02 +9.8069e-01 +1.3901e-01 -5.0787e-01 +4.5743e-01 -7.8406e-01 -3.8382e-02 +8.4411e-01 -1.0086e+00 -1.0441e+00 -6.1512e-01
85 0 +1.038162262e+01 -5.747837738e+01 -5.747837738e+01 +1.3421e+00 +2.1178e-01 -5.1370e-01 +1.8865e-01 -7.4267e-01 +4.9374e-02 +9.3804e-01 -8.1409e-01 -8.1944e-01 -1.1329e+00
113 0 +4.072627868e+00 -6.378737213e+01 -6.378737213e+01 +1.1240e+00 +5.7522e-01 -3.6066e-01 +2.3758e-01 -4.1476e-01 -3.0191e-01 +1.3083e+00 -1.5502e+00 -1.3412e+00 -9.5384e-01
138 0 +3.858622289e+00 -6.400137771e+01 -6.400137771e+01 +4.3515e-01 +4.7690e-03 -3.4298e-01 -3.0253e-01 -5.9179e-01 -1.3304e-01 +9.8199e-01 -1.6272e+00 -1.5568e+00 -1.0673e+00
142 0 +3.293053595e+00 -6.456694641e+01 -6.456694641e+01 +3.7973e-01 +4.4815e-01 -2.9075e-01 +2.9198e-01 -2.6332e-01 -6.5761e-01 +2.0254e+00 -1.2531e+00 -1.5268e+00 -1.2775e+00
161 0 +3.042107773e+00 -6.481789223e+01 -6.481789223e+01 +6.2002e-01 +6.2745e-01 -3.0033e-01 +2.5758e-01 -6.0367e-01 -4.7517e-01 +1.5876e+00 -2.2429e+00 -1.9628e+00 -1.4680e+00
201 0 +2.763923223e+00 -6.509607678e+01 -6.509607678e+01 +6.2372e-01 +5.2944e-01 -3.5678e-01 +3.2500e-01 -3.7060e-01 -1.0185e+00 +1.8490e+00 -1.4744e+00 -1.0396e+00 -1.5028e+00
337 0 +2.736536911e+00 -6.512346309e+01 -6.512346309e+01 +6.5798e-01 +4.4365e-01 -4.4652e-01 +2.0790e-01 -3.8444e-01 -5.8175e-01 +1.6397e+00 -1.7494e+00 -1.1928e+00 -1.6627e+00
394 0 +2.650916759e+00 -6.520908324e+01 -6.520908324e+01 +6.9632e-01 +3.9256e-01 -4.4175e-01 +2.4905e-01 -4.3289e-01 -6.2549e-01 +1.6364e+00 -1.7551e+00 -1.2048e+00 -1.6048e+00
451 0 +2.627472131e+00 -6.523252787e+01 -6.523252787e+01 +6.3425e-01 +3.8601e-01 -3.2130e-01 +2.9602e-01 -3.2885e-01 -6.3366e-01 +1.6639e+00 -1.7087e+00 -1.1904e+00 -1.5338e+00
522 0 +2.495653498e+00 -6.536434650e+01 -6.536434650e+01 +7.0876e-01 +3.8943e-01 -3.3016e-01 +2.9167e-01 -3.7863e-01 -6.6138e-01 +1.6624e+00 -1.7390e+00 -1.2297e+00 -1.6097e+00
545 0 +2.405608209e+00 -6.545439179e+01 -6.545439179e+01 +6.7186e-01 +3.8462e-01 -3.0703e-01 +2.8423e-01 -3.8887e-01 -6.4157e-01 +1.6727e+00 -1.7568e+00 -1.2210e+00 -1.6172e+00
700 0 +2.387448844e+00 -6.547255116e+01 -6.547255116e+01 +6.5980e-01 +4.2627e-01 -3.1106e-01 +2.6980e-01 -3.6474e-01 -6.4007e-01 +1.6605e+00 -1.7666e+00 -1.2224e+00 -1.6185e+00
862 0 +2.343310858e+00 -6.551668914e+01 -6.551668914e+01 +6.4969e-01 +3.9454e-01 -2.8891e-01 +2.4027e-01 -3.9162e-01 -6.3657e-01 +1.6424e+00 -1.7792e+00 -1.2046e+00 -1.6174e+00
% f evaluations | g evaluations | best noise-free fitness - Fopt (-2.329000000000e+01) + sum g_i+ | measured fitness | best measured fitness or single-digit g-values | x1 | x2...
1 0 +1.033747614e+04 +1.031418614e+04 +1.031418614e+04 +0.0000e+00 +0.0000e+00 +0.0000e+00 +0.0000e+00 +0.0000e+00 +0.0000e+00 +0.0000e+00 +0.0000e+00 +0.0000e+00 +0.0000e+00
3 0 +6.567238142e+03 +6.543948142e+03 +6.543948142e+03 +2.4817e-01 +6.3376e-02 -2.2359e-01 +8.0318e-02 +2.1275e-01 +5.3256e-02 -2.3477e-01 +7.8699e-02 +1.0710e-01 +2.4729e-01
13 0 +4.441139165e+03 +4.417849165e+03 +4.417849165e+03 +3.4748e-02 +3.4854e-01 -2.5482e-01 -2.4673e-01 -4.4418e-01 +5.4965e-01 -1.9687e-01 +5.4479e-01 +1.0055e-01 +3.3725e-01
22 0 +3.416620686e+03 +3.393330686e+03 +3.393330686e+03 +2.4088e-01 +2.2809e-01 -4.4060e-01 -2.2183e-01 -4.0237e-01 +4.9538e-01 -1.8856e-01 -2.6576e-01 +5.3049e-01 +7.7362e-01
23 0 +1.332702392e+03 +1.309412392e+03 +1.309412392e+03 +4.3415e-01 +2.5534e-02 -1.1415e-01 -3.0724e-01 +3.2844e-01 +5.9708e-01 -7.6040e-01 +3.9565e-01 +3.5193e-01 +7.7342e-01
29 0 +1.053009736e+03 +1.029719736e+03 +1.029719736e+03 +2.6300e-01 -2.2353e-01 -1.1485e-01 +8.5960e-03 -4.6792e-01 +2.9108e-01 -4.5376e-02 +6.2155e-01 +5.4531e-01 +6.7865e-01
35 0 +1.058074715e+02 +8.251747153e+01 +8.251747153e+01 +6.4727e-01 -3.5984e-02 -3.3677e-01 -1.4080e-01 +4.5406e-02 +4.1730e-01 -4.0676e-01 +4.7691e-01 +9.4398e-01 +8.5049e-01
43 0 +4.224859290e+00 -1.906514071e+01 -1.906514071e+01 +7.6841e-01 -2.5428e-02 -3.4825e-01 +2.1185e-01 +3.2169e-02 +7.2103e-01 -1.2899e+00 +4.1812e-01 +1.0584e+00 +1.2067e+00
63 0 +3.063842617e+00 -2.022615738e+01 -2.022615738e+01 +1.7431e+00 -7.9280e-02 -8.5674e-02 -2.3900e-01 -5.0214e-01 +9.3746e-01 -1.3719e+00 +1.0955e+00 +2.3948e+00 +2.1031e+00
232 0 +2.940476054e+00 -2.034952395e+01 -2.034952395e+01 +9.4451e-01 -6.7047e-01 -1.5339e-01 -6.4805e-01 -3.0078e-01 +7.5980e-01 -1.6948e+00 +1.4406e+00 +1.9139e+00 +2.1013e+00
269 0 +2.860765343e+00 -2.042923466e+01 -2.042923466e+01 +8.5183e-01 -7.1476e-01 -3.0748e-02 -6.6458e-01 -2.2331e-01 +6.4466e-01 -1.2091e+00 +1.3053e+00 +1.5117e+00 +1.9658e+00
375 0 +2.713073553e+00 -2.057692645e+01 -2.057692645e+01 +9.9392e-01 -7.2224e-01 -3.8403e-03 -5.7843e-01 -2.9675e-01 +7.2683e-01 -1.1678e+00 +1.2668e+00 +1.5364e+00 +1.8806e+00
429 0 +2.629706763e+00 -2.066029324e+01 -2.066029324e+01 +9.7113e-01 -7.8283e-01 -2.4567e-02 -6.3878e-01 -2.7943e-01 +6.9073e-01 -1.1622e+00 +1.3035e+00 +1.5414e+00 +1.9214e+00
467 0 +2.495778877e+00 -2.079422112e+01 -2.079422112e+01 +9.4147e-01 -8.1685e-01 -1.5762e-03 -6.5387e-01 -2.9271e-01 +6.9120e-01 -1.1849e+00 +1.2339e+00 +1.5371e+00 +1.8631e+00
499 0 +2.453058171e+00 -2.083694183e+01 -2.083694183e+01 +9.8299e-01 -8.1507e-01 -2.3843e-02 -6.8806e-01 -2.7516e-01 +6.3230e-01 -1.2140e+00 +1.2456e+00 +1.5891e+00 +1.8530e+00
510 0 +2.397294114e+00 -2.089270589e+01 -2.089270589e+01 +9.9313e-01 -7.8763e-01 +1.6853e-02 -7.0651e-01 -2.8301e-01 +6.5649e-01 -1.2297e+00 +1.3011e+00 +1.6485e+00 +1.8650e+00
547 0 +2.323121515e+00 -2.096687849e+01 -2.096687849e+01 +9.4332e-01 -8.0665e-01 +6.3148e-02 -7.2469e-01 -2.7882e-01 +6.2335e-01 -1.2113e+00 +1.2442e+00 +1.6663e+00 +1.8326e+00
549 0 +2.283209530e+00 -2.100679047e+01 -2.100679047e+01 +9.3973e-01 -8.3079e-01 +3.5665e-02 -7.6919e-01 -3.0022e-01 +6.3604e-01 -1.2278e+00 +1.2533e+00 +1.6734e+00 +1.8808e+00
719 0 +2.235471498e+00 -2.105452850e+01 -2.105452850e+01 +9.6097e-01 -7.9583e-01 +2.0943e-02 -7.5232e-01 -2.7027e-01 +6.6827e-01 -1.2087e+00 +1.1960e+00 +1.5183e+00 +1.9154e+00
% f evaluations | g evaluations | best noise-free fitness - Fopt (-1.028000000000e+01) + sum g_i+ | measured fitness | best measured fitness or single-digit g-values | x1 | x2...
1 0 +1.033747614e+04 +1.032719614e+04 +1.032719614e+04 +0.0000e+00 +0.0000e+00 +0.0000e+00 +0.0000e+00 +0.0000e+00 +0.0000e+00 +0.0000e+00 +0.0000e+00 +0.0000e+00 +0.0000e+00
2 0 +7.512377159e+03 +7.502097159e+03 +7.502097159e+03 +4.3379e-01 +3.0692e-02 +9.8026e-02 +3.4094e-01 +2.4727e-01 +1.7369e-01 -1.1375e-01 -3.0566e-01 +1.1285e-01 -1.5359e-01
6 0 +6.004608450e+03 +5.994328450e+03 +5.994328450e+03 +1.8723e-01 -2.5702e-01 +1.5212e-01 +1.5671e-02 +5.1476e-01 -6.3323e-02 +3.7553e-01 -3.4671e-01 +9.3874e-02 -2.1343e-01
7 0 +5.140870165e+03 +5.130590165e+03 +5.130590165e+03 -2.6321e-01 +2.3560e-01 -2.9494e-01 -4.1433e-02 -2.1060e-01 +1.1878e-01 +8.3286e-02 -6.4943e-01 +2.1039e-01 -1.8282e-01
16 0 +2.465444311e+03 +2.455164311e+03 +2.455164311e+03 +6.0815e-01 +5.3278e-01 -6.3340e-03 +4.1428e-01 -1.0909e-01 +5.2330e-01 +3.3662e-01 -4.6079e-01 +5.1754e-01 -5.1168e-01
33 0 +2.760057445e+02 +2.657257445e+02 +2.657257445e+02 +4.1767e-01 +1.3201e-01 -4.4483e-01 -2.5264e-01 +3.1601e-02 -1.9419e-01 +6.5070e-01 -1.2487e+00 +1.0281e+00 -6.5751e-01
82 0 +1.137418458e+02 +1.034618458e+02 +1.034618458e+02 +5.5862e-01 +1.2661e-01 -2.8045e-01 -6.4734e-01 -8.0307e-01 +9.8581e-02 +3.3150e-01 -1.4837e+00 +2.4210e+00 -4.8177e-01
85 0 +4.375083655e+00 -5.904916345e+00 -5.904916345e+00 +1.2960e+00 -3.0386e-02 -1.9235e-01 -4.9677e-01 -7.6626e-01 -2.4486e-02 +7.2319e-01 -1.2150e+00 +1.8862e+00 -1.3591e+00
100 0 +3.564940488e+00 -6.715059512e+00 -6.715059512e+00 +9.9961e-01 +1.5978e-02 -2.7887e-01 -4.1187e-01 -5.0717e-01 -4.2063e-01 +1.0174e+00 -1.1501e+00 +2.2699e+00 -6.0511e-01
131 0 +3.520215147e+00 -6.759784853e+00 -6.759784853e+00 +3.4104e-01 -2.2400e-02 +3.2447e-01 -7.0650e-01 -3.1662e-01 -6.1196e-01 +1.1949e+00 -1.1728e+00 +1.8427e+00 -1.3827e+00
137 0 +3.224131603e+00 -7.055868397e+00 -7.055868397e+00 +7.5683e-01 +2.2847e-01 +8.6741e-02 -6.2310e-01 -2.4431e-01 -5.3515e-01 +1.9876e+00 -2.2054e+00 +2.0432e+00 -1.2831e+00
260 0 +2.806194191e+00 -7.473805809e+00 -7.473805809e+00 +4.6055e-01 +2.8134e-02 -1.8572e-01 -4.4561e-01 -3.0792e-01 -6.7003e-01 +1.4892e+00 -1.6775e+00 +2.2179e+00 -8.9753e-01
314 0 +2.729520902e+00 -7.550479098e+00 -7.550479098e+00 +2.8476e-01 +2.2125e-01 -3.4855e-01 -1.9326e-01 -3.5198e-01 -5.5871e-01 +1.8397e+00 -1.7695e+00 +2.2346e+00 -1.0113e+00
316 0 +2.569047696e+00 -7.710952304e+00 -7.710952304e+00 +3.7823e-01 +2.5113e-01 -3.4317e-01 -3.4360e-01 -2.9758e-01 -5.6264e-01 +1.6639e+00 -1.7488e+00 +2.1347e+00 -1.0055e+00
331 0 +2.390186777e+00 -7.889813223e+00 -7.889813223e+00 +4.0170e-01 +2.3901e-01 -3.3546e-01 -3.2471e-01 -5.1517e-01 -5.7475e-01 +1.6322e+00 -1.8084e+00 +2.1405e+00 -9.3976e-01
430 0 +2.330691595e+00 -7.949308405e+00 -7.949308405e+00 +3.0027e-01 +1.5986e-01 -2.8117e-01 -2.5584e-01 -3.7212e-01 -6.2127e-01 +1.6315e+00 -1.5533e+00 +1.8634e+00 -1.0246e+00
562 0 +2.262554486e+00 -8.017445514e+00 -8.017445514e+00 +2.3296e-01 +1.7575e-01 -2.3285e-01 -2.2048e-01 -3.8471e-01 -6.4738e-01 +1.6379e+00 -1.4862e+00 +1.8815e+00 -1.0384e+00
586 0 +2.200930320e+00 -8.079069680e+00 -8.079069680e+00 +2.5908e-01 +1.5977e-01 -2.0804e-01 -2.2338e-01 -3.9340e-01 -6.3770e-01 +1.6484e+00 -1.4887e+00 +1.8698e+00 -1.0185e+00
805 0 +2.186516811e+00 -8.093483189e+00 -8.093483189e+00 +2.8774e-01 +1.7007e-01 -2.3230e-01 -2.2306e-01 -3.9973e-01 -6.2415e-01 +1.6494e+00 -1.4940e+00 +1.8676e+00 -1.0143e+00
% f evaluations | g evaluations | best noise-free fitness - Fopt (1.799700000000e+02) + sum g_i+ | measured fitness | best measured fitness or single-digit g-values | x1 | x2...
1 0 +1.033747614e+04 +1.051744614e+04 +1.051744614e+04 +0.0000e+00 +0.0000e+00 +0.0000e+00 +0.0000e+00 +0.0000e+00 +0.0000e+00 +0.0000e+00 +0.0000e+00 +0.0000e+00 +0.0000e+00
3 0 +9.393288741e+03 +9.573258741e+03 +9.573258741e+03 +2.4817e-01 +6.3376e-02 -2.2359e-01 +8.0318e-02 +2.1275e-01 +5.3256e-02 -2.3477e-01 +7.8699e-02 +1.0710e-01 +2.4729e-01
5 0 +7.610295474e+03 +7.790265474e+03 +7.790265474e+03 -9.0564e-02 +8.4424e-02 -2.8183e-02 -1.8777e-01 +7.4957e-02 +6.4105e-01 +2.7589e-01 +1.3137e-01 +7.7185e-02 +2.3934e-01
12 0 +7.212680027e+03 +7.392650027e+03 +7.392650027e+03 +2.2271e-01 -1.1745e-01 +3.2605e-01 -1.1892e-02 -2.3426e-01 -1.6303e-01 -1.9040e-01 -4.5713e-01 -4.9564e-01 +5.2911e-01
13 0 +4.861449624e+03 +5.041419624e+03 +5.041419624e+03 -1.4825e-02 +2.2763e-01 -2.0313e-01 -2.0830e-01 -3.6080e-01 +5.0740e-01 -4.6455e-02 +5.0087e-01 -1.2069e-01 +3.3296e-01
23 0 +3.455224282e+03 +3.635194282e+03 +3.635194282e+03 +3.0191e-01 -1.8596e-02 +4.9808e-02 -1.4544e-01 +2.2378e-01 +4.6248e-01 -4.2196e-01 +4.2798e-01 -3.2388e-01 +6.1909e-01
25 0 +1.179706840e+03 +1.359676840e+03 +1.359676840e+03 +9.8397e-02 -3.9115e-02 -3.1207e-01 -2.0246e-01 -1.5555e-01 +1.5033e-01 +3.5682e-01 +1.4755e-01 -9.9357e-01 +5.7082e-01
34 0 +1.028620368e+03 +1.208590368e+03 +1.208590368e+03 +5.0000e-01 -4.3487e-02 -5.2431e-01 -3.7374e-01 -3.6348e-01 +1.3214e-02 +3.2447e-01 +1.5571e-01 -1.0607e+00 +7.4432e-01
46 0 +3.010655670e+01 +2.100765567e+02 +2.100765567e+02 +1.0497e+00 +6.4992e-02 -1.9402e-01 +1.2675e-01 +1.3446e-01 +8.6117e-02 +3.7740e-01 +9.4097e-01 -8.1508e-01 +9.9558e-01
83 0 +4.033615498e+00 +1.840036155e+02 +1.840036155e+02 +4.3929e-01 +2.2722e-01 -4.6175e-01 +7.9437e-01 +9.1376e-02 +5.7387e-01 +1.1482e+00 +8.9410e-01 -9.9538e-01 +1.4565e+00
134 0 +3.890833794e+00 +1.838608338e+02 +1.838608338e+02 +1.4227e+00 +2.8605e-01 +5.2342e-01 +4.2641e-01 +1.8535e-01 +7.8191e-01 +3.7282e-01 +1.6605e+00 -1.2983e+00 +2.3281e+00
142 0 +3.430272303e+00 +1.834002723e+02 +1.834002723e+02 +5.3896e-01 +5.0267e-01 +5.0862e-01 +6.0671e-01 +3.4273e-01 +1.2038e-01 +1.1629e+00 +1.9072e+00 -1.1325e+00 +1.6941e+00
190 0 +3.329015970e+00 +1.832990160e+02 +1.832990160e+02 +6.7671e-01 +2.5330e-01 +4.1626e-01 +4.2924e-01 +4.1423e-01 +7.0682e-01 +8.6601e-01 +1.1828e+00 -1.7339e+00 +2.1837e+00
229 0 +3.277656577e+00 +1.832476566e+02 +1.832476566e+02 +8.8385e-01 +5.4220e-01 +4.7774e-01 +1.0124e-01 +4.9035e-01 +5.7384e-01 +9.1444e-01 +1.6386e+00 -1.1202e+00 +2.0364e+00
269 0 +3.175292821e+00 +1.831452928e+02 +1.831452928e+02 +6.4576e-01 +3.4050e-01 +8.3109e-02 +1.5983e-01 +5.5003e-01 +5.4348e-01 +1.3669e+00 +1.4982e+00 -1.6296e+00 +2.1788e+00
309 0 +3.099619735e+00 +1.830696197e+02 +1.830696197e+02 +7.2903e-01 +4.8383e-01 -9.3514e-02 +4.4941e-01 +4.1166e-01 +7.0398e-01 +1.6570e+00 +1.2346e+00 -1.9386e+00 +2.1579e+00
311 0 +2.908871957e+00 +1.828788720e+02 +1.828788720e+02 +7.1216e-01 +6.1477e-01 -3.5883e-01 +2.3201e-01 +3.4180e-01 +5.9558e-01 +1.8257e+00 +1.6079e+00 -1.6707e+00 +2.2153e+00
321 0 +2.642364226e+00 +1.826123642e+02 +1.826123642e+02 +7.8772e-01 +5.1833e-01 -2.2925e-01 +3.5788e-01 +4.5271e-01 +6.6645e-01 +1.6180e+00 +1.1704e+00 -1.9117e+00 +2.1252e+00
402 0 +2.532050593e+00 +1.825020506e+02 +1.825020506e+02 +5.9016e-01 +5.6260e-01 -3.5210e-01 +3.1835e-01 +3.2891e-01 +6.9382e-01 +1.5643e+00 +1.5686e+00 -1.8531e+00 +2.1269e+00
624 0 +2.472586200e+00 +1.824425862e+02 +1.824425862e+02 +5.6768e-01 +4.3099e-01 -2.5236e-01 +2.3671e-01 +3.7148e-01 +6.1972e-01 +1.6405e+00 +1.4779e+00 -1.8163e+00 +1.8754e+00
634 0 +2.441970507e+00 +1.824119705e+02 +1.824119705e+02 +5.6570e-01 +3.7873e-01 -2.4522e-01 +2.3251e-01 +3.5102e-01 +6.8427e-01 +1.6566e+00 +1.5032e+00 -1.8298e+00 +1.8669e+00
639 0 +2.321402748e+00 +1.822914027e+02 +1.822914027e+02 +6.4052e-01 +4.0250e-01 -2.9142e-01 +2.3022e-01 +4.0109e-01 +6.2963e-01 +1.6246e+00 +1.5137e+00 -1.8745e+00 +1.8586e+00
654 0 +2.285041968e+00 +1.822550420e+02 +1.822550420e+02 +6.0358e-01 +4.1973e-01 -2.4264e-01 +2.2831e-01 +4.2017e-01 +6.3334e-01 +1.6317e+00 +1.4739e+00 -1.8583e+00 +1.8408e+00
905 0 +2.238368104e+00 +1.822083681e+02 +1.822083681e+02 +6.3005e-01 +3.9506e-01 -2.6129e-01 +2.0143e-01 +3.9814e-01 +6.4408e-01 +1.6340e+00 +1.4882e+00 -1.8656e+00 +1.8199e+00
% f evaluations | g evaluations | best noise-free fitness - Fopt (8.376000000000e+01) + sum g_i+ | measured fitness | best measured fitness or single-digit g-values | x1 | x2...
1 0 +1.033747614e+04 +1.042123614e+04 +1.042123614e+04 +0.0000e+00 +0.0000e+00 +0.0000e+00 +0.0000e+00 +0.0000e+00 +0.0000e+00 +0.0000e+00 +0.0000e+00 +0.0000e+00 +0.0000e+00
3 0 +9.450355868e+03 +9.534115868e+03 +9.534115868e+03 +2.4817e-01 +6.3376e-02 -2.2359e-01 +8.0318e-02 +2.1275e-01 +5.3256e-02 -2.3477e-01 +7.8699e-02 +1.0710e-01 +2.4729e-01
5 0 +7.609546038e+03 +7.693306038e+03 +7.693306038e+03 -9.0564e-02 +8.4424e-02 -2.8183e-02 -1.8777e-01 +7.4957e-02 +6.4105e-01 +2.7589e-01 +1.3137e-01 +7.7185e-02 +2.3934e-01
12 0 +7.076943831e+03 +7.160703831e+03 +7.160703831e+03 +2.2271e-01 -1.1745e-01 +3.2605e-01 -1.1892e-02 -2.3426e-01 -1.6303e-01 -1.9040e-01 -4.5713e-01 -4.9564e-01 +5.2911e-01
13 0 +4.771013636e+03 +4.854773636e+03 +4.854773636e+03 -1.4825e-02 +2.2763e-01 -2.0313e-01 -2.0830e-01 -3.6080e-01 +5.0740e-01 -4.6455e-02 +5.0087e-01 -1.2069e-01 +3.3296e-01
23 0 +3.457838941e+03 +3.541598941e+03 +3.541598941e+03 +3.0191e-01 -1.8596e-02 +4.9808e-02 -1.4544e-01 +2.2378e-01 +4.6248e-01 -4.2196e-01 +4.2798e-01 -3.2388e-01 +6.1909e-01
25 0 +1.161890403e+03 +1.245650403e+03 +1.245650403e+03 +9.8397e-02 -3.9115e-02 -3.1207e-01 -2.0246e-01 -1.5555e-01 +1.5033e-01 +3.5682e-01 +1.4755e-01 -9.9357e-01 +5.7082e-01
34 0 +8.103495816e+02 +8.941095816e+02 +8.941095816e+02 +5.0000e-01 -4.3487e-02 -5.2431e-01 -3.7374e-01 -3.6348e-01 +1.3214e-02 +3.2447e-01 +1.5571e-01 -1.0607e+00 +7.4432e-01
46 0 +9.113418713e+01 +1.748941871e+02 +1.748941871e+02 +1.0810e+00 +5.4393e-02 -1.3887e-01 +6.9081e-02 +6.5893e-02 +6.7503e-03 +3.8123e-01 +9.0595e-01 -8.6195e-01 +9.7247e-01
48 0 +3.982688461e+00 +8.774268846e+01 +8.774268846e+01 +6.6577e-01 -2.9491e-01 -3.4110e-01 -9.1827e-02 -6.1022e-01 +7.1589e-02 +5.1853e-01 +6.8901e-01 -1.2078e+00 +1.0676e+00
70 0 +3.743461676e+00 +8.750346168e+01 +8.750346168e+01 +1.3821e+00 -3.2155e-01 -2.6754e-01 -7.0222e-02 -1.1781e+00 +5.7559e-01 +4.3936e-01 +1.0665e+00 -1.4095e+00 +1.2988e+00
94 0 +3.617782664e+00 +8.737778266e+01 +8.737778266e+01 +9.1419e-01 -1.2682e-01 -4.0367e-02 +3.5178e-02 -5.7402e-01 +5.3622e-01 +1.4757e+00 +7.4001e-01 -9.5349e-01 +1.2052e+00
103 0 +3.328572889e+00 +8.708857289e+01 +8.708857289e+01 +6.6058e-01 -2.3984e-01 -2.3395e-02 +2.8348e-02 -9.9426e-01 +4.2765e-01 +9.6703e-01 +1.6009e+00 -1.1161e+00 +2.0213e+00
118 0 +2.988909999e+00 +8.674891000e+01 +8.674891000e+01 +1.5687e+00 -2.1183e-02 -5.6936e-01 -2.5879e-01 -1.4045e+00 +3.1060e-01 +1.2563e+00 +1.2178e+00 -1.9406e+00 +2.0790e+00
156 0 +2.575189071e+00 +8.633518907e+01 +8.633518907e+01 +1.4590e+00 -2.0216e-01 -9.9335e-02 -2.7180e-01 -9.3412e-01 +5.5367e-01 +1.4877e+00 +2.3471e+00 -1.2132e+00 +1.5432e+00
216 0 +2.340250681e+00 +8.610025068e+01 +8.610025068e+01 +1.5744e+00 +8.2489e-03 -1.6334e-01 -1.5293e-01 -5.0191e-01 +6.0179e-01 +1.1858e+00 +1.1189e+00 -1.0081e+00 +1.3016e+00
400 0 +2.282322736e+00 +8.604232274e+01 +8.604232274e+01 +1.5173e+00 -2.0032e-01 -1.5284e-01 -1.8867e-01 -3.1446e-01 +6.4653e-01 +8.8661e-01 +1.2652e+00 -1.5142e+00 +1.5498e+00
480 0 +2.112069985e+00 +8.587206999e+01 +8.587206999e+01 +1.4565e+00 -2.3180e-01 -1.4843e-01 -2.0410e-01 -4.1972e-01 +6.3539e-01 +8.8297e-01 +1.2805e+00 -1.4628e+00 +1.4190e+00
502 0 +2.034655332e+00 +8.579465533e+01 +8.579465533e+01 +1.4700e+00 -2.2248e-01 -1.5957e-01 -2.0313e-01 -4.2167e-01 +6.1261e-01 +8.8543e-01 +1.2940e+00 -1.5006e+00 +1.3711e+00
519 0 +1.983302855e+00 +8.574330285e+01 +8.574330285e+01 +1.4925e+00 -2.4992e-01 -1.2892e-01 -1.8078e-01 -4.1980e-01 +5.9525e-01 +8.5702e-01 +1.3321e+00 -1.5234e+00 +1.3828e+00
529 0 +1.894399595e+00 +8.565439959e+01 +8.565439959e+01 +1.4345e+00 -2.2882e-01 -1.6006e-01 -2.0245e-01 -4.1021e-01 +6.3003e-01 +8.2131e-01 +1.3063e+00 -1.4955e+00 +1.3948e+00
668 0 +1.855270013e+00 +8.561527001e+01 +8.561527001e+01 +1.4750e+00 -1.9804e-01 -1.1432e-01 -1.8100e-01 -4.2482e-01 +6.1215e-01 +7.9647e-01 +1.3119e+00 -1.5658e+00 +1.3739e+00
905 0 +1.818041760e+00 +8.557804176e+01 +8.557804176e+01 +1.5125e+00 -1.7729e-01 -1.2652e-01 -1.9450e-01 -4.1556e-01 +6.1711e-01 +7.9679e-01 +1.3111e+00 -1.5029e+00 +1.3931e+00
% f evaluations | g evaluations | best noise-free fitness - Fopt (-3.890100000000e+02) + sum g_i+ | measured fitness | best measured fitness or single-digit g-values | x1 | x2...
1 0 +1.033747614e+04 +9.948466136e+03 +9.948466136e+03 +0.0000e+00 +0.0000e+00 +0.0000e+00 +0.0000e+00 +0.0000e+00 +0.0000e+00 +0.0000e+00 +0.0000e+00 +0.0000e+00 +0.0000e+00
2 0 +9.871974400e+03 +9.482964400e+03 +9.482964400e+03 +4.3379e-01 +3.0692e-02 +9.8026e-02 +3.4094e-01 +2.4727e-01 +1.7369e-01 -1.1375e-01 -3.0566e-01 +1.1285e-01 -1.5359e-01
4 0 +7.305792921e+03 +6.916782921e+03 +6.916782921e+03 +2.1661e-01 -2.7248e-01 -1.4933e-01 +1.8171e-01 -5.0930e-01 +2.3317e-01 -2.5183e-01 -1.2653e-01 +4.3300e-01 -1.9345e-02
8 0 +3.480182643e+03 +3.091172643e+03 +3.091172643e+03 +6.0234e-01 +2.6527e-01 +2.8700e-01 -7.0577e-01 +5.2611e-01 +2.0125e-02 -3.9010e-01 +9.9670e-02 +3.8961e-01 -4.6269e-01
37 0 +2.274959042e+03 +1.885949042e+03 +1.885949042e+03 +1.6633e-01 -5.8658e-01 +3.8645e-02 -2.4639e-01 -4.4963e-01 +6.5090e-01 -3.6109e-01 +4.3513e-01 +7.2159e-01 -4.6182e-01
42 0 +2.080201360e+03 +1.691191360e+03 +1.691191360e+03 +7.1353e-01 -2.4450e-01 +2.7436e-01 -1.0067e-01 -4.7208e-01 +5.3261e-01 -1.8913e-01 +2.8992e-01 +1.1502e+00 -4.5059e-01
50 0 +1.212529758e+03 +8.235197575e+02 +8.235197575e+02 +4.9737e-01 -2.7332e-01 -1.8886e-01 -4.9488e-02 -8.4222e-01 +2.8432e-01 -3.8730e-01 +1.7735e-01 +9.0236e-01 -5.9782e-01
80 0 +9.906303568e+02 +6.016203568e+02 +6.016203568e+02 +1.1075e+00 -2.2132e-02 -3.9037e-01 -6.5606e-02 -4.7631e-01 +1.1386e-01 -5.6316e-01 +1.3004e+00 +1.4855e+00 -3.2087e-01
87 0 +8.603869589e+02 +4.713769589e+02 +4.713769589e+02 +8.0026e-01 -4.6639e-01 -1.3332e-01 -4.1828e-01 -5.6515e-01 +3.5039e-01 -4.9022e-01 +6.8649e-01 +2.0817e+00 -2.6808e-01
93 0 +2.209033018e+02 -1.681066982e+02 -1.681066982e+02 +7.5999e-01 +9.6167e-02 -3.9539e-01 -6.0752e-01 -9.3703e-01 +4.1324e-01 -5.2798e-01 +6.7233e-01 +2.4742e+00 -5.6516e-01
110 0 +5.309709813e+01 -3.359129019e+02 -3.359129019e+02 +6.7218e-01 -3.2603e-01 +2.0460e-01 -1.1278e+00 -1.0220e+00 +1.1456e-01 -7.4688e-01 +1.1764e+00 +2.4448e+00 -4.5824e-01
121 0 +5.315926390e+00 -3.836940736e+02 -3.836940736e+02 +1.0060e+00 -2.0196e-01 -2.3379e-01 -6.1947e-01 -1.2337e+00 -1.1908e-01 -7.7763e-01 +6.5293e-01 +2.4719e+00 -6.2162e-01
122 0 +4.479052588e+00 -3.845309474e+02 -3.845309474e+02 +4.1899e-01 -6.6522e-01 -7.0632e-02 -6.8015e-01 -1.3985e+00 +1.5227e-01 -7.4071e-01 +7.7636e-01 +2.5095e+00 -9.0809e-01
163 0 +4.431311634e+00 -3.845786884e+02 -3.845786884e+02 +4.6658e-01 -4.6340e-01 +2.6583e-01 -7.4394e-01 -2.1395e-01 -1.2478e-01 -7.8315e-01 +7.8240e-01 +1.6903e+00 -1.1524e+00
165 0 +3.848832497e+00 -3.851611675e+02 -3.851611675e+02 +1.5853e-01 -2.8358e-01 -1.5690e-01 -8.5563e-01 -9.5911e-01 +4.0756e-02 -1.2900e+00 +8.4764e-01 +2.0906e+00 -8.7240e-01
170 0 +3.732252332e+00 -3.852777477e+02 -3.852777477e+02 +1.2138e-01 -5.0495e-01 -3.3532e-01 -5.4035e-01 -7.1401e-01 -6.9526e-02 -1.0676e+00 +9.3482e-01 +2.4395e+00 -1.3665e+00
180 0 +3.425502469e+00 -3.855844975e+02 -3.855844975e+02 +2.4025e-02 -5.0132e-01 -3.2007e-01 -6.9208e-01 -3.7358e-01 -1.2024e-01 -7.9510e-01 +9.4836e-01 +1.9207e+00 -1.4282e+00
184 0 +3.366132612e+00 -3.856438674e+02 -3.856438674e+02 +5.6731e-02 -4.4620e-01 -3.5253e-01 -6.8926e-01 -5.2812e-01 -1.1590e-01 -8.4654e-01 +1.0634e+00 +2.3309e+00 -9.1772e-01
261 0 +3.205702543e+00 -3.858042975e+02 -3.858042975e+02 -1.1945e-01 -5.2309e-01 -4.8515e-01 -1.0885e+00 -5.7182e-01 -5.5661e-01 -7.8596e-01 +9.5182e-01 +1.8979e+00 -1.0206e+00
295 0 +2.918311441e+00 -3.860916886e+02 -3.860916886e+02 -5.6806e-01 -7.0915e-01 -6.7726e-01 -8.9785e-01 -2.5213e-01 -6.3330e-01 -8.3578e-01 +9.1964e-01 +1.5027e+00 -1.1017e+00
388 0 +2.857185232e+00 -3.861528148e+02 -3.861528148e+02 -6.0655e-02 -4.8954e-01 -5.3798e-01 -9.9227e-01 -1.8287e-01 -6.3672e-01 -8.1592e-01 +1.0063e+00 +1.7269e+00 -1.0800e+00
413 0 +2.803642338e+00 -3.862063577e+02 -3.862063577e+02 -5.1651e-02 -5.5102e-01 -5.3066e-01 -1.0492e+00 -2.2763e-01 -6.4093e-01 -8.3419e-01 +9.8445e-01 +1.7537e+00 -1.0689e+00
420 0 +2.689503367e+00 -3.863204966e+02 -3.863204966e+02 -5.8248e-03 -4.7033e-01 -4.8511e-01 -9.4468e-01 -2.1721e-01 -6.8403e-01 -7.5679e-01 +9.5061e-01 +1.7469e+00 -1.0823e+00
525 0 +2.617987515e+00 -3.863920125e+02 -3.863920125e+02 -2.2438e-01 -6.6481e-01 -4.3686e-01 -1.0002e+00 -1.8803e-01 -6.9040e-01 -7.4093e-01 +9.5009e-01 +1.5751e+00 -1.0845e+00
545 0 +2.568442497e+00 -3.864415575e+02 -3.864415575e+02 -2.0781e-01 -6.2396e-01 -4.1907e-01 -1.0230e+00 -2.1640e-01 -6.8056e-01 -7.9695e-01 +9.5115e-01 +1.6376e+00 -1.0970e+00
700 0 +2.499580287e+00 -3.865104197e+02 -3.865104197e+02 -2.5821e-01 -6.1434e-01 -4.1707e-01 -1.0371e+00 -1.9040e-01 -6.7107e-01 -7.6905e-01 +9.6251e-01 +1.5803e+00 -1.0992e+00
857 0 +2.447422185e+00 -3.865625778e+02 -3.865625778e+02 -2.8715e-01 -5.8547e-01 -3.9332e-01 -1.0053e+00 -2.1022e-01 -6.6624e-01 -7.8479e-01 +9.6104e-01 +1.5801e+00 -1.0992e+00
% f evaluations | g evaluations | best noise-free fitness - Fopt (-1.455800000000e+02) + sum g_i+ | measured fitness | best measured fitness or single-digit g-values | x1 | x2...
1 0 +1.033747614e+04 +1.019189614e+04 +1.019189614e+04 +0.0000e+00 +0.0000e+00 +0.0000e+00 +0.0000e+00 +0.0000e+00 +0.0000e+00 +0.0000e+00 +0.0000e+00 +0.0000e+00 +0.0000e+00
10 0 +6.083793439e+03 +5.938213439e+03 +5.938213439e+03 +3.2216e-01 -3.3442e-01 +1.9285e-01 -3.1559e-01 -1.5896e-01 +1.8278e-01 -2.1053e-01 +1.4883e-01 -4.2076e-01 -2.0280e-01
20 0 +5.604872369e+03 +5.459292369e+03 +5.459292369e+03 +7.2608e-01 +4.2114e-01 +1.0825e-01 +1.5120e-01 +3.4169e-01 +2.1106e-01 -4.7143e-01 +1.5632e-02 -5.8899e-01 -5.1452e-01
30 0 +2.055006368e+03 +1.909426368e+03 +1.909426368e+03 +5.0309e-01 -1.6480e-01 -3.4151e-01 -3.3849e-01 +4.0819e-02 +2.0825e-01 -5.4206e-03 +6.4041e-01 -6.9774e-01 -4.6184e-01
55 0 +1.946304890e+03 +1.800724890e+03 +1.800724890e+03 +1.0768e+00 +1.6278e-01 -8.1581e-02 -4.5359e-01 -9.6405e-02 +1.3002e-01 +7.1398e-01 +4.6290e-01 -7.4331e-01 -3.3014e-01
62 0 +1.023238972e+03 +8.776589724e+02 +8.776589724e+02 +1.6337e+00 +6.1696e-02 -5.6959e-01 +1.9503e-01 -8.8132e-01 +1.0292e-01 +9.3039e-01 +1.8138e-01 -1.3268e+00 -4.1404e-01
85 0 +1.442155326e+02 -1.364467376e+00 -1.364467376e+00 +2.3259e+00 +1.6585e-01 -4.7973e-01 -1.5392e-01 -9.1616e-01 +3.3913e-01 +1.0174e+00 +7.2659e-01 -1.2700e+00 -1.0606e+00
113 0 +9.379193574e+01 -5.178806426e+01 -5.178806426e+01 +1.8414e+00 +5.7637e-01 -2.0996e-01 -1.6736e-01 -2.7575e-01 -1.7574e-01 +1.3864e+00 +2.1026e-01 -1.4559e+00 -9.0278e-01
114 0 +6.483784851e+01 -8.074215149e+01 -8.074215149e+01 +8.4237e-01 +1.4280e-01 -9.0714e-02 -8.7017e-02 -3.6312e-01 -1.4592e-01 +1.3410e+00 +4.8404e-01 -1.0331e+00 -7.9261e-01
122 0 +4.446374422e+00 -1.411336256e+02 -1.411336256e+02 +7.0522e-01 -3.6394e-01 -9.6282e-02 -3.2200e-01 -8.6403e-01 -1.3101e-01 +1.2795e+00 +7.9118e-01 -9.4605e-01 -9.6626e-01
131 0 +3.722848510e+00 -1.418571515e+02 -1.418571515e+02 +1.0733e+00 +3.2695e-02 +2.0766e-01 -4.0014e-01 -2.5329e-01 -2.2624e-01 +1.4059e+00 +8.2648e-01 -1.0421e+00 -1.1926e+00
142 0 +3.602214796e+00 -1.419777852e+02 -1.419777852e+02 +7.2959e-01 +1.7508e-01 -1.6547e-01 -2.5063e-01 -4.6407e-01 -5.8449e-01 +2.2960e+00 +1.1824e+00 -1.6288e+00 -1.2602e+00
179 0 +3.414432080e+00 -1.421655679e+02 -1.421655679e+02 +5.4029e-02 +2.7264e-02 -2.1026e-01 -1.5842e-01 -5.9785e-01 -5.6773e-01 +1.5362e+00 +7.8811e-01 -1.7659e+00 -7.9544e-01
196 0 +3.386230506e+00 -1.421937695e+02 -1.421937695e+02 +3.4699e-01 -3.7457e-02 -6.8099e-02 -7.5216e-01 -4.7080e-01 -6.1713e-01 +2.0486e+00 +1.0865e+00 -1.1620e+00 -1.9508e+00
199 0 +3.188226763e+00 -1.423917732e+02 -1.423917732e+02 +9.3211e-01 +1.1728e-01 -4.6495e-02 -2.3174e-01 -2.3710e-01 -5.5975e-01 +1.8211e+00 +7.9164e-01 -1.1645e+00 -1.6002e+00
204 0 +3.081074164e+00 -1.424989258e+02 -1.424989258e+02 +9.5741e-01 +1.5220e-01 -2.1730e-01 -1.7235e-01 -3.2585e-01 -6.1349e-01 +1.9726e+00 +1.4760e+00 -1.2145e+00 -1.3459e+00
214 0 +2.755637699e+00 -1.428243623e+02 -1.428243623e+02 +1.1139e+00 -8.2101e-04 -1.1804e-01 -2.4537e-01 -3.3902e-01 -1.3194e+00 +2.4026e+00 +8.3507e-01 -1.4534e+00 -1.3916e+00
217 0 +2.714151831e+00 -1.428658482e+02 -1.428658482e+02 +1.7768e+00 -1.2019e-01 -1.4258e-01 -2.5035e-01 -4.5856e-01 -7.0619e-01 +2.4359e+00 +1.3387e+00 -9.3613e-01 -1.8820e+00
554 0 +2.601605090e+00 -1.429783949e+02 -1.429783949e+02 +9.0709e-01 -4.4117e-01 -3.4470e-01 -5.4249e-01 -8.9836e-01 -5.3505e-01 +2.4567e+00 +5.6667e-01 -1.5051e+00 -1.9350e+00
625 0 +2.485235942e+00 -1.430947641e+02 -1.430947641e+02 +9.2548e-01 -4.3499e-01 -3.2365e-01 -5.7761e-01 -8.5841e-01 -5.1477e-01 +2.4868e+00 +5.2743e-01 -1.5322e+00 -1.8883e+00
664 0 +2.436285116e+00 -1.431437149e+02 -1.431437149e+02 +9.6824e-01 -3.8344e-01 -3.2199e-01 -4.9910e-01 -8.6579e-01 -5.0470e-01 +2.4649e+00 +5.4718e-01 -1.5143e+00 -1.8878e+00
673 0 +2.394777108e+00 -1.431852229e+02 -1.431852229e+02 +1.0132e+00 -3.5602e-01 -2.9003e-01 -4.5089e-01 -8.9654e-01 -4.8769e-01 +2.5021e+00 +5.7109e-01 -1.5094e+00 -1.8747e+00
820 0 +2.342859603e+00 -1.432371404e+02 -1.432371404e+02 +1.0317e+00 -3.6691e-01 -3.1213e-01 -4.8169e-01 -8.8276e-01 -5.0543e-01 +2.4989e+00 +5.3042e-01 -1.5035e+00 -1.9047e+00
852 0 +2.242405268e+00 -1.433375947e+02 -1.433375947e+02 +1.0740e+00 -3.4197e-01 -2.9344e-01 -4.1689e-01 -8.8807e-01 -4.8469e-01 +2.5313e+00 +5.2332e-01 -1.5027e+00 -1.9059e+00
873 0 +2.228246305e+00 -1.433517537e+02 -1.433517537e+02 +1.0951e+00 -3.2391e-01 -3.0310e-01 -4.0135e-01 -8.8046e-01 -4.7879e-01 +2.5015e+00 +5.3704e-01 -1.5174e+00 -1.8983e+00
914 0 +2.174683704e+00 -1.434053163e+02 -1.434053163e+02 +1.1153e+00 -3.4111e-01 -3.1148e-01 -3.7855e-01 -9.1362e-01 -4.7507e-01 +2.5248e+00 +5.0719e-01 -1.5185e+00 -1.9069e+00
955 0 +2.135324280e+00 -1.434446757e+02 -1.434446757e+02 +1.1250e+00 -3.2727e-01 -3.0401e-01 -3.3930e-01 -9.1384e-01 -4.6502e-01 +2.5349e+00 +5.0167e-01 -1.5097e+00 -1.9127e+00
1009 0 +2.081943304e+00 -1.434980567e+02 -1.434980567e+02 +1.1399e+00 -2.9621e-01 -3.1510e-01 -2.7136e-01 -9.2675e-01 -4.8181e-01 +2.5315e+00 +5.0394e-01 -1.5254e+00 -1.8989e+00
1071 0 +2.039609207e+00 -1.435403908e+02 -1.435403908e+02 +1.1251e+00 -3.1339e-01 -2.8981e-01 -2.6822e-01 -9.4707e-01 -4.7624e-01 +2.5255e+00 +5.2401e-01 -1.5193e+00 -1.8869e+00
1154 0 +1.991847524e+00 -1.435881525e+02 -1.435881525e+02 +1.1089e+00 -3.4216e-01 -2.8466e-01 -2.7484e-01 -9.2023e-01 -5.1673e-01 +2.5177e+00 +5.2728e-01 -1.5210e+00 -1.9009e+00
1304 0 +1.947666622e+00 -1.436323334e+02 -1.436323334e+02 +1.0907e+00 -3.6922e-01 -2.7465e-01 -2.6728e-01 -9.2176e-01 -5.0848e-01 +2.5177e+00 +5.2571e-01 -1.5197e+00 -1.9104e+00
1495 0 +1.903970879e+00 -1.436760291e+02 -1.436760291e+02 +1.0118e+00 -4.1628e-01 -2.8350e-01 -2.4183e-01 -9.1982e-01 -5.0117e-01 +2.5127e+00 +5.3126e-01 -1.5201e+00 -1.9042e+00
