% f evaluations | g evaluations | best noise-free fitness - Fopt (-5.235000000000e+01) + sum g_i+ | measured fitness | best measured fitness or single-digit g-values | x1 | x2...
1 0 +1.487914355e+00 -5.086208564e+01 -5.086208564e+01 +0.0000e+00 +0.0000e+00
5 0 +1.039946444e+00 -5.131005356e+01 -5.131005356e+01 -1.1375e-01 -3.0566e-01
17 0 +9.377096188e-01 -5.141229038e+01 -5.141229038e+01 -3.6284e-01 -2.5216e-01
21 0 +8.783360770e-01 -5.147166392e+01 -5.147166392e+01 -2.2114e-01 -4.2071e-01
33 0 +7.702852916e-01 -5.157971471e+01 -5.157971471e+01 -3.0831e-01 -4.8341e-01
39 0 +7.358321247e-01 -5.161416788e+01 -5.161416788e+01 -1.2608e-01 -1.1842e+00
41 0 +6.319886171e-01 -5.171801138e+01 -5.171801138e+01 -4.1340e-01 -5.8134e-01
45 0 +5.353154039e-01 -5.181468460e+01 -5.181468460e+01 -3.7123e-01 -1.0460e+00
51 0 +5.036887433e-01 -5.184631126e+01 -5.184631126e+01 -3.2034e-01 -1.3560e+00
54 0 +1.743813299e-01 -5.217561867e+01 -5.217561867e+01 -6.7220e-01 -1.3155e+00
59 0 +1.611547908e-01 -5.218884521e+01 -5.218884521e+01 -6.8645e-01 -1.3135e+00
67 0 +1.542771528e-01 -5.219572285e+01 -5.219572285e+01 -7.7320e-01 -1.0200e+00
75 0 +1.460828972e-01 -5.220391710e+01 -5.220391710e+01 -9.3758e-01 -1.5549e+00
79 0 +9.064950171e-02 -5.225935050e+01 -5.225935050e+01 -7.0366e-01 -1.6009e+00
85 0 +5.947792373e-02 -5.229052208e+01 -5.229052208e+01 -7.8150e-01 -1.6222e+00
88 0 +5.212976026e-02 -5.229787024e+01 -5.229787024e+01 -9.8885e-01 -9.9850e-01
103 0 +1.675355642e-02 -5.233324644e+01 -5.233324644e+01 -8.1283e-01 -1.4018e+00
104 0 +2.904295542e-03 -5.234709570e+01 -5.234709570e+01 -8.6563e-01 -1.2572e+00
122 0 +1.296506028e-03 -5.234870349e+01 -5.234870349e+01 -9.0049e-01 -1.1409e+00
157 0 +2.993433451e-04 -5.234970066e+01 -5.234970066e+01 -8.6532e-01 -1.2706e+00
169 0 +9.844078191e-05 -5.234990156e+01 -5.234990156e+01 -8.6131e-01 -1.2840e+00
384 0 +7.379268521e-05 -5.234992621e+01 -5.234992621e+01 -8.6104e-01 -1.2853e+00
401 0 +4.639460671e-05 -5.234995361e+01 -5.234995361e+01 -8.6274e-01 -1.2790e+00
402 0 +4.402029926e-05 -5.234995598e+01 -5.234995598e+01 -8.6287e-01 -1.2786e+00
405 0 +2.048345185e-05 -5.234997952e+01 -5.234997952e+01 -8.6602e-01 -1.2668e+00
415 0 +1.937743617e-05 -5.234998062e+01 -5.234998062e+01 -8.6634e-01 -1.2656e+00
421 0 +9.133919420e-06 -5.234999087e+01 -5.234999087e+01 -8.7222e-01 -1.2439e+00
451 0 +7.535702004e-06 -5.234999246e+01 -5.234999246e+01 -8.7640e-01 -1.2285e+00
457 0 +6.937015648e-06 -5.234999306e+01 -5.234999306e+01 -8.7472e-01 -1.2347e+00
458 0 +5.277325478e-06 -5.234999472e+01 -5.234999472e+01 -8.7272e-01 -1.2421e+00
463 0 +3.564502641e-06 -5.234999644e+01 -5.234999644e+01 -8.7128e-01 -1.2475e+00
469 0 +1.186784232e-06 -5.234999881e+01 -5.234999881e+01 -8.7282e-01 -1.2418e+00
499 0 +1.154142524e-06 -5.234999885e+01 -5.234999885e+01 -8.6998e-01 -1.2523e+00
512 0 +6.444931984e-07 -5.234999936e+01 -5.234999936e+01 -8.6983e-01 -1.2528e+00
521 0 +4.223662557e-07 -5.234999958e+01 -5.234999958e+01 -8.7011e-01 -1.2518e+00
541 0 +3.059977516e-07 -5.234999969e+01 -5.234999969e+01 -8.7029e-01 -1.2511e+00
547 0 +2.675829052e-07 -5.234999973e+01 -5.234999973e+01 -8.7058e-01 -1.2500e+00
553 0 +1.460028258e-07 -5.234999985e+01 -5.234999985e+01 -8.7077e-01 -1.2494e+00
554 0 +1.111063384e-07 -5.234999989e+01 -5.234999989e+01 -8.7085e-01 -1.2490e+00
694 0 +1.081121965e-07 -5.234999989e+01 -5.234999989e+01 -8.7079e-01 -1.2493e+00
695 0 +9.987347482e-08 -5.234999990e+01 -5.234999990e+01 -8.7086e-01 -1.2490e+00
697 0 +9.163224490e-08 -5.234999991e+01 -5.234999991e+01 -8.7082e-01 -1.2491e+00
699 0 +8.344699154e-08 -5.234999992e+01 -5.234999992e+01 -8.7088e-01 -1.2489e+00
702 0 +6.408394171e-08 -5.234999994e+01 -5.234999994e+01 -8.7104e-01 -1.2483e+00
708 0 +6.091006099e-08 -5.234999994e+01 -5.234999994e+01 -8.7111e-01 -1.2481e+00
709 0 +4.245188734e-08 -5.234999996e+01 -5.234999996e+01 -8.7115e-01 -1.2479e+00
711 0 +3.117315117e-08 -5.234999997e+01 -5.234999997e+01 -8.7121e-01 -1.2477e+00
717 0 +2.298863677e-08 -5.234999998e+01 -5.234999998e+01 -8.7138e-01 -1.2471e+00
725 0 +1.860512100e-08 -5.234999998e+01 -5.234999998e+01 -8.7146e-01 -1.2468e+00
727 0 +1.642487746e-08 -5.234999998e+01 -5.234999998e+01 -8.7134e-01 -1.2472e+00
732 0 +1.319632048e-08 -5.234999999e+01 -5.234999999e+01 -8.7138e-01 -1.2471e+00
734 0 +8.070401236e-09 -5.234999999e+01 -5.234999999e+01 -8.7151e-01 -1.2466e+00
1387 0 +0.000000000e+00 -5.235000000e+01 -5.235000000e+01 -8.7200e-01 -1.2448e+00
% f evaluations | g evaluations | best noise-free fitness - Fopt (-1.795400000000e+02) + sum g_i+ | measured fitness | best measured fitness or single-digit g-values | x1 | x2...
1 0 +7.250272884e-01 -1.788149727e+02 -1.788149727e+02 +0.0000e+00 +0.0000e+00
2 0 +2.314702737e-01 -1.793085297e+02 -1.793085297e+02 +4.3379e-01 +3.0692e-02
8 0 +6.236052320e-02 -1.794776395e+02 -1.794776395e+02 +6.0117e-01 +1.6999e-01
24 0 +3.036624263e-02 -1.795096338e+02 -1.795096338e+02 +7.2390e-01 +3.1572e-01
25 0 +2.801788193e-02 -1.795119821e+02 -1.795119821e+02 +7.3834e-01 +4.6775e-01
61 0 +8.353335886e-03 -1.795316467e+02 -1.795316467e+02 +7.0273e-01 +3.4896e-01
85 0 +7.169463239e-03 -1.795328305e+02 -1.795328305e+02 +7.2648e-01 +3.7079e-01
102 0 +1.779629127e-03 -1.795382204e+02 -1.795382204e+02 +7.5815e-01 +4.4884e-01
115 0 +5.925433153e-04 -1.795394075e+02 -1.795394075e+02 +7.5945e-01 +4.4853e-01
161 0 +3.700868339e-05 -1.795399630e+02 -1.795399630e+02 +7.7832e-01 +4.8408e-01
167 0 +2.531480288e-05 -1.795399747e+02 -1.795399747e+02 +7.9659e-01 +5.1944e-01
260 0 +1.611586470e-05 -1.795399839e+02 -1.795399839e+02 +7.8465e-01 +4.9632e-01
267 0 +8.629824208e-06 -1.795399914e+02 -1.795399914e+02 +7.8680e-01 +5.0047e-01
294 0 +6.546225762e-06 -1.795399935e+02 -1.795399935e+02 +7.8592e-01 +4.9874e-01
313 0 +4.429240647e-06 -1.795399956e+02 -1.795399956e+02 +7.8736e-01 +5.0154e-01
321 0 +3.838389347e-06 -1.795399962e+02 -1.795399962e+02 +7.8722e-01 +5.0125e-01
343 0 +2.522229153e-06 -1.795399975e+02 -1.795399975e+02 +7.8861e-01 +5.0395e-01
355 0 +1.456468368e-06 -1.795399985e+02 -1.795399985e+02 +7.8877e-01 +5.0425e-01
367 0 +1.359926131e-06 -1.795399986e+02 -1.795399986e+02 +7.8894e-01 +5.0460e-01
381 0 +9.259420324e-07 -1.795399991e+02 -1.795399991e+02 +7.8923e-01 +5.0515e-01
415 0 +8.460274330e-07 -1.795399992e+02 -1.795399992e+02 +7.8976e-01 +5.0617e-01
427 0 +8.016876336e-07 -1.795399992e+02 -1.795399992e+02 +7.8961e-01 +5.0589e-01
438 0 +6.595766706e-07 -1.795399993e+02 -1.795399993e+02 +7.8963e-01 +5.0592e-01
532 0 +5.695943059e-07 -1.795399994e+02 -1.795399994e+02 +7.8985e-01 +5.0635e-01
537 0 +5.579726974e-07 -1.795399994e+02 -1.795399994e+02 +7.8982e-01 +5.0630e-01
544 0 +5.040407416e-07 -1.795399995e+02 -1.795399995e+02 +7.8995e-01 +5.0654e-01
547 0 +4.949193908e-07 -1.795399995e+02 -1.795399995e+02 +7.9003e-01 +5.0671e-01
551 0 +4.365793416e-07 -1.795399996e+02 -1.795399996e+02 +7.9027e-01 +5.0717e-01
555 0 +4.026516933e-07 -1.795399996e+02 -1.795399996e+02 +7.9027e-01 +5.0717e-01
556 0 +3.376980828e-07 -1.795399997e+02 -1.795399997e+02 +7.9049e-01 +5.0759e-01
563 0 +3.117688436e-07 -1.795399997e+02 -1.795399997e+02 +7.9083e-01 +5.0825e-01
566 0 +1.607027968e-07 -1.795399998e+02 -1.795399998e+02 +7.9148e-01 +5.0950e-01
572 0 +1.454959602e-07 -1.795399999e+02 -1.795399999e+02 +7.9194e-01 +5.1038e-01
574 0 +7.908602129e-08 -1.795399999e+02 -1.795399999e+02 +7.9194e-01 +5.1039e-01
590 0 +7.055814422e-08 -1.795399999e+02 -1.795399999e+02 +7.9220e-01 +5.1090e-01
621 0 +4.786537033e-08 -1.795400000e+02 -1.795400000e+02 +7.9193e-01 +5.1038e-01
629 0 +2.452171088e-08 -1.795400000e+02 -1.795400000e+02 +7.9231e-01 +5.1111e-01
662 0 +2.049159775e-08 -1.795400000e+02 -1.795400000e+02 +7.9245e-01 +5.1139e-01
669 0 +1.846808573e-08 -1.795400000e+02 -1.795400000e+02 +7.9239e-01 +5.1125e-01
675 0 +1.747807232e-08 -1.795400000e+02 -1.795400000e+02 +7.9246e-01 +5.1139e-01
684 0 +1.675581984e-08 -1.795400000e+02 -1.795400000e+02 +7.9248e-01 +5.1143e-01
685 0 +1.444414011e-08 -1.795400000e+02 -1.795400000e+02 +7.9254e-01 +5.1155e-01
690 0 +1.257254212e-08 -1.795400000e+02 -1.795400000e+02 +7.9256e-01 +5.1159e-01
693 0 +1.179935794e-08 -1.795400000e+02 -1.795400000e+02 +7.9256e-01 +5.1158e-01
694 0 +1.124729465e-08 -1.795400000e+02 -1.795400000e+02 +7.9262e-01 +5.1170e-01
703 0 +1.087545343e-08 -1.795400000e+02 -1.795400000e+02 +7.9258e-01 +5.1163e-01
707 0 +7.313957440e-09 -1.795400000e+02 -1.795400000e+02 +7.9292e-01 +5.1229e-01
1399 0 +0.000000000e+00 -1.795400000e+02 -1.795400000e+02 +7.9361e-01 +5.1361e-01
% f evaluations | g evaluations | best noise-free fitness - Fopt (7.731000000000e+01) + sum g_i+ | measured fitness | best measured fitness or single-digit g-values | x1 | x2...
1 0 +9.434104222e-01 +7.825341042e+01 +7.825341042e+01 +0.0000e+00 +0.0000e+00
2 0 +5.464375689e-01 +7.785643757e+01 +7.785643757e+01 +4.3379e-01 +3.0692e-02
14 0 +1.957321483e-01 +7.750573215e+01 +7.750573215e+01 +8.1870e-01 -5.5543e-02
21 0 +1.202580180e-01 +7.743025802e+01 +7.743025802e+01 +9.0586e-01 -1.1580e-01
45 0 +6.291071456e-02 +7.737291071e+01 +7.737291071e+01 +9.5682e-01 -6.3322e-01
55 0 +6.551515008e-03 +7.731655152e+01 +7.731655152e+01 +9.0193e-01 -6.0496e-01
62 0 +5.725748787e-03 +7.731572575e+01 +7.731572575e+01 +9.0258e-01 -4.3400e-01
133 0 +1.204752572e-03 +7.731120475e+01 +7.731120475e+01 +8.9782e-01 -5.8237e-01
139 0 +5.821767651e-04 +7.731058218e+01 +7.731058218e+01 +8.9866e-01 -5.3685e-01
151 0 +2.481393465e-04 +7.731024814e+01 +7.731024814e+01 +8.9868e-01 -5.4632e-01
186 0 +2.162955597e-04 +7.731021630e+01 +7.731021630e+01 +8.9827e-01 -5.5051e-01
419 0 +2.123205226e-04 +7.731021232e+01 +7.731021232e+01 +8.9850e-01 -5.4848e-01
424 0 +2.076452255e-04 +7.731020765e+01 +7.731020765e+01 +8.9848e-01 -5.4901e-01
429 0 +1.951313698e-04 +7.731019513e+01 +7.731019513e+01 +8.9839e-01 -5.5009e-01
441 0 +1.644581063e-04 +7.731016446e+01 +7.731016446e+01 +8.9822e-01 -5.5332e-01
449 0 +1.063241059e-04 +7.731010632e+01 +7.731010632e+01 +8.9779e-01 -5.6076e-01
458 0 +7.585048196e-05 +7.731007585e+01 +7.731007585e+01 +8.9750e-01 -5.6601e-01
460 0 +3.657204800e-05 +7.731003657e+01 +7.731003657e+01 +8.9682e-01 -5.7807e-01
472 0 +3.267837855e-06 +7.731000327e+01 +7.731000327e+01 +8.9584e-01 -5.9653e-01
507 0 +1.304854706e-06 +7.731000130e+01 +7.731000130e+01 +8.9514e-01 -6.0899e-01
535 0 +1.955432225e-07 +7.731000020e+01 +7.731000020e+01 +8.9489e-01 -6.1365e-01
573 0 +7.352454645e-08 +7.731000007e+01 +7.731000007e+01 +8.9523e-01 -6.0749e-01
625 0 +3.683550176e-08 +7.731000004e+01 +7.731000004e+01 +8.9519e-01 -6.0811e-01
649 0 +1.424760399e-08 +7.731000001e+01 +7.731000001e+01 +8.9510e-01 -6.0984e-01
669 0 +1.056666576e-08 +7.731000001e+01 +7.731000001e+01 +8.9512e-01 -6.0947e-01
689 0 +9.326612371e-09 +7.731000001e+01 +7.731000001e+01 +8.9509e-01 -6.0994e-01
% f evaluations | g evaluations | best noise-free fitness - Fopt (3.992000000000e+01) + sum g_i+ | measured fitness | best measured fitness or single-digit g-values | x1 | x2...
1 0 +9.795359042e+00 +4.971535904e+01 +4.971535904e+01 +0.0000e+00 +0.0000e+00
2 0 +8.622168740e+00 +4.854216874e+01 +4.854216874e+01 +4.3379e-01 +3.0692e-02
5 0 +7.138562117e+00 +4.705856212e+01 +4.705856212e+01 -1.1375e-01 -3.0566e-01
14 0 +5.501415368e+00 +4.542141537e+01 +4.542141537e+01 +3.4070e-01 -3.7342e-01
21 0 +5.075620725e+00 +4.499562073e+01 +4.499562073e+01 +4.0620e-01 -4.2244e-01
26 0 +3.960247940e+00 +4.388024794e+01 +4.388024794e+01 +7.4537e-01 -5.2601e-01
28 0 +3.788549281e+00 +4.370854928e+01 +4.370854928e+01 +1.0453e+00 -4.2834e-01
29 0 +3.381726786e+00 +4.330172679e+01 +4.330172679e+01 +9.4230e-01 -6.1510e-01
35 0 +2.462817115e+00 +4.238281712e+01 +4.238281712e+01 +1.4388e+00 -1.2133e+00
36 0 +2.445594667e+00 +4.236559467e+01 +4.236559467e+01 +1.4730e+00 -7.9986e-01
38 0 +8.946506496e-01 +4.081465065e+01 +4.081465065e+01 +3.0546e+00 -1.1880e+00
40 0 +8.617617816e-01 +4.078176178e+01 +4.078176178e+01 +3.2037e+00 -1.5985e+00
56 0 +6.603740428e-01 +4.058037404e+01 +4.058037404e+01 +3.2021e+00 -5.8848e-01
84 0 +3.245149296e-01 +4.024451493e+01 +4.024451493e+01 +4.3532e+00 -1.5651e+00
91 0 +1.252774709e-01 +4.004527747e+01 +4.004527747e+01 +3.8765e+00 -1.2705e+00
127 0 +1.075575709e-01 +4.002755757e+01 +4.002755757e+01 +3.9771e+00 -1.4818e+00
129 0 +9.891553391e-02 +4.001891553e+01 +4.001891553e+01 +3.9709e+00 -1.4540e+00
136 0 +7.938138634e-02 +3.999938139e+01 +3.999938139e+01 +4.0960e+00 -1.3048e+00
138 0 +6.612307436e-02 +3.998612307e+01 +3.998612307e+01 +4.0910e+00 -1.3569e+00
151 0 +5.772111463e-02 +3.997772111e+01 +3.997772111e+01 +4.0822e+00 -1.3679e+00
165 0 +2.247032743e-02 +3.994247033e+01 +3.994247033e+01 +4.0239e+00 -1.3416e+00
222 0 +2.038595206e-02 +3.994038595e+01 +3.994038595e+01 +4.0296e+00 -1.3223e+00
229 0 +1.244273220e-02 +3.993244273e+01 +3.993244273e+01 +4.0056e+00 -1.2872e+00
233 0 +8.691933068e-03 +3.992869193e+01 +3.992869193e+01 +3.9959e+00 -1.2532e+00
244 0 +7.812053559e-03 +3.992781205e+01 +3.992781205e+01 +3.9965e+00 -1.2510e+00
262 0 +6.662571314e-03 +3.992666257e+01 +3.992666257e+01 +4.0009e+00 -1.2354e+00
263 0 +4.970997801e-03 +3.992497100e+01 +3.992497100e+01 +3.9966e+00 -1.2265e+00
270 0 +1.548041514e-03 +3.992154804e+01 +3.992154804e+01 +3.9807e+00 -1.1797e+00
316 0 +1.372126159e-03 +3.992137213e+01 +3.992137213e+01 +3.9797e+00 -1.1723e+00
329 0 +9.639452326e-04 +3.992096395e+01 +3.992096395e+01 +3.9746e+00 -1.1585e+00
337 0 +7.315889113e-04 +3.992073159e+01 +3.992073159e+01 +3.9735e+00 -1.1511e+00
351 0 +6.479080462e-04 +3.992064791e+01 +3.992064791e+01 +3.9690e+00 -1.1385e+00
355 0 +3.715681855e-04 +3.992037157e+01 +3.992037157e+01 +3.9697e+00 -1.1388e+00
373 0 +3.642229232e-04 +3.992036422e+01 +3.992036422e+01 +3.9696e+00 -1.1383e+00
381 0 +3.416399328e-04 +3.992034164e+01 +3.992034164e+01 +3.9684e+00 -1.1335e+00
395 0 +2.594235199e-04 +3.992025942e+01 +3.992025942e+01 +3.9669e+00 -1.1282e+00
409 0 +1.953890467e-04 +3.992019539e+01 +3.992019539e+01 +3.9659e+00 -1.1252e+00
411 0 +1.774055452e-04 +3.992017741e+01 +3.992017741e+01 +3.9655e+00 -1.1237e+00
421 0 +1.605582017e-04 +3.992016056e+01 +3.992016056e+01 +3.9642e+00 -1.1195e+00
438 0 +1.485053035e-04 +3.992014851e+01 +3.992014851e+01 +3.9646e+00 -1.1204e+00
440 0 +1.312778886e-04 +3.992013128e+01 +3.992013128e+01 +3.9638e+00 -1.1176e+00
446 0 +1.041697513e-04 +3.992010417e+01 +3.992010417e+01 +3.9627e+00 -1.1139e+00
478 0 +9.885760210e-05 +3.992009886e+01 +3.992009886e+01 +3.9624e+00 -1.1129e+00
490 0 +9.576541052e-05 +3.992009577e+01 +3.992009577e+01 +3.9627e+00 -1.1136e+00
515 0 +8.947317838e-05 +3.992008947e+01 +3.992008947e+01 +3.9624e+00 -1.1127e+00
520 0 +8.528091976e-05 +3.992008528e+01 +3.992008528e+01 +3.9622e+00 -1.1120e+00
527 0 +8.108971264e-05 +3.992008109e+01 +3.992008109e+01 +3.9620e+00 -1.1111e+00
532 0 +6.500885635e-05 +3.992006501e+01 +3.992006501e+01 +3.9612e+00 -1.1083e+00
540 0 +5.788840077e-05 +3.992005789e+01 +3.992005789e+01 +3.9607e+00 -1.1066e+00
544 0 +5.042844368e-05 +3.992005043e+01 +3.992005043e+01 +3.9603e+00 -1.1051e+00
545 0 +4.336506641e-05 +3.992004337e+01 +3.992004337e+01 +3.9591e+00 -1.1009e+00
548 0 +2.758224760e-05 +3.992002758e+01 +3.992002758e+01 +3.9572e+00 -1.0942e+00
551 0 +2.398286097e-05 +3.992002398e+01 +3.992002398e+01 +3.9580e+00 -1.0970e+00
556 0 +1.681004321e-05 +3.992001681e+01 +3.992001681e+01 +3.9567e+00 -1.0922e+00
559 0 +1.410182423e-05 +3.992001410e+01 +3.992001410e+01 +3.9568e+00 -1.0924e+00
566 0 +8.610429276e-07 +3.992000086e+01 +3.992000086e+01 +3.9486e+00 -1.0630e+00
620 0 +4.822912061e-07 +3.992000048e+01 +3.992000048e+01 +3.9508e+00 -1.0710e+00
662 0 +3.942781035e-07 +3.992000039e+01 +3.992000039e+01 +3.9524e+00 -1.0766e+00
728 0 +3.722556627e-07 +3.992000037e+01 +3.992000037e+01 +3.9523e+00 -1.0764e+00
736 0 +3.601174967e-07 +3.992000036e+01 +3.992000036e+01 +3.9523e+00 -1.0764e+00
744 0 +2.826065781e-07 +3.992000028e+01 +3.992000028e+01 +3.9520e+00 -1.0753e+00
748 0 +2.342479917e-07 +3.992000023e+01 +3.992000023e+01 +3.9519e+00 -1.0750e+00
751 0 +2.173425031e-07 +3.992000022e+01 +3.992000022e+01 +3.9520e+00 -1.0754e+00
754 0 +1.519821922e-07 +3.992000015e+01 +3.992000015e+01 +3.9518e+00 -1.0747e+00
763 0 +1.291608100e-07 +3.992000013e+01 +3.992000013e+01 +3.9518e+00 -1.0745e+00
772 0 +9.021265868e-08 +3.992000009e+01 +3.992000009e+01 +3.9515e+00 -1.0736e+00
806 0 +8.768925852e-08 +3.992000009e+01 +3.992000009e+01 +3.9516e+00 -1.0738e+00
820 0 +8.096699133e-08 +3.992000008e+01 +3.992000008e+01 +3.9515e+00 -1.0737e+00
838 0 +7.190087103e-08 +3.992000007e+01 +3.992000007e+01 +3.9515e+00 -1.0736e+00
843 0 +6.982919132e-08 +3.992000007e+01 +3.992000007e+01 +3.9515e+00 -1.0735e+00
847 0 +6.811523434e-08 +3.992000007e+01 +3.992000007e+01 +3.9515e+00 -1.0735e+00
851 0 +6.512588868e-08 +3.992000007e+01 +3.992000007e+01 +3.9515e+00 -1.0734e+00
856 0 +6.158934696e-08 +3.992000006e+01 +3.992000006e+01 +3.9514e+00 -1.0733e+00
860 0 +5.391993341e-08 +3.992000005e+01 +3.992000005e+01 +3.9514e+00 -1.0731e+00
865 0 +5.204861253e-08 +3.992000005e+01 +3.992000005e+01 +3.9514e+00 -1.0732e+00
870 0 +5.110157986e-08 +3.992000005e+01 +3.992000005e+01 +3.9514e+00 -1.0732e+00
878 0 +4.305111645e-08 +3.992000004e+01 +3.992000004e+01 +3.9513e+00 -1.0729e+00
900 0 +3.946745153e-08 +3.992000004e+01 +3.992000004e+01 +3.9513e+00 -1.0729e+00
905 0 +3.744380450e-08 +3.992000004e+01 +3.992000004e+01 +3.9513e+00 -1.0728e+00
906 0 +3.497489587e-08 +3.992000003e+01 +3.992000003e+01 +3.9513e+00 -1.0727e+00
909 0 +3.325126130e-08 +3.992000003e+01 +3.992000003e+01 +3.9513e+00 -1.0727e+00
910 0 +3.300639406e-08 +3.992000003e+01 +3.992000003e+01 +3.9512e+00 -1.0726e+00
913 0 +3.223368594e-08 +3.992000003e+01 +3.992000003e+01 +3.9512e+00 -1.0726e+00
918 0 +2.401337440e-08 +3.992000002e+01 +3.992000002e+01 +3.9510e+00 -1.0718e+00
922 0 +2.185237946e-08 +3.992000002e+01 +3.992000002e+01 +3.9511e+00 -1.0722e+00
964 0 +1.853514675e-08 +3.992000002e+01 +3.992000002e+01 +3.9511e+00 -1.0721e+00
980 0 +1.752271572e-08 +3.992000002e+01 +3.992000002e+01 +3.9511e+00 -1.0720e+00
983 0 +1.685646822e-08 +3.992000002e+01 +3.992000002e+01 +3.9511e+00 -1.0721e+00
987 0 +1.442082009e-08 +3.992000001e+01 +3.992000001e+01 +3.9510e+00 -1.0719e+00
992 0 +1.356748669e-08 +3.992000001e+01 +3.992000001e+01 +3.9510e+00 -1.0719e+00
996 0 +1.101808067e-08 +3.992000001e+01 +3.992000001e+01 +3.9510e+00 -1.0717e+00
1008 0 +7.191758300e-09 +3.992000001e+01 +3.992000001e+01 +3.9507e+00 -1.0708e+00
1680 0 +0.000000000e+00 +3.992000000e+01 +3.992000000e+01 +3.9504e+00 -1.0696e+00
% f evaluations | g evaluations | best noise-free fitness - Fopt (-5.661000000000e+01) + sum g_i+ | measured fitness | best measured fitness or single-digit g-values | x1 | x2...
1 0 +2.106482508e+01 -3.554517492e+01 -3.554517492e+01 +0.0000e+00 +0.0000e+00
2 0 +1.292952950e+01 -4.368047050e+01 -4.368047050e+01 +4.3379e-01 +3.0692e-02
8 0 +9.944741612e+00 -4.666525839e+01 -4.666525839e+01 +6.0117e-01 +1.6999e-01
14 0 +8.321698260e+00 -4.828830174e+01 -4.828830174e+01 +8.1870e-01 -5.5543e-02
18 0 +5.030465806e+00 -5.157953419e+01 -5.157953419e+01 +1.1066e+00 +1.9058e-01
22 0 +3.738734170e+00 -5.287126583e+01 -5.287126583e+01 +1.1182e+00 +6.9138e-01
23 0 +3.253532676e+00 -5.335646732e+01 -5.335646732e+01 +1.4651e+00 +2.1945e-01
26 0 +2.873107698e+00 -5.373689230e+01 -5.373689230e+01 +1.6609e+00 +1.8960e-01
27 0 +2.396579324e+00 -5.421342068e+01 -5.421342068e+01 +1.6905e+00 +5.2791e-01
31 0 +2.330614641e+00 -5.427938536e+01 -5.427938536e+01 +2.1403e+00 +5.3957e-01
56 0 +1.780402771e+00 -5.482959723e+01 -5.482959723e+01 +1.7657e+00 +1.0453e+00
62 0 +1.652199442e+00 -5.495780056e+01 -5.495780056e+01 +1.7069e+00 +1.1738e+00
68 0 +1.093617742e+00 -5.551638226e+01 -5.551638226e+01 +1.1294e+00 +2.2050e+00
71 0 +2.644264188e-01 -5.634557358e+01 -5.634557358e+01 +1.8580e+00 +2.6137e+00
96 0 +1.447898427e-01 -5.646521016e+01 -5.646521016e+01 +2.3953e+00 +3.1505e+00
109 0 +6.348505908e-03 -5.660365149e+01 -5.660365149e+01 +2.0714e+00 +2.9545e+00
187 0 +2.033314366e-03 -5.660796669e+01 -5.660796669e+01 +1.8299e+00 +2.8825e+00
211 0 +6.872937099e-04 -5.660931271e+01 -5.660931271e+01 +1.8682e+00 +2.8952e+00
217 0 +5.378345776e-04 -5.660946217e+01 -5.660946217e+01 +1.8759e+00 +2.8977e+00
256 0 +4.482148178e-04 -5.660955179e+01 -5.660955179e+01 +1.9194e+00 +2.9111e+00
259 0 +2.343859699e-04 -5.660976561e+01 -5.660976561e+01 +1.9395e+00 +2.9183e+00
277 0 +5.727068829e-05 -5.660994273e+01 -5.660994273e+01 +1.9867e+00 +2.9334e+00
307 0 +1.325594233e-06 -5.660999867e+01 -5.660999867e+01 +1.9600e+00 +2.9247e+00
674 0 +1.203190926e-06 -5.660999880e+01 -5.660999880e+01 +1.9404e+00 +2.9183e+00
679 0 +1.105093673e-06 -5.660999889e+01 -5.660999889e+01 +1.9413e+00 +2.9187e+00
684 0 +8.423619988e-07 -5.660999916e+01 -5.660999916e+01 +1.9422e+00 +2.9189e+00
685 0 +4.697708818e-07 -5.660999953e+01 -5.660999953e+01 +1.9442e+00 +2.9196e+00
703 0 +4.349034342e-07 -5.660999957e+01 -5.660999957e+01 +1.9453e+00 +2.9199e+00
714 0 +1.936065175e-07 -5.660999981e+01 -5.660999981e+01 +1.9487e+00 +2.9211e+00
716 0 +1.296719887e-07 -5.660999987e+01 -5.660999987e+01 +1.9542e+00 +2.9228e+00
723 0 +1.094299336e-07 -5.660999989e+01 -5.660999989e+01 +1.9516e+00 +2.9220e+00
732 0 +9.482505448e-09 -5.660999999e+01 -5.660999999e+01 +1.9501e+00 +2.9215e+00
1459 0 +0.000000000e+00 -5.661000000e+01 -5.661000000e+01 +1.9504e+00 +2.9216e+00
% f evaluations | g evaluations | best noise-free fitness - Fopt (3.270000000000e+01) + sum g_i+ | measured fitness | best measured fitness or single-digit g-values | x1 | x2...
1 0 +2.865871095e+00 +3.556587110e+01 +3.556587110e+01 +0.0000e+00 +0.0000e+00
5 0 +2.688628781e+00 +3.538862878e+01 +3.538862878e+01 -1.1375e-01 -3.0566e-01
9 0 +2.551389992e+00 +3.525138999e+01 +3.525138999e+01 -1.5904e-01 +7.2161e-02
15 0 +2.484549542e+00 +3.518454954e+01 +3.518454954e+01 -2.5385e-01 +1.7801e-01
16 0 +2.347465824e+00 +3.504746582e+01 +3.504746582e+01 -4.6938e-01 +2.1135e-01
17 0 +2.324407250e+00 +3.502440725e+01 +3.502440725e+01 -3.1200e-01 +1.0178e-03
21 0 +2.230260125e+00 +3.493026013e+01 +3.493026013e+01 -4.0357e-01 -6.4087e-03
33 0 +2.106019613e+00 +3.480601961e+01 +3.480601961e+01 -5.0775e-01 -6.5176e-02
41 0 +2.047944846e+00 +3.474794485e+01 +3.474794485e+01 -7.3956e-01 +2.5092e-02
45 0 +1.923578114e+00 +3.462357811e+01 +3.462357811e+01 -6.1758e-01 -2.0503e-01
54 0 +1.695312618e+00 +3.439531262e+01 +3.439531262e+01 -9.4898e-01 -2.6357e-01
64 0 +1.275228463e+00 +3.397522846e+01 +3.397522846e+01 -1.3371e+00 -5.4135e-01
65 0 +1.193629869e+00 +3.389362987e+01 +3.389362987e+01 -1.3017e+00 -6.4895e-01
69 0 +7.966163825e-01 +3.349661638e+01 +3.349661638e+01 -1.8255e+00 -8.3843e-01
75 0 +6.706008455e-01 +3.337060085e+01 +3.337060085e+01 -1.8684e+00 -9.5757e-01
81 0 +2.384612327e-01 +3.293846123e+01 +3.293846123e+01 -2.4460e+00 -1.2028e+00
83 0 +3.720722984e-02 +3.273720723e+01 +3.273720723e+01 -2.2557e+00 -1.5565e+00
154 0 +3.328261541e-02 +3.273328262e+01 +3.273328262e+01 -2.2509e+00 -1.4826e+00
204 0 +2.826323570e-02 +3.272826324e+01 +3.272826324e+01 -2.3516e+00 -1.4734e+00
230 0 +2.688098405e-02 +3.272688098e+01 +3.272688098e+01 -2.3073e+00 -1.5159e+00
236 0 +1.653548310e-02 +3.271653548e+01 +3.271653548e+01 -2.3035e+00 -1.4992e+00
242 0 +1.117757678e-02 +3.271117758e+01 +3.271117758e+01 -2.2693e+00 -1.5159e+00
247 0 +6.027525531e-03 +3.270602753e+01 +3.270602753e+01 -2.2336e+00 -1.5234e+00
254 0 +4.867863121e-03 +3.270486786e+01 +3.270486786e+01 -2.2188e+00 -1.5367e+00
256 0 +4.517545613e-03 +3.270451755e+01 +3.270451755e+01 -2.2215e+00 -1.5341e+00
260 0 +3.465073717e-03 +3.270346507e+01 +3.270346507e+01 -2.2052e+00 -1.5420e+00
273 0 +1.093269156e-03 +3.270109327e+01 +3.270109327e+01 -2.1529e+00 -1.5639e+00
459 0 +1.031201967e-03 +3.270103120e+01 +3.270103120e+01 -2.1672e+00 -1.5580e+00
468 0 +7.196220719e-04 +3.270071962e+01 +3.270071962e+01 -2.1556e+00 -1.5633e+00
475 0 +6.712605692e-04 +3.270067126e+01 +3.270067126e+01 -2.1466e+00 -1.5684e+00
477 0 +5.822291558e-04 +3.270058223e+01 +3.270058223e+01 -2.1484e+00 -1.5673e+00
479 0 +3.865817228e-04 +3.270038658e+01 +3.270038658e+01 -2.1320e+00 -1.5745e+00
481 0 +3.609087124e-04 +3.270036091e+01 +3.270036091e+01 -2.1402e+00 -1.5709e+00
486 0 +8.610911686e-05 +3.270008611e+01 +3.270008611e+01 -2.0991e+00 -1.5905e+00
521 0 +7.832250404e-07 +3.270000078e+01 +3.270000078e+01 -2.0812e+00 -1.5991e+00
582 0 +7.097196431e-07 +3.270000071e+01 +3.270000071e+01 -2.0800e+00 -1.5997e+00
648 0 +2.180095535e-07 +3.270000022e+01 +3.270000022e+01 -2.0757e+00 -1.6018e+00
663 0 +1.376825409e-07 +3.270000014e+01 +3.270000014e+01 -2.0775e+00 -1.6009e+00
664 0 +8.390620110e-08 +3.270000008e+01 +3.270000008e+01 -2.0767e+00 -1.6013e+00
676 0 +7.229958499e-08 +3.270000007e+01 +3.270000007e+01 -2.0770e+00 -1.6011e+00
685 0 +9.656702105e-09 +3.270000001e+01 +3.270000001e+01 -2.0773e+00 -1.6010e+00
% f evaluations | g evaluations | best noise-free fitness - Fopt (-3.943000000000e+01) + sum g_i+ | measured fitness | best measured fitness or single-digit g-values | x1 | x2...
1 0 +5.834022758e+01 +1.891022758e+01 +1.891022758e+01 +0.0000e+00 +0.0000e+00
2 0 +4.090135174e+01 +1.471351741e+00 +1.471351741e+00 +4.3379e-01 +3.0692e-02
8 0 +3.509995600e+01 -4.330043999e+00 -4.330043999e+00 +6.0117e-01 +1.6999e-01
14 0 +2.884674808e+01 -1.058325192e+01 -1.058325192e+01 +8.1870e-01 -5.5543e-02
18 0 +2.134263430e+01 -1.808736570e+01 -1.808736570e+01 +1.1066e+00 +1.9058e-01
22 0 +2.063860795e+01 -1.879139205e+01 -1.879139205e+01 +1.1182e+00 +6.9138e-01
23 0 +1.424343405e+01 -2.518656595e+01 -2.518656595e+01 +1.4651e+00 +2.1945e-01
26 0 +1.123687168e+01 -2.819312832e+01 -2.819312832e+01 +1.6609e+00 +1.8960e-01
27 0 +1.057864640e+01 -2.885135360e+01 -2.885135360e+01 +1.6905e+00 +5.2791e-01
28 0 +3.456380278e+00 -3.597361972e+01 -3.597361972e+01 +2.5901e+00 +5.5122e-01
36 0 +3.175177029e+00 -3.625482297e+01 -3.625482297e+01 +3.3600e+00 +1.9072e-01
47 0 +2.944287919e+00 -3.648571208e+01 -3.648571208e+01 +4.3515e+00 +4.5435e-01
165 0 +2.761376106e+00 -3.666862389e+01 -3.666862389e+01 +2.7764e+00 +8.7320e-01
167 0 +2.472662443e+00 -3.695733756e+01 -3.695733756e+01 +2.6403e+00 +1.5178e+00
168 0 +2.198175604e+00 -3.723182440e+01 -3.723182440e+01 +3.1353e+00 +1.1856e+00
169 0 +2.167296785e+00 -3.726270322e+01 -3.726270322e+01 +2.8878e+00 +1.3517e+00
176 0 +2.119154274e+00 -3.731084573e+01 -3.731084573e+01 +4.9989e+00 +2.1407e+00
178 0 +1.795897273e+00 -3.763410273e+01 -3.763410273e+01 +3.6883e+00 +1.5789e+00
181 0 +1.543990461e+00 -3.788600954e+01 -3.788600954e+01 +4.3436e+00 +1.8598e+00
183 0 +1.246048977e+00 -3.818395102e+01 -3.818395102e+01 +3.8246e+00 +4.6271e+00
187 0 +1.009485573e-01 -3.932905144e+01 -3.932905144e+01 +4.0102e+00 +3.2866e+00
235 0 +5.017679546e-02 -3.937982320e+01 -3.937982320e+01 +3.4096e+00 +3.3453e+00
248 0 +2.169860657e-02 -3.940830139e+01 -3.940830139e+01 +3.4868e+00 +3.3689e+00
277 0 +9.239139420e-03 -3.942076086e+01 -3.942076086e+01 +3.5747e+00 +3.3660e+00
406 0 +8.462566516e-03 -3.942153743e+01 -3.942153743e+01 +3.5626e+00 +3.3704e+00
410 0 +7.866826751e-03 -3.942213317e+01 -3.942213317e+01 +3.5669e+00 +3.3722e+00
431 0 +7.212912169e-03 -3.942278709e+01 -3.942278709e+01 +3.5725e+00 +3.3718e+00
444 0 +6.882896957e-03 -3.942311710e+01 -3.942311710e+01 +3.5755e+00 +3.3721e+00
450 0 +6.758603348e-03 -3.942324140e+01 -3.942324140e+01 +3.5786e+00 +3.3738e+00
455 0 +6.220657422e-03 -3.942377934e+01 -3.942377934e+01 +3.5843e+00 +3.3741e+00
459 0 +5.711753988e-03 -3.942428825e+01 -3.942428825e+01 +3.5920e+00 +3.3749e+00
469 0 +5.550172744e-03 -3.942444983e+01 -3.942444983e+01 +3.5983e+00 +3.3758e+00
472 0 +4.176227415e-03 -3.942582377e+01 -3.942582377e+01 +3.6264e+00 +3.3769e+00
476 0 +3.370485355e-03 -3.942662951e+01 -3.942662951e+01 +3.6278e+00 +3.3759e+00
485 0 +1.991375918e-03 -3.942800862e+01 -3.942800862e+01 +3.6407e+00 +3.3746e+00
505 0 +1.474026694e-03 -3.942852597e+01 -3.942852597e+01 +3.6572e+00 +3.3755e+00
509 0 +9.372250765e-04 -3.942906277e+01 -3.942906277e+01 +3.7151e+00 +3.3758e+00
517 0 +6.211907184e-04 -3.942937881e+01 -3.942937881e+01 +3.6808e+00 +3.3757e+00
531 0 +5.906485319e-04 -3.942940935e+01 -3.942940935e+01 +3.7031e+00 +3.3768e+00
534 0 +3.410827892e-04 -3.942965892e+01 -3.942965892e+01 +3.6958e+00 +3.3760e+00
592 0 +3.257046630e-04 -3.942967430e+01 -3.942967430e+01 +3.6985e+00 +3.3760e+00
598 0 +2.644346559e-04 -3.942973557e+01 -3.942973557e+01 +3.7015e+00 +3.3762e+00
604 0 +1.193943893e-04 -3.942988061e+01 -3.942988061e+01 +3.7196e+00 +3.3768e+00
609 0 +9.639871394e-05 -3.942990360e+01 -3.942990360e+01 +3.7206e+00 +3.3769e+00
617 0 +5.419792030e-05 -3.942994580e+01 -3.942994580e+01 +3.7280e+00 +3.3772e+00
634 0 +1.723450031e-05 -3.942998277e+01 -3.942998277e+01 +3.7523e+00 +3.3779e+00
643 0 +9.557828577e-06 -3.942999044e+01 -3.942999044e+01 +3.7579e+00 +3.3781e+00
669 0 +8.831894881e-06 -3.942999117e+01 -3.942999117e+01 +3.7620e+00 +3.3783e+00
708 0 +7.255695721e-06 -3.942999274e+01 -3.942999274e+01 +3.7474e+00 +3.3778e+00
737 0 +6.892388747e-06 -3.942999311e+01 -3.942999311e+01 +3.7487e+00 +3.3778e+00
738 0 +6.474066474e-06 -3.942999353e+01 -3.942999353e+01 +3.7483e+00 +3.3778e+00
745 0 +5.114032277e-06 -3.942999489e+01 -3.942999489e+01 +3.7486e+00 +3.3778e+00
751 0 +4.839529751e-06 -3.942999516e+01 -3.942999516e+01 +3.7487e+00 +3.3778e+00
752 0 +4.156706346e-06 -3.942999584e+01 -3.942999584e+01 +3.7497e+00 +3.3779e+00
768 0 +4.068744005e-06 -3.942999593e+01 -3.942999593e+01 +3.7497e+00 +3.3779e+00
773 0 +3.326310413e-06 -3.942999667e+01 -3.942999667e+01 +3.7509e+00 +3.3779e+00
799 0 +3.262277247e-06 -3.942999674e+01 -3.942999674e+01 +3.7510e+00 +3.3779e+00
805 0 +3.053208360e-06 -3.942999695e+01 -3.942999695e+01 +3.7511e+00 +3.3779e+00
808 0 +2.981670754e-06 -3.942999702e+01 -3.942999702e+01 +3.7512e+00 +3.3779e+00
809 0 +2.838002715e-06 -3.942999716e+01 -3.942999716e+01 +3.7517e+00 +3.3779e+00
815 0 +2.574517623e-06 -3.942999743e+01 -3.942999743e+01 +3.7528e+00 +3.3780e+00
819 0 +2.065403770e-06 -3.942999793e+01 -3.942999793e+01 +3.7530e+00 +3.3780e+00
836 0 +1.619893844e-06 -3.942999838e+01 -3.942999838e+01 +3.7539e+00 +3.3780e+00
844 0 +1.119144834e-06 -3.942999888e+01 -3.942999888e+01 +3.7552e+00 +3.3781e+00
850 0 +1.045597031e-06 -3.942999895e+01 -3.942999895e+01 +3.7569e+00 +3.3781e+00
870 0 +9.407258190e-07 -3.942999906e+01 -3.942999906e+01 +3.7560e+00 +3.3781e+00
873 0 +7.863237386e-07 -3.942999921e+01 -3.942999921e+01 +3.7568e+00 +3.3781e+00
892 0 +7.718281196e-07 -3.942999923e+01 -3.942999923e+01 +3.7585e+00 +3.3782e+00
897 0 +7.168080316e-07 -3.942999928e+01 -3.942999928e+01 +3.7601e+00 +3.3782e+00
898 0 +4.747220927e-07 -3.942999953e+01 -3.942999953e+01 +3.7583e+00 +3.3782e+00
901 0 +3.373949085e-07 -3.942999966e+01 -3.942999966e+01 +3.7592e+00 +3.3782e+00
903 0 +2.486902630e-07 -3.942999975e+01 -3.942999975e+01 +3.7613e+00 +3.3783e+00
909 0 +2.147517364e-08 -3.942999998e+01 -3.942999998e+01 +3.7628e+00 +3.3783e+00
937 0 +1.504245972e-08 -3.942999998e+01 -3.942999998e+01 +3.7666e+00 +3.3784e+00
950 0 +4.146173183e-09 -3.943000000e+01 -3.943000000e+01 +3.7670e+00 +3.3784e+00
1702 0 +0.000000000e+00 -3.943000000e+01 -3.943000000e+01 +3.7656e+00 +3.3784e+00
% f evaluations | g evaluations | best noise-free fitness - Fopt (4.197200000000e+02) + sum g_i+ | measured fitness | best measured fitness or single-digit g-values | x1 | x2...
1 0 +1.799936567e+01 +4.377193657e+02 +4.377193657e+02 +0.0000e+00 +0.0000e+00
2 0 +1.650309982e+01 +4.362230998e+02 +4.362230998e+02 +4.3379e-01 +3.0692e-02
3 0 +1.176904594e+01 +4.314890459e+02 +4.314890459e+02 +9.8026e-02 +3.4094e-01
8 0 +1.148844237e+01 +4.312084424e+02 +4.312084424e+02 +3.9854e-01 +3.2976e-01
12 0 +9.344595494e+00 +4.290645955e+02 +4.290645955e+02 +2.8148e-01 +4.9555e-01
15 0 +8.476455384e+00 +4.281964554e+02 +4.281964554e+02 +2.2684e-01 +5.7032e-01
20 0 +7.734533348e+00 +4.274545333e+02 +4.274545333e+02 -1.3421e-02 +6.5603e-01
22 0 +2.853517630e+00 +4.225735176e+02 +4.225735176e+02 +1.7774e-01 +1.2617e+00
32 0 +2.162952302e+00 +4.218829523e+02 +4.218829523e+02 +2.5348e-01 +1.4524e+00
41 0 +1.931053999e+00 +4.216510540e+02 +4.216510540e+02 -1.5135e-01 +1.4845e+00
43 0 +1.774838076e+00 +4.214948381e+02 +4.214948381e+02 +4.3579e-01 +1.7778e+00
46 0 +1.488305126e+00 +4.212083051e+02 +4.212083051e+02 +1.8053e-01 +1.8723e+00
52 0 +1.451563428e+00 +4.211715634e+02 +4.211715634e+02 +2.9298e-01 +2.7384e+00
53 0 +1.394761318e+00 +4.211147613e+02 +4.211147613e+02 +2.2341e-01 +2.6241e+00
59 0 +1.341120865e+00 +4.210611209e+02 +4.210611209e+02 +1.2022e-01 +2.1920e+00
66 0 +1.058760875e+00 +4.207787609e+02 +4.207787609e+02 -1.8039e-01 +3.4803e+00
69 0 +1.004636741e+00 +4.207246367e+02 +4.207246367e+02 -1.8941e-01 +2.4371e+00
73 0 +9.671282785e-01 +4.206871283e+02 +4.206871283e+02 -1.5738e-01 +3.1498e+00
76 0 +9.356819232e-01 +4.206556819e+02 +4.206556819e+02 -5.3706e-01 +3.6136e+00
79 0 +8.866831258e-01 +4.206066831e+02 +4.206066831e+02 -2.6805e-01 +2.8045e+00
81 0 +5.413854218e-01 +4.202613854e+02 +4.202613854e+02 -5.8563e-01 +3.1460e+00
113 0 +2.084718824e-01 +4.199284719e+02 +4.199284719e+02 -9.2419e-01 +3.0840e+00
114 0 +6.301538626e-02 +4.197830154e+02 +4.197830154e+02 -1.2307e+00 +2.7370e+00
163 0 +3.415740511e-02 +4.197541574e+02 +4.197541574e+02 -1.1406e+00 +3.0785e+00
179 0 +3.331999334e-02 +4.197533200e+02 +4.197533200e+02 -1.1329e+00 +2.7449e+00
181 0 +1.017190921e-02 +4.197301719e+02 +4.197301719e+02 -1.1658e+00 +2.8444e+00
187 0 +6.924872777e-03 +4.197269249e+02 +4.197269249e+02 -1.1647e+00 +2.6968e+00
208 0 +2.648547962e-03 +4.197226485e+02 +4.197226485e+02 -1.1582e+00 +2.7964e+00
459 0 +2.456903828e-03 +4.197224569e+02 +4.197224569e+02 -1.1501e+00 +2.8941e+00
472 0 +2.386768973e-03 +4.197223868e+02 +4.197223868e+02 -1.1561e+00 +2.8598e+00
481 0 +2.327509008e-03 +4.197223275e+02 +4.197223275e+02 -1.1502e+00 +2.8911e+00
483 0 +2.029281294e-03 +4.197220293e+02 +4.197220293e+02 -1.1529e+00 +2.8795e+00
485 0 +1.560548940e-03 +4.197215605e+02 +4.197215605e+02 -1.1559e+00 +2.8542e+00
491 0 +1.733844780e-04 +4.197201734e+02 +4.197201734e+02 -1.1590e+00 +2.8140e+00
534 0 +1.641053906e-04 +4.197201641e+02 +4.197201641e+02 -1.1590e+00 +2.8136e+00
535 0 +1.537157867e-04 +4.197201537e+02 +4.197201537e+02 -1.1594e+00 +2.8083e+00
564 0 +1.507290661e-04 +4.197201507e+02 +4.197201507e+02 -1.1592e+00 +2.8109e+00
570 0 +1.262897179e-04 +4.197201263e+02 +4.197201263e+02 -1.1597e+00 +2.8065e+00
597 0 +1.220702325e-04 +4.197201221e+02 +4.197201221e+02 -1.1598e+00 +2.8067e+00
598 0 +8.049301607e-05 +4.197200805e+02 +4.197200805e+02 -1.1601e+00 +2.8027e+00
604 0 +5.744303388e-05 +4.197200574e+02 +4.197200574e+02 -1.1627e+00 +2.7796e+00
607 0 +4.864584855e-05 +4.197200486e+02 +4.197200486e+02 -1.1615e+00 +2.7906e+00
609 0 +2.418211102e-05 +4.197200242e+02 +4.197200242e+02 -1.1625e+00 +2.7810e+00
617 0 +6.690192777e-06 +4.197200067e+02 +4.197200067e+02 -1.1633e+00 +2.7736e+00
640 0 +2.089660313e-06 +4.197200021e+02 +4.197200021e+02 -1.1644e+00 +2.7641e+00
673 0 +1.109563925e-06 +4.197200011e+02 +4.197200011e+02 -1.1643e+00 +2.7643e+00
679 0 +6.231489351e-07 +4.197200006e+02 +4.197200006e+02 -1.1641e+00 +2.7664e+00
819 0 +3.370519153e-07 +4.197200003e+02 +4.197200003e+02 -1.1640e+00 +2.7669e+00
836 0 +2.778449470e-08 +4.197200000e+02 +4.197200000e+02 -1.1645e+00 +2.7630e+00
913 0 +2.063785587e-08 +4.197200000e+02 +4.197200000e+02 -1.1646e+00 +2.7615e+00
920 0 +1.260303861e-08 +4.197200000e+02 +4.197200000e+02 -1.1647e+00 +2.7608e+00
921 0 +4.049923064e-09 +4.197200000e+02 +4.197200000e+02 -1.1648e+00 +2.7600e+00
% f evaluations | g evaluations | best noise-free fitness - Fopt (7.640000000000e+00) + sum g_i+ | measured fitness | best measured fitness or single-digit g-values | x1 | x2...
1 0 +1.676394358e+01 +2.440394358e+01 +2.440394358e+01 +0.0000e+00 +0.0000e+00
2 0 +1.033289492e+01 +1.797289492e+01 +1.797289492e+01 +4.3379e-01 +3.0692e-02
8 0 +8.856648040e+00 +1.649664804e+01 +1.649664804e+01 +6.0117e-01 +1.6999e-01
14 0 +6.290131795e+00 +1.393013179e+01 +1.393013179e+01 +8.1870e-01 -5.5543e-02
18 0 +4.798216768e+00 +1.243821677e+01 +1.243821677e+01 +1.1066e+00 +1.9058e-01
23 0 +3.428913925e+00 +1.106891392e+01 +1.106891392e+01 +1.4651e+00 +2.1945e-01
26 0 +3.147544772e+00 +1.078754477e+01 +1.078754477e+01 +1.6877e+00 +3.6345e-02
27 0 +3.025924219e+00 +1.066592422e+01 +1.066592422e+01 +1.6558e+00 +3.0994e-01
28 0 +2.523383447e+00 +1.016338345e+01 +1.016338345e+01 +2.5118e+00 +3.0385e-01
47 0 +1.917929095e+00 +9.557929095e+00 +9.557929095e+00 +3.6833e+00 +6.1963e-01
77 0 +1.667532318e+00 +9.307532318e+00 +9.307532318e+00 +2.6786e+00 +1.1500e+00
84 0 +1.281142985e+00 +8.921142985e+00 +8.921142985e+00 +3.9650e+00 +1.2859e+00
87 0 +9.819493519e-01 +8.621949352e+00 +8.621949352e+00 +3.5912e+00 +1.5760e+00
94 0 +2.076790654e-01 +7.847679065e+00 +7.847679065e+00 +3.0866e+00 +2.5615e+00
98 0 +1.371235053e-01 +7.777123505e+00 +7.777123505e+00 +3.8989e+00 +2.3900e+00
103 0 +4.597899024e-02 +7.685978990e+00 +7.685978990e+00 +3.6673e+00 +2.6300e+00
149 0 +2.877728582e-02 +7.668777286e+00 +7.668777286e+00 +3.8043e+00 +2.5266e+00
157 0 +1.116731172e-02 +7.651167312e+00 +7.651167312e+00 +3.3204e+00 +2.6999e+00
230 0 +9.464329690e-03 +7.649464330e+00 +7.649464330e+00 +3.3626e+00 +2.6891e+00
273 0 +8.715739864e-03 +7.648715740e+00 +7.648715740e+00 +3.3540e+00 +2.6903e+00
278 0 +7.905182064e-03 +7.647905182e+00 +7.647905182e+00 +3.3416e+00 +2.6913e+00
297 0 +6.997502506e-03 +7.646997503e+00 +7.646997503e+00 +3.3435e+00 +2.6843e+00
301 0 +6.734822222e-03 +7.646734822e+00 +7.646734822e+00 +3.3428e+00 +2.6865e+00
304 0 +6.094968407e-03 +7.646094968e+00 +7.646094968e+00 +3.3486e+00 +2.6851e+00
308 0 +4.849283518e-03 +7.644849284e+00 +7.644849284e+00 +3.3665e+00 +2.6814e+00
314 0 +3.370780862e-03 +7.643370781e+00 +7.643370781e+00 +3.3802e+00 +2.6753e+00
326 0 +1.587839046e-03 +7.641587839e+00 +7.641587839e+00 +3.4181e+00 +2.6617e+00
359 0 +1.537728725e-03 +7.641537729e+00 +7.641537729e+00 +3.4127e+00 +2.6642e+00
383 0 +1.509728686e-03 +7.641509729e+00 +7.641509729e+00 +3.4146e+00 +2.6642e+00
388 0 +1.228058532e-03 +7.641228059e+00 +7.641228059e+00 +3.4236e+00 +2.6614e+00
392 0 +9.340133494e-04 +7.640934013e+00 +7.640934013e+00 +3.4329e+00 +2.6583e+00
394 0 +7.089769931e-04 +7.640708977e+00 +7.640708977e+00 +3.4477e+00 +2.6525e+00
397 0 +6.451160404e-04 +7.640645116e+00 +7.640645116e+00 +3.4403e+00 +2.6554e+00
406 0 +3.797153442e-04 +7.640379715e+00 +7.640379715e+00 +3.4545e+00 +2.6507e+00
428 0 +3.191161382e-04 +7.640319116e+00 +7.640319116e+00 +3.4587e+00 +2.6493e+00
431 0 +1.809394622e-04 +7.640180939e+00 +7.640180939e+00 +3.4703e+00 +2.6458e+00
453 0 +1.356215946e-04 +7.640135622e+00 +7.640135622e+00 +3.4741e+00 +2.6445e+00
458 0 +6.582606471e-05 +7.640065826e+00 +7.640065826e+00 +3.4843e+00 +2.6412e+00
477 0 +5.365940830e-05 +7.640053659e+00 +7.640053659e+00 +3.4868e+00 +2.6404e+00
487 0 +4.050024297e-05 +7.640040500e+00 +7.640040500e+00 +3.4909e+00 +2.6390e+00
492 0 +3.498375912e-05 +7.640034984e+00 +7.640034984e+00 +3.4936e+00 +2.6381e+00
493 0 +2.926333971e-05 +7.640029263e+00 +7.640029263e+00 +3.5002e+00 +2.6360e+00
499 0 +2.295337994e-05 +7.640022953e+00 +7.640022953e+00 +3.5034e+00 +2.6350e+00
501 0 +1.077519525e-05 +7.640010775e+00 +7.640010775e+00 +3.5021e+00 +2.6354e+00
602 0 +1.052452392e-05 +7.640010525e+00 +7.640010525e+00 +3.5016e+00 +2.6355e+00
604 0 +6.449766214e-06 +7.640006450e+00 +7.640006450e+00 +3.5091e+00 +2.6331e+00
609 0 +2.433962957e-06 +7.640002434e+00 +7.640002434e+00 +3.5105e+00 +2.6327e+00
631 0 +9.129311920e-07 +7.640000913e+00 +7.640000913e+00 +3.5149e+00 +2.6312e+00
669 0 +5.950139164e-07 +7.640000595e+00 +7.640000595e+00 +3.5170e+00 +2.6306e+00
674 0 +5.542604073e-07 +7.640000554e+00 +7.640000554e+00 +3.5159e+00 +2.6309e+00
675 0 +1.582565492e-07 +7.640000158e+00 +7.640000158e+00 +3.5177e+00 +2.6303e+00
794 0 +1.366363618e-07 +7.640000137e+00 +7.640000137e+00 +3.5176e+00 +2.6304e+00
802 0 +9.893528663e-08 +7.640000099e+00 +7.640000099e+00 +3.5203e+00 +2.6295e+00
804 0 +8.795052331e-08 +7.640000088e+00 +7.640000088e+00 +3.5185e+00 +2.6301e+00
805 0 +3.933125559e-08 +7.640000039e+00 +7.640000039e+00 +3.5194e+00 +2.6298e+00
843 0 +2.694995160e-08 +7.640000027e+00 +7.640000027e+00 +3.5202e+00 +2.6295e+00
876 0 +1.650538373e-09 +7.640000002e+00 +7.640000002e+00 +3.5217e+00 +2.6290e+00
1498 0 +0.000000000e+00 +7.640000000e+00 +7.640000000e+00 +3.5224e+00 +2.6288e+00
% f evaluations | g evaluations | best noise-free fitness - Fopt (-1.276800000000e+02) + sum g_i+ | measured fitness | best measured fitness or single-digit g-values | x1 | x2...
1 0 +4.381888344e+00 -1.232981117e+02 -1.232981117e+02 +0.0000e+00 +0.0000e+00
2 0 +4.179943959e+00 -1.235000560e+02 -1.235000560e+02 +4.3379e-01 +3.0692e-02
3 0 +4.033707785e+00 -1.236462922e+02 -1.236462922e+02 +9.8026e-02 +3.4094e-01
8 0 +3.917570750e+00 -1.237624293e+02 -1.237624293e+02 +3.9854e-01 +3.2976e-01
12 0 +3.813045946e+00 -1.238669541e+02 -1.238669541e+02 +2.8148e-01 +4.9555e-01
15 0 +3.770161603e+00 -1.239098384e+02 -1.239098384e+02 +2.2684e-01 +5.7032e-01
18 0 +3.672788969e+00 -1.240072110e+02 -1.240072110e+02 +7.3717e-01 +4.5395e-01
22 0 +3.040606037e+00 -1.246393940e+02 -1.246393940e+02 +6.8497e-01 +1.1613e+00
28 0 +2.833694130e+00 -1.248463059e+02 -1.248463059e+02 +1.3709e+00 +1.0998e+00
38 0 +1.472925287e+00 -1.262070747e+02 -1.262070747e+02 +2.5923e+00 +2.2636e+00
49 0 +1.362827523e+00 -1.263171725e+02 -1.263171725e+02 +2.3928e+00 +2.3117e+00
57 0 +1.150573806e+00 -1.265294262e+02 -1.265294262e+02 +1.4676e+00 +2.8829e+00
61 0 +6.444870483e-02 -1.276155513e+02 -1.276155513e+02 +2.6338e+00 +3.6470e+00
87 0 +1.578967662e-02 -1.276642103e+02 -1.276642103e+02 +2.4670e+00 +3.7260e+00
187 0 +1.036932312e-02 -1.276696307e+02 -1.276696307e+02 +2.2847e+00 +3.7771e+00
211 0 +9.182792656e-03 -1.276708172e+02 -1.276708172e+02 +2.4558e+00 +3.7187e+00
247 0 +5.504264351e-04 -1.276794496e+02 -1.276794496e+02 +2.3067e+00 +3.7787e+00
364 0 +5.098239630e-04 -1.276794902e+02 -1.276794902e+02 +2.2659e+00 +3.7967e+00
367 0 +2.459296861e-04 -1.276797541e+02 -1.276797541e+02 +2.2691e+00 +3.7945e+00
373 0 +2.010953899e-04 -1.276797989e+02 -1.276797989e+02 +2.3064e+00 +3.7792e+00
385 0 +6.962036862e-05 -1.276799304e+02 -1.276799304e+02 +2.2963e+00 +3.7836e+00
541 0 +6.847476097e-05 -1.276799315e+02 -1.276799315e+02 +2.2996e+00 +3.7822e+00
542 0 +4.730182388e-05 -1.276799527e+02 -1.276799527e+02 +2.2914e+00 +3.7856e+00
547 0 +3.177494064e-05 -1.276799682e+02 -1.276799682e+02 +2.2911e+00 +3.7857e+00
549 0 +2.155631492e-05 -1.276799784e+02 -1.276799784e+02 +2.2728e+00 +3.7933e+00
553 0 +2.009781990e-05 -1.276799799e+02 -1.276799799e+02 +2.2795e+00 +3.7906e+00
569 0 +1.663957012e-05 -1.276799834e+02 -1.276799834e+02 +2.2522e+00 +3.8019e+00
587 0 +7.954027453e-06 -1.276799920e+02 -1.276799920e+02 +2.2697e+00 +3.7946e+00
596 0 +6.201618930e-06 -1.276799938e+02 -1.276799938e+02 +2.2539e+00 +3.8011e+00
611 0 +4.658004656e-06 -1.276799953e+02 -1.276799953e+02 +2.2543e+00 +3.8010e+00
613 0 +2.766133306e-06 -1.276799972e+02 -1.276799972e+02 +2.2548e+00 +3.8007e+00
619 0 +2.205588686e-06 -1.276799978e+02 -1.276799978e+02 +2.2510e+00 +3.8023e+00
637 0 +1.030898048e-06 -1.276799990e+02 -1.276799990e+02 +2.2587e+00 +3.7991e+00
656 0 +7.998683316e-07 -1.276799992e+02 -1.276799992e+02 +2.2586e+00 +3.7992e+00
664 0 +3.953755794e-07 -1.276799996e+02 -1.276799996e+02 +2.2584e+00 +3.7992e+00
667 0 +2.319922743e-07 -1.276799998e+02 -1.276799998e+02 +2.2568e+00 +3.7999e+00
777 0 +1.454447016e-07 -1.276799999e+02 -1.276799999e+02 +2.2578e+00 +3.7995e+00
781 0 +1.422635307e-07 -1.276799999e+02 -1.276799999e+02 +2.2576e+00 +3.7996e+00
792 0 +1.103100828e-07 -1.276799999e+02 -1.276799999e+02 +2.2589e+00 +3.7990e+00
793 0 +5.442088025e-08 -1.276799999e+02 -1.276799999e+02 +2.2595e+00 +3.7988e+00
794 0 +1.348895751e-08 -1.276800000e+02 -1.276800000e+02 +2.2646e+00 +3.7967e+00
841 0 +9.094804909e-09 -1.276800000e+02 -1.276800000e+02 +2.2605e+00 +3.7984e+00
% f evaluations | g evaluations | best noise-free fitness - Fopt (-3.650000000000e+01) + sum g_i+ | measured fitness | best measured fitness or single-digit g-values | x1 | x2...
1 0 +8.948084713e+00 -2.755191529e+01 -2.755191529e+01 +0.0000e+00 +0.0000e+00
2 0 +4.767866618e+00 -3.173213338e+01 -3.173213338e+01 +4.3379e-01 +3.0692e-02
8 0 +3.187792671e+00 -3.331220733e+01 -3.331220733e+01 +6.0117e-01 +1.6999e-01
14 0 +2.674015164e+00 -3.382598484e+01 -3.382598484e+01 +8.1870e-01 -5.5543e-02
18 0 +1.069738316e+00 -3.543026168e+01 -3.543026168e+01 +1.1066e+00 +1.9058e-01
22 0 +7.802226442e-01 -3.571977736e+01 -3.571977736e+01 +1.1182e+00 +6.9138e-01
23 0 +3.329604302e-01 -3.616703957e+01 -3.616703957e+01 +1.4651e+00 +2.1945e-01
26 0 +1.624411892e-01 -3.633755881e+01 -3.633755881e+01 +1.6609e+00 +1.8960e-01
31 0 +1.284783491e-01 -3.637152165e+01 -3.637152165e+01 +2.1255e+00 +3.7041e-01
56 0 +1.019650414e-01 -3.639803496e+01 -3.639803496e+01 +2.2335e+00 +4.6131e-01
80 0 +6.251784632e-02 -3.643748215e+01 -3.643748215e+01 +1.7466e+00 +3.2211e-01
95 0 +5.963736634e-02 -3.644036263e+01 -3.644036263e+01 +2.0329e+00 +3.9747e-01
101 0 +5.470127191e-02 -3.644529873e+01 -3.644529873e+01 +2.1392e+00 +4.6262e-01
103 0 +2.327969522e-02 -3.647672030e+01 -3.647672030e+01 +2.3022e+00 +6.3721e-01
149 0 +1.719893769e-02 -3.648280106e+01 -3.648280106e+01 +2.1903e+00 +5.3425e-01
153 0 +7.806337539e-03 -3.649219366e+01 -3.649219366e+01 +2.0478e+00 +4.6522e-01
199 0 +7.363864087e-03 -3.649263614e+01 -3.649263614e+01 +1.9417e+00 +4.0963e-01
217 0 +6.517485301e-03 -3.649348251e+01 -3.649348251e+01 +2.0491e+00 +4.8237e-01
219 0 +6.429564458e-03 -3.649357044e+01 -3.649357044e+01 +2.1353e+00 +5.1577e-01
227 0 +4.999214537e-03 -3.649500079e+01 -3.649500079e+01 +1.9826e+00 +4.4284e-01
229 0 +3.725262578e-03 -3.649627474e+01 -3.649627474e+01 +2.1256e+00 +5.2198e-01
236 0 +2.793978044e-03 -3.649720602e+01 -3.649720602e+01 +2.1431e+00 +5.3071e-01
237 0 +2.147092788e-03 -3.649785291e+01 -3.649785291e+01 +2.1245e+00 +5.1956e-01
247 0 +1.154577783e-03 -3.649884542e+01 -3.649884542e+01 +2.1774e+00 +5.4574e-01
248 0 +7.368821000e-04 -3.649926312e+01 -3.649926312e+01 +2.1619e+00 +5.3735e-01
280 0 +2.753632655e-04 -3.649972464e+01 -3.649972464e+01 +2.1516e+00 +5.3214e-01
317 0 +2.418874690e-04 -3.649975811e+01 -3.649975811e+01 +2.0425e+00 +4.7122e-01
337 0 +1.892952495e-04 -3.649981070e+01 -3.649981070e+01 +2.1184e+00 +5.1393e-01
338 0 +5.578715786e-05 -3.649994421e+01 -3.649994421e+01 +2.0971e+00 +5.0182e-01
384 0 +4.140158725e-05 -3.649995860e+01 -3.649995860e+01 +2.1177e+00 +5.1328e-01
397 0 +3.240821028e-05 -3.649996759e+01 -3.649996759e+01 +2.1212e+00 +5.1531e-01
430 0 +2.363020462e-05 -3.649997637e+01 -3.649997637e+01 +2.1145e+00 +5.1150e-01
442 0 +2.079561798e-05 -3.649997920e+01 -3.649997920e+01 +2.1207e+00 +5.1500e-01
480 0 +1.962360778e-05 -3.649998038e+01 -3.649998038e+01 +2.1200e+00 +5.1461e-01
483 0 +1.898576203e-05 -3.649998101e+01 -3.649998101e+01 +2.1195e+00 +5.1431e-01
487 0 +1.801916581e-05 -3.649998198e+01 -3.649998198e+01 +2.1197e+00 +5.1441e-01
502 0 +1.772561408e-05 -3.649998227e+01 -3.649998227e+01 +2.1195e+00 +5.1429e-01
508 0 +1.705050222e-05 -3.649998295e+01 -3.649998295e+01 +2.1191e+00 +5.1409e-01
512 0 +1.648013280e-05 -3.649998352e+01 -3.649998352e+01 +2.1188e+00 +5.1393e-01
518 0 +1.546773551e-05 -3.649998453e+01 -3.649998453e+01 +2.1184e+00 +5.1370e-01
528 0 +1.446408145e-05 -3.649998554e+01 -3.649998554e+01 +2.1180e+00 +5.1346e-01
533 0 +1.391059056e-05 -3.649998609e+01 -3.649998609e+01 +2.1171e+00 +5.1299e-01
535 0 +1.357059122e-05 -3.649998643e+01 -3.649998643e+01 +2.1176e+00 +5.1322e-01
538 0 +1.186980535e-05 -3.649998813e+01 -3.649998813e+01 +2.1162e+00 +5.1248e-01
541 0 +1.114440241e-05 -3.649998886e+01 -3.649998886e+01 +2.1162e+00 +5.1244e-01
542 0 +7.460216601e-06 -3.649999254e+01 -3.649999254e+01 +2.1129e+00 +5.1062e-01
547 0 +7.036623153e-06 -3.649999296e+01 -3.649999296e+01 +2.1133e+00 +5.1083e-01
549 0 +5.798960458e-06 -3.649999420e+01 -3.649999420e+01 +2.1075e+00 +5.0759e-01
553 0 +5.452315854e-06 -3.649999455e+01 -3.649999455e+01 +2.1096e+00 +5.0878e-01
558 0 +4.350474931e-06 -3.649999565e+01 -3.649999565e+01 +2.1093e+00 +5.0862e-01
565 0 +6.120749845e-07 -3.649999939e+01 -3.649999939e+01 +2.1010e+00 +5.0396e-01
583 0 +4.134122591e-07 -3.649999959e+01 -3.649999959e+01 +2.0941e+00 +5.0011e-01
608 0 +3.650606857e-07 -3.649999963e+01 -3.649999963e+01 +2.0907e+00 +4.9816e-01
613 0 +3.136780933e-07 -3.649999969e+01 -3.649999969e+01 +2.0945e+00 +5.0033e-01
618 0 +1.994791532e-07 -3.649999980e+01 -3.649999980e+01 +2.0937e+00 +4.9984e-01
626 0 +1.057417833e-07 -3.649999989e+01 -3.649999989e+01 +2.0962e+00 +5.0124e-01
640 0 +2.774244479e-08 -3.649999997e+01 -3.649999997e+01 +2.0943e+00 +5.0021e-01
785 0 +1.155757445e-08 -3.649999999e+01 -3.649999999e+01 +2.0949e+00 +5.0052e-01
799 0 +8.354454906e-09 -3.649999999e+01 -3.649999999e+01 +2.0962e+00 +5.0124e-01
1376 0 +0.000000000e+00 -3.650000000e+01 -3.650000000e+01 +2.0968e+00 +5.0161e-01
% f evaluations | g evaluations | best noise-free fitness - Fopt (1.728700000000e+02) + sum g_i+ | measured fitness | best measured fitness or single-digit g-values | x1 | x2...
1 0 +2.515275279e+01 +1.980227528e+02 +1.980227528e+02 +0.0000e+00 +0.0000e+00
2 0 +1.555778362e+01 +1.884277836e+02 +1.884277836e+02 +4.3379e-01 +3.0692e-02
8 0 +1.244333787e+01 +1.853133379e+02 +1.853133379e+02 +6.0117e-01 +1.6999e-01
14 0 +9.580632931e+00 +1.824506329e+02 +1.824506329e+02 +8.1870e-01 -5.5543e-02
18 0 +6.033107864e+00 +1.789031079e+02 +1.789031079e+02 +1.1066e+00 +1.9058e-01
22 0 +5.579778784e+00 +1.784497788e+02 +1.784497788e+02 +1.1182e+00 +6.9138e-01
23 0 +3.260430572e+00 +1.761304306e+02 +1.761304306e+02 +1.4651e+00 +2.1945e-01
26 0 +2.282552105e+00 +1.751525521e+02 +1.751525521e+02 +1.6609e+00 +1.8960e-01
27 0 +2.236872890e+00 +1.751068729e+02 +1.751068729e+02 +1.6905e+00 +5.2791e-01
28 0 +1.385826663e+00 +1.742558267e+02 +1.742558267e+02 +2.5901e+00 +5.5122e-01
29 0 +1.163354465e+00 +1.740333545e+02 +1.740333545e+02 +2.1065e+00 +1.3917e-01
35 0 +2.580215892e-01 +1.731280216e+02 +1.731280216e+02 +2.4886e+00 -6.3372e-01
43 0 +9.382012259e-02 +1.729638201e+02 +1.729638201e+02 +2.8087e+00 -9.1274e-01
99 0 +7.664433161e-03 +1.728776644e+02 +1.728776644e+02 +3.0714e+00 -7.9987e-01
149 0 +6.297031231e-03 +1.728762970e+02 +1.728762970e+02 +3.0119e+00 -8.0462e-01
181 0 +5.357645320e-04 +1.728705358e+02 +1.728705358e+02 +2.9943e+00 -7.9957e-01
237 0 +5.004073699e-05 +1.728700500e+02 +1.728700500e+02 +3.0074e+00 -7.9880e-01
292 0 +4.591008519e-06 +1.728700046e+02 +1.728700046e+02 +3.0233e+00 -7.9711e-01
514 0 +4.252699540e-06 +1.728700043e+02 +1.728700043e+02 +3.0132e+00 -7.9815e-01
521 0 +3.843299623e-06 +1.728700038e+02 +1.728700038e+02 +3.0108e+00 -7.9840e-01
531 0 +3.481958345e-06 +1.728700035e+02 +1.728700035e+02 +3.0117e+00 -7.9831e-01
567 0 +2.901608468e-06 +1.728700029e+02 +1.728700029e+02 +3.0125e+00 -7.9823e-01
575 0 +2.827191764e-06 +1.728700028e+02 +1.728700028e+02 +3.0124e+00 -7.9824e-01
577 0 +2.696148840e-06 +1.728700027e+02 +1.728700027e+02 +3.0127e+00 -7.9821e-01
579 0 +2.232599684e-06 +1.728700022e+02 +1.728700022e+02 +3.0135e+00 -7.9813e-01
597 0 +2.092852782e-06 +1.728700021e+02 +1.728700021e+02 +3.0138e+00 -7.9810e-01
598 0 +1.519952491e-06 +1.728700015e+02 +1.728700015e+02 +3.0150e+00 -7.9798e-01
609 0 +1.455789459e-06 +1.728700015e+02 +1.728700015e+02 +3.0156e+00 -7.9791e-01
626 0 +1.391446972e-06 +1.728700014e+02 +1.728700014e+02 +3.0153e+00 -7.9794e-01
628 0 +1.256395677e-06 +1.728700013e+02 +1.728700013e+02 +3.0157e+00 -7.9790e-01
640 0 +1.197697856e-06 +1.728700012e+02 +1.728700012e+02 +3.0158e+00 -7.9789e-01
648 0 +1.061468936e-06 +1.728700011e+02 +1.728700011e+02 +3.0169e+00 -7.9778e-01
654 0 +1.036627111e-06 +1.728700010e+02 +1.728700010e+02 +3.0164e+00 -7.9783e-01
656 0 +1.011518634e-06 +1.728700010e+02 +1.728700010e+02 +3.0166e+00 -7.9780e-01
664 0 +9.716981424e-07 +1.728700010e+02 +1.728700010e+02 +3.0168e+00 -7.9779e-01
667 0 +9.453021903e-07 +1.728700009e+02 +1.728700009e+02 +3.0166e+00 -7.9780e-01
670 0 +9.116677120e-07 +1.728700009e+02 +1.728700009e+02 +3.0168e+00 -7.9779e-01
685 0 +8.874798709e-07 +1.728700009e+02 +1.728700009e+02 +3.0169e+00 -7.9778e-01
692 0 +8.278593100e-07 +1.728700008e+02 +1.728700008e+02 +3.0171e+00 -7.9776e-01
698 0 +8.089539278e-07 +1.728700008e+02 +1.728700008e+02 +3.0171e+00 -7.9775e-01
730 0 +7.763265728e-07 +1.728700008e+02 +1.728700008e+02 +3.0173e+00 -7.9774e-01
745 0 +7.581107297e-07 +1.728700008e+02 +1.728700008e+02 +3.0174e+00 -7.9773e-01
752 0 +7.325811282e-07 +1.728700007e+02 +1.728700007e+02 +3.0175e+00 -7.9772e-01
762 0 +7.125598245e-07 +1.728700007e+02 +1.728700007e+02 +3.0176e+00 -7.9770e-01
764 0 +6.981700551e-07 +1.728700007e+02 +1.728700007e+02 +3.0179e+00 -7.9767e-01
773 0 +6.314778318e-07 +1.728700006e+02 +1.728700006e+02 +3.0180e+00 -7.9766e-01
777 0 +6.149567469e-07 +1.728700006e+02 +1.728700006e+02 +3.0183e+00 -7.9763e-01
790 0 +5.895594200e-07 +1.728700006e+02 +1.728700006e+02 +3.0182e+00 -7.9765e-01
792 0 +5.649831962e-07 +1.728700006e+02 +1.728700006e+02 +3.0187e+00 -7.9759e-01
800 0 +4.830367288e-07 +1.728700005e+02 +1.728700005e+02 +3.0188e+00 -7.9758e-01
818 0 +4.385090904e-07 +1.728700004e+02 +1.728700004e+02 +3.0191e+00 -7.9756e-01
824 0 +4.239303451e-07 +1.728700004e+02 +1.728700004e+02 +3.0189e+00 -7.9757e-01
826 0 +3.267260240e-07 +1.728700003e+02 +1.728700003e+02 +3.0197e+00 -7.9748e-01
832 0 +2.579356249e-07 +1.728700003e+02 +1.728700003e+02 +3.0205e+00 -7.9740e-01
844 0 +1.859114604e-07 +1.728700002e+02 +1.728700002e+02 +3.0211e+00 -7.9735e-01
861 0 +1.702058512e-07 +1.728700002e+02 +1.728700002e+02 +3.0210e+00 -7.9735e-01
868 0 +1.518880879e-07 +1.728700002e+02 +1.728700002e+02 +3.0212e+00 -7.9734e-01
876 0 +1.358268094e-07 +1.728700001e+02 +1.728700001e+02 +3.0213e+00 -7.9733e-01
880 0 +1.068860911e-07 +1.728700001e+02 +1.728700001e+02 +3.0217e+00 -7.9729e-01
885 0 +8.732700962e-08 +1.728700001e+02 +1.728700001e+02 +3.0220e+00 -7.9725e-01
886 0 +4.506466666e-08 +1.728700000e+02 +1.728700000e+02 +3.0230e+00 -7.9714e-01
907 0 +5.604533726e-09 +1.728700000e+02 +1.728700000e+02 +3.0250e+00 -7.9695e-01
% f evaluations | g evaluations | best noise-free fitness - Fopt (1.577200000000e+02) + sum g_i+ | measured fitness | best measured fitness or single-digit g-values | x1 | x2...
1 0 +1.029104317e+01 +1.680110432e+02 +1.680110432e+02 +0.0000e+00 +0.0000e+00
3 0 +1.011416954e+01 +1.678341695e+02 +1.678341695e+02 +9.8026e-02 +3.4094e-01
9 0 +8.153616162e+00 +1.658736162e+02 +1.658736162e+02 -1.5904e-01 +7.2161e-02
11 0 +8.077167062e+00 +1.657971671e+02 +1.657971671e+02 -1.6664e-01 +7.0952e-02
15 0 +6.888175143e+00 +1.646081751e+02 +1.646081751e+02 -2.5385e-01 +1.7801e-01
16 0 +5.102517428e+00 +1.628225174e+02 +1.628225174e+02 -4.6938e-01 +2.1135e-01
32 0 +4.555732757e+00 +1.622757328e+02 +1.622757328e+02 -5.0802e-01 +4.0807e-01
41 0 +3.305200717e+00 +1.610252007e+02 +1.610252007e+02 -8.0362e-01 +4.4482e-01
57 0 +2.929003187e+00 +1.606490032e+02 +1.606490032e+02 -1.1101e+00 +7.4779e-01
64 0 +2.747121293e+00 +1.604671213e+02 +1.604671213e+02 -1.1674e+00 +5.6685e-01
69 0 +2.531448627e+00 +1.602514486e+02 +1.602514486e+02 -1.3301e+00 +4.3820e-01
83 0 +2.295976863e+00 +1.600159769e+02 +1.600159769e+02 -1.8827e+00 +4.2081e-01
105 0 +2.058423352e+00 +1.597784234e+02 +1.597784234e+02 -2.3915e+00 +3.4761e-01
119 0 +1.751251894e+00 +1.594712519e+02 +1.594712519e+02 -2.4696e+00 +4.9495e-02
125 0 +1.503152276e+00 +1.592231523e+02 +1.592231523e+02 -1.9594e+00 -3.9482e-01
135 0 +1.162085288e+00 +1.588820853e+02 +1.588820853e+02 -2.9131e+00 -4.2337e-01
155 0 +8.684075892e-01 +1.585884076e+02 +1.585884076e+02 -2.0128e+00 -1.0786e+00
158 0 +5.861671695e-01 +1.583061672e+02 +1.583061672e+02 -3.0532e+00 -9.8432e-01
163 0 +5.133092878e-01 +1.582333093e+02 +1.582333093e+02 -2.5109e+00 -1.2480e+00
164 0 +1.699138358e-01 +1.578899138e+02 +1.578899138e+02 -2.8101e+00 -1.8670e+00
172 0 +9.618306072e-02 +1.578161831e+02 +1.578161831e+02 -3.1208e+00 -1.6789e+00
186 0 +7.252997161e-02 +1.577925300e+02 +1.577925300e+02 -2.7678e+00 -1.7786e+00
200 0 +4.085239241e-02 +1.577608524e+02 +1.577608524e+02 -2.9612e+00 -1.6772e+00
229 0 +3.460873172e-02 +1.577546087e+02 +1.577546087e+02 -3.1580e+00 -1.5872e+00
235 0 +1.434771111e-02 +1.577343477e+02 +1.577343477e+02 -3.0323e+00 -1.5951e+00
237 0 +6.475070612e-03 +1.577264751e+02 +1.577264751e+02 -2.9498e+00 -1.6448e+00
277 0 +2.624201009e-03 +1.577226242e+02 +1.577226242e+02 -2.7667e+00 -1.7046e+00
279 0 +2.457730160e-03 +1.577224577e+02 +1.577224577e+02 -2.8122e+00 -1.6836e+00
289 0 +4.075574450e-04 +1.577204076e+02 +1.577204076e+02 -2.8081e+00 -1.6880e+00
295 0 +2.334940208e-04 +1.577202335e+02 +1.577202335e+02 -2.8352e+00 -1.6779e+00
427 0 +1.146684504e-04 +1.577201147e+02 +1.577201147e+02 -2.8208e+00 -1.6832e+00
452 0 +8.019797588e-05 +1.577200802e+02 +1.577200802e+02 -2.8271e+00 -1.6809e+00
487 0 +6.667209561e-05 +1.577200667e+02 +1.577200667e+02 -2.8283e+00 -1.6806e+00
498 0 +3.708677161e-05 +1.577200371e+02 +1.577200371e+02 -2.8353e+00 -1.6781e+00
507 0 +3.518523974e-05 +1.577200352e+02 +1.577200352e+02 -2.8361e+00 -1.6778e+00
511 0 +3.041903321e-05 +1.577200304e+02 +1.577200304e+02 -2.8371e+00 -1.6775e+00
523 0 +2.623735602e-05 +1.577200262e+02 +1.577200262e+02 -2.8404e+00 -1.6763e+00
529 0 +2.057261239e-05 +1.577200206e+02 +1.577200206e+02 -2.8411e+00 -1.6761e+00
533 0 +1.599432764e-05 +1.577200160e+02 +1.577200160e+02 -2.8477e+00 -1.6738e+00
539 0 +5.657772135e-06 +1.577200057e+02 +1.577200057e+02 -2.8499e+00 -1.6730e+00
546 0 +3.073557195e-06 +1.577200031e+02 +1.577200031e+02 -2.8527e+00 -1.6720e+00
657 0 +2.964105761e-06 +1.577200030e+02 +1.577200030e+02 -2.8529e+00 -1.6719e+00
663 0 +2.842889899e-06 +1.577200028e+02 +1.577200028e+02 -2.8530e+00 -1.6719e+00
674 0 +2.730122702e-06 +1.577200027e+02 +1.577200027e+02 -2.8532e+00 -1.6718e+00
680 0 +2.673419203e-06 +1.577200027e+02 +1.577200027e+02 -2.8536e+00 -1.6717e+00
685 0 +2.550157632e-06 +1.577200026e+02 +1.577200026e+02 -2.8535e+00 -1.6717e+00
690 0 +2.320973579e-06 +1.577200023e+02 +1.577200023e+02 -2.8539e+00 -1.6716e+00
695 0 +1.791051034e-06 +1.577200018e+02 +1.577200018e+02 -2.8552e+00 -1.6711e+00
702 0 +1.283244472e-06 +1.577200013e+02 +1.577200013e+02 -2.8566e+00 -1.6706e+00
709 0 +9.093057258e-07 +1.577200009e+02 +1.577200009e+02 -2.8573e+00 -1.6704e+00
711 0 +8.709754411e-07 +1.577200009e+02 +1.577200009e+02 -2.8575e+00 -1.6703e+00
712 0 +8.321555356e-08 +1.577200001e+02 +1.577200001e+02 -2.8637e+00 -1.6681e+00
751 0 +5.559468264e-08 +1.577200001e+02 +1.577200001e+02 -2.8635e+00 -1.6682e+00
757 0 +4.648694585e-08 +1.577200000e+02 +1.577200000e+02 -2.8634e+00 -1.6682e+00
769 0 +2.317412395e-08 +1.577200000e+02 +1.577200000e+02 -2.8637e+00 -1.6681e+00
793 0 +2.096379603e-08 +1.577200000e+02 +1.577200000e+02 -2.8646e+00 -1.6678e+00
809 0 +2.088262363e-08 +1.577200000e+02 +1.577200000e+02 -2.8645e+00 -1.6679e+00
810 0 +3.767240742e-09 +1.577200000e+02 +1.577200000e+02 -2.8664e+00 -1.6672e+00
1477 0 +0.000000000e+00 +1.577200000e+02 +1.577200000e+02 -2.8664e+00 -1.6672e+00
% f evaluations | g evaluations | best noise-free fitness - Fopt (2.819000000000e+01) + sum g_i+ | measured fitness | best measured fitness or single-digit g-values | x1 | x2...
1 0 +5.825869750e+00 +3.401586975e+01 +3.401586975e+01 +0.0000e+00 +0.0000e+00
2 0 +2.648150322e+00 +3.083815032e+01 +3.083815032e+01 +4.3379e-01 +3.0692e-02
8 0 +1.918068002e+00 +3.010806800e+01 +3.010806800e+01 +6.0117e-01 +1.6999e-01
14 0 +1.203958720e+00 +2.939395872e+01 +2.939395872e+01 +8.1870e-01 -5.5543e-02
18 0 +1.017851870e+00 +2.920785187e+01 +2.920785187e+01 +1.1066e+00 +1.9058e-01
21 0 +9.951386533e-01 +2.918513865e+01 +2.918513865e+01 +9.0586e-01 -1.1580e-01
23 0 +9.716541440e-01 +2.916165414e+01 +2.916165414e+01 +1.4651e+00 +2.1945e-01
25 0 +8.556605163e-01 +2.904566052e+01 +2.904566052e+01 +1.1855e+00 +5.1828e-02
26 0 +5.665234773e-01 +2.875652348e+01 +2.875652348e+01 +1.5979e+00 -1.7606e-01
29 0 +4.651650368e-01 +2.865516504e+01 +2.865516504e+01 +2.0091e+00 -2.4534e-01
35 0 +3.935233485e-01 +2.858352335e+01 +2.858352335e+01 +2.4682e+00 -1.0135e+00
37 0 +3.241568631e-01 +2.851415686e+01 +2.851415686e+01 +2.5404e+00 -7.3635e-01
45 0 +2.031805069e-01 +2.839318051e+01 +2.839318051e+01 +1.9663e+00 -5.1146e-01
59 0 +1.973638007e-01 +2.838736380e+01 +2.838736380e+01 +1.6220e+00 -5.4466e-01
61 0 +1.330416790e-02 +2.820330417e+01 +2.820330417e+01 +2.0906e+00 -7.0755e-01
116 0 +8.456018210e-03 +2.819845602e+01 +2.819845602e+01 +2.0004e+00 -7.0469e-01
121 0 +6.743311573e-03 +2.819674331e+01 +2.819674331e+01 +1.7970e+00 -7.2182e-01
149 0 +6.476189852e-03 +2.819647619e+01 +2.819647619e+01 +1.7875e+00 -7.2284e-01
151 0 +5.268295648e-03 +2.819526830e+01 +2.819526830e+01 +1.8081e+00 -7.3299e-01
175 0 +4.548624518e-03 +2.819454862e+01 +2.819454862e+01 +1.7628e+00 -7.3577e-01
178 0 +1.122725107e-03 +2.819112273e+01 +2.819112273e+01 +1.7859e+00 -7.2838e-01
194 0 +7.695578633e-04 +2.819076956e+01 +2.819076956e+01 +1.7947e+00 -7.2802e-01
211 0 +6.408626300e-04 +2.819064086e+01 +2.819064086e+01 +1.7708e+00 -7.3085e-01
223 0 +6.001194505e-04 +2.819060012e+01 +2.819060012e+01 +1.7716e+00 -7.3069e-01
228 0 +4.773607717e-04 +2.819047736e+01 +2.819047736e+01 +1.7791e+00 -7.2982e-01
266 0 +4.663529656e-04 +2.819046635e+01 +2.819046635e+01 +1.7790e+00 -7.3013e-01
350 0 +4.568758857e-04 +2.819045688e+01 +2.819045688e+01 +1.7792e+00 -7.2987e-01
354 0 +3.760102056e-04 +2.819037601e+01 +2.819037601e+01 +1.7836e+00 -7.2970e-01
360 0 +3.529876230e-04 +2.819035299e+01 +2.819035299e+01 +1.7862e+00 -7.2931e-01
367 0 +3.116016988e-04 +2.819031160e+01 +2.819031160e+01 +1.7884e+00 -7.2934e-01
368 0 +2.878082883e-04 +2.819028781e+01 +2.819028781e+01 +1.7926e+00 -7.2907e-01
369 0 +2.696527064e-04 +2.819026965e+01 +2.819026965e+01 +1.7993e+00 -7.2860e-01
372 0 +1.878551935e-04 +2.819018786e+01 +2.819018786e+01 +1.8062e+00 -7.2801e-01
375 0 +1.825324358e-04 +2.819018253e+01 +2.819018253e+01 +1.7987e+00 -7.2846e-01
379 0 +1.748635059e-04 +2.819017486e+01 +2.819017486e+01 +1.8166e+00 -7.2720e-01
381 0 +6.081131439e-05 +2.819006081e+01 +2.819006081e+01 +1.8168e+00 -7.2705e-01
382 0 +5.610483165e-05 +2.819005610e+01 +2.819005610e+01 +1.8213e+00 -7.2671e-01
425 0 +3.071572325e-05 +2.819003072e+01 +2.819003072e+01 +1.8570e+00 -7.2389e-01
427 0 +1.914381462e-05 +2.819001914e+01 +2.819001914e+01 +1.8393e+00 -7.2523e-01
435 0 +6.837343630e-06 +2.819000684e+01 +2.819000684e+01 +1.8669e+00 -7.2308e-01
463 0 +3.357437816e-06 +2.819000336e+01 +2.819000336e+01 +1.8410e+00 -7.2512e-01
476 0 +3.258894182e-06 +2.819000326e+01 +2.819000326e+01 +1.8439e+00 -7.2489e-01
483 0 +9.332937196e-07 +2.819000093e+01 +2.819000093e+01 +1.8459e+00 -7.2473e-01
517 0 +5.651806951e-07 +2.819000057e+01 +2.819000057e+01 +1.8523e+00 -7.2423e-01
518 0 +3.124025980e-07 +2.819000031e+01 +2.819000031e+01 +1.8493e+00 -7.2446e-01
519 0 +2.667103658e-07 +2.819000027e+01 +2.819000027e+01 +1.8493e+00 -7.2446e-01
523 0 +2.083017172e-07 +2.819000021e+01 +2.819000021e+01 +1.8493e+00 -7.2446e-01
603 0 +1.616966578e-07 +2.819000016e+01 +2.819000016e+01 +1.8498e+00 -7.2443e-01
816 0 +1.582086071e-07 +2.819000016e+01 +2.819000016e+01 +1.8501e+00 -7.2440e-01
819 0 +1.501917239e-07 +2.819000015e+01 +2.819000015e+01 +1.8501e+00 -7.2440e-01
826 0 +1.473520861e-07 +2.819000015e+01 +2.819000015e+01 +1.8500e+00 -7.2441e-01
832 0 +1.413474742e-07 +2.819000014e+01 +2.819000014e+01 +1.8501e+00 -7.2440e-01
844 0 +1.304894290e-07 +2.819000013e+01 +2.819000013e+01 +1.8504e+00 -7.2438e-01
852 0 +1.212514178e-07 +2.819000012e+01 +2.819000012e+01 +1.8503e+00 -7.2439e-01
855 0 +1.182029337e-07 +2.819000012e+01 +2.819000012e+01 +1.8503e+00 -7.2438e-01
863 0 +1.078320437e-07 +2.819000011e+01 +2.819000011e+01 +1.8505e+00 -7.2437e-01
866 0 +9.651419219e-08 +2.819000010e+01 +2.819000010e+01 +1.8506e+00 -7.2436e-01
871 0 +9.442457838e-08 +2.819000009e+01 +2.819000009e+01 +1.8507e+00 -7.2436e-01
873 0 +9.006329904e-08 +2.819000009e+01 +2.819000009e+01 +1.8508e+00 -7.2435e-01
874 0 +8.791534611e-08 +2.819000009e+01 +2.819000009e+01 +1.8508e+00 -7.2435e-01
876 0 +8.600919443e-08 +2.819000009e+01 +2.819000009e+01 +1.8508e+00 -7.2434e-01
880 0 +7.919064160e-08 +2.819000008e+01 +2.819000008e+01 +1.8511e+00 -7.2432e-01
888 0 +7.018042680e-08 +2.819000007e+01 +2.819000007e+01 +1.8515e+00 -7.2429e-01
892 0 +5.647197909e-08 +2.819000006e+01 +2.819000006e+01 +1.8516e+00 -7.2428e-01
898 0 +5.208582010e-08 +2.819000005e+01 +2.819000005e+01 +1.8515e+00 -7.2429e-01
901 0 +4.573558243e-08 +2.819000005e+01 +2.819000005e+01 +1.8521e+00 -7.2425e-01
907 0 +2.512568642e-08 +2.819000003e+01 +2.819000003e+01 +1.8525e+00 -7.2421e-01
919 0 +2.645879960e-09 +2.819000000e+01 +2.819000000e+01 +1.8540e+00 -7.2410e-01
1669 0 +0.000000000e+00 +2.819000000e+01 +2.819000000e+01 +1.8552e+00 -7.2400e-01
% f evaluations | g evaluations | best noise-free fitness - Fopt (-9.925000000000e+01) + sum g_i+ | measured fitness | best measured fitness or single-digit g-values | x1 | x2...
1 0 +7.355124039e+01 -2.569875961e+01 -2.569875961e+01 +0.0000e+00 +0.0000e+00
2 0 +6.148908579e+01 -3.776091421e+01 -3.776091421e+01 +4.3379e-01 +3.0692e-02
8 0 +5.797829816e+01 -4.127170184e+01 -4.127170184e+01 +5.0385e-01 -1.1789e-02
14 0 +4.565868602e+01 -5.359131398e+01 -5.359131398e+01 +7.0712e-01 -2.2898e-01
21 0 +4.192286259e+01 -5.732713741e+01 -5.732713741e+01 +7.9350e-01 -2.8879e-01
23 0 +3.978143664e+01 -5.946856336e+01 -5.946856336e+01 +1.2071e+00 -4.2460e-02
26 0 +2.775102731e+01 -7.149897269e+01 -7.149897269e+01 +1.3672e+00 -4.0792e-01
28 0 +2.176189211e+01 -7.748810789e+01 -7.748810789e+01 +1.9058e+00 -2.8856e-01
29 0 +2.053916541e+01 -7.871083459e+01 -7.871083459e+01 +1.7090e+00 -5.0906e-01
35 0 +4.905894047e+00 -9.434410595e+01 -9.434410595e+01 +2.5551e+00 -1.2081e+00
38 0 +4.117389837e+00 -9.513261016e+01 -9.513261016e+01 +5.6350e+00 -1.1767e+00
40 0 +4.018195889e+00 -9.523180411e+01 -9.523180411e+01 +5.8599e+00 -1.6543e+00
45 0 +2.780095560e+00 -9.646990444e+01 -9.646990444e+01 +3.5672e+00 -1.1695e+00
125 0 +2.631184432e+00 -9.661881557e+01 -9.661881557e+01 +3.5972e+00 -1.2638e+00
190 0 +2.599977048e+00 -9.665002295e+01 -9.665002295e+01 +3.6478e+00 -1.2956e+00
195 0 +2.534161866e+00 -9.671583813e+01 -9.671583813e+01 +3.4792e+00 -1.3271e+00
196 0 +2.436728847e+00 -9.681327115e+01 -9.681327115e+01 +3.5822e+00 -1.4209e+00
210 0 +2.211104413e+00 -9.703889559e+01 -9.703889559e+01 +3.0459e+00 -1.5746e+00
212 0 +1.391411665e+00 -9.785858834e+01 -9.785858834e+01 +2.6710e+00 -2.1085e+00
220 0 +2.696141328e-01 -9.898038587e+01 -9.898038587e+01 +2.1262e+00 -2.9984e+00
278 0 +1.512509978e-01 -9.909874900e+01 -9.909874900e+01 +2.0997e+00 -3.1307e+00
298 0 +1.126035163e-01 -9.913739648e+01 -9.913739648e+01 +1.9339e+00 -3.2385e+00
304 0 +9.004375181e-02 -9.915995625e+01 -9.915995625e+01 +1.9771e+00 -3.2060e+00
314 0 +7.303392599e-02 -9.917696607e+01 -9.917696607e+01 +2.0319e+00 -3.2108e+00
394 0 +6.929382953e-02 -9.918070617e+01 -9.918070617e+01 +2.0051e+00 -3.2302e+00
406 0 +6.703823332e-02 -9.918296177e+01 -9.918296177e+01 +2.0181e+00 -3.2254e+00
419 0 +6.313943750e-02 -9.918686056e+01 -9.918686056e+01 +2.0161e+00 -3.2367e+00
424 0 +6.126142058e-02 -9.918873858e+01 -9.918873858e+01 +2.0133e+00 -3.2464e+00
441 0 +5.728503953e-02 -9.919271496e+01 -9.919271496e+01 +2.0143e+00 -3.2748e+00
445 0 +5.443184740e-02 -9.919556815e+01 -9.919556815e+01 +2.0229e+00 -3.2589e+00
448 0 +4.704953835e-02 -9.920295046e+01 -9.920295046e+01 +2.0393e+00 -3.2657e+00
450 0 +4.660197965e-02 -9.920339802e+01 -9.920339802e+01 +2.0425e+00 -3.2646e+00
455 0 +3.759383366e-02 -9.921240617e+01 -9.921240617e+01 +2.0546e+00 -3.2872e+00
459 0 +2.617456547e-02 -9.922382543e+01 -9.922382543e+01 +2.0772e+00 -3.3215e+00
468 0 +2.316078593e-02 -9.922683921e+01 -9.922683921e+01 +2.1381e+00 -3.3565e+00
469 0 +2.196786731e-02 -9.922803213e+01 -9.922803213e+01 +2.0974e+00 -3.3272e+00
474 0 +1.594870762e-02 -9.923405129e+01 -9.923405129e+01 +2.1072e+00 -3.3585e+00
477 0 +9.261903726e-03 -9.924073810e+01 -9.924073810e+01 +2.1416e+00 -3.4034e+00
491 0 +7.250059056e-03 -9.924274994e+01 -9.924274994e+01 +2.3827e+00 -3.7008e+00
492 0 +3.392617491e-03 -9.924660738e+01 -9.924660738e+01 +2.1706e+00 -3.4307e+00
493 0 +1.476224200e-04 -9.924985238e+01 -9.924985238e+01 +2.2766e+00 -3.5657e+00
570 0 +1.114086233e-04 -9.924988859e+01 -9.924988859e+01 +2.2424e+00 -3.5224e+00
579 0 +7.916977751e-06 -9.924999208e+01 -9.924999208e+01 +2.2701e+00 -3.5576e+00
648 0 +6.241313827e-06 -9.924999376e+01 -9.924999376e+01 +2.2529e+00 -3.5356e+00
778 0 +5.960686934e-06 -9.924999404e+01 -9.924999404e+01 +2.2522e+00 -3.5347e+00
785 0 +1.835262708e-06 -9.924999816e+01 -9.924999816e+01 +2.2558e+00 -3.5393e+00
808 0 +1.015502704e-07 -9.924999990e+01 -9.924999990e+01 +2.2657e+00 -3.5519e+00
871 0 +5.955270410e-08 -9.924999994e+01 -9.924999994e+01 +2.2613e+00 -3.5464e+00
925 0 +4.601878345e-08 -9.924999995e+01 -9.924999995e+01 +2.2628e+00 -3.5483e+00
940 0 +4.352112626e-08 -9.924999996e+01 -9.924999996e+01 +2.2642e+00 -3.5501e+00
949 0 +6.665516139e-09 -9.924999999e+01 -9.924999999e+01 +2.2630e+00 -3.5486e+00
1579 0 +0.000000000e+00 -9.925000000e+01 -9.925000000e+01 +2.2632e+00 -3.5488e+00
