% f evaluations | g evaluations | best noise-free fitness - Fopt (-4.620900000000e+02) + sum g_i+ | measured fitness | best measured fitness or single-digit g-values | x1 | x2...
1 0 +2.262090927e+02 -2.358809073e+02 -2.358809073e+02 +0.0000e+00 +0.0000e+00 +0.0000e+00 +0.0000e+00 +0.0000e+00 +0.0000e+00 +0.0000e+00 +0.0000e+00 +0.0000e+00 +0.0000e+00
3 0 +2.129197872e+02 -2.491702128e+02 -2.491702128e+02 +2.4817e-01 +6.3376e-02 -2.2359e-01 +8.0318e-02 +2.1275e-01 +5.3256e-02 -2.3477e-01 +7.8699e-02 +1.0710e-01 +2.4729e-01
6 0 +1.981566846e+02 -2.639333154e+02 -2.639333154e+02 +1.8723e-01 -2.5702e-01 +1.5212e-01 +1.5671e-02 +5.1476e-01 -6.3323e-02 +3.7553e-01 -3.4671e-01 +9.3874e-02 -2.1343e-01
14 0 +1.877274585e+02 -2.743625415e+02 -2.743625415e+02 +7.4800e-01 -4.7353e-01 +1.7480e-01 -4.9014e-01 -1.3736e-01 +9.0379e-02 +1.3697e-01 +4.2788e-01 +2.7945e-02 +1.1523e-01
29 0 +1.631481503e+02 -2.989418497e+02 -2.989418497e+02 +3.4877e-01 -2.4131e-01 +2.9933e-02 +4.0640e-02 -1.7275e-01 +1.1948e-01 +3.1788e-01 +5.7142e-01 +3.8019e-01 +3.7149e-01
100 0 +1.586141988e+02 -3.034758012e+02 -3.034758012e+02 +1.5304e+00 -5.3385e-01 +1.0630e-01 +1.7340e-01 -1.9413e-01 -4.5552e-02 +7.6636e-01 +6.7852e-01 +1.0729e+00 +8.2905e-01
106 0 +1.547120575e+02 -3.073779425e+02 -3.073779425e+02 +1.4559e+00 -3.9806e-01 -3.6331e-03 +1.1389e-02 +1.0739e-01 +2.3137e-01 +6.4026e-01 +8.5775e-01 +1.4181e+00 +3.8853e-01
137 0 +1.494863812e+02 -3.126036188e+02 -3.126036188e+02 +1.2208e+00 -2.7385e-01 +1.9889e-01 -1.3471e-02 -4.0514e-02 +1.7586e-01 +1.1177e+00 +6.4221e-01 +1.0141e+00 +3.2400e-01
140 0 +1.442499454e+02 -3.178400546e+02 -3.178400546e+02 +1.2774e+00 -3.6198e-01 -2.4309e-01 +1.9626e-01 -2.1608e-01 +6.7552e-02 +5.7532e-01 +1.0289e+00 +9.2430e-01 +6.4041e-01
156 0 +1.328156357e+02 -3.292743643e+02 -3.292743643e+02 +1.3635e+00 -4.5176e-01 -3.2563e-02 -1.8111e-01 -1.1805e-01 +1.2630e-01 +1.0258e+00 +1.4309e+00 +1.3895e+00 +2.7850e-01
181 0 +1.302154960e+02 -3.318745040e+02 -3.318745040e+02 +1.2417e+00 -4.0418e-01 -1.7111e-02 -2.9712e-02 -1.8518e-01 -5.1111e-02 +7.0379e-01 +6.9998e-01 +1.0461e+00 +6.9375e-01
203 0 +1.249061247e+02 -3.371838753e+02 -3.371838753e+02 +1.5120e+00 -3.2306e-01 -6.3799e-02 -1.1325e-02 -1.6797e-01 -2.7210e-02 +7.3200e-01 +6.2812e-01 +9.5960e-01 +3.9032e-01
227 0 +1.198145634e+02 -3.422754366e+02 -3.422754366e+02 +1.2100e+00 -3.9056e-01 -1.2317e-01 +1.4461e-01 -1.5342e-01 +8.4880e-02 +7.2727e-01 +5.9385e-01 +7.7015e-01 +3.9081e-01
293 0 +1.149488603e+02 -3.471411397e+02 -3.471411397e+02 +1.2530e+00 -4.2663e-01 -2.2630e-01 -2.2096e-02 -1.1303e-01 +3.0827e-02 +8.6033e-01 +6.2052e-01 +1.0751e+00 +6.1425e-01
300 0 +1.146231743e+02 -3.474668257e+02 -3.474668257e+02 +1.3236e+00 -4.0802e-01 -1.9493e-01 +9.5378e-02 -2.0940e-01 +5.0576e-03 +7.6286e-01 +6.4539e-01 +9.7351e-01 +4.1751e-01
305 0 +1.087682825e+02 -3.533217175e+02 -3.533217175e+02 +1.3002e+00 -3.7253e-01 -2.7496e-01 -5.8762e-02 -2.1468e-01 +8.7762e-02 +8.1254e-01 +5.5879e-01 +9.8624e-01 +3.4386e-01
374 0 +1.036219164e+02 -3.584680836e+02 -3.584680836e+02 +1.3837e+00 -3.8212e-01 -2.0487e-01 +2.6082e-03 -1.9427e-01 +9.5361e-02 +8.0289e-01 +6.2005e-01 +1.0638e+00 +3.8861e-01
440 0 +1.020480363e+02 -3.600419637e+02 -3.600419637e+02 +1.3241e+00 -4.2986e-01 -1.8976e-01 +5.1379e-02 -2.0131e-01 +7.2150e-02 +8.1079e-01 +6.2228e-01 +1.0073e+00 +3.5185e-01
528 0 +9.989759022e+01 -3.621924098e+02 -3.621924098e+02 +1.2972e+00 -4.2795e-01 -1.9250e-01 +1.6678e-02 -1.7007e-01 +4.3974e-02 +8.0589e-01 +5.9020e-01 +1.0262e+00 +3.4855e-01
724 0 +9.771716562e+01 -3.643728344e+02 -3.643728344e+02 +1.3355e+00 -3.9968e-01 -1.7166e-01 -1.1811e-02 -1.6647e-01 +7.1206e-02 +7.8484e-01 +5.9308e-01 +1.0273e+00 +3.6036e-01
% f evaluations | g evaluations | best noise-free fitness - Fopt (7.766000000000e+01) + sum g_i+ | measured fitness | best measured fitness or single-digit g-values | x1 | x2...
1 0 +2.727873423e+02 +3.504473423e+02 +3.504473423e+02 +0.0000e+00 +0.0000e+00 +0.0000e+00 +0.0000e+00 +0.0000e+00 +0.0000e+00 +0.0000e+00 +0.0000e+00 +0.0000e+00 +0.0000e+00
11 0 +2.692933280e+02 +3.469533280e+02 +3.469533280e+02 +1.6047e-01 +4.4277e-01 -3.3358e-01 +4.6382e-01 +8.0465e-02 +6.6341e-01 -8.5054e-02 -1.4430e-01 +9.7733e-02 -3.1199e-01
30 0 +2.679251276e+02 +3.455851276e+02 +3.455851276e+02 +5.5935e-01 -1.5652e-01 -2.5842e-01 -9.6038e-02 +1.8887e-01 +1.4478e-01 -2.5791e-01 +2.9397e-01 -7.1119e-01 -3.6830e-01
33 0 +2.402502374e+02 +3.179102374e+02 +3.179102374e+02 +4.4772e-01 +2.2318e-01 -3.5516e-01 +9.8002e-02 +1.0495e-01 -2.5541e-01 +3.9258e-01 -7.4494e-01 +2.0388e-01 -6.6903e-01
53 0 +2.320884795e+02 +3.097484795e+02 +3.097484795e+02 +1.1863e+00 -1.0577e-01 -1.2235e-01 +5.2029e-01 -1.8856e-01 +1.1627e-01 -3.5419e-01 -3.6856e-01 -2.3568e-01 -4.7336e-01
94 0 +2.214931682e+02 +2.991531682e+02 +2.991531682e+02 +7.0880e-01 +1.0741e-01 -1.7734e-01 +3.5385e-01 +2.4575e-02 +1.4653e-01 +4.4985e-01 -3.2336e-01 -2.1110e-01 -3.6491e-01
110 0 +2.061416908e+02 +2.838016908e+02 +2.838016908e+02 +4.4814e-01 -2.1930e-01 -1.1103e-01 +3.5354e-03 -1.0874e-01 -5.8073e-02 +2.3006e-01 +1.3723e-01 -2.1483e-01 -2.8433e-01
137 0 +1.863984833e+02 +2.640584833e+02 +2.640584833e+02 +6.5985e-01 +5.5094e-03 -1.2908e-01 +4.7350e-01 +1.2573e-01 -7.0373e-02 +5.8916e-01 -3.6196e-01 -1.8408e-01 -5.0386e-01
185 0 +1.825479941e+02 +2.602079941e+02 +2.602079941e+02 +6.8915e-01 -2.0872e-04 -2.3788e-01 +4.7408e-01 +1.0003e-01 +2.1490e-02 +6.4813e-02 -4.2260e-01 -1.4376e-01 -5.9171e-01
195 0 +1.684952672e+02 +2.461552672e+02 +2.461552672e+02 +5.9879e-01 +3.7623e-02 -1.2938e-01 +4.9316e-01 +1.4866e-01 -1.1699e-02 +2.4817e-01 -2.5866e-01 -1.3502e-01 -6.3606e-01
208 0 +1.647129982e+02 +2.423729982e+02 +2.423729982e+02 +5.5443e-01 -1.5100e-02 -1.6096e-01 +4.1898e-01 +1.0351e-01 -5.8271e-02 +1.2614e-01 -2.7950e-01 -2.0427e-01 -6.7953e-01
274 0 +1.574672970e+02 +2.351272970e+02 +2.351272970e+02 +5.5078e-01 +3.0494e-02 -2.2502e-01 +4.6461e-01 +4.8431e-02 -1.7739e-02 +1.7554e-01 -3.2788e-01 -1.7352e-01 -5.8743e-01
303 0 +1.531662559e+02 +2.308262559e+02 +2.308262559e+02 +5.2073e-01 +4.0545e-02 -2.2721e-01 +4.4331e-01 +2.7582e-02 -2.0021e-02 +1.6726e-01 -2.5977e-01 -1.6881e-01 -6.1008e-01
373 0 +1.510432409e+02 +2.287032409e+02 +2.287032409e+02 +5.4499e-01 +6.9904e-02 -2.1567e-01 +4.7926e-01 +4.4146e-02 -2.0931e-02 +1.7906e-01 -2.7811e-01 -1.6429e-01 -6.3343e-01
487 0 +1.473753679e+02 +2.250353679e+02 +2.250353679e+02 +5.6605e-01 +6.1539e-02 -1.7563e-01 +5.0184e-01 +2.5604e-02 -2.9717e-02 +1.3131e-01 -2.6262e-01 -1.7448e-01 -6.3476e-01
742 0 +1.445342403e+02 +2.221942403e+02 +2.221942403e+02 +4.8812e-01 +7.3480e-02 -1.3052e-01 +5.2892e-01 -1.5713e-03 -2.4963e-02 +1.2794e-01 -2.7875e-01 -1.7577e-01 -6.2276e-01
% f evaluations | g evaluations | best noise-free fitness - Fopt (1.156800000000e+02) + sum g_i+ | measured fitness | best measured fitness or single-digit g-values | x1 | x2...
1 0 +4.174500391e+02 +5.331300391e+02 +5.331300391e+02 +0.0000e+00 +0.0000e+00 +0.0000e+00 +0.0000e+00 +0.0000e+00 +0.0000e+00 +0.0000e+00 +0.0000e+00 +0.0000e+00 +0.0000e+00
6 0 +3.856267306e+02 +5.013067306e+02 +5.013067306e+02 +1.8723e-01 -2.5702e-01 +1.5212e-01 +1.5671e-02 +5.1476e-01 -6.3323e-02 +3.7553e-01 -3.4671e-01 +9.3874e-02 -2.1343e-01
33 0 +3.700280504e+02 +4.857080504e+02 +4.857080504e+02 +3.1347e-01 -1.1345e-01 -3.2324e-01 -1.0181e-01 -2.2257e-01 -9.0309e-02 +7.4041e-01 -5.2727e-01 +7.0589e-01 -5.2022e-01
57 0 +3.575193442e+02 +4.731993442e+02 +4.731993442e+02 +9.6111e-01 -2.2026e-01 +2.0174e-01 +3.5658e-01 -4.6556e-01 +2.8443e-01 +7.1599e-01 +3.0954e-01 +3.0026e-01 -3.6386e-02
69 0 +3.489935356e+02 +4.646735356e+02 +4.646735356e+02 +3.1599e-01 +1.5176e-01 +1.1823e-02 +2.7804e-01 +1.0621e-01 -1.6067e-02 +7.4830e-01 -5.1380e-03 +7.3433e-01 +3.0886e-02
93 0 +3.460734429e+02 +4.617534429e+02 +4.617534429e+02 +4.3739e-01 -2.4811e-02 -1.8793e-01 +4.8251e-02 -3.2626e-01 +1.0852e-01 +9.9006e-01 +2.7165e-01 +9.0675e-01 -2.0218e-01
96 0 +3.331306513e+02 +4.488106513e+02 +4.488106513e+02 +6.1571e-01 +9.4984e-02 +2.2247e-01 +1.5069e-01 -4.7592e-02 +7.3282e-02 +9.1473e-01 +2.3779e-01 +7.8228e-01 -2.2987e-01
101 0 +3.304330621e+02 +4.461130621e+02 +4.461130621e+02 +3.1948e-01 -3.0522e-01 +1.8154e-02 -6.9658e-02 -5.9070e-02 -6.5354e-02 +1.3357e+00 +2.0433e-01 +8.6347e-01 -3.2840e-01
106 0 +3.200194822e+02 +4.356994822e+02 +4.356994822e+02 +4.9484e-01 -1.6745e-01 -1.4594e-01 -1.1603e-02 -7.6886e-02 +8.2565e-02 +1.2003e+00 +4.0846e-01 +1.1940e+00 -4.5490e-01
128 0 +2.660114197e+02 +3.816914197e+02 +3.816914197e+02 +2.1086e-01 -1.1967e-01 +1.2550e-01 +2.7831e-01 -3.4548e-01 -1.1657e-03 +1.2324e+00 +8.4963e-01 +1.2480e+00 -4.2506e-01
156 0 +2.357036581e+02 +3.513836581e+02 +3.513836581e+02 +4.3857e-01 -3.0387e-02 +1.5469e-01 +2.3424e-01 +4.8347e-02 -1.1029e-01 +1.9918e+00 +1.1814e+00 +1.6141e+00 -6.2553e-01
173 0 +2.186687218e+02 +3.343487218e+02 +3.343487218e+02 +4.4914e-01 -1.4232e-01 +3.7817e-01 +5.3256e-01 +5.4911e-01 +2.7912e-01 +2.5945e+00 +7.9569e-01 +1.7376e+00 -9.7700e-01
196 0 +2.019867661e+02 +3.176667661e+02 +3.176667661e+02 -7.7430e-02 -2.5706e-01 +2.0964e-01 +3.0948e-01 +4.1179e-01 -2.5872e-01 +2.3162e+00 +1.1223e+00 +2.2792e+00 -1.4781e+00
201 0 +1.927532304e+02 +3.084332304e+02 +3.084332304e+02 +1.7768e-01 -3.1805e-01 +2.6626e-01 +6.6195e-01 +4.4169e-01 -6.1299e-01 +2.5242e+00 +1.2143e+00 +2.1853e+00 -1.1608e+00
204 0 +1.756797950e+02 +2.913597950e+02 +2.913597950e+02 +3.3599e-01 -2.6217e-03 +1.6633e-02 +8.5830e-01 +5.7894e-01 -3.9825e-01 +2.5729e+00 +1.4331e+00 +2.3402e+00 -1.0103e+00
211 0 +1.736932303e+02 +2.893732303e+02 +2.893732303e+02 +5.1585e-01 -3.2896e-01 +1.6902e-01 +2.1400e-01 +4.6013e-01 -4.9514e-01 +2.6954e+00 +1.1513e+00 +2.2758e+00 -9.7941e-01
213 0 +1.657819004e+02 +2.814619004e+02 +2.814619004e+02 +4.3585e-01 -6.3704e-02 +2.1163e-01 +8.8505e-01 +6.2636e-01 -1.0567e+00 +2.9542e+00 +8.0646e-01 +2.1668e+00 -9.4029e-01
216 0 +1.328033569e+02 +2.484833569e+02 +2.484833569e+02 +8.6333e-01 -2.8329e-01 +1.3332e-01 +9.1620e-01 +6.2713e-01 -5.3605e-01 +3.4570e+00 +1.4666e+00 +3.1207e+00 -1.6531e+00
395 0 +1.292104121e+02 +2.448904121e+02 +2.448904121e+02 +1.0563e-01 -9.2071e-02 +6.1304e-02 +8.7638e-01 +1.1747e+00 -1.3945e-01 +3.5597e+00 +1.2488e+00 +2.8179e+00 -1.9052e+00
408 0 +1.216875765e+02 +2.373675765e+02 +2.373675765e+02 +2.8294e-01 -1.1318e-01 +1.8213e-01 +9.6156e-01 +1.1753e+00 -1.3547e-01 +3.4718e+00 +1.4919e+00 +2.7282e+00 -1.6486e+00
413 0 +1.157963790e+02 +2.314763790e+02 +2.314763790e+02 +4.2065e-01 -6.0774e-02 +7.2172e-02 +8.8884e-01 +1.1831e+00 -4.3023e-02 +3.6161e+00 +1.4623e+00 +2.8609e+00 -1.9525e+00
423 0 +1.029991520e+02 +2.186791520e+02 +2.186791520e+02 +2.1109e-01 -3.1162e-02 +1.6117e-01 +1.0336e+00 +1.1522e+00 -5.4391e-03 +3.5110e+00 +1.4824e+00 +2.8561e+00 -1.7615e+00
528 0 +9.895030571e+01 +2.146303057e+02 +2.146303057e+02 +2.5145e-01 -3.0908e-02 +1.4250e-01 +1.0274e+00 +1.2008e+00 -1.6367e-01 +3.5562e+00 +1.4910e+00 +2.9083e+00 -1.9847e+00
568 0 +9.115809824e+01 +2.068380982e+02 +2.068380982e+02 +2.8485e-01 -5.5994e-02 +2.1376e-01 +1.0948e+00 +1.1514e+00 -1.3758e-01 +3.5374e+00 +1.5441e+00 +2.8687e+00 -1.9488e+00
635 0 +8.818041656e+01 +2.038604166e+02 +2.038604166e+02 +2.6292e-01 -7.9271e-02 +2.4399e-01 +1.1016e+00 +1.1925e+00 -4.8259e-02 +3.5502e+00 +1.5386e+00 +2.8436e+00 -1.9312e+00
653 0 +8.682856970e+01 +2.025085697e+02 +2.025085697e+02 +2.4295e-01 -7.7570e-02 +2.4356e-01 +1.1253e+00 +1.1796e+00 -2.8728e-02 +3.4950e+00 +1.5172e+00 +2.8876e+00 -1.9230e+00
668 0 +8.442623901e+01 +2.001062390e+02 +2.001062390e+02 +2.2180e-01 -4.9488e-02 +2.1501e-01 +1.0869e+00 +1.1720e+00 -6.6849e-02 +3.5284e+00 +1.5279e+00 +2.8733e+00 -1.9595e+00
683 0 +8.309460790e+01 +1.987746079e+02 +1.987746079e+02 +2.3569e-01 -6.1291e-02 +2.0375e-01 +1.1233e+00 +1.1781e+00 -3.1708e-02 +3.5414e+00 +1.5213e+00 +2.8656e+00 -1.9669e+00
724 0 +8.075764962e+01 +1.964376496e+02 +1.964376496e+02 +2.2723e-01 -7.4679e-02 +2.1978e-01 +1.0641e+00 +1.1885e+00 -3.9566e-03 +3.5357e+00 +1.5040e+00 +2.8738e+00 -1.9608e+00
925 0 +7.939672593e+01 +1.950767259e+02 +1.950767259e+02 +2.8832e-01 -5.8917e-02 +2.2547e-01 +1.0830e+00 +1.1547e+00 +1.7322e-03 +3.5499e+00 +1.4959e+00 +2.8778e+00 -1.9503e+00
% f evaluations | g evaluations | best noise-free fitness - Fopt (-3.710000000000e+00) + sum g_i+ | measured fitness | best measured fitness or single-digit g-values | x1 | x2...
1 0 +2.788708135e+02 +2.751608135e+02 +2.751608135e+02 +0.0000e+00 +0.0000e+00 +0.0000e+00 +0.0000e+00 +0.0000e+00 +0.0000e+00 +0.0000e+00 +0.0000e+00 +0.0000e+00 +0.0000e+00
3 0 +2.753467707e+02 +2.716367707e+02 +2.716367707e+02 +2.4817e-01 +6.3376e-02 -2.2359e-01 +8.0318e-02 +2.1275e-01 +5.3256e-02 -2.3477e-01 +7.8699e-02 +1.0710e-01 +2.4729e-01
11 0 +2.476097907e+02 +2.438997907e+02 +2.438997907e+02 +1.6047e-01 +4.4277e-01 -3.3358e-01 +4.6382e-01 +8.0465e-02 +6.6341e-01 -8.5054e-02 -1.4430e-01 +9.7733e-02 -3.1199e-01
15 0 +2.434804401e+02 +2.397704401e+02 +2.397704401e+02 +4.5105e-01 +1.8529e-01 -2.9453e-01 +2.2004e-03 +1.2056e+00 +6.7601e-02 -1.7082e-01 -2.7213e-01 +5.4442e-01 +3.9527e-01
25 0 +2.334752578e+02 +2.297652578e+02 +2.297652578e+02 +9.4290e-02 +1.6584e-01 -5.6786e-01 -6.1944e-02 +1.8262e-01 +4.3926e-01 +1.4942e-01 -2.6005e-01 -4.4533e-01 +4.2815e-01
27 0 +2.282875887e+02 +2.245775887e+02 +2.245775887e+02 +9.9161e-01 -2.4085e-01 -3.3013e-01 -6.2267e-02 +5.3211e-01 +4.3882e-01 -6.9102e-02 -6.2435e-01 +6.4313e-01 +3.5040e-01
40 0 +2.119450690e+02 +2.082350690e+02 +2.082350690e+02 +1.0257e+00 -4.2261e-02 -5.8817e-01 -3.8264e-02 +2.8042e-01 +5.0900e-01 -2.3782e-01 -2.9959e-01 +8.0439e-01 +6.7629e-01
43 0 +2.061158224e+02 +2.024058224e+02 +2.024058224e+02 +9.7334e-01 +7.7408e-02 -2.4840e-01 +5.8457e-01 +7.3846e-01 +7.7691e-01 -1.1140e+00 -1.6528e-01 +7.0616e-01 +5.7191e-01
59 0 +1.899320198e+02 +1.862220198e+02 +1.862220198e+02 +8.5728e-01 -4.2229e-01 -1.5940e-01 +4.8618e-02 +7.9972e-01 +8.4581e-01 -3.6852e-01 -2.8543e-01 +1.5579e+00 +2.4039e-01
145 0 +1.689709231e+02 +1.652609231e+02 +1.652609231e+02 +1.2003e+00 +4.0839e-01 +2.5235e-01 +5.7711e-01 +1.0923e+00 +4.9653e-01 -4.3175e-01 -7.9221e-01 +1.9469e+00 +7.7009e-01
164 0 +1.455243884e+02 +1.418143884e+02 +1.418143884e+02 +1.0903e+00 +2.5520e-01 +3.3798e-01 +7.2194e-01 +1.2192e+00 +4.8414e-01 -5.9803e-01 -1.1156e+00 +2.0101e+00 +6.7108e-01
288 0 +1.288231624e+02 +1.251131624e+02 +1.251131624e+02 +1.2466e+00 +1.0604e-01 -3.0521e-01 +4.8310e-01 +1.5675e+00 +5.9253e-01 -3.8932e-01 -1.1151e+00 +1.9988e+00 +9.7290e-01
312 0 +1.230792856e+02 +1.193692856e+02 +1.193692856e+02 +1.2946e+00 +1.2203e-01 -3.8689e-01 +5.4231e-01 +1.5366e+00 +8.3872e-01 -2.8123e-01 -1.2383e+00 +2.0260e+00 +9.5712e-01
360 0 +1.229724263e+02 +1.192624263e+02 +1.192624263e+02 +1.3722e+00 +1.0589e-01 -5.9434e-01 +4.7092e-01 +1.2531e+00 +1.0121e+00 -2.0761e-01 -1.2598e+00 +2.0002e+00 +9.6693e-01
382 0 +1.105871899e+02 +1.068771899e+02 +1.068771899e+02 +1.3640e+00 +3.2289e-01 -5.5430e-01 +5.0892e-01 +1.5779e+00 +1.0833e+00 -2.6325e-01 -1.0821e+00 +2.4116e+00 +9.7109e-01
431 0 +9.795670688e+01 +9.424670688e+01 +9.424670688e+01 +1.1840e+00 +1.2302e-01 -5.9678e-01 +5.4917e-01 +1.4404e+00 +1.4382e+00 +1.1338e-01 -1.1881e+00 +1.9976e+00 +9.4247e-01
632 0 +9.762348805e+01 +9.391348805e+01 +9.391348805e+01 +1.2548e+00 +1.9092e-01 -4.9082e-01 +5.6611e-01 +1.4061e+00 +9.6609e-01 -2.5146e-01 -1.1269e+00 +2.0185e+00 +6.8491e-01
654 0 +9.500245558e+01 +9.129245558e+01 +9.129245558e+01 +1.2444e+00 +1.7562e-01 -5.1406e-01 +5.4095e-01 +1.4336e+00 +1.0087e+00 -2.7873e-01 -1.1274e+00 +1.9509e+00 +6.6633e-01
673 0 +9.257578582e+01 +8.886578582e+01 +8.886578582e+01 +1.2185e+00 +2.0605e-01 -4.9119e-01 +5.5214e-01 +1.4519e+00 +1.0016e+00 -3.1044e-01 -1.1163e+00 +2.0014e+00 +6.7296e-01
697 0 +9.062506379e+01 +8.691506379e+01 +8.691506379e+01 +1.1715e+00 +1.8803e-01 -5.1730e-01 +5.2252e-01 +1.4138e+00 +9.4028e-01 -2.9321e-01 -1.1262e+00 +1.9791e+00 +6.8218e-01
764 0 +8.908734251e+01 +8.537734251e+01 +8.537734251e+01 +1.2130e+00 +1.9110e-01 -5.2655e-01 +4.8471e-01 +1.4364e+00 +9.4918e-01 -3.0758e-01 -1.1121e+00 +1.9704e+00 +6.7880e-01
1043 0 +8.709182693e+01 +8.338182693e+01 +8.338182693e+01 +1.1783e+00 +2.0122e-01 -5.6383e-01 +4.9627e-01 +1.4498e+00 +9.5535e-01 -3.0465e-01 -1.1059e+00 +1.9831e+00 +6.7666e-01
% f evaluations | g evaluations | best noise-free fitness - Fopt (1.321800000000e+02) + sum g_i+ | measured fitness | best measured fitness or single-digit g-values | x1 | x2...
1 0 +1.874009908e+02 +3.195809908e+02 +3.195809908e+02 +0.0000e+00 +0.0000e+00 +0.0000e+00 +0.0000e+00 +0.0000e+00 +0.0000e+00 +0.0000e+00 +0.0000e+00 +0.0000e+00 +0.0000e+00
6 0 +1.549750011e+02 +2.871550011e+02 +2.871550011e+02 +1.8723e-01 -2.5702e-01 +1.5212e-01 +1.5671e-02 +5.1476e-01 -6.3323e-02 +3.7553e-01 -3.4671e-01 +9.3874e-02 -2.1343e-01
15 0 +1.494730885e+02 +2.816530885e+02 +2.816530885e+02 +3.9795e-01 +1.2138e-01 -2.7829e-01 -6.8615e-02 +1.2562e+00 +2.0443e-02 -6.0909e-02 -2.8079e-01 +5.3673e-01 +3.7348e-01
48 0 +1.404405357e+02 +2.726205357e+02 +2.726205357e+02 +6.9748e-01 -5.7542e-02 -3.6001e-01 -7.7732e-02 +1.7314e-03 +8.0449e-02 +6.8380e-01 +9.6588e-02 +8.9414e-02 +7.4589e-01
106 0 +1.313882674e+02 +2.635682674e+02 +2.635682674e+02 +7.8264e-01 -1.8497e-01 -4.9161e-01 -2.9218e-01 +2.7401e-01 +4.3316e-01 +4.7330e-01 +4.2500e-01 +9.1671e-01 +4.1788e-01
234 0 +1.285390774e+02 +2.607190774e+02 +2.607190774e+02 +8.0824e-01 -1.6050e-01 -1.1555e-01 +4.0332e-02 +8.1265e-02 +4.7790e-01 +4.4442e-01 +1.0163e-01 +2.2601e-01 +7.2148e-01
249 0 +1.215993170e+02 +2.537793170e+02 +2.537793170e+02 +6.7023e-01 -7.5812e-02 -1.7796e-01 +1.0770e-01 +4.5754e-02 +4.4021e-01 +5.3783e-01 +1.5055e-01 +1.3253e-01 +7.1225e-01
274 0 +1.199616569e+02 +2.521416569e+02 +2.521416569e+02 +6.5856e-01 -8.8187e-02 -2.8527e-01 +3.3063e-02 -5.0449e-02 +4.3167e-01 +5.0055e-01 +8.8557e-02 +2.1701e-01 +7.6580e-01
294 0 +1.145480575e+02 +2.467280575e+02 +2.467280575e+02 +5.8845e-01 -1.7010e-01 -3.0504e-01 +5.1701e-02 -1.6092e-03 +4.3146e-01 +4.8786e-01 +8.0733e-02 +1.0086e-01 +7.2349e-01
300 0 +1.116380261e+02 +2.438180261e+02 +2.438180261e+02 +7.4771e-01 -1.2946e-01 -2.9063e-01 +1.6130e-02 -4.9021e-02 +4.5117e-01 +5.0303e-01 +1.1088e-01 +1.7305e-01 +7.1888e-01
312 0 +1.042459745e+02 +2.364259745e+02 +2.364259745e+02 +7.3816e-01 -8.8404e-02 -3.0547e-01 +2.9944e-02 -5.7399e-03 +5.4575e-01 +5.5316e-01 +7.9216e-02 +1.6085e-01 +7.3875e-01
376 0 +1.018977686e+02 +2.340777686e+02 +2.340777686e+02 +7.4002e-01 -1.3961e-01 -3.3790e-01 +9.3631e-03 +1.1496e-02 +6.0761e-01 +5.2235e-01 +1.4007e-01 +1.4791e-01 +7.5374e-01
396 0 +9.756335980e+01 +2.297433598e+02 +2.297433598e+02 +7.2661e-01 -1.0247e-01 -4.2880e-01 +3.2201e-02 +3.7070e-02 +6.3622e-01 +5.1987e-01 +1.4157e-01 +1.6229e-01 +7.1054e-01
441 0 +9.495219209e+01 +2.271321921e+02 +2.271321921e+02 +7.2048e-01 -1.6039e-01 -3.5119e-01 +4.3321e-02 +8.2495e-03 +6.3956e-01 +5.1870e-01 +1.2611e-01 +1.4624e-01 +7.2521e-01
566 0 +9.319183858e+01 +2.253718386e+02 +2.253718386e+02 +6.7959e-01 -1.5011e-01 -4.0734e-01 +6.7268e-02 +2.6828e-02 +6.5001e-01 +5.1793e-01 +1.0262e-01 +1.5802e-01 +7.1784e-01
% f evaluations | g evaluations | best noise-free fitness - Fopt (-3.930000000000e+01) + sum g_i+ | measured fitness | best measured fitness or single-digit g-values | x1 | x2...
1 0 +3.911508430e+02 +3.518508430e+02 +3.518508430e+02 +0.0000e+00 +0.0000e+00 +0.0000e+00 +0.0000e+00 +0.0000e+00 +0.0000e+00 +0.0000e+00 +0.0000e+00 +0.0000e+00 +0.0000e+00
2 0 +3.501386334e+02 +3.108386334e+02 +3.108386334e+02 +4.3379e-01 +3.0692e-02 +9.8026e-02 +3.4094e-01 +2.4727e-01 +1.7369e-01 -1.1375e-01 -3.0566e-01 +1.1285e-01 -1.5359e-01
6 0 +3.220719494e+02 +2.827719494e+02 +2.827719494e+02 +1.8723e-01 -2.5702e-01 +1.5212e-01 +1.5671e-02 +5.1476e-01 -6.3323e-02 +3.7553e-01 -3.4671e-01 +9.3874e-02 -2.1343e-01
60 0 +3.138125006e+02 +2.745125006e+02 +2.745125006e+02 +8.2519e-01 -1.1324e-01 +7.4360e-02 -7.2768e-02 +9.1909e-02 -4.7484e-02 +2.7740e-01 +2.1913e-01 +7.7150e-01 -8.8234e-02
80 0 +3.039735867e+02 +2.646735867e+02 +2.646735867e+02 +1.6124e+00 -1.7807e-01 -2.9606e-01 +3.4704e-01 -3.7134e-02 +3.3820e-02 +2.8999e-01 +1.2535e+00 +4.0427e-01 -3.0509e-01
84 0 +2.953982797e+02 +2.560982797e+02 +2.560982797e+02 +9.1652e-01 -6.0084e-01 +2.8608e-01 +1.2093e-01 -6.2494e-01 +4.8278e-02 +1.2205e+00 +5.0337e-01 +4.0423e-01 -1.8046e-01
85 0 +2.821433126e+02 +2.428433126e+02 +2.428433126e+02 +1.5443e+00 -3.5060e-01 -1.5739e-03 +1.4515e-01 -5.0575e-01 +1.4002e-01 +7.9648e-01 +4.6547e-01 +5.7156e-01 -8.6616e-01
95 0 +2.618036172e+02 +2.225036172e+02 +2.225036172e+02 +5.7888e-01 -5.3341e-01 +7.2653e-02 +9.7714e-02 -6.5046e-01 +3.0674e-01 +1.1251e+00 +5.7201e-01 +8.9784e-01 -5.8392e-01
101 0 +2.456441623e+02 +2.063441623e+02 +2.063441623e+02 +6.8830e-01 -4.4982e-01 +3.9017e-02 -7.8763e-02 -5.8155e-02 -1.1711e-01 +1.2076e+00 +4.7168e-01 +8.4235e-01 -5.2648e-01
135 0 +2.327798847e+02 +1.934798847e+02 +1.934798847e+02 +2.2353e-01 -9.4701e-01 +8.1660e-01 +4.8696e-01 -1.3700e-01 -4.4445e-02 +1.2602e+00 +8.7166e-01 +1.2419e+00 -6.1806e-01
172 0 +2.132140894e+02 +1.739140894e+02 +1.739140894e+02 +3.3691e-01 -5.9360e-01 +1.8134e-01 +4.4387e-01 +2.8952e-01 -4.3220e-01 +1.8723e+00 +4.1196e-01 +1.8821e+00 -1.0984e+00
187 0 +1.969538617e+02 +1.576538617e+02 +1.576538617e+02 +1.3968e+00 -7.1747e-01 +5.0161e-01 +6.6400e-01 +6.6838e-02 +1.2696e-01 +2.9121e+00 +1.1348e+00 +1.7850e+00 -1.4244e+00
188 0 +1.917694211e+02 +1.524694211e+02 +1.524694211e+02 +8.3023e-01 -9.8288e-01 +2.2392e-01 +4.5722e-01 +8.7173e-01 -5.2656e-01 +2.3344e+00 +6.5845e-01 +1.5329e+00 -1.2710e+00
189 0 +1.761464850e+02 +1.368464850e+02 +1.368464850e+02 +6.5088e-01 -3.4493e-01 +4.1456e-02 +4.3671e-01 +2.8036e-01 -3.7956e-01 +1.8233e+00 +4.2686e-01 +1.3898e+00 -1.2213e+00
197 0 +1.664974982e+02 +1.271974982e+02 +1.271974982e+02 +1.0375e+00 -8.2219e-01 -1.5147e-03 +6.9734e-01 -7.4267e-02 -7.5068e-01 +2.9811e+00 +4.3680e-01 +1.7682e+00 -1.4547e+00
232 0 +1.638076253e+02 +1.245076253e+02 +1.245076253e+02 +1.0221e+00 -9.7797e-01 +1.6365e-01 +7.1148e-01 +7.3881e-02 -7.7882e-01 +2.6527e+00 +8.8955e-01 +1.6471e+00 -1.6932e+00
238 0 +1.589755558e+02 +1.196755558e+02 +1.196755558e+02 +3.7290e-02 -1.1660e+00 -3.3819e-02 +6.1433e-01 +7.9446e-01 -1.0946e+00 +3.1370e+00 +4.6209e-01 +1.4617e+00 -1.8540e+00
244 0 +1.547490236e+02 +1.154490236e+02 +1.154490236e+02 +3.3148e-01 -7.1797e-01 +3.6379e-01 +7.0663e-01 +8.7146e-01 -1.4306e+00 +2.9957e+00 +9.7781e-01 +1.4795e+00 -1.9739e+00
251 0 +1.454012814e+02 +1.061012814e+02 +1.061012814e+02 +1.3645e+00 -1.3396e+00 +8.3891e-01 +6.5687e-01 -3.3977e-01 -9.2833e-01 +3.5545e+00 +5.6185e-01 +1.2018e+00 -2.5273e+00
262 0 +1.317637343e+02 +9.246373433e+01 +9.246373433e+01 +4.0856e-01 -1.9417e+00 +3.2641e-01 +5.1320e-01 -2.4456e-01 -1.0155e+00 +3.5529e+00 +6.8124e-01 +1.4346e+00 -2.4345e+00
313 0 +1.259100643e+02 +8.661006430e+01 +8.661006430e+01 +6.2407e-01 -1.0741e+00 -1.1919e-01 +1.1115e+00 +1.2889e-01 -1.0270e+00 +3.6212e+00 +9.3140e-01 +1.8708e+00 -2.2705e+00
336 0 +1.146459736e+02 +7.534597363e+01 +7.534597363e+01 +4.2915e-01 -1.1183e+00 -1.4996e-01 +4.4080e-01 +3.5371e-01 -7.5786e-01 +2.9141e+00 +6.8943e-01 +1.0988e+00 -2.4155e+00
387 0 +1.095777321e+02 +7.027773205e+01 +7.027773205e+01 +8.5411e-01 -1.3019e+00 -7.3814e-02 +8.6021e-01 +2.8117e-01 -9.6253e-01 +3.4707e+00 +1.1943e+00 +1.4478e+00 -2.5843e+00
396 0 +9.481746354e+01 +5.551746354e+01 +5.551746354e+01 +5.9042e-01 -1.3223e+00 -5.2646e-01 +5.8574e-01 +2.7168e-01 -8.6815e-01 +3.4778e+00 +1.2130e+00 +1.4151e+00 -2.7577e+00
488 0 +9.070292850e+01 +5.140292850e+01 +5.140292850e+01 +6.9303e-01 -1.2211e+00 -2.8189e-01 +6.7409e-01 +1.9099e-01 -9.3359e-01 +3.5096e+00 +1.1960e+00 +1.4837e+00 -3.0221e+00
504 0 +8.667547976e+01 +4.737547976e+01 +4.737547976e+01 +6.7413e-01 -1.2207e+00 -1.2997e-01 +6.4909e-01 +3.6732e-01 -1.0041e+00 +3.4266e+00 +1.2858e+00 +1.4388e+00 -2.8216e+00
506 0 +8.417117257e+01 +4.487117257e+01 +4.487117257e+01 +5.1618e-01 -1.2712e+00 -8.2006e-02 +6.9299e-01 +4.1238e-01 -1.0295e+00 +3.0823e+00 +1.1639e+00 +1.4582e+00 -2.6643e+00
520 0 +7.351131705e+01 +3.421131705e+01 +3.421131705e+01 +6.9004e-01 -1.2345e+00 -3.0172e-02 +5.6662e-01 +4.2596e-01 -1.0040e+00 +3.0579e+00 +1.2007e+00 +1.4556e+00 -2.8613e+00
540 0 +7.177835016e+01 +3.247835016e+01 +3.247835016e+01 +4.6762e-01 -1.1595e+00 -5.0307e-02 +6.8874e-01 +3.6916e-01 -9.4152e-01 +3.2232e+00 +1.2138e+00 +1.4681e+00 -2.8126e+00
560 0 +6.936263931e+01 +3.006263931e+01 +3.006263931e+01 +5.6955e-01 -1.1111e+00 -1.2405e-02 +6.1753e-01 +3.9238e-01 -9.5318e-01 +3.1741e+00 +1.1746e+00 +1.4362e+00 -2.8077e+00
594 0 +6.202869141e+01 +2.272869141e+01 +2.272869141e+01 +6.3391e-01 -1.1790e+00 -1.1054e-03 +5.9195e-01 +2.9740e-01 -7.6915e-01 +3.1212e+00 +1.2089e+00 +1.4580e+00 -2.6754e+00
595 0 +6.103499893e+01 +2.173499893e+01 +2.173499893e+01 +6.4780e-01 -1.1576e+00 -1.9544e-02 +6.2362e-01 +3.6677e-01 -7.7772e-01 +3.1629e+00 +1.2651e+00 +1.4130e+00 -2.7917e+00
611 0 +5.856414174e+01 +1.926414174e+01 +1.926414174e+01 +6.5166e-01 -1.1839e+00 -3.2482e-03 +5.9576e-01 +4.7282e-01 -8.4161e-01 +3.0602e+00 +1.2290e+00 +1.4484e+00 -2.8053e+00
644 0 +5.708183605e+01 +1.778183605e+01 +1.778183605e+01 +7.9253e-01 -1.2445e+00 +1.0374e-02 +6.0390e-01 +3.1215e-01 -7.4523e-01 +3.1314e+00 +1.2463e+00 +1.4659e+00 -2.8090e+00
706 0 +5.615887359e+01 +1.685887359e+01 +1.685887359e+01 +6.3175e-01 -1.2003e+00 -2.7927e-02 +5.4430e-01 +3.6427e-01 -8.2516e-01 +3.1560e+00 +1.2118e+00 +1.4455e+00 -2.8420e+00
719 0 +5.476352956e+01 +1.546352956e+01 +1.546352956e+01 +6.1902e-01 -1.2294e+00 -2.2203e-02 +5.2971e-01 +4.0388e-01 -8.4029e-01 +3.1458e+00 +1.2180e+00 +1.4418e+00 -2.8262e+00
724 0 +5.342505389e+01 +1.412505389e+01 +1.412505389e+01 +6.1078e-01 -1.2040e+00 -1.5542e-02 +5.0403e-01 +4.1105e-01 -8.0479e-01 +3.1279e+00 +1.2282e+00 +1.4596e+00 -2.7979e+00
802 0 +5.209392945e+01 +1.279392945e+01 +1.279392945e+01 +6.8405e-01 -1.2194e+00 -4.9590e-02 +5.5161e-01 +3.8272e-01 -8.2893e-01 +3.1282e+00 +1.2286e+00 +1.4648e+00 -2.8073e+00
817 0 +5.122853398e+01 +1.192853398e+01 +1.192853398e+01 +6.9254e-01 -1.2069e+00 -4.3630e-02 +5.5145e-01 +3.3802e-01 -7.8818e-01 +3.0962e+00 +1.2168e+00 +1.4523e+00 -2.8160e+00
882 0 +5.007454040e+01 +1.077454040e+01 +1.077454040e+01 +6.7086e-01 -1.1971e+00 -3.5540e-02 +5.7074e-01 +3.5472e-01 -7.9100e-01 +3.1246e+00 +1.2146e+00 +1.4669e+00 -2.8111e+00
1303 0 +4.895691892e+01 +9.656918923e+00 +9.656918923e+00 +6.0597e-01 -1.2310e+00 -4.5328e-02 +5.6866e-01 +3.5350e-01 -7.7272e-01 +3.1319e+00 +1.2176e+00 +1.4661e+00 -2.8119e+00
% f evaluations | g evaluations | best noise-free fitness - Fopt (4.296000000000e+01) + sum g_i+ | measured fitness | best measured fitness or single-digit g-values | x1 | x2...
1 0 +2.441890984e+02 +2.871490984e+02 +2.871490984e+02 +0.0000e+00 +0.0000e+00 +0.0000e+00 +0.0000e+00 +0.0000e+00 +0.0000e+00 +0.0000e+00 +0.0000e+00 +0.0000e+00 +0.0000e+00
2 0 +1.509259665e+02 +1.938859665e+02 +1.938859665e+02 +4.3379e-01 +3.0692e-02 +9.8026e-02 +3.4094e-01 +2.4727e-01 +1.7369e-01 -1.1375e-01 -3.0566e-01 +1.1285e-01 -1.5359e-01
33 0 +1.306431029e+02 +1.736031029e+02 +1.736031029e+02 +2.0859e-01 -7.8977e-02 -4.2464e-01 -1.6315e-01 -2.4624e-01 -1.5571e-01 +3.0822e-01 -1.0769e+00 +5.4767e-01 -1.8494e-01
100 0 +1.075220677e+02 +1.504820677e+02 +1.504820677e+02 +6.6208e-01 +1.7265e-01 -1.4695e-01 -1.2858e-01 -2.4275e-01 -6.2736e-01 -2.2201e-01 -8.9659e-01 +1.0711e+00 +9.1651e-01
102 0 +9.669482933e+01 +1.396548293e+02 +1.396548293e+02 +4.0361e-01 +1.6805e-01 +2.0584e-01 +2.8422e-01 +9.5113e-02 -9.5371e-01 -3.0319e-01 -1.1434e+00 +9.8788e-01 +7.7238e-01
140 0 +9.473427618e+01 +1.376942762e+02 +1.376942762e+02 +5.7300e-01 +2.0131e-01 -2.4230e-01 +2.5688e-01 -5.7933e-02 -9.8190e-01 -5.4363e-01 -1.1489e+00 +1.0487e+00 +1.1043e+00
151 0 +9.309245017e+01 +1.360524502e+02 +1.360524502e+02 +4.3551e-01 +1.0263e-02 +3.4568e-01 +3.5619e-01 -1.1309e-01 -7.4843e-01 -2.0139e-01 -7.2788e-01 +8.2622e-01 +1.2545e+00
185 0 +8.817186591e+01 +1.311318659e+02 +1.311318659e+02 +5.5891e-01 +6.8130e-02 +1.8617e-01 +2.0066e-01 -3.7594e-03 -1.1419e+00 -4.9244e-01 -1.5947e+00 +1.4926e+00 +9.1761e-01
191 0 +7.675525951e+01 +1.197152595e+02 +1.197152595e+02 +3.3351e-01 +4.3720e-01 +4.6901e-01 +2.2541e-01 +3.3749e-01 -1.0187e+00 +2.4749e-01 -1.1016e+00 +1.4346e+00 +8.4674e-01
199 0 +6.367765786e+01 +1.066376579e+02 +1.066376579e+02 +4.5987e-01 +1.6601e-01 +5.1151e-01 +4.8985e-01 +2.7744e-01 -1.0810e+00 -1.2259e-01 -1.3159e+00 +1.4236e+00 +8.3848e-01
219 0 +5.887258557e+01 +1.018325856e+02 +1.018325856e+02 +5.1388e-01 +1.3745e-01 +4.2405e-01 +3.0771e-01 +1.7035e-01 -1.0042e+00 +2.4671e-01 -1.4469e+00 +1.0126e+00 +5.2563e-01
256 0 +5.750622958e+01 +1.004662296e+02 +1.004662296e+02 +5.5495e-01 +4.9280e-02 +4.6573e-01 +2.7631e-01 +1.5895e-01 -1.1079e+00 -9.0043e-02 -1.5494e+00 +1.1280e+00 +8.0173e-01
357 0 +5.203490961e+01 +9.499490961e+01 +9.499490961e+01 +6.6219e-01 +2.4572e-01 +4.0461e-01 +3.2944e-01 +2.4320e-01 -1.0105e+00 +2.1205e-01 -1.5764e+00 +1.0469e+00 +8.9757e-01
390 0 +5.010785078e+01 +9.306785078e+01 +9.306785078e+01 +6.5538e-01 +1.4495e-01 +3.5817e-01 +2.5707e-01 +2.5543e-01 -1.0713e+00 -8.1908e-02 -1.6465e+00 +1.0991e+00 +9.2213e-01
446 0 +4.864936562e+01 +9.160936562e+01 +9.160936562e+01 +5.2557e-01 +9.3605e-02 +4.1987e-01 +2.8841e-01 +2.7779e-01 -1.0421e+00 +2.1964e-01 -1.5526e+00 +1.0530e+00 +7.9410e-01
454 0 +4.314923945e+01 +8.610923945e+01 +8.610923945e+01 +5.3339e-01 +1.4896e-01 +4.1842e-01 +3.2167e-01 +2.9888e-01 -1.0872e+00 +2.1588e-01 -1.6016e+00 +1.0543e+00 +8.2316e-01
495 0 +4.196752692e+01 +8.492752692e+01 +8.492752692e+01 +5.2138e-01 +9.9049e-02 +4.7118e-01 +3.1474e-01 +2.5729e-01 -1.1085e+00 +2.2705e-01 -1.5501e+00 +1.0394e+00 +8.4434e-01
503 0 +3.895148733e+01 +8.191148733e+01 +8.191148733e+01 +4.9895e-01 +6.1547e-02 +4.4231e-01 +2.6702e-01 +2.9546e-01 -1.1039e+00 +2.4250e-01 -1.5989e+00 +1.0657e+00 +8.3298e-01
514 0 +3.662453098e+01 +7.958453098e+01 +7.958453098e+01 +5.0026e-01 +1.0576e-01 +4.1919e-01 +3.3877e-01 +2.8932e-01 -1.1036e+00 +2.5707e-01 -1.6030e+00 +1.0390e+00 +8.5022e-01
537 0 +3.598905168e+01 +7.894905168e+01 +7.894905168e+01 +5.3289e-01 +1.0089e-01 +4.6584e-01 +3.1902e-01 +2.5520e-01 -1.0636e+00 +2.5632e-01 -1.6170e+00 +1.0464e+00 +8.4347e-01
553 0 +3.458307237e+01 +7.754307237e+01 +7.754307237e+01 +5.0682e-01 +1.1657e-01 +4.5234e-01 +3.0422e-01 +2.5988e-01 -1.0766e+00 +2.9165e-01 -1.5683e+00 +1.0468e+00 +8.3600e-01
594 0 +3.263605477e+01 +7.559605477e+01 +7.559605477e+01 +4.9398e-01 +1.4432e-01 +4.3169e-01 +3.3627e-01 +2.3434e-01 -1.0807e+00 +2.8971e-01 -1.5904e+00 +1.0585e+00 +8.5995e-01
693 0 +3.234594472e+01 +7.530594472e+01 +7.530594472e+01 +4.8413e-01 +1.2127e-01 +3.9809e-01 +3.0456e-01 +2.4288e-01 -1.0802e+00 +3.0039e-01 -1.5847e+00 +1.0286e+00 +8.6109e-01
719 0 +3.140365595e+01 +7.436365595e+01 +7.436365595e+01 +5.0404e-01 +1.3185e-01 +4.0504e-01 +3.1674e-01 +2.4804e-01 -1.0773e+00 +3.0144e-01 -1.5897e+00 +1.0405e+00 +8.5708e-01
724 0 +3.081572517e+01 +7.377572517e+01 +7.377572517e+01 +5.0061e-01 +1.3478e-01 +4.0530e-01 +3.0656e-01 +2.4639e-01 -1.0622e+00 +3.0851e-01 -1.5823e+00 +1.0446e+00 +8.6194e-01
858 0 +3.019156609e+01 +7.315156609e+01 +7.315156609e+01 +5.1041e-01 +1.0730e-01 +4.0120e-01 +2.8602e-01 +2.3887e-01 -1.0530e+00 +3.0229e-01 -1.5956e+00 +1.0584e+00 +8.7506e-01
% f evaluations | g evaluations | best noise-free fitness - Fopt (2.842200000000e+02) + sum g_i+ | measured fitness | best measured fitness or single-digit g-values | x1 | x2...
1 0 +3.304095806e+02 +6.146295806e+02 +6.146295806e+02 +0.0000e+00 +0.0000e+00 +0.0000e+00 +0.0000e+00 +0.0000e+00 +0.0000e+00 +0.0000e+00 +0.0000e+00 +0.0000e+00 +0.0000e+00
2 0 +3.186285738e+02 +6.028485738e+02 +6.028485738e+02 +4.3379e-01 +3.0692e-02 +9.8026e-02 +3.4094e-01 +2.4727e-01 +1.7369e-01 -1.1375e-01 -3.0566e-01 +1.1285e-01 -1.5359e-01
4 0 +2.870571270e+02 +5.712771270e+02 +5.712771270e+02 +2.1661e-01 -2.7248e-01 -1.4933e-01 +1.8171e-01 -5.0930e-01 +2.3317e-01 -2.5183e-01 -1.2653e-01 +4.3300e-01 -1.9345e-02
28 0 +2.746151550e+02 +5.588351550e+02 +5.588351550e+02 +1.1179e-01 -2.3574e-01 +2.1489e-01 +1.1697e-01 +9.4710e-02 -1.4164e-01 -9.5845e-02 -3.0921e-01 +1.4023e-01 -1.9018e-02
33 0 +2.540180437e+02 +5.382380437e+02 +5.382380437e+02 +2.6846e-01 -2.2180e-02 -2.5104e-01 +1.0396e-01 -1.4998e-01 -2.6930e-01 +5.1205e-01 -6.5314e-01 +1.6028e-01 -3.8650e-01
73 0 +2.407852497e+02 +5.250052497e+02 +5.250052497e+02 +1.1671e+00 -2.2900e-01 +8.0554e-02 +8.0261e-02 -5.3586e-01 -1.4573e-01 +9.0783e-01 +1.2472e-01 +2.2940e-01 +3.1041e-01
85 0 +2.391362094e+02 +5.233562094e+02 +5.233562094e+02 +1.5245e+00 -3.3755e-01 +3.6232e-02 +1.5348e-01 -5.1988e-01 -1.0595e-01 +9.5705e-01 +1.4744e-01 +1.4097e-01 -4.5640e-01
102 0 +2.206260773e+02 +5.048460773e+02 +5.048460773e+02 +1.0166e+00 -2.8725e-01 +4.9832e-01 +4.6289e-01 +1.2648e-01 -7.6046e-01 +8.8594e-01 +1.3716e-01 +2.2546e-01 -9.3728e-02
128 0 +2.131889384e+02 +4.974089384e+02 +4.974089384e+02 +8.6789e-01 -2.2956e-01 +2.3178e-01 +2.3728e-01 -5.5032e-01 -4.6322e-01 +9.9992e-01 +9.0854e-01 +5.5674e-01 -2.2108e-01
157 0 +2.047736236e+02 +4.889936236e+02 +4.889936236e+02 +8.4966e-01 -4.3751e-01 +2.1037e-01 +1.7956e-01 -6.3873e-02 -6.7008e-01 +1.0361e+00 +4.2707e-01 +5.7939e-01 -4.8086e-01
163 0 +1.988543332e+02 +4.830743332e+02 +4.830743332e+02 +9.6127e-01 -2.6904e-01 +3.9590e-01 +4.1601e-02 +2.0170e-01 -6.7405e-01 +1.0478e+00 +4.7442e-01 +3.0845e-01 -4.2489e-01
201 0 +1.879059605e+02 +4.721259605e+02 +4.721259605e+02 +1.1456e+00 -2.7257e-01 +3.5432e-01 +3.9840e-01 -6.8184e-02 -7.8870e-01 +1.5490e+00 +7.1487e-01 +6.4060e-01 -5.1355e-01
206 0 +1.770985050e+02 +4.613185050e+02 +4.613185050e+02 +1.0784e+00 -6.1055e-02 +3.9639e-01 +2.7323e-01 +1.9243e-01 -7.2089e-01 +1.6347e+00 +6.2555e-01 +5.1028e-01 -7.1278e-01
236 0 +1.654373011e+02 +4.496573011e+02 +4.496573011e+02 +1.0955e+00 -1.6609e-01 +3.9189e-01 +1.8139e-01 +2.7336e-01 -8.9465e-01 +1.4107e+00 +4.2250e-01 +7.0020e-01 -7.7316e-01
265 0 +1.588057255e+02 +4.430257255e+02 +4.430257255e+02 +1.0774e+00 -1.7936e-01 +2.1233e-01 -3.0883e-02 +2.4706e-01 -9.5995e-01 +1.4243e+00 +1.7423e-01 +5.3747e-01 -8.7655e-01
316 0 +1.569903027e+02 +4.412103027e+02 +4.412103027e+02 +1.2739e+00 -2.1320e-01 +1.4489e-01 +1.7065e-01 +9.5325e-02 -9.9835e-01 +1.7109e+00 +2.3155e-01 +4.7772e-01 -7.6159e-01
341 0 +1.505093400e+02 +4.347293400e+02 +4.347293400e+02 +8.8385e-01 -1.5672e-01 +1.4679e-01 +1.7960e-01 +1.3806e-01 -9.7791e-01 +1.7429e+00 +4.8972e-01 +3.3562e-01 -7.6208e-01
345 0 +1.457348345e+02 +4.299548345e+02 +4.299548345e+02 +1.0788e+00 -1.5569e-02 +1.9778e-01 +2.6456e-01 +1.5386e-01 -9.1638e-01 +1.9423e+00 +1.5748e-01 +3.2807e-01 -9.2147e-01
363 0 +1.434982207e+02 +4.277182207e+02 +4.277182207e+02 +1.2649e+00 -5.8154e-02 +1.0149e-01 +3.3618e-01 +7.8994e-02 -9.6610e-01 +1.9767e+00 +1.7670e-01 +5.8638e-01 -9.5182e-01
371 0 +1.409279022e+02 +4.251479022e+02 +4.251479022e+02 +1.2042e+00 -2.2313e-01 +1.4758e-01 +1.7134e-01 -9.7967e-02 -9.6257e-01 +2.3580e+00 +2.0241e-01 +4.5645e-01 -1.1270e+00
384 0 +1.349306831e+02 +4.191506831e+02 +4.191506831e+02 +1.2299e+00 -2.4096e-01 +2.1050e-01 +1.8246e-01 +2.5441e-01 -1.1254e+00 +2.4685e+00 +3.4926e-01 +6.3330e-01 -9.7249e-01
387 0 +1.332177550e+02 +4.174377550e+02 +4.174377550e+02 +1.2042e+00 -2.0834e-01 +2.1912e-01 +3.3885e-01 +2.4581e-01 -1.0247e+00 +2.0796e+00 +4.0380e-01 +4.8475e-01 -9.0871e-01
407 0 +1.090715823e+02 +3.932915823e+02 +3.932915823e+02 +1.1649e+00 -2.4113e-01 +1.7053e-01 +2.1915e-01 +2.3899e-01 -9.8476e-01 +2.1842e+00 +4.8939e-01 +7.0559e-01 -1.1350e+00
464 0 +9.329128165e+01 +3.775112817e+02 +3.775112817e+02 +1.1155e+00 -3.2169e-01 +3.0874e-01 +2.1084e-01 +2.6366e-01 -1.0252e+00 +2.4640e+00 +4.8816e-01 +5.6786e-01 -1.2214e+00
489 0 +8.866245118e+01 +3.728824512e+02 +3.728824512e+02 +1.1022e+00 -2.7968e-01 +2.1116e-01 +2.5226e-01 +2.0400e-01 -9.9355e-01 +2.4775e+00 +4.7958e-01 +5.5340e-01 -1.2188e+00
584 0 +8.321081428e+01 +3.674308143e+02 +3.674308143e+02 +1.1214e+00 -1.9652e-01 +2.7668e-01 +2.5730e-01 +1.7333e-01 -1.0114e+00 +2.4158e+00 +4.8074e-01 +5.6650e-01 -1.1637e+00
617 0 +8.210368335e+01 +3.663236833e+02 +3.663236833e+02 +1.0396e+00 -2.5416e-01 +2.1039e-01 +2.5181e-01 +1.8196e-01 -1.0245e+00 +2.4259e+00 +4.8407e-01 +5.8086e-01 -1.1782e+00
726 0 +8.069310919e+01 +3.649131092e+02 +3.649131092e+02 +1.0668e+00 -2.3895e-01 +2.2134e-01 +2.4166e-01 +1.8149e-01 -1.0286e+00 +2.4374e+00 +4.9125e-01 +5.7416e-01 -1.1717e+00
777 0 +7.932127624e+01 +3.635412762e+02 +3.635412762e+02 +1.0984e+00 -2.2442e-01 +2.1666e-01 +2.4361e-01 +1.6417e-01 -1.0008e+00 +2.4510e+00 +4.9401e-01 +5.8072e-01 -1.1746e+00
1741 0 +7.762129890e+01 +3.618412989e+02 +3.618412989e+02 +1.0996e+00 -2.2092e-01 +2.2495e-01 +2.1410e-01 +1.6199e-01 -1.0031e+00 +2.4464e+00 +4.7420e-01 +6.0128e-01 -1.1682e+00
% f evaluations | g evaluations | best noise-free fitness - Fopt (-3.217000000000e+01) + sum g_i+ | measured fitness | best measured fitness or single-digit g-values | x1 | x2...
1 0 +2.887888850e+02 +2.566188850e+02 +2.566188850e+02 +0.0000e+00 +0.0000e+00 +0.0000e+00 +0.0000e+00 +0.0000e+00 +0.0000e+00 +0.0000e+00 +0.0000e+00 +0.0000e+00 +0.0000e+00
2 0 +2.804558560e+02 +2.482858560e+02 +2.482858560e+02 +4.3379e-01 +3.0692e-02 +9.8026e-02 +3.4094e-01 +2.4727e-01 +1.7369e-01 -1.1375e-01 -3.0566e-01 +1.1285e-01 -1.5359e-01
3 0 +2.609967245e+02 +2.288267245e+02 +2.288267245e+02 +2.4817e-01 +6.3376e-02 -2.2359e-01 +8.0318e-02 +2.1275e-01 +5.3256e-02 -2.3477e-01 +7.8699e-02 +1.0710e-01 +2.4729e-01
5 0 +2.500701865e+02 +2.179001865e+02 +2.179001865e+02 -9.0564e-02 +8.4424e-02 -2.8183e-02 -1.8777e-01 +7.4957e-02 +6.4105e-01 +2.7589e-01 +1.3137e-01 +7.7185e-02 +2.3934e-01
8 0 +2.349378155e+02 +2.027678155e+02 +2.027678155e+02 +6.0234e-01 +2.6527e-01 +2.8700e-01 -7.0577e-01 +5.2611e-01 +2.0125e-02 -3.9010e-01 +9.9670e-02 +3.8961e-01 -4.6269e-01
15 0 +2.238411756e+02 +1.916711756e+02 +1.916711756e+02 +4.5105e-01 +1.8529e-01 -2.9453e-01 +2.2004e-03 +1.2056e+00 +6.7601e-02 -1.7082e-01 -2.7213e-01 +5.4442e-01 +3.9527e-01
55 0 +2.136322578e+02 +1.814622578e+02 +1.814622578e+02 +5.2009e-01 +1.8271e-01 -9.0606e-02 -2.0980e-01 +4.8362e-01 +5.8945e-01 -1.5322e-01 +3.5580e-01 +3.6635e-01 +5.9275e-03
85 0 +1.934739965e+02 +1.613039965e+02 +1.613039965e+02 +1.1085e+00 +3.3236e-01 -2.8814e-01 -1.2509e-01 +1.1068e-01 +4.6037e-01 -8.7364e-02 +4.5669e-01 +9.2591e-01 -4.4254e-01
188 0 +1.615444835e+02 +1.293744835e+02 +1.293744835e+02 +4.9562e-01 +1.1791e-01 -2.8332e-01 -4.0507e-01 +1.1513e+00 +7.5256e-02 +2.7402e-01 +1.0036e+00 +1.1473e+00 -3.7893e-01
255 0 +1.546437684e+02 +1.224737684e+02 +1.224737684e+02 +5.3867e-01 +1.3855e-01 -2.1489e-01 -1.1802e+00 +1.1489e+00 +1.8275e-01 +2.8729e-01 +1.2661e+00 +1.1020e+00 -1.0746e+00
272 0 +1.436893145e+02 +1.115193145e+02 +1.115193145e+02 +5.2733e-01 +4.5800e-02 -4.1509e-01 -1.0303e+00 +6.7738e-01 +2.4869e-02 +1.4495e-04 +9.4974e-01 +9.8342e-01 -8.3755e-01
319 0 +1.204303907e+02 +8.826039070e+01 +8.826039070e+01 +6.3205e-01 +3.0330e-01 -4.2404e-01 -9.3695e-01 +5.9972e-01 +8.5454e-02 +3.9042e-01 +8.4872e-01 +1.0493e+00 -1.0223e+00
373 0 +1.097210822e+02 +7.755108224e+01 +7.755108224e+01 +4.3005e-01 +1.4479e-01 -3.0218e-01 -8.0149e-01 +7.0019e-01 +9.6005e-02 +3.9618e-01 +9.8081e-01 +1.1350e+00 -1.0515e+00
427 0 +1.052571606e+02 +7.308716062e+01 +7.308716062e+01 +4.0376e-01 -5.0948e-02 -3.0114e-01 -8.9304e-01 +7.4548e-01 +8.1353e-02 +3.2841e-01 +9.5681e-01 +1.0583e+00 -1.0192e+00
454 0 +1.024909890e+02 +7.032098898e+01 +7.032098898e+01 +4.3874e-01 +1.0998e-01 -3.3635e-01 -7.2838e-01 +7.2875e-01 +1.1140e-01 +3.4595e-01 +1.0079e+00 +1.0427e+00 -1.0518e+00
483 0 +1.004778549e+02 +6.830785489e+01 +6.830785489e+01 +4.3456e-01 +7.5034e-02 -3.4178e-01 -8.0932e-01 +6.4895e-01 +8.1324e-02 +2.9605e-01 +1.0687e+00 +1.0672e+00 -1.0486e+00
526 0 +9.937184094e+01 +6.720184094e+01 +6.720184094e+01 +4.0221e-01 +6.8199e-02 -3.3305e-01 -8.5239e-01 +6.3459e-01 +4.2219e-02 +3.0876e-01 +1.0540e+00 +1.0396e+00 -1.0556e+00
528 0 +9.655107687e+01 +6.438107687e+01 +6.438107687e+01 +4.3883e-01 +6.8467e-02 -3.3011e-01 -8.3398e-01 +6.6011e-01 +7.4549e-02 +3.2314e-01 +1.0071e+00 +1.0178e+00 -1.0637e+00
553 0 +9.426338611e+01 +6.209338611e+01 +6.209338611e+01 +4.1815e-01 +4.7422e-02 -3.2472e-01 -8.5956e-01 +6.3826e-01 +7.7968e-02 +3.1993e-01 +1.0187e+00 +1.0260e+00 -1.0304e+00
562 0 +9.061454500e+01 +5.844454500e+01 +5.844454500e+01 +4.3732e-01 +1.0772e-01 -3.6238e-01 -8.3352e-01 +6.4307e-01 +8.7021e-02 +3.4854e-01 +1.0314e+00 +1.0441e+00 -1.0233e+00
747 0 +8.895700132e+01 +5.678700132e+01 +5.678700132e+01 +4.1515e-01 +1.3333e-01 -3.7900e-01 -8.5413e-01 +6.5207e-01 +7.0610e-02 +3.4868e-01 +1.0055e+00 +1.0464e+00 -1.0263e+00
1042 0 +8.709146679e+01 +5.492146679e+01 +5.492146679e+01 +4.4944e-01 +1.9910e-01 -3.7606e-01 -8.5538e-01 +6.4070e-01 +6.8051e-02 +3.4818e-01 +9.8977e-01 +1.0377e+00 -1.0120e+00
% f evaluations | g evaluations | best noise-free fitness - Fopt (-5.858000000000e+01) + sum g_i+ | measured fitness | best measured fitness or single-digit g-values | x1 | x2...
1 0 +3.893409175e+02 +3.307609175e+02 +3.307609175e+02 +0.0000e+00 +0.0000e+00 +0.0000e+00 +0.0000e+00 +0.0000e+00 +0.0000e+00 +0.0000e+00 +0.0000e+00 +0.0000e+00 +0.0000e+00
2 0 +3.816155909e+02 +3.230355909e+02 +3.230355909e+02 +4.3379e-01 +3.0692e-02 +9.8026e-02 +3.4094e-01 +2.4727e-01 +1.7369e-01 -1.1375e-01 -3.0566e-01 +1.1285e-01 -1.5359e-01
6 0 +3.472017006e+02 +2.886217006e+02 +2.886217006e+02 +1.8723e-01 -2.5702e-01 +1.5212e-01 +1.5671e-02 +5.1476e-01 -6.3323e-02 +3.7553e-01 -3.4671e-01 +9.3874e-02 -2.1343e-01
14 0 +3.218458145e+02 +2.632658145e+02 +2.632658145e+02 +6.9130e-01 -3.9100e-01 +1.9090e-01 -4.0892e-01 -8.5409e-02 +2.0566e-01 +2.6667e-01 +3.4837e-01 +1.3402e-01 +1.3215e-01
35 0 +2.977801750e+02 +2.392001750e+02 +2.392001750e+02 +4.8400e-01 -2.3567e-02 -9.0027e-02 -1.4676e-01 +3.8735e-01 +1.7528e-01 -8.3142e-02 +2.7744e-01 +8.6969e-01 +5.9888e-01
46 0 +2.835416019e+02 +2.249616019e+02 +2.249616019e+02 +1.0094e+00 +2.1016e-01 +2.4894e-02 -1.1487e-01 +5.5491e-01 -2.4425e-01 +2.3470e-01 +3.3584e-01 +6.8398e-01 +9.0764e-01
67 0 +2.721278639e+02 +2.135478639e+02 +2.135478639e+02 +1.1153e+00 -3.0257e-01 +3.3531e-01 -5.2078e-01 +6.2510e-01 -5.4273e-01 -4.7443e-02 +6.8261e-01 +1.8730e+00 +1.4398e+00
80 0 +2.310588708e+02 +1.724788708e+02 +1.724788708e+02 +1.2409e+00 +2.1223e-01 -3.2739e-01 -2.0570e-01 +6.7498e-01 -6.4293e-01 -1.0662e-02 +1.3316e+00 +1.4457e+00 +9.8881e-01
97 0 +2.215431197e+02 +1.629631197e+02 +1.629631197e+02 +5.1281e-01 +2.9933e-01 -5.0168e-02 -1.3662e-01 +5.0333e-01 -1.3006e-01 +6.3988e-01 +7.4568e-01 +1.9562e+00 +1.0494e+00
100 0 +2.100146559e+02 +1.514346559e+02 +1.514346559e+02 +8.3197e-01 +4.0325e-02 -5.8283e-03 -1.8738e-01 +4.7045e-01 -9.3055e-01 +9.4581e-01 +8.0641e-01 +1.9569e+00 +1.4007e+00
106 0 +2.064553340e+02 +1.478753340e+02 +1.478753340e+02 +6.6324e-01 +6.4309e-02 -2.1912e-01 -3.6310e-01 +6.7922e-01 -5.6796e-01 +9.6461e-01 +1.0993e+00 +2.3717e+00 +9.1971e-01
119 0 +1.954104513e+02 +1.368304513e+02 +1.368304513e+02 +5.2183e-01 -4.4756e-01 -4.5676e-01 -1.1692e-01 +2.3019e-01 -8.4965e-01 +1.2530e+00 +1.6803e+00 +2.3775e+00 +1.6475e+00
160 0 +1.694088387e+02 +1.108288387e+02 +1.108288387e+02 +3.9670e-01 +6.8837e-02 -3.3532e-01 +4.1558e-01 +6.9710e-01 -1.2003e+00 +2.2535e+00 +1.4839e+00 +2.6836e+00 +1.6502e+00
170 0 +1.638246333e+02 +1.052446333e+02 +1.052446333e+02 -4.3330e-02 -5.7767e-02 -2.0424e-02 +6.0709e-01 +9.5810e-01 -1.3817e+00 +1.3366e+00 +1.2859e+00 +2.6110e+00 +9.8344e-01
197 0 +1.592640168e+02 +1.006840168e+02 +1.006840168e+02 +9.1892e-01 +1.1459e-01 +1.3321e-01 +1.1698e+00 +5.7365e-01 -1.9481e+00 +2.6671e+00 +9.3656e-01 +2.6081e+00 +1.3951e+00
206 0 +1.339471625e+02 +7.536716251e+01 +7.536716251e+01 +5.7626e-01 +1.5975e-01 +5.5892e-01 +1.1810e+00 +1.3984e+00 -1.9046e+00 +2.8131e+00 +1.5874e+00 +2.6519e+00 +1.3081e+00
253 0 +1.276817085e+02 +6.910170845e+01 +6.910170845e+01 +5.7716e-01 -4.4782e-02 +2.2636e-01 +9.2677e-01 +1.0217e+00 -2.0362e+00 +2.7767e+00 +1.1074e+00 +2.3152e+00 +1.5538e+00
296 0 +1.211661547e+02 +6.258615468e+01 +6.258615468e+01 +7.0049e-01 -1.6819e-01 +1.9543e-01 +1.2398e+00 +1.1540e+00 -2.0642e+00 +3.2747e+00 +1.2443e+00 +2.4325e+00 +1.8767e+00
311 0 +1.173308854e+02 +5.875088544e+01 +5.875088544e+01 +2.7788e-01 +4.1041e-01 +1.7657e-02 +1.1509e+00 +1.9066e+00 -2.3797e+00 +3.2076e+00 +1.3258e+00 +2.7348e+00 +2.2615e+00
316 0 +1.092612337e+02 +5.068123371e+01 +5.068123371e+01 +7.9838e-01 -2.7542e-02 +1.8477e-01 +1.1713e+00 +1.2971e+00 -2.3172e+00 +2.9071e+00 +1.2977e+00 +2.3289e+00 +1.9019e+00
341 0 +1.062619409e+02 +4.768194086e+01 +4.768194086e+01 +2.7083e-01 -1.7574e-02 +2.5776e-01 +1.2010e+00 +1.2408e+00 -2.2415e+00 +2.9690e+00 +1.7411e+00 +2.3485e+00 +1.8607e+00
374 0 +1.046971216e+02 +4.611712159e+01 +4.611712159e+01 +7.5109e-01 -6.2562e-02 +2.4652e-01 +1.1394e+00 +1.3120e+00 -2.1423e+00 +2.8436e+00 +1.1693e+00 +2.3326e+00 +1.8313e+00
378 0 +1.011454409e+02 +4.256544092e+01 +4.256544092e+01 +8.1444e-01 -1.6426e-03 +1.2765e-01 +1.1086e+00 +1.2756e+00 -2.1061e+00 +2.8562e+00 +1.2539e+00 +2.3555e+00 +1.8417e+00
386 0 +9.633505955e+01 +3.775505955e+01 +3.775505955e+01 +6.0842e-01 -1.0960e-01 +2.1734e-01 +1.0488e+00 +1.2601e+00 -2.1972e+00 +2.8344e+00 +1.2662e+00 +2.3226e+00 +1.8377e+00
401 0 +9.287258526e+01 +3.429258526e+01 +3.429258526e+01 +6.7975e-01 -9.9008e-03 +1.0735e-01 +1.1900e+00 +1.1825e+00 -2.1561e+00 +2.7227e+00 +1.3198e+00 +2.2450e+00 +1.8862e+00
470 0 +7.832606043e+01 +1.974606043e+01 +1.974606043e+01 +6.7620e-01 +3.9130e-02 +1.6015e-01 +1.1604e+00 +1.2152e+00 -2.2248e+00 +2.7170e+00 +1.2629e+00 +2.3371e+00 +1.8999e+00
495 0 +7.685370768e+01 +1.827370768e+01 +1.827370768e+01 +6.9582e-01 -2.6465e-02 +1.8398e-01 +1.1574e+00 +1.1530e+00 -2.2257e+00 +2.7052e+00 +1.2929e+00 +2.3367e+00 +1.8834e+00
528 0 +7.562537460e+01 +1.704537460e+01 +1.704537460e+01 +6.7668e-01 +3.3968e-02 +1.6603e-01 +1.1575e+00 +1.1980e+00 -2.2115e+00 +2.7721e+00 +1.2418e+00 +2.3473e+00 +1.8598e+00
584 0 +7.404283531e+01 +1.546283531e+01 +1.546283531e+01 +6.9228e-01 +4.3742e-02 +1.6458e-01 +1.1519e+00 +1.1628e+00 -2.2101e+00 +2.7468e+00 +1.2233e+00 +2.3475e+00 +1.9015e+00
668 0 +7.213750165e+01 +1.355750165e+01 +1.355750165e+01 +6.9963e-01 +4.2677e-02 +1.4153e-01 +1.1427e+00 +1.1519e+00 -2.1864e+00 +2.7493e+00 +1.2408e+00 +2.3515e+00 +1.8757e+00
1059 0 +7.079076419e+01 +1.221076419e+01 +1.221076419e+01 +6.5882e-01 -2.1581e-03 +1.4499e-01 +1.1189e+00 +1.1248e+00 -2.1959e+00 +2.7489e+00 +1.2289e+00 +2.3493e+00 +1.8788e+00
% f evaluations | g evaluations | best noise-free fitness - Fopt (-6.049200000000e+02) + sum g_i+ | measured fitness | best measured fitness or single-digit g-values | x1 | x2...
1 0 +1.921933093e+02 -4.127266907e+02 -4.127266907e+02 +0.0000e+00 +0.0000e+00 +0.0000e+00 +0.0000e+00 +0.0000e+00 +0.0000e+00 +0.0000e+00 +0.0000e+00 +0.0000e+00 +0.0000e+00
3 0 +1.734846391e+02 -4.314353609e+02 -4.314353609e+02 +2.4817e-01 +6.3376e-02 -2.2359e-01 +8.0318e-02 +2.1275e-01 +5.3256e-02 -2.3477e-01 +7.8699e-02 +1.0710e-01 +2.4729e-01
9 0 +1.601739323e+02 -4.447460677e+02 -4.447460677e+02 +3.2075e-01 -8.8256e-02 -1.5931e-01 -1.1698e-01 -2.3584e-01 +6.5800e-02 +8.0156e-02 +3.1223e-01 +4.1734e-01 -8.7755e-02
28 0 +1.377378769e+02 -4.671821231e+02 -4.671821231e+02 -4.0343e-02 -1.8784e-01 -3.6283e-02 -4.0373e-02 -6.0001e-02 -2.2626e-01 -3.7698e-01 -3.8865e-01 +4.9108e-01 +3.0210e-01
100 0 +1.268100795e+02 -4.781099205e+02 -4.781099205e+02 +1.2566e+00 -1.6502e-01 -2.8138e-01 -2.9440e-01 -7.4463e-01 -6.4102e-01 -2.8481e-01 -7.9136e-01 +4.9767e-01 +7.6006e-01
121 0 +1.215597947e+02 -4.833602053e+02 -4.833602053e+02 +1.1408e+00 -1.3000e-01 -2.8101e-01 -2.2520e-01 -8.9599e-01 -5.9949e-01 -4.1210e-01 -8.0622e-01 +4.4163e-01 +6.2596e-01
133 0 +1.163943661e+02 -4.885256339e+02 -4.885256339e+02 +8.9801e-01 -2.3008e-01 +1.5457e-01 -1.0785e-01 -6.9449e-01 -6.8497e-01 -3.4268e-01 -7.6434e-01 +5.3288e-01 +4.2178e-01
170 0 +1.062044503e+02 -4.987155497e+02 -4.987155497e+02 +4.8526e-01 -1.3795e-01 -8.8875e-02 -1.2345e-01 -1.8407e-01 -7.2085e-01 -2.9162e-01 -5.4239e-01 +4.7032e-01 -6.2606e-02
194 0 +9.054169700e+01 -5.143783030e+02 -5.143783030e+02 +8.4585e-01 -9.2672e-02 -1.0586e-01 -1.5309e-01 -1.4025e-01 -6.2245e-01 -3.5969e-01 -7.8441e-01 +9.0059e-02 +5.1788e-01
245 0 +8.727441817e+01 -5.176455818e+02 -5.176455818e+02 +9.1569e-01 -7.5743e-02 -1.5685e-01 -2.1196e-01 -9.4801e-02 -5.8708e-01 -3.4051e-01 -1.1675e+00 +4.4236e-01 +5.0416e-01
334 0 +7.915612246e+01 -5.257638775e+02 -5.257638775e+02 +9.6332e-01 -6.1816e-02 -3.6936e-01 -1.0660e-01 -1.8502e-01 -5.8030e-01 -3.5283e-01 -1.2922e+00 +1.9696e-01 +4.6573e-01
493 0 +7.082726848e+01 -5.340927315e+02 -5.340927315e+02 +9.3955e-01 -9.8189e-02 -3.3950e-01 -1.0935e-01 -2.3165e-01 -7.0086e-01 +8.3188e-02 -1.1755e+00 +1.6342e-01 +4.7942e-01
541 0 +7.019367058e+01 -5.347263294e+02 -5.347263294e+02 +8.9181e-01 -1.0767e-01 -3.5067e-01 -1.3018e-01 -2.5500e-01 -6.6878e-01 +7.1633e-02 -1.2668e+00 +1.4907e-01 +4.7558e-01
557 0 +6.795513052e+01 -5.369648695e+02 -5.369648695e+02 +8.8631e-01 -8.9148e-02 -3.4123e-01 -6.5007e-02 -2.6768e-01 -6.8238e-01 +8.2832e-02 -1.2035e+00 +1.4291e-01 +4.9033e-01
568 0 +6.589529594e+01 -5.390247041e+02 -5.390247041e+02 +9.4719e-01 -7.9686e-02 -3.2430e-01 -5.8174e-02 -2.8751e-01 -6.8569e-01 +9.9574e-02 -1.2093e+00 +1.3292e-01 +4.8272e-01
722 0 +6.447843161e+01 -5.404415684e+02 -5.404415684e+02 +9.6562e-01 -8.0907e-02 -3.5684e-01 -5.0619e-02 -2.9381e-01 -6.5275e-01 +1.0006e-01 -1.2151e+00 +1.5014e-01 +4.8698e-01
832 0 +6.304395599e+01 -5.418760440e+02 -5.418760440e+02 +9.7269e-01 -9.3670e-02 -3.3466e-01 -8.4396e-02 -2.9301e-01 -6.3206e-01 +1.0359e-01 -1.2030e+00 +1.4670e-01 +4.9750e-01
% f evaluations | g evaluations | best noise-free fitness - Fopt (1.337000000000e+02) + sum g_i+ | measured fitness | best measured fitness or single-digit g-values | x1 | x2...
1 0 +2.373636990e+02 +3.710636990e+02 +3.710636990e+02 +0.0000e+00 +0.0000e+00 +0.0000e+00 +0.0000e+00 +0.0000e+00 +0.0000e+00 +0.0000e+00 +0.0000e+00 +0.0000e+00 +0.0000e+00
3 0 +2.186998644e+02 +3.523998644e+02 +3.523998644e+02 +2.4817e-01 +6.3376e-02 -2.2359e-01 +8.0318e-02 +2.1275e-01 +5.3256e-02 -2.3477e-01 +7.8699e-02 +1.0710e-01 +2.4729e-01
5 0 +2.124174860e+02 +3.461174860e+02 +3.461174860e+02 -9.0564e-02 +8.4424e-02 -2.8183e-02 -1.8777e-01 +7.4957e-02 +6.4105e-01 +2.7589e-01 +1.3137e-01 +7.7185e-02 +2.3934e-01
15 0 +1.463186596e+02 +2.800186596e+02 +2.800186596e+02 +3.9795e-01 +1.2138e-01 -2.7829e-01 -6.8615e-02 +1.2562e+00 +2.0443e-02 -6.0909e-02 -2.8079e-01 +5.3673e-01 +3.7348e-01
75 0 +1.430536355e+02 +2.767536355e+02 +2.767536355e+02 +6.4918e-01 +9.0474e-02 -3.0244e-01 -8.4808e-01 +2.4630e-01 -1.3174e-01 -4.5155e-01 -8.1808e-01 +1.1425e+00 +7.2620e-01
116 0 +1.351988679e+02 +2.688988679e+02 +2.688988679e+02 +4.3513e-01 +1.1478e-01 -2.9780e-01 -2.6338e-01 +5.6289e-01 -5.2593e-01 +6.4412e-02 -8.9028e-01 +1.4203e+00 +1.3174e+00
190 0 +1.343263846e+02 +2.680263846e+02 +2.680263846e+02 +4.3524e-01 +4.4407e-01 -2.8175e-01 +2.1778e-02 +1.0770e+00 -5.3438e-02 +2.1672e-01 -1.1466e+00 +1.2283e+00 +1.3233e+00
228 0 +1.278763636e+02 +2.615763636e+02 +2.615763636e+02 +7.3239e-01 +8.1009e-01 -2.8446e-01 -2.4449e-01 +1.2931e+00 -2.2408e-01 +2.7841e-01 -1.1879e+00 +1.9300e+00 +1.3434e+00
231 0 +1.216541480e+02 +2.553541480e+02 +2.553541480e+02 +7.2516e-01 +5.9122e-01 -4.6344e-01 -1.2978e-01 +1.0831e+00 -1.1754e-01 +1.3992e-01 -1.1670e+00 +1.7821e+00 +1.3080e+00
245 0 +1.147702086e+02 +2.484702086e+02 +2.484702086e+02 +6.6591e-01 +8.9280e-01 -4.3163e-01 -1.3744e-01 +1.4453e+00 -2.0638e-01 +4.5308e-01 -1.5528e+00 +1.8554e+00 +1.2717e+00
253 0 +1.065935057e+02 +2.402935057e+02 +2.402935057e+02 +6.8013e-01 +9.0032e-01 -5.2865e-01 -1.7165e-01 +1.3951e+00 -3.6648e-01 +6.0697e-01 -1.5541e+00 +1.9195e+00 +1.3664e+00
270 0 +1.021801349e+02 +2.358801349e+02 +2.358801349e+02 +3.9782e-01 +6.7087e-01 -3.4091e-01 -7.8182e-02 +1.2379e+00 -9.0792e-02 +6.5346e-01 -1.1754e+00 +1.4743e+00 +1.0845e+00
282 0 +9.153002861e+01 +2.252300286e+02 +2.252300286e+02 +4.9748e-01 +8.6780e-01 -5.1434e-01 -1.0569e-01 +1.0905e+00 +4.5392e-03 +6.6969e-01 -1.4933e+00 +1.5578e+00 +1.3757e+00
293 0 +8.372339777e+01 +2.174233978e+02 +2.174233978e+02 +5.4430e-01 +8.8424e-01 -5.8158e-01 -1.6603e-01 +1.4345e+00 +4.9045e-02 +9.2061e-01 -1.5135e+00 +1.8864e+00 +1.6203e+00
386 0 +8.266012017e+01 +2.163601202e+02 +2.163601202e+02 +4.6414e-01 +8.3217e-01 -4.5287e-01 -1.7360e-01 +1.1566e+00 -2.6727e-03 +9.5611e-01 -1.4203e+00 +1.4261e+00 +1.3865e+00
391 0 +6.897180552e+01 +2.026718055e+02 +2.026718055e+02 +4.2914e-01 +8.8769e-01 -4.5522e-01 -2.8983e-03 +1.3094e+00 +1.8451e-02 +9.7559e-01 -1.4639e+00 +1.4662e+00 +1.3272e+00
508 0 +6.268724888e+01 +1.963872489e+02 +1.963872489e+02 +5.8690e-01 +9.2291e-01 -4.5071e-01 -5.5300e-02 +1.2743e+00 -9.6178e-02 +9.3965e-01 -1.5057e+00 +1.9243e+00 +1.3272e+00
532 0 +5.847727726e+01 +1.921772773e+02 +1.921772773e+02 +5.3831e-01 +9.2260e-01 -4.5686e-01 -1.2877e-02 +1.2662e+00 -5.9274e-02 +9.8855e-01 -1.5109e+00 +1.8891e+00 +1.3138e+00
637 0 +5.602230961e+01 +1.897223096e+02 +1.897223096e+02 +5.3200e-01 +9.1887e-01 -4.2225e-01 -2.7476e-02 +1.2678e+00 -6.7598e-02 +9.5479e-01 -1.5232e+00 +1.8732e+00 +1.3253e+00
706 0 +5.493286655e+01 +1.886328666e+02 +1.886328666e+02 +5.4341e-01 +9.4804e-01 -4.4585e-01 -2.4393e-02 +1.2475e+00 -5.4414e-02 +9.6196e-01 -1.5192e+00 +1.8576e+00 +1.3357e+00
836 0 +5.367598633e+01 +1.873759863e+02 +1.873759863e+02 +5.2754e-01 +9.2346e-01 -4.4186e-01 -5.4741e-02 +1.2219e+00 -3.0653e-02 +9.5031e-01 -1.5109e+00 +1.8657e+00 +1.3225e+00
% f evaluations | g evaluations | best noise-free fitness - Fopt (-2.098000000000e+01) + sum g_i+ | measured fitness | best measured fitness or single-digit g-values | x1 | x2...
1 0 +4.368437103e+02 +4.158637103e+02 +4.158637103e+02 +0.0000e+00 +0.0000e+00 +0.0000e+00 +0.0000e+00 +0.0000e+00 +0.0000e+00 +0.0000e+00 +0.0000e+00 +0.0000e+00 +0.0000e+00
3 0 +4.322965111e+02 +4.113165111e+02 +4.113165111e+02 +2.4817e-01 +6.3376e-02 -2.2359e-01 +8.0318e-02 +2.1275e-01 +5.3256e-02 -2.3477e-01 +7.8699e-02 +1.0710e-01 +2.4729e-01
5 0 +4.086429363e+02 +3.876629363e+02 +3.876629363e+02 -9.0564e-02 +8.4424e-02 -2.8183e-02 -1.8777e-01 +7.4957e-02 +6.4105e-01 +2.7589e-01 +1.3137e-01 +7.7185e-02 +2.3934e-01
13 0 +3.759356905e+02 +3.549556905e+02 +3.549556905e+02 -4.4188e-03 +2.2273e-01 -2.6537e-01 -1.7824e-01 -5.6504e-01 +5.7774e-01 -1.6576e-01 +5.4757e-01 -5.1315e-02 +3.7447e-01
19 0 +3.540905627e+02 +3.331105627e+02 +3.331105627e+02 +1.0136e-01 +4.3999e-02 -7.6650e-02 -4.2485e-01 +5.5872e-02 -4.7828e-03 +7.4810e-01 +1.8046e-01 +3.6044e-02 +2.5783e-01
46 0 +3.349618671e+02 +3.139818671e+02 +3.139818671e+02 +9.0289e-01 +1.6132e-01 -2.1137e-01 -8.8004e-02 +8.1375e-02 +1.0479e-01 +3.7140e-02 +6.3759e-01 +2.6149e-01 +1.2346e+00
56 0 +3.171501534e+02 +2.961701534e+02 +2.961701534e+02 +1.1377e+00 -3.7365e-01 -4.6333e-01 -2.2384e-01 +6.8187e-02 +3.6454e-01 -4.1649e-01 +1.0326e+00 +3.5640e-01 +1.3301e+00
57 0 +3.111842631e+02 +2.902042631e+02 +2.902042631e+02 +1.0090e+00 -5.2613e-02 +6.1125e-02 +9.9307e-02 -6.7296e-01 +5.3381e-01 +2.1018e-01 +7.8499e-01 +4.1192e-01 +1.1873e+00
63 0 +3.018318953e+02 +2.808518953e+02 +2.808518953e+02 +9.4955e-01 -1.8968e-01 -5.2512e-03 -2.5403e-01 -5.2433e-01 +7.0415e-01 -2.9940e-01 +9.1767e-01 +1.2694e+00 +1.4272e+00
64 0 +2.923670900e+02 +2.713870900e+02 +2.713870900e+02 +1.1886e+00 -4.9286e-01 -3.7661e-01 -2.1949e-01 -5.4742e-01 +8.1674e-01 +2.2240e-01 +8.7194e-01 +1.0227e+00 +1.2350e+00
67 0 +2.413420508e+02 +2.203620508e+02 +2.203620508e+02 +9.8464e-01 -2.8222e-01 +7.4079e-02 -3.3338e-01 -1.5636e-02 +4.9495e-03 -2.9741e-01 +1.0487e+00 +1.3206e+00 +1.8781e+00
93 0 +2.354329978e+02 +2.144529978e+02 +2.144529978e+02 +8.3367e-01 +7.4969e-01 -7.1219e-01 -3.5344e-01 -5.6462e-01 +7.2284e-02 -3.8834e-02 +1.3457e+00 +1.7871e+00 +2.3106e+00
96 0 +2.219519230e+02 +2.009719230e+02 +2.009719230e+02 +1.1126e+00 +9.4119e-01 +2.0085e-01 -1.2679e-01 +5.0167e-02 -7.2998e-02 -1.5033e-01 +1.2061e+00 +1.5088e+00 +2.0882e+00
99 0 +2.099463640e+02 +1.889663640e+02 +1.889663640e+02 +1.0719e+00 +9.8915e-01 -6.9664e-01 -2.3943e-01 -6.6632e-01 -7.8042e-03 +2.8410e-02 +1.4760e+00 +1.5271e+00 +2.6584e+00
100 0 +1.945620402e+02 +1.735820402e+02 +1.735820402e+02 +1.2983e+00 +4.7328e-01 -4.1815e-01 -1.8444e-01 -3.6943e-01 -4.6188e-01 +2.4651e-01 +1.2449e+00 +1.7763e+00 +2.6616e+00
119 0 +1.891274253e+02 +1.681474253e+02 +1.681474253e+02 +1.0540e+00 +3.6486e-01 -1.0992e+00 -4.3156e-01 -9.6414e-01 -8.7793e-02 +5.2345e-01 +3.0280e+00 +2.3864e+00 +3.8097e+00
151 0 +1.787611406e+02 +1.577811406e+02 +1.577811406e+02 +9.3459e-01 +4.9079e-01 +1.4864e-01 +7.5661e-02 -8.7339e-01 -9.5015e-02 +1.2534e+00 +2.5942e+00 +1.5230e+00 +4.1505e+00
160 0 +1.460385257e+02 +1.250585257e+02 +1.250585257e+02 +6.3081e-01 +8.5541e-01 -1.0394e+00 -2.9915e-01 -4.7373e-01 -6.6486e-01 +2.0065e+00 +2.4137e+00 +1.9578e+00 +3.4685e+00
169 0 +1.424616083e+02 +1.214816083e+02 +1.214816083e+02 +1.3851e-01 +2.5627e-01 -6.1911e-01 -2.2836e-01 -4.9816e-01 -8.2761e-01 +1.3360e+00 +2.1820e+00 +1.4883e+00 +4.1429e+00
171 0 +1.253001847e+02 +1.043201847e+02 +1.043201847e+02 -1.4757e-01 +4.6989e-01 -4.7214e-01 -2.6317e-01 -2.4096e-03 -1.0856e+00 +1.4101e+00 +2.4589e+00 +1.3863e+00 +3.6372e+00
192 0 +1.228729948e+02 +1.018929948e+02 +1.018929948e+02 +1.4619e+00 +9.4589e-01 -7.5295e-01 +4.9469e-01 +6.1525e-02 -6.0577e-01 +2.1897e+00 +2.6928e+00 +1.8774e+00 +3.7602e+00
252 0 +1.165755777e+02 +9.559557766e+01 +9.559557766e+01 +4.4165e-02 +7.9225e-01 -3.9883e-01 -1.1168e-02 +9.2495e-01 -1.4330e+00 +2.4882e+00 +2.6671e+00 +2.0871e+00 +3.3056e+00
253 0 +1.129122114e+02 +9.193221136e+01 +9.193221136e+01 +4.2780e-01 +8.9755e-01 -5.8182e-01 -2.8609e-01 +5.2475e-01 -1.3696e+00 +2.5947e+00 +2.2533e+00 +1.6980e+00 +3.1878e+00
275 0 +9.597813086e+01 +7.499813086e+01 +7.499813086e+01 +6.0995e-01 +1.0064e+00 -7.8435e-01 -3.8574e-01 +7.5407e-01 -1.1384e+00 +2.4418e+00 +2.6647e+00 +2.0092e+00 +3.7767e+00
352 0 +8.687307607e+01 +6.589307607e+01 +6.589307607e+01 -8.9362e-02 +1.0193e+00 -4.7823e-01 -2.5346e-01 +1.0054e+00 -2.8800e-01 +3.0588e+00 +3.0287e+00 +1.7039e+00 +4.0735e+00
386 0 +8.378933524e+01 +6.280933524e+01 +6.280933524e+01 -4.1837e-02 +9.8605e-01 -7.3817e-01 -3.9756e-01 +6.8748e-01 -6.5858e-01 +2.6324e+00 +3.0022e+00 +1.8783e+00 +4.0734e+00
396 0 +8.207745908e+01 +6.109745908e+01 +6.109745908e+01 +5.1845e-02 +1.1274e+00 -1.1117e+00 -2.8861e-01 +8.1492e-01 -3.1048e-01 +2.6285e+00 +2.9091e+00 +1.7940e+00 +3.9517e+00
428 0 +7.986081667e+01 +5.888081667e+01 +5.888081667e+01 +4.5485e-01 +1.1316e+00 -6.0440e-01 -1.8364e-01 +6.3088e-01 -4.3635e-01 +2.5384e+00 +3.2216e+00 +2.1100e+00 +3.7936e+00
440 0 +7.372491253e+01 +5.274491253e+01 +5.274491253e+01 +2.8154e-01 +1.0229e+00 -6.5385e-01 -1.6044e-01 +7.7445e-01 -3.1949e-01 +2.6608e+00 +2.9849e+00 +1.7612e+00 +3.5793e+00
477 0 +6.157771733e+01 +4.059771733e+01 +4.059771733e+01 +4.7513e-01 +9.5654e-01 -6.4996e-01 -2.4631e-01 +7.3355e-01 -4.6581e-01 +2.5542e+00 +2.9976e+00 +1.7918e+00 +3.4434e+00
493 0 +4.985692576e+01 +2.887692576e+01 +2.887692576e+01 +2.8867e-01 +9.6584e-01 -6.1522e-01 -4.1087e-01 +8.5111e-01 -7.1412e-01 +2.9938e+00 +3.4597e+00 +2.1052e+00 +4.1455e+00
685 0 +4.528977939e+01 +2.430977939e+01 +2.430977939e+01 +2.3674e-01 +1.0221e+00 -6.4579e-01 -3.4730e-01 +8.8579e-01 -3.7501e-01 +2.4718e+00 +3.4753e+00 +1.7236e+00 +3.8170e+00
724 0 +3.761981548e+01 +1.663981548e+01 +1.663981548e+01 +2.5463e-01 +1.0415e+00 -6.0843e-01 -3.7018e-01 +8.1439e-01 -4.0946e-01 +2.5078e+00 +3.4548e+00 +1.7383e+00 +3.8325e+00
818 0 +3.479866375e+01 +1.381866375e+01 +1.381866375e+01 +2.9927e-01 +1.0213e+00 -6.0663e-01 -3.2797e-01 +8.3618e-01 -4.0482e-01 +2.5498e+00 +3.4846e+00 +1.7612e+00 +3.8002e+00
847 0 +3.457628618e+01 +1.359628618e+01 +1.359628618e+01 +2.9784e-01 +1.0264e+00 -5.9522e-01 -3.2384e-01 +8.5007e-01 -4.5193e-01 +2.5482e+00 +3.4469e+00 +1.7842e+00 +3.7976e+00
854 0 +3.350511065e+01 +1.252511065e+01 +1.252511065e+01 +2.5516e-01 +1.0320e+00 -5.6643e-01 -3.5849e-01 +8.5781e-01 -4.5661e-01 +2.5512e+00 +3.4609e+00 +1.7742e+00 +3.7821e+00
858 0 +3.270515698e+01 +1.172515698e+01 +1.172515698e+01 +2.6740e-01 +9.9812e-01 -5.8820e-01 -3.6779e-01 +8.3419e-01 -4.4480e-01 +2.5656e+00 +3.4582e+00 +1.7835e+00 +3.8172e+00
922 0 +3.206459294e+01 +1.108459294e+01 +1.108459294e+01 +2.6753e-01 +1.0352e+00 -5.8961e-01 -3.1393e-01 +8.0896e-01 -4.1631e-01 +2.5646e+00 +3.4374e+00 +1.7762e+00 +3.7941e+00
939 0 +3.152917306e+01 +1.054917306e+01 +1.054917306e+01 +2.4186e-01 +1.0081e+00 -5.9381e-01 -3.3372e-01 +8.3473e-01 -4.3098e-01 +2.5665e+00 +3.4403e+00 +1.7706e+00 +3.8115e+00
1058 0 +3.087763080e+01 +9.897630796e+00 +9.897630796e+00 +2.5410e-01 +1.0056e+00 -5.8653e-01 -3.3108e-01 +8.1040e-01 -4.1766e-01 +2.5538e+00 +3.4559e+00 +1.7678e+00 +3.8029e+00
1101 0 +3.012946802e+01 +9.149468015e+00 +9.149468015e+00 +2.3670e-01 +1.0100e+00 -5.7618e-01 -3.3282e-01 +7.9699e-01 -4.1660e-01 +2.5613e+00 +3.4453e+00 +1.7751e+00 +3.8065e+00
1198 0 +2.942081526e+01 +8.440815260e+00 +8.440815260e+00 +2.1494e-01 +9.9814e-01 -5.6758e-01 -3.3880e-01 +8.0892e-01 -4.1657e-01 +2.5760e+00 +3.4533e+00 +1.7731e+00 +3.7981e+00
1352 0 +2.876874225e+01 +7.788742251e+00 +7.788742251e+00 +1.8865e-01 +9.9825e-01 -5.7010e-01 -3.6302e-01 +8.1115e-01 -4.0844e-01 +2.5754e+00 +3.4511e+00 +1.7747e+00 +3.8013e+00
1515 0 +2.817994083e+01 +7.199940825e+00 +7.199940825e+00 +1.3934e-01 +1.0105e+00 -5.6171e-01 -3.6384e-01 +8.3095e-01 -4.0287e-01 +2.5663e+00 +3.4534e+00 +1.7757e+00 +3.7999e+00
% f evaluations | g evaluations | best noise-free fitness - Fopt (1.353300000000e+02) + sum g_i+ | measured fitness | best measured fitness or single-digit g-values | x1 | x2...
1 0 +3.489249109e+02 +4.842549109e+02 +4.842549109e+02 +0.0000e+00 +0.0000e+00 +0.0000e+00 +0.0000e+00 +0.0000e+00 +0.0000e+00 +0.0000e+00 +0.0000e+00 +0.0000e+00 +0.0000e+00
6 0 +3.460257627e+02 +4.813557627e+02 +4.813557627e+02 +1.8723e-01 -2.5702e-01 +1.5212e-01 +1.5671e-02 +5.1476e-01 -6.3323e-02 +3.7553e-01 -3.4671e-01 +9.3874e-02 -2.1343e-01
8 0 +3.195902315e+02 +4.549202315e+02 +4.549202315e+02 +6.0234e-01 +2.6527e-01 +2.8700e-01 -7.0577e-01 +5.2611e-01 +2.0125e-02 -3.9010e-01 +9.9670e-02 +3.8961e-01 -4.6269e-01
18 0 +3.068329423e+02 +4.421629423e+02 +4.421629423e+02 +3.6787e-01 +1.8732e-01 +1.2455e-01 -1.9902e-01 +1.5649e-01 +4.2730e-01 -1.4058e-01 -1.4760e-01 +3.0584e-01 -1.4026e-01
23 0 +2.951286399e+02 +4.304586399e+02 +4.304586399e+02 +5.1690e-01 +1.3641e-01 -3.1220e-03 -5.1815e-02 +6.7984e-01 +5.5215e-01 -3.5912e-01 +2.2901e-01 +2.8100e-01 +3.5610e-01
41 0 +2.827791665e+02 +4.181091665e+02 +4.181091665e+02 +6.5698e-01 +4.6521e-03 +1.5506e-02 -2.8101e-01 +1.9051e-01 -1.4939e-01 +1.6208e-02 +2.3022e-01 +2.9661e-01 +6.7131e-02
93 0 +2.734645753e+02 +4.087945753e+02 +4.087945753e+02 +6.5607e-01 -2.1347e-02 -1.1516e-01 -2.9252e-01 +1.4149e-01 +5.7942e-02 +3.7580e-01 +8.6395e-01 +1.1800e+00 +5.8225e-02
106 0 +2.684905463e+02 +4.038205463e+02 +4.038205463e+02 +7.5609e-01 -2.3278e-01 -2.3091e-01 -3.0691e-01 +4.4731e-01 +1.0978e-02 +4.5843e-01 +1.1233e+00 +1.4082e+00 -1.1934e-01
110 0 +2.440155507e+02 +3.793455507e+02 +3.793455507e+02 +4.8152e-01 -3.9868e-01 +1.1577e-01 -6.0976e-01 +1.2210e-01 +2.9667e-02 +2.6022e-01 +1.3314e+00 +1.0988e+00 +1.0558e-01
128 0 +2.111811386e+02 +3.465111386e+02 +3.465111386e+02 +4.7012e-01 -1.6985e-01 +6.0675e-02 -5.0901e-02 +1.3508e-01 -2.3301e-02 +4.4210e-01 +1.5927e+00 +1.3680e+00 -1.1211e-02
196 0 +2.002108515e+02 +3.355408515e+02 +3.355408515e+02 +4.5372e-01 +2.4053e-02 +1.7338e-01 -2.1152e-01 +5.8204e-01 -1.2647e-01 +6.3991e-01 +1.1943e+00 +1.7502e+00 -6.8859e-01
251 0 +1.982580085e+02 +3.335880085e+02 +3.335880085e+02 +8.0983e-01 -5.4354e-02 +3.2739e-01 -2.1555e-01 +6.1894e-01 -1.1530e-01 +9.8514e-01 +1.0220e+00 +1.6019e+00 -7.6320e-01
254 0 +1.602934090e+02 +2.956234090e+02 +2.956234090e+02 +6.0138e-01 -3.0037e-02 +1.3216e-01 -1.8043e-02 +9.2996e-01 -2.0797e-02 +9.3340e-01 +1.5574e+00 +1.7000e+00 -7.8747e-01
929 0 +1.583734401e+02 +2.937034401e+02 +2.937034401e+02 +5.4036e-01 -1.2001e-02 +1.4524e-01 -1.3919e-02 +7.1163e-01 -6.3342e-02 +9.3451e-01 +1.0117e+00 +1.6901e+00 -4.2164e-01
1028 0 +1.548109349e+02 +2.901409349e+02 +2.901409349e+02 +5.4750e-01 +9.6573e-03 +1.3370e-01 +1.2559e-02 +6.7426e-01 -7.4008e-02 +9.3712e-01 +1.0121e+00 +1.6828e+00 -3.4243e-01
% f evaluations | g evaluations | best noise-free fitness - Fopt (4.066000000000e+01) + sum g_i+ | measured fitness | best measured fitness or single-digit g-values | x1 | x2...
1 0 +3.017115897e+02 +3.423715897e+02 +3.423715897e+02 +0.0000e+00 +0.0000e+00 +0.0000e+00 +0.0000e+00 +0.0000e+00 +0.0000e+00 +0.0000e+00 +0.0000e+00 +0.0000e+00 +0.0000e+00
5 0 +2.915110262e+02 +3.321710262e+02 +3.321710262e+02 -9.0564e-02 +8.4424e-02 -2.8183e-02 -1.8777e-01 +7.4957e-02 +6.4105e-01 +2.7589e-01 +1.3137e-01 +7.7185e-02 +2.3934e-01
6 0 +2.759240457e+02 +3.165840457e+02 +3.165840457e+02 +1.8723e-01 -2.5702e-01 +1.5212e-01 +1.5671e-02 +5.1476e-01 -6.3323e-02 +3.7553e-01 -3.4671e-01 +9.3874e-02 -2.1343e-01
18 0 +2.743415226e+02 +3.150015226e+02 +3.150015226e+02 +1.5449e-01 +1.1448e-01 +1.0401e-01 -3.4227e-01 +9.7146e-03 +4.4042e-01 -8.9072e-02 -2.4898e-01 +3.2456e-01 -2.4218e-02
22 0 +2.691358737e+02 +3.097958737e+02 +3.097958737e+02 +5.4957e-02 +2.6070e-01 -2.9565e-01 -1.9365e-01 -2.1252e-01 +2.7014e-01 +3.1698e-02 -8.2529e-01 +3.9704e-01 +6.7936e-01
24 0 +2.592968953e+02 +2.999568953e+02 +2.999568953e+02 +3.4640e-01 +3.1811e-01 -1.0498e-01 -6.5381e-01 +2.5509e-01 +2.9067e-01 +2.2728e-01 -2.5578e-01 +3.2593e-01 +4.0895e-01
26 0 +2.561819557e+02 +2.968419557e+02 +2.968419557e+02 +2.5815e-01 +2.6229e-01 -1.7790e-01 -7.9836e-02 +6.0110e-01 -4.0740e-01 +3.6209e-01 -7.1633e-01 +4.9731e-02 +2.4371e-01
27 0 +2.432370673e+02 +2.838970673e+02 +2.838970673e+02 +7.8674e-01 -4.0196e-01 -1.3758e-01 -2.9857e-01 +3.7136e-01 -6.4243e-03 +1.2659e-01 -7.7440e-01 +4.8305e-01 +5.2342e-01
39 0 +2.254513181e+02 +2.661113181e+02 +2.661113181e+02 +5.9018e-01 +4.2025e-01 -5.9256e-01 -6.6110e-01 -1.9386e-02 +6.3856e-02 -2.3152e-01 -7.0637e-01 +7.1545e-01 +6.7841e-01
65 0 +2.234859775e+02 +2.641459775e+02 +2.641459775e+02 +6.2211e-01 -3.5732e-01 -1.0661e-01 -2.5335e-01 -1.4505e-01 +1.3184e-01 -3.4751e-01 -4.9781e-01 +7.5599e-01 +9.1602e-01
86 0 +2.131799376e+02 +2.538399376e+02 +2.538399376e+02 +1.4349e+00 +3.6772e-01 -2.1794e-01 -3.5216e-01 -5.0720e-01 +4.3453e-02 -2.4451e-02 -9.8128e-01 +1.6418e+00 +1.6961e+00
94 0 +2.080691905e+02 +2.487291905e+02 +2.487291905e+02 +1.1090e+00 +1.2396e-01 +1.8313e-01 -4.3483e-01 -1.3185e-03 +3.1851e-02 -4.7621e-02 -4.5711e-01 +1.2934e+00 +1.1558e+00
107 0 +1.762096894e+02 +2.168696894e+02 +2.168696894e+02 +1.0817e+00 -2.5193e-01 +1.7661e-01 -5.0199e-01 +2.7520e-02 -5.5634e-01 -2.3197e-01 -7.9260e-01 +1.6111e+00 +1.1285e+00
164 0 +1.659246903e+02 +2.065846903e+02 +2.065846903e+02 +1.3078e+00 -1.8745e-01 +7.2471e-01 -8.7516e-02 +6.6315e-02 -7.8059e-01 -2.1345e-01 -1.6246e+00 +9.3421e-01 +1.4938e+00
186 0 +1.609021884e+02 +2.015621884e+02 +2.015621884e+02 +8.5122e-01 -2.7127e-01 +1.6370e-01 -7.0135e-01 +1.7002e-01 -7.7583e-01 -4.5304e-02 -1.5761e+00 +1.4139e+00 +1.5972e+00
195 0 +1.546108763e+02 +1.952708763e+02 +1.952708763e+02 +1.3609e+00 -4.3737e-01 +5.2297e-01 -1.7819e-01 +2.0903e-01 -8.2813e-01 -1.7121e-01 -1.3570e+00 +1.4505e+00 +1.7067e+00
221 0 +1.405676368e+02 +1.812276368e+02 +1.812276368e+02 +1.1523e+00 -2.7540e-01 +2.0232e-01 -5.8399e-01 +6.7794e-01 -9.1200e-01 -2.3559e-01 -1.6533e+00 +1.3844e+00 +1.7169e+00
250 0 +1.239231523e+02 +1.645831523e+02 +1.645831523e+02 +1.3504e+00 -5.8621e-01 +1.2393e-01 -5.9010e-01 +5.4133e-01 -9.1044e-01 -2.1827e-01 -1.7308e+00 +1.7242e+00 +2.0823e+00
307 0 +1.196319787e+02 +1.602919787e+02 +1.602919787e+02 +1.3065e+00 -4.1296e-01 -3.6639e-02 -5.8974e-01 +5.0323e-01 -8.0292e-01 +3.2298e-01 -1.8033e+00 +1.7690e+00 +2.3201e+00
416 0 +1.139844013e+02 +1.546444013e+02 +1.546444013e+02 +1.2268e+00 -2.9261e-01 +1.0272e-01 -7.1921e-01 +5.7622e-01 -5.5507e-01 +4.3352e-01 -1.4082e+00 +1.8389e+00 +2.0777e+00
426 0 +1.086064055e+02 +1.492664055e+02 +1.492664055e+02 +1.3598e+00 -3.0445e-01 +8.3474e-02 -7.4639e-01 +6.3501e-01 -4.9591e-01 +3.2175e-01 -1.7262e+00 +1.6927e+00 +1.9786e+00
456 0 +1.050090457e+02 +1.456690457e+02 +1.456690457e+02 +1.2647e+00 -3.2195e-01 -6.6416e-02 -7.1738e-01 +5.6410e-01 -4.3210e-01 +4.7201e-01 -1.4275e+00 +1.8026e+00 +1.9928e+00
464 0 +9.417593662e+01 +1.348359366e+02 +1.348359366e+02 +1.0248e+00 -4.8568e-01 +9.3415e-03 -7.2801e-01 +6.4330e-01 -5.0053e-01 +4.1359e-01 -1.4192e+00 +1.7706e+00 +2.0128e+00
487 0 +8.900519122e+01 +1.296651912e+02 +1.296651912e+02 +1.1842e+00 -3.0829e-01 +1.0304e-02 -7.0207e-01 +5.7332e-01 -4.5057e-01 +4.6692e-01 -1.4064e+00 +1.7548e+00 +2.0047e+00
515 0 +8.642971818e+01 +1.270897182e+02 +1.270897182e+02 +1.1295e+00 -3.5325e-01 +6.9297e-03 -6.9195e-01 +6.3031e-01 -4.9184e-01 +4.1482e-01 -1.4045e+00 +1.7494e+00 +2.0214e+00
522 0 +8.151855255e+01 +1.221785526e+02 +1.221785526e+02 +1.1015e+00 -3.9547e-01 +5.7039e-02 -6.5637e-01 +5.8123e-01 -4.6778e-01 +3.6660e-01 -1.4222e+00 +1.7397e+00 +2.0129e+00
611 0 +8.114227143e+01 +1.218022714e+02 +1.218022714e+02 +1.1059e+00 -3.7391e-01 +3.7360e-02 -6.5445e-01 +5.9773e-01 -4.5798e-01 +3.7611e-01 -1.4247e+00 +1.7358e+00 +2.0218e+00
