% f evaluations | g evaluations | best noise-free fitness - Fopt (-4.620900000000e+02) + sum g_i+ | measured fitness | best measured fitness or single-digit g-values | x1 | x2...
1 0 +1.181909657e+02 -3.438990343e+02 -3.438990343e+02 +0.0000e+00 +0.0000e+00 +0.0000e+00 +0.0000e+00 +0.0000e+00
2 0 +1.014268285e+02 -3.606631715e+02 -3.606631715e+02 +4.3379e-01 +3.0692e-02 +9.8026e-02 +3.4094e-01 +2.4727e-01
10 0 +9.955802857e+01 -3.625319714e+02 -3.625319714e+02 +3.8439e-01 -2.3662e-01 +5.4516e-02 +1.9686e-01 +5.7461e-01
27 0 +9.276548234e+01 -3.693245177e+02 -3.693245177e+02 +5.7897e-01 +8.5650e-02 +2.2537e-01 -1.0548e-01 +4.9758e-01
34 0 +8.476988384e+01 -3.773201162e+02 -3.773201162e+02 +6.4802e-01 +1.0048e-01 -5.0786e-02 -7.6910e-02 +4.9751e-01
41 0 +8.212738555e+01 -3.799626144e+02 -3.799626144e+02 +5.0828e-01 -3.0672e-01 -7.5921e-01 +3.3346e-01 +1.1016e+00
50 0 +7.060228174e+01 -3.914877183e+02 -3.914877183e+02 +1.1691e+00 +1.7006e-01 -7.1507e-01 +3.6564e-01 +1.8949e+00
57 0 +6.097105015e+01 -4.011189499e+02 -4.011189499e+02 +1.0932e+00 +1.2706e-01 +1.0843e-01 +2.9175e-01 +1.6381e+00
107 0 +5.592935485e+01 -4.061606451e+02 -4.061606451e+02 +1.3061e+00 -1.7512e-02 -3.1202e-01 +3.5553e-01 +1.5601e+00
146 0 +4.803519487e+01 -4.140548051e+02 -4.140548051e+02 +1.4071e+00 +1.3257e-01 -1.9253e-01 +6.8914e-01 +1.9239e+00
173 0 +4.214978394e+01 -4.199402161e+02 -4.199402161e+02 +1.1635e+00 +4.0905e-03 -1.1086e-01 +7.5547e-01 +1.6161e+00
180 0 +3.935955494e+01 -4.227304451e+02 -4.227304451e+02 +1.2964e+00 +9.3325e-02 -1.8952e-01 +7.3113e-01 +1.5799e+00
193 0 +3.548751232e+01 -4.266024877e+02 -4.266024877e+02 +1.2975e+00 +4.7322e-03 -8.8857e-02 +7.9922e-01 +1.5982e+00
269 0 +3.538079441e+01 -4.267092056e+02 -4.267092056e+02 +1.2465e+00 +6.6574e-02 -1.1309e-01 +7.4655e-01 +1.6009e+00
287 0 +3.465643213e+01 -4.274335679e+02 -4.274335679e+02 +1.2871e+00 +1.1664e-02 -1.3401e-01 +6.9463e-01 +1.6329e+00
288 0 +3.338307176e+01 -4.287069282e+02 -4.287069282e+02 +1.2721e+00 +5.1133e-02 -1.0622e-01 +7.3061e-01 +1.6344e+00
300 0 +3.301180185e+01 -4.290781981e+02 -4.290781981e+02 +1.2679e+00 +3.3465e-02 -9.1938e-02 +7.5060e-01 +1.6099e+00
330 0 +3.198630007e+01 -4.301036999e+02 -4.301036999e+02 +1.3069e+00 +3.0388e-02 -1.1489e-01 +7.2186e-01 +1.6354e+00
345 0 +3.125238923e+01 -4.308376108e+02 -4.308376108e+02 +1.3227e+00 +4.7598e-02 -1.1603e-01 +7.2317e-01 +1.6221e+00
372 0 +3.031325079e+01 -4.317767492e+02 -4.317767492e+02 +1.3381e+00 -1.3301e-03 -7.9193e-02 +7.3982e-01 +1.6249e+00
404 0 +3.002106754e+01 -4.320689325e+02 -4.320689325e+02 +1.3469e+00 +1.3457e-02 -6.1862e-02 +7.2767e-01 +1.6031e+00
% f evaluations | g evaluations | best noise-free fitness - Fopt (7.766000000000e+01) + sum g_i+ | measured fitness | best measured fitness or single-digit g-values | x1 | x2...
1 0 +1.918840342e+02 +2.695440342e+02 +2.695440342e+02 +0.0000e+00 +0.0000e+00 +0.0000e+00 +0.0000e+00 +0.0000e+00
2 0 +1.186993699e+02 +1.963593699e+02 +1.963593699e+02 +4.3379e-01 +3.0692e-02 +9.8026e-02 +3.4094e-01 +2.4727e-01
43 0 +1.169664340e+02 +1.946264340e+02 +1.946264340e+02 +1.8937e+00 +4.8674e-01 -5.6277e-01 +6.5200e-01 +1.9463e+00
44 0 +1.101111151e+02 +1.877711151e+02 +1.877711151e+02 +1.3925e+00 +3.8796e-01 -1.5480e-01 +4.3424e-01 +1.5872e+00
45 0 +8.724089726e+01 +1.649008973e+02 +1.649008973e+02 +1.9216e+00 -1.7237e-01 +2.3614e-01 +3.1608e-01 +1.8524e+00
62 0 +8.358163409e+01 +1.612416341e+02 +1.612416341e+02 +1.4196e+00 -3.5026e-01 +1.3893e-01 +1.2063e+00 +1.1899e+00
73 0 +7.216457436e+01 +1.498245744e+02 +1.498245744e+02 +1.5811e+00 -2.5519e-01 +1.4523e-01 +1.2278e+00 +9.9193e-01
74 0 +7.024321853e+01 +1.479032185e+02 +1.479032185e+02 +2.1488e+00 -3.9200e-02 +5.6516e-01 +1.1345e+00 +1.3370e+00
78 0 +5.561390774e+01 +1.332739077e+02 +1.332739077e+02 +2.3493e+00 -3.0308e-01 -3.3654e-01 +1.2753e+00 +1.4923e+00
103 0 +4.586888766e+01 +1.235288877e+02 +1.235288877e+02 +1.2937e+00 -8.2385e-01 +5.0626e-01 +1.7875e+00 +1.7027e+00
170 0 +4.001830164e+01 +1.176783016e+02 +1.176783016e+02 +1.6762e+00 -5.8258e-02 +2.2250e-01 +2.0923e+00 +1.7660e+00
197 0 +3.419473905e+01 +1.118547391e+02 +1.118547391e+02 +1.5724e+00 -8.2233e-02 +6.1442e-01 +2.1790e+00 +2.0907e+00
211 0 +2.280556967e+01 +1.004655697e+02 +1.004655697e+02 +1.4664e+00 -1.7963e-01 +7.7135e-01 +2.4128e+00 +2.0912e+00
214 0 +1.774350577e+01 +9.540350577e+01 +9.540350577e+01 +1.4336e+00 -1.1824e-01 +7.4030e-01 +2.1041e+00 +2.1516e+00
263 0 +1.619719145e+01 +9.385719145e+01 +9.385719145e+01 +1.4091e+00 -5.0316e-02 +7.4777e-01 +2.1510e+00 +2.1797e+00
299 0 +1.364063870e+01 +9.130063870e+01 +9.130063870e+01 +1.4248e+00 -8.1809e-02 +6.7192e-01 +2.1528e+00 +2.1561e+00
500 0 +1.331726217e+01 +9.097726217e+01 +9.097726217e+01 +1.3847e+00 -4.3199e-02 +6.4848e-01 +2.1444e+00 +2.1536e+00
526 0 +1.307222522e+01 +9.073222522e+01 +9.073222522e+01 +1.4002e+00 -3.1210e-02 +6.5724e-01 +2.1384e+00 +2.1548e+00
% f evaluations | g evaluations | best noise-free fitness - Fopt (1.156800000000e+02) + sum g_i+ | measured fitness | best measured fitness or single-digit g-values | x1 | x2...
1 0 +2.457187506e+02 +3.613987506e+02 +3.613987506e+02 +0.0000e+00 +0.0000e+00 +0.0000e+00 +0.0000e+00 +0.0000e+00
2 0 +2.225338721e+02 +3.382138721e+02 +3.382138721e+02 +4.3379e-01 +3.0692e-02 +9.8026e-02 +3.4094e-01 +2.4727e-01
3 0 +2.011642895e+02 +3.168442895e+02 +3.168442895e+02 +1.7369e-01 -1.1375e-01 -3.0566e-01 +1.1285e-01 -1.5359e-01
25 0 +1.731857114e+02 +2.888657114e+02 +2.888657114e+02 +6.2423e-01 -2.7797e-01 +1.8654e-01 +1.4387e-01 +3.9819e-01
29 0 +1.518106183e+02 +2.674906183e+02 +2.674906183e+02 +3.2330e-01 -2.5145e-01 -6.0233e-01 +5.8996e-01 +6.7719e-01
43 0 +1.017492499e+02 +2.174292499e+02 +2.174292499e+02 +1.3751e+00 -1.0857e-01 -1.4130e+00 +9.6321e-01 +1.9515e+00
52 0 +9.514407061e+01 +2.108240706e+02 +2.108240706e+02 +2.5358e+00 -1.0281e+00 -1.4910e+00 +1.1087e+00 +2.6413e+00
58 0 +6.387452374e+01 +1.795545237e+02 +1.795545237e+02 +2.0287e+00 -1.0492e+00 -2.0996e+00 +9.8752e-01 +3.0393e+00
113 0 +6.061580517e+01 +1.762958052e+02 +1.762958052e+02 +1.9914e+00 -1.2262e-01 -9.0346e-01 +1.3841e+00 +3.3798e+00
126 0 +5.437456452e+01 +1.700545645e+02 +1.700545645e+02 +2.4592e+00 -8.6962e-01 -1.4307e+00 +1.8388e+00 +2.8860e+00
139 0 +3.963021894e+01 +1.553102189e+02 +1.553102189e+02 +2.1057e+00 -3.1386e-01 -1.1807e+00 +1.5517e+00 +3.3341e+00
810 0 +3.657472172e+01 +1.522547217e+02 +1.522547217e+02 +1.2469e+00 -9.0747e-02 -1.3603e+00 +1.5187e+00 +2.9047e+00
826 0 +3.504507591e+01 +1.507250759e+02 +1.507250759e+02 +1.2375e+00 -9.2792e-02 -1.3536e+00 +1.5435e+00 +2.9152e+00
840 0 +3.451681201e+01 +1.501968120e+02 +1.501968120e+02 +1.2298e+00 -9.9390e-02 -1.3502e+00 +1.5341e+00 +2.9038e+00
842 0 +3.338880086e+01 +1.490688009e+02 +1.490688009e+02 +1.2091e+00 -9.8544e-02 -1.3314e+00 +1.5275e+00 +2.9050e+00
852 0 +3.265566886e+01 +1.483356689e+02 +1.483356689e+02 +1.1824e+00 -1.1898e-01 -1.3410e+00 +1.5163e+00 +2.9174e+00
858 0 +3.219128078e+01 +1.478712808e+02 +1.478712808e+02 +1.1458e+00 -1.2014e-01 -1.3267e+00 +1.5412e+00 +2.9183e+00
870 0 +3.133722741e+01 +1.470172274e+02 +1.470172274e+02 +1.1728e+00 -1.6510e-01 -1.3073e+00 +1.5563e+00 +2.9305e+00
1052 0 +3.090175527e+01 +1.465817553e+02 +1.465817553e+02 +1.1815e+00 -1.5926e-01 -1.3028e+00 +1.5387e+00 +2.9117e+00
% f evaluations | g evaluations | best noise-free fitness - Fopt (-3.710000000000e+00) + sum g_i+ | measured fitness | best measured fitness or single-digit g-values | x1 | x2...
1 0 +2.580895641e+02 +2.543795641e+02 +2.543795641e+02 +0.0000e+00 +0.0000e+00 +0.0000e+00 +0.0000e+00 +0.0000e+00
2 0 +2.357584126e+02 +2.320484126e+02 +2.320484126e+02 +4.3379e-01 +3.0692e-02 +9.8026e-02 +3.4094e-01 +2.4727e-01
5 0 +2.052792886e+02 +2.015692886e+02 +2.015692886e+02 +5.3256e-02 -2.3477e-01 +7.8699e-02 +1.0710e-01 +2.4729e-01
25 0 +1.762113808e+02 +1.725013808e+02 +1.725013808e+02 +1.0870e+00 -9.0857e-02 +5.7947e-01 +6.2207e-02 +8.3624e-01
38 0 +1.373977898e+02 +1.336877898e+02 +1.336877898e+02 +2.0393e+00 +5.2159e-01 -3.2558e-02 +8.1358e-01 +1.6990e+00
45 0 +1.185558541e+02 +1.148458541e+02 +1.148458541e+02 +2.6194e+00 -7.0580e-01 +6.5917e-02 +5.7710e-01 +2.9011e+00
55 0 +1.050049188e+02 +1.012949188e+02 +1.012949188e+02 +1.3664e+00 -2.9171e-01 -6.3728e-01 +1.2884e+00 +2.2380e+00
69 0 +9.607245052e+01 +9.236245052e+01 +9.236245052e+01 +1.8677e+00 -5.4353e-01 -2.2833e-01 +1.7267e+00 +2.4066e+00
75 0 +9.487742583e+01 +9.116742583e+01 +9.116742583e+01 +9.9017e-01 -8.9422e-01 -9.3773e-01 +1.6855e+00 +2.3898e+00
84 0 +8.438615385e+01 +8.067615385e+01 +8.067615385e+01 +2.1004e+00 -7.9423e-01 -7.4335e-01 +2.4844e+00 +2.9527e+00
87 0 +8.276139889e+01 +7.905139889e+01 +7.905139889e+01 +1.2301e+00 -7.0589e-01 -3.6285e-01 +1.7967e+00 +1.6794e+00
89 0 +7.071042089e+01 +6.700042089e+01 +6.700042089e+01 +1.9183e+00 -8.3679e-01 -5.2179e-01 +2.3075e+00 +2.1452e+00
101 0 +6.543856404e+01 +6.172856404e+01 +6.172856404e+01 +2.0294e+00 -6.9138e-01 -6.9769e-01 +1.8551e+00 +3.1317e+00
106 0 +6.211857348e+01 +5.840857348e+01 +5.840857348e+01 +3.0067e+00 -1.4228e+00 -7.0822e-01 +2.4189e+00 +3.0773e+00
127 0 +4.783626872e+01 +4.412626872e+01 +4.412626872e+01 +3.2392e+00 -8.1711e-01 -4.5872e-01 +2.7410e+00 +2.9015e+00
185 0 +4.368059298e+01 +3.997059298e+01 +3.997059298e+01 +2.2296e+00 -9.2223e-01 -3.9652e-01 +3.4719e+00 +2.3986e+00
207 0 +4.286054669e+01 +3.915054669e+01 +3.915054669e+01 +2.2363e+00 -8.2397e-01 -4.5259e-01 +3.3826e+00 +2.5048e+00
221 0 +3.879523016e+01 +3.508523016e+01 +3.508523016e+01 +2.0087e+00 -7.3878e-01 -5.2471e-01 +3.5233e+00 +2.5494e+00
222 0 +2.925000169e+01 +2.554000169e+01 +2.554000169e+01 +2.2465e+00 -6.4681e-01 -5.3826e-01 +3.5183e+00 +2.8300e+00
288 0 +2.798105812e+01 +2.427105812e+01 +2.427105812e+01 +2.1438e+00 -7.5896e-01 -5.0053e-01 +3.5097e+00 +2.4362e+00
380 0 +2.743129948e+01 +2.372129948e+01 +2.372129948e+01 +2.1359e+00 -7.7434e-01 -5.3726e-01 +3.5189e+00 +2.4614e+00
412 0 +2.688719609e+01 +2.317719609e+01 +2.317719609e+01 +2.1280e+00 -7.8798e-01 -5.1518e-01 +3.5094e+00 +2.4686e+00
556 0 +2.628798019e+01 +2.257798019e+01 +2.257798019e+01 +2.1217e+00 -7.2901e-01 -4.9594e-01 +3.4927e+00 +2.4690e+00
% f evaluations | g evaluations | best noise-free fitness - Fopt (1.321800000000e+02) + sum g_i+ | measured fitness | best measured fitness or single-digit g-values | x1 | x2...
1 0 +1.867275087e+02 +3.189075087e+02 +3.189075087e+02 +0.0000e+00 +0.0000e+00 +0.0000e+00 +0.0000e+00 +0.0000e+00
2 0 +1.561313859e+02 +2.883113859e+02 +2.883113859e+02 +4.3379e-01 +3.0692e-02 +9.8026e-02 +3.4094e-01 +2.4727e-01
9 0 +1.381679278e+02 +2.703479278e+02 +2.703479278e+02 +6.4105e-01 +2.7589e-01 +1.3137e-01 +7.7185e-02 +2.3934e-01
25 0 +1.304040537e+02 +2.625840537e+02 +2.625840537e+02 +1.0289e+00 -2.5525e-02 +6.8764e-01 -1.8563e-01 +8.2763e-01
27 0 +1.255476524e+02 +2.577276524e+02 +2.577276524e+02 +1.0601e+00 +1.9354e-01 +8.5582e-01 -2.0905e-01 +6.7677e-01
34 0 +1.130769290e+02 +2.452569290e+02 +2.452569290e+02 +1.1191e+00 +1.1021e-01 +5.1055e-01 -2.0601e-01 +7.0444e-01
43 0 +1.064446458e+02 +2.386246458e+02 +2.386246458e+02 +1.9817e+00 +4.3759e-01 +1.9141e-01 +1.2131e-01 +1.7476e+00
45 0 +8.851146153e+01 +2.206914615e+02 +2.206914615e+02 +2.3719e+00 -2.7451e-01 +1.0815e+00 -1.7940e-01 +1.8286e+00
49 0 +6.354345083e+01 +1.957234508e+02 +1.957234508e+02 +1.6724e+00 +7.8740e-01 +6.4943e-01 -1.0594e+00 +1.6021e+00
67 0 +5.408943355e+01 +1.862694336e+02 +1.862694336e+02 +1.8891e+00 +6.2676e-01 +3.6570e-02 -1.4607e+00 +2.4670e+00
117 0 +4.587478525e+01 +1.780547853e+02 +1.780547853e+02 +3.6799e+00 +1.4166e-01 +1.0703e+00 -7.6568e-01 +1.8544e+00
175 0 +4.407923335e+01 +1.762592334e+02 +1.762592334e+02 +3.6333e+00 +6.5505e-01 +1.0587e+00 -1.7995e+00 +2.4921e+00
254 0 +4.129138814e+01 +1.734713881e+02 +1.734713881e+02 +2.7496e+00 +5.9413e-01 +1.1480e+00 -9.9210e-01 +1.7955e+00
269 0 +3.591530309e+01 +1.680953031e+02 +1.680953031e+02 +2.8680e+00 +5.8708e-01 +1.1547e+00 -1.0301e+00 +1.8077e+00
288 0 +2.919315757e+01 +1.613731576e+02 +1.613731576e+02 +2.8076e+00 +6.3750e-01 +1.1447e+00 -1.0711e+00 +1.8368e+00
330 0 +2.863867756e+01 +1.608186776e+02 +1.608186776e+02 +2.7543e+00 +7.3264e-01 +1.1197e+00 -1.0508e+00 +1.8072e+00
377 0 +2.787184713e+01 +1.600518471e+02 +1.600518471e+02 +2.7323e+00 +6.7096e-01 +1.1193e+00 -1.0616e+00 +1.8163e+00
395 0 +2.729703866e+01 +1.594770387e+02 +1.594770387e+02 +2.7285e+00 +6.7099e-01 +1.1395e+00 -1.0618e+00 +1.8187e+00
404 0 +2.635049634e+01 +1.585304963e+02 +1.585304963e+02 +2.7694e+00 +6.7984e-01 +1.1451e+00 -1.0633e+00 +1.8128e+00
482 0 +2.630117469e+01 +1.584811747e+02 +1.584811747e+02 +2.7592e+00 +6.6637e-01 +1.1475e+00 -1.0646e+00 +1.8046e+00
% f evaluations | g evaluations | best noise-free fitness - Fopt (-3.930000000000e+01) + sum g_i+ | measured fitness | best measured fitness or single-digit g-values | x1 | x2...
1 0 +1.324979894e+02 +9.319798943e+01 +9.319798943e+01 +0.0000e+00 +0.0000e+00 +0.0000e+00 +0.0000e+00 +0.0000e+00
2 0 +9.253083641e+01 +5.323083641e+01 +5.323083641e+01 +4.3379e-01 +3.0692e-02 +9.8026e-02 +3.4094e-01 +2.4727e-01
29 0 +8.764860473e+01 +4.834860473e+01 +4.834860473e+01 +4.9259e-01 -2.3661e-01 -1.0076e-01 +8.1247e-01 +6.5258e-01
38 0 +7.872246666e+01 +3.942246666e+01 +3.942246666e+01 +1.7629e+00 +4.3875e-01 +3.8772e-02 +1.3691e+00 +4.3110e-01
43 0 +6.409601386e+01 +2.479601386e+01 +2.479601386e+01 +1.5635e+00 +3.3984e-01 -6.1107e-01 +1.3226e+00 +1.0702e+00
80 0 +5.819996046e+01 +1.889996046e+01 +1.889996046e+01 +1.6631e+00 -5.7604e-01 -1.4170e-03 +1.3290e+00 +3.5742e-01
94 0 +4.929268293e+01 +9.992682930e+00 +9.992682930e+00 +2.4934e+00 -1.4084e+00 -1.3364e-01 +2.4766e+00 +2.7432e-01
129 0 +4.744914009e+01 +8.149140090e+00 +8.149140090e+00 +2.7483e+00 -1.9034e+00 -1.4724e-01 +2.9458e+00 +7.0689e-01
156 0 +4.398862651e+01 +4.688626507e+00 +4.688626507e+00 +1.6223e+00 -5.4995e-01 +1.6065e-01 +2.2118e+00 +2.6628e-01
164 0 +3.368292963e+01 -5.617070372e+00 -5.617070372e+00 +1.4706e+00 -6.0604e-01 +8.2333e-02 +2.9459e+00 +9.1655e-01
255 0 +2.730576986e+01 -1.199423014e+01 -1.199423014e+01 +1.4707e+00 -1.2610e+00 +8.3229e-01 +2.8594e+00 +3.5909e-01
389 0 +2.425750734e+01 -1.504249266e+01 -1.504249266e+01 +1.6362e+00 -1.2480e+00 +7.9154e-01 +2.9380e+00 +3.8624e-01
391 0 +2.320324959e+01 -1.609675041e+01 -1.609675041e+01 +1.6709e+00 -1.2163e+00 +7.7905e-01 +2.9852e+00 +3.5636e-01
436 0 +2.281462175e+01 -1.648537825e+01 -1.648537825e+01 +1.5838e+00 -1.2695e+00 +7.5427e-01 +2.8860e+00 +3.5487e-01
463 0 +2.045064978e+01 -1.884935022e+01 -1.884935022e+01 +1.6252e+00 -1.2122e+00 +7.4941e-01 +2.9393e+00 +3.5271e-01
469 0 +1.912058367e+01 -2.017941633e+01 -2.017941633e+01 +1.5988e+00 -1.2162e+00 +7.4546e-01 +2.9217e+00 +3.3841e-01
492 0 +1.800283487e+01 -2.129716513e+01 -2.129716513e+01 +1.5776e+00 -1.2286e+00 +7.5372e-01 +2.9153e+00 +3.2871e-01
500 0 +1.735014313e+01 -2.194985687e+01 -2.194985687e+01 +1.6184e+00 -1.2359e+00 +7.7825e-01 +2.9628e+00 +3.1291e-01
506 0 +1.644945504e+01 -2.285054496e+01 -2.285054496e+01 +1.5747e+00 -1.2217e+00 +7.4700e-01 +2.9564e+00 +3.3181e-01
525 0 +1.590084971e+01 -2.339915029e+01 -2.339915029e+01 +1.5398e+00 -1.2232e+00 +7.6233e-01 +2.9354e+00 +3.0877e-01
538 0 +1.577430300e+01 -2.352569700e+01 -2.352569700e+01 +1.5538e+00 -1.2453e+00 +7.7376e-01 +2.9451e+00 +3.0206e-01
586 0 +1.539798707e+01 -2.390201293e+01 -2.390201293e+01 +1.5606e+00 -1.2269e+00 +7.6140e-01 +2.9564e+00 +3.1745e-01
650 0 +1.513457247e+01 -2.416542753e+01 -2.416542753e+01 +1.5488e+00 -1.2119e+00 +7.7290e-01 +2.9594e+00 +3.1758e-01
% f evaluations | g evaluations | best noise-free fitness - Fopt (4.296000000000e+01) + sum g_i+ | measured fitness | best measured fitness or single-digit g-values | x1 | x2...
1 0 +1.213836096e+02 +1.643436096e+02 +1.643436096e+02 +0.0000e+00 +0.0000e+00 +0.0000e+00 +0.0000e+00 +0.0000e+00
2 0 +9.560259892e+01 +1.385625989e+02 +1.385625989e+02 +4.3379e-01 +3.0692e-02 +9.8026e-02 +3.4094e-01 +2.4727e-01
4 0 +8.919670485e+01 +1.321567048e+02 +1.321567048e+02 +2.4817e-01 +6.3376e-02 -2.2359e-01 +8.0318e-02 +2.1275e-01
9 0 +7.003016204e+01 +1.129901620e+02 +1.129901620e+02 +6.4105e-01 +2.7589e-01 +1.3137e-01 +7.7185e-02 +2.3934e-01
17 0 +6.226499511e+01 +1.052249951e+02 +1.052249951e+02 +4.2794e-01 +1.1030e-01 +3.0960e-01 +5.4191e-01 +1.7087e-01
26 0 +5.947214014e+01 +1.024321401e+02 +1.024321401e+02 +1.6000e+00 -3.1180e-01 +4.5805e-01 -1.0876e-01 +1.5634e-01
38 0 +3.994746933e+01 +8.290746933e+01 +8.290746933e+01 +1.7128e+00 +4.0725e-01 +4.4201e-01 +4.5748e-01 +9.2200e-01
352 0 +3.898401427e+01 +8.194401427e+01 +8.194401427e+01 +4.5889e-01 -4.9508e-01 -9.7718e-02 +1.4347e+00 +8.8159e-01
355 0 +3.749128265e+01 +8.045128265e+01 +8.045128265e+01 +5.1386e-01 -5.1076e-01 -7.6420e-02 +1.4415e+00 +8.8651e-01
396 0 +3.689718272e+01 +7.985718272e+01 +7.985718272e+01 +4.9868e-01 -5.1822e-01 -7.7521e-02 +1.4611e+00 +8.8630e-01
441 0 +3.625130358e+01 +7.921130358e+01 +7.921130358e+01 +4.9712e-01 -5.3276e-01 -9.2952e-02 +1.4644e+00 +8.8785e-01
% f evaluations | g evaluations | best noise-free fitness - Fopt (2.842200000000e+02) + sum g_i+ | measured fitness | best measured fitness or single-digit g-values | x1 | x2...
1 0 +9.418868072e+01 +3.784086807e+02 +3.784086807e+02 +0.0000e+00 +0.0000e+00 +0.0000e+00 +0.0000e+00 +0.0000e+00
5 0 +9.400471711e+01 +3.782247171e+02 +3.782247171e+02 +5.3256e-02 -2.3477e-01 +7.8699e-02 +1.0710e-01 +2.4729e-01
10 0 +8.609338400e+01 +3.703133840e+02 +3.703133840e+02 +3.3340e-01 -4.4727e-01 +1.1998e-02 +2.2572e-01 +3.5707e-01
43 0 +7.635410829e+01 +3.605741083e+02 +3.605741083e+02 +3.0758e-01 -2.2292e-01 -6.7169e-01 +3.1608e-01 +1.0816e+00
44 0 +6.313255206e+01 +3.473525521e+02 +3.473525521e+02 +1.3320e-01 -2.0714e-01 -3.6868e-01 +2.0880e-01 +9.1853e-01
69 0 +5.518917827e+01 +3.394091783e+02 +3.394091783e+02 +2.5553e-01 -4.6081e-01 -4.3491e-01 +7.4429e-01 +1.1817e+00
87 0 +4.808749864e+01 +3.323074986e+02 +3.323074986e+02 +1.9573e-01 -3.5035e-01 -6.1682e-01 +7.3494e-01 +1.1652e+00
135 0 +4.539669502e+01 +3.296166950e+02 +3.296166950e+02 +3.8282e-01 -2.8862e-01 -4.2965e-01 +7.0236e-01 +1.2062e+00
152 0 +4.240725612e+01 +3.266272561e+02 +3.266272561e+02 +9.8821e-02 -1.2032e-01 -5.3806e-01 +7.0722e-01 +1.2151e+00
184 0 +4.033430967e+01 +3.245543097e+02 +3.245543097e+02 +1.5927e-01 -1.1344e-01 -5.2441e-01 +6.1956e-01 +1.1550e+00
187 0 +3.883724602e+01 +3.230572460e+02 +3.230572460e+02 +2.5012e-01 -1.6214e-01 -4.5790e-01 +6.9888e-01 +1.1137e+00
195 0 +3.354164043e+01 +3.177616404e+02 +3.177616404e+02 +1.5693e-01 -1.8248e-01 -4.7808e-01 +6.9175e-01 +1.1561e+00
395 0 +3.305479372e+01 +3.172747937e+02 +3.172747937e+02 +1.8445e-01 -2.0953e-01 -5.0011e-01 +6.7570e-01 +1.1513e+00
% f evaluations | g evaluations | best noise-free fitness - Fopt (-3.217000000000e+01) + sum g_i+ | measured fitness | best measured fitness or single-digit g-values | x1 | x2...
1 0 +2.171020752e+02 +1.849320752e+02 +1.849320752e+02 +0.0000e+00 +0.0000e+00 +0.0000e+00 +0.0000e+00 +0.0000e+00
2 0 +1.685072471e+02 +1.363372471e+02 +1.363372471e+02 +4.3379e-01 +3.0692e-02 +9.8026e-02 +3.4094e-01 +2.4727e-01
10 0 +1.378132699e+02 +1.056432699e+02 +1.056432699e+02 +5.6355e-01 -1.9568e-01 +1.6467e-01 +1.8811e-01 +7.3826e-01
27 0 +1.134257686e+02 +8.125576860e+01 +8.125576860e+01 +9.7692e-01 +3.9124e-01 +4.0838e-01 -3.7215e-02 +1.0246e+00
28 0 +8.740147258e+01 +5.523147258e+01 +5.523147258e+01 +1.2668e+00 +1.9202e-01 -2.3421e-01 +3.0405e-02 +1.9073e+00
43 0 +8.490572425e+01 +5.273572425e+01 +5.273572425e+01 +2.0096e+00 +6.5581e-01 -5.2390e-01 +2.1758e-01 +2.7083e+00
44 0 +5.440688406e+01 +2.223688406e+01 +2.223688406e+01 +1.4022e+00 +5.5323e-01 -6.2946e-02 +3.4723e-02 +2.2299e+00
108 0 +3.249513097e+01 +3.251309695e-01 +3.251309695e-01 +1.4282e+00 +5.0959e-01 -2.9231e-01 -4.8708e-01 +2.9356e+00
144 0 +3.075601521e+01 -1.413984787e+00 -1.413984787e+00 +1.4269e+00 +8.0333e-01 -1.4455e-01 -1.6896e-01 +2.9661e+00
157 0 +2.412263727e+01 -8.047362730e+00 -8.047362730e+00 +1.3584e+00 +6.1476e-01 -4.6564e-02 +7.3377e-01 +3.3649e+00
186 0 +2.012179977e+01 -1.204820023e+01 -1.204820023e+01 +1.4354e+00 +9.5303e-01 -6.7102e-02 +2.6764e-01 +3.6153e+00
187 0 +6.582600803e+00 -2.558739920e+01 -2.558739920e+01 +1.4506e+00 +1.0386e+00 -1.9436e-01 +2.7793e-01 +3.3997e+00
355 0 +6.318805917e+00 -2.585119408e+01 -2.585119408e+01 +1.3662e+00 +1.0543e+00 -1.5687e-01 +2.7104e-01 +3.3929e+00
371 0 +5.909638822e+00 -2.626036118e+01 -2.626036118e+01 +1.3553e+00 +1.0477e+00 -1.5722e-01 +2.8781e-01 +3.3864e+00
372 0 +4.770467274e+00 -2.739953273e+01 -2.739953273e+01 +1.3942e+00 +1.0659e+00 -1.3004e-01 +3.0062e-01 +3.3848e+00
412 0 +4.650352170e+00 -2.751964783e+01 -2.751964783e+01 +1.4004e+00 +1.0526e+00 -1.1598e-01 +3.1080e-01 +3.3932e+00
427 0 +4.500668337e+00 -2.766933166e+01 -2.766933166e+01 +1.4013e+00 +1.0515e+00 -1.3832e-01 +2.9720e-01 +3.3923e+00
436 0 +4.387089310e+00 -2.778291069e+01 -2.778291069e+01 +1.4107e+00 +1.0553e+00 -1.3792e-01 +3.1164e-01 +3.3915e+00
441 0 +4.339249577e+00 -2.783075042e+01 -2.783075042e+01 +1.4184e+00 +1.0519e+00 -1.4319e-01 +3.0845e-01 +3.3983e+00
453 0 +4.250423298e+00 -2.791957670e+01 -2.791957670e+01 +1.4382e+00 +1.0625e+00 -1.5661e-01 +2.9923e-01 +3.3930e+00
467 0 +4.098171008e+00 -2.807182899e+01 -2.807182899e+01 +1.4290e+00 +1.0548e+00 -1.4106e-01 +3.0707e-01 +3.3885e+00
520 0 +4.061712550e+00 -2.810828745e+01 -2.810828745e+01 +1.4286e+00 +1.0507e+00 -1.3386e-01 +3.0060e-01 +3.3916e+00
750 0 +3.980510358e+00 -2.818948964e+01 -2.818948964e+01 +1.4461e+00 +1.0502e+00 -1.3557e-01 +3.0337e-01 +3.3908e+00
% f evaluations | g evaluations | best noise-free fitness - Fopt (-5.858000000000e+01) + sum g_i+ | measured fitness | best measured fitness or single-digit g-values | x1 | x2...
1 0 +2.560737752e+02 +1.974937752e+02 +1.974937752e+02 +0.0000e+00 +0.0000e+00 +0.0000e+00 +0.0000e+00 +0.0000e+00
2 0 +2.072918887e+02 +1.487118887e+02 +1.487118887e+02 +4.3379e-01 +3.0692e-02 +9.8026e-02 +3.4094e-01 +2.4727e-01
10 0 +1.646322589e+02 +1.060522589e+02 +1.060522589e+02 +5.0455e-01 -1.8509e-01 +1.5604e-01 +1.9913e-01 +6.0155e-01
20 0 +1.620974336e+02 +1.035174336e+02 +1.035174336e+02 +7.4462e-01 +4.5622e-01 -2.4794e-01 +6.0428e-01 +3.9876e-01
29 0 +1.572862619e+02 +9.870626191e+01 +9.870626191e+01 +5.4962e-01 +3.4331e-02 -3.3100e-01 +4.6956e-01 +9.9942e-01
35 0 +1.393302080e+02 +8.075020801e+01 +8.075020801e+01 +1.4257e+00 +1.9511e-01 -1.8823e-01 +4.2824e-01 +1.2213e+00
36 0 +1.270347867e+02 +6.845478668e+01 +6.845478668e+01 +8.7210e-01 +4.0858e-01 -1.0774e-01 -1.6142e-01 +1.2108e+00
37 0 +1.185403921e+02 +5.996039210e+01 +5.996039210e+01 +8.1142e-01 +1.1881e+00 -2.4183e-02 +2.3282e-01 +1.3056e+00
43 0 +1.155733712e+02 +5.699337120e+01 +5.699337120e+01 +1.9909e+00 +7.9845e-01 -8.6762e-01 +7.1896e-01 +2.7630e+00
45 0 +9.931243316e+01 +4.073243316e+01 +4.073243316e+01 +1.8784e+00 -1.3091e-01 +1.4099e-01 +2.7878e-01 +2.3793e+00
61 0 +8.264335406e+01 +2.406335406e+01 +2.406335406e+01 +2.6257e+00 +8.9624e-01 -1.2769e+00 +1.0612e+00 +3.2942e+00
63 0 +7.723257287e+01 +1.865257287e+01 +1.865257287e+01 +2.8925e+00 +1.4432e+00 -9.4804e-02 +9.2234e-01 +3.4913e+00
86 0 +6.791946436e+01 +9.339464359e+00 +9.339464359e+00 +1.7655e+00 -9.4811e-01 -8.7667e-02 +1.2970e+00 +1.7738e+00
100 0 +6.659447006e+01 +8.014470063e+00 +8.014470063e+00 +1.6185e+00 -1.4785e-01 +4.7974e-01 +6.8032e-01 +2.7311e+00
101 0 +5.086722585e+01 -7.712774152e+00 -7.712774152e+00 +2.4243e+00 -6.8006e-01 -3.8183e-01 +1.4139e+00 +3.2846e+00
124 0 +4.903863334e+01 -9.541366658e+00 -9.541366658e+00 +2.5142e+00 -1.0815e+00 +5.8576e-01 +1.5692e+00 +2.3926e+00
130 0 +4.064616045e+01 -1.793383955e+01 -1.793383955e+01 +1.6756e+00 -1.0595e+00 +3.6308e-01 +1.4995e+00 +2.1876e+00
131 0 +3.696799802e+01 -2.161200198e+01 -2.161200198e+01 +2.6104e+00 -9.1034e-01 -8.7776e-02 +1.2035e+00 +3.5773e+00
177 0 +3.285047428e+01 -2.572952572e+01 -2.572952572e+01 +1.5064e+00 -7.1300e-01 +3.2848e-01 +1.4597e+00 +2.5983e+00
181 0 +2.370519879e+01 -3.487480121e+01 -3.487480121e+01 +1.7429e+00 -8.9856e-01 -5.1594e-02 +1.4344e+00 +3.2552e+00
217 0 +1.824256089e+01 -4.033743911e+01 -4.033743911e+01 +1.5522e+00 -1.0462e+00 -7.4236e-02 +1.8894e+00 +2.8754e+00
249 0 +1.781362751e+01 -4.076637249e+01 -4.076637249e+01 +1.6530e+00 -8.7865e-01 -1.3170e-01 +1.8150e+00 +2.9055e+00
304 0 +1.427916288e+01 -4.430083712e+01 -4.430083712e+01 +1.6206e+00 -8.8230e-01 -1.1026e-01 +1.8376e+00 +2.9092e+00
378 0 +1.409170523e+01 -4.448829477e+01 -4.448829477e+01 +1.6269e+00 -9.4588e-01 -1.2530e-01 +1.8626e+00 +2.9096e+00
389 0 +1.370650596e+01 -4.487349404e+01 -4.487349404e+01 +1.6323e+00 -9.2278e-01 -1.1275e-01 +1.8686e+00 +2.8935e+00
425 0 +1.329951195e+01 -4.528048805e+01 -4.528048805e+01 +1.5826e+00 -8.9459e-01 -1.1965e-01 +1.8636e+00 +2.9123e+00
427 0 +1.311561455e+01 -4.546438545e+01 -4.546438545e+01 +1.5973e+00 -9.1997e-01 -1.0858e-01 +1.8723e+00 +2.9065e+00
% f evaluations | g evaluations | best noise-free fitness - Fopt (-6.049200000000e+02) + sum g_i+ | measured fitness | best measured fitness or single-digit g-values | x1 | x2...
1 0 +9.358817336e+01 -5.113318266e+02 -5.113318266e+02 +0.0000e+00 +0.0000e+00 +0.0000e+00 +0.0000e+00 +0.0000e+00
3 0 +9.123090625e+01 -5.136890938e+02 -5.136890938e+02 +1.7369e-01 -1.1375e-01 -3.0566e-01 +1.1285e-01 -1.5359e-01
5 0 +8.985493720e+01 -5.150650628e+02 -5.150650628e+02 +5.3256e-02 -2.3477e-01 +7.8699e-02 +1.0710e-01 +2.4729e-01
6 0 +8.662580192e+01 -5.182941981e+02 -5.182941981e+02 +2.1661e-01 -2.7248e-01 -1.4933e-01 +1.8171e-01 -5.0930e-01
7 0 +6.780097344e+01 -5.371190266e+02 -5.371190266e+02 +2.3317e-01 -2.5183e-01 -1.2653e-01 +4.3300e-01 -1.9345e-02
59 0 +5.606519167e+01 -5.488548083e+02 -5.488548083e+02 -2.0670e-02 -2.1625e-01 -2.2873e-01 -2.6738e-01 -2.3782e-01
159 0 +4.832002623e+01 -5.565999738e+02 -5.565999738e+02 +6.1992e-02 -3.3552e-01 -3.2626e-01 +4.0520e-01 +2.2128e-02
177 0 +4.647172306e+01 -5.584482769e+02 -5.584482769e+02 +2.0669e-02 -2.8416e-01 -3.7666e-01 +3.2954e-01 +6.5722e-02
194 0 +3.843501608e+01 -5.664849839e+02 -5.664849839e+02 +8.3581e-03 -3.2752e-01 -2.7831e-01 +3.3844e-01 +7.3361e-02
252 0 +3.705599367e+01 -5.678640063e+02 -5.678640063e+02 -5.5720e-03 -2.8344e-01 -2.7187e-01 +3.5584e-01 +4.7967e-02
285 0 +3.610468367e+01 -5.688153163e+02 -5.688153163e+02 -3.3237e-02 -2.5088e-01 -2.4367e-01 +3.5004e-01 +4.9779e-02
330 0 +3.547853922e+01 -5.694414608e+02 -5.694414608e+02 -2.4744e-02 -2.3780e-01 -2.3141e-01 +3.4624e-01 +5.2643e-02
% f evaluations | g evaluations | best noise-free fitness - Fopt (1.337000000000e+02) + sum g_i+ | measured fitness | best measured fitness or single-digit g-values | x1 | x2...
1 0 +2.379222058e+02 +3.716222058e+02 +3.716222058e+02 +0.0000e+00 +0.0000e+00 +0.0000e+00 +0.0000e+00 +0.0000e+00
2 0 +1.729235534e+02 +3.066235534e+02 +3.066235534e+02 +4.3379e-01 +3.0692e-02 +9.8026e-02 +3.4094e-01 +2.4727e-01
10 0 +1.677093067e+02 +3.014093067e+02 +3.014093067e+02 +6.1244e-01 -2.0277e-01 +1.1033e-01 +2.7485e-01 +6.6992e-01
20 0 +1.488531877e+02 +2.825531877e+02 +2.825531877e+02 +9.0510e-01 +4.9340e-01 -3.3772e-01 +7.3539e-01 +4.7511e-01
28 0 +8.354877906e+01 +2.172487791e+02 +2.172487791e+02 +1.4957e+00 +1.8893e-01 -1.4837e-01 +4.3748e-01 +1.5571e+00
43 0 +7.669796813e+01 +2.103979681e+02 +2.103979681e+02 +2.8562e+00 +3.6196e-01 -7.3131e-01 +1.3513e+00 +2.5372e+00
68 0 +7.467890537e+01 +2.083789054e+02 +2.083789054e+02 +2.8771e+00 +4.3231e-01 -1.0243e+00 +1.7895e+00 +2.9612e+00
69 0 +4.272680957e+01 +1.764268096e+02 +1.764268096e+02 +2.4888e+00 +1.3857e-01 -3.4670e-01 +1.9907e+00 +2.8359e+00
116 0 +3.088967858e+01 +1.645896786e+02 +1.645896786e+02 +1.9264e+00 -4.2934e-01 -2.1661e-01 +1.5136e+00 +2.9794e+00
118 0 +1.743933136e+01 +1.511393314e+02 +1.511393314e+02 +2.2805e+00 +1.6520e-01 -1.9656e-01 +1.4432e+00 +2.9962e+00
163 0 +1.642505208e+01 +1.501250521e+02 +1.501250521e+02 +2.4168e+00 +4.0210e-02 -3.5493e-01 +2.3567e+00 +3.6857e+00
207 0 +1.540956767e+01 +1.491095677e+02 +1.491095677e+02 +2.2878e+00 +1.9931e-01 -2.1885e-01 +1.9408e+00 +3.3364e+00
233 0 +1.320035435e+01 +1.469003544e+02 +1.469003544e+02 +2.3389e+00 +9.9102e-02 -2.1795e-01 +1.9572e+00 +3.4156e+00
247 0 +1.241369428e+01 +1.461136943e+02 +1.461136943e+02 +2.3228e+00 +1.8050e-01 -2.8266e-01 +1.9551e+00 +3.3543e+00
258 0 +1.058663661e+01 +1.442866366e+02 +1.442866366e+02 +2.3828e+00 +2.1143e-01 -2.9611e-01 +1.9294e+00 +3.3468e+00
281 0 +8.901193355e+00 +1.426011934e+02 +1.426011934e+02 +2.3506e+00 +1.7541e-01 -2.7679e-01 +1.9130e+00 +3.3547e+00
288 0 +8.495794779e+00 +1.421957948e+02 +1.421957948e+02 +2.3439e+00 +1.8579e-01 -2.1820e-01 +1.9402e+00 +3.3938e+00
292 0 +5.874699328e+00 +1.395746993e+02 +1.395746993e+02 +2.3796e+00 +1.9894e-01 -2.3522e-01 +1.9255e+00 +3.3848e+00
330 0 +5.668249334e+00 +1.393682493e+02 +1.393682493e+02 +2.3809e+00 +1.7696e-01 -2.3549e-01 +1.9326e+00 +3.3907e+00
345 0 +5.091001393e+00 +1.387910014e+02 +1.387910014e+02 +2.3978e+00 +1.8865e-01 -2.3712e-01 +1.9354e+00 +3.3761e+00
348 0 +4.919736328e+00 +1.386197363e+02 +1.386197363e+02 +2.3874e+00 +1.8061e-01 -2.3907e-01 +1.9242e+00 +3.3810e+00
368 0 +4.529809103e+00 +1.382298091e+02 +1.382298091e+02 +2.3924e+00 +1.6328e-01 -2.3440e-01 +1.9313e+00 +3.3792e+00
404 0 +3.921671241e+00 +1.376216712e+02 +1.376216712e+02 +2.4086e+00 +1.6794e-01 -2.2383e-01 +1.9163e+00 +3.3739e+00
417 0 +3.633020538e+00 +1.373330205e+02 +1.373330205e+02 +2.4182e+00 +1.4895e-01 -2.1738e-01 +1.9130e+00 +3.3806e+00
418 0 +3.389818328e+00 +1.370898183e+02 +1.370898183e+02 +2.4631e+00 +1.7147e-01 -2.1803e-01 +1.9211e+00 +3.3846e+00
460 0 +3.332410371e+00 +1.370324104e+02 +1.370324104e+02 +2.4435e+00 +1.5922e-01 -2.2981e-01 +1.9100e+00 +3.3762e+00
467 0 +3.164687905e+00 +1.368646879e+02 +1.368646879e+02 +2.4681e+00 +1.5889e-01 -2.1982e-01 +1.9054e+00 +3.3751e+00
492 0 +3.124822648e+00 +1.368248226e+02 +1.368248226e+02 +2.4541e+00 +1.5744e-01 -2.1958e-01 +1.9120e+00 +3.3780e+00
526 0 +3.077671700e+00 +1.367776717e+02 +1.367776717e+02 +2.4701e+00 +1.5923e-01 -2.1959e-01 +1.9097e+00 +3.3770e+00
593 0 +3.016856807e+00 +1.367168568e+02 +1.367168568e+02 +2.4738e+00 +1.5524e-01 -2.2193e-01 +1.9169e+00 +3.3792e+00
% f evaluations | g evaluations | best noise-free fitness - Fopt (-2.098000000000e+01) + sum g_i+ | measured fitness | best measured fitness or single-digit g-values | x1 | x2...
1 0 +1.257910081e+02 +1.048110081e+02 +1.048110081e+02 +0.0000e+00 +0.0000e+00 +0.0000e+00 +0.0000e+00 +0.0000e+00
2 0 +1.035367465e+02 +8.255674651e+01 +8.255674651e+01 +4.3379e-01 +3.0692e-02 +9.8026e-02 +3.4094e-01 +2.4727e-01
4 0 +9.773942605e+01 +7.675942605e+01 +7.675942605e+01 +2.4817e-01 +6.3376e-02 -2.2359e-01 +8.0318e-02 +2.1275e-01
5 0 +9.655216669e+01 +7.557216669e+01 +7.557216669e+01 +5.3256e-02 -2.3477e-01 +7.8699e-02 +1.0710e-01 +2.4729e-01
10 0 +8.345155460e+01 +6.247155460e+01 +6.247155460e+01 +4.3671e-01 -3.3702e-01 +8.9109e-02 +2.8197e-01 +6.5011e-01
28 0 +7.859189241e+01 +5.761189241e+01 +5.761189241e+01 +8.5965e-01 -2.4084e-01 -1.0768e-01 -2.0411e-01 +1.6057e+00
35 0 +6.987617948e+01 +4.889617948e+01 +4.889617948e+01 +1.1140e+00 -3.0735e-01 -2.0492e-02 +6.2723e-02 +1.0026e+00
43 0 +6.885446776e+01 +4.787446776e+01 +4.787446776e+01 +1.3913e+00 +1.4820e-01 -3.0501e-01 +1.2215e-01 +1.8462e+00
44 0 +6.131633179e+01 +4.033633179e+01 +4.033633179e+01 +1.0267e+00 +1.1632e-01 +4.0180e-02 -1.4493e-02 +1.5708e+00
50 0 +5.896554545e+01 +3.798554545e+01 +3.798554545e+01 +1.4978e+00 +6.2874e-01 -3.7206e-01 -1.2596e-01 +2.6069e+00
52 0 +5.453660642e+01 +3.355660642e+01 +3.355660642e+01 +2.2049e+00 -4.0386e-01 -2.2379e-01 -4.3799e-01 +2.2645e+00
53 0 +3.708822396e+01 +1.610822396e+01 +1.610822396e+01 +1.2628e+00 +4.7559e-01 -4.4744e-01 -1.0036e-01 +2.2390e+00
131 0 +3.566256123e+01 +1.468256123e+01 +1.468256123e+01 +1.5078e+00 +4.8342e-01 -7.9474e-01 -4.7390e-01 +2.4906e+00
202 0 +2.001909226e+01 -9.609077381e-01 -9.609077381e-01 +9.4910e-01 +5.4652e-01 -4.6739e-01 +3.9097e-01 +2.2035e+00
237 0 +1.674855049e+01 -4.231449506e+00 -4.231449506e+00 +9.2313e-01 +5.9991e-01 -2.7860e-01 +4.0800e-01 +2.1919e+00
251 0 +1.257429032e+01 -8.405709681e+00 -8.405709681e+00 +1.0091e+00 +5.9186e-01 -4.3360e-01 +3.8316e-01 +2.1763e+00
298 0 +1.160828271e+01 -9.371717293e+00 -9.371717293e+00 +9.7348e-01 +5.8343e-01 -3.2772e-01 +3.6450e-01 +2.1950e+00
315 0 +1.130917988e+01 -9.670820122e+00 -9.670820122e+00 +9.9575e-01 +5.8256e-01 -3.3690e-01 +3.4740e-01 +2.1899e+00
326 0 +1.116263394e+01 -9.817366064e+00 -9.817366064e+00 +9.8037e-01 +5.8151e-01 -3.0058e-01 +3.9800e-01 +2.1643e+00
329 0 +9.585746827e+00 -1.139425317e+01 -1.139425317e+01 +9.9238e-01 +5.4195e-01 -3.3212e-01 +3.6515e-01 +2.1852e+00
350 0 +9.535991597e+00 -1.144400840e+01 -1.144400840e+01 +9.9643e-01 +5.7516e-01 -3.4597e-01 +3.6629e-01 +2.1758e+00
351 0 +9.164608197e+00 -1.181539180e+01 -1.181539180e+01 +1.0034e+00 +5.5086e-01 -3.3016e-01 +3.6512e-01 +2.1706e+00
355 0 +8.914653779e+00 -1.206534622e+01 -1.206534622e+01 +1.0063e+00 +5.7059e-01 -3.5359e-01 +3.7511e-01 +2.1898e+00
368 0 +8.882368061e+00 -1.209763194e+01 -1.209763194e+01 +1.0144e+00 +5.6304e-01 -3.5981e-01 +3.6170e-01 +2.1811e+00
372 0 +8.095866809e+00 -1.288413319e+01 -1.288413319e+01 +1.0211e+00 +5.7084e-01 -3.2640e-01 +3.9988e-01 +2.1851e+00
416 0 +7.344614621e+00 -1.363538538e+01 -1.363538538e+01 +1.0520e+00 +5.7749e-01 -3.4602e-01 +3.8558e-01 +2.1803e+00
467 0 +7.233284884e+00 -1.374671512e+01 -1.374671512e+01 +1.0481e+00 +5.6643e-01 -3.4161e-01 +3.9329e-01 +2.1833e+00
541 0 +7.043171662e+00 -1.393682834e+01 -1.393682834e+01 +1.0561e+00 +5.5863e-01 -3.4307e-01 +3.8458e-01 +2.1818e+00
% f evaluations | g evaluations | best noise-free fitness - Fopt (1.353300000000e+02) + sum g_i+ | measured fitness | best measured fitness or single-digit g-values | x1 | x2...
1 0 +1.969743684e+02 +3.323043684e+02 +3.323043684e+02 +0.0000e+00 +0.0000e+00 +0.0000e+00 +0.0000e+00 +0.0000e+00
2 0 +1.546367319e+02 +2.899667319e+02 +2.899667319e+02 +4.3379e-01 +3.0692e-02 +9.8026e-02 +3.4094e-01 +2.4727e-01
23 0 +1.106383218e+02 +2.459683218e+02 +2.459683218e+02 +2.1193e-01 -8.3469e-02 -5.0711e-01 -5.0769e-01 +9.1596e-01
37 0 +1.034686687e+02 +2.387986687e+02 +2.387986687e+02 +6.5316e-01 +9.2731e-01 +8.5700e-02 -2.6969e-01 +1.3580e+00
49 0 +9.344322709e+01 +2.287732271e+02 +2.287732271e+02 +1.2084e+00 +5.7313e-01 -8.6996e-02 -1.5807e+00 +2.4572e+00
54 0 +7.455096996e+01 +2.098809700e+02 +2.098809700e+02 +4.0345e-01 +2.2220e-02 -2.3599e-01 -6.1649e-01 +1.9708e+00
88 0 +7.236702842e+01 +2.076970284e+02 +2.076970284e+02 +4.4034e-01 -1.3597e-01 -1.0159e-01 -7.7476e-01 +1.6514e+00
91 0 +3.963787562e+01 +1.749678756e+02 +1.749678756e+02 +5.0148e-01 +8.0617e-02 +2.0004e-01 -8.9286e-01 +2.8397e+00
215 0 +3.435892411e+01 +1.696889241e+02 +1.696889241e+02 +5.0874e-01 +6.4776e-01 -2.3582e-01 -1.4484e+00 +3.2042e+00
257 0 +3.368521227e+01 +1.690152123e+02 +1.690152123e+02 +3.3461e-01 +7.1017e-01 -6.2645e-01 -1.5117e+00 +2.8811e+00
289 0 +2.740939051e+01 +1.627393905e+02 +1.627393905e+02 +4.4500e-01 +8.4081e-01 -5.5662e-01 -1.7640e+00 +3.0996e+00
333 0 +2.676331266e+01 +1.620933127e+02 +1.620933127e+02 +4.1455e-01 +8.7852e-01 -7.0630e-01 -2.1720e+00 +3.2402e+00
406 0 +2.477712777e+01 +1.601071278e+02 +1.601071278e+02 +4.3280e-01 +8.8947e-01 -5.3207e-01 -1.7198e+00 +3.1067e+00
418 0 +2.356063493e+01 +1.588906349e+02 +1.588906349e+02 +4.8639e-01 +8.8789e-01 -4.8447e-01 -1.7658e+00 +3.1552e+00
421 0 +2.337629640e+01 +1.587062964e+02 +1.587062964e+02 +4.4226e-01 +8.9193e-01 -4.7623e-01 -1.7494e+00 +3.1629e+00
428 0 +2.254026506e+01 +1.578702651e+02 +1.578702651e+02 +4.5977e-01 +9.0279e-01 -5.2788e-01 -1.7637e+00 +3.1461e+00
441 0 +2.185732899e+01 +1.571873290e+02 +1.571873290e+02 +4.4210e-01 +8.5422e-01 -5.3376e-01 -1.7718e+00 +3.1550e+00
445 0 +2.045449109e+01 +1.557844911e+02 +1.557844911e+02 +4.5788e-01 +8.6211e-01 -5.4085e-01 -1.7462e+00 +3.1378e+00
457 0 +2.030045185e+01 +1.556304518e+02 +1.556304518e+02 +4.6162e-01 +8.8050e-01 -5.0098e-01 -1.7396e+00 +3.1500e+00
459 0 +1.988192445e+01 +1.552119244e+02 +1.552119244e+02 +4.5449e-01 +8.5762e-01 -5.0789e-01 -1.7083e+00 +3.1432e+00
470 0 +1.849676833e+01 +1.538267683e+02 +1.538267683e+02 +4.5824e-01 +8.7383e-01 -5.0290e-01 -1.7273e+00 +3.1613e+00
477 0 +1.764245139e+01 +1.529724514e+02 +1.529724514e+02 +4.4694e-01 +8.6527e-01 -5.3344e-01 -1.7323e+00 +3.1571e+00
489 0 +1.676037113e+01 +1.520903711e+02 +1.520903711e+02 +4.6862e-01 +8.8154e-01 -5.3288e-01 -1.7328e+00 +3.1651e+00
521 0 +1.616394115e+01 +1.514939412e+02 +1.514939412e+02 +4.6146e-01 +8.8318e-01 -5.3957e-01 -1.7248e+00 +3.1763e+00
547 0 +1.551460692e+01 +1.508446069e+02 +1.508446069e+02 +4.6426e-01 +8.7562e-01 -5.5057e-01 -1.7132e+00 +3.1738e+00
577 0 +1.494166159e+01 +1.502716616e+02 +1.502716616e+02 +4.9116e-01 +8.6585e-01 -5.6051e-01 -1.7220e+00 +3.1652e+00
610 0 +1.451947858e+01 +1.498494786e+02 +1.498494786e+02 +5.1022e-01 +8.7769e-01 -5.7499e-01 -1.7166e+00 +3.1745e+00
634 0 +1.420175612e+01 +1.495317561e+02 +1.495317561e+02 +5.2958e-01 +8.7185e-01 -5.6985e-01 -1.7152e+00 +3.1736e+00
772 0 +1.411432567e+01 +1.494443257e+02 +1.494443257e+02 +5.4097e-01 +8.6104e-01 -5.6016e-01 -1.7214e+00 +3.1740e+00
% f evaluations | g evaluations | best noise-free fitness - Fopt (4.066000000000e+01) + sum g_i+ | measured fitness | best measured fitness or single-digit g-values | x1 | x2...
1 0 +1.724702693e+02 +2.131302693e+02 +2.131302693e+02 +0.0000e+00 +0.0000e+00 +0.0000e+00 +0.0000e+00 +0.0000e+00
2 0 +1.713228681e+02 +2.119828681e+02 +2.119828681e+02 +4.3379e-01 +3.0692e-02 +9.8026e-02 +3.4094e-01 +2.4727e-01
5 0 +1.550612845e+02 +1.957212845e+02 +1.957212845e+02 +5.3256e-02 -2.3477e-01 +7.8699e-02 +1.0710e-01 +2.4729e-01
14 0 +1.536710861e+02 +1.943310861e+02 +1.943310861e+02 +8.4186e-01 +2.8635e-01 +3.3243e-01 -5.0997e-01 +6.9281e-01
18 0 +1.425534775e+02 +1.832134775e+02 +1.832134775e+02 +8.2416e-01 -1.6238e-01 +2.3577e-01 -3.4530e-01 +2.4770e-01
25 0 +1.050866502e+02 +1.457466502e+02 +1.457466502e+02 +9.5920e-01 +3.5010e-02 +5.1399e-01 -2.6663e-01 +7.7364e-01
67 0 +1.024626140e+02 +1.431226140e+02 +1.431226140e+02 +9.0283e-01 +5.6152e-01 -1.0493e-01 -1.3389e+00 +1.6753e+00
74 0 +9.832111909e+01 +1.389811191e+02 +1.389811191e+02 +1.7695e+00 +4.3573e-01 +3.9206e-01 -8.5479e-01 +1.0961e+00
108 0 +9.106715757e+01 +1.317271576e+02 +1.317271576e+02 +1.8915e+00 -1.6035e-02 +4.9322e-01 -1.1212e+00 +1.4426e+00
121 0 +8.762781562e+01 +1.282878156e+02 +1.282878156e+02 +2.2977e+00 -1.6188e-01 +4.1165e-01 -8.8956e-01 +1.6662e+00
138 0 +7.791153082e+01 +1.185715308e+02 +1.185715308e+02 +2.1056e+00 -1.9386e-01 +5.6641e-01 -6.2276e-01 +9.8951e-01
143 0 +7.618584102e+01 +1.168458410e+02 +1.168458410e+02 +1.8695e+00 -1.4507e-01 +5.6701e-01 -8.6655e-01 +1.6786e+00
155 0 +6.702252876e+01 +1.076825288e+02 +1.076825288e+02 +2.1472e+00 -2.3020e-01 +5.5334e-01 -9.2474e-01 +1.6995e+00
255 0 +5.999307602e+01 +1.006530760e+02 +1.006530760e+02 +2.0944e+00 -1.8740e-01 +9.2265e-01 -8.9242e-01 +1.4351e+00
269 0 +5.707422108e+01 +9.773422108e+01 +9.773422108e+01 +2.0856e+00 -1.8355e-01 +9.3586e-01 -8.9430e-01 +1.4250e+00
283 0 +5.068991714e+01 +9.134991714e+01 +9.134991714e+01 +2.0076e+00 -1.7800e-01 +1.0171e+00 -9.2543e-01 +1.4164e+00
330 0 +4.994282986e+01 +9.060282986e+01 +9.060282986e+01 +2.0066e+00 -1.5283e-01 +1.0186e+00 -8.7808e-01 +1.4180e+00
372 0 +4.853123446e+01 +8.919123446e+01 +8.919123446e+01 +2.0737e+00 -1.6191e-01 +1.0421e+00 -8.9520e-01 +1.4340e+00
373 0 +4.754529882e+01 +8.820529882e+01 +8.820529882e+01 +2.0394e+00 -1.3899e-01 +1.0587e+00 -9.0543e-01 +1.4287e+00
643 0 +4.676793545e+01 +8.742793545e+01 +8.742793545e+01 +2.0557e+00 -1.1528e-01 +1.0440e+00 -9.0233e-01 +1.4178e+00
