% f evaluations | g evaluations | best noise-free fitness - Fopt (4.078000000000e+01) + sum g_i+ | measured fitness | best measured fitness or single-digit g-values | x1 | x2...
1 0 +7.944186909e+01 +1.202218691e+02 +1.202218691e+02
2 0 +7.938798516e+01 +1.201679852e+02 +1.201679852e+02
29 0 +7.720449312e+01 +1.179844931e+02 +1.179844931e+02
48 0 +7.563129866e+01 +1.164112987e+02 +1.164112987e+02
84 0 +7.371777830e+01 +1.144977783e+02 +1.144977783e+02
102 0 +7.225853820e+01 +1.130385382e+02 +1.130385382e+02
107 0 +7.073329439e+01 +1.115132944e+02 +1.115132944e+02
132 0 +6.910031209e+01 +1.098803121e+02 +1.098803121e+02
147 0 +6.760216232e+01 +1.083821623e+02 +1.083821623e+02
175 0 +6.569770836e+01 +1.064777084e+02 +1.064777084e+02
205 0 +6.368916683e+01 +1.044691668e+02 +1.044691668e+02
219 0 +6.291780872e+01 +1.036978087e+02 +1.036978087e+02
221 0 +6.157016283e+01 +1.023501628e+02 +1.023501628e+02
222 0 +5.750657932e+01 +9.828657932e+01 +9.828657932e+01
247 0 +5.539705981e+01 +9.617705981e+01 +9.617705981e+01
259 0 +5.205265646e+01 +9.283265646e+01 +9.283265646e+01
284 0 +4.286135451e+01 +8.364135451e+01 +8.364135451e+01
307 0 +4.169712423e+01 +8.247712423e+01 +8.247712423e+01
309 0 +4.160594580e+01 +8.238594580e+01 +8.238594580e+01
314 0 +3.626642342e+01 +7.704642342e+01 +7.704642342e+01
327 0 +3.362557176e+01 +7.440557176e+01 +7.440557176e+01
346 0 +3.208051805e+01 +7.286051805e+01 +7.286051805e+01
353 0 +2.465754040e+01 +6.543754040e+01 +6.543754040e+01
437 0 +2.415352417e+01 +6.493352417e+01 +6.493352417e+01
440 0 +2.038717175e+01 +6.116717175e+01 +6.116717175e+01
443 0 +1.919381515e+01 +5.997381515e+01 +5.997381515e+01
484 0 +1.846436456e+01 +5.924436456e+01 +5.924436456e+01
514 0 +1.663270586e+01 +5.741270586e+01 +5.741270586e+01
516 0 +1.652117361e+01 +5.730117361e+01 +5.730117361e+01
526 0 +1.610591326e+01 +5.688591326e+01 +5.688591326e+01
535 0 +1.299975481e+01 +5.377975481e+01 +5.377975481e+01
566 0 +1.280487534e+01 +5.358487534e+01 +5.358487534e+01
580 0 +1.150407724e+01 +5.228407724e+01 +5.228407724e+01
587 0 +1.136677517e+01 +5.214677517e+01 +5.214677517e+01
617 0 +9.905212291e+00 +5.068521229e+01 +5.068521229e+01
662 0 +8.766019919e+00 +4.954601992e+01 +4.954601992e+01
680 0 +8.221145581e+00 +4.900114558e+01 +4.900114558e+01
755 0 +7.840208831e+00 +4.862020883e+01 +4.862020883e+01
779 0 +7.606183727e+00 +4.838618373e+01 +4.838618373e+01
795 0 +7.093535192e+00 +4.787353519e+01 +4.787353519e+01
823 0 +6.915388857e+00 +4.769538886e+01 +4.769538886e+01
835 0 +6.569092949e+00 +4.734909295e+01 +4.734909295e+01
856 0 +5.819812391e+00 +4.659981239e+01 +4.659981239e+01
859 0 +5.324055965e+00 +4.610405596e+01 +4.610405596e+01
862 0 +5.229068666e+00 +4.600906867e+01 +4.600906867e+01
917 0 +4.527218138e+00 +4.530721814e+01 +4.530721814e+01
946 0 +4.359857160e+00 +4.513985716e+01 +4.513985716e+01
947 0 +3.870422091e+00 +4.465042209e+01 +4.465042209e+01
949 0 +3.580269006e+00 +4.436026901e+01 +4.436026901e+01
967 0 +3.453114023e+00 +4.423311402e+01 +4.423311402e+01
970 0 +2.742642376e+00 +4.352264238e+01 +4.352264238e+01
985 0 +2.532904775e+00 +4.331290477e+01 +4.331290477e+01
993 0 +2.406759827e+00 +4.318675983e+01 +4.318675983e+01
999 0 +2.264273724e+00 +4.304427372e+01 +4.304427372e+01
1022 0 +2.123661794e+00 +4.290366179e+01 +4.290366179e+01
1038 0 +2.073940853e+00 +4.285394085e+01 +4.285394085e+01
1067 0 +2.000063078e+00 +4.278006308e+01 +4.278006308e+01
1068 0 +1.990777892e+00 +4.277077789e+01 +4.277077789e+01
1106 0 +1.944261440e+00 +4.272426144e+01 +4.272426144e+01
1132 0 +1.902766690e+00 +4.268276669e+01 +4.268276669e+01
1148 0 +1.214024632e+00 +4.199402463e+01 +4.199402463e+01
1218 0 +8.608697809e-01 +4.164086978e+01 +4.164086978e+01
1274 0 +8.146598786e-01 +4.159465988e+01 +4.159465988e+01
1293 0 +7.844983516e-01 +4.156449835e+01 +4.156449835e+01
1339 0 +7.254358744e-01 +4.150543587e+01 +4.150543587e+01
1348 0 +6.286484419e-01 +4.140864844e+01 +4.140864844e+01
1366 0 +5.992310498e-01 +4.137923105e+01 +4.137923105e+01
1407 0 +5.676630562e-01 +4.134766306e+01 +4.134766306e+01
1423 0 +5.133075931e-01 +4.129330759e+01 +4.129330759e+01
1453 0 +5.063176651e-01 +4.128631767e+01 +4.128631767e+01
1459 0 +4.997326561e-01 +4.127973266e+01 +4.127973266e+01
1506 0 +4.779295132e-01 +4.125792951e+01 +4.125792951e+01
1522 0 +4.483186693e-01 +4.122831867e+01 +4.122831867e+01
1567 0 +4.226825686e-01 +4.120268257e+01 +4.120268257e+01
1570 0 +3.857809449e-01 +4.116578094e+01 +4.116578094e+01
1577 0 +2.539188501e-01 +4.103391885e+01 +4.103391885e+01
1665 0 +2.490394724e-01 +4.102903947e+01 +4.102903947e+01
1667 0 +1.660318032e-01 +4.094603180e+01 +4.094603180e+01
1720 0 +1.658148508e-01 +4.094581485e+01 +4.094581485e+01
1721 0 +1.592908475e-01 +4.093929085e+01 +4.093929085e+01
1728 0 +1.391932941e-01 +4.091919329e+01 +4.091919329e+01
1743 0 +1.276539627e-01 +4.090765396e+01 +4.090765396e+01
1777 0 +1.118621275e-01 +4.089186213e+01 +4.089186213e+01
1791 0 +1.071930169e-01 +4.088719302e+01 +4.088719302e+01
1845 0 +9.777129465e-02 +4.087777129e+01 +4.087777129e+01
1852 0 +9.398759556e-02 +4.087398760e+01 +4.087398760e+01
1871 0 +9.088252270e-02 +4.087088252e+01 +4.087088252e+01
1882 0 +7.626483996e-02 +4.085626484e+01 +4.085626484e+01
1909 0 +6.200728838e-02 +4.084200729e+01 +4.084200729e+01
1925 0 +5.842861813e-02 +4.083842862e+01 +4.083842862e+01
1931 0 +4.755516082e-02 +4.082755516e+01 +4.082755516e+01
2002 0 +4.366249951e-02 +4.082366250e+01 +4.082366250e+01
2034 0 +4.025750113e-02 +4.082025750e+01 +4.082025750e+01
2044 0 +3.193198507e-02 +4.081193199e+01 +4.081193199e+01
2051 0 +2.879437211e-02 +4.080879437e+01 +4.080879437e+01
2078 0 +2.371483717e-02 +4.080371484e+01 +4.080371484e+01
2118 0 +1.805749407e-02 +4.079805749e+01 +4.079805749e+01
2128 0 +1.763212725e-02 +4.079763213e+01 +4.079763213e+01
2130 0 +1.594811059e-02 +4.079594811e+01 +4.079594811e+01
2157 0 +1.515345411e-02 +4.079515345e+01 +4.079515345e+01
2167 0 +1.434106436e-02 +4.079434106e+01 +4.079434106e+01
2200 0 +1.371915466e-02 +4.079371915e+01 +4.079371915e+01
2228 0 +1.294812672e-02 +4.079294813e+01 +4.079294813e+01
2239 0 +1.269452931e-02 +4.079269453e+01 +4.079269453e+01
2259 0 +1.240149490e-02 +4.079240149e+01 +4.079240149e+01
2276 0 +1.209807216e-02 +4.079209807e+01 +4.079209807e+01
2301 0 +1.179561833e-02 +4.079179562e+01 +4.079179562e+01
2317 0 +1.082398980e-02 +4.079082399e+01 +4.079082399e+01
2336 0 +1.016874129e-02 +4.079016874e+01 +4.079016874e+01
2351 0 +9.962418432e-03 +4.078996242e+01 +4.078996242e+01
2360 0 +9.518925418e-03 +4.078951893e+01 +4.078951893e+01
2367 0 +6.622902248e-03 +4.078662290e+01 +4.078662290e+01
2387 0 +4.352757388e-03 +4.078435276e+01 +4.078435276e+01
2421 0 +3.721862352e-03 +4.078372186e+01 +4.078372186e+01
2470 0 +3.686239057e-03 +4.078368624e+01 +4.078368624e+01
2534 0 +3.488351541e-03 +4.078348835e+01 +4.078348835e+01
2605 0 +3.456525055e-03 +4.078345653e+01 +4.078345653e+01
2617 0 +3.020280974e-03 +4.078302028e+01 +4.078302028e+01
2672 0 +2.989334112e-03 +4.078298933e+01 +4.078298933e+01
2688 0 +2.878916975e-03 +4.078287892e+01 +4.078287892e+01
2691 0 +2.705261347e-03 +4.078270526e+01 +4.078270526e+01
2701 0 +2.318502655e-03 +4.078231850e+01 +4.078231850e+01
2719 0 +2.226252122e-03 +4.078222625e+01 +4.078222625e+01
2721 0 +1.857311945e-03 +4.078185731e+01 +4.078185731e+01
2732 0 +1.542011297e-03 +4.078154201e+01 +4.078154201e+01
2763 0 +1.503595244e-03 +4.078150360e+01 +4.078150360e+01
2771 0 +1.445295176e-03 +4.078144530e+01 +4.078144530e+01
2772 0 +1.238596987e-03 +4.078123860e+01 +4.078123860e+01
2799 0 +1.078391198e-03 +4.078107839e+01 +4.078107839e+01
2846 0 +1.029879866e-03 +4.078102988e+01 +4.078102988e+01
2847 0 +1.013135576e-03 +4.078101314e+01 +4.078101314e+01
2859 0 +9.536727304e-04 +4.078095367e+01 +4.078095367e+01
2899 0 +9.244360249e-04 +4.078092444e+01 +4.078092444e+01
2902 0 +9.038505247e-04 +4.078090385e+01 +4.078090385e+01
2934 0 +8.751469139e-04 +4.078087515e+01 +4.078087515e+01
2944 0 +8.561325795e-04 +4.078085613e+01 +4.078085613e+01
2966 0 +8.231954198e-04 +4.078082320e+01 +4.078082320e+01
2988 0 +8.086784970e-04 +4.078080868e+01 +4.078080868e+01
3007 0 +5.281037090e-04 +4.078052810e+01 +4.078052810e+01
3032 0 +4.832604725e-04 +4.078048326e+01 +4.078048326e+01
3054 0 +4.426644491e-04 +4.078044266e+01 +4.078044266e+01
3079 0 +4.287304754e-04 +4.078042873e+01 +4.078042873e+01
3084 0 +3.794587036e-04 +4.078037946e+01 +4.078037946e+01
3086 0 +3.695460641e-04 +4.078036955e+01 +4.078036955e+01
3113 0 +3.346415047e-04 +4.078033464e+01 +4.078033464e+01
3138 0 +3.034606650e-04 +4.078030346e+01 +4.078030346e+01
3168 0 +2.807003791e-04 +4.078028070e+01 +4.078028070e+01
3194 0 +2.751870399e-04 +4.078027519e+01 +4.078027519e+01
3201 0 +2.348871369e-04 +4.078023489e+01 +4.078023489e+01
3237 0 +1.968231970e-04 +4.078019682e+01 +4.078019682e+01
3262 0 +1.413875919e-04 +4.078014139e+01 +4.078014139e+01
3318 0 +1.335296250e-04 +4.078013353e+01 +4.078013353e+01
3323 0 +9.250856540e-05 +4.078009251e+01 +4.078009251e+01
3396 0 +9.097808707e-05 +4.078009098e+01 +4.078009098e+01
3427 0 +8.390275655e-05 +4.078008390e+01 +4.078008390e+01
3446 0 +7.928102978e-05 +4.078007928e+01 +4.078007928e+01
3461 0 +7.375166732e-05 +4.078007375e+01 +4.078007375e+01
3463 0 +6.049834661e-05 +4.078006050e+01 +4.078006050e+01
3497 0 +5.471806477e-05 +4.078005472e+01 +4.078005472e+01
3546 0 +4.045164911e-05 +4.078004045e+01 +4.078004045e+01
3574 0 +3.939219909e-05 +4.078003939e+01 +4.078003939e+01
3600 0 +3.804391994e-05 +4.078003804e+01 +4.078003804e+01
3604 0 +3.644655904e-05 +4.078003645e+01 +4.078003645e+01
3630 0 +3.470926150e-05 +4.078003471e+01 +4.078003471e+01
3655 0 +3.111449140e-05 +4.078003111e+01 +4.078003111e+01
3677 0 +2.558231753e-05 +4.078002558e+01 +4.078002558e+01
3759 0 +2.277006108e-05 +4.078002277e+01 +4.078002277e+01
3778 0 +1.462862577e-05 +4.078001463e+01 +4.078001463e+01
3798 0 +1.247116570e-05 +4.078001247e+01 +4.078001247e+01
3880 0 +9.858341357e-06 +4.078000986e+01 +4.078000986e+01
3906 0 +9.449703505e-06 +4.078000945e+01 +4.078000945e+01
3950 0 +8.830490330e-06 +4.078000883e+01 +4.078000883e+01
3952 0 +8.277732626e-06 +4.078000828e+01 +4.078000828e+01
3956 0 +7.546150989e-06 +4.078000755e+01 +4.078000755e+01
3979 0 +7.029185973e-06 +4.078000703e+01 +4.078000703e+01
4024 0 +6.880625193e-06 +4.078000688e+01 +4.078000688e+01
4052 0 +6.674215939e-06 +4.078000667e+01 +4.078000667e+01
4059 0 +6.448902852e-06 +4.078000645e+01 +4.078000645e+01
4117 0 +6.290806326e-06 +4.078000629e+01 +4.078000629e+01
4138 0 +5.346494568e-06 +4.078000535e+01 +4.078000535e+01
4173 0 +5.245030763e-06 +4.078000525e+01 +4.078000525e+01
4192 0 +4.668155796e-06 +4.078000467e+01 +4.078000467e+01
4202 0 +4.431064070e-06 +4.078000443e+01 +4.078000443e+01
4217 0 +3.747596928e-06 +4.078000375e+01 +4.078000375e+01
4227 0 +2.996016484e-06 +4.078000300e+01 +4.078000300e+01
4243 0 +2.266250405e-06 +4.078000227e+01 +4.078000227e+01
4263 0 +1.986355642e-06 +4.078000199e+01 +4.078000199e+01
4293 0 +1.946283014e-06 +4.078000195e+01 +4.078000195e+01
4301 0 +1.711664893e-06 +4.078000171e+01 +4.078000171e+01
4309 0 +1.657980299e-06 +4.078000166e+01 +4.078000166e+01
4338 0 +1.610767455e-06 +4.078000161e+01 +4.078000161e+01
4354 0 +1.508664688e-06 +4.078000151e+01 +4.078000151e+01
4422 0 +1.226645743e-06 +4.078000123e+01 +4.078000123e+01
4450 0 +1.114195022e-06 +4.078000111e+01 +4.078000111e+01
4505 0 +8.545778414e-07 +4.078000085e+01 +4.078000085e+01
4560 0 +7.698945694e-07 +4.078000077e+01 +4.078000077e+01
4564 0 +7.275415328e-07 +4.078000073e+01 +4.078000073e+01
4609 0 +7.173669800e-07 +4.078000072e+01 +4.078000072e+01
4622 0 +5.979501907e-07 +4.078000060e+01 +4.078000060e+01
4630 0 +5.502479752e-07 +4.078000055e+01 +4.078000055e+01
4643 0 +4.966405598e-07 +4.078000050e+01 +4.078000050e+01
4654 0 +4.648507073e-07 +4.078000046e+01 +4.078000046e+01
4719 0 +4.477701196e-07 +4.078000045e+01 +4.078000045e+01
4760 0 +4.210886715e-07 +4.078000042e+01 +4.078000042e+01
4818 0 +4.023711355e-07 +4.078000040e+01 +4.078000040e+01
4835 0 +3.971816156e-07 +4.078000040e+01 +4.078000040e+01
4840 0 +3.228765237e-07 +4.078000032e+01 +4.078000032e+01
4858 0 +3.129914390e-07 +4.078000031e+01 +4.078000031e+01
4873 0 +2.919141480e-07 +4.078000029e+01 +4.078000029e+01
4896 0 +2.431874506e-07 +4.078000024e+01 +4.078000024e+01
4909 0 +2.160556960e-07 +4.078000022e+01 +4.078000022e+01
4910 0 +1.937625314e-07 +4.078000019e+01 +4.078000019e+01
4929 0 +1.726355521e-07 +4.078000017e+01 +4.078000017e+01
4959 0 +1.525524169e-07 +4.078000015e+01 +4.078000015e+01
5047 0 +1.470867375e-07 +4.078000015e+01 +4.078000015e+01
5061 0 +1.409099468e-07 +4.078000014e+01 +4.078000014e+01
5085 0 +1.301621566e-07 +4.078000013e+01 +4.078000013e+01
5087 0 +9.956347924e-08 +4.078000010e+01 +4.078000010e+01
5114 0 +9.601251350e-08 +4.078000010e+01 +4.078000010e+01
5121 0 +7.348376840e-08 +4.078000007e+01 +4.078000007e+01
5167 0 +6.671300667e-08 +4.078000007e+01 +4.078000007e+01
5176 0 +6.546994769e-08 +4.078000007e+01 +4.078000007e+01
5177 0 +6.416387066e-08 +4.078000006e+01 +4.078000006e+01
5180 0 +6.186427015e-08 +4.078000006e+01 +4.078000006e+01
5201 0 +5.939308778e-08 +4.078000006e+01 +4.078000006e+01
5210 0 +5.298431205e-08 +4.078000005e+01 +4.078000005e+01
5212 0 +4.940877574e-08 +4.078000005e+01 +4.078000005e+01
5312 0 +4.876432058e-08 +4.078000005e+01 +4.078000005e+01
5338 0 +4.761555061e-08 +4.078000005e+01 +4.078000005e+01
5379 0 +4.584777713e-08 +4.078000005e+01 +4.078000005e+01
5406 0 +4.403116094e-08 +4.078000004e+01 +4.078000004e+01
5427 0 +4.154858857e-08 +4.078000004e+01 +4.078000004e+01
5435 0 +3.783528513e-08 +4.078000004e+01 +4.078000004e+01
5447 0 +3.296165119e-08 +4.078000003e+01 +4.078000003e+01
5464 0 +2.880352667e-08 +4.078000003e+01 +4.078000003e+01
5471 0 +2.795550813e-08 +4.078000003e+01 +4.078000003e+01
5477 0 +2.688192069e-08 +4.078000003e+01 +4.078000003e+01
5487 0 +1.973206309e-08 +4.078000002e+01 +4.078000002e+01
5499 0 +1.860774290e-08 +4.078000002e+01 +4.078000002e+01
5530 0 +1.358957036e-08 +4.078000001e+01 +4.078000001e+01
5578 0 +1.341961564e-08 +4.078000001e+01 +4.078000001e+01
5619 0 +1.221740575e-08 +4.078000001e+01 +4.078000001e+01
5637 0 +1.175157394e-08 +4.078000001e+01 +4.078000001e+01
5686 0 +1.160750429e-08 +4.078000001e+01 +4.078000001e+01
5718 0 +9.933458500e-09 +4.078000001e+01 +4.078000001e+01
% f evaluations | g evaluations | best noise-free fitness - Fopt (-1.600000000000e+00) + sum g_i+ | measured fitness | best measured fitness or single-digit g-values | x1 | x2...
1 0 +8.349974860e+01 +8.189974860e+01 +8.189974860e+01
5 0 +8.349519540e+01 +8.189519540e+01 +8.189519540e+01
13 0 +8.301573427e+01 +8.141573427e+01 +8.141573427e+01
105 0 +8.079844792e+01 +7.919844792e+01 +7.919844792e+01
155 0 +7.941714261e+01 +7.781714261e+01 +7.781714261e+01
206 0 +7.754494344e+01 +7.594494344e+01 +7.594494344e+01
267 0 +7.552899177e+01 +7.392899177e+01 +7.392899177e+01
298 0 +7.380450657e+01 +7.220450657e+01 +7.220450657e+01
331 0 +7.152281487e+01 +6.992281487e+01 +6.992281487e+01
367 0 +7.041187091e+01 +6.881187091e+01 +6.881187091e+01
394 0 +6.876803246e+01 +6.716803246e+01 +6.716803246e+01
429 0 +6.651468961e+01 +6.491468961e+01 +6.491468961e+01
437 0 +6.457937549e+01 +6.297937549e+01 +6.297937549e+01
450 0 +6.450341732e+01 +6.290341732e+01 +6.290341732e+01
489 0 +6.073176143e+01 +5.913176143e+01 +5.913176143e+01
499 0 +5.300025947e+01 +5.140025947e+01 +5.140025947e+01
535 0 +5.033863335e+01 +4.873863335e+01 +4.873863335e+01
543 0 +4.908785054e+01 +4.748785054e+01 +4.748785054e+01
557 0 +4.405587059e+01 +4.245587059e+01 +4.245587059e+01
561 0 +4.288314741e+01 +4.128314741e+01 +4.128314741e+01
566 0 +4.244376086e+01 +4.084376086e+01 +4.084376086e+01
580 0 +3.241766812e+01 +3.081766812e+01 +3.081766812e+01
625 0 +2.556604239e+01 +2.396604239e+01 +2.396604239e+01
722 0 +2.497779909e+01 +2.337779909e+01 +2.337779909e+01
755 0 +2.212143096e+01 +2.052143096e+01 +2.052143096e+01
779 0 +2.141846330e+01 +1.981846330e+01 +1.981846330e+01
786 0 +2.115042924e+01 +1.955042924e+01 +1.955042924e+01
795 0 +1.893226725e+01 +1.733226725e+01 +1.733226725e+01
830 0 +1.798348094e+01 +1.638348094e+01 +1.638348094e+01
856 0 +1.375887626e+01 +1.215887626e+01 +1.215887626e+01
967 0 +1.306366006e+01 +1.146366006e+01 +1.146366006e+01
1032 0 +1.271122955e+01 +1.111122955e+01 +1.111122955e+01
1036 0 +1.236003264e+01 +1.076003264e+01 +1.076003264e+01
1044 0 +1.226102114e+01 +1.066102114e+01 +1.066102114e+01
1055 0 +1.116919244e+01 +9.569192442e+00 +9.569192442e+00
1068 0 +1.072515703e+01 +9.125157034e+00 +9.125157034e+00
1076 0 +1.022445057e+01 +8.624450567e+00 +8.624450567e+00
1106 0 +9.444747719e+00 +7.844747719e+00 +7.844747719e+00
1118 0 +9.243609896e+00 +7.643609896e+00 +7.643609896e+00
1180 0 +8.772457136e+00 +7.172457136e+00 +7.172457136e+00
1191 0 +8.622201124e+00 +7.022201124e+00 +7.022201124e+00
1204 0 +8.286631733e+00 +6.686631733e+00 +6.686631733e+00
1256 0 +7.927100813e+00 +6.327100813e+00 +6.327100813e+00
1432 0 +7.728707874e+00 +6.128707874e+00 +6.128707874e+00
1540 0 +7.570375384e+00 +5.970375384e+00 +5.970375384e+00
1634 0 +7.392508477e+00 +5.792508477e+00 +5.792508477e+00
1757 0 +7.238224947e+00 +5.638224947e+00 +5.638224947e+00
2119 0 +7.077894473e+00 +5.477894473e+00 +5.477894473e+00
% f evaluations | g evaluations | best noise-free fitness - Fopt (-3.708400000000e+02) + sum g_i+ | measured fitness | best measured fitness or single-digit g-values | x1 | x2...
1 0 +8.299573837e+01 -2.878442616e+02 -2.878442616e+02
9 0 +8.296564509e+01 -2.878743549e+02 -2.878743549e+02
125 0 +8.095735991e+01 -2.898826401e+02 -2.898826401e+02
197 0 +7.921383503e+01 -2.916261650e+02 -2.916261650e+02
242 0 +7.746340845e+01 -2.933765915e+02 -2.933765915e+02
279 0 +7.583961577e+01 -2.950003842e+02 -2.950003842e+02
322 0 +7.405415062e+01 -2.967858494e+02 -2.967858494e+02
355 0 +7.167593347e+01 -2.991640665e+02 -2.991640665e+02
368 0 +7.050227367e+01 -3.003377263e+02 -3.003377263e+02
393 0 +6.764354709e+01 -3.031964529e+02 -3.031964529e+02
405 0 +6.714257933e+01 -3.036974207e+02 -3.036974207e+02
425 0 +6.462497362e+01 -3.062150264e+02 -3.062150264e+02
439 0 +6.318003180e+01 -3.076599682e+02 -3.076599682e+02
441 0 +6.213805356e+01 -3.087019464e+02 -3.087019464e+02
444 0 +5.682601955e+01 -3.140139805e+02 -3.140139805e+02
468 0 +5.274347521e+01 -3.180965248e+02 -3.180965248e+02
486 0 +4.788058901e+01 -3.229594110e+02 -3.229594110e+02
502 0 +4.659220496e+01 -3.242477950e+02 -3.242477950e+02
519 0 +4.496245238e+01 -3.258775476e+02 -3.258775476e+02
524 0 +4.459748483e+01 -3.262425152e+02 -3.262425152e+02
527 0 +3.673996125e+01 -3.341000388e+02 -3.341000388e+02
543 0 +3.494981288e+01 -3.358901871e+02 -3.358901871e+02
547 0 +2.847462716e+01 -3.423653728e+02 -3.423653728e+02
596 0 +2.665227538e+01 -3.441877246e+02 -3.441877246e+02
623 0 +2.542667030e+01 -3.454133297e+02 -3.454133297e+02
658 0 +2.215207697e+01 -3.486879230e+02 -3.486879230e+02
680 0 +2.045621567e+01 -3.503837843e+02 -3.503837843e+02
683 0 +1.960282162e+01 -3.512371784e+02 -3.512371784e+02
696 0 +1.626808512e+01 -3.545719149e+02 -3.545719149e+02
700 0 +1.425023395e+01 -3.565897661e+02 -3.565897661e+02
768 0 +1.275097953e+01 -3.580890205e+02 -3.580890205e+02
771 0 +1.219579149e+01 -3.586442085e+02 -3.586442085e+02
779 0 +1.133779695e+01 -3.595022030e+02 -3.595022030e+02
784 0 +1.000956489e+01 -3.608304351e+02 -3.608304351e+02
799 0 +9.063007093e+00 -3.617769929e+02 -3.617769929e+02
827 0 +8.745733187e+00 -3.620942668e+02 -3.620942668e+02
828 0 +7.827411428e+00 -3.630125886e+02 -3.630125886e+02
924 0 +5.719560681e+00 -3.651204393e+02 -3.651204393e+02
1010 0 +5.619452304e+00 -3.652205477e+02 -3.652205477e+02
1049 0 +3.910450641e+00 -3.669295494e+02 -3.669295494e+02
1084 0 +3.630479567e+00 -3.672095204e+02 -3.672095204e+02
1106 0 +2.696678683e+00 -3.681433213e+02 -3.681433213e+02
1191 0 +2.471077416e+00 -3.683689226e+02 -3.683689226e+02
1226 0 +2.366294801e+00 -3.684737052e+02 -3.684737052e+02
1277 0 +2.249740414e+00 -3.685902596e+02 -3.685902596e+02
1298 0 +2.231131936e+00 -3.686088681e+02 -3.686088681e+02
1322 0 +2.176391706e+00 -3.686636083e+02 -3.686636083e+02
1370 0 +2.053543602e+00 -3.687864564e+02 -3.687864564e+02
1435 0 +2.032949744e+00 -3.688070503e+02 -3.688070503e+02
1531 0 +1.994398847e+00 -3.688456012e+02 -3.688456012e+02
1686 0 +1.946591586e+00 -3.688934084e+02 -3.688934084e+02
1775 0 +1.904235553e+00 -3.689357644e+02 -3.689357644e+02
1918 0 +1.855482989e+00 -3.689845170e+02 -3.689845170e+02
2273 0 +1.819437586e+00 -3.690205624e+02 -3.690205624e+02
% f evaluations | g evaluations | best noise-free fitness - Fopt (-3.256000000000e+01) + sum g_i+ | measured fitness | best measured fitness or single-digit g-values | x1 | x2...
1 0 +8.127101306e+01 +4.871101306e+01 +4.871101306e+01
8 0 +8.039551277e+01 +4.783551277e+01 +4.783551277e+01
52 0 +7.927649178e+01 +4.671649178e+01 +4.671649178e+01
94 0 +7.739951723e+01 +4.483951723e+01 +4.483951723e+01
152 0 +7.577317946e+01 +4.321317946e+01 +4.321317946e+01
200 0 +7.403840700e+01 +4.147840700e+01 +4.147840700e+01
227 0 +7.242645876e+01 +3.986645876e+01 +3.986645876e+01
263 0 +6.983039143e+01 +3.727039143e+01 +3.727039143e+01
285 0 +6.875860724e+01 +3.619860724e+01 +3.619860724e+01
339 0 +6.694782745e+01 +3.438782745e+01 +3.438782745e+01
357 0 +6.521046757e+01 +3.265046757e+01 +3.265046757e+01
365 0 +6.224958945e+01 +2.968958945e+01 +2.968958945e+01
397 0 +5.981585761e+01 +2.725585761e+01 +2.725585761e+01
405 0 +5.679297406e+01 +2.423297406e+01 +2.423297406e+01
414 0 +5.406949530e+01 +2.150949530e+01 +2.150949530e+01
441 0 +4.980896818e+01 +1.724896818e+01 +1.724896818e+01
467 0 +4.373852938e+01 +1.117852938e+01 +1.117852938e+01
482 0 +4.292054848e+01 +1.036054848e+01 +1.036054848e+01
496 0 +3.581980622e+01 +3.259806217e+00 +3.259806217e+00
504 0 +3.087874382e+01 -1.681256177e+00 -1.681256177e+00
518 0 +2.696998237e+01 -5.590017633e+00 -5.590017633e+00
560 0 +2.459799511e+01 -7.962004887e+00 -7.962004887e+00
568 0 +2.435650990e+01 -8.203490101e+00 -8.203490101e+00
572 0 +2.273587319e+01 -9.824126814e+00 -9.824126814e+00
574 0 +2.205927438e+01 -1.050072562e+01 -1.050072562e+01
583 0 +2.152851043e+01 -1.103148957e+01 -1.103148957e+01
584 0 +2.105064087e+01 -1.150935913e+01 -1.150935913e+01
589 0 +1.721316364e+01 -1.534683636e+01 -1.534683636e+01
604 0 +1.346988054e+01 -1.909011946e+01 -1.909011946e+01
635 0 +1.249236407e+01 -2.006763593e+01 -2.006763593e+01
638 0 +1.051062577e+01 -2.204937423e+01 -2.204937423e+01
657 0 +1.014031578e+01 -2.241968422e+01 -2.241968422e+01
680 0 +8.153097738e+00 -2.440690226e+01 -2.440690226e+01
712 0 +6.901205778e+00 -2.565879422e+01 -2.565879422e+01
738 0 +6.209264162e+00 -2.635073584e+01 -2.635073584e+01
787 0 +5.979064783e+00 -2.658093522e+01 -2.658093522e+01
795 0 +4.454124702e+00 -2.810587530e+01 -2.810587530e+01
847 0 +2.897856363e+00 -2.966214364e+01 -2.966214364e+01
940 0 +2.868100397e+00 -2.969189960e+01 -2.969189960e+01
967 0 +2.600557162e+00 -2.995944284e+01 -2.995944284e+01
1010 0 +2.243851224e+00 -3.031614878e+01 -3.031614878e+01
1061 0 +2.145608836e+00 -3.041439116e+01 -3.041439116e+01
1068 0 +2.047689004e+00 -3.051231100e+01 -3.051231100e+01
1088 0 +2.004908574e+00 -3.055509143e+01 -3.055509143e+01
1114 0 +1.926804180e+00 -3.063319582e+01 -3.063319582e+01
1179 0 +1.887887611e+00 -3.067211239e+01 -3.067211239e+01
1189 0 +1.832466911e+00 -3.072753309e+01 -3.072753309e+01
1191 0 +1.816585503e+00 -3.074341450e+01 -3.074341450e+01
1203 0 +1.717292322e+00 -3.084270768e+01 -3.084270768e+01
1218 0 +1.693021463e+00 -3.086697854e+01 -3.086697854e+01
1219 0 +1.593196599e+00 -3.096680340e+01 -3.096680340e+01
1233 0 +1.423284788e+00 -3.113671521e+01 -3.113671521e+01
1271 0 +1.395741852e+00 -3.116425815e+01 -3.116425815e+01
1294 0 +1.349870742e+00 -3.121012926e+01 -3.121012926e+01
1301 0 +1.252930253e+00 -3.130706975e+01 -3.130706975e+01
1320 0 +1.222871093e+00 -3.133712891e+01 -3.133712891e+01
1370 0 +1.158862966e+00 -3.140113703e+01 -3.140113703e+01
1399 0 +1.126895893e+00 -3.143310411e+01 -3.143310411e+01
1407 0 +1.078559075e+00 -3.148144093e+01 -3.148144093e+01
1429 0 +1.068531821e+00 -3.149146818e+01 -3.149146818e+01
1431 0 +1.001054516e+00 -3.155894548e+01 -3.155894548e+01
1460 0 +9.985318017e-01 -3.156146820e+01 -3.156146820e+01
1518 0 +9.618071688e-01 -3.159819283e+01 -3.159819283e+01
1540 0 +9.459952042e-01 -3.161400480e+01 -3.161400480e+01
1563 0 +8.735310365e-01 -3.168646896e+01 -3.168646896e+01
1598 0 +8.423318983e-01 -3.171766810e+01 -3.171766810e+01
1635 0 +8.276907460e-01 -3.173230925e+01 -3.173230925e+01
1686 0 +8.087315091e-01 -3.175126849e+01 -3.175126849e+01
1695 0 +7.925359513e-01 -3.176746405e+01 -3.176746405e+01
1757 0 +7.681440639e-01 -3.179185594e+01 -3.179185594e+01
1775 0 +7.535742757e-01 -3.180642572e+01 -3.180642572e+01
1896 0 +7.403882059e-01 -3.181961179e+01 -3.181961179e+01
1941 0 +7.214256402e-01 -3.183857436e+01 -3.183857436e+01
2180 0 +7.068775229e-01 -3.185312248e+01 -3.185312248e+01
% f evaluations | g evaluations | best noise-free fitness - Fopt (5.154000000000e+02) + sum g_i+ | measured fitness | best measured fitness or single-digit g-values | x1 | x2...
1 0 +8.183801339e+01 +5.972380134e+02 +5.972380134e+02
6 0 +8.075485570e+01 +5.961548557e+02 +5.961548557e+02
61 0 +7.934136875e+01 +5.947413687e+02 +5.947413687e+02
130 0 +7.733495465e+01 +5.927349546e+02 +5.927349546e+02
189 0 +7.575686863e+01 +5.911568686e+02 +5.911568686e+02
229 0 +7.333971767e+01 +5.887397177e+02 +5.887397177e+02
267 0 +7.163883633e+01 +5.870388363e+02 +5.870388363e+02
308 0 +7.032115923e+01 +5.857211592e+02 +5.857211592e+02
320 0 +6.798540440e+01 +5.833854044e+02 +5.833854044e+02
348 0 +6.651774431e+01 +5.819177443e+02 +5.819177443e+02
382 0 +6.494610213e+01 +5.803461021e+02 +5.803461021e+02
402 0 +6.374699084e+01 +5.791469908e+02 +5.791469908e+02
409 0 +6.075308346e+01 +5.761530835e+02 +5.761530835e+02
440 0 +5.262313972e+01 +5.680231397e+02 +5.680231397e+02
479 0 +5.220856684e+01 +5.676085668e+02 +5.676085668e+02
484 0 +5.003452170e+01 +5.654345217e+02 +5.654345217e+02
494 0 +4.704582340e+01 +5.624458234e+02 +5.624458234e+02
497 0 +4.627001456e+01 +5.616700146e+02 +5.616700146e+02
501 0 +4.087363928e+01 +5.562736393e+02 +5.562736393e+02
530 0 +4.067533185e+01 +5.560753319e+02 +5.560753319e+02
535 0 +3.783607959e+01 +5.532360796e+02 +5.532360796e+02
537 0 +3.437785477e+01 +5.497778548e+02 +5.497778548e+02
543 0 +3.371947563e+01 +5.491194756e+02 +5.491194756e+02
549 0 +3.014932762e+01 +5.455493276e+02 +5.455493276e+02
560 0 +2.652547419e+01 +5.419254742e+02 +5.419254742e+02
574 0 +2.563130422e+01 +5.410313042e+02 +5.410313042e+02
580 0 +2.420446183e+01 +5.396044618e+02 +5.396044618e+02
595 0 +2.264681534e+01 +5.380468153e+02 +5.380468153e+02
597 0 +2.209828004e+01 +5.374982800e+02 +5.374982800e+02
608 0 +2.094478646e+01 +5.363447865e+02 +5.363447865e+02
610 0 +1.893705758e+01 +5.343370576e+02 +5.343370576e+02
634 0 +1.605574923e+01 +5.314557492e+02 +5.314557492e+02
650 0 +1.509873710e+01 +5.304987371e+02 +5.304987371e+02
680 0 +1.440808807e+01 +5.298080881e+02 +5.298080881e+02
692 0 +1.398760531e+01 +5.293876053e+02 +5.293876053e+02
696 0 +1.332141105e+01 +5.287214111e+02 +5.287214111e+02
712 0 +9.857474966e+00 +5.252574750e+02 +5.252574750e+02
738 0 +9.054577413e+00 +5.244545774e+02 +5.244545774e+02
757 0 +8.907095303e+00 +5.243070953e+02 +5.243070953e+02
783 0 +8.123834322e+00 +5.235238343e+02 +5.235238343e+02
792 0 +7.346962656e+00 +5.227469627e+02 +5.227469627e+02
856 0 +4.313825046e+00 +5.197138250e+02 +5.197138250e+02
985 0 +3.868104016e+00 +5.192681040e+02 +5.192681040e+02
1004 0 +3.496857635e+00 +5.188968576e+02 +5.188968576e+02
1036 0 +2.367732622e+00 +5.177677326e+02 +5.177677326e+02
1049 0 +2.316208489e+00 +5.177162085e+02 +5.177162085e+02
1088 0 +2.186804676e+00 +5.175868047e+02 +5.175868047e+02
1106 0 +2.089198952e+00 +5.174891990e+02 +5.174891990e+02
1118 0 +2.034073928e+00 +5.174340739e+02 +5.174340739e+02
1244 0 +1.976630705e+00 +5.173766307e+02 +5.173766307e+02
1256 0 +1.944067759e+00 +5.173440678e+02 +5.173440678e+02
1370 0 +1.879092754e+00 +5.172790928e+02 +5.172790928e+02
1408 0 +1.830306478e+00 +5.172303065e+02 +5.172303065e+02
1459 0 +1.775796216e+00 +5.171757962e+02 +5.171757962e+02
1509 0 +1.727361675e+00 +5.171273617e+02 +5.171273617e+02
1563 0 +1.628071668e+00 +5.170280717e+02 +5.170280717e+02
1580 0 +1.616252639e+00 +5.170162526e+02 +5.170162526e+02
1585 0 +1.575430988e+00 +5.169754310e+02 +5.169754310e+02
1634 0 +1.535545170e+00 +5.169355452e+02 +5.169355452e+02
1635 0 +1.486653605e+00 +5.168866536e+02 +5.168866536e+02
1690 0 +1.470949254e+00 +5.168709493e+02 +5.168709493e+02
1721 0 +1.433261518e+00 +5.168332615e+02 +5.168332615e+02
1775 0 +1.385870974e+00 +5.167858710e+02 +5.167858710e+02
1796 0 +1.378343574e+00 +5.167783436e+02 +5.167783436e+02
1800 0 +1.348458330e+00 +5.167484583e+02 +5.167484583e+02
1896 0 +1.317701364e+00 +5.167177014e+02 +5.167177014e+02
2141 0 +1.284879864e+00 +5.166848799e+02 +5.166848799e+02
2476 0 +1.258359898e+00 +5.166583599e+02 +5.166583599e+02
% f evaluations | g evaluations | best noise-free fitness - Fopt (-8.628000000000e+01) + sum g_i+ | measured fitness | best measured fitness or single-digit g-values | x1 | x2...
1 0 +8.088668363e+01 -5.393316374e+00 -5.393316374e+00
2 0 +8.016251460e+01 -6.117485403e+00 -6.117485403e+00
45 0 +7.915003826e+01 -7.129961735e+00 -7.129961735e+00
103 0 +7.755043918e+01 -8.729560824e+00 -8.729560824e+00
154 0 +7.565895137e+01 -1.062104863e+01 -1.062104863e+01
204 0 +7.389171002e+01 -1.238828998e+01 -1.238828998e+01
246 0 +7.240709240e+01 -1.387290760e+01 -1.387290760e+01
302 0 +7.063523598e+01 -1.564476402e+01 -1.564476402e+01
312 0 +6.841109999e+01 -1.786890001e+01 -1.786890001e+01
332 0 +6.674473712e+01 -1.953526288e+01 -1.953526288e+01
348 0 +6.502032340e+01 -2.125967660e+01 -2.125967660e+01
375 0 +6.373603581e+01 -2.254396419e+01 -2.254396419e+01
387 0 +6.192594024e+01 -2.435405976e+01 -2.435405976e+01
392 0 +5.976358808e+01 -2.651641192e+01 -2.651641192e+01
395 0 +5.861826647e+01 -2.766173353e+01 -2.766173353e+01
424 0 +5.728168447e+01 -2.899831553e+01 -2.899831553e+01
432 0 +5.432845346e+01 -3.195154654e+01 -3.195154654e+01
438 0 +5.302246816e+01 -3.325753184e+01 -3.325753184e+01
452 0 +5.039790178e+01 -3.588209822e+01 -3.588209822e+01
477 0 +4.573244620e+01 -4.054755380e+01 -4.054755380e+01
496 0 +4.232218336e+01 -4.395781664e+01 -4.395781664e+01
499 0 +4.021548260e+01 -4.606451740e+01 -4.606451740e+01
510 0 +3.197973299e+01 -5.430026701e+01 -5.430026701e+01
530 0 +2.794739593e+01 -5.833260407e+01 -5.833260407e+01
550 0 +2.727583760e+01 -5.900416240e+01 -5.900416240e+01
551 0 +2.580386112e+01 -6.047613888e+01 -6.047613888e+01
558 0 +2.453753991e+01 -6.174246009e+01 -6.174246009e+01
561 0 +2.362681906e+01 -6.265318094e+01 -6.265318094e+01
568 0 +2.192713464e+01 -6.435286536e+01 -6.435286536e+01
580 0 +2.032087928e+01 -6.595912072e+01 -6.595912072e+01
590 0 +1.891522927e+01 -6.736477073e+01 -6.736477073e+01
594 0 +1.785734251e+01 -6.842265749e+01 -6.842265749e+01
610 0 +1.699831616e+01 -6.928168384e+01 -6.928168384e+01
617 0 +1.660673086e+01 -6.967326914e+01 -6.967326914e+01
646 0 +1.559344638e+01 -7.068655362e+01 -7.068655362e+01
676 0 +1.428781424e+01 -7.199218576e+01 -7.199218576e+01
677 0 +1.411833095e+01 -7.216166905e+01 -7.216166905e+01
678 0 +1.121940147e+01 -7.506059853e+01 -7.506059853e+01
786 0 +9.324119241e+00 -7.695588076e+01 -7.695588076e+01
795 0 +8.512191384e+00 -7.776780862e+01 -7.776780862e+01
851 0 +8.473339875e+00 -7.780666012e+01 -7.780666012e+01
856 0 +8.018485072e+00 -7.826151493e+01 -7.826151493e+01
858 0 +7.848553135e+00 -7.843144687e+01 -7.843144687e+01
877 0 +7.467356737e+00 -7.881264326e+01 -7.881264326e+01
906 0 +7.250063758e+00 -7.902993624e+01 -7.902993624e+01
907 0 +7.089239143e+00 -7.919076086e+01 -7.919076086e+01
967 0 +6.952473899e+00 -7.932752610e+01 -7.932752610e+01
981 0 +6.749190090e+00 -7.953080991e+01 -7.953080991e+01
1000 0 +6.193242075e+00 -8.008675792e+01 -8.008675792e+01
1036 0 +6.160437025e+00 -8.011956297e+01 -8.011956297e+01
1053 0 +5.929170360e+00 -8.035082964e+01 -8.035082964e+01
1055 0 +5.807972367e+00 -8.047202763e+01 -8.047202763e+01
1068 0 +5.570295105e+00 -8.070970489e+01 -8.070970489e+01
1088 0 +5.348591769e+00 -8.093140823e+01 -8.093140823e+01
1097 0 +5.145096946e+00 -8.113490305e+01 -8.113490305e+01
1106 0 +4.742539975e+00 -8.153746002e+01 -8.153746002e+01
1114 0 +4.601737497e+00 -8.167826250e+01 -8.167826250e+01
1191 0 +4.445834634e+00 -8.183416537e+01 -8.183416537e+01
1226 0 +4.210941675e+00 -8.206905832e+01 -8.206905832e+01
1274 0 +3.818162072e+00 -8.246183793e+01 -8.246183793e+01
1301 0 +3.636994131e+00 -8.264300587e+01 -8.264300587e+01
1322 0 +3.599774411e+00 -8.268022559e+01 -8.268022559e+01
1390 0 +3.475369042e+00 -8.280463096e+01 -8.280463096e+01
1399 0 +3.316482279e+00 -8.296351772e+01 -8.296351772e+01
1443 0 +3.280375613e+00 -8.299962439e+01 -8.299962439e+01
1502 0 +3.212882720e+00 -8.306711728e+01 -8.306711728e+01
1509 0 +3.131658224e+00 -8.314834178e+01 -8.314834178e+01
1563 0 +3.075272671e+00 -8.320472733e+01 -8.320472733e+01
1598 0 +2.986632861e+00 -8.329336714e+01 -8.329336714e+01
1634 0 +2.917803432e+00 -8.336219657e+01 -8.336219657e+01
1775 0 +2.868226987e+00 -8.341177301e+01 -8.341177301e+01
1952 0 +2.815129741e+00 -8.346487026e+01 -8.346487026e+01
% f evaluations | g evaluations | best noise-free fitness - Fopt (2.224000000000e+01) + sum g_i+ | measured fitness | best measured fitness or single-digit g-values | x1 | x2...
1 0 +7.739188818e+01 +9.963188818e+01 +9.963188818e+01
11 0 +7.642224746e+01 +9.866224746e+01 +9.866224746e+01
27 0 +7.486361618e+01 +9.710361618e+01 +9.710361618e+01
101 0 +7.227020784e+01 +9.451020784e+01 +9.451020784e+01
162 0 +7.078080821e+01 +9.302080821e+01 +9.302080821e+01
177 0 +6.904663802e+01 +9.128663802e+01 +9.128663802e+01
182 0 +6.731427600e+01 +8.955427600e+01 +8.955427600e+01
204 0 +6.593505281e+01 +8.817505281e+01 +8.817505281e+01
211 0 +6.434212333e+01 +8.658212333e+01 +8.658212333e+01
223 0 +6.263271077e+01 +8.487271077e+01 +8.487271077e+01
249 0 +6.075938118e+01 +8.299938118e+01 +8.299938118e+01
252 0 +5.552884308e+01 +7.776884308e+01 +7.776884308e+01
268 0 +5.414030657e+01 +7.638030657e+01 +7.638030657e+01
280 0 +4.591761314e+01 +6.815761314e+01 +6.815761314e+01
303 0 +4.378493486e+01 +6.602493486e+01 +6.602493486e+01
304 0 +4.041114363e+01 +6.265114363e+01 +6.265114363e+01
318 0 +3.441518906e+01 +5.665518906e+01 +5.665518906e+01
324 0 +3.014398969e+01 +5.238398969e+01 +5.238398969e+01
340 0 +2.903701003e+01 +5.127701003e+01 +5.127701003e+01
347 0 +2.866418261e+01 +5.090418261e+01 +5.090418261e+01
349 0 +2.800785419e+01 +5.024785419e+01 +5.024785419e+01
351 0 +2.327317856e+01 +4.551317856e+01 +4.551317856e+01
380 0 +1.936212874e+01 +4.160212874e+01 +4.160212874e+01
425 0 +1.788062077e+01 +4.012062077e+01 +4.012062077e+01
428 0 +1.514222918e+01 +3.738222918e+01 +3.738222918e+01
440 0 +1.436640736e+01 +3.660640736e+01 +3.660640736e+01
447 0 +1.203940614e+01 +3.427940614e+01 +3.427940614e+01
488 0 +1.068182266e+01 +3.292182266e+01 +3.292182266e+01
507 0 +1.029284523e+01 +3.253284523e+01 +3.253284523e+01
515 0 +9.156274147e+00 +3.139627415e+01 +3.139627415e+01
539 0 +8.204405635e+00 +3.044440564e+01 +3.044440564e+01
623 0 +8.083111661e+00 +3.032311166e+01 +3.032311166e+01
712 0 +7.885654684e+00 +3.012565468e+01 +3.012565468e+01
718 0 +7.654837940e+00 +2.989483794e+01 +2.989483794e+01
723 0 +7.170395046e+00 +2.941039505e+01 +2.941039505e+01
737 0 +6.682146274e+00 +2.892214627e+01 +2.892214627e+01
738 0 +6.091068353e+00 +2.833106835e+01 +2.833106835e+01
763 0 +5.654583657e+00 +2.789458366e+01 +2.789458366e+01
787 0 +4.831658755e+00 +2.707165876e+01 +2.707165876e+01
799 0 +3.687305690e+00 +2.592730569e+01 +2.592730569e+01
833 0 +3.401976738e+00 +2.564197674e+01 +2.564197674e+01
846 0 +2.798584039e+00 +2.503858404e+01 +2.503858404e+01
858 0 +2.410550785e+00 +2.465055078e+01 +2.465055078e+01
906 0 +2.244396739e+00 +2.448439674e+01 +2.448439674e+01
923 0 +2.174070543e+00 +2.441407054e+01 +2.441407054e+01
976 0 +2.070492876e+00 +2.431049288e+01 +2.431049288e+01
1030 0 +2.030345701e+00 +2.427034570e+01 +2.427034570e+01
1067 0 +1.984243633e+00 +2.422424363e+01 +2.422424363e+01
1082 0 +1.782642394e+00 +2.402264239e+01 +2.402264239e+01
1111 0 +1.333051271e+00 +2.357305127e+01 +2.357305127e+01
1189 0 +9.886851752e-01 +2.322868518e+01 +2.322868518e+01
1191 0 +9.553356610e-01 +2.319533566e+01 +2.319533566e+01
1277 0 +7.187461858e-01 +2.295874619e+01 +2.295874619e+01
1298 0 +6.843231858e-01 +2.292432319e+01 +2.292432319e+01
1309 0 +6.459703743e-01 +2.288597037e+01 +2.288597037e+01
1336 0 +5.342968036e-01 +2.277429680e+01 +2.277429680e+01
1361 0 +5.085234143e-01 +2.274852341e+01 +2.274852341e+01
1409 0 +4.947647304e-01 +2.273476473e+01 +2.273476473e+01
1462 0 +4.813167193e-01 +2.272131672e+01 +2.272131672e+01
1499 0 +4.756561220e-01 +2.271565612e+01 +2.271565612e+01
1514 0 +4.539697437e-01 +2.269396974e+01 +2.269396974e+01
1531 0 +4.091200990e-01 +2.264912010e+01 +2.264912010e+01
1543 0 +4.040191412e-01 +2.264401914e+01 +2.264401914e+01
1575 0 +3.811829327e-01 +2.262118293e+01 +2.262118293e+01
1577 0 +3.682369953e-01 +2.260823700e+01 +2.260823700e+01
1611 0 +3.241627063e-01 +2.256416271e+01 +2.256416271e+01
1634 0 +3.152351461e-01 +2.255523515e+01 +2.255523515e+01
1638 0 +2.523590378e-01 +2.249235904e+01 +2.249235904e+01
1650 0 +2.121681679e-01 +2.245216817e+01 +2.245216817e+01
1669 0 +2.059726798e-01 +2.244597268e+01 +2.244597268e+01
1716 0 +1.970576971e-01 +2.243705770e+01 +2.243705770e+01
1738 0 +1.943137408e-01 +2.243431374e+01 +2.243431374e+01
1743 0 +1.783358105e-01 +2.241833581e+01 +2.241833581e+01
1748 0 +1.749537211e-01 +2.241495372e+01 +2.241495372e+01
1749 0 +1.718370924e-01 +2.241183709e+01 +2.241183709e+01
1752 0 +1.561920190e-01 +2.239619202e+01 +2.239619202e+01
1758 0 +1.474332022e-01 +2.238743320e+01 +2.238743320e+01
1773 0 +1.343859531e-01 +2.237438595e+01 +2.237438595e+01
1777 0 +1.305073585e-01 +2.237050736e+01 +2.237050736e+01
1791 0 +1.179270512e-01 +2.235792705e+01 +2.235792705e+01
1849 0 +1.165918187e-01 +2.235659182e+01 +2.235659182e+01
1866 0 +9.450561398e-02 +2.233450561e+01 +2.233450561e+01
1913 0 +9.218614105e-02 +2.233218614e+01 +2.233218614e+01
1934 0 +8.315006205e-02 +2.232315006e+01 +2.232315006e+01
1936 0 +8.022167511e-02 +2.232022168e+01 +2.232022168e+01
1939 0 +6.531422440e-02 +2.230531422e+01 +2.230531422e+01
2027 0 +6.226120129e-02 +2.230226120e+01 +2.230226120e+01
2040 0 +5.202525129e-02 +2.229202525e+01 +2.229202525e+01
2057 0 +4.035563706e-02 +2.228035564e+01 +2.228035564e+01
2125 0 +3.290176332e-02 +2.227290176e+01 +2.227290176e+01
2147 0 +2.766442824e-02 +2.226766443e+01 +2.226766443e+01
2157 0 +2.234672627e-02 +2.226234673e+01 +2.226234673e+01
2173 0 +1.975569251e-02 +2.225975569e+01 +2.225975569e+01
2276 0 +1.736955533e-02 +2.225736956e+01 +2.225736956e+01
2277 0 +1.693935043e-02 +2.225693935e+01 +2.225693935e+01
2321 0 +1.642993213e-02 +2.225642993e+01 +2.225642993e+01
2331 0 +1.572920496e-02 +2.225572920e+01 +2.225572920e+01
2351 0 +1.482473476e-02 +2.225482473e+01 +2.225482473e+01
2386 0 +1.460661669e-02 +2.225460662e+01 +2.225460662e+01
2387 0 +1.395681042e-02 +2.225395681e+01 +2.225395681e+01
2398 0 +1.347058056e-02 +2.225347058e+01 +2.225347058e+01
2404 0 +1.315661426e-02 +2.225315661e+01 +2.225315661e+01
2417 0 +1.260474387e-02 +2.225260474e+01 +2.225260474e+01
2423 0 +1.167425443e-02 +2.225167425e+01 +2.225167425e+01
2440 0 +1.039916746e-02 +2.225039917e+01 +2.225039917e+01
2449 0 +8.035229107e-03 +2.224803523e+01 +2.224803523e+01
2520 0 +7.128886636e-03 +2.224712889e+01 +2.224712889e+01
2523 0 +4.230898776e-03 +2.224423090e+01 +2.224423090e+01
2573 0 +4.162428690e-03 +2.224416243e+01 +2.224416243e+01
2601 0 +3.941660400e-03 +2.224394166e+01 +2.224394166e+01
2617 0 +3.643995203e-03 +2.224364400e+01 +2.224364400e+01
2656 0 +3.593332604e-03 +2.224359333e+01 +2.224359333e+01
2704 0 +3.532409986e-03 +2.224353241e+01 +2.224353241e+01
2707 0 +3.357729135e-03 +2.224335773e+01 +2.224335773e+01
2737 0 +3.028956282e-03 +2.224302896e+01 +2.224302896e+01
2749 0 +2.585076720e-03 +2.224258508e+01 +2.224258508e+01
2763 0 +2.329818409e-03 +2.224232982e+01 +2.224232982e+01
2801 0 +2.195709935e-03 +2.224219571e+01 +2.224219571e+01
2808 0 +2.118361400e-03 +2.224211836e+01 +2.224211836e+01
2818 0 +1.832325472e-03 +2.224183233e+01 +2.224183233e+01
2819 0 +1.567855958e-03 +2.224156786e+01 +2.224156786e+01
2830 0 +1.244317156e-03 +2.224124432e+01 +2.224124432e+01
2878 0 +1.128259876e-03 +2.224112826e+01 +2.224112826e+01
2879 0 +9.327398890e-04 +2.224093274e+01 +2.224093274e+01
2977 0 +9.098605168e-04 +2.224090986e+01 +2.224090986e+01
3000 0 +8.876814574e-04 +2.224088768e+01 +2.224088768e+01
3009 0 +8.696505058e-04 +2.224086965e+01 +2.224086965e+01
3037 0 +8.467820300e-04 +2.224084678e+01 +2.224084678e+01
3064 0 +7.486205237e-04 +2.224074862e+01 +2.224074862e+01
3100 0 +6.722686402e-04 +2.224067227e+01 +2.224067227e+01
3111 0 +5.914680848e-04 +2.224059147e+01 +2.224059147e+01
3123 0 +5.767106462e-04 +2.224057671e+01 +2.224057671e+01
3138 0 +5.059616625e-04 +2.224050596e+01 +2.224050596e+01
3150 0 +4.805180461e-04 +2.224048052e+01 +2.224048052e+01
3202 0 +4.083156076e-04 +2.224040832e+01 +2.224040832e+01
3259 0 +3.993550792e-04 +2.224039936e+01 +2.224039936e+01
3260 0 +3.893188168e-04 +2.224038932e+01 +2.224038932e+01
3270 0 +3.811900255e-04 +2.224038119e+01 +2.224038119e+01
3272 0 +3.554291296e-04 +2.224035543e+01 +2.224035543e+01
3273 0 +3.484223014e-04 +2.224034842e+01 +2.224034842e+01
3286 0 +3.123863203e-04 +2.224031239e+01 +2.224031239e+01
3296 0 +2.940056485e-04 +2.224029401e+01 +2.224029401e+01
3297 0 +2.879618758e-04 +2.224028796e+01 +2.224028796e+01
3302 0 +2.807009922e-04 +2.224028070e+01 +2.224028070e+01
3323 0 +2.679562246e-04 +2.224026796e+01 +2.224026796e+01
3326 0 +2.120690329e-04 +2.224021207e+01 +2.224021207e+01
3399 0 +1.891517009e-04 +2.224018915e+01 +2.224018915e+01
3415 0 +1.731822932e-04 +2.224017318e+01 +2.224017318e+01
3421 0 +1.648560890e-04 +2.224016486e+01 +2.224016486e+01
3441 0 +1.547672078e-04 +2.224015477e+01 +2.224015477e+01
3510 0 +1.271208357e-04 +2.224012712e+01 +2.224012712e+01
3519 0 +1.249757344e-04 +2.224012498e+01 +2.224012498e+01
3530 0 +1.118433096e-04 +2.224011184e+01 +2.224011184e+01
3546 0 +1.021658924e-04 +2.224010217e+01 +2.224010217e+01
3598 0 +9.234303123e-05 +2.224009234e+01 +2.224009234e+01
3604 0 +8.762537766e-05 +2.224008763e+01 +2.224008763e+01
3651 0 +8.701500620e-05 +2.224008702e+01 +2.224008702e+01
3654 0 +8.297626739e-05 +2.224008298e+01 +2.224008298e+01
3676 0 +7.255174933e-05 +2.224007255e+01 +2.224007255e+01
3684 0 +7.201921169e-05 +2.224007202e+01 +2.224007202e+01
3693 0 +6.980377087e-05 +2.224006980e+01 +2.224006980e+01
3710 0 +6.858832773e-05 +2.224006859e+01 +2.224006859e+01
3728 0 +6.708469709e-05 +2.224006708e+01 +2.224006708e+01
3734 0 +5.533551994e-05 +2.224005534e+01 +2.224005534e+01
3772 0 +4.362737543e-05 +2.224004363e+01 +2.224004363e+01
3802 0 +4.138357447e-05 +2.224004138e+01 +2.224004138e+01
3828 0 +3.787566938e-05 +2.224003788e+01 +2.224003788e+01
3857 0 +3.399130332e-05 +2.224003399e+01 +2.224003399e+01
3883 0 +3.279503019e-05 +2.224003280e+01 +2.224003280e+01
3907 0 +3.143246469e-05 +2.224003143e+01 +2.224003143e+01
3922 0 +3.078364901e-05 +2.224003078e+01 +2.224003078e+01
3925 0 +2.867854810e-05 +2.224002868e+01 +2.224002868e+01
3950 0 +2.695896926e-05 +2.224002696e+01 +2.224002696e+01
3998 0 +2.660943002e-05 +2.224002661e+01 +2.224002661e+01
4008 0 +2.561347281e-05 +2.224002561e+01 +2.224002561e+01
4028 0 +2.508793852e-05 +2.224002509e+01 +2.224002509e+01
4059 0 +2.234782079e-05 +2.224002235e+01 +2.224002235e+01
4117 0 +2.166561546e-05 +2.224002167e+01 +2.224002167e+01
4127 0 +2.081714240e-05 +2.224002082e+01 +2.224002082e+01
4152 0 +1.985465141e-05 +2.224001985e+01 +2.224001985e+01
4168 0 +1.924904227e-05 +2.224001925e+01 +2.224001925e+01
4178 0 +1.735104877e-05 +2.224001735e+01 +2.224001735e+01
4202 0 +1.468698079e-05 +2.224001469e+01 +2.224001469e+01
4227 0 +1.444298287e-05 +2.224001444e+01 +2.224001444e+01
4234 0 +1.222727439e-05 +2.224001223e+01 +2.224001223e+01
4238 0 +9.958695333e-06 +2.224000996e+01 +2.224000996e+01
4243 0 +8.757695898e-06 +2.224000876e+01 +2.224000876e+01
4277 0 +7.010242189e-06 +2.224000701e+01 +2.224000701e+01
4311 0 +6.685488117e-06 +2.224000669e+01 +2.224000669e+01
4338 0 +6.494522573e-06 +2.224000649e+01 +2.224000649e+01
4406 0 +6.304239047e-06 +2.224000630e+01 +2.224000630e+01
4450 0 +6.014463512e-06 +2.224000601e+01 +2.224000601e+01
4471 0 +5.523037942e-06 +2.224000552e+01 +2.224000552e+01
4558 0 +4.736927863e-06 +2.224000474e+01 +2.224000474e+01
4569 0 +3.397568406e-06 +2.224000340e+01 +2.224000340e+01
4623 0 +2.705068347e-06 +2.224000271e+01 +2.224000271e+01
4654 0 +2.656314720e-06 +2.224000266e+01 +2.224000266e+01
4671 0 +2.305088380e-06 +2.224000231e+01 +2.224000231e+01
4682 0 +2.282212492e-06 +2.224000228e+01 +2.224000228e+01
4712 0 +2.037149034e-06 +2.224000204e+01 +2.224000204e+01
4725 0 +1.947820309e-06 +2.224000195e+01 +2.224000195e+01
4760 0 +1.854778976e-06 +2.224000185e+01 +2.224000185e+01
4791 0 +1.797983447e-06 +2.224000180e+01 +2.224000180e+01
4798 0 +1.775909958e-06 +2.224000178e+01 +2.224000178e+01
4808 0 +1.704836002e-06 +2.224000170e+01 +2.224000170e+01
4828 0 +1.681245550e-06 +2.224000168e+01 +2.224000168e+01
4829 0 +1.653531751e-06 +2.224000165e+01 +2.224000165e+01
4849 0 +1.597138112e-06 +2.224000160e+01 +2.224000160e+01
4865 0 +1.580541856e-06 +2.224000158e+01 +2.224000158e+01
4877 0 +1.501089749e-06 +2.224000150e+01 +2.224000150e+01
4894 0 +1.345134962e-06 +2.224000135e+01 +2.224000135e+01
4908 0 +1.317894966e-06 +2.224000132e+01 +2.224000132e+01
4910 0 +1.186026477e-06 +2.224000119e+01 +2.224000119e+01
4929 0 +9.550357198e-07 +2.224000096e+01 +2.224000096e+01
4977 0 +8.547051458e-07 +2.224000085e+01 +2.224000085e+01
4993 0 +7.214366171e-07 +2.224000072e+01 +2.224000072e+01
5013 0 +6.748169419e-07 +2.224000067e+01 +2.224000067e+01
5030 0 +6.265526018e-07 +2.224000063e+01 +2.224000063e+01
5050 0 +6.027093242e-07 +2.224000060e+01 +2.224000060e+01
5063 0 +5.386449828e-07 +2.224000054e+01 +2.224000054e+01
5087 0 +4.820415356e-07 +2.224000048e+01 +2.224000048e+01
5090 0 +4.285503188e-07 +2.224000043e+01 +2.224000043e+01
5169 0 +4.074817959e-07 +2.224000041e+01 +2.224000041e+01
5176 0 +3.861542623e-07 +2.224000039e+01 +2.224000039e+01
5185 0 +3.583695083e-07 +2.224000036e+01 +2.224000036e+01
5212 0 +3.042215830e-07 +2.224000030e+01 +2.224000030e+01
5240 0 +2.952272631e-07 +2.224000030e+01 +2.224000030e+01
5256 0 +2.871374640e-07 +2.224000029e+01 +2.224000029e+01
5277 0 +2.358548734e-07 +2.224000024e+01 +2.224000024e+01
5312 0 +2.103210228e-07 +2.224000021e+01 +2.224000021e+01
5338 0 +1.831510232e-07 +2.224000018e+01 +2.224000018e+01
5418 0 +1.715915410e-07 +2.224000017e+01 +2.224000017e+01
5425 0 +1.536482017e-07 +2.224000015e+01 +2.224000015e+01
5444 0 +1.409498189e-07 +2.224000014e+01 +2.224000014e+01
5493 0 +1.300850201e-07 +2.224000013e+01 +2.224000013e+01
5531 0 +1.242528356e-07 +2.224000012e+01 +2.224000012e+01
5574 0 +1.147548438e-07 +2.224000011e+01 +2.224000011e+01
5581 0 +1.030086558e-07 +2.224000010e+01 +2.224000010e+01
5583 0 +8.997946566e-08 +2.224000009e+01 +2.224000009e+01
5637 0 +7.112750211e-08 +2.224000007e+01 +2.224000007e+01
5704 0 +6.892968329e-08 +2.224000007e+01 +2.224000007e+01
5707 0 +6.624229698e-08 +2.224000007e+01 +2.224000007e+01
5720 0 +6.474286351e-08 +2.224000006e+01 +2.224000006e+01
5721 0 +6.285936394e-08 +2.224000006e+01 +2.224000006e+01
5727 0 +6.115788054e-08 +2.224000006e+01 +2.224000006e+01
5741 0 +5.681025073e-08 +2.224000006e+01 +2.224000006e+01
5745 0 +5.379526158e-08 +2.224000005e+01 +2.224000005e+01
5759 0 +5.198263864e-08 +2.224000005e+01 +2.224000005e+01
5792 0 +4.983817448e-08 +2.224000005e+01 +2.224000005e+01
5827 0 +4.861217562e-08 +2.224000005e+01 +2.224000005e+01
5865 0 +4.768431339e-08 +2.224000005e+01 +2.224000005e+01
5871 0 +4.665164255e-08 +2.224000005e+01 +2.224000005e+01
5900 0 +4.472727611e-08 +2.224000004e+01 +2.224000004e+01
5915 0 +4.435640122e-08 +2.224000004e+01 +2.224000004e+01
5942 0 +4.076525073e-08 +2.224000004e+01 +2.224000004e+01
5983 0 +3.648907310e-08 +2.224000004e+01 +2.224000004e+01
6006 0 +2.799796661e-08 +2.224000003e+01 +2.224000003e+01
6049 0 +2.576037517e-08 +2.224000003e+01 +2.224000003e+01
6063 0 +2.324087234e-08 +2.224000002e+01 +2.224000002e+01
6082 0 +1.993096177e-08 +2.224000002e+01 +2.224000002e+01
6102 0 +1.938209948e-08 +2.224000002e+01 +2.224000002e+01
6113 0 +1.562714758e-08 +2.224000002e+01 +2.224000002e+01
6149 0 +1.469708621e-08 +2.224000001e+01 +2.224000001e+01
6158 0 +1.442493414e-08 +2.224000001e+01 +2.224000001e+01
6172 0 +1.263634175e-08 +2.224000001e+01 +2.224000001e+01
6198 0 +1.236658420e-08 +2.224000001e+01 +2.224000001e+01
6211 0 +1.215580170e-08 +2.224000001e+01 +2.224000001e+01
6220 0 +1.196780985e-08 +2.224000001e+01 +2.224000001e+01
6232 0 +1.153966167e-08 +2.224000001e+01 +2.224000001e+01
6243 0 +1.128091398e-08 +2.224000001e+01 +2.224000001e+01
6299 0 +1.080922019e-08 +2.224000001e+01 +2.224000001e+01
6310 0 +9.862283434e-09 +2.224000001e+01 +2.224000001e+01
% f evaluations | g evaluations | best noise-free fitness - Fopt (-2.301000000000e+01) + sum g_i+ | measured fitness | best measured fitness or single-digit g-values | x1 | x2...
1 0 +8.261644214e+01 +5.960644214e+01 +5.960644214e+01
4 0 +8.163564222e+01 +5.862564222e+01 +5.862564222e+01
37 0 +8.123328188e+01 +5.822328188e+01 +5.822328188e+01
98 0 +7.911375235e+01 +5.610375235e+01 +5.610375235e+01
148 0 +7.713894761e+01 +5.412894761e+01 +5.412894761e+01
191 0 +7.560753876e+01 +5.259753876e+01 +5.259753876e+01
244 0 +7.396662925e+01 +5.095662925e+01 +5.095662925e+01
280 0 +7.223608927e+01 +4.922608927e+01 +4.922608927e+01
347 0 +7.062720353e+01 +4.761720353e+01 +4.761720353e+01
391 0 +6.877513479e+01 +4.576513479e+01 +4.576513479e+01
450 0 +6.757455681e+01 +4.456455681e+01 +4.456455681e+01
477 0 +6.586192577e+01 +4.285192577e+01 +4.285192577e+01
518 0 +6.418009432e+01 +4.117009432e+01 +4.117009432e+01
540 0 +6.294848679e+01 +3.993848679e+01 +3.993848679e+01
577 0 +6.118978695e+01 +3.817978695e+01 +3.817978695e+01
607 0 +5.960715695e+01 +3.659715695e+01 +3.659715695e+01
666 0 +5.704703365e+01 +3.403703365e+01 +3.403703365e+01
692 0 +5.575158688e+01 +3.274158688e+01 +3.274158688e+01
712 0 +5.493325686e+01 +3.192325686e+01 +3.192325686e+01
779 0 +5.369886364e+01 +3.068886364e+01 +3.068886364e+01
856 0 +5.069582704e+01 +2.768582704e+01 +2.768582704e+01
994 0 +4.955309945e+01 +2.654309945e+01 +2.654309945e+01
1008 0 +4.894650775e+01 +2.593650775e+01 +2.593650775e+01
1191 0 +4.753455975e+01 +2.452455975e+01 +2.452455975e+01
1531 0 +4.662522524e+01 +2.361522524e+01 +2.361522524e+01
% f evaluations | g evaluations | best noise-free fitness - Fopt (-3.323700000000e+02) + sum g_i+ | measured fitness | best measured fitness or single-digit g-values | x1 | x2...
1 0 +8.076601157e+01 -2.516039884e+02 -2.516039884e+02
2 0 +8.062761490e+01 -2.517423851e+02 -2.517423851e+02
26 0 +7.924841386e+01 -2.531215861e+02 -2.531215861e+02
104 0 +7.750258201e+01 -2.548674180e+02 -2.548674180e+02
174 0 +7.554436300e+01 -2.568256370e+02 -2.568256370e+02
198 0 +7.379182538e+01 -2.585781746e+02 -2.585781746e+02
270 0 +7.210369966e+01 -2.602663003e+02 -2.602663003e+02
317 0 +7.008693064e+01 -2.622830694e+02 -2.622830694e+02
360 0 +6.843653267e+01 -2.639334673e+02 -2.639334673e+02
388 0 +6.759864134e+01 -2.647713587e+02 -2.647713587e+02
396 0 +6.588294235e+01 -2.664870576e+02 -2.664870576e+02
422 0 +6.301592935e+01 -2.693540707e+02 -2.693540707e+02
447 0 +5.950251694e+01 -2.728674831e+02 -2.728674831e+02
469 0 +5.688080208e+01 -2.754891979e+02 -2.754891979e+02
484 0 +5.402549942e+01 -2.783445006e+02 -2.783445006e+02
486 0 +5.285188770e+01 -2.795181123e+02 -2.795181123e+02
501 0 +4.985286046e+01 -2.825171395e+02 -2.825171395e+02
506 0 +4.872971064e+01 -2.836402894e+02 -2.836402894e+02
511 0 +4.565569856e+01 -2.867143014e+02 -2.867143014e+02
546 0 +4.416595715e+01 -2.882040428e+02 -2.882040428e+02
559 0 +3.896464207e+01 -2.934053579e+02 -2.934053579e+02
572 0 +3.787152729e+01 -2.944984727e+02 -2.944984727e+02
580 0 +3.648382179e+01 -2.958861782e+02 -2.958861782e+02
593 0 +3.555672573e+01 -2.968132743e+02 -2.968132743e+02
596 0 +3.312254230e+01 -2.992474577e+02 -2.992474577e+02
610 0 +3.207079089e+01 -3.002992091e+02 -3.002992091e+02
625 0 +3.103190333e+01 -3.013380967e+02 -3.013380967e+02
674 0 +2.990473238e+01 -3.024652676e+02 -3.024652676e+02
676 0 +2.926118164e+01 -3.031088184e+02 -3.031088184e+02
691 0 +2.805171558e+01 -3.043182844e+02 -3.043182844e+02
730 0 +2.626505866e+01 -3.061049413e+02 -3.061049413e+02
772 0 +2.520694838e+01 -3.071630516e+02 -3.071630516e+02
777 0 +2.445894521e+01 -3.079110548e+02 -3.079110548e+02
786 0 +2.387826810e+01 -3.084917319e+02 -3.084917319e+02
795 0 +2.241026955e+01 -3.099597305e+02 -3.099597305e+02
818 0 +2.193001130e+01 -3.104399887e+02 -3.104399887e+02
856 0 +2.019868409e+01 -3.121713159e+02 -3.121713159e+02
1008 0 +1.966932010e+01 -3.127006799e+02 -3.127006799e+02
1036 0 +1.935256689e+01 -3.130174331e+02 -3.130174331e+02
1067 0 +1.861435443e+01 -3.137556456e+02 -3.137556456e+02
1088 0 +1.789626455e+01 -3.144737355e+02 -3.144737355e+02
1106 0 +1.720346451e+01 -3.151665355e+02 -3.151665355e+02
1180 0 +1.692854138e+01 -3.154414586e+02 -3.154414586e+02
1191 0 +1.638717697e+01 -3.159828230e+02 -3.159828230e+02
1256 0 +1.616528613e+01 -3.162047139e+02 -3.162047139e+02
1370 0 +1.583765771e+01 -3.165323423e+02 -3.165323423e+02
1509 0 +1.548265505e+01 -3.168873450e+02 -3.168873450e+02
1757 0 +1.511767218e+01 -3.172523278e+02 -3.172523278e+02
% f evaluations | g evaluations | best noise-free fitness - Fopt (-1.231300000000e+02) + sum g_i+ | measured fitness | best measured fitness or single-digit g-values | x1 | x2...
1 0 +7.983776437e+01 -4.329223563e+01 -4.329223563e+01
2 0 +7.873750381e+01 -4.439249619e+01 -4.439249619e+01
38 0 +7.721609027e+01 -4.591390973e+01 -4.591390973e+01
81 0 +7.575089024e+01 -4.737910976e+01 -4.737910976e+01
149 0 +7.378294715e+01 -4.934705285e+01 -4.934705285e+01
183 0 +7.165978719e+01 -5.147021281e+01 -5.147021281e+01
215 0 +7.032427345e+01 -5.280572655e+01 -5.280572655e+01
265 0 +6.796462016e+01 -5.516537984e+01 -5.516537984e+01
280 0 +6.758642082e+01 -5.554357918e+01 -5.554357918e+01
294 0 +6.473730398e+01 -5.839269602e+01 -5.839269602e+01
324 0 +6.454184182e+01 -5.858815818e+01 -5.858815818e+01
348 0 +5.931861536e+01 -6.381138464e+01 -6.381138464e+01
369 0 +5.773542847e+01 -6.539457153e+01 -6.539457153e+01
375 0 +5.573924756e+01 -6.739075244e+01 -6.739075244e+01
383 0 +5.422837227e+01 -6.890162773e+01 -6.890162773e+01
394 0 +4.875668496e+01 -7.437331504e+01 -7.437331504e+01
408 0 +4.485361752e+01 -7.827638248e+01 -7.827638248e+01
462 0 +3.897445010e+01 -8.415554990e+01 -8.415554990e+01
488 0 +3.852875511e+01 -8.460124489e+01 -8.460124489e+01
496 0 +3.674116902e+01 -8.638883098e+01 -8.638883098e+01
513 0 +3.288906884e+01 -9.024093116e+01 -9.024093116e+01
532 0 +3.038641674e+01 -9.274358326e+01 -9.274358326e+01
541 0 +2.802941036e+01 -9.510058964e+01 -9.510058964e+01
546 0 +2.668612179e+01 -9.644387821e+01 -9.644387821e+01
572 0 +2.506113396e+01 -9.806886604e+01 -9.806886604e+01
596 0 +2.275293846e+01 -1.003770615e+02 -1.003770615e+02
610 0 +2.232071465e+01 -1.008092854e+02 -1.008092854e+02
635 0 +2.139846305e+01 -1.017315369e+02 -1.017315369e+02
638 0 +2.137025489e+01 -1.017597451e+02 -1.017597451e+02
676 0 +1.792603022e+01 -1.052039698e+02 -1.052039698e+02
727 0 +1.702876486e+01 -1.061012351e+02 -1.061012351e+02
771 0 +1.662301364e+01 -1.065069864e+02 -1.065069864e+02
785 0 +1.443052647e+01 -1.086994735e+02 -1.086994735e+02
802 0 +1.288894344e+01 -1.102410566e+02 -1.102410566e+02
816 0 +1.231137745e+01 -1.108186226e+02 -1.108186226e+02
837 0 +1.204606800e+01 -1.110839320e+02 -1.110839320e+02
847 0 +1.115131062e+01 -1.119786894e+02 -1.119786894e+02
870 0 +1.019938345e+01 -1.129306165e+02 -1.129306165e+02
877 0 +9.776549404e+00 -1.133534506e+02 -1.133534506e+02
894 0 +9.723667426e+00 -1.134063326e+02 -1.134063326e+02
910 0 +9.319232034e+00 -1.138107680e+02 -1.138107680e+02
915 0 +8.786021891e+00 -1.143439781e+02 -1.143439781e+02
961 0 +8.472650247e+00 -1.146573498e+02 -1.146573498e+02
985 0 +8.169269012e+00 -1.149607310e+02 -1.149607310e+02
1000 0 +7.979360871e+00 -1.151506391e+02 -1.151506391e+02
1032 0 +7.913492243e+00 -1.152165078e+02 -1.152165078e+02
1046 0 +7.144038190e+00 -1.159859618e+02 -1.159859618e+02
1088 0 +7.025817743e+00 -1.161041823e+02 -1.161041823e+02
1094 0 +6.710187941e+00 -1.164198121e+02 -1.164198121e+02
1191 0 +6.534997814e+00 -1.165950022e+02 -1.165950022e+02
1229 0 +6.360717192e+00 -1.167692828e+02 -1.167692828e+02
1256 0 +5.971840513e+00 -1.171581595e+02 -1.171581595e+02
1366 0 +5.827906851e+00 -1.173020931e+02 -1.173020931e+02
1370 0 +5.448084276e+00 -1.176819157e+02 -1.176819157e+02
1390 0 +5.145844281e+00 -1.179841557e+02 -1.179841557e+02
1435 0 +5.078697212e+00 -1.180513028e+02 -1.180513028e+02
1554 0 +4.930587808e+00 -1.181994122e+02 -1.181994122e+02
1559 0 +4.853860691e+00 -1.182761393e+02 -1.182761393e+02
1598 0 +4.741250621e+00 -1.183887494e+02 -1.183887494e+02
1613 0 +4.653086217e+00 -1.184769138e+02 -1.184769138e+02
1721 0 +4.565607426e+00 -1.185643926e+02 -1.185643926e+02
1762 0 +4.428268626e+00 -1.187017314e+02 -1.187017314e+02
1919 0 +4.338449191e+00 -1.187915508e+02 -1.187915508e+02
2138 0 +4.250904457e+00 -1.188790955e+02 -1.188790955e+02
2868 0 +4.168669343e+00 -1.189613307e+02 -1.189613307e+02
% f evaluations | g evaluations | best noise-free fitness - Fopt (-1.537900000000e+02) + sum g_i+ | measured fitness | best measured fitness or single-digit g-values | x1 | x2...
1 0 +8.227076370e+01 -7.151923630e+01 -7.151923630e+01
7 0 +8.212643706e+01 -7.166356294e+01 -7.166356294e+01
50 0 +8.088582934e+01 -7.290417066e+01 -7.290417066e+01
90 0 +7.908928153e+01 -7.470071847e+01 -7.470071847e+01
117 0 +7.739447711e+01 -7.639552289e+01 -7.639552289e+01
179 0 +7.567640070e+01 -7.811359930e+01 -7.811359930e+01
210 0 +7.356300124e+01 -8.022699876e+01 -8.022699876e+01
262 0 +7.186731062e+01 -8.192268938e+01 -8.192268938e+01
286 0 +7.053598829e+01 -8.325401171e+01 -8.325401171e+01
305 0 +6.817044289e+01 -8.561955711e+01 -8.561955711e+01
317 0 +6.587464246e+01 -8.791535754e+01 -8.791535754e+01
354 0 +6.168435732e+01 -9.210564268e+01 -9.210564268e+01
369 0 +6.086868813e+01 -9.292131187e+01 -9.292131187e+01
394 0 +5.991098308e+01 -9.387901692e+01 -9.387901692e+01
401 0 +5.687545642e+01 -9.691454358e+01 -9.691454358e+01
414 0 +5.367808010e+01 -1.001119199e+02 -1.001119199e+02
428 0 +5.163277626e+01 -1.021572237e+02 -1.021572237e+02
435 0 +5.086537931e+01 -1.029246207e+02 -1.029246207e+02
445 0 +3.816473023e+01 -1.156252698e+02 -1.156252698e+02
457 0 +3.220824160e+01 -1.215817584e+02 -1.215817584e+02
519 0 +2.887634978e+01 -1.249136502e+02 -1.249136502e+02
530 0 +2.832777475e+01 -1.254622252e+02 -1.254622252e+02
543 0 +2.711060789e+01 -1.266793921e+02 -1.266793921e+02
572 0 +2.571283600e+01 -1.280771640e+02 -1.280771640e+02
577 0 +2.234041981e+01 -1.314495802e+02 -1.314495802e+02
605 0 +1.910408992e+01 -1.346859101e+02 -1.346859101e+02
671 0 +1.817784576e+01 -1.356121542e+02 -1.356121542e+02
677 0 +1.534294815e+01 -1.384470518e+02 -1.384470518e+02
693 0 +1.325438804e+01 -1.405356120e+02 -1.405356120e+02
722 0 +1.293095596e+01 -1.408590440e+02 -1.408590440e+02
723 0 +9.668015129e+00 -1.441219849e+02 -1.441219849e+02
787 0 +9.140961426e+00 -1.446490386e+02 -1.446490386e+02
795 0 +8.327935593e+00 -1.454620644e+02 -1.454620644e+02
813 0 +7.890221318e+00 -1.458997787e+02 -1.458997787e+02
846 0 +7.351954467e+00 -1.464380455e+02 -1.464380455e+02
888 0 +7.238867049e+00 -1.465511330e+02 -1.465511330e+02
926 0 +5.491749412e+00 -1.482982506e+02 -1.482982506e+02
1032 0 +4.946462560e+00 -1.488435374e+02 -1.488435374e+02
1061 0 +4.446278493e+00 -1.493437215e+02 -1.493437215e+02
1076 0 +4.115070480e+00 -1.496749295e+02 -1.496749295e+02
1106 0 +3.418488968e+00 -1.503715110e+02 -1.503715110e+02
1126 0 +3.067489273e+00 -1.507225107e+02 -1.507225107e+02
1191 0 +2.696352527e+00 -1.510936475e+02 -1.510936475e+02
1204 0 +2.494481081e+00 -1.512955189e+02 -1.512955189e+02
1233 0 +2.180927265e+00 -1.516090727e+02 -1.516090727e+02
1299 0 +2.137236253e+00 -1.516527637e+02 -1.516527637e+02
1301 0 +2.056289522e+00 -1.517337105e+02 -1.517337105e+02
1310 0 +2.009907820e+00 -1.517800922e+02 -1.517800922e+02
1391 0 +1.988072368e+00 -1.518019276e+02 -1.518019276e+02
1443 0 +1.949226206e+00 -1.518407738e+02 -1.518407738e+02
1449 0 +1.896854236e+00 -1.518931458e+02 -1.518931458e+02
1505 0 +1.844997848e+00 -1.519450022e+02 -1.519450022e+02
1563 0 +1.748598990e+00 -1.520414010e+02 -1.520414010e+02
1595 0 +1.665399758e+00 -1.521246002e+02 -1.521246002e+02
1598 0 +1.653759980e+00 -1.521362400e+02 -1.521362400e+02
1647 0 +1.570950490e+00 -1.522190495e+02 -1.522190495e+02
1674 0 +1.528737479e+00 -1.522612625e+02 -1.522612625e+02
1695 0 +1.382973480e+00 -1.524070265e+02 -1.524070265e+02
1768 0 +1.361204619e+00 -1.524287954e+02 -1.524287954e+02
1791 0 +1.273801554e+00 -1.525161984e+02 -1.525161984e+02
1845 0 +1.247993650e+00 -1.525420064e+02 -1.525420064e+02
1862 0 +1.206188693e+00 -1.525838113e+02 -1.525838113e+02
1878 0 +1.191136734e+00 -1.525988633e+02 -1.525988633e+02
1893 0 +1.169117133e+00 -1.526208829e+02 -1.526208829e+02
1903 0 +1.130058313e+00 -1.526599417e+02 -1.526599417e+02
1919 0 +1.079842816e+00 -1.527101572e+02 -1.527101572e+02
1929 0 +1.065208935e+00 -1.527247911e+02 -1.527247911e+02
1932 0 +1.043852416e+00 -1.527461476e+02 -1.527461476e+02
1956 0 +1.007933420e+00 -1.527820666e+02 -1.527820666e+02
2040 0 +9.614868882e-01 -1.528285131e+02 -1.528285131e+02
2119 0 +9.440039964e-01 -1.528459960e+02 -1.528459960e+02
2133 0 +9.304542354e-01 -1.528595458e+02 -1.528595458e+02
2157 0 +9.038383186e-01 -1.528861617e+02 -1.528861617e+02
2210 0 +8.839037585e-01 -1.529060962e+02 -1.529060962e+02
2253 0 +8.694977987e-01 -1.529205022e+02 -1.529205022e+02
2303 0 +8.410148844e-01 -1.529489851e+02 -1.529489851e+02
2359 0 +8.213023207e-01 -1.529686977e+02 -1.529686977e+02
2420 0 +8.112039343e-01 -1.529787961e+02 -1.529787961e+02
2523 0 +7.941076736e-01 -1.529958923e+02 -1.529958923e+02
2585 0 +7.731934074e-01 -1.530168066e+02 -1.530168066e+02
2710 0 +7.560963172e-01 -1.530339037e+02 -1.530339037e+02
2829 0 +7.402478452e-01 -1.530497522e+02 -1.530497522e+02
3003 0 +7.237231317e-01 -1.530662769e+02 -1.530662769e+02
3270 0 +7.078208402e-01 -1.530821792e+02 -1.530821792e+02
% f evaluations | g evaluations | best noise-free fitness - Fopt (-4.860000000000e+01) + sum g_i+ | measured fitness | best measured fitness or single-digit g-values | x1 | x2...
1 0 +7.990610427e+01 +3.130610427e+01 +3.130610427e+01
3 0 +7.970589735e+01 +3.110589735e+01 +3.110589735e+01
4 0 +7.915093735e+01 +3.055093735e+01 +3.055093735e+01
69 0 +7.747739540e+01 +2.887739540e+01 +2.887739540e+01
117 0 +7.566887715e+01 +2.706887715e+01 +2.706887715e+01
186 0 +7.364851690e+01 +2.504851690e+01 +2.504851690e+01
254 0 +7.234961121e+01 +2.374961121e+01 +2.374961121e+01
303 0 +7.038386618e+01 +2.178386618e+01 +2.178386618e+01
334 0 +6.915379831e+01 +2.055379831e+01 +2.055379831e+01
373 0 +6.712492319e+01 +1.852492319e+01 +1.852492319e+01
416 0 +6.401643634e+01 +1.541643634e+01 +1.541643634e+01
423 0 +6.271746737e+01 +1.411746737e+01 +1.411746737e+01
438 0 +6.073260699e+01 +1.213260699e+01 +1.213260699e+01
474 0 +5.978184129e+01 +1.118184129e+01 +1.118184129e+01
499 0 +5.685655520e+01 +8.256555202e+00 +8.256555202e+00
513 0 +5.606367755e+01 +7.463677551e+00 +7.463677551e+00
553 0 +5.428877202e+01 +5.688772016e+00 +5.688772016e+00
561 0 +5.349962746e+01 +4.899627463e+00 +4.899627463e+00
596 0 +5.226597027e+01 +3.665970269e+00 +3.665970269e+00
625 0 +4.903008302e+01 +4.300830239e-01 +4.300830239e-01
677 0 +4.861253746e+01 +1.253745672e-02 +1.253745672e-02
755 0 +4.717394179e+01 -1.426058213e+00 -1.426058213e+00
781 0 +4.660466593e+01 -1.995334071e+00 -1.995334071e+00
795 0 +4.552097124e+01 -3.079028762e+00 -3.079028762e+00
830 0 +4.426713699e+01 -4.332863010e+00 -4.332863010e+00
856 0 +4.342800955e+01 -5.171990451e+00 -5.171990451e+00
1000 0 +4.258146259e+01 -6.018537411e+00 -6.018537411e+00
1068 0 +4.144792634e+01 -7.152073655e+00 -7.152073655e+00
1191 0 +4.064355671e+01 -7.956443290e+00 -7.956443290e+00
1390 0 +3.977245317e+01 -8.827546829e+00 -8.827546829e+00
% f evaluations | g evaluations | best noise-free fitness - Fopt (2.770000000000e+01) + sum g_i+ | measured fitness | best measured fitness or single-digit g-values | x1 | x2...
1 0 +8.278314183e+01 +1.104831418e+02 +1.104831418e+02
6 0 +8.233376606e+01 +1.100337661e+02 +1.100337661e+02
63 0 +8.102992973e+01 +1.087299297e+02 +1.087299297e+02
122 0 +7.939308659e+01 +1.070930866e+02 +1.070930866e+02
166 0 +7.734982411e+01 +1.050498241e+02 +1.050498241e+02
212 0 +7.559738187e+01 +1.032973819e+02 +1.032973819e+02
260 0 +7.396301005e+01 +1.016630100e+02 +1.016630100e+02
309 0 +7.210744162e+01 +9.980744162e+01 +9.980744162e+01
335 0 +7.003771099e+01 +9.773771099e+01 +9.773771099e+01
362 0 +6.900378243e+01 +9.670378243e+01 +9.670378243e+01
392 0 +6.758622276e+01 +9.528622276e+01 +9.528622276e+01
416 0 +6.227414241e+01 +8.997414241e+01 +8.997414241e+01
431 0 +6.110862354e+01 +8.880862354e+01 +8.880862354e+01
453 0 +5.725924389e+01 +8.495924389e+01 +8.495924389e+01
468 0 +5.600063377e+01 +8.370063377e+01 +8.370063377e+01
485 0 +5.012565891e+01 +7.782565891e+01 +7.782565891e+01
492 0 +4.981737192e+01 +7.751737192e+01 +7.751737192e+01
502 0 +4.683228688e+01 +7.453228688e+01 +7.453228688e+01
529 0 +4.314184335e+01 +7.084184335e+01 +7.084184335e+01
536 0 +3.777022130e+01 +6.547022130e+01 +6.547022130e+01
551 0 +3.630409009e+01 +6.400409009e+01 +6.400409009e+01
583 0 +3.516200041e+01 +6.286200041e+01 +6.286200041e+01
642 0 +3.058681200e+01 +5.828681200e+01 +5.828681200e+01
683 0 +2.976538758e+01 +5.746538758e+01 +5.746538758e+01
696 0 +2.584163499e+01 +5.354163499e+01 +5.354163499e+01
738 0 +2.525948958e+01 +5.295948958e+01 +5.295948958e+01
779 0 +2.333274802e+01 +5.103274802e+01 +5.103274802e+01
856 0 +2.267200047e+01 +5.037200047e+01 +5.037200047e+01
913 0 +2.194379672e+01 +4.964379672e+01 +4.964379672e+01
917 0 +2.091855323e+01 +4.861855323e+01 +4.861855323e+01
946 0 +2.083482314e+01 +4.853482314e+01 +4.853482314e+01
1004 0 +2.038732807e+01 +4.808732807e+01 +4.808732807e+01
1036 0 +1.962079830e+01 +4.732079830e+01 +4.732079830e+01
1056 0 +1.909933583e+01 +4.679933583e+01 +4.679933583e+01
1084 0 +1.826829191e+01 +4.596829191e+01 +4.596829191e+01
1113 0 +1.768206853e+01 +4.538206853e+01 +4.538206853e+01
1146 0 +1.723175433e+01 +4.493175433e+01 +4.493175433e+01
1203 0 +1.688202623e+01 +4.458202623e+01 +4.458202623e+01
1218 0 +1.639007905e+01 +4.409007905e+01 +4.409007905e+01
1252 0 +1.576420797e+01 +4.346420797e+01 +4.346420797e+01
1277 0 +1.541809822e+01 +4.311809822e+01 +4.311809822e+01
1301 0 +1.504384777e+01 +4.274384777e+01 +4.274384777e+01
1423 0 +1.475088678e+01 +4.245088678e+01 +4.245088678e+01
1469 0 +1.422798301e+01 +4.192798301e+01 +4.192798301e+01
1554 0 +1.410896234e+01 +4.180896234e+01 +4.180896234e+01
1624 0 +1.371426958e+01 +4.141426958e+01 +4.141426958e+01
1697 0 +1.347025698e+01 +4.117025698e+01 +4.117025698e+01
1775 0 +1.315050553e+01 +4.085050553e+01 +4.085050553e+01
1865 0 +1.285709454e+01 +4.055709454e+01 +4.055709454e+01
2140 0 +1.257357090e+01 +4.027357090e+01 +4.027357090e+01
2551 0 +1.229218096e+01 +3.999218096e+01 +3.999218096e+01
% f evaluations | g evaluations | best noise-free fitness - Fopt (2.993000000000e+01) + sum g_i+ | measured fitness | best measured fitness or single-digit g-values | x1 | x2...
1 0 +7.934748225e+01 +1.092774823e+02 +1.092774823e+02
2 0 +7.928248691e+01 +1.092124869e+02 +1.092124869e+02
36 0 +7.654172771e+01 +1.064717277e+02 +1.064717277e+02
83 0 +7.534415963e+01 +1.052741596e+02 +1.052741596e+02
108 0 +7.376233511e+01 +1.036923351e+02 +1.036923351e+02
169 0 +7.181959299e+01 +1.017495930e+02 +1.017495930e+02
217 0 +7.006876637e+01 +9.999876637e+01 +9.999876637e+01
229 0 +6.872770007e+01 +9.865770007e+01 +9.865770007e+01
255 0 +6.717218137e+01 +9.710218137e+01 +9.710218137e+01
297 0 +6.486712207e+01 +9.479712207e+01 +9.479712207e+01
320 0 +6.395223309e+01 +9.388223309e+01 +9.388223309e+01
332 0 +6.194385754e+01 +9.187385754e+01 +9.187385754e+01
341 0 +6.010612517e+01 +9.003612517e+01 +9.003612517e+01
377 0 +5.589480213e+01 +8.582480213e+01 +8.582480213e+01
395 0 +5.286895974e+01 +8.279895974e+01 +8.279895974e+01
409 0 +4.939965889e+01 +7.932965889e+01 +7.932965889e+01
412 0 +4.877185546e+01 +7.870185546e+01 +7.870185546e+01
416 0 +4.647352596e+01 +7.640352596e+01 +7.640352596e+01
425 0 +4.428663034e+01 +7.421663034e+01 +7.421663034e+01
440 0 +3.983701137e+01 +6.976701137e+01 +6.976701137e+01
475 0 +3.726466728e+01 +6.719466728e+01 +6.719466728e+01
511 0 +3.490473442e+01 +6.483473442e+01 +6.483473442e+01
527 0 +3.372239819e+01 +6.365239819e+01 +6.365239819e+01
550 0 +3.206965427e+01 +6.199965427e+01 +6.199965427e+01
563 0 +3.109911227e+01 +6.102911227e+01 +6.102911227e+01
608 0 +3.038121494e+01 +6.031121494e+01 +6.031121494e+01
609 0 +2.559738975e+01 +5.552738975e+01 +5.552738975e+01
661 0 +2.499237669e+01 +5.492237669e+01 +5.492237669e+01
696 0 +2.310399715e+01 +5.303399715e+01 +5.303399715e+01
709 0 +2.288999585e+01 +5.281999585e+01 +5.281999585e+01
738 0 +2.133765774e+01 +5.126765774e+01 +5.126765774e+01
771 0 +2.070180890e+01 +5.063180890e+01 +5.063180890e+01
778 0 +1.976664701e+01 +4.969664701e+01 +4.969664701e+01
783 0 +1.617496420e+01 +4.610496420e+01 +4.610496420e+01
833 0 +1.535326290e+01 +4.528326290e+01 +4.528326290e+01
846 0 +1.494406067e+01 +4.487406067e+01 +4.487406067e+01
856 0 +1.417429107e+01 +4.410429107e+01 +4.410429107e+01
870 0 +1.352254096e+01 +4.345254096e+01 +4.345254096e+01
877 0 +1.310666686e+01 +4.303666686e+01 +4.303666686e+01
896 0 +1.189891944e+01 +4.182891944e+01 +4.182891944e+01
915 0 +1.096917992e+01 +4.089917992e+01 +4.089917992e+01
966 0 +1.054725931e+01 +4.047725931e+01 +4.047725931e+01
981 0 +1.023472534e+01 +4.016472534e+01 +4.016472534e+01
995 0 +1.023194663e+01 +4.016194663e+01 +4.016194663e+01
1010 0 +9.920675683e+00 +3.985067568e+01 +3.985067568e+01
1015 0 +9.045006888e+00 +3.897500689e+01 +3.897500689e+01
1042 0 +8.693771894e+00 +3.862377189e+01 +3.862377189e+01
1062 0 +8.491650065e+00 +3.842165006e+01 +3.842165006e+01
1086 0 +8.065934232e+00 +3.799593423e+01 +3.799593423e+01
1106 0 +7.881091512e+00 +3.781109151e+01 +3.781109151e+01
1132 0 +7.547315861e+00 +3.747731586e+01 +3.747731586e+01
1191 0 +7.411425470e+00 +3.734142547e+01 +3.734142547e+01
1274 0 +7.121861810e+00 +3.705186181e+01 +3.705186181e+01
1277 0 +6.983152614e+00 +3.691315261e+01 +3.691315261e+01
1298 0 +6.874362398e+00 +3.680436240e+01 +3.680436240e+01
1301 0 +6.748154215e+00 +3.667815422e+01 +3.667815422e+01
1382 0 +6.581438564e+00 +3.651143856e+01 +3.651143856e+01
1399 0 +6.178153256e+00 +3.610815326e+01 +3.610815326e+01
1443 0 +6.092240619e+00 +3.602224062e+01 +3.602224062e+01
1467 0 +5.874146134e+00 +3.580414613e+01 +3.580414613e+01
1469 0 +5.549385710e+00 +3.547938571e+01 +3.547938571e+01
1516 0 +5.488917304e+00 +3.541891730e+01 +3.541891730e+01
1523 0 +5.311447826e+00 +3.524144783e+01 +3.524144783e+01
1559 0 +5.138293086e+00 +3.506829309e+01 +3.506829309e+01
1569 0 +5.104534735e+00 +3.503453474e+01 +3.503453474e+01
1577 0 +4.914471847e+00 +3.484447185e+01 +3.484447185e+01
1599 0 +4.874677312e+00 +3.480467731e+01 +3.480467731e+01
1635 0 +4.710051755e+00 +3.464005176e+01 +3.464005176e+01
1651 0 +4.638570290e+00 +3.456857029e+01 +3.456857029e+01
1681 0 +4.428904795e+00 +3.435890479e+01 +3.435890479e+01
1731 0 +4.254725392e+00 +3.418472539e+01 +3.418472539e+01
1751 0 +4.122592686e+00 +3.405259269e+01 +3.405259269e+01
1759 0 +4.009603608e+00 +3.393960361e+01 +3.393960361e+01
1775 0 +3.979341947e+00 +3.390934195e+01 +3.390934195e+01
1791 0 +3.865126785e+00 +3.379512678e+01 +3.379512678e+01
1798 0 +3.724945209e+00 +3.365494521e+01 +3.365494521e+01
1816 0 +3.688154969e+00 +3.361815497e+01 +3.361815497e+01
1818 0 +3.533259706e+00 +3.346325971e+01 +3.346325971e+01
1866 0 +3.389146591e+00 +3.331914659e+01 +3.331914659e+01
1893 0 +3.377729335e+00 +3.330772934e+01 +3.330772934e+01
1931 0 +3.269810887e+00 +3.319981089e+01 +3.319981089e+01
1991 0 +3.200439826e+00 +3.313043983e+01 +3.313043983e+01
2040 0 +3.137009677e+00 +3.306700968e+01 +3.306700968e+01
2044 0 +3.019229736e+00 +3.294922974e+01 +3.294922974e+01
2133 0 +2.949670064e+00 +3.287967006e+01 +3.287967006e+01
2157 0 +2.850943021e+00 +3.278094302e+01 +3.278094302e+01
2177 0 +2.799422883e+00 +3.272942288e+01 +3.272942288e+01
2215 0 +2.753898794e+00 +3.268389879e+01 +3.268389879e+01
2273 0 +2.656802111e+00 +3.258680211e+01 +3.258680211e+01
2383 0 +2.622593344e+00 +3.255259334e+01 +3.255259334e+01
2617 0 +2.558210245e+00 +3.248821025e+01 +3.248821025e+01
2853 0 +2.511082937e+00 +3.244108294e+01 +3.244108294e+01
% f evaluations | g evaluations | best noise-free fitness - Fopt (-1.983000000000e+01) + sum g_i+ | measured fitness | best measured fitness or single-digit g-values | x1 | x2...
1 0 +7.165806248e+01 +5.182806248e+01 +5.182806248e+01
2 0 +7.150047585e+01 +5.167047585e+01 +5.167047585e+01
13 0 +7.057403492e+01 +5.074403492e+01 +5.074403492e+01
27 0 +6.832852033e+01 +4.849852033e+01 +4.849852033e+01
53 0 +6.677418249e+01 +4.694418249e+01 +4.694418249e+01
54 0 +6.556532182e+01 +4.573532182e+01 +4.573532182e+01
91 0 +6.390944227e+01 +4.407944227e+01 +4.407944227e+01
95 0 +6.271663896e+01 +4.288663896e+01 +4.288663896e+01
109 0 +5.871120260e+01 +3.888120260e+01 +3.888120260e+01
132 0 +5.696428719e+01 +3.713428719e+01 +3.713428719e+01
139 0 +5.601531348e+01 +3.618531348e+01 +3.618531348e+01
154 0 +5.449992475e+01 +3.466992475e+01 +3.466992475e+01
160 0 +4.793819597e+01 +2.810819597e+01 +2.810819597e+01
170 0 +4.476261507e+01 +2.493261507e+01 +2.493261507e+01
195 0 +4.394762255e+01 +2.411762255e+01 +2.411762255e+01
199 0 +4.232725143e+01 +2.249725143e+01 +2.249725143e+01
206 0 +4.125444385e+01 +2.142444385e+01 +2.142444385e+01
213 0 +3.763354595e+01 +1.780354595e+01 +1.780354595e+01
223 0 +3.103927802e+01 +1.120927802e+01 +1.120927802e+01
240 0 +3.037709651e+01 +1.054709651e+01 +1.054709651e+01
242 0 +2.787213925e+01 +8.042139253e+00 +8.042139253e+00
273 0 +2.644338360e+01 +6.613383597e+00 +6.613383597e+00
282 0 +2.544651198e+01 +5.616511980e+00 +5.616511980e+00
289 0 +2.216642604e+01 +2.336426039e+00 +2.336426039e+00
313 0 +2.067253431e+01 +8.425343079e-01 +8.425343079e-01
318 0 +1.858710140e+01 -1.242898602e+00 -1.242898602e+00
330 0 +1.733524593e+01 -2.494754071e+00 -2.494754071e+00
332 0 +1.438466916e+01 -5.445330836e+00 -5.445330836e+00
359 0 +1.344438422e+01 -6.385615778e+00 -6.385615778e+00
376 0 +1.205201260e+01 -7.777987405e+00 -7.777987405e+00
386 0 +1.200052487e+01 -7.829475132e+00 -7.829475132e+00
388 0 +1.118242140e+01 -8.647578605e+00 -8.647578605e+00
408 0 +1.032309865e+01 -9.506901352e+00 -9.506901352e+00
410 0 +9.475621198e+00 -1.035437880e+01 -1.035437880e+01
430 0 +8.867965037e+00 -1.096203496e+01 -1.096203496e+01
452 0 +8.314298703e+00 -1.151570130e+01 -1.151570130e+01
473 0 +8.051685761e+00 -1.177831424e+01 -1.177831424e+01
477 0 +7.516324529e+00 -1.231367547e+01 -1.231367547e+01
486 0 +5.383578244e+00 -1.444642176e+01 -1.444642176e+01
536 0 +3.873035004e+00 -1.595696500e+01 -1.595696500e+01
554 0 +3.627746821e+00 -1.620225318e+01 -1.620225318e+01
568 0 +3.477093151e+00 -1.635290685e+01 -1.635290685e+01
621 0 +2.806227874e+00 -1.702377213e+01 -1.702377213e+01
650 0 +2.378991214e+00 -1.745100879e+01 -1.745100879e+01
692 0 +2.054269942e+00 -1.777573006e+01 -1.777573006e+01
745 0 +1.928640420e+00 -1.790135958e+01 -1.790135958e+01
787 0 +1.764500272e+00 -1.806549973e+01 -1.806549973e+01
818 0 +1.504748857e+00 -1.832525114e+01 -1.832525114e+01
831 0 +1.410569073e+00 -1.841943093e+01 -1.841943093e+01
836 0 +1.325869892e+00 -1.850413011e+01 -1.850413011e+01
837 0 +9.578363886e-01 -1.887216361e+01 -1.887216361e+01
842 0 +5.978114229e-01 -1.923218858e+01 -1.923218858e+01
858 0 +5.265523011e-01 -1.930344770e+01 -1.930344770e+01
910 0 +5.051143548e-01 -1.932488565e+01 -1.932488565e+01
1010 0 +4.984852195e-01 -1.933151478e+01 -1.933151478e+01
1088 0 +4.676630352e-01 -1.936233696e+01 -1.936233696e+01
1106 0 +3.999166480e-01 -1.943008335e+01 -1.943008335e+01
1128 0 +3.902512182e-01 -1.943974878e+01 -1.943974878e+01
1148 0 +3.518230253e-01 -1.947817697e+01 -1.947817697e+01
1191 0 +3.216335435e-01 -1.950836646e+01 -1.950836646e+01
1233 0 +3.023992617e-01 -1.952760074e+01 -1.952760074e+01
1240 0 +2.775299780e-01 -1.955247002e+01 -1.955247002e+01
1241 0 +2.097481673e-01 -1.962025183e+01 -1.962025183e+01
1263 0 +1.666078417e-01 -1.966339216e+01 -1.966339216e+01
1294 0 +1.631626477e-01 -1.966683735e+01 -1.966683735e+01
1311 0 +1.585323408e-01 -1.967146766e+01 -1.967146766e+01
1313 0 +1.470538412e-01 -1.968294616e+01 -1.968294616e+01
1326 0 +1.363784123e-01 -1.969362159e+01 -1.969362159e+01
1328 0 +1.306247773e-01 -1.969937522e+01 -1.969937522e+01
1344 0 +1.217160085e-01 -1.970828399e+01 -1.970828399e+01
1370 0 +1.158458437e-01 -1.971415416e+01 -1.971415416e+01
1387 0 +1.123290124e-01 -1.971767099e+01 -1.971767099e+01
1407 0 +1.058039852e-01 -1.972419601e+01 -1.972419601e+01
1409 0 +9.894914448e-02 -1.973105086e+01 -1.973105086e+01
1411 0 +8.681345008e-02 -1.974318655e+01 -1.974318655e+01
1459 0 +7.655758532e-02 -1.975344241e+01 -1.975344241e+01
1469 0 +7.141887248e-02 -1.975858113e+01 -1.975858113e+01
1509 0 +5.779274581e-02 -1.977220725e+01 -1.977220725e+01
1568 0 +5.199762563e-02 -1.977800237e+01 -1.977800237e+01
1569 0 +4.654307304e-02 -1.978345693e+01 -1.978345693e+01
1635 0 +4.086279650e-02 -1.978913720e+01 -1.978913720e+01
1638 0 +4.044030069e-02 -1.978955970e+01 -1.978955970e+01
1674 0 +3.857709819e-02 -1.979142290e+01 -1.979142290e+01
1690 0 +3.529660841e-02 -1.979470339e+01 -1.979470339e+01
1710 0 +3.465532246e-02 -1.979534468e+01 -1.979534468e+01
1728 0 +3.261616229e-02 -1.979738384e+01 -1.979738384e+01
1738 0 +2.931413572e-02 -1.980068586e+01 -1.980068586e+01
1743 0 +2.812440201e-02 -1.980187560e+01 -1.980187560e+01
1755 0 +2.647877449e-02 -1.980352123e+01 -1.980352123e+01
1805 0 +2.526515664e-02 -1.980473484e+01 -1.980473484e+01
1819 0 +2.224847895e-02 -1.980775152e+01 -1.980775152e+01
1824 0 +2.184266960e-02 -1.980815733e+01 -1.980815733e+01
1863 0 +2.040445262e-02 -1.980959555e+01 -1.980959555e+01
1909 0 +1.746181890e-02 -1.981253818e+01 -1.981253818e+01
1934 0 +1.724533454e-02 -1.981275467e+01 -1.981275467e+01
1941 0 +1.625549507e-02 -1.981374450e+01 -1.981374450e+01
1983 0 +1.534961721e-02 -1.981465038e+01 -1.981465038e+01
2005 0 +1.505684041e-02 -1.981494316e+01 -1.981494316e+01
2020 0 +1.468051263e-02 -1.981531949e+01 -1.981531949e+01
2040 0 +1.430871716e-02 -1.981569128e+01 -1.981569128e+01
2044 0 +1.331856014e-02 -1.981668144e+01 -1.981668144e+01
2076 0 +1.293363602e-02 -1.981706636e+01 -1.981706636e+01
2105 0 +1.271140736e-02 -1.981728859e+01 -1.981728859e+01
2121 0 +1.072865755e-02 -1.981927134e+01 -1.981927134e+01
2138 0 +9.559947026e-03 -1.982044005e+01 -1.982044005e+01
2182 0 +9.197062228e-03 -1.982080294e+01 -1.982080294e+01
2206 0 +8.777922517e-03 -1.982122208e+01 -1.982122208e+01
2218 0 +7.275850069e-03 -1.982272415e+01 -1.982272415e+01
2239 0 +5.042837285e-03 -1.982495716e+01 -1.982495716e+01
2273 0 +4.895875815e-03 -1.982510412e+01 -1.982510412e+01
2286 0 +4.605866519e-03 -1.982539413e+01 -1.982539413e+01
2316 0 +4.554694625e-03 -1.982544531e+01 -1.982544531e+01
2319 0 +4.010349917e-03 -1.982598965e+01 -1.982598965e+01
2362 0 +3.812334258e-03 -1.982618767e+01 -1.982618767e+01
2388 0 +3.780576852e-03 -1.982621942e+01 -1.982621942e+01
2390 0 +3.694914816e-03 -1.982630509e+01 -1.982630509e+01
2449 0 +3.613379543e-03 -1.982638662e+01 -1.982638662e+01
2467 0 +3.453687674e-03 -1.982654631e+01 -1.982654631e+01
2486 0 +3.049125934e-03 -1.982695087e+01 -1.982695087e+01
2508 0 +2.810918698e-03 -1.982718908e+01 -1.982718908e+01
2595 0 +2.684079388e-03 -1.982731592e+01 -1.982731592e+01
2598 0 +2.564711523e-03 -1.982743529e+01 -1.982743529e+01
2617 0 +2.402634755e-03 -1.982759737e+01 -1.982759737e+01
2619 0 +2.075327867e-03 -1.982792467e+01 -1.982792467e+01
2644 0 +1.778582128e-03 -1.982822142e+01 -1.982822142e+01
2646 0 +1.710975448e-03 -1.982828902e+01 -1.982828902e+01
2656 0 +1.507525685e-03 -1.982849247e+01 -1.982849247e+01
2661 0 +1.108385646e-03 -1.982889161e+01 -1.982889161e+01
2710 0 +1.018778631e-03 -1.982898122e+01 -1.982898122e+01
2717 0 +8.834578313e-04 -1.982911654e+01 -1.982911654e+01
2737 0 +7.069338893e-04 -1.982929307e+01 -1.982929307e+01
2747 0 +6.805284238e-04 -1.982931947e+01 -1.982931947e+01
2819 0 +6.692009894e-04 -1.982933080e+01 -1.982933080e+01
2834 0 +6.250645085e-04 -1.982937494e+01 -1.982937494e+01
2879 0 +3.556858067e-04 -1.982964431e+01 -1.982964431e+01
2946 0 +3.181296984e-04 -1.982968187e+01 -1.982968187e+01
2999 0 +3.129243395e-04 -1.982968708e+01 -1.982968708e+01
3007 0 +1.915285059e-04 -1.982980847e+01 -1.982980847e+01
3086 0 +1.858253962e-04 -1.982981417e+01 -1.982981417e+01
3118 0 +1.254170367e-04 -1.982987458e+01 -1.982987458e+01
3202 0 +1.111505567e-04 -1.982988885e+01 -1.982988885e+01
3246 0 +1.074641466e-04 -1.982989254e+01 -1.982989254e+01
3268 0 +8.810833226e-05 -1.982991189e+01 -1.982991189e+01
3309 0 +7.795613104e-05 -1.982992204e+01 -1.982992204e+01
3326 0 +7.679225440e-05 -1.982992321e+01 -1.982992321e+01
3383 0 +6.197046774e-05 -1.982993803e+01 -1.982993803e+01
3393 0 +5.805266708e-05 -1.982994195e+01 -1.982994195e+01
3396 0 +4.837212142e-05 -1.982995163e+01 -1.982995163e+01
3407 0 +4.670541236e-05 -1.982995329e+01 -1.982995329e+01
3446 0 +4.182465452e-05 -1.982995818e+01 -1.982995818e+01
3467 0 +3.926788205e-05 -1.982996073e+01 -1.982996073e+01
3478 0 +3.729189874e-05 -1.982996271e+01 -1.982996271e+01
3484 0 +3.493996514e-05 -1.982996506e+01 -1.982996506e+01
3510 0 +2.789402620e-05 -1.982997211e+01 -1.982997211e+01
3546 0 +2.550091819e-05 -1.982997450e+01 -1.982997450e+01
3550 0 +2.371898186e-05 -1.982997628e+01 -1.982997628e+01
3601 0 +2.100250432e-05 -1.982997900e+01 -1.982997900e+01
3620 0 +1.777387626e-05 -1.982998223e+01 -1.982998223e+01
3670 0 +1.138787139e-05 -1.982998861e+01 -1.982998861e+01
3716 0 +1.076334951e-05 -1.982998924e+01 -1.982998924e+01
3738 0 +9.009971738e-06 -1.982999099e+01 -1.982999099e+01
3754 0 +7.865147253e-06 -1.982999213e+01 -1.982999213e+01
3768 0 +6.747608406e-06 -1.982999325e+01 -1.982999325e+01
3853 0 +6.500055573e-06 -1.982999350e+01 -1.982999350e+01
3926 0 +6.400499853e-06 -1.982999360e+01 -1.982999360e+01
3956 0 +5.138371439e-06 -1.982999486e+01 -1.982999486e+01
4021 0 +4.757649098e-06 -1.982999524e+01 -1.982999524e+01
4024 0 +3.331880897e-06 -1.982999667e+01 -1.982999667e+01
4038 0 +3.301980868e-06 -1.982999670e+01 -1.982999670e+01
4052 0 +2.655009560e-06 -1.982999734e+01 -1.982999734e+01
4095 0 +2.362137558e-06 -1.982999764e+01 -1.982999764e+01
4114 0 +2.143208345e-06 -1.982999786e+01 -1.982999786e+01
4173 0 +2.137694239e-06 -1.982999786e+01 -1.982999786e+01
4200 0 +2.047319256e-06 -1.982999795e+01 -1.982999795e+01
4201 0 +1.941303331e-06 -1.982999806e+01 -1.982999806e+01
4207 0 +1.854527735e-06 -1.982999815e+01 -1.982999815e+01
4227 0 +1.757434912e-06 -1.982999824e+01 -1.982999824e+01
4245 0 +1.697433799e-06 -1.982999830e+01 -1.982999830e+01
4260 0 +1.650190779e-06 -1.982999835e+01 -1.982999835e+01
4285 0 +1.581439559e-06 -1.982999842e+01 -1.982999842e+01
4333 0 +1.476940504e-06 -1.982999852e+01 -1.982999852e+01
4344 0 +1.440449935e-06 -1.982999856e+01 -1.982999856e+01
4370 0 +1.295104251e-06 -1.982999870e+01 -1.982999870e+01
4414 0 +1.147616882e-06 -1.982999885e+01 -1.982999885e+01
4444 0 +1.010069369e-06 -1.982999899e+01 -1.982999899e+01
4471 0 +9.912778580e-07 -1.982999901e+01 -1.982999901e+01
4474 0 +8.625886636e-07 -1.982999914e+01 -1.982999914e+01
4494 0 +8.070461845e-07 -1.982999919e+01 -1.982999919e+01
4529 0 +7.770887791e-07 -1.982999922e+01 -1.982999922e+01
4540 0 +7.205614807e-07 -1.982999928e+01 -1.982999928e+01
4564 0 +6.747282555e-07 -1.982999933e+01 -1.982999933e+01
4595 0 +6.155500323e-07 -1.982999938e+01 -1.982999938e+01
4642 0 +5.674851380e-07 -1.982999943e+01 -1.982999943e+01
4654 0 +5.072552618e-07 -1.982999949e+01 -1.982999949e+01
4719 0 +4.925009023e-07 -1.982999951e+01 -1.982999951e+01
4755 0 +4.880589088e-07 -1.982999951e+01 -1.982999951e+01
4760 0 +4.543886085e-07 -1.982999955e+01 -1.982999955e+01
4780 0 +4.242925371e-07 -1.982999958e+01 -1.982999958e+01
4796 0 +4.160191445e-07 -1.982999958e+01 -1.982999958e+01
4818 0 +4.061397689e-07 -1.982999959e+01 -1.982999959e+01
4834 0 +3.888412827e-07 -1.982999961e+01 -1.982999961e+01
4873 0 +3.521819565e-07 -1.982999965e+01 -1.982999965e+01
4901 0 +3.429670379e-07 -1.982999966e+01 -1.982999966e+01
4902 0 +3.278446954e-07 -1.982999967e+01 -1.982999967e+01
4909 0 +2.963751413e-07 -1.982999970e+01 -1.982999970e+01
4910 0 +2.911080976e-07 -1.982999971e+01 -1.982999971e+01
4922 0 +2.858773520e-07 -1.982999971e+01 -1.982999971e+01
4927 0 +2.758483220e-07 -1.982999972e+01 -1.982999972e+01
4929 0 +2.561289634e-07 -1.982999974e+01 -1.982999974e+01
4936 0 +2.235791179e-07 -1.982999978e+01 -1.982999978e+01
4995 0 +2.091640710e-07 -1.982999979e+01 -1.982999979e+01
5023 0 +1.853362512e-07 -1.982999981e+01 -1.982999981e+01
5061 0 +1.608676676e-07 -1.982999984e+01 -1.982999984e+01
5085 0 +1.420015039e-07 -1.982999986e+01 -1.982999986e+01
5106 0 +1.403488135e-07 -1.982999986e+01 -1.982999986e+01
5123 0 +1.305504576e-07 -1.982999987e+01 -1.982999987e+01
5132 0 +1.269477750e-07 -1.982999987e+01 -1.982999987e+01
5142 0 +1.193848611e-07 -1.982999988e+01 -1.982999988e+01
5164 0 +9.135341017e-08 -1.982999991e+01 -1.982999991e+01
5181 0 +7.995685891e-08 -1.982999992e+01 -1.982999992e+01
5210 0 +6.645170103e-08 -1.982999993e+01 -1.982999993e+01
5212 0 +6.089818783e-08 -1.982999994e+01 -1.982999994e+01
5242 0 +5.806769821e-08 -1.982999994e+01 -1.982999994e+01
5255 0 +5.593335217e-08 -1.982999994e+01 -1.982999994e+01
5274 0 +5.080526222e-08 -1.982999995e+01 -1.982999995e+01
5276 0 +4.859888136e-08 -1.982999995e+01 -1.982999995e+01
5362 0 +4.708341450e-08 -1.982999995e+01 -1.982999995e+01
5396 0 +4.601959347e-08 -1.982999995e+01 -1.982999995e+01
5409 0 +4.533314879e-08 -1.982999995e+01 -1.982999995e+01
5420 0 +4.031145195e-08 -1.982999996e+01 -1.982999996e+01
5430 0 +3.934068715e-08 -1.982999996e+01 -1.982999996e+01
5447 0 +2.968379320e-08 -1.982999997e+01 -1.982999997e+01
5458 0 +2.787908571e-08 -1.982999997e+01 -1.982999997e+01
5471 0 +2.257354836e-08 -1.982999998e+01 -1.982999998e+01
5487 0 +1.510148095e-08 -1.982999998e+01 -1.982999998e+01
5551 0 +1.451724074e-08 -1.982999999e+01 -1.982999999e+01
5581 0 +1.352884027e-08 -1.982999999e+01 -1.982999999e+01
5583 0 +1.338948152e-08 -1.982999999e+01 -1.982999999e+01
5608 0 +1.251767756e-08 -1.982999999e+01 -1.982999999e+01
5612 0 +1.225632218e-08 -1.982999999e+01 -1.982999999e+01
5686 0 +1.193715349e-08 -1.982999999e+01 -1.982999999e+01
5706 0 +1.166447205e-08 -1.982999999e+01 -1.982999999e+01
5720 0 +1.110745274e-08 -1.982999999e+01 -1.982999999e+01
5739 0 +1.077519940e-08 -1.982999999e+01 -1.982999999e+01
5745 0 +8.508973082e-09 -1.982999999e+01 -1.982999999e+01
