% f evaluations | g evaluations | best noise-free fitness - Fopt (4.078000000000e+01) + sum g_i+ | measured fitness | best measured fitness or single-digit g-values | x1 | x2...
1 0 +1.352046650e+01 +5.430046650e+01 +5.430046650e+01 +0.0000e+00 +0.0000e+00
2 0 +1.191031776e+01 +5.269031776e+01 +5.269031776e+01 +4.3379e-01 +3.0692e-02
3 0 +9.032319463e+00 +4.981231946e+01 +4.981231946e+01 +9.8026e-02 +3.4094e-01
11 0 +8.131445626e+00 +4.891144563e+01 +4.891144563e+01 +3.1024e-01 +4.2322e-01
19 0 +5.738552390e+00 +4.651855239e+01 +4.651855239e+01 +3.9322e-01 +9.1478e-01
20 0 +4.305713523e+00 +4.508571352e+01 +4.508571352e+01 +6.9044e-01 +7.7946e-01
21 0 +4.134805057e+00 +4.491480506e+01 +4.491480506e+01 +5.3287e-01 +8.5680e-01
32 0 +1.909838991e+00 +4.268983899e+01 +4.268983899e+01 +1.1832e+00 +1.3440e+00
81 0 +1.870725266e+00 +4.265072527e+01 +4.265072527e+01 +1.3102e+00 +1.3960e+00
86 0 +1.833574310e+00 +4.261357431e+01 +4.261357431e+01 +1.2919e+00 +1.4707e+00
97 0 +1.812842322e+00 +4.259284232e+01 +4.259284232e+01 +1.4022e+00 +1.5629e+00
% f evaluations | g evaluations | best noise-free fitness - Fopt (-1.600000000000e+00) + sum g_i+ | measured fitness | best measured fitness or single-digit g-values | x1 | x2...
1 0 +1.007714199e+01 +8.477141989e+00 +8.477141989e+00 +0.0000e+00 +0.0000e+00
3 0 +8.593519568e+00 +6.993519568e+00 +6.993519568e+00 +9.8026e-02 +3.4094e-01
8 0 +8.414789323e+00 +6.814789323e+00 +6.814789323e+00 -2.5521e-02 +1.7890e-01
14 0 +4.767925943e+00 +3.167925943e+00 +3.167925943e+00 -3.4655e-01 +3.6556e-01
35 0 +3.187849433e+00 +1.587849433e+00 +1.587849433e+00 -5.0274e-01 +4.9211e-01
56 0 +2.691479145e+00 +1.091479145e+00 +1.091479145e+00 -8.3345e-01 +7.1247e-01
59 0 +2.286946886e+00 +6.869468858e-01 +6.869468858e-01 -7.5009e-01 +5.9039e-01
64 0 +2.039843939e+00 +4.398439393e-01 +4.398439393e-01 -1.2266e+00 +6.5722e-01
85 0 +1.956775751e+00 +3.567757507e-01 +3.567757507e-01 -1.1071e+00 +4.8764e-01
132 0 +1.949171815e+00 +3.491718148e-01 +3.491718148e-01 -1.3281e+00 +4.6966e-01
% f evaluations | g evaluations | best noise-free fitness - Fopt (-3.708400000000e+02) + sum g_i+ | measured fitness | best measured fitness or single-digit g-values | x1 | x2...
1 0 +1.459683778e+01 -3.562431622e+02 -3.562431622e+02 +0.0000e+00 +0.0000e+00
2 0 +1.084463725e+01 -3.599953627e+02 -3.599953627e+02 +4.3379e-01 +3.0692e-02
9 0 +8.762285510e+00 -3.620777145e+02 -3.620777145e+02 +4.7225e-01 +2.0518e-01
16 0 +6.648231763e+00 -3.641917682e+02 -3.641917682e+02 +8.7427e-01 +1.8562e-01
25 0 +5.275972708e+00 -3.655640273e+02 -3.655640273e+02 +9.5865e-01 +1.0857e-01
26 0 +4.718052097e+00 -3.661219479e+02 -3.661219479e+02 +9.9391e-01 +8.1141e-02
36 0 +1.953488443e+00 -3.688865116e+02 -3.688865116e+02 +1.4585e+00 -1.4538e-01
41 0 +1.025266248e+00 -3.698147338e+02 -3.698147338e+02 +2.4990e+00 -3.0525e-01
42 0 +1.862787529e-01 -3.706537212e+02 -3.706537212e+02 +2.4036e+00 -6.6457e-01
62 0 +2.940842256e-02 -3.708105916e+02 -3.708105916e+02 +2.6960e+00 -5.6499e-01
% f evaluations | g evaluations | best noise-free fitness - Fopt (-3.256000000000e+01) + sum g_i+ | measured fitness | best measured fitness or single-digit g-values | x1 | x2...
1 0 +6.163143595e+00 -2.639685640e+01 -2.639685640e+01 +0.0000e+00 +0.0000e+00
2 0 +2.991313228e+00 -2.956868677e+01 -2.956868677e+01 +4.3379e-01 +3.0692e-02
5 0 +2.193921242e+00 -3.036607876e+01 -3.036607876e+01 -1.1375e-01 -3.0566e-01
80 0 +2.173273736e+00 -3.038672626e+01 -3.038672626e+01 +1.3869e-01 -1.6922e-01
88 0 +2.134979823e+00 -3.042502018e+01 -3.042502018e+01 +1.5859e-01 -2.2364e-01
98 0 +2.084683130e+00 -3.047531687e+01 -3.047531687e+01 +1.0081e-01 -2.6152e-01
100 0 +2.026999737e+00 -3.053300026e+01 -3.053300026e+01 -1.7749e-02 -3.6812e-01
128 0 +1.991938791e+00 -3.056806121e+01 -3.056806121e+01 -1.3541e-01 -5.0553e-01
143 0 +1.944151289e+00 -3.061584871e+01 -3.061584871e+01 -5.3063e-01 -8.8951e-01
% f evaluations | g evaluations | best noise-free fitness - Fopt (5.154000000000e+02) + sum g_i+ | measured fitness | best measured fitness or single-digit g-values | x1 | x2...
1 0 +9.553941812e+00 +5.249539418e+02 +5.249539418e+02 +0.0000e+00 +0.0000e+00
3 0 +6.738123351e+00 +5.221381234e+02 +5.221381234e+02 +9.8026e-02 +3.4094e-01
8 0 +6.548611692e+00 +5.219486117e+02 +5.219486117e+02 +8.7763e-04 +2.5121e-01
10 0 +6.453403504e+00 +5.218534035e+02 +5.218534035e+02 -9.3288e-03 +2.4904e-01
14 0 +2.000120739e+00 +5.174001207e+02 +5.174001207e+02 -3.5654e-01 +4.5407e-01
54 0 +1.943872735e+00 +5.173438727e+02 +5.173438727e+02 -3.8413e-01 +5.3939e-01
58 0 +1.887597698e+00 +5.172875977e+02 +5.172875977e+02 -4.7247e-01 +4.2653e-01
68 0 +1.701199731e+00 +5.171011997e+02 +5.171011997e+02 -8.5979e-01 +6.4394e-01
70 0 +1.687242332e+00 +5.170872423e+02 +5.170872423e+02 -6.0238e-01 +3.8923e-01
78 0 +1.512988453e+00 +5.169129885e+02 +5.169129885e+02 -1.0326e+00 +4.4018e-01
82 0 +1.291078396e+00 +5.166910784e+02 +5.166910784e+02 -7.9213e-01 +5.3052e-01
98 0 +1.252606063e+00 +5.166526061e+02 +5.166526061e+02 -7.9268e-01 +4.5759e-01
% f evaluations | g evaluations | best noise-free fitness - Fopt (-8.628000000000e+01) + sum g_i+ | measured fitness | best measured fitness or single-digit g-values | x1 | x2...
1 0 +6.535860606e+00 -7.974413939e+01 -7.974413939e+01 +0.0000e+00 +0.0000e+00
2 0 +2.981009539e+00 -8.329899046e+01 -8.329899046e+01 +4.3379e-01 +3.0692e-02
5 0 +2.692259231e+00 -8.358774077e+01 -8.358774077e+01 -1.1375e-01 -3.0566e-01
6 0 +2.559282287e+00 -8.372071771e+01 -8.372071771e+01 +1.1285e-01 -1.5359e-01
17 0 +2.258189222e+00 -8.402181078e+01 -8.402181078e+01 +1.5668e-01 -6.9244e-02
% f evaluations | g evaluations | best noise-free fitness - Fopt (2.224000000000e+01) + sum g_i+ | measured fitness | best measured fitness or single-digit g-values | x1 | x2...
1 0 +2.143580552e+01 +4.367580552e+01 +4.367580552e+01 +0.0000e+00 +0.0000e+00
2 0 +7.964427978e+00 +3.020442798e+01 +3.020442798e+01 +4.3379e-01 +3.0692e-02
9 0 +7.461247044e+00 +2.970124704e+01 +2.970124704e+01 +4.6828e-01 +2.3514e-02
12 0 +6.531908824e+00 +2.877190882e+01 +2.877190882e+01 +4.7316e-01 -2.4643e-01
16 0 +2.560853713e+00 +2.480085371e+01 +2.480085371e+01 +8.6005e-01 -3.0694e-02
20 0 +2.279830438e+00 +2.451983044e+01 +2.451983044e+01 +8.9663e-01 +2.0817e-01
24 0 +2.061726734e+00 +2.430172673e+01 +2.430172673e+01 +1.1418e+00 +6.8285e-02
49 0 +1.485130812e+00 +2.372513081e+01 +2.372513081e+01 +1.2948e+00 +5.1923e-01
109 0 +1.176339548e+00 +2.341633955e+01 +2.341633955e+01 +1.2134e+00 +3.3762e-01
120 0 +6.234333115e-01 +2.286343331e+01 +2.286343331e+01 +1.3353e+00 +3.7739e-01
129 0 +5.719811502e-01 +2.281198115e+01 +2.281198115e+01 +1.4878e+00 +3.5637e-01
131 0 +4.232710344e-01 +2.266327103e+01 +2.266327103e+01 +1.5465e+00 +5.0576e-01
140 0 +1.053473348e-01 +2.234534733e+01 +2.234534733e+01 +1.8238e+00 +7.3965e-01
149 0 +2.413978084e-02 +2.226413978e+01 +2.226413978e+01 +2.0995e+00 +8.2178e-01
153 0 +1.989318553e-02 +2.225989319e+01 +2.225989319e+01 +2.8427e+00 +1.2802e+00
170 0 +1.697520022e-02 +2.225697520e+01 +2.225697520e+01 +2.0664e+00 +8.8639e-01
173 0 +1.149649281e-04 +2.224011496e+01 +2.224011496e+01 +2.4433e+00 +1.0869e+00
197 0 +5.372732379e-05 +2.224005373e+01 +2.224005373e+01 +2.4264e+00 +1.0903e+00
207 0 +1.169922270e-05 +2.224001170e+01 +2.224001170e+01 +2.5417e+00 +1.1953e+00
231 0 +1.905678271e-06 +2.224000191e+01 +2.224000191e+01 +2.5400e+00 +1.1642e+00
234 0 +3.873917791e-07 +2.224000039e+01 +2.224000039e+01 +2.5172e+00 +1.1532e+00
261 0 +9.060549644e-09 +2.224000001e+01 +2.224000001e+01 +2.5331e+00 +1.1728e+00
555 0 +0.000000000e+00 +2.224000000e+01 +2.224000000e+01 +2.5227e+00 +1.1646e+00
% f evaluations | g evaluations | best noise-free fitness - Fopt (-2.301000000000e+01) + sum g_i+ | measured fitness | best measured fitness or single-digit g-values | x1 | x2...
1 0 +7.553616957e+00 -1.545638304e+01 -1.545638304e+01 +0.0000e+00 +0.0000e+00
4 0 +7.317104214e+00 -1.569289579e+01 -1.569289579e+01 +2.4727e-01 +1.7369e-01
20 0 +7.185444715e+00 -1.582455529e+01 -1.582455529e+01 +4.4590e-01 +3.2388e-01
37 0 +7.046432056e+00 -1.596356794e+01 -1.596356794e+01 +3.9061e-01 +3.2505e-01
% f evaluations | g evaluations | best noise-free fitness - Fopt (-3.323700000000e+02) + sum g_i+ | measured fitness | best measured fitness or single-digit g-values | x1 | x2...
1 0 +1.123565036e+01 -3.211343496e+02 -3.211343496e+02 +0.0000e+00 +0.0000e+00
5 0 +8.317109840e+00 -3.240528902e+02 -3.240528902e+02 -1.1375e-01 -3.0566e-01
33 0 +4.783195130e+00 -3.275868049e+02 -3.275868049e+02 +3.8292e-01 -9.4464e-01
36 0 +2.036441989e+00 -3.303335580e+02 -3.303335580e+02 +4.0337e-01 -7.9153e-01
439 0 +1.993750851e+00 -3.303762491e+02 -3.303762491e+02 +6.9409e-02 -9.8084e-01
494 0 +1.949801783e+00 -3.304201982e+02 -3.304201982e+02 -6.4926e-01 -1.3433e+00
% f evaluations | g evaluations | best noise-free fitness - Fopt (-1.231300000000e+02) + sum g_i+ | measured fitness | best measured fitness or single-digit g-values | x1 | x2...
1 0 +6.686803771e+00 -1.164431962e+02 -1.164431962e+02 +0.0000e+00 +0.0000e+00
5 0 +5.951578520e+00 -1.171784215e+02 -1.171784215e+02 -1.1375e-01 -3.0566e-01
18 0 +5.782665462e+00 -1.173473345e+02 -1.173473345e+02 +7.9170e-03 -2.6870e-01
% f evaluations | g evaluations | best noise-free fitness - Fopt (-1.537900000000e+02) + sum g_i+ | measured fitness | best measured fitness or single-digit g-values | x1 | x2...
1 0 +1.812579695e+01 -1.356642030e+02 -1.356642030e+02 +0.0000e+00 +0.0000e+00
2 0 +1.086540275e+01 -1.429245972e+02 -1.429245972e+02 +4.3379e-01 +3.0692e-02
9 0 +9.540299889e+00 -1.442497001e+02 -1.442497001e+02 +3.2157e-01 -1.0275e-01
12 0 +6.924411492e+00 -1.468655885e+02 -1.468655885e+02 +3.3015e-01 -3.6944e-01
22 0 +6.888554799e+00 -1.469014452e+02 -1.469014452e+02 +4.8050e-01 -3.8003e-01
39 0 +6.054883047e+00 -1.477351170e+02 -1.477351170e+02 +4.0324e-01 -4.5683e-01
46 0 +5.430008800e+00 -1.483599912e+02 -1.483599912e+02 +2.6158e-01 -5.2288e-01
51 0 +5.325095487e+00 -1.484649045e+02 -1.484649045e+02 +4.7942e-01 -6.2372e-01
55 0 +3.301394294e+00 -1.504886057e+02 -1.504886057e+02 +3.0331e-01 -7.2289e-01
77 0 +2.463129382e+00 -1.513268706e+02 -1.513268706e+02 +2.2515e-01 -8.5461e-01
96 0 +2.414019733e+00 -1.513759803e+02 -1.513759803e+02 +3.1466e-02 -9.2525e-01
98 0 +2.165767074e+00 -1.516242329e+02 -1.516242329e+02 +2.0768e-01 -9.8281e-01
100 0 +1.960378644e+00 -1.518296214e+02 -1.518296214e+02 +6.3751e-02 -1.2926e+00
117 0 +1.918407761e+00 -1.518715922e+02 -1.518715922e+02 -6.8568e-03 -1.3205e+00
132 0 +1.813862051e+00 -1.519761379e+02 -1.519761379e+02 -1.7909e-01 -1.6419e+00
% f evaluations | g evaluations | best noise-free fitness - Fopt (-4.860000000000e+01) + sum g_i+ | measured fitness | best measured fitness or single-digit g-values | x1 | x2...
1 0 +7.194803576e+00 -4.140519642e+01 -4.140519642e+01 +0.0000e+00 +0.0000e+00
2 0 +6.016958207e+00 -4.258304179e+01 -4.258304179e+01 +4.3379e-01 +3.0692e-02
4 0 +5.372733637e+00 -4.322726636e+01 -4.322726636e+01 +2.4727e-01 +1.7369e-01
6 0 +5.346208846e+00 -4.325379115e+01 -4.325379115e+01 +1.1285e-01 -1.5359e-01
12 0 +5.171336624e+00 -4.342866338e+01 -4.342866338e+01 +3.8211e-01 -1.8357e-01
16 0 +1.849491683e+00 -4.675050832e+01 -4.675050832e+01 +7.0740e-01 +3.1667e-02
109 0 +1.817897493e+00 -4.678210251e+01 -4.678210251e+01 +6.8496e-01 +5.3351e-02
% f evaluations | g evaluations | best noise-free fitness - Fopt (2.770000000000e+01) + sum g_i+ | measured fitness | best measured fitness or single-digit g-values | x1 | x2...
1 0 +3.257740059e+00 +3.095774006e+01 +3.095774006e+01 +0.0000e+00 +0.0000e+00
6 0 +2.997986307e+00 +3.069798631e+01 +3.069798631e+01 +1.1285e-01 -1.5359e-01
18 0 +2.874382271e+00 +3.057438227e+01 +3.057438227e+01 +5.8544e-02 -9.7387e-02
22 0 +2.810308997e+00 +3.051030900e+01 +3.051030900e+01 +7.6140e-02 -1.3324e-01
30 0 +2.540004823e+00 +3.024000482e+01 +3.024000482e+01 +1.3783e-01 -3.3709e-01
33 0 +2.406401654e+00 +3.010640165e+01 +3.010640165e+01 +1.5699e-01 -4.4347e-01
38 0 +2.273489693e+00 +2.997348969e+01 +2.997348969e+01 +1.1312e-01 -3.9566e-01
51 0 +2.233833555e+00 +2.993383356e+01 +2.993383356e+01 +6.8276e-02 -3.6588e-01
62 0 +2.152567477e+00 +2.985256748e+01 +2.985256748e+01 +1.2280e-01 -5.0707e-01
70 0 +2.099233746e+00 +2.979923375e+01 +2.979923375e+01 +5.7032e-02 -5.2225e-01
80 0 +2.075634872e+00 +2.977563487e+01 +2.977563487e+01 +9.5696e-02 -5.6905e-01
88 0 +2.041543624e+00 +2.974154362e+01 +2.974154362e+01 +1.5079e-01 -7.5798e-01
100 0 +1.975777584e+00 +2.967577758e+01 +2.967577758e+01 +9.2089e-02 -1.0841e+00
105 0 +1.938836026e+00 +2.963883603e+01 +2.963883603e+01 +1.6341e-01 -1.3786e+00
% f evaluations | g evaluations | best noise-free fitness - Fopt (2.993000000000e+01) + sum g_i+ | measured fitness | best measured fitness or single-digit g-values | x1 | x2...
1 0 +1.230141773e+01 +4.223141773e+01 +4.223141773e+01 +0.0000e+00 +0.0000e+00
5 0 +6.761814781e+00 +3.669181478e+01 +3.669181478e+01 -1.1375e-01 -3.0566e-01
14 0 +2.118770884e+00 +3.204877088e+01 +3.204877088e+01 -3.9445e-01 +1.7836e-01
35 0 +1.945893675e+00 +3.187589367e+01 +3.187589367e+01 -4.6009e-01 +1.1895e-01
57 0 +1.571139446e+00 +3.150113945e+01 +3.150113945e+01 -5.9142e-01 +9.8618e-02
66 0 +8.255871367e-01 +3.075558714e+01 +3.075558714e+01 -6.6692e-01 +2.6486e-01
73 0 +5.113610862e-01 +3.044136109e+01 +3.044136109e+01 -5.9810e-01 +4.9424e-01
79 0 +4.053559975e-01 +3.033535600e+01 +3.033535600e+01 -7.4701e-01 +5.8968e-01
92 0 +3.925121882e-01 +3.032251219e+01 +3.032251219e+01 -6.4788e-01 +6.5504e-01
101 0 +1.843241727e-01 +3.011432417e+01 +3.011432417e+01 -6.7688e-01 +9.1117e-01
106 0 +3.063689867e-02 +2.996063690e+01 +2.996063690e+01 -8.0568e-01 +1.1216e+00
111 0 +1.359077665e-02 +2.994359078e+01 +2.994359078e+01 -9.6786e-01 +1.3597e+00
116 0 +1.429099960e-04 +2.993014291e+01 +2.993014291e+01 -9.3984e-01 +1.6038e+00
167 0 +8.793142787e-05 +2.993008793e+01 +2.993008793e+01 -1.0294e+00 +1.8331e+00
169 0 +2.593678788e-05 +2.993002594e+01 +2.993002594e+01 -1.0193e+00 +1.7937e+00
185 0 +1.810939889e-05 +2.993001811e+01 +2.993001811e+01 -1.0030e+00 +1.6910e+00
197 0 +6.589775445e-06 +2.993000659e+01 +2.993000659e+01 -9.6477e-01 +1.6474e+00
201 0 +3.019950245e-06 +2.993000302e+01 +2.993000302e+01 -9.7214e-01 +1.6810e+00
205 0 +2.140019209e-06 +2.993000214e+01 +2.993000214e+01 -9.9810e-01 +1.6970e+00
207 0 +1.544088374e-06 +2.993000154e+01 +2.993000154e+01 -9.9437e-01 +1.6887e+00
211 0 +1.291559506e-06 +2.993000129e+01 +2.993000129e+01 -1.0010e+00 +1.7472e+00
212 0 +3.972200346e-09 +2.993000000e+01 +2.993000000e+01 -9.8966e-01 +1.7109e+00
333 0 +0.000000000e+00 +2.993000000e+01 +2.993000000e+01 -9.8797e-01 +1.7003e+00
% f evaluations | g evaluations | best noise-free fitness - Fopt (-1.983000000000e+01) + sum g_i+ | measured fitness | best measured fitness or single-digit g-values | x1 | x2...
1 0 +1.078302559e+01 -9.046974410e+00 -9.046974410e+00 +0.0000e+00 +0.0000e+00
2 0 +4.490648876e+00 -1.533935112e+01 -1.533935112e+01 +4.3379e-01 +3.0692e-02
4 0 +3.079271962e+00 -1.675072804e+01 -1.675072804e+01 +2.4727e-01 +1.7369e-01
7 0 +2.523520871e+00 -1.730647913e+01 -1.730647913e+01 +2.4817e-01 +6.3376e-02
17 0 +2.432651736e+00 -1.739734826e+01 -1.739734826e+01 +2.8149e-01 +9.4222e-02
18 0 +2.244782123e+00 -1.758521788e+01 -1.758521788e+01 +3.2815e-01 -9.1865e-02
38 0 +2.161666533e+00 -1.766833347e+01 -1.766833347e+01 +3.2142e-01 -2.7868e-01
39 0 +2.084526274e+00 -1.774547373e+01 -1.774547373e+01 +2.5858e-01 -1.5701e-01
70 0 +2.012036169e+00 -1.781796383e+01 -1.781796383e+01 +2.5037e-01 -3.4382e-01
105 0 +1.985804358e+00 -1.784419564e+01 -1.784419564e+01 +2.3010e-01 -4.2352e-01
137 0 +1.944499125e+00 -1.788550087e+01 -1.788550087e+01 +2.2198e-01 -5.3238e-01
143 0 +1.874069630e+00 -1.795593037e+01 -1.795593037e+01 +1.9323e-01 -6.2778e-01
146 0 +1.591331453e+00 -1.823866855e+01 -1.823866855e+01 +1.4953e-01 -8.8924e-01
159 0 +1.157272129e+00 -1.867272787e+01 -1.867272787e+01 +1.0001e-01 -1.4169e+00
164 0 +1.104714054e+00 -1.872528595e+01 -1.872528595e+01 -7.8379e-02 -2.1389e+00
189 0 +9.407622682e-01 -1.888923773e+01 -1.888923773e+01 -8.3625e-03 -1.8243e+00
240 0 +9.309500552e-01 -1.889904994e+01 -1.889904994e+01 +9.0835e-03 -1.8027e+00
