% f evaluations | g evaluations | best noise-free fitness - Fopt (-1.000000000000e+03) + sum g_i+ | measured fitness | best measured fitness or single-digit g-values | x1 | x2...
1 0 +8.205600107e+01 -9.179439989e+02 -9.179439989e+02
2 0 +8.171924492e+01 -9.182807551e+02 -9.182807551e+02
5 0 +8.099061879e+01 -9.190093812e+02 -9.190093812e+02
84 0 +7.931120128e+01 -9.206887987e+02 -9.206887987e+02
137 0 +7.724973576e+01 -9.227502642e+02 -9.227502642e+02
183 0 +7.561602148e+01 -9.243839785e+02 -9.243839785e+02
212 0 +7.346427839e+01 -9.265357216e+02 -9.265357216e+02
245 0 +7.238997094e+01 -9.276100291e+02 -9.276100291e+02
310 0 +7.043500211e+01 -9.295649979e+02 -9.295649979e+02
323 0 +6.831217553e+01 -9.316878245e+02 -9.316878245e+02
356 0 +6.620529764e+01 -9.337947024e+02 -9.337947024e+02
386 0 +6.223449979e+01 -9.377655002e+02 -9.377655002e+02
410 0 +5.998872107e+01 -9.400112789e+02 -9.400112789e+02
433 0 +5.878839021e+01 -9.412116098e+02 -9.412116098e+02
434 0 +5.624654406e+01 -9.437534559e+02 -9.437534559e+02
455 0 +4.866072645e+01 -9.513392736e+02 -9.513392736e+02
487 0 +4.742698775e+01 -9.525730122e+02 -9.525730122e+02
513 0 +4.497726321e+01 -9.550227368e+02 -9.550227368e+02
528 0 +4.337366564e+01 -9.566263344e+02 -9.566263344e+02
529 0 +4.124416798e+01 -9.587558320e+02 -9.587558320e+02
545 0 +4.021996276e+01 -9.597800372e+02 -9.597800372e+02
557 0 +3.905058935e+01 -9.609494107e+02 -9.609494107e+02
561 0 +3.696948756e+01 -9.630305124e+02 -9.630305124e+02
562 0 +3.306782523e+01 -9.669321748e+02 -9.669321748e+02
610 0 +2.879835059e+01 -9.712016494e+02 -9.712016494e+02
641 0 +2.782980503e+01 -9.721701950e+02 -9.721701950e+02
657 0 +2.734560579e+01 -9.726543942e+02 -9.726543942e+02
673 0 +2.482055145e+01 -9.751794486e+02 -9.751794486e+02
705 0 +2.410529236e+01 -9.758947076e+02 -9.758947076e+02
737 0 +2.367113287e+01 -9.763288671e+02 -9.763288671e+02
833 0 +2.287038482e+01 -9.771296152e+02 -9.771296152e+02
849 0 +2.228087986e+01 -9.777191201e+02 -9.777191201e+02
913 0 +2.162517406e+01 -9.783748259e+02 -9.783748259e+02
977 0 +2.124878230e+01 -9.787512177e+02 -9.787512177e+02
1057 0 +2.087802640e+01 -9.791219736e+02 -9.791219736e+02
1137 0 +2.004857029e+01 -9.799514297e+02 -9.799514297e+02
1160 0 +1.994326511e+01 -9.800567349e+02 -9.800567349e+02
1188 0 +1.939793546e+01 -9.806020645e+02 -9.806020645e+02
1377 0 +1.905032985e+01 -9.809496702e+02 -9.809496702e+02
1521 0 +1.860028065e+01 -9.813997194e+02 -9.813997194e+02
% f evaluations | g evaluations | best noise-free fitness - Fopt (1.000000000000e+03) + sum g_i+ | measured fitness | best measured fitness or single-digit g-values | x1 | x2...
1 0 +8.534604634e+01 +1.085346046e+03 +1.085346046e+03
3 0 +8.506804709e+01 +1.085068047e+03 +1.085068047e+03
160 0 +8.298338971e+01 +1.082983390e+03 +1.082983390e+03
290 0 +8.122347874e+01 +1.081223479e+03 +1.081223479e+03
322 0 +7.827797297e+01 +1.078277973e+03 +1.078277973e+03
333 0 +7.734781142e+01 +1.077347811e+03 +1.077347811e+03
387 0 +7.483351976e+01 +1.074833520e+03 +1.074833520e+03
395 0 +7.397442882e+01 +1.073974429e+03 +1.073974429e+03
442 0 +7.143867918e+01 +1.071438679e+03 +1.071438679e+03
450 0 +7.061637470e+01 +1.070616375e+03 +1.070616375e+03
491 0 +6.841344816e+01 +1.068413448e+03 +1.068413448e+03
513 0 +6.753536261e+01 +1.067535363e+03 +1.067535363e+03
518 0 +6.564875186e+01 +1.065648752e+03 +1.065648752e+03
532 0 +6.221527550e+01 +1.062215276e+03 +1.062215276e+03
554 0 +6.087461283e+01 +1.060874613e+03 +1.060874613e+03
555 0 +5.815810077e+01 +1.058158101e+03 +1.058158101e+03
579 0 +5.574511160e+01 +1.055745112e+03 +1.055745112e+03
602 0 +5.273617241e+01 +1.052736172e+03 +1.052736172e+03
603 0 +5.088542692e+01 +1.050885427e+03 +1.050885427e+03
614 0 +4.783920041e+01 +1.047839200e+03 +1.047839200e+03
628 0 +4.470669395e+01 +1.044706694e+03 +1.044706694e+03
641 0 +4.348448600e+01 +1.043484486e+03 +1.043484486e+03
673 0 +3.948338154e+01 +1.039483382e+03 +1.039483382e+03
689 0 +3.779687502e+01 +1.037796875e+03 +1.037796875e+03
721 0 +3.603582859e+01 +1.036035829e+03 +1.036035829e+03
737 0 +3.176762891e+01 +1.031767629e+03 +1.031767629e+03
785 0 +3.145667941e+01 +1.031456679e+03 +1.031456679e+03
833 0 +2.926437872e+01 +1.029264379e+03 +1.029264379e+03
865 0 +2.840300604e+01 +1.028403006e+03 +1.028403006e+03
881 0 +2.733923842e+01 +1.027339238e+03 +1.027339238e+03
897 0 +2.594940856e+01 +1.025949409e+03 +1.025949409e+03
913 0 +2.544404783e+01 +1.025444048e+03 +1.025444048e+03
961 0 +2.392676587e+01 +1.023926766e+03 +1.023926766e+03
977 0 +2.343735700e+01 +1.023437357e+03 +1.023437357e+03
993 0 +2.272927706e+01 +1.022729277e+03 +1.022729277e+03
1041 0 +2.165364934e+01 +1.021653649e+03 +1.021653649e+03
1089 0 +2.134218517e+01 +1.021342185e+03 +1.021342185e+03
1105 0 +2.071894678e+01 +1.020718947e+03 +1.020718947e+03
1121 0 +2.028895928e+01 +1.020288959e+03 +1.020288959e+03
1153 0 +1.953712012e+01 +1.019537120e+03 +1.019537120e+03
1169 0 +1.928692707e+01 +1.019286927e+03 +1.019286927e+03
1249 0 +1.876940260e+01 +1.018769403e+03 +1.018769403e+03
1281 0 +1.841232920e+01 +1.018412329e+03 +1.018412329e+03
1313 0 +1.799321202e+01 +1.017993212e+03 +1.017993212e+03
1345 0 +1.729200244e+01 +1.017292002e+03 +1.017292002e+03
1489 0 +1.674418467e+01 +1.016744185e+03 +1.016744185e+03
1521 0 +1.632061180e+01 +1.016320612e+03 +1.016320612e+03
1569 0 +1.609774765e+01 +1.016097748e+03 +1.016097748e+03
1697 0 +1.577249249e+01 +1.015772492e+03 +1.015772492e+03
1745 0 +1.543537081e+01 +1.015435371e+03 +1.015435371e+03
1873 0 +1.508345635e+01 +1.015083456e+03 +1.015083456e+03
2065 0 +1.477759606e+01 +1.014777596e+03 +1.014777596e+03
% f evaluations | g evaluations | best noise-free fitness - Fopt (-4.913000000000e+01) + sum g_i+ | measured fitness | best measured fitness or single-digit g-values | x1 | x2...
1 0 +8.206146169e+01 +3.293146169e+01 +3.293146169e+01
3 0 +8.191134454e+01 +3.278134454e+01 +3.278134454e+01
26 0 +8.124596693e+01 +3.211596693e+01 +3.211596693e+01
104 0 +7.941684179e+01 +3.028684179e+01 +3.028684179e+01
147 0 +7.758483214e+01 +2.845483214e+01 +2.845483214e+01
197 0 +7.557005673e+01 +2.644005673e+01 +2.644005673e+01
235 0 +7.409333071e+01 +2.496333071e+01 +2.496333071e+01
290 0 +7.135151019e+01 +2.222151019e+01 +2.222151019e+01
316 0 +6.999305169e+01 +2.086305169e+01 +2.086305169e+01
350 0 +6.835608854e+01 +1.922608854e+01 +1.922608854e+01
373 0 +6.593951634e+01 +1.680951634e+01 +1.680951634e+01
379 0 +6.336137555e+01 +1.423137555e+01 +1.423137555e+01
403 0 +5.829046402e+01 +9.160464020e+00 +9.160464020e+00
407 0 +5.704005225e+01 +7.910052254e+00 +7.910052254e+00
436 0 +5.238623869e+01 +3.256238690e+00 +3.256238690e+00
455 0 +4.641090996e+01 -2.719090035e+00 -2.719090035e+00
481 0 +4.383120414e+01 -5.298795859e+00 -5.298795859e+00
483 0 +3.855690755e+01 -1.057309245e+01 -1.057309245e+01
501 0 +3.706382616e+01 -1.206617384e+01 -1.206617384e+01
513 0 +3.362345885e+01 -1.550654115e+01 -1.550654115e+01
527 0 +2.519649526e+01 -2.393350474e+01 -2.393350474e+01
561 0 +2.405599164e+01 -2.507400836e+01 -2.507400836e+01
576 0 +2.363965965e+01 -2.549034035e+01 -2.549034035e+01
577 0 +2.063904928e+01 -2.849095072e+01 -2.849095072e+01
593 0 +1.855465661e+01 -3.057534339e+01 -3.057534339e+01
609 0 +1.803532398e+01 -3.109467602e+01 -3.109467602e+01
625 0 +1.544835340e+01 -3.368164660e+01 -3.368164660e+01
641 0 +1.403070052e+01 -3.509929948e+01 -3.509929948e+01
657 0 +1.323076421e+01 -3.589923579e+01 -3.589923579e+01
673 0 +1.182304078e+01 -3.730695922e+01 -3.730695922e+01
705 0 +1.119235675e+01 -3.793764325e+01 -3.793764325e+01
721 0 +1.088053987e+01 -3.824946013e+01 -3.824946013e+01
737 0 +1.031592652e+01 -3.881407348e+01 -3.881407348e+01
865 0 +1.004965468e+01 -3.908034532e+01 -3.908034532e+01
881 0 +8.901010639e+00 -4.022898936e+01 -4.022898936e+01
929 0 +8.420336699e+00 -4.070966330e+01 -4.070966330e+01
961 0 +7.963682567e+00 -4.116631743e+01 -4.116631743e+01
977 0 +7.874145618e+00 -4.125585438e+01 -4.125585438e+01
993 0 +7.675521464e+00 -4.145447854e+01 -4.145447854e+01
1025 0 +7.429268526e+00 -4.170073147e+01 -4.170073147e+01
1041 0 +6.971698808e+00 -4.215830119e+01 -4.215830119e+01
1057 0 +6.583590639e+00 -4.254640936e+01 -4.254640936e+01
1089 0 +6.394473172e+00 -4.273552683e+01 -4.273552683e+01
1105 0 +5.698961759e+00 -4.343103824e+01 -4.343103824e+01
1121 0 +5.579976713e+00 -4.355002329e+01 -4.355002329e+01
1137 0 +5.236193327e+00 -4.389380667e+01 -4.389380667e+01
1169 0 +4.746986061e+00 -4.438301394e+01 -4.438301394e+01
1185 0 +4.630860230e+00 -4.449913977e+01 -4.449913977e+01
1201 0 +4.285555343e+00 -4.484444466e+01 -4.484444466e+01
1281 0 +4.124676975e+00 -4.500532303e+01 -4.500532303e+01
1297 0 +3.806302212e+00 -4.532369779e+01 -4.532369779e+01
1313 0 +3.540965208e+00 -4.558903479e+01 -4.558903479e+01
1329 0 +3.418317526e+00 -4.571168247e+01 -4.571168247e+01
1361 0 +3.334700752e+00 -4.579529925e+01 -4.579529925e+01
1393 0 +3.266834069e+00 -4.586316593e+01 -4.586316593e+01
1425 0 +3.223353507e+00 -4.590664649e+01 -4.590664649e+01
1489 0 +2.961936560e+00 -4.616806344e+01 -4.616806344e+01
1633 0 +2.938373140e+00 -4.619162686e+01 -4.619162686e+01
1665 0 +2.883847156e+00 -4.624615284e+01 -4.624615284e+01
1697 0 +2.810141631e+00 -4.631985837e+01 -4.631985837e+01
1745 0 +2.748638745e+00 -4.638136125e+01 -4.638136125e+01
1857 0 +2.686583839e+00 -4.644341616e+01 -4.644341616e+01
1953 0 +2.629119084e+00 -4.650088092e+01 -4.650088092e+01
% f evaluations | g evaluations | best noise-free fitness - Fopt (2.977300000000e+02) + sum g_i+ | measured fitness | best measured fitness or single-digit g-values | x1 | x2...
1 0 +8.202319017e+01 +3.797531902e+02 +3.797531902e+02
2 0 +8.199390428e+01 +3.797239043e+02 +3.797239043e+02
21 0 +8.122385039e+01 +3.789538504e+02 +3.789538504e+02
105 0 +7.900666037e+01 +3.767366604e+02 +3.767366604e+02
153 0 +7.753107119e+01 +3.752610712e+02 +3.752610712e+02
218 0 +7.558048788e+01 +3.733104879e+02 +3.733104879e+02
259 0 +7.311352102e+01 +3.708435210e+02 +3.708435210e+02
318 0 +7.238098617e+01 +3.701109862e+02 +3.701109862e+02
361 0 +7.030464518e+01 +3.680346452e+02 +3.680346452e+02
382 0 +6.794978109e+01 +3.656797811e+02 +3.656797811e+02
404 0 +6.338930937e+01 +3.611193094e+02 +3.611193094e+02
462 0 +6.013720443e+01 +3.578672044e+02 +3.578672044e+02
484 0 +5.416665804e+01 +3.518966580e+02 +3.518966580e+02
519 0 +5.238972949e+01 +3.501197295e+02 +3.501197295e+02
532 0 +5.035553823e+01 +3.480855382e+02 +3.480855382e+02
535 0 +4.291263445e+01 +3.406426344e+02 +3.406426344e+02
558 0 +3.707549787e+01 +3.348054979e+02 +3.348054979e+02
562 0 +3.556546911e+01 +3.332954691e+02 +3.332954691e+02
577 0 +3.495715213e+01 +3.326871521e+02 +3.326871521e+02
584 0 +3.463435436e+01 +3.323643544e+02 +3.323643544e+02
589 0 +3.185665379e+01 +3.295866538e+02 +3.295866538e+02
593 0 +3.146903449e+01 +3.291990345e+02 +3.291990345e+02
605 0 +2.817314818e+01 +3.259031482e+02 +3.259031482e+02
614 0 +2.653289965e+01 +3.242628997e+02 +3.242628997e+02
635 0 +2.580391977e+01 +3.235339198e+02 +3.235339198e+02
641 0 +2.542892079e+01 +3.231589208e+02 +3.231589208e+02
642 0 +2.418912198e+01 +3.219191220e+02 +3.219191220e+02
643 0 +2.179184170e+01 +3.195218417e+02 +3.195218417e+02
673 0 +2.055408108e+01 +3.182840811e+02 +3.182840811e+02
689 0 +1.980493555e+01 +3.175349356e+02 +3.175349356e+02
705 0 +1.770245926e+01 +3.154324593e+02 +3.154324593e+02
720 0 +1.683651926e+01 +3.145665193e+02 +3.145665193e+02
721 0 +1.574024888e+01 +3.134702489e+02 +3.134702489e+02
722 0 +1.486403100e+01 +3.125940310e+02 +3.125940310e+02
737 0 +1.387335922e+01 +3.116033592e+02 +3.116033592e+02
753 0 +1.152896095e+01 +3.092589609e+02 +3.092589609e+02
769 0 +1.045170107e+01 +3.081817011e+02 +3.081817011e+02
785 0 +1.002833584e+01 +3.077583358e+02 +3.077583358e+02
817 0 +9.665072351e+00 +3.073950724e+02 +3.073950724e+02
833 0 +8.647710850e+00 +3.063777108e+02 +3.063777108e+02
849 0 +8.344142835e+00 +3.060741428e+02 +3.060741428e+02
865 0 +7.677376970e+00 +3.054073770e+02 +3.054073770e+02
881 0 +7.186951114e+00 +3.049169511e+02 +3.049169511e+02
897 0 +6.964844668e+00 +3.046948447e+02 +3.046948447e+02
912 0 +5.734493454e+00 +3.034644935e+02 +3.034644935e+02
929 0 +4.894830466e+00 +3.026248305e+02 +3.026248305e+02
945 0 +4.463400607e+00 +3.021934006e+02 +3.021934006e+02
961 0 +3.934057679e+00 +3.016640577e+02 +3.016640577e+02
977 0 +3.364836742e+00 +3.010948367e+02 +3.010948367e+02
993 0 +2.974606737e+00 +3.007046067e+02 +3.007046067e+02
1025 0 +2.637540668e+00 +3.003675407e+02 +3.003675407e+02
1041 0 +2.388267811e+00 +3.001182678e+02 +3.001182678e+02
1057 0 +2.184811057e+00 +2.999148111e+02 +2.999148111e+02
1105 0 +2.065009241e+00 +2.997950092e+02 +2.997950092e+02
1121 0 +2.037796316e+00 +2.997677963e+02 +2.997677963e+02
1137 0 +1.951419775e+00 +2.996814198e+02 +2.996814198e+02
1169 0 +1.947532802e+00 +2.996775328e+02 +2.996775328e+02
1201 0 +1.838181604e+00 +2.995681816e+02 +2.995681816e+02
1281 0 +1.752724098e+00 +2.994827241e+02 +2.994827241e+02
1313 0 +1.702130340e+00 +2.994321303e+02 +2.994321303e+02
1377 0 +1.684725067e+00 +2.994147251e+02 +2.994147251e+02
1393 0 +1.513986708e+00 +2.992439867e+02 +2.992439867e+02
1409 0 +1.339883169e+00 +2.990698832e+02 +2.990698832e+02
1425 0 +1.250118296e+00 +2.989801183e+02 +2.989801183e+02
1489 0 +1.134469746e+00 +2.988644697e+02 +2.988644697e+02
1505 0 +1.105201202e+00 +2.988352012e+02 +2.988352012e+02
1553 0 +1.084958055e+00 +2.988149581e+02 +2.988149581e+02
1569 0 +1.047862802e+00 +2.987778628e+02 +2.987778628e+02
1585 0 +1.044575049e+00 +2.987745750e+02 +2.987745750e+02
1617 0 +9.965244107e-01 +2.987265244e+02 +2.987265244e+02
1633 0 +9.713214739e-01 +2.987013215e+02 +2.987013215e+02
1649 0 +9.535936310e-01 +2.986835936e+02 +2.986835936e+02
1681 0 +9.153243552e-01 +2.986453244e+02 +2.986453244e+02
1697 0 +8.751029410e-01 +2.986051029e+02 +2.986051029e+02
1729 0 +8.692994944e-01 +2.985992995e+02 +2.985992995e+02
1745 0 +8.462349364e-01 +2.985762349e+02 +2.985762349e+02
1761 0 +8.227507606e-01 +2.985527508e+02 +2.985527508e+02
1777 0 +8.084176363e-01 +2.985384176e+02 +2.985384176e+02
1793 0 +7.926133163e-01 +2.985226133e+02 +2.985226133e+02
1921 0 +7.645755235e-01 +2.984945755e+02 +2.984945755e+02
1953 0 +7.552578112e-01 +2.984852578e+02 +2.984852578e+02
2033 0 +7.350517198e-01 +2.984650517e+02 +2.984650517e+02
2145 0 +7.244117229e-01 +2.984544117e+02 +2.984544117e+02
2289 0 +7.062186266e-01 +2.984362186e+02 +2.984362186e+02
% f evaluations | g evaluations | best noise-free fitness - Fopt (5.157000000000e+01) + sum g_i+ | measured fitness | best measured fitness or single-digit g-values | x1 | x2...
1 0 +8.378166644e+01 +1.353516664e+02 +1.353516664e+02
7 0 +8.358288982e+01 +1.351528898e+02 +1.351528898e+02
8 0 +8.309122810e+01 +1.346612281e+02 +1.346612281e+02
132 0 +8.113979495e+01 +1.327097949e+02 +1.327097949e+02
227 0 +7.897019684e+01 +1.305401968e+02 +1.305401968e+02
281 0 +7.755381076e+01 +1.291238108e+02 +1.291238108e+02
310 0 +7.559239739e+01 +1.271623974e+02 +1.271623974e+02
355 0 +7.398227988e+01 +1.255522799e+02 +1.255522799e+02
367 0 +7.243295135e+01 +1.240029514e+02 +1.240029514e+02
407 0 +7.057825486e+01 +1.221482549e+02 +1.221482549e+02
451 0 +6.900091341e+01 +1.205709134e+02 +1.205709134e+02
455 0 +6.754089488e+01 +1.191108949e+02 +1.191108949e+02
457 0 +6.537258080e+01 +1.169425808e+02 +1.169425808e+02
484 0 +6.295679400e+01 +1.145267940e+02 +1.145267940e+02
500 0 +5.871231763e+01 +1.102823176e+02 +1.102823176e+02
548 0 +5.082225499e+01 +1.023922550e+02 +1.023922550e+02
571 0 +4.508473155e+01 +9.665473155e+01 +9.665473155e+01
584 0 +4.393594585e+01 +9.550594585e+01 +9.550594585e+01
587 0 +4.218060548e+01 +9.375060548e+01 +9.375060548e+01
591 0 +3.559065790e+01 +8.716065790e+01 +8.716065790e+01
603 0 +3.502432835e+01 +8.659432835e+01 +8.659432835e+01
606 0 +3.353825615e+01 +8.510825615e+01 +8.510825615e+01
609 0 +3.310150937e+01 +8.467150937e+01 +8.467150937e+01
625 0 +3.101389688e+01 +8.258389688e+01 +8.258389688e+01
641 0 +2.894870761e+01 +8.051870761e+01 +8.051870761e+01
652 0 +2.520482819e+01 +7.677482819e+01 +7.677482819e+01
673 0 +2.443434589e+01 +7.600434589e+01 +7.600434589e+01
689 0 +2.175827760e+01 +7.332827760e+01 +7.332827760e+01
693 0 +2.014838486e+01 +7.171838486e+01 +7.171838486e+01
721 0 +1.938893028e+01 +7.095893028e+01 +7.095893028e+01
723 0 +1.875346149e+01 +7.032346149e+01 +7.032346149e+01
737 0 +1.693665088e+01 +6.850665088e+01 +6.850665088e+01
771 0 +1.645571648e+01 +6.802571648e+01 +6.802571648e+01
785 0 +1.267481781e+01 +6.424481781e+01 +6.424481781e+01
817 0 +1.196018900e+01 +6.353018900e+01 +6.353018900e+01
830 0 +1.076581678e+01 +6.233581678e+01 +6.233581678e+01
833 0 +9.641521885e+00 +6.121152189e+01 +6.121152189e+01
849 0 +8.875000309e+00 +6.044500031e+01 +6.044500031e+01
881 0 +8.021996906e+00 +5.959199691e+01 +5.959199691e+01
897 0 +7.812696557e+00 +5.938269656e+01 +5.938269656e+01
912 0 +6.938875154e+00 +5.850887515e+01 +5.850887515e+01
929 0 +6.279739458e+00 +5.784973946e+01 +5.784973946e+01
945 0 +5.885745794e+00 +5.745574579e+01 +5.745574579e+01
961 0 +5.317066784e+00 +5.688706678e+01 +5.688706678e+01
993 0 +5.043634406e+00 +5.661363441e+01 +5.661363441e+01
1009 0 +5.002706104e+00 +5.657270610e+01 +5.657270610e+01
1025 0 +4.530950077e+00 +5.610095008e+01 +5.610095008e+01
1041 0 +4.016960737e+00 +5.558696074e+01 +5.558696074e+01
1089 0 +3.536158721e+00 +5.510615872e+01 +5.510615872e+01
1105 0 +3.011564785e+00 +5.458156479e+01 +5.458156479e+01
1121 0 +2.677473387e+00 +5.424747339e+01 +5.424747339e+01
1137 0 +2.354589053e+00 +5.392458905e+01 +5.392458905e+01
1169 0 +2.170476371e+00 +5.374047637e+01 +5.374047637e+01
1217 0 +2.080943315e+00 +5.365094331e+01 +5.365094331e+01
1281 0 +2.017935698e+00 +5.358793570e+01 +5.358793570e+01
1297 0 +1.961253112e+00 +5.353125311e+01 +5.353125311e+01
1425 0 +1.897263237e+00 +5.346726324e+01 +5.346726324e+01
1457 0 +1.852202720e+00 +5.342220272e+01 +5.342220272e+01
1473 0 +1.769758811e+00 +5.333975881e+01 +5.333975881e+01
1489 0 +1.620266482e+00 +5.319026648e+01 +5.319026648e+01
1553 0 +1.557235918e+00 +5.312723592e+01 +5.312723592e+01
1568 0 +1.526027539e+00 +5.309602754e+01 +5.309602754e+01
1569 0 +1.456988572e+00 +5.302698857e+01 +5.302698857e+01
1585 0 +1.433225086e+00 +5.300322509e+01 +5.300322509e+01
1601 0 +1.395919627e+00 +5.296591963e+01 +5.296591963e+01
1617 0 +1.328267481e+00 +5.289826748e+01 +5.289826748e+01
1681 0 +1.306362169e+00 +5.287636217e+01 +5.287636217e+01
1697 0 +1.272526360e+00 +5.284252636e+01 +5.284252636e+01
1761 0 +1.251053132e+00 +5.282105313e+01 +5.282105313e+01
1774 0 +1.213796957e+00 +5.278379696e+01 +5.278379696e+01
1793 0 +1.169515406e+00 +5.273951541e+01 +5.273951541e+01
1809 0 +1.134047749e+00 +5.270404775e+01 +5.270404775e+01
1825 0 +1.119259405e+00 +5.268925940e+01 +5.268925940e+01
1841 0 +1.084084498e+00 +5.265408450e+01 +5.265408450e+01
1857 0 +1.026450430e+00 +5.259645043e+01 +5.259645043e+01
1859 0 +1.018697883e+00 +5.258869788e+01 +5.258869788e+01
1873 0 +9.920791773e-01 +5.256207918e+01 +5.256207918e+01
1889 0 +9.614801801e-01 +5.253148018e+01 +5.253148018e+01
1905 0 +9.301250130e-01 +5.250012501e+01 +5.250012501e+01
1921 0 +8.709736739e-01 +5.244097367e+01 +5.244097367e+01
1937 0 +8.625534165e-01 +5.243255342e+01 +5.243255342e+01
1953 0 +8.390417819e-01 +5.240904178e+01 +5.240904178e+01
1985 0 +8.274351122e-01 +5.239743511e+01 +5.239743511e+01
2001 0 +8.069489519e-01 +5.237694895e+01 +5.237694895e+01
2049 0 +7.859911578e-01 +5.235599116e+01 +5.235599116e+01
2081 0 +7.733998020e-01 +5.234339980e+01 +5.234339980e+01
2129 0 +7.551327175e-01 +5.232513272e+01 +5.232513272e+01
2257 0 +7.342117980e-01 +5.230421180e+01 +5.230421180e+01
2305 0 +7.222934274e-01 +5.229229343e+01 +5.229229343e+01
2545 0 +7.079367842e-01 +5.227793678e+01 +5.227793678e+01
% f evaluations | g evaluations | best noise-free fitness - Fopt (1.527100000000e+02) + sum g_i+ | measured fitness | best measured fitness or single-digit g-values | x1 | x2...
1 0 +8.224979533e+01 +2.349597953e+02 +2.349597953e+02
2 0 +8.163040177e+01 +2.343404018e+02 +2.343404018e+02
5 0 +8.114973393e+01 +2.338597339e+02 +2.338597339e+02
42 0 +7.870763944e+01 +2.314176394e+02 +2.314176394e+02
98 0 +7.729779656e+01 +2.300077966e+02 +2.300077966e+02
159 0 +7.544980601e+01 +2.281598060e+02 +2.281598060e+02
210 0 +7.377032390e+01 +2.264803239e+02 +2.264803239e+02
247 0 +7.227608342e+01 +2.249860834e+02 +2.249860834e+02
272 0 +7.044384587e+01 +2.231538459e+02 +2.231538459e+02
307 0 +6.857586535e+01 +2.212858654e+02 +2.212858654e+02
324 0 +6.743153725e+01 +2.201415373e+02 +2.201415373e+02
329 0 +6.605972298e+01 +2.187697230e+02 +2.187697230e+02
340 0 +6.387521430e+01 +2.165852143e+02 +2.165852143e+02
362 0 +6.220953659e+01 +2.149195366e+02 +2.149195366e+02
363 0 +5.904183994e+01 +2.117518399e+02 +2.117518399e+02
375 0 +5.879391868e+01 +2.115039187e+02 +2.115039187e+02
388 0 +5.088757523e+01 +2.035975752e+02 +2.035975752e+02
397 0 +4.670571373e+01 +1.994157137e+02 +1.994157137e+02
405 0 +3.385772845e+01 +1.865677285e+02 +1.865677285e+02
449 0 +3.290975421e+01 +1.856197542e+02 +1.856197542e+02
455 0 +2.864607537e+01 +1.813560754e+02 +1.813560754e+02
460 0 +2.806921002e+01 +1.807792100e+02 +1.807792100e+02
474 0 +2.674944684e+01 +1.794594468e+02 +1.794594468e+02
481 0 +2.576611596e+01 +1.784761160e+02 +1.784761160e+02
482 0 +2.472605421e+01 +1.774360542e+02 +1.774360542e+02
486 0 +2.170672499e+01 +1.744167250e+02 +1.744167250e+02
497 0 +2.061998941e+01 +1.733299894e+02 +1.733299894e+02
513 0 +1.959479117e+01 +1.723047912e+02 +1.723047912e+02
524 0 +1.852412602e+01 +1.712341260e+02 +1.712341260e+02
529 0 +1.495886557e+01 +1.676688656e+02 +1.676688656e+02
545 0 +1.356096026e+01 +1.662709603e+02 +1.662709603e+02
557 0 +1.221755687e+01 +1.649275569e+02 +1.649275569e+02
561 0 +1.185557196e+01 +1.645655720e+02 +1.645655720e+02
577 0 +1.141417525e+01 +1.641241752e+02 +1.641241752e+02
587 0 +9.728860106e+00 +1.624388601e+02 +1.624388601e+02
593 0 +9.164598348e+00 +1.618745983e+02 +1.618745983e+02
609 0 +8.237522978e+00 +1.609475230e+02 +1.609475230e+02
625 0 +8.053628979e+00 +1.607636290e+02 +1.607636290e+02
641 0 +7.700926778e+00 +1.604109268e+02 +1.604109268e+02
673 0 +6.462691758e+00 +1.591726918e+02 +1.591726918e+02
737 0 +4.753627931e+00 +1.574636279e+02 +1.574636279e+02
801 0 +3.735979800e+00 +1.564459798e+02 +1.564459798e+02
833 0 +2.857669740e+00 +1.555676697e+02 +1.555676697e+02
849 0 +2.563373688e+00 +1.552733737e+02 +1.552733737e+02
865 0 +2.419101350e+00 +1.551291014e+02 +1.551291014e+02
881 0 +2.352735288e+00 +1.550627353e+02 +1.550627353e+02
913 0 +2.314187960e+00 +1.550241880e+02 +1.550241880e+02
962 0 +2.149432278e+00 +1.548594323e+02 +1.548594323e+02
1009 0 +2.116537059e+00 +1.548265371e+02 +1.548265371e+02
1025 0 +2.069393672e+00 +1.547793937e+02 +1.547793937e+02
1073 0 +2.022978496e+00 +1.547329785e+02 +1.547329785e+02
1105 0 +1.993822740e+00 +1.547038227e+02 +1.547038227e+02
1121 0 +1.928862468e+00 +1.546388625e+02 +1.546388625e+02
1137 0 +1.685719787e+00 +1.543957198e+02 +1.543957198e+02
1169 0 +1.468500817e+00 +1.541785008e+02 +1.541785008e+02
1185 0 +1.435426449e+00 +1.541454264e+02 +1.541454264e+02
1201 0 +1.376602594e+00 +1.540866026e+02 +1.540866026e+02
1217 0 +1.337343520e+00 +1.540473435e+02 +1.540473435e+02
1281 0 +1.315758714e+00 +1.540257587e+02 +1.540257587e+02
1297 0 +1.140499840e+00 +1.538504998e+02 +1.538504998e+02
1329 0 +1.059002767e+00 +1.537690028e+02 +1.537690028e+02
1473 0 +9.964058764e-01 +1.537064059e+02 +1.537064059e+02
1489 0 +9.396911239e-01 +1.536496911e+02 +1.536496911e+02
1521 0 +9.279837998e-01 +1.536379838e+02 +1.536379838e+02
1569 0 +9.043970350e-01 +1.536143970e+02 +1.536143970e+02
1601 0 +8.883720451e-01 +1.535983720e+02 +1.535983720e+02
1649 0 +8.686751125e-01 +1.535786751e+02 +1.535786751e+02
1667 0 +8.449222569e-01 +1.535549223e+02 +1.535549223e+02
1697 0 +8.273340572e-01 +1.535373341e+02 +1.535373341e+02
1729 0 +8.124037446e-01 +1.535224037e+02 +1.535224037e+02
1761 0 +7.939776938e-01 +1.535039777e+02 +1.535039777e+02
1809 0 +7.669823715e-01 +1.534769824e+02 +1.534769824e+02
1857 0 +7.552724993e-01 +1.534652725e+02 +1.534652725e+02
1905 0 +7.396362668e-01 +1.534496363e+02 +1.534496363e+02
2001 0 +7.243680657e-01 +1.534343681e+02 +1.534343681e+02
2273 0 +7.073115315e-01 +1.534173115e+02 +1.534173115e+02
% f evaluations | g evaluations | best noise-free fitness - Fopt (9.980000000000e+01) + sum g_i+ | measured fitness | best measured fitness or single-digit g-values | x1 | x2...
1 0 +7.973996594e+01 +1.795399659e+02 +1.795399659e+02
2 0 +7.940194139e+01 +1.792019414e+02 +1.792019414e+02
14 0 +7.748342861e+01 +1.772834286e+02 +1.772834286e+02
69 0 +7.560531770e+01 +1.754053177e+02 +1.754053177e+02
111 0 +7.396081195e+01 +1.737608120e+02 +1.737608120e+02
172 0 +7.234400484e+01 +1.721440048e+02 +1.721440048e+02
185 0 +7.064384799e+01 +1.704438480e+02 +1.704438480e+02
227 0 +6.840690240e+01 +1.682069024e+02 +1.682069024e+02
264 0 +6.655375105e+01 +1.663537511e+02 +1.663537511e+02
277 0 +6.478795064e+01 +1.645879506e+02 +1.645879506e+02
297 0 +6.303421035e+01 +1.628342104e+02 +1.628342104e+02
322 0 +5.999131194e+01 +1.597913119e+02 +1.597913119e+02
334 0 +5.869810180e+01 +1.584981018e+02 +1.584981018e+02
346 0 +5.710750794e+01 +1.569075079e+02 +1.569075079e+02
368 0 +5.439085285e+01 +1.541908528e+02 +1.541908528e+02
374 0 +4.983110712e+01 +1.496311071e+02 +1.496311071e+02
389 0 +4.588526366e+01 +1.456852637e+02 +1.456852637e+02
411 0 +4.521118635e+01 +1.450111863e+02 +1.450111863e+02
416 0 +4.395595945e+01 +1.437559595e+02 +1.437559595e+02
465 0 +4.306614382e+01 +1.428661438e+02 +1.428661438e+02
481 0 +4.216867762e+01 +1.419686776e+02 +1.419686776e+02
484 0 +4.140089507e+01 +1.412008951e+02 +1.412008951e+02
497 0 +4.057388982e+01 +1.403738898e+02 +1.403738898e+02
513 0 +3.879502607e+01 +1.385950261e+02 +1.385950261e+02
522 0 +3.749851357e+01 +1.372985136e+02 +1.372985136e+02
529 0 +3.608905656e+01 +1.358890566e+02 +1.358890566e+02
537 0 +3.329160057e+01 +1.330916006e+02 +1.330916006e+02
540 0 +3.254600350e+01 +1.323460035e+02 +1.323460035e+02
545 0 +3.218543895e+01 +1.319854389e+02 +1.319854389e+02
552 0 +3.145020280e+01 +1.312502028e+02 +1.312502028e+02
577 0 +2.990172422e+01 +1.297017242e+02 +1.297017242e+02
609 0 +2.849634982e+01 +1.282963498e+02 +1.282963498e+02
625 0 +2.774428746e+01 +1.275442875e+02 +1.275442875e+02
641 0 +2.708380827e+01 +1.268838083e+02 +1.268838083e+02
647 0 +2.571912236e+01 +1.255191224e+02 +1.255191224e+02
657 0 +2.504325101e+01 +1.248432510e+02 +1.248432510e+02
689 0 +2.403263240e+01 +1.238326324e+02 +1.238326324e+02
705 0 +2.317268703e+01 +1.229726870e+02 +1.229726870e+02
737 0 +2.186960252e+01 +1.216696025e+02 +1.216696025e+02
753 0 +2.122378081e+01 +1.210237808e+02 +1.210237808e+02
769 0 +2.066751067e+01 +1.204675107e+02 +1.204675107e+02
771 0 +1.858886351e+01 +1.183888635e+02 +1.183888635e+02
801 0 +1.758705802e+01 +1.173870580e+02 +1.173870580e+02
817 0 +1.712685262e+01 +1.169268526e+02 +1.169268526e+02
833 0 +1.603668303e+01 +1.158366830e+02 +1.158366830e+02
840 0 +1.565003502e+01 +1.154500350e+02 +1.154500350e+02
849 0 +1.403322953e+01 +1.138332295e+02 +1.138332295e+02
897 0 +1.346473467e+01 +1.132647347e+02 +1.132647347e+02
913 0 +1.255335058e+01 +1.123533506e+02 +1.123533506e+02
945 0 +1.208564286e+01 +1.118856429e+02 +1.118856429e+02
961 0 +1.182827061e+01 +1.116282706e+02 +1.116282706e+02
977 0 +1.087655825e+01 +1.106765582e+02 +1.106765582e+02
1009 0 +1.071088735e+01 +1.105108874e+02 +1.105108874e+02
1025 0 +1.006038376e+01 +1.098603838e+02 +1.098603838e+02
1041 0 +9.599930073e+00 +1.093999301e+02 +1.093999301e+02
1066 0 +9.036144865e+00 +1.088361449e+02 +1.088361449e+02
1105 0 +8.574514290e+00 +1.083745143e+02 +1.083745143e+02
1121 0 +8.168293842e+00 +1.079682938e+02 +1.079682938e+02
1126 0 +7.975250921e+00 +1.077752509e+02 +1.077752509e+02
1137 0 +7.837021606e+00 +1.076370216e+02 +1.076370216e+02
1153 0 +7.292472311e+00 +1.070924723e+02 +1.070924723e+02
1185 0 +6.987242835e+00 +1.067872428e+02 +1.067872428e+02
1249 0 +6.908442850e+00 +1.067084428e+02 +1.067084428e+02
1281 0 +6.736626851e+00 +1.065366269e+02 +1.065366269e+02
1313 0 +6.494530901e+00 +1.062945309e+02 +1.062945309e+02
1329 0 +6.252191776e+00 +1.060521918e+02 +1.060521918e+02
1377 0 +6.028328836e+00 +1.058283288e+02 +1.058283288e+02
1393 0 +5.136147080e+00 +1.049361471e+02 +1.049361471e+02
1409 0 +4.992194278e+00 +1.047921943e+02 +1.047921943e+02
1425 0 +4.642800583e+00 +1.044428006e+02 +1.044428006e+02
1457 0 +4.434091194e+00 +1.042340912e+02 +1.042340912e+02
1473 0 +4.150815676e+00 +1.039508157e+02 +1.039508157e+02
1489 0 +3.714716015e+00 +1.035147160e+02 +1.035147160e+02
1633 0 +3.382180680e+00 +1.031821807e+02 +1.031821807e+02
1681 0 +3.161842980e+00 +1.029618430e+02 +1.029618430e+02
1713 0 +3.004383172e+00 +1.028043832e+02 +1.028043832e+02
1729 0 +2.943291911e+00 +1.027432919e+02 +1.027432919e+02
1743 0 +2.796110912e+00 +1.025961109e+02 +1.025961109e+02
1761 0 +2.743205487e+00 +1.025432055e+02 +1.025432055e+02
1793 0 +2.608983629e+00 +1.024089836e+02 +1.024089836e+02
1801 0 +2.534512501e+00 +1.023345125e+02 +1.023345125e+02
1809 0 +2.483921495e+00 +1.022839215e+02 +1.022839215e+02
1825 0 +2.417424724e+00 +1.022174247e+02 +1.022174247e+02
1841 0 +2.356979670e+00 +1.021569797e+02 +1.021569797e+02
1857 0 +2.318674401e+00 +1.021186744e+02 +1.021186744e+02
1873 0 +2.286447605e+00 +1.020864476e+02 +1.020864476e+02
1905 0 +2.235818747e+00 +1.020358187e+02 +1.020358187e+02
1937 0 +2.164217896e+00 +1.019642179e+02 +1.019642179e+02
1969 0 +2.125017073e+00 +1.019250171e+02 +1.019250171e+02
2081 0 +2.086059540e+00 +1.018860595e+02 +1.018860595e+02
2225 0 +2.040294009e+00 +1.018402940e+02 +1.018402940e+02
2721 0 +1.995221609e+00 +1.017952216e+02 +1.017952216e+02
% f evaluations | g evaluations | best noise-free fitness - Fopt (-1.194100000000e+02) + sum g_i+ | measured fitness | best measured fitness or single-digit g-values | x1 | x2...
1 0 +8.298042054e+01 -3.642957946e+01 -3.642957946e+01
2 0 +8.249888486e+01 -3.691111514e+01 -3.691111514e+01
55 0 +8.124243881e+01 -3.816756119e+01 -3.816756119e+01
130 0 +7.920965197e+01 -4.020034803e+01 -4.020034803e+01
164 0 +7.757713779e+01 -4.183286221e+01 -4.183286221e+01
235 0 +7.566063543e+01 -4.374936457e+01 -4.374936457e+01
265 0 +7.354684724e+01 -4.586315276e+01 -4.586315276e+01
310 0 +7.224430298e+01 -4.716569702e+01 -4.716569702e+01
332 0 +7.006576725e+01 -4.934423275e+01 -4.934423275e+01
340 0 +6.799209462e+01 -5.141790538e+01 -5.141790538e+01
371 0 +6.672757550e+01 -5.268242450e+01 -5.268242450e+01
395 0 +6.593765148e+01 -5.347234852e+01 -5.347234852e+01
412 0 +6.221148302e+01 -5.719851698e+01 -5.719851698e+01
419 0 +6.160820511e+01 -5.780179489e+01 -5.780179489e+01
437 0 +5.983618880e+01 -5.957381120e+01 -5.957381120e+01
442 0 +5.721773581e+01 -6.219226419e+01 -6.219226419e+01
444 0 +5.414480116e+01 -6.526519884e+01 -6.526519884e+01
458 0 +5.185940510e+01 -6.755059490e+01 -6.755059490e+01
477 0 +4.840990596e+01 -7.100009404e+01 -7.100009404e+01
482 0 +4.302886789e+01 -7.638113211e+01 -7.638113211e+01
513 0 +4.128143110e+01 -7.812856890e+01 -7.812856890e+01
514 0 +3.475570686e+01 -8.465429314e+01 -8.465429314e+01
528 0 +3.351085069e+01 -8.589914931e+01 -8.589914931e+01
532 0 +2.971899331e+01 -8.969100669e+01 -8.969100669e+01
545 0 +2.900423781e+01 -9.040576219e+01 -9.040576219e+01
547 0 +2.306782591e+01 -9.634217409e+01 -9.634217409e+01
579 0 +2.206238930e+01 -9.734761070e+01 -9.734761070e+01
587 0 +1.716063325e+01 -1.022493668e+02 -1.022493668e+02
602 0 +1.606256817e+01 -1.033474318e+02 -1.033474318e+02
609 0 +1.571003232e+01 -1.036999677e+02 -1.036999677e+02
625 0 +1.295474110e+01 -1.064552589e+02 -1.064552589e+02
629 0 +1.171447184e+01 -1.076955282e+02 -1.076955282e+02
641 0 +1.029295837e+01 -1.091170416e+02 -1.091170416e+02
657 0 +9.515349498e+00 -1.098946505e+02 -1.098946505e+02
673 0 +8.540365689e+00 -1.108696343e+02 -1.108696343e+02
705 0 +8.149335970e+00 -1.112606640e+02 -1.112606640e+02
737 0 +6.797883170e+00 -1.126121168e+02 -1.126121168e+02
753 0 +5.774712003e+00 -1.136352880e+02 -1.136352880e+02
785 0 +4.936752359e+00 -1.144732476e+02 -1.144732476e+02
865 0 +4.838943047e+00 -1.145710570e+02 -1.145710570e+02
877 0 +4.332228085e+00 -1.150777719e+02 -1.150777719e+02
881 0 +4.163069445e+00 -1.152469306e+02 -1.152469306e+02
897 0 +3.726179485e+00 -1.156838205e+02 -1.156838205e+02
913 0 +3.192688182e+00 -1.162173118e+02 -1.162173118e+02
945 0 +2.978449344e+00 -1.164315507e+02 -1.164315507e+02
961 0 +2.755463295e+00 -1.166545367e+02 -1.166545367e+02
977 0 +2.558398506e+00 -1.168516015e+02 -1.168516015e+02
993 0 +2.220803478e+00 -1.171891965e+02 -1.171891965e+02
1025 0 +2.151556880e+00 -1.172584431e+02 -1.172584431e+02
1041 0 +2.112947401e+00 -1.172970526e+02 -1.172970526e+02
1057 0 +2.051868851e+00 -1.173581311e+02 -1.173581311e+02
1137 0 +1.993484977e+00 -1.174165150e+02 -1.174165150e+02
1169 0 +1.912962964e+00 -1.174970370e+02 -1.174970370e+02
1185 0 +1.884162852e+00 -1.175258371e+02 -1.175258371e+02
1201 0 +1.751736390e+00 -1.176582636e+02 -1.176582636e+02
1281 0 +1.706471400e+00 -1.177035286e+02 -1.177035286e+02
1297 0 +1.504071907e+00 -1.179059281e+02 -1.179059281e+02
1313 0 +1.414031184e+00 -1.179959688e+02 -1.179959688e+02
1329 0 +1.305078718e+00 -1.181049213e+02 -1.181049213e+02
1393 0 +1.219208319e+00 -1.181907917e+02 -1.181907917e+02
1489 0 +1.120976542e+00 -1.182890235e+02 -1.182890235e+02
1537 0 +1.083800175e+00 -1.183261998e+02 -1.183261998e+02
1553 0 +1.052000816e+00 -1.183579992e+02 -1.183579992e+02
1569 0 +9.955970506e-01 -1.184144029e+02 -1.184144029e+02
1667 0 +9.734932457e-01 -1.184365068e+02 -1.184365068e+02
1681 0 +9.401741807e-01 -1.184698258e+02 -1.184698258e+02
1697 0 +9.066089057e-01 -1.185033911e+02 -1.185033911e+02
1713 0 +8.811016190e-01 -1.185288984e+02 -1.185288984e+02
1745 0 +8.424160477e-01 -1.185675840e+02 -1.185675840e+02
1793 0 +8.120203060e-01 -1.185979797e+02 -1.185979797e+02
1809 0 +7.902894935e-01 -1.186197105e+02 -1.186197105e+02
1889 0 +7.562265262e-01 -1.186537735e+02 -1.186537735e+02
1953 0 +7.386218943e-01 -1.186713781e+02 -1.186713781e+02
2049 0 +7.237405300e-01 -1.186862595e+02 -1.186862595e+02
2289 0 +7.069241285e-01 -1.187030759e+02 -1.187030759e+02
% f evaluations | g evaluations | best noise-free fitness - Fopt (1.077000000000e+01) + sum g_i+ | measured fitness | best measured fitness or single-digit g-values | x1 | x2...
1 0 +8.333343445e+01 +9.410343445e+01 +9.410343445e+01
3 0 +8.305503070e+01 +9.382503070e+01 +9.382503070e+01
86 0 +8.106165484e+01 +9.183165484e+01 +9.183165484e+01
152 0 +7.919962369e+01 +8.996962369e+01 +8.996962369e+01
204 0 +7.651790643e+01 +8.728790643e+01 +8.728790643e+01
235 0 +7.584803806e+01 +8.661803806e+01 +8.661803806e+01
293 0 +7.324627972e+01 +8.401627972e+01 +8.401627972e+01
311 0 +7.238809530e+01 +8.315809530e+01 +8.315809530e+01
316 0 +7.033643018e+01 +8.110643018e+01 +8.110643018e+01
376 0 +6.886746466e+01 +7.963746466e+01 +7.963746466e+01
402 0 +6.742778211e+01 +7.819778211e+01 +7.819778211e+01
403 0 +6.521523836e+01 +7.598523836e+01 +7.598523836e+01
434 0 +6.279702830e+01 +7.356702830e+01 +7.356702830e+01
456 0 +5.824567874e+01 +6.901567874e+01 +6.901567874e+01
482 0 +5.615364971e+01 +6.692364971e+01 +6.692364971e+01
485 0 +5.059900651e+01 +6.136900651e+01 +6.136900651e+01
514 0 +4.684829187e+01 +5.761829187e+01 +5.761829187e+01
527 0 +4.354691394e+01 +5.431691394e+01 +5.431691394e+01
553 0 +3.724716982e+01 +4.801716982e+01 +4.801716982e+01
581 0 +3.610642036e+01 +4.687642036e+01 +4.687642036e+01
625 0 +3.386693038e+01 +4.463693038e+01 +4.463693038e+01
635 0 +3.133639000e+01 +4.210639000e+01 +4.210639000e+01
657 0 +2.972170181e+01 +4.049170181e+01 +4.049170181e+01
673 0 +2.686059403e+01 +3.763059403e+01 +3.763059403e+01
721 0 +2.556122748e+01 +3.633122748e+01 +3.633122748e+01
737 0 +2.376678647e+01 +3.453678647e+01 +3.453678647e+01
785 0 +2.272023919e+01 +3.349023919e+01 +3.349023919e+01
801 0 +2.107383305e+01 +3.184383305e+01 +3.184383305e+01
817 0 +2.031250148e+01 +3.108250148e+01 +3.108250148e+01
833 0 +1.942982222e+01 +3.019982222e+01 +3.019982222e+01
881 0 +1.832174220e+01 +2.909174220e+01 +2.909174220e+01
897 0 +1.767217764e+01 +2.844217764e+01 +2.844217764e+01
912 0 +1.730245529e+01 +2.807245529e+01 +2.807245529e+01
913 0 +1.683004933e+01 +2.760004933e+01 +2.760004933e+01
929 0 +1.656169375e+01 +2.733169375e+01 +2.733169375e+01
1169 0 +1.609462508e+01 +2.686462508e+01 +2.686462508e+01
1329 0 +1.560810870e+01 +2.637810870e+01 +2.637810870e+01
1409 0 +1.544525180e+01 +2.621525180e+01 +2.621525180e+01
1489 0 +1.506889835e+01 +2.583889835e+01 +2.583889835e+01
1697 0 +1.479066818e+01 +2.556066818e+01 +2.556066818e+01
% f evaluations | g evaluations | best noise-free fitness - Fopt (2.137000000000e+01) + sum g_i+ | measured fitness | best measured fitness or single-digit g-values | x1 | x2...
1 0 +8.328308459e+01 +1.046530846e+02 +1.046530846e+02
4 0 +8.285626719e+01 +1.042262672e+02 +1.042262672e+02
80 0 +8.098626610e+01 +1.023562661e+02 +1.023562661e+02
163 0 +7.872770709e+01 +1.000977071e+02 +1.000977071e+02
202 0 +7.728923268e+01 +9.865923268e+01 +9.865923268e+01
242 0 +7.522269979e+01 +9.659269979e+01 +9.659269979e+01
300 0 +7.370513832e+01 +9.507513832e+01 +9.507513832e+01
332 0 +7.204309724e+01 +9.341309724e+01 +9.341309724e+01
382 0 +6.928543511e+01 +9.065543511e+01 +9.065543511e+01
398 0 +6.882888966e+01 +9.019888966e+01 +9.019888966e+01
425 0 +6.665841740e+01 +8.802841740e+01 +8.802841740e+01
432 0 +6.552454925e+01 +8.689454925e+01 +8.689454925e+01
437 0 +6.167327464e+01 +8.304327464e+01 +8.304327464e+01
494 0 +6.158240628e+01 +8.295240628e+01 +8.295240628e+01
498 0 +6.024483158e+01 +8.161483158e+01 +8.161483158e+01
499 0 +5.742396918e+01 +7.879396918e+01 +7.879396918e+01
514 0 +4.330166795e+01 +6.467166795e+01 +6.467166795e+01
554 0 +4.117769941e+01 +6.254769941e+01 +6.254769941e+01
561 0 +4.038328788e+01 +6.175328788e+01 +6.175328788e+01
562 0 +3.912432677e+01 +6.049432677e+01 +6.049432677e+01
577 0 +3.825427516e+01 +5.962427516e+01 +5.962427516e+01
578 0 +3.578809482e+01 +5.715809482e+01 +5.715809482e+01
581 0 +3.291600206e+01 +5.428600206e+01 +5.428600206e+01
593 0 +3.179905958e+01 +5.316905958e+01 +5.316905958e+01
594 0 +2.653087384e+01 +4.790087384e+01 +4.790087384e+01
606 0 +2.607967779e+01 +4.744967779e+01 +4.744967779e+01
609 0 +2.535185614e+01 +4.672185614e+01 +4.672185614e+01
624 0 +2.401332565e+01 +4.538332565e+01 +4.538332565e+01
625 0 +2.307548504e+01 +4.444548504e+01 +4.444548504e+01
631 0 +2.244340312e+01 +4.381340312e+01 +4.381340312e+01
657 0 +2.187990047e+01 +4.324990047e+01 +4.324990047e+01
673 0 +1.933182699e+01 +4.070182699e+01 +4.070182699e+01
689 0 +1.668457119e+01 +3.805457119e+01 +3.805457119e+01
705 0 +1.518628835e+01 +3.655628835e+01 +3.655628835e+01
722 0 +1.470510325e+01 +3.607510325e+01 +3.607510325e+01
737 0 +1.367364841e+01 +3.504364841e+01 +3.504364841e+01
785 0 +1.230985632e+01 +3.367985632e+01 +3.367985632e+01
801 0 +1.121001013e+01 +3.258001013e+01 +3.258001013e+01
833 0 +1.055278048e+01 +3.192278048e+01 +3.192278048e+01
849 0 +1.030495462e+01 +3.167495462e+01 +3.167495462e+01
865 0 +9.205956385e+00 +3.057595639e+01 +3.057595639e+01
881 0 +8.624830882e+00 +2.999483088e+01 +2.999483088e+01
913 0 +8.260035506e+00 +2.963003551e+01 +2.963003551e+01
961 0 +8.126846546e+00 +2.949684655e+01 +2.949684655e+01
1025 0 +7.939107793e+00 +2.930910779e+01 +2.930910779e+01
1041 0 +7.665793035e+00 +2.903579304e+01 +2.903579304e+01
1057 0 +7.515056646e+00 +2.888505665e+01 +2.888505665e+01
1105 0 +7.335915293e+00 +2.870591529e+01 +2.870591529e+01
1137 0 +6.914480496e+00 +2.828448050e+01 +2.828448050e+01
1169 0 +6.760326908e+00 +2.813032691e+01 +2.813032691e+01
1201 0 +6.408819001e+00 +2.777881900e+01 +2.777881900e+01
1265 0 +6.271427613e+00 +2.764142761e+01 +2.764142761e+01
1297 0 +6.155543743e+00 +2.752554374e+01 +2.752554374e+01
1329 0 +6.015874303e+00 +2.738587430e+01 +2.738587430e+01
1393 0 +5.836250909e+00 +2.720625091e+01 +2.720625091e+01
1489 0 +5.673689315e+00 +2.704368932e+01 +2.704368932e+01
1505 0 +5.600539233e+00 +2.697053923e+01 +2.697053923e+01
1681 0 +5.439723939e+00 +2.680972394e+01 +2.680972394e+01
1761 0 +5.349313142e+00 +2.671931314e+01 +2.671931314e+01
1857 0 +5.222728016e+00 +2.659272802e+01 +2.659272802e+01
2033 0 +5.114293515e+00 +2.648429352e+01 +2.648429352e+01
% f evaluations | g evaluations | best noise-free fitness - Fopt (1.673000000000e+01) + sum g_i+ | measured fitness | best measured fitness or single-digit g-values | x1 | x2...
1 0 +8.290555338e+01 +9.963555338e+01 +9.963555338e+01
2 0 +8.260018607e+01 +9.933018607e+01 +9.933018607e+01
69 0 +8.119419152e+01 +9.792419152e+01 +9.792419152e+01
116 0 +7.940286664e+01 +9.613286664e+01 +9.613286664e+01
194 0 +7.742293530e+01 +9.415293530e+01 +9.415293530e+01
244 0 +7.508683563e+01 +9.181683563e+01 +9.181683563e+01
276 0 +7.321772670e+01 +8.994772670e+01 +8.994772670e+01
308 0 +7.090688430e+01 +8.763688430e+01 +8.763688430e+01
333 0 +6.947034838e+01 +8.620034838e+01 +8.620034838e+01
370 0 +6.883042523e+01 +8.556042523e+01 +8.556042523e+01
409 0 +6.638298182e+01 +8.311298182e+01 +8.311298182e+01
411 0 +6.601099167e+01 +8.274099167e+01 +8.274099167e+01
421 0 +6.372305784e+01 +8.045305784e+01 +8.045305784e+01
422 0 +6.250792428e+01 +7.923792428e+01 +7.923792428e+01
440 0 +6.070578320e+01 +7.743578320e+01 +7.743578320e+01
450 0 +5.692801077e+01 +7.365801077e+01 +7.365801077e+01
472 0 +5.526456044e+01 +7.199456044e+01 +7.199456044e+01
488 0 +5.456939015e+01 +7.129939015e+01 +7.129939015e+01
492 0 +5.313963171e+01 +6.986963171e+01 +6.986963171e+01
497 0 +5.219897971e+01 +6.892897971e+01 +6.892897971e+01
502 0 +4.936219090e+01 +6.609219090e+01 +6.609219090e+01
508 0 +3.508911420e+01 +5.181911420e+01 +5.181911420e+01
544 0 +3.426599679e+01 +5.099599679e+01 +5.099599679e+01
572 0 +3.052098826e+01 +4.725098826e+01 +4.725098826e+01
577 0 +2.950733909e+01 +4.623733909e+01 +4.623733909e+01
593 0 +2.610640854e+01 +4.283640854e+01 +4.283640854e+01
597 0 +2.470078385e+01 +4.143078385e+01 +4.143078385e+01
605 0 +2.443823847e+01 +4.116823847e+01 +4.116823847e+01
609 0 +2.152930890e+01 +3.825930890e+01 +3.825930890e+01
618 0 +2.049968861e+01 +3.722968861e+01 +3.722968861e+01
673 0 +1.996424386e+01 +3.669424386e+01 +3.669424386e+01
721 0 +1.990645291e+01 +3.663645291e+01 +3.663645291e+01
737 0 +1.906073935e+01 +3.579073935e+01 +3.579073935e+01
753 0 +1.873906916e+01 +3.546906916e+01 +3.546906916e+01
801 0 +1.794946436e+01 +3.467946436e+01 +3.467946436e+01
817 0 +1.670366220e+01 +3.343366220e+01 +3.343366220e+01
833 0 +1.521980178e+01 +3.194980178e+01 +3.194980178e+01
849 0 +1.331970131e+01 +3.004970131e+01 +3.004970131e+01
865 0 +1.260362973e+01 +2.933362973e+01 +2.933362973e+01
881 0 +1.193318048e+01 +2.866318048e+01 +2.866318048e+01
912 0 +1.162175880e+01 +2.835175880e+01 +2.835175880e+01
929 0 +1.133055472e+01 +2.806055472e+01 +2.806055472e+01
945 0 +1.093783204e+01 +2.766783204e+01 +2.766783204e+01
961 0 +9.526018420e+00 +2.625601842e+01 +2.625601842e+01
977 0 +8.628621764e+00 +2.535862176e+01 +2.535862176e+01
993 0 +8.323564673e+00 +2.505356467e+01 +2.505356467e+01
1025 0 +8.052204388e+00 +2.478220439e+01 +2.478220439e+01
1041 0 +7.780059960e+00 +2.451005996e+01 +2.451005996e+01
1057 0 +7.462548232e+00 +2.419254823e+01 +2.419254823e+01
1089 0 +7.085239486e+00 +2.381523949e+01 +2.381523949e+01
1105 0 +6.916632781e+00 +2.364663278e+01 +2.364663278e+01
1137 0 +6.485859265e+00 +2.321585927e+01 +2.321585927e+01
1169 0 +6.405940174e+00 +2.313594017e+01 +2.313594017e+01
1185 0 +5.983594000e+00 +2.271359400e+01 +2.271359400e+01
1201 0 +5.532870346e+00 +2.226287035e+01 +2.226287035e+01
1217 0 +5.288651613e+00 +2.201865161e+01 +2.201865161e+01
1249 0 +4.725942143e+00 +2.145594214e+01 +2.145594214e+01
1281 0 +4.478384002e+00 +2.120838400e+01 +2.120838400e+01
1313 0 +4.385034720e+00 +2.111503472e+01 +2.111503472e+01
1329 0 +3.999006901e+00 +2.072900690e+01 +2.072900690e+01
1361 0 +3.952994242e+00 +2.068299424e+01 +2.068299424e+01
1377 0 +3.873848199e+00 +2.060384820e+01 +2.060384820e+01
1393 0 +3.609838614e+00 +2.033983861e+01 +2.033983861e+01
1409 0 +3.464812788e+00 +2.019481279e+01 +2.019481279e+01
1473 0 +3.322313509e+00 +2.005231351e+01 +2.005231351e+01
1489 0 +3.095267060e+00 +1.982526706e+01 +1.982526706e+01
1569 0 +3.049240197e+00 +1.977924020e+01 +1.977924020e+01
1617 0 +3.018687503e+00 +1.974868750e+01 +1.974868750e+01
1697 0 +2.894718156e+00 +1.962471816e+01 +1.962471816e+01
1713 0 +2.882190315e+00 +1.961219031e+01 +1.961219031e+01
1793 0 +2.809696032e+00 +1.953969603e+01 +1.953969603e+01
1873 0 +2.748824745e+00 +1.947882475e+01 +1.947882475e+01
1937 0 +2.684427979e+00 +1.941442798e+01 +1.941442798e+01
2280 0 +2.628280328e+00 +1.935828033e+01 +1.935828033e+01
% f evaluations | g evaluations | best noise-free fitness - Fopt (1.000000000000e+03) + sum g_i+ | measured fitness | best measured fitness or single-digit g-values | x1 | x2...
1 0 +8.368313818e+01 +1.083683138e+03 +1.083683138e+03
2 0 +8.351376079e+01 +1.083513761e+03 +1.083513761e+03
7 0 +8.306582723e+01 +1.083065827e+03 +1.083065827e+03
164 0 +8.085523746e+01 +1.080855237e+03 +1.080855237e+03
232 0 +7.878242862e+01 +1.078782429e+03 +1.078782429e+03
278 0 +7.745979145e+01 +1.077459791e+03 +1.077459791e+03
306 0 +7.570482784e+01 +1.075704828e+03 +1.075704828e+03
349 0 +7.409310504e+01 +1.074093105e+03 +1.074093105e+03
390 0 +7.199722900e+01 +1.071997229e+03 +1.071997229e+03
402 0 +6.995127055e+01 +1.069951271e+03 +1.069951271e+03
434 0 +6.889371346e+01 +1.068893713e+03 +1.068893713e+03
481 0 +6.756698101e+01 +1.067566981e+03 +1.067566981e+03
507 0 +6.522764182e+01 +1.065227642e+03 +1.065227642e+03
524 0 +6.341146685e+01 +1.063411467e+03 +1.063411467e+03
543 0 +6.255685987e+01 +1.062556860e+03 +1.062556860e+03
561 0 +6.157148708e+01 +1.061571487e+03 +1.061571487e+03
577 0 +5.986541873e+01 +1.059865419e+03 +1.059865419e+03
593 0 +5.857026795e+01 +1.058570268e+03 +1.058570268e+03
625 0 +5.737566265e+01 +1.057375663e+03 +1.057375663e+03
657 0 +5.533767893e+01 +1.055337679e+03 +1.055337679e+03
673 0 +5.447704689e+01 +1.054477047e+03 +1.054477047e+03
721 0 +5.341301218e+01 +1.053413012e+03 +1.053413012e+03
785 0 +5.092727465e+01 +1.050927275e+03 +1.050927275e+03
801 0 +4.991622656e+01 +1.049916227e+03 +1.049916227e+03
833 0 +4.813378707e+01 +1.048133787e+03 +1.048133787e+03
849 0 +4.689351471e+01 +1.046893515e+03 +1.046893515e+03
913 0 +4.639068684e+01 +1.046390687e+03 +1.046390687e+03
1089 0 +4.567084906e+01 +1.045670849e+03 +1.045670849e+03
1201 0 +4.450404837e+01 +1.044504048e+03 +1.044504048e+03
1425 0 +4.360535150e+01 +1.043605351e+03 +1.043605351e+03
% f evaluations | g evaluations | best noise-free fitness - Fopt (-1.079600000000e+02) + sum g_i+ | measured fitness | best measured fitness or single-digit g-values | x1 | x2...
1 0 +8.402732634e+01 -2.393267366e+01 -2.393267366e+01
7 0 +8.399290932e+01 -2.396709068e+01 -2.396709068e+01
91 0 +8.231778618e+01 -2.564221382e+01 -2.564221382e+01
163 0 +8.122988557e+01 -2.673011443e+01 -2.673011443e+01
267 0 +7.942138330e+01 -2.853861670e+01 -2.853861670e+01
329 0 +7.761750555e+01 -3.034249445e+01 -3.034249445e+01
367 0 +7.515021875e+01 -3.280978125e+01 -3.280978125e+01
386 0 +7.352458874e+01 -3.443541126e+01 -3.443541126e+01
435 0 +7.163967775e+01 -3.632032225e+01 -3.632032225e+01
455 0 +6.998479245e+01 -3.797520755e+01 -3.797520755e+01
483 0 +6.701501058e+01 -4.094498942e+01 -4.094498942e+01
517 0 +6.532478753e+01 -4.263521247e+01 -4.263521247e+01
556 0 +6.212692488e+01 -4.583307512e+01 -4.583307512e+01
562 0 +6.155634468e+01 -4.640365532e+01 -4.640365532e+01
587 0 +5.670725456e+01 -5.125274544e+01 -5.125274544e+01
610 0 +5.259221325e+01 -5.536778675e+01 -5.536778675e+01
625 0 +5.240652333e+01 -5.555347667e+01 -5.555347667e+01
626 0 +5.020962163e+01 -5.775037837e+01 -5.775037837e+01
641 0 +4.799397246e+01 -5.996602754e+01 -5.996602754e+01
642 0 +4.210306231e+01 -6.585693769e+01 -6.585693769e+01
673 0 +3.810339339e+01 -6.985660661e+01 -6.985660661e+01
705 0 +3.704812867e+01 -7.091187133e+01 -7.091187133e+01
721 0 +3.617426212e+01 -7.178573788e+01 -7.178573788e+01
737 0 +3.435422281e+01 -7.360577719e+01 -7.360577719e+01
782 0 +3.268698512e+01 -7.527301488e+01 -7.527301488e+01
785 0 +3.006748275e+01 -7.789251725e+01 -7.789251725e+01
801 0 +2.748406341e+01 -8.047593659e+01 -8.047593659e+01
817 0 +2.648575960e+01 -8.147424040e+01 -8.147424040e+01
833 0 +2.447302878e+01 -8.348697122e+01 -8.348697122e+01
849 0 +2.359238904e+01 -8.436761096e+01 -8.436761096e+01
881 0 +2.236004179e+01 -8.559995821e+01 -8.559995821e+01
897 0 +2.133211548e+01 -8.662788452e+01 -8.662788452e+01
913 0 +2.057666774e+01 -8.738333226e+01 -8.738333226e+01
961 0 +2.001834307e+01 -8.794165693e+01 -8.794165693e+01
977 0 +1.963386959e+01 -8.832613041e+01 -8.832613041e+01
993 0 +1.911988246e+01 -8.884011754e+01 -8.884011754e+01
1025 0 +1.826465330e+01 -8.969534670e+01 -8.969534670e+01
1105 0 +1.815156253e+01 -8.980843747e+01 -8.980843747e+01
1121 0 +1.755576097e+01 -9.040423903e+01 -9.040423903e+01
1137 0 +1.666062963e+01 -9.129937037e+01 -9.129937037e+01
1153 0 +1.612046015e+01 -9.183953985e+01 -9.183953985e+01
1169 0 +1.554317402e+01 -9.241682598e+01 -9.241682598e+01
1185 0 +1.532393863e+01 -9.263606137e+01 -9.263606137e+01
1201 0 +1.480693805e+01 -9.315306195e+01 -9.315306195e+01
1217 0 +1.439520820e+01 -9.356479180e+01 -9.356479180e+01
1249 0 +1.389660342e+01 -9.406339658e+01 -9.406339658e+01
1281 0 +1.347317049e+01 -9.448682951e+01 -9.448682951e+01
1329 0 +1.317853447e+01 -9.478146553e+01 -9.478146553e+01
1361 0 +1.268844192e+01 -9.527155808e+01 -9.527155808e+01
1377 0 +1.249854537e+01 -9.546145463e+01 -9.546145463e+01
1425 0 +1.224552668e+01 -9.571447332e+01 -9.571447332e+01
1505 0 +1.195839593e+01 -9.600160407e+01 -9.600160407e+01
1537 0 +1.173318430e+01 -9.622681570e+01 -9.622681570e+01
1697 0 +1.147817988e+01 -9.648182012e+01 -9.648182012e+01
2017 0 +1.121931139e+01 -9.674068861e+01 -9.674068861e+01
% f evaluations | g evaluations | best noise-free fitness - Fopt (-3.025900000000e+02) + sum g_i+ | measured fitness | best measured fitness or single-digit g-values | x1 | x2...
1 0 +8.410196611e+01 -2.184880339e+02 -2.184880339e+02
7 0 +8.401701175e+01 -2.185729883e+02 -2.185729883e+02
23 0 +8.308326018e+01 -2.195067398e+02 -2.195067398e+02
94 0 +8.118110777e+01 -2.214088922e+02 -2.214088922e+02
151 0 +7.903017561e+01 -2.235598244e+02 -2.235598244e+02
196 0 +7.748525938e+01 -2.251047406e+02 -2.251047406e+02
247 0 +7.583248843e+01 -2.267575116e+02 -2.267575116e+02
279 0 +7.338203941e+01 -2.292079606e+02 -2.292079606e+02
280 0 +7.177963063e+01 -2.308103694e+02 -2.308103694e+02
313 0 +6.969204109e+01 -2.328979589e+02 -2.328979589e+02
346 0 +6.916103406e+01 -2.334289659e+02 -2.334289659e+02
389 0 +6.511691750e+01 -2.374730825e+02 -2.374730825e+02
408 0 +6.390487657e+01 -2.386851234e+02 -2.386851234e+02
423 0 +5.933895155e+01 -2.432510484e+02 -2.432510484e+02
475 0 +5.384440910e+01 -2.487455909e+02 -2.487455909e+02
490 0 +5.171826596e+01 -2.508717340e+02 -2.508717340e+02
505 0 +4.331260310e+01 -2.592773969e+02 -2.592773969e+02
528 0 +4.212423378e+01 -2.604657662e+02 -2.604657662e+02
539 0 +3.883091081e+01 -2.637590892e+02 -2.637590892e+02
557 0 +3.264818005e+01 -2.699418200e+02 -2.699418200e+02
593 0 +3.145774485e+01 -2.711322552e+02 -2.711322552e+02
609 0 +2.722953984e+01 -2.753604602e+02 -2.753604602e+02
625 0 +2.581435368e+01 -2.767756463e+02 -2.767756463e+02
641 0 +2.420740344e+01 -2.783825966e+02 -2.783825966e+02
645 0 +2.079005464e+01 -2.817999454e+02 -2.817999454e+02
673 0 +1.935715413e+01 -2.832328459e+02 -2.832328459e+02
689 0 +1.688398796e+01 -2.857060120e+02 -2.857060120e+02
705 0 +1.423935794e+01 -2.883506421e+02 -2.883506421e+02
721 0 +1.199354523e+01 -2.905964548e+02 -2.905964548e+02
737 0 +1.018911559e+01 -2.924008844e+02 -2.924008844e+02
753 0 +9.655381812e+00 -2.929346182e+02 -2.929346182e+02
785 0 +8.642468011e+00 -2.939475320e+02 -2.939475320e+02
801 0 +8.229782910e+00 -2.943602171e+02 -2.943602171e+02
817 0 +7.910330156e+00 -2.946796698e+02 -2.946796698e+02
833 0 +7.348065382e+00 -2.952419346e+02 -2.952419346e+02
849 0 +6.343438680e+00 -2.962465613e+02 -2.962465613e+02
881 0 +6.293990414e+00 -2.962960096e+02 -2.962960096e+02
897 0 +6.018167202e+00 -2.965718328e+02 -2.965718328e+02
913 0 +5.642405748e+00 -2.969475943e+02 -2.969475943e+02
929 0 +5.276789271e+00 -2.973132107e+02 -2.973132107e+02
945 0 +4.835789007e+00 -2.977542110e+02 -2.977542110e+02
977 0 +3.455011737e+00 -2.991349883e+02 -2.991349883e+02
993 0 +3.205120040e+00 -2.993848800e+02 -2.993848800e+02
1009 0 +2.884331066e+00 -2.997056689e+02 -2.997056689e+02
1024 0 +2.713193162e+00 -2.998768068e+02 -2.998768068e+02
1041 0 +2.407155250e+00 -3.001828448e+02 -3.001828448e+02
1057 0 +2.385052591e+00 -3.002049474e+02 -3.002049474e+02
1105 0 +2.173921052e+00 -3.004160789e+02 -3.004160789e+02
1137 0 +2.047716378e+00 -3.005422836e+02 -3.005422836e+02
1153 0 +2.025601100e+00 -3.005643989e+02 -3.005643989e+02
1169 0 +1.980220369e+00 -3.006097796e+02 -3.006097796e+02
1185 0 +1.908996817e+00 -3.006810032e+02 -3.006810032e+02
1281 0 +1.857119056e+00 -3.007328809e+02 -3.007328809e+02
1297 0 +1.814436817e+00 -3.007755632e+02 -3.007755632e+02
1345 0 +1.712602410e+00 -3.008773976e+02 -3.008773976e+02
1377 0 +1.663335727e+00 -3.009266643e+02 -3.009266643e+02
1393 0 +1.588518050e+00 -3.010014819e+02 -3.010014819e+02
1425 0 +1.485367031e+00 -3.011046330e+02 -3.011046330e+02
1475 0 +1.448726419e+00 -3.011412736e+02 -3.011412736e+02
1489 0 +1.406639617e+00 -3.011833604e+02 -3.011833604e+02
1505 0 +1.353291186e+00 -3.012367088e+02 -3.012367088e+02
1521 0 +1.277457056e+00 -3.013125429e+02 -3.013125429e+02
1569 0 +1.253354405e+00 -3.013366456e+02 -3.013366456e+02
1601 0 +1.222589818e+00 -3.013674102e+02 -3.013674102e+02
1649 0 +1.188690424e+00 -3.014013096e+02 -3.014013096e+02
1665 0 +1.157614967e+00 -3.014323850e+02 -3.014323850e+02
1681 0 +1.111290149e+00 -3.014787099e+02 -3.014787099e+02
1697 0 +1.061903219e+00 -3.015280968e+02 -3.015280968e+02
1713 0 +1.046121000e+00 -3.015438790e+02 -3.015438790e+02
1729 0 +1.008032055e+00 -3.015819679e+02 -3.015819679e+02
1745 0 +9.736127710e-01 -3.016163872e+02 -3.016163872e+02
1777 0 +9.529480560e-01 -3.016370519e+02 -3.016370519e+02
1809 0 +9.180231987e-01 -3.016719768e+02 -3.016719768e+02
1889 0 +9.064874807e-01 -3.016835125e+02 -3.016835125e+02
1905 0 +8.901823280e-01 -3.016998177e+02 -3.016998177e+02
1978 0 +8.672349970e-01 -3.017227650e+02 -3.017227650e+02
2017 0 +8.439705172e-01 -3.017460295e+02 -3.017460295e+02
2065 0 +8.301825923e-01 -3.017598174e+02 -3.017598174e+02
2145 0 +8.121940081e-01 -3.017778060e+02 -3.017778060e+02
2225 0 +7.924633441e-01 -3.017975367e+02 -3.017975367e+02
2273 0 +7.744731586e-01 -3.018155268e+02 -3.018155268e+02
2305 0 +7.538928745e-01 -3.018361071e+02 -3.018361071e+02
2369 0 +7.410602953e-01 -3.018489397e+02 -3.018489397e+02
2529 0 +7.232184376e-01 -3.018667816e+02 -3.018667816e+02
2833 0 +7.070672080e-01 -3.018829328e+02 -3.018829328e+02
% f evaluations | g evaluations | best noise-free fitness - Fopt (-3.065500000000e+02) + sum g_i+ | measured fitness | best measured fitness or single-digit g-values | x1 | x2...
1 0 +8.471804842e+01 -2.218319516e+02 -2.218319516e+02
2 0 +8.423578421e+01 -2.223142158e+02 -2.223142158e+02
111 0 +8.272152484e+01 -2.238284752e+02 -2.238284752e+02
210 0 +8.126392015e+01 -2.252860799e+02 -2.252860799e+02
258 0 +7.897435787e+01 -2.275756421e+02 -2.275756421e+02
294 0 +7.726255842e+01 -2.292874416e+02 -2.292874416e+02
312 0 +7.585560107e+01 -2.306943989e+02 -2.306943989e+02
342 0 +7.361663073e+01 -2.329333693e+02 -2.329333693e+02
371 0 +7.218527250e+01 -2.343647275e+02 -2.343647275e+02
395 0 +7.018106340e+01 -2.363689366e+02 -2.363689366e+02
413 0 +6.866292991e+01 -2.378870701e+02 -2.378870701e+02
423 0 +6.744275686e+01 -2.391072431e+02 -2.391072431e+02
440 0 +6.502562345e+01 -2.415243766e+02 -2.415243766e+02
464 0 +6.219435760e+01 -2.443556424e+02 -2.443556424e+02
469 0 +5.928374946e+01 -2.472662505e+02 -2.472662505e+02
489 0 +5.710146497e+01 -2.494485350e+02 -2.494485350e+02
497 0 +5.487442060e+01 -2.516755794e+02 -2.516755794e+02
505 0 +4.854636712e+01 -2.580036329e+02 -2.580036329e+02
513 0 +4.736669029e+01 -2.591833097e+02 -2.591833097e+02
516 0 +4.408472918e+01 -2.624652708e+02 -2.624652708e+02
526 0 +3.621634842e+01 -2.703336516e+02 -2.703336516e+02
534 0 +3.287715849e+01 -2.736728415e+02 -2.736728415e+02
548 0 +3.157600303e+01 -2.749739970e+02 -2.749739970e+02
561 0 +2.690566254e+01 -2.796443375e+02 -2.796443375e+02
576 0 +2.610128439e+01 -2.804487156e+02 -2.804487156e+02
577 0 +2.358801794e+01 -2.829619821e+02 -2.829619821e+02
593 0 +2.162269467e+01 -2.849273053e+02 -2.849273053e+02
609 0 +1.774770066e+01 -2.888022993e+02 -2.888022993e+02
625 0 +1.528727108e+01 -2.912627289e+02 -2.912627289e+02
657 0 +1.379193032e+01 -2.927580697e+02 -2.927580697e+02
673 0 +1.159963761e+01 -2.949503624e+02 -2.949503624e+02
689 0 +9.930593311e+00 -2.966194067e+02 -2.966194067e+02
721 0 +9.198646360e+00 -2.973513536e+02 -2.973513536e+02
737 0 +8.862263548e+00 -2.976877365e+02 -2.976877365e+02
753 0 +8.199707657e+00 -2.983502923e+02 -2.983502923e+02
769 0 +7.570347141e+00 -2.989796529e+02 -2.989796529e+02
785 0 +6.463091710e+00 -3.000869083e+02 -3.000869083e+02
817 0 +6.304733376e+00 -3.002452666e+02 -3.002452666e+02
833 0 +5.740282718e+00 -3.008097173e+02 -3.008097173e+02
849 0 +4.257239755e+00 -3.022927602e+02 -3.022927602e+02
913 0 +4.138757088e+00 -3.024112429e+02 -3.024112429e+02
961 0 +3.334753870e+00 -3.032152461e+02 -3.032152461e+02
977 0 +2.577189470e+00 -3.039728105e+02 -3.039728105e+02
993 0 +2.398939042e+00 -3.041510610e+02 -3.041510610e+02
1105 0 +2.226096072e+00 -3.043239039e+02 -3.043239039e+02
1137 0 +2.086340053e+00 -3.044636599e+02 -3.044636599e+02
1169 0 +2.014326746e+00 -3.045356733e+02 -3.045356733e+02
1192 0 +1.979774557e+00 -3.045702254e+02 -3.045702254e+02
1201 0 +1.936876855e+00 -3.046131231e+02 -3.046131231e+02
1265 0 +1.835780171e+00 -3.047142198e+02 -3.047142198e+02
1281 0 +1.707876789e+00 -3.048421232e+02 -3.048421232e+02
1307 0 +1.684165481e+00 -3.048658345e+02 -3.048658345e+02
1313 0 +1.658319892e+00 -3.048916801e+02 -3.048916801e+02
1329 0 +1.498918614e+00 -3.050510814e+02 -3.050510814e+02
1393 0 +1.454241364e+00 -3.050957586e+02 -3.050957586e+02
1409 0 +1.384240475e+00 -3.051657595e+02 -3.051657595e+02
1425 0 +1.261659806e+00 -3.052883402e+02 -3.052883402e+02
1457 0 +1.234200574e+00 -3.053157994e+02 -3.053157994e+02
1473 0 +1.171778179e+00 -3.053782218e+02 -3.053782218e+02
1489 0 +1.045119595e+00 -3.055048804e+02 -3.055048804e+02
1505 0 +1.022283883e+00 -3.055277161e+02 -3.055277161e+02
1521 0 +9.653606638e-01 -3.055846393e+02 -3.055846393e+02
1569 0 +9.254810570e-01 -3.056245189e+02 -3.056245189e+02
1697 0 +9.073131040e-01 -3.056426869e+02 -3.056426869e+02
1729 0 +8.710403479e-01 -3.056789597e+02 -3.056789597e+02
1745 0 +8.481308116e-01 -3.057018692e+02 -3.057018692e+02
1777 0 +8.170305983e-01 -3.057329694e+02 -3.057329694e+02
1809 0 +8.073553660e-01 -3.057426446e+02 -3.057426446e+02
1857 0 +7.905748191e-01 -3.057594252e+02 -3.057594252e+02
1889 0 +7.665697831e-01 -3.057834302e+02 -3.057834302e+02
1905 0 +7.573851414e-01 -3.057926149e+02 -3.057926149e+02
1937 0 +7.398139804e-01 -3.058101860e+02 -3.058101860e+02
2017 0 +7.237763248e-01 -3.058262237e+02 -3.058262237e+02
2273 0 +7.064871833e-01 -3.058435128e+02 -3.058435128e+02
