% f evaluations | g evaluations | best noise-free fitness - Fopt (-1.000000000000e+03) + sum g_i+ | measured fitness | best measured fitness or single-digit g-values | x1 | x2...
1 0 +1.610802346e+01 -9.838919765e+02 -9.838919765e+02 +0.0000e+00 +0.0000e+00 +0.0000e+00
2 0 +9.931135627e+00 -9.900688644e+02 -9.900688644e+02 +4.3379e-01 +3.0692e-02 +9.8026e-02
16 0 +9.554577151e+00 -9.904454228e+02 -9.904454228e+02 +3.2107e-01 -8.9388e-03 -1.1213e-01
40 0 +9.508525688e+00 -9.904914743e+02 -9.904914743e+02 +4.6806e-01 +1.1570e-01 -8.8722e-03
190 0 +9.313177543e+00 -9.906868225e+02 -9.906868225e+02 +3.0955e-01 +3.1626e-02 -1.6347e-01
226 0 +9.000395661e+00 -9.909996043e+02 -9.909996043e+02 +4.5317e-01 +2.0678e-01 -6.4968e-01
235 0 +8.899071914e+00 -9.911009281e+02 -9.911009281e+02 +5.0710e-01 +2.7592e-01 -1.0992e+00
% f evaluations | g evaluations | best noise-free fitness - Fopt (1.000000000000e+03) + sum g_i+ | measured fitness | best measured fitness or single-digit g-values | x1 | x2...
1 0 +6.769756298e+01 +1.067697563e+03 +1.067697563e+03 +0.0000e+00 +0.0000e+00 +0.0000e+00
2 0 +5.619214261e+01 +1.056192143e+03 +1.056192143e+03 +4.3379e-01 +3.0692e-02 +9.8026e-02
3 0 +5.218778558e+01 +1.052187786e+03 +1.052187786e+03 +3.4094e-01 +2.4727e-01 +1.7369e-01
12 0 +4.873514037e+01 +1.048735140e+03 +1.048735140e+03 +1.9137e-01 +5.7273e-01 +1.5477e-01
15 0 +3.405272563e+01 +1.034052726e+03 +1.034052726e+03 +5.8775e-01 +3.1899e-01 +2.5651e-01
18 0 +2.998596170e+01 +1.029985962e+03 +1.029985962e+03 +6.3479e-01 +4.7565e-01 +5.9203e-01
25 0 +2.581150264e+01 +1.025811503e+03 +1.025811503e+03 +7.3191e-01 +6.8518e-01 +2.8179e-01
44 0 +2.448180096e+01 +1.024481801e+03 +1.024481801e+03 +8.9657e-01 +6.6982e-01 +1.4175e-01
106 0 +2.393045331e+01 +1.023930453e+03 +1.023930453e+03 +1.0023e+00 +3.2839e-01 +2.8168e-01
108 0 +2.302514198e+01 +1.023025142e+03 +1.023025142e+03 +1.0039e+00 +5.3544e-01 +7.5167e-03
129 0 +2.276044517e+01 +1.022760445e+03 +1.022760445e+03 +1.0096e+00 +3.7059e-01 +2.8024e-02
140 0 +2.228452791e+01 +1.022284528e+03 +1.022284528e+03 +9.9030e-01 +2.7748e-01 -3.7272e-01
145 0 +2.170240206e+01 +1.021702402e+03 +1.021702402e+03 +1.0122e+00 +3.7040e-01 -2.7957e-01
159 0 +2.024006988e+01 +1.020240070e+03 +1.020240070e+03 +1.0586e+00 +5.0577e-01 -7.3003e-01
191 0 +1.971234475e+01 +1.019712345e+03 +1.019712345e+03 +1.1807e+00 +3.0092e-01 -9.1780e-01
199 0 +1.947772641e+01 +1.019477726e+03 +1.019477726e+03 +1.1593e+00 +3.7600e-01 -9.7465e-01
216 0 +1.882267647e+01 +1.018822676e+03 +1.018822676e+03 +1.2894e+00 +3.1456e-01 -1.5703e+00
230 0 +1.854658552e+01 +1.018546586e+03 +1.018546586e+03 +1.2304e+00 +4.1852e-01 -1.6741e+00
% f evaluations | g evaluations | best noise-free fitness - Fopt (-4.913000000000e+01) + sum g_i+ | measured fitness | best measured fitness or single-digit g-values | x1 | x2...
1 0 +5.988076993e+01 +1.075076993e+01 +1.075076993e+01 +0.0000e+00 +0.0000e+00 +0.0000e+00
2 0 +4.590479979e+01 -3.225200205e+00 -3.225200205e+00 +4.3379e-01 +3.0692e-02 +9.8026e-02
3 0 +3.306063256e+01 -1.606936744e+01 -1.606936744e+01 +3.4094e-01 +2.4727e-01 +1.7369e-01
12 0 +3.050162921e+01 -1.862837079e+01 -1.862837079e+01 +1.9137e-01 +5.7273e-01 +1.5477e-01
14 0 +2.360492024e+01 -2.552507976e+01 -2.552507976e+01 +1.4638e-01 +2.5965e-01 +7.4977e-01
18 0 +1.214187711e+01 -3.698812289e+01 -3.698812289e+01 +5.1907e-01 +4.8685e-01 +9.4894e-01
27 0 +1.028369110e+01 -3.884630890e+01 -3.884630890e+01 +6.9169e-02 +4.9970e-01 +1.0007e+00
33 0 +9.960876051e+00 -3.916912395e+01 -3.916912395e+01 +4.7590e-01 +4.6434e-01 +9.9190e-01
38 0 +8.405475133e+00 -4.072452487e+01 -4.072452487e+01 +3.9178e-01 +3.3573e-01 +1.0970e+00
61 0 +8.264557794e+00 -4.086544221e+01 -4.086544221e+01 +8.4924e-01 +4.6155e-01 +2.4556e+00
63 0 +7.965023309e+00 -4.116497669e+01 -4.116497669e+01 +9.3556e-01 +3.3286e-01 +1.6754e+00
65 0 +7.943001811e+00 -4.118699819e+01 -4.118699819e+01 +6.7832e-01 +5.1256e-01 +1.6763e+00
78 0 +7.435966952e+00 -4.169403305e+01 -4.169403305e+01 +1.0781e+00 +2.2613e-01 +1.7559e+00
81 0 +6.949122332e+00 -4.218087767e+01 -4.218087767e+01 +6.6207e-01 +3.4770e-01 +1.3099e+00
82 0 +6.842853743e+00 -4.228714626e+01 -4.228714626e+01 +6.6067e-01 +3.3678e-01 +1.3054e+00
91 0 +2.531629012e+00 -4.659837099e+01 -4.659837099e+01 +4.9850e-01 +4.3977e-01 +1.6859e+00
110 0 +2.001054055e+00 -4.712894595e+01 -4.712894595e+01 +5.2151e-01 +4.3115e-01 +2.2413e+00
222 0 +1.994904963e+00 -4.713509504e+01 -4.713509504e+01 +8.1987e-01 +1.8141e-01 +2.1198e+00
% f evaluations | g evaluations | best noise-free fitness - Fopt (2.977300000000e+02) + sum g_i+ | measured fitness | best measured fitness or single-digit g-values | x1 | x2...
1 0 +4.847377275e+01 +3.462037728e+02 +3.462037728e+02 +0.0000e+00 +0.0000e+00 +0.0000e+00
5 0 +4.208380300e+01 +3.398138030e+02 +3.398138030e+02 -1.5359e-01 +2.4817e-01 +6.3376e-02
11 0 +3.571255917e+01 +3.334425592e+02 +3.334425592e+02 -3.4804e-01 +4.3509e-01 -7.0415e-02
12 0 +3.419308700e+01 +3.319230870e+02 +3.319230870e+02 -1.4582e-04 +6.4224e-01 +1.5181e-01
16 0 +3.213904871e+01 +3.298690487e+02 +3.298690487e+02 +3.0805e-01 +4.1548e-01 -5.9388e-02
19 0 +2.790879099e+01 +3.256387910e+02 +3.256387910e+02 -8.6557e-02 +8.9367e-01 -2.8600e-01
40 0 +2.575019996e+01 +3.234802000e+02 +3.234802000e+02 +7.8172e-02 +6.9992e-01 -2.9003e-01
44 0 +2.517112730e+01 +3.229011273e+02 +3.229011273e+02 +1.7375e-01 +6.1335e-01 -3.2067e-01
50 0 +2.422308227e+01 +3.219530823e+02 +3.219530823e+02 +1.5439e-01 +8.5645e-01 -3.1164e-01
64 0 +2.355074730e+01 +3.212807473e+02 +3.212807473e+02 +4.2695e-01 +6.7315e-01 -2.1334e-01
66 0 +2.238878695e+01 +3.201187869e+02 +3.201187869e+02 +3.6248e-01 +8.1111e-01 -2.4591e-01
67 0 +2.165328326e+01 +3.193832833e+02 +3.193832833e+02 +4.1934e-01 +7.1695e-01 -4.1790e-01
70 0 +1.944370756e+01 +3.171737076e+02 +3.171737076e+02 +6.4804e-01 +1.1375e+00 -1.6863e-01
77 0 +1.778677995e+01 +3.155167799e+02 +3.155167799e+02 +9.5123e-01 +1.5858e+00 -4.7149e-01
85 0 +1.435592004e+01 +3.120859200e+02 +3.120859200e+02 +1.1871e+00 +1.5044e+00 -2.6505e-01
94 0 +1.133182543e+01 +3.090618254e+02 +3.090618254e+02 +1.5324e+00 +2.3924e+00 -8.0359e-01
95 0 +1.100760536e+01 +3.087376054e+02 +3.087376054e+02 +1.3276e+00 +1.2243e+00 -4.7158e-01
102 0 +1.011202475e+01 +3.078420247e+02 +3.078420247e+02 +1.3668e+00 +1.2570e+00 -6.3016e-01
106 0 +8.300558526e+00 +3.060305585e+02 +3.060305585e+02 +1.6929e+00 +1.3101e+00 -6.6220e-01
117 0 +5.346167334e+00 +3.030761673e+02 +3.030761673e+02 +2.6158e+00 +1.4328e+00 -8.2735e-01
133 0 +3.625985756e+00 +3.013559858e+02 +3.013559858e+02 +2.9373e+00 +1.6469e+00 -9.4208e-01
157 0 +2.967018970e+00 +3.006970190e+02 +3.006970190e+02 +3.8070e+00 +1.8047e+00 -1.1666e+00
174 0 +2.628173882e+00 +3.003581739e+02 +3.003581739e+02 +2.8057e+00 +1.3369e+00 -1.1524e+00
177 0 +2.284336774e+00 +3.000143368e+02 +3.000143368e+02 +3.3121e+00 +1.7001e+00 -1.1616e+00
183 0 +2.201583893e+00 +2.999315839e+02 +2.999315839e+02 +3.0597e+00 +1.3951e+00 -1.2135e+00
185 0 +2.158024582e+00 +2.998880246e+02 +2.998880246e+02 +3.1507e+00 +1.5470e+00 -1.2258e+00
192 0 +1.994765744e+00 +2.997247657e+02 +2.997247657e+02 +3.6127e+00 +1.4230e+00 -1.5459e+00
% f evaluations | g evaluations | best noise-free fitness - Fopt (5.157000000000e+01) + sum g_i+ | measured fitness | best measured fitness or single-digit g-values | x1 | x2...
1 0 +6.905006003e+01 +1.206200600e+02 +1.206200600e+02 +0.0000e+00 +0.0000e+00 +0.0000e+00
2 0 +6.731999692e+01 +1.188899969e+02 +1.188899969e+02 +4.3379e-01 +3.0692e-02 +9.8026e-02
3 0 +6.492360161e+01 +1.164936016e+02 +1.164936016e+02 +3.4094e-01 +2.4727e-01 +1.7369e-01
14 0 +5.768207101e+01 +1.092520710e+02 +1.092520710e+02 -7.5250e-02 +2.8343e-01 +7.6804e-01
18 0 +5.563348850e+01 +1.072034885e+02 +1.072034885e+02 +1.2196e-01 +2.8723e-01 +8.3455e-01
27 0 +5.109768458e+01 +1.026676846e+02 +1.026676846e+02 -1.5475e-01 +4.8896e-01 +1.0861e+00
37 0 +3.226929587e+01 +8.383929587e+01 +8.383929587e+01 +8.1298e-01 +8.5251e-01 +2.3835e+00
60 0 +3.100750251e+01 +8.257750251e+01 +8.257750251e+01 +1.1421e+00 +1.0938e+00 +4.9952e+00
78 0 +2.651397300e+01 +7.808397300e+01 +7.808397300e+01 +2.3921e+00 +5.4086e-01 +5.2697e+00
92 0 +2.435378193e+01 +7.592378193e+01 +7.592378193e+01 +2.0139e+00 +4.9401e-01 +5.8676e+00
102 0 +2.270854678e+01 +7.427854678e+01 +7.427854678e+01 +1.7206e+00 +5.0825e-01 +4.5240e+00
109 0 +2.151165142e+01 +7.308165142e+01 +7.308165142e+01 +1.0855e+00 +3.7235e-01 +4.3299e+00
113 0 +1.843678460e+01 +7.000678460e+01 +7.000678460e+01 +1.5339e+00 +3.8179e-01 +4.5613e+00
119 0 +1.400426060e+01 +6.557426060e+01 +6.557426060e+01 +1.7198e+00 +2.9347e-01 +5.0473e+00
141 0 +1.175902837e+01 +6.332902837e+01 +6.332902837e+01 +1.4580e+00 +1.5821e-01 +4.9534e+00
144 0 +7.929046995e+00 +5.949904699e+01 +5.949904699e+01 +1.6366e+00 -3.1151e-01 +4.5159e+00
174 0 +7.126109197e+00 +5.869610920e+01 +5.869610920e+01 +1.4770e+00 -6.3954e-01 +4.2101e+00
183 0 +5.939588990e+00 +5.750958899e+01 +5.750958899e+01 +1.5662e+00 -6.8053e-01 +4.3103e+00
184 0 +5.273205546e+00 +5.684320555e+01 +5.684320555e+01 +1.7609e+00 -5.3856e-01 +4.7303e+00
186 0 +1.886219384e+00 +5.345621938e+01 +5.345621938e+01 +1.6993e+00 -1.2213e+00 +4.6057e+00
196 0 +1.715200299e+00 +5.328520030e+01 +5.328520030e+01 +1.9008e+00 -1.3355e+00 +4.5933e+00
202 0 +1.413931567e+00 +5.298393157e+01 +5.298393157e+01 +1.9255e+00 -1.5718e+00 +4.3989e+00
206 0 +1.257843684e+00 +5.282784368e+01 +5.282784368e+01 +1.7237e+00 -1.7113e+00 +4.2439e+00
241 0 +8.207279667e-01 +5.239072797e+01 +5.239072797e+01 +1.8281e+00 -2.0734e+00 +4.2639e+00
249 0 +7.429810332e-01 +5.231298103e+01 +5.231298103e+01 +1.9336e+00 -2.0753e+00 +4.4024e+00
387 0 +7.260945031e-01 +5.229609450e+01 +5.229609450e+01 +1.8990e+00 -2.0262e+00 +4.3711e+00
401 0 +7.131036501e-01 +5.228310365e+01 +5.228310365e+01 +1.9196e+00 -1.9619e+00 +4.4767e+00
408 0 +7.051994251e-01 +5.227519943e+01 +5.227519943e+01 +1.8373e+00 -1.8606e+00 +4.4560e+00
% f evaluations | g evaluations | best noise-free fitness - Fopt (1.527100000000e+02) + sum g_i+ | measured fitness | best measured fitness or single-digit g-values | x1 | x2...
1 0 +6.938188894e+01 +2.220918889e+02 +2.220918889e+02 +0.0000e+00 +0.0000e+00 +0.0000e+00
4 0 +6.579032656e+01 +2.185003266e+02 +2.185003266e+02 -1.1375e-01 -3.0566e-01 +1.1285e-01
35 0 +6.297679716e+01 +2.156867972e+02 +2.156867972e+02 -2.3123e-01 -4.0790e-01 -7.3308e-02
53 0 +6.027397568e+01 +2.129839757e+02 +2.129839757e+02 -5.8734e-01 -5.0090e-01 -2.0477e-01
59 0 +5.560001699e+01 +2.083100170e+02 +2.083100170e+02 -5.5625e-01 -6.6038e-01 -2.0440e-01
75 0 +4.850356237e+01 +2.012135624e+02 +2.012135624e+02 -5.3277e-01 -8.3018e-01 -3.7390e-01
76 0 +4.150333460e+01 +1.942133346e+02 +1.942133346e+02 -7.3891e-01 -1.0111e+00 -6.4234e-01
86 0 +3.110656606e+01 +1.838165661e+02 +1.838165661e+02 -7.1875e-01 -1.2878e+00 -5.1706e-01
90 0 +2.411018177e+01 +1.768201818e+02 +1.768201818e+02 -8.0801e-01 -1.5877e+00 -7.5539e-01
92 0 +1.912362619e+01 +1.718336262e+02 +1.718336262e+02 -7.1388e-01 -1.8082e+00 -5.2721e-01
102 0 +1.358317797e+01 +1.662931780e+02 +1.662931780e+02 -9.0376e-01 -2.6495e+00 -1.2313e+00
108 0 +9.104865581e+00 +1.618148656e+02 +1.618148656e+02 -8.8070e-01 -2.7056e+00 -1.7003e+00
156 0 +8.269822538e+00 +1.609798225e+02 +1.609798225e+02 -1.2096e+00 -2.9261e+00 -2.9649e-01
162 0 +8.121578423e+00 +1.608315784e+02 +1.608315784e+02 -1.1974e+00 -3.2855e+00 +1.2338e-01
166 0 +7.764661401e+00 +1.604746614e+02 +1.604746614e+02 -8.4468e-01 -2.8187e+00 -2.4605e-01
169 0 +7.710524324e+00 +1.604205243e+02 +1.604205243e+02 -1.0518e+00 -3.0338e+00 -3.8111e-02
170 0 +7.447847685e+00 +1.601578477e+02 +1.601578477e+02 -4.0886e-01 -2.2639e+00 +7.2141e-01
177 0 +4.807780797e+00 +1.575177808e+02 +1.575177808e+02 -5.2954e-01 -3.0414e+00 +5.5135e-01
185 0 +4.203862936e+00 +1.569138629e+02 +1.569138629e+02 -3.3197e-01 -3.0681e+00 +6.2148e-01
189 0 +3.747018774e+00 +1.564570188e+02 +1.564570188e+02 +6.4502e-01 -3.5172e+00 +1.8040e+00
201 0 +3.447480951e+00 +1.561574810e+02 +1.561574810e+02 +7.9725e-03 -2.9113e+00 +8.9775e-01
218 0 +2.882324794e+00 +1.555923248e+02 +1.555923248e+02 +3.3388e-01 -2.4896e+00 +1.9266e+00
233 0 +2.804755843e+00 +1.555147558e+02 +1.555147558e+02 -2.4096e-01 -2.4791e+00 +1.0911e+00
249 0 +2.622621038e+00 +1.553326210e+02 +1.553326210e+02 -1.1644e-01 -2.4690e+00 +1.2388e+00
277 0 +2.535233360e+00 +1.552452334e+02 +1.552452334e+02 +3.0463e-01 -2.1681e+00 +1.8032e+00
% f evaluations | g evaluations | best noise-free fitness - Fopt (9.980000000000e+01) + sum g_i+ | measured fitness | best measured fitness or single-digit g-values | x1 | x2...
1 0 +7.077945107e+01 +1.705794511e+02 +1.705794511e+02 +0.0000e+00 +0.0000e+00 +0.0000e+00
4 0 +6.260175073e+01 +1.624017507e+02 +1.624017507e+02 -1.1375e-01 -3.0566e-01 +1.1285e-01
10 0 +5.997380806e+01 +1.597738081e+02 +1.597738081e+02 -1.0156e-01 -2.9711e-01 +2.4293e-01
14 0 +5.543061551e+01 +1.552306155e+02 +1.552306155e+02 -2.5673e-02 -1.1762e-01 +6.1196e-01
27 0 +4.808681492e+01 +1.478868149e+02 +1.478868149e+02 -1.4649e-01 -1.3404e-01 +6.8255e-01
37 0 +3.940348653e+01 +1.392034865e+02 +1.392034865e+02 +4.4630e-01 -1.8018e-01 +1.3309e+00
54 0 +3.059856627e+01 +1.303985663e+02 +1.303985663e+02 +6.8505e-01 -9.2401e-02 +1.7791e+00
56 0 +2.099103504e+01 +1.207910350e+02 +1.207910350e+02 +1.2727e-01 -9.8285e-02 +1.6706e+00
70 0 +1.896324232e+01 +1.187632423e+02 +1.187632423e+02 +1.0285e+00 +1.3840e-01 +2.6102e+00
80 0 +3.632066832e+00 +1.034320668e+02 +1.034320668e+02 +6.2414e-01 +1.0276e-01 +3.5933e+00
85 0 +2.106578994e+00 +1.019065790e+02 +1.019065790e+02 +1.5020e+00 +4.0221e-01 +4.4638e+00
91 0 +1.633601588e+00 +1.014336016e+02 +1.014336016e+02 +1.2003e+00 +4.8042e-01 +5.2590e+00
141 0 +1.522495690e+00 +1.013224957e+02 +1.013224957e+02 +8.8642e-01 +2.7496e-01 +4.0736e+00
142 0 +1.284484341e+00 +1.010844843e+02 +1.010844843e+02 +1.3035e+00 +4.3146e-01 +4.7725e+00
153 0 +1.032907179e+00 +1.008329072e+02 +1.008329072e+02 +1.2198e+00 +4.1243e-01 +4.8162e+00
242 0 +9.949682468e-01 +1.007949682e+02 +1.007949682e+02 +1.2219e+00 +4.3370e-01 +4.8333e+00
254 0 +9.635145993e-01 +1.007635146e+02 +1.007635146e+02 +1.1649e+00 +3.9547e-01 +4.7431e+00
262 0 +8.830399768e-01 +1.006830400e+02 +1.006830400e+02 +1.1488e+00 +4.4085e-01 +4.8144e+00
270 0 +8.220628559e-01 +1.006220629e+02 +1.006220629e+02 +1.1207e+00 +4.3145e-01 +4.7790e+00
274 0 +8.112966485e-01 +1.006112966e+02 +1.006112966e+02 +1.1199e+00 +4.0969e-01 +4.7470e+00
293 0 +7.240460535e-01 +1.005240461e+02 +1.005240461e+02 +1.0179e+00 +3.9920e-01 +4.5767e+00
330 0 +6.943093235e-01 +1.004943093e+02 +1.004943093e+02 +9.9195e-01 +3.9069e-01 +4.5418e+00
344 0 +6.832680090e-01 +1.004832680e+02 +1.004832680e+02 +9.0774e-01 +3.5400e-01 +4.3662e+00
349 0 +6.341502853e-01 +1.004341503e+02 +1.004341503e+02 +8.7795e-01 +3.5134e-01 +4.3612e+00
355 0 +6.280048638e-01 +1.004280049e+02 +1.004280049e+02 +9.0441e-01 +3.6366e-01 +4.4225e+00
356 0 +5.703651983e-01 +1.003703652e+02 +1.003703652e+02 +8.1898e-01 +3.3588e-01 +4.3667e+00
372 0 +5.375367739e-01 +1.003375368e+02 +1.003375368e+02 +7.2242e-01 +3.1417e-01 +4.2763e+00
380 0 +5.289630905e-01 +1.003289631e+02 +1.003289631e+02 +7.6103e-01 +3.5340e-01 +4.3448e+00
384 0 +5.026519452e-01 +1.003026519e+02 +1.003026519e+02 +5.6202e-01 +2.9022e-01 +4.1224e+00
387 0 +4.905159891e-01 +1.002905160e+02 +1.002905160e+02 +5.3372e-01 +3.1048e-01 +4.1459e+00
390 0 +4.722499438e-01 +1.002722499e+02 +1.002722499e+02 +3.5954e-01 +2.6779e-01 +3.9280e+00
408 0 +3.923810675e-01 +1.001923811e+02 +1.001923811e+02 +2.4804e-01 +2.5505e-01 +4.0050e+00
415 0 +2.787841307e-01 +1.000787841e+02 +1.000787841e+02 +1.7478e-01 +2.7407e-01 +3.9245e+00
417 0 +2.672127638e-01 +1.000672128e+02 +1.000672128e+02 +2.6244e-02 +2.1371e-01 +3.7219e+00
418 0 +1.463778458e-01 +9.994637785e+01 +9.994637785e+01 -8.3036e-01 +5.6042e-02 +2.8112e+00
433 0 +1.426077787e-01 +9.994260778e+01 +9.994260778e+01 -4.4873e-01 +1.4170e-01 +3.2218e+00
434 0 +1.285469270e-01 +9.992854693e+01 +9.992854693e+01 -9.6080e-01 +3.1677e-02 +2.8312e+00
443 0 +1.109460894e-01 +9.991094609e+01 +9.991094609e+01 -1.2141e+00 -5.9137e-03 +2.5959e+00
461 0 +1.013469886e-01 +9.990134699e+01 +9.990134699e+01 -6.2089e-01 +1.3461e-01 +3.1443e+00
462 0 +8.192874509e-02 +9.988192875e+01 +9.988192875e+01 -1.0971e+00 +2.8157e-02 +2.7081e+00
468 0 +6.845887197e-02 +9.986845887e+01 +9.986845887e+01 -1.0557e+00 +4.6949e-02 +2.7390e+00
478 0 +5.809067817e-02 +9.985809068e+01 +9.985809068e+01 -1.1213e+00 +3.9226e-02 +2.6948e+00
482 0 +3.605202310e-02 +9.983605202e+01 +9.983605202e+01 -1.1121e+00 +6.0879e-02 +2.7756e+00
491 0 +1.906501707e-02 +9.981906502e+01 +9.981906502e+01 -1.0933e+00 +9.0327e-02 +2.8921e+00
493 0 +1.621127564e-02 +9.981621128e+01 +9.981621128e+01 -1.1497e+00 +7.5038e-02 +2.8528e+00
499 0 +4.590193877e-03 +9.980459019e+01 +9.980459019e+01 -1.6466e+00 +3.1608e-02 +2.4779e+00
514 0 +3.815576132e-03 +9.980381558e+01 +9.980381558e+01 -1.4693e+00 +7.1875e-02 +2.7362e+00
521 0 +3.531895220e-03 +9.980353190e+01 +9.980353190e+01 -1.4765e+00 +5.4259e-02 +2.6982e+00
532 0 +3.455103272e-04 +9.980034551e+01 +9.980034551e+01 -1.8493e+00 -9.0109e-03 +2.4201e+00
541 0 +2.763248889e-04 +9.980027632e+01 +9.980027632e+01 -1.9097e+00 -9.1341e-03 +2.3420e+00
548 0 +2.666118779e-04 +9.980026661e+01 +9.980026661e+01 -1.9923e+00 -2.4346e-02 +2.2567e+00
555 0 +2.369546592e-04 +9.980023695e+01 +9.980023695e+01 -1.9427e+00 -1.0292e-02 +2.3241e+00
561 0 +1.257914825e-04 +9.980012579e+01 +9.980012579e+01 -2.0513e+00 -1.7908e-02 +2.2642e+00
567 0 +1.223704365e-04 +9.980012237e+01 +9.980012237e+01 -1.9926e+00 -2.8700e-02 +2.3041e+00
569 0 +7.524039006e-06 +9.980000752e+01 +9.980000752e+01 -2.2635e+00 -4.9422e-02 +2.1153e+00
577 0 +3.047900876e-06 +9.980000305e+01 +9.980000305e+01 -2.1815e+00 -4.3856e-02 +2.2152e+00
584 0 +1.414394660e-06 +9.980000141e+01 +9.980000141e+01 -2.2469e+00 -4.1494e-02 +2.1774e+00
652 0 +5.837551953e-07 +9.980000058e+01 +9.980000058e+01 -2.3281e+00 -6.0097e-02 +2.0953e+00
688 0 +4.700904270e-07 +9.980000047e+01 +9.980000047e+01 -2.3008e+00 -5.8750e-02 +2.1135e+00
694 0 +2.191409720e-07 +9.980000022e+01 +9.980000022e+01 -2.2935e+00 -5.7301e-02 +2.1153e+00
709 0 +3.011662386e-08 +9.980000003e+01 +9.980000003e+01 -2.2245e+00 -4.4665e-02 +2.1873e+00
711 0 +2.914693198e-08 +9.980000003e+01 +9.980000003e+01 -2.2558e+00 -4.7600e-02 +2.1642e+00
721 0 +4.019298672e-09 +9.980000000e+01 +9.980000000e+01 -2.2507e+00 -4.8370e-02 +2.1627e+00
868 0 +0.000000000e+00 +9.980000000e+01 +9.980000000e+01 -2.2346e+00 -4.6412e-02 +2.1699e+00
% f evaluations | g evaluations | best noise-free fitness - Fopt (-1.194100000000e+02) + sum g_i+ | measured fitness | best measured fitness or single-digit g-values | x1 | x2...
1 0 +6.672530806e+01 -5.268469194e+01 -5.268469194e+01 +0.0000e+00 +0.0000e+00 +0.0000e+00
4 0 +6.371479127e+01 -5.569520873e+01 -5.569520873e+01 -1.1375e-01 -3.0566e-01 +1.1285e-01
6 0 +5.859434362e+01 -6.081565638e+01 -6.081565638e+01 -2.2359e-01 +8.0318e-02 +2.1275e-01
10 0 +5.211328569e+01 -6.729671431e+01 -6.729671431e+01 -3.9071e-01 -1.1239e-01 +2.8342e-01
14 0 +4.648306097e+01 -7.292693903e+01 -7.292693903e+01 -3.3432e-01 +6.9545e-02 +6.5220e-01
18 0 +4.508394546e+01 -7.432605454e+01 -7.432605454e+01 -3.4312e-01 +6.1872e-02 +7.4908e-01
22 0 +4.003649261e+01 -7.937350739e+01 -7.937350739e+01 -6.5480e-01 +1.5632e-01 +3.9360e-01
23 0 +3.144903790e+01 -8.796096210e+01 -8.796096210e+01 -1.0601e+00 +2.4520e-01 +1.9938e-01
26 0 +2.802019077e+01 -9.138980923e+01 -9.138980923e+01 -1.7175e+00 +7.0541e-01 +6.6627e-01
27 0 +1.874586034e+01 -1.006641397e+02 -1.006641397e+02 -1.3151e+00 +3.0732e-01 +9.7575e-01
38 0 +1.537797900e+01 -1.040320210e+02 -1.040320210e+02 -1.6708e+00 +3.7099e-01 +9.0093e-01
48 0 +4.053722617e+00 -1.153562774e+02 -1.153562774e+02 -2.2149e+00 +2.9346e-01 +1.2184e+00
110 0 +3.367742527e+00 -1.160422575e+02 -1.160422575e+02 -1.9335e+00 +3.5153e-01 +1.4462e+00
113 0 +3.163674047e+00 -1.162463260e+02 -1.162463260e+02 -2.5464e+00 +4.1056e-01 +1.4875e+00
119 0 +5.753216511e-01 -1.188346783e+02 -1.188346783e+02 -2.5511e+00 +2.6800e-01 +1.5700e+00
147 0 +1.454511397e-01 -1.192645489e+02 -1.192645489e+02 -3.0047e+00 +2.3901e-01 +1.6832e+00
215 0 +1.318810736e-01 -1.192781189e+02 -1.192781189e+02 -2.8770e+00 +2.6808e-01 +1.7694e+00
233 0 +1.294854691e-01 -1.192805145e+02 -1.192805145e+02 -2.7988e+00 +2.6583e-01 +1.7992e+00
238 0 +1.039277344e-01 -1.193060723e+02 -1.193060723e+02 -2.9776e+00 +2.7859e-01 +1.8624e+00
242 0 +9.561040211e-02 -1.193143896e+02 -1.193143896e+02 -3.0056e+00 +2.7305e-01 +1.8684e+00
249 0 +8.921660960e-02 -1.193207834e+02 -1.193207834e+02 -2.9660e+00 +2.7275e-01 +1.8760e+00
257 0 +5.708446270e-02 -1.193529155e+02 -1.193529155e+02 -2.9939e+00 +2.5876e-01 +1.9656e+00
261 0 +5.559170650e-02 -1.193544083e+02 -1.193544083e+02 -3.0199e+00 +2.5699e-01 +1.9919e+00
265 0 +5.483318477e-02 -1.193551668e+02 -1.193551668e+02 -2.9519e+00 +2.5177e-01 +1.9914e+00
289 0 +5.237505636e-02 -1.193576249e+02 -1.193576249e+02 -2.9836e+00 +2.5225e-01 +2.0288e+00
297 0 +5.035156740e-02 -1.193596484e+02 -1.193596484e+02 -2.9424e+00 +2.5810e-01 +2.0133e+00
317 0 +4.950390311e-02 -1.193604961e+02 -1.193604961e+02 -2.9637e+00 +2.6650e-01 +2.0279e+00
319 0 +4.848042826e-02 -1.193615196e+02 -1.193615196e+02 -2.9586e+00 +2.6522e-01 +2.0357e+00
338 0 +4.649181570e-02 -1.193635082e+02 -1.193635082e+02 -2.9081e+00 +2.6088e-01 +2.0473e+00
350 0 +4.519573288e-02 -1.193648043e+02 -1.193648043e+02 -2.9317e+00 +2.6348e-01 +2.0743e+00
354 0 +4.392819642e-02 -1.193660718e+02 -1.193660718e+02 -2.9113e+00 +2.6283e-01 +2.0945e+00
358 0 +4.342174408e-02 -1.193665783e+02 -1.193665783e+02 -2.8802e+00 +2.6271e-01 +2.0859e+00
365 0 +4.171059454e-02 -1.193682894e+02 -1.193682894e+02 -2.8538e+00 +2.6606e-01 +2.0878e+00
373 0 +4.087158353e-02 -1.193691284e+02 -1.193691284e+02 -2.8775e+00 +2.6628e-01 +2.1343e+00
374 0 +4.070322913e-02 -1.193692968e+02 -1.193692968e+02 -2.8568e+00 +2.6529e-01 +2.1278e+00
378 0 +3.780603690e-02 -1.193721940e+02 -1.193721940e+02 -2.8313e+00 +2.6936e-01 +2.1674e+00
387 0 +3.552168419e-02 -1.193744783e+02 -1.193744783e+02 -2.8448e+00 +2.7951e-01 +2.1808e+00
395 0 +2.860498780e-02 -1.193813950e+02 -1.193813950e+02 -2.7069e+00 +2.8196e-01 +2.1919e+00
397 0 +2.642595002e-02 -1.193835740e+02 -1.193835740e+02 -2.7148e+00 +2.8433e-01 +2.2324e+00
408 0 +2.361950080e-02 -1.193863805e+02 -1.193863805e+02 -2.6894e+00 +2.9237e-01 +2.2133e+00
412 0 +1.944846474e-02 -1.193905515e+02 -1.193905515e+02 -2.5639e+00 +2.9951e-01 +2.2503e+00
415 0 +1.732719670e-02 -1.193926728e+02 -1.193926728e+02 -2.5795e+00 +3.0552e-01 +2.2703e+00
424 0 +1.594556011e-02 -1.193940544e+02 -1.193940544e+02 -2.1775e+00 +3.2895e-01 +2.4246e+00
429 0 +1.458750317e-02 -1.193954125e+02 -1.193954125e+02 -2.1950e+00 +3.3919e-01 +2.3899e+00
441 0 +1.333457986e-02 -1.193966654e+02 -1.193966654e+02 -2.2456e+00 +3.3873e-01 +2.3900e+00
443 0 +8.445510467e-03 -1.194015545e+02 -1.194015545e+02 -2.3309e+00 +3.3833e-01 +2.4498e+00
477 0 +6.115780814e-03 -1.194038842e+02 -1.194038842e+02 -2.2171e+00 +3.4426e-01 +2.4903e+00
480 0 +6.018781154e-03 -1.194039812e+02 -1.194039812e+02 -2.1991e+00 +3.4601e-01 +2.4920e+00
482 0 +4.118864062e-03 -1.194058811e+02 -1.194058811e+02 -2.1606e+00 +3.5174e-01 +2.5445e+00
484 0 +3.639661359e-03 -1.194063603e+02 -1.194063603e+02 -1.7382e+00 +3.9376e-01 +2.7151e+00
486 0 +3.570424394e-03 -1.194064296e+02 -1.194064296e+02 -1.9284e+00 +3.7268e-01 +2.6576e+00
491 0 +1.522514204e-03 -1.194084775e+02 -1.194084775e+02 -1.7701e+00 +3.9192e-01 +2.7748e+00
499 0 +6.906998204e-04 -1.194093093e+02 -1.194093093e+02 -1.3134e+00 +4.4843e-01 +3.0437e+00
523 0 +2.963641556e-04 -1.194097036e+02 -1.194097036e+02 -1.5466e+00 +4.3025e-01 +2.9136e+00
546 0 +9.931035849e-05 -1.194099007e+02 -1.194099007e+02 -1.3794e+00 +4.4634e-01 +3.0583e+00
556 0 +9.574669092e-05 -1.194099043e+02 -1.194099043e+02 -1.4631e+00 +4.4079e-01 +2.9960e+00
562 0 +2.873879569e-05 -1.194099713e+02 -1.194099713e+02 -1.1792e+00 +4.8239e-01 +3.1885e+00
564 0 +6.819071118e-06 -1.194099932e+02 -1.194099932e+02 -1.2506e+00 +4.7120e-01 +3.1565e+00
578 0 +2.611366497e-06 -1.194099974e+02 -1.194099974e+02 -1.3274e+00 +4.6030e-01 +3.1281e+00
593 0 +1.829998325e-06 -1.194099982e+02 -1.194099982e+02 -1.2812e+00 +4.6663e-01 +3.1539e+00
617 0 +2.320584258e-07 -1.194099998e+02 -1.194099998e+02 -1.2697e+00 +4.7383e-01 +3.1799e+00
625 0 +2.397338505e-08 -1.194100000e+02 -1.194100000e+02 -1.2426e+00 +4.7643e-01 +3.2168e+00
633 0 +5.989519991e-09 -1.194100000e+02 -1.194100000e+02 -1.2657e+00 +4.7387e-01 +3.1989e+00
860 0 +0.000000000e+00 -1.194100000e+02 -1.194100000e+02 -1.2761e+00 +4.7141e-01 +3.1886e+00
% f evaluations | g evaluations | best noise-free fitness - Fopt (1.077000000000e+01) + sum g_i+ | measured fitness | best measured fitness or single-digit g-values | x1 | x2...
1 0 +2.892629566e+01 +3.969629566e+01 +3.969629566e+01 +0.0000e+00 +0.0000e+00 +0.0000e+00
4 0 +2.688119521e+01 +3.765119521e+01 +3.765119521e+01 -1.1375e-01 -3.0566e-01 +1.1285e-01
7 0 +2.614566111e+01 +3.691566111e+01 +3.691566111e+01 +5.3256e-02 -2.3477e-01 +7.8699e-02
16 0 +2.444745127e+01 +3.521745127e+01 +3.521745127e+01 +3.2107e-01 -8.9388e-03 -1.1213e-01
20 0 +2.236136741e+01 +3.313136741e+01 +3.313136741e+01 +8.0662e-02 -1.5472e-01 -2.1102e-01
35 0 +2.005794714e+01 +3.082794714e+01 +3.082794714e+01 +1.0164e-01 -2.7587e-01 -2.0682e-01
44 0 +1.909550150e+01 +2.986550150e+01 +2.986550150e+01 +2.5245e-01 -2.6376e-01 -2.3444e-01
47 0 +1.846827397e+01 +2.923827397e+01 +2.923827397e+01 +2.8565e-01 -3.4803e-01 -1.3691e-01
59 0 +1.698043574e+01 +2.775043574e+01 +2.775043574e+01 +9.0886e-02 -4.4278e-01 -2.9884e-01
63 0 +1.635794452e+01 +2.712794452e+01 +2.712794452e+01 +3.4946e-01 -4.1296e-01 -1.8584e-01
67 0 +1.463649969e+01 +2.540649969e+01 +2.540649969e+01 +3.6664e-01 -4.6360e-01 -3.7149e-01
75 0 +1.270762139e+01 +2.347762139e+01 +2.347762139e+01 +3.7717e-01 -5.7255e-01 -3.6013e-01
78 0 +1.170073322e+01 +2.247073322e+01 +2.247073322e+01 +5.0879e-01 -6.3760e-01 -2.3541e-01
86 0 +9.617078318e+00 +2.038707832e+01 +2.038707832e+01 +4.0617e-01 -8.4918e-01 -4.0659e-01
90 0 +8.256622499e+00 +1.902662250e+01 +1.902662250e+01 +5.8694e-01 -1.0309e+00 -4.3585e-01
92 0 +7.993525787e+00 +1.876352579e+01 +1.876352579e+01 +7.1138e-01 -1.2538e+00 -3.1063e-01
97 0 +7.870248662e+00 +1.864024866e+01 +1.864024866e+01 +6.9374e-01 -1.1054e+00 -4.1745e-01
102 0 +1.931668206e+00 +1.270166821e+01 +1.270166821e+01 +1.0956e+00 -1.8101e+00 -6.4888e-01
109 0 +9.253161631e-02 +1.086253162e+01 +1.086253162e+01 +6.4023e-01 -1.7280e+00 -5.5929e-01
113 0 +1.673920768e-02 +1.078673921e+01 +1.078673921e+01 +8.8990e-01 -1.6891e+00 -5.2202e-01
133 0 +5.560741538e-03 +1.077556074e+01 +1.077556074e+01 +8.9291e-01 -1.7200e+00 -5.1948e-01
177 0 +1.597224956e-03 +1.077159722e+01 +1.077159722e+01 +1.0359e+00 -1.7147e+00 -4.0514e-01
241 0 +1.054303512e-03 +1.077105430e+01 +1.077105430e+01 +1.0327e+00 -1.6926e+00 -4.0766e-01
243 0 +8.990370717e-04 +1.077089904e+01 +1.077089904e+01 +1.0490e+00 -1.6977e+00 -3.9855e-01
246 0 +8.833705159e-04 +1.077088337e+01 +1.077088337e+01 +1.0662e+00 -1.6964e+00 -3.9868e-01
281 0 +8.442854133e-04 +1.077084429e+01 +1.077084429e+01 +1.1165e+00 -1.6794e+00 -3.6670e-01
302 0 +8.189912755e-04 +1.077081899e+01 +1.077081899e+01 +1.1310e+00 -1.6860e+00 -3.7970e-01
303 0 +6.991943558e-04 +1.077069919e+01 +1.077069919e+01 +1.1637e+00 -1.6751e+00 -3.5850e-01
313 0 +6.499266687e-04 +1.077064993e+01 +1.077064993e+01 +1.1476e+00 -1.6782e+00 -3.8038e-01
563 0 +6.288965253e-04 +1.077062890e+01 +1.077062890e+01 +1.1619e+00 -1.6729e+00 -3.6540e-01
595 0 +5.864909331e-04 +1.077058649e+01 +1.077058649e+01 +1.1753e+00 -1.6692e+00 -3.6367e-01
611 0 +5.608910155e-04 +1.077056089e+01 +1.077056089e+01 +1.1718e+00 -1.6695e+00 -3.6817e-01
613 0 +5.121881402e-04 +1.077051219e+01 +1.077051219e+01 +1.1993e+00 -1.6634e+00 -3.6152e-01
618 0 +4.952810496e-04 +1.077049528e+01 +1.077049528e+01 +1.1891e+00 -1.6663e+00 -3.6851e-01
629 0 +4.794484714e-04 +1.077047945e+01 +1.077047945e+01 +1.1890e+00 -1.6658e+00 -3.7018e-01
632 0 +3.947992858e-04 +1.077039480e+01 +1.077039480e+01 +1.2094e+00 -1.6614e+00 -3.7645e-01
642 0 +3.585094278e-04 +1.077035851e+01 +1.077035851e+01 +1.2056e+00 -1.6606e+00 -3.8665e-01
652 0 +3.434755136e-04 +1.077034348e+01 +1.077034348e+01 +1.2166e+00 -1.6548e+00 -3.7765e-01
656 0 +3.080974369e-04 +1.077030810e+01 +1.077030810e+01 +1.2209e+00 -1.6550e+00 -3.8594e-01
661 0 +2.615713861e-04 +1.077026157e+01 +1.077026157e+01 +1.2691e+00 -1.6450e+00 -3.8215e-01
688 0 +2.393404136e-04 +1.077023934e+01 +1.077023934e+01 +1.2891e+00 -1.6398e+00 -3.8772e-01
694 0 +2.075433283e-04 +1.077020754e+01 +1.077020754e+01 +1.3197e+00 -1.6314e+00 -3.9748e-01
709 0 +1.865721267e-04 +1.077018657e+01 +1.077018657e+01 +1.3657e+00 -1.6205e+00 -3.9982e-01
711 0 +1.661917630e-04 +1.077016619e+01 +1.077016619e+01 +1.3424e+00 -1.6242e+00 -4.0026e-01
715 0 +1.223166316e-04 +1.077012232e+01 +1.077012232e+01 +1.3736e+00 -1.6148e+00 -4.0718e-01
725 0 +1.127737298e-04 +1.077011277e+01 +1.077011277e+01 +1.3766e+00 -1.6134e+00 -3.9758e-01
726 0 +8.801407575e-05 +1.077008801e+01 +1.077008801e+01 +1.3948e+00 -1.6068e+00 -4.1049e-01
733 0 +7.693372395e-05 +1.077007693e+01 +1.077007693e+01 +1.4500e+00 -1.5945e+00 -4.1008e-01
735 0 +4.328117294e-05 +1.077004328e+01 +1.077004328e+01 +1.4619e+00 -1.5867e+00 -4.3122e-01
738 0 +3.195509063e-05 +1.077003196e+01 +1.077003196e+01 +1.5580e+00 -1.5650e+00 -4.2051e-01
741 0 +2.656794110e-05 +1.077002657e+01 +1.077002657e+01 +1.5307e+00 -1.5688e+00 -4.3322e-01
743 0 +1.100755297e-05 +1.077001101e+01 +1.077001101e+01 +1.6908e+00 -1.5250e+00 -4.5067e-01
755 0 +2.697381056e-06 +1.077000270e+01 +1.077000270e+01 +1.6998e+00 -1.5167e+00 -4.6671e-01
766 0 +2.490842130e-06 +1.077000249e+01 +1.077000249e+01 +1.7967e+00 -1.4864e+00 -4.8593e-01
769 0 +1.051775172e-06 +1.077000105e+01 +1.077000105e+01 +1.6984e+00 -1.5166e+00 -4.6110e-01
785 0 +7.156400379e-07 +1.077000072e+01 +1.077000072e+01 +1.7852e+00 -1.4912e+00 -4.7410e-01
800 0 +1.496304325e-07 +1.077000015e+01 +1.077000015e+01 +1.7475e+00 -1.5012e+00 -4.6593e-01
819 0 +1.454879097e-07 +1.077000015e+01 +1.077000015e+01 +1.8020e+00 -1.4850e+00 -4.7242e-01
821 0 +1.073724238e-07 +1.077000011e+01 +1.077000011e+01 +1.7402e+00 -1.5018e+00 -4.6666e-01
851 0 +9.957775049e-08 +1.077000010e+01 +1.077000010e+01 +1.7936e+00 -1.4857e+00 -4.7259e-01
865 0 +9.365074760e-08 +1.077000009e+01 +1.077000009e+01 +1.7337e+00 -1.5047e+00 -4.6357e-01
866 0 +7.446019268e-08 +1.077000007e+01 +1.077000007e+01 +1.8003e+00 -1.4867e+00 -4.6780e-01
867 0 +7.340485553e-08 +1.077000007e+01 +1.077000007e+01 +1.7530e+00 -1.5009e+00 -4.6083e-01
868 0 +6.674431141e-08 +1.077000007e+01 +1.077000007e+01 +1.7554e+00 -1.4973e+00 -4.6818e-01
870 0 +5.907680389e-08 +1.077000006e+01 +1.077000006e+01 +1.7581e+00 -1.4979e+00 -4.6610e-01
873 0 +4.990187641e-08 +1.077000005e+01 +1.077000005e+01 +1.7555e+00 -1.4987e+00 -4.6504e-01
877 0 +1.138153571e-08 +1.077000001e+01 +1.077000001e+01 +1.7748e+00 -1.4939e+00 -4.6206e-01
928 0 +7.535959412e-09 +1.077000001e+01 +1.077000001e+01 +1.7511e+00 -1.4996e+00 -4.6078e-01
1169 0 +0.000000000e+00 +1.077000000e+01 +1.077000000e+01 +1.7746e+00 -1.4934e+00 -4.5774e-01
% f evaluations | g evaluations | best noise-free fitness - Fopt (2.137000000000e+01) + sum g_i+ | measured fitness | best measured fitness or single-digit g-values | x1 | x2...
1 0 +5.371423740e+01 +7.508423740e+01 +7.508423740e+01 +0.0000e+00 +0.0000e+00 +0.0000e+00
3 0 +4.787546154e+01 +6.924546154e+01 +6.924546154e+01 +3.4094e-01 +2.4727e-01 +1.7369e-01
5 0 +4.548744603e+01 +6.685744603e+01 +6.685744603e+01 -1.5359e-01 +2.4817e-01 +6.3376e-02
6 0 +4.262143514e+01 +6.399143514e+01 +6.399143514e+01 -2.2359e-01 +8.0318e-02 +2.1275e-01
10 0 +3.966738758e+01 +6.103738758e+01 +6.103738758e+01 -3.1970e-01 +7.3612e-02 +3.1889e-01
14 0 +3.069447896e+01 +5.206447896e+01 +5.206447896e+01 -2.5991e-01 +2.8440e-01 +7.1956e-01
18 0 +2.865184065e+01 +5.002184065e+01 +5.002184065e+01 -1.8581e-01 +3.7044e-01 +9.0756e-01
31 0 +2.327259962e+01 +4.464259962e+01 +4.464259962e+01 +2.4219e-01 +4.3547e-01 +1.0880e+00
47 0 +1.958547989e+01 +4.095547989e+01 +4.095547989e+01 +4.8044e-01 +1.9591e-01 +1.3838e+00
51 0 +1.808493487e+01 +3.945493487e+01 +3.945493487e+01 +8.8646e-01 +5.5058e-01 +1.6952e+00
63 0 +1.468325223e+01 +3.605325223e+01 +3.605325223e+01 +1.3787e+00 +2.9865e-01 +2.0209e+00
77 0 +1.346991278e+01 +3.483991278e+01 +3.483991278e+01 +2.9060e+00 +1.3238e+00 +3.4602e+00
92 0 +1.038605894e+01 +3.175605894e+01 +3.175605894e+01 +2.7159e+00 -4.4830e-01 +3.3470e+00
103 0 +8.654909600e+00 +3.002490960e+01 +3.002490960e+01 +1.4178e+00 +9.6393e-01 +6.0747e-01
112 0 +8.279516616e+00 +2.964951662e+01 +2.964951662e+01 +1.9088e+00 +2.8644e-01 -2.4602e-01
134 0 +6.018113380e+00 +2.738811338e+01 +2.738811338e+01 +9.0647e-01 -8.9254e-02 -8.7134e-01
136 0 +1.986832927e+00 +2.335683293e+01 +2.335683293e+01 +1.4051e+00 +2.7562e-01 -7.5131e-01
145 0 +1.048312602e+00 +2.241831260e+01 +2.241831260e+01 +1.1738e+00 +9.9813e-02 -1.2033e+00
147 0 +5.145449392e-01 +2.188454494e+01 +2.188454494e+01 +8.2994e-01 -2.2956e-01 -1.2212e+00
154 0 +4.230285220e-01 +2.179302852e+01 +2.179302852e+01 +9.7859e-01 +2.6893e-01 -1.3344e+00
187 0 +2.678630997e-01 +2.163786310e+01 +2.163786310e+01 +1.0825e+00 +1.1295e-01 -1.0989e+00
195 0 +2.246752667e-01 +2.159467527e+01 +2.159467527e+01 +1.3397e+00 +2.0732e-01 -9.6125e-01
217 0 +1.867916768e-01 +2.155679168e+01 +2.155679168e+01 +1.1394e+00 +1.8677e-01 -1.1188e+00
243 0 +1.853034544e-01 +2.155530345e+01 +2.155530345e+01 +1.2410e+00 +1.7908e-01 -1.0348e+00
255 0 +1.733634574e-01 +2.154336346e+01 +2.154336346e+01 +1.1758e+00 +2.1998e-01 -1.1346e+00
313 0 +1.646240457e-01 +2.153462405e+01 +2.153462405e+01 +1.1993e+00 +2.2356e-01 -1.1014e+00
321 0 +1.609850920e-01 +2.153098509e+01 +2.153098509e+01 +1.2022e+00 +2.4008e-01 -1.1126e+00
322 0 +1.558427373e-01 +2.152584274e+01 +2.152584274e+01 +1.2322e+00 +2.7743e-01 -1.1226e+00
338 0 +1.526412265e-01 +2.152264123e+01 +2.152264123e+01 +1.2967e+00 +2.9063e-01 -1.0458e+00
341 0 +1.476208534e-01 +2.151762085e+01 +2.151762085e+01 +1.2343e+00 +3.0194e-01 -1.1120e+00
365 0 +1.421091569e-01 +2.151210916e+01 +2.151210916e+01 +1.3127e+00 +3.5885e-01 -1.0633e+00
366 0 +1.372085972e-01 +2.150720860e+01 +2.150720860e+01 +1.3076e+00 +3.6764e-01 -1.0814e+00
412 0 +1.292840194e-01 +2.149928402e+01 +2.149928402e+01 +1.2890e+00 +4.5007e-01 -1.1705e+00
422 0 +1.270966680e-01 +2.149709667e+01 +2.149709667e+01 +1.3182e+00 +4.6771e-01 -1.1645e+00
424 0 +1.126363997e-01 +2.148263640e+01 +2.148263640e+01 +1.3593e+00 +5.8512e-01 -1.1900e+00
439 0 +1.010087395e-01 +2.147100874e+01 +2.147100874e+01 +1.4483e+00 +7.9925e-01 -1.2684e+00
450 0 +8.188827982e-02 +2.145188828e+01 +2.145188828e+01 +1.5175e+00 +9.6198e-01 -1.3043e+00
471 0 +6.499531340e-02 +2.143499531e+01 +2.143499531e+01 +1.5684e+00 +8.5446e-01 -1.1897e+00
474 0 +5.539612651e-02 +2.142539613e+01 +2.142539613e+01 +1.5921e+00 +9.0058e-01 -1.1896e+00
484 0 +3.448915167e-02 +2.140448915e+01 +2.140448915e+01 +1.7701e+00 +1.3875e+00 -1.3410e+00
491 0 +3.088263895e-02 +2.140088264e+01 +2.140088264e+01 +1.7460e+00 +1.3257e+00 -1.3061e+00
495 0 +2.475116294e-02 +2.139475116e+01 +2.139475116e+01 +1.9092e+00 +1.6505e+00 -1.3875e+00
503 0 +2.315244906e-02 +2.139315245e+01 +2.139315245e+01 +2.0586e+00 +1.9671e+00 -1.4520e+00
504 0 +2.271145183e-03 +2.137227115e+01 +2.137227115e+01 +2.3022e+00 +2.2223e+00 -1.3571e+00
512 0 +9.194870548e-04 +2.137091949e+01 +2.137091949e+01 +2.4436e+00 +2.4590e+00 -1.3822e+00
518 0 +8.248147968e-04 +2.137082481e+01 +2.137082481e+01 +2.3685e+00 +2.1121e+00 -1.2425e+00
529 0 +5.853191556e-04 +2.137058532e+01 +2.137058532e+01 +2.3857e+00 +2.2919e+00 -1.3480e+00
545 0 +7.077096182e-06 +2.137000708e+01 +2.137000708e+01 +2.6977e+00 +2.7546e+00 -1.3421e+00
613 0 +5.971249678e-06 +2.137000597e+01 +2.137000597e+01 +2.5936e+00 +2.5350e+00 -1.3023e+00
643 0 +3.289123619e-06 +2.137000329e+01 +2.137000329e+01 +2.7031e+00 +2.6925e+00 -1.3030e+00
648 0 +1.282625522e-06 +2.137000128e+01 +2.137000128e+01 +2.6619e+00 +2.6764e+00 -1.3275e+00
652 0 +1.164524793e-06 +2.137000116e+01 +2.137000116e+01 +2.6759e+00 +2.7143e+00 -1.3420e+00
657 0 +2.960619305e-07 +2.137000030e+01 +2.137000030e+01 +2.6653e+00 +2.6705e+00 -1.3223e+00
694 0 +2.467863460e-07 +2.137000025e+01 +2.137000025e+01 +2.6624e+00 +2.6584e+00 -1.3178e+00
709 0 +1.786042532e-07 +2.137000018e+01 +2.137000018e+01 +2.7055e+00 +2.7249e+00 -1.3219e+00
711 0 +1.300387851e-07 +2.137000013e+01 +2.137000013e+01 +2.6983e+00 +2.7249e+00 -1.3281e+00
715 0 +5.147762039e-08 +2.137000005e+01 +2.137000005e+01 +2.7004e+00 +2.7326e+00 -1.3325e+00
735 0 +1.791162774e-08 +2.137000002e+01 +2.137000002e+01 +2.6682e+00 +2.6826e+00 -1.3323e+00
745 0 +3.059437148e-09 +2.137000000e+01 +2.137000000e+01 +2.6883e+00 +2.7103e+00 -1.3305e+00
873 0 +0.000000000e+00 +2.137000000e+01 +2.137000000e+01 +2.6806e+00 +2.6923e+00 -1.3268e+00
% f evaluations | g evaluations | best noise-free fitness - Fopt (1.673000000000e+01) + sum g_i+ | measured fitness | best measured fitness or single-digit g-values | x1 | x2...
1 0 +6.447718107e+01 +8.120718107e+01 +8.120718107e+01 +0.0000e+00 +0.0000e+00 +0.0000e+00
2 0 +5.901657947e+01 +7.574657947e+01 +7.574657947e+01 +4.3379e-01 +3.0692e-02 +9.8026e-02
14 0 +5.586084189e+01 +7.259084189e+01 +7.259084189e+01 -1.3355e-01 +1.8971e-01 +6.2946e-01
22 0 +5.446511812e+01 +7.119511812e+01 +7.119511812e+01 -3.1591e-01 +3.2432e-01 +4.3064e-01
25 0 +5.332847417e+01 +7.005847417e+01 +7.005847417e+01 -3.3962e-01 +3.2553e-01 +4.8010e-01
26 0 +2.339150469e+01 +4.012150469e+01 +4.012150469e+01 -1.0828e+00 +8.5588e-01 +6.6706e-01
34 0 +1.922290836e+01 +3.595290836e+01 +3.595290836e+01 -1.2641e+00 +9.7966e-01 +5.6279e-01
38 0 +1.702641491e+01 +3.375641491e+01 +3.375641491e+01 -1.0188e+00 +5.5249e-01 +8.4786e-01
39 0 +7.926247676e+00 +2.465624768e+01 +2.465624768e+01 -1.5885e+00 +9.5136e-01 +9.0485e-01
42 0 +6.506352533e-01 +1.738063525e+01 +1.738063525e+01 -1.7988e+00 +5.3021e-01 -7.6843e-02
320 0 +4.940546914e-01 +1.722405469e+01 +1.722405469e+01 -1.9721e+00 +1.2585e+00 +1.4817e-01
342 0 +4.846068449e-01 +1.721460684e+01 +1.721460684e+01 -2.0591e+00 +1.2666e+00 +6.2484e-02
398 0 +4.661143670e-01 +1.719611437e+01 +1.719611437e+01 -1.9804e+00 +1.1462e+00 +7.3120e-02
427 0 +4.134747119e-01 +1.714347471e+01 +1.714347471e+01 -1.9482e+00 +1.0599e+00 +2.1548e-03
436 0 +3.934355619e-01 +1.712343556e+01 +1.712343556e+01 -1.9582e+00 +1.0302e+00 -2.1605e-02
438 0 +3.656474086e-01 +1.709564741e+01 +1.709564741e+01 -1.9606e+00 +1.0075e+00 -5.5443e-02
442 0 +2.292422543e-01 +1.695924225e+01 +1.695924225e+01 -1.8607e+00 +7.5953e-01 -1.5626e-01
451 0 +1.172393946e-01 +1.684723939e+01 +1.684723939e+01 -1.8298e+00 +4.0548e-01 -4.7742e-01
473 0 +1.046181444e-01 +1.683461814e+01 +1.683461814e+01 -1.5032e+00 -4.0843e-01 -6.7275e-01
476 0 +5.079891267e-02 +1.678079891e+01 +1.678079891e+01 -1.4370e+00 -5.4728e-01 -8.2234e-01
483 0 +4.662345975e-02 +1.677662346e+01 +1.677662346e+01 -1.3547e+00 -8.4702e-01 -9.2447e-01
489 0 +2.015521023e-02 +1.675015521e+01 +1.675015521e+01 -1.4612e+00 -7.0120e-01 -9.5166e-01
490 0 +1.580587665e-04 +1.673015806e+01 +1.673015806e+01 -1.2031e+00 -2.0082e+00 -1.9094e+00
537 0 +1.558566691e-06 +1.673000156e+01 +1.673000156e+01 -1.2848e+00 -1.6597e+00 -1.7090e+00
587 0 +3.428151025e-07 +1.673000034e+01 +1.673000034e+01 -1.2521e+00 -1.7643e+00 -1.7655e+00
606 0 +1.224338000e-07 +1.673000012e+01 +1.673000012e+01 -1.2701e+00 -1.6969e+00 -1.7197e+00
619 0 +4.597483283e-08 +1.673000005e+01 +1.673000005e+01 -1.2515e+00 -1.7375e+00 -1.7267e+00
705 0 +4.489974970e-08 +1.673000004e+01 +1.673000004e+01 -1.2465e+00 -1.7560e+00 -1.7377e+00
709 0 +1.137167160e-08 +1.673000001e+01 +1.673000001e+01 -1.2423e+00 -1.7735e+00 -1.7523e+00
711 0 +9.103331422e-10 +1.673000000e+01 +1.673000000e+01 -1.2508e+00 -1.7420e+00 -1.7332e+00
928 0 +0.000000000e+00 +1.673000000e+01 +1.673000000e+01 -1.2529e+00 -1.7404e+00 -1.7362e+00
% f evaluations | g evaluations | best noise-free fitness - Fopt (1.000000000000e+03) + sum g_i+ | measured fitness | best measured fitness or single-digit g-values | x1 | x2...
1 0 +6.484171292e+01 +1.064841713e+03 +1.064841713e+03 +0.0000e+00 +0.0000e+00 +0.0000e+00
5 0 +6.456287305e+01 +1.064562873e+03 +1.064562873e+03 -1.5359e-01 +2.4817e-01 +6.3376e-02
11 0 +5.927416520e+01 +1.059274165e+03 +1.059274165e+03 -3.3501e-01 +1.6652e-01 -9.8239e-02
19 0 +5.541800210e+01 +1.055418002e+03 +1.055418002e+03 -1.1059e-01 +4.9177e-01 -2.8272e-01
23 0 +5.459315991e+01 +1.054593160e+03 +1.054593160e+03 -5.1384e-01 +3.8488e-01 -1.8184e-01
26 0 +4.802648602e+01 +1.048026486e+03 +1.048026486e+03 -8.2555e-01 +8.1438e-01 -3.3377e-01
28 0 +4.664140051e+01 +1.046641401e+03 +1.046641401e+03 -6.1789e-01 +6.3410e-01 -3.6854e-01
32 0 +4.089430190e+01 +1.040894302e+03 +1.040894302e+03 -5.2302e-01 +5.4406e-01 -5.1188e-01
34 0 +3.202570903e+01 +1.032025709e+03 +1.032025709e+03 -8.1032e-01 +7.9068e-01 -7.4569e-01
36 0 +3.134667866e+01 +1.031346679e+03 +1.031346679e+03 -5.4782e-01 +9.9111e-01 -8.3475e-01
42 0 +2.324530075e+01 +1.023245301e+03 +1.023245301e+03 -1.2975e+00 +9.8897e-01 -1.7273e+00
67 0 +2.210088261e+01 +1.022100883e+03 +1.022100883e+03 -8.5189e-01 +1.3996e+00 -1.6557e+00
75 0 +1.987416489e+01 +1.019874165e+03 +1.019874165e+03 -6.9062e-01 +1.1216e+00 -1.4916e+00
86 0 +1.913579492e+01 +1.019135795e+03 +1.019135795e+03 -7.6918e-01 +7.7222e-01 -1.4122e+00
95 0 +1.582473040e+01 +1.015824730e+03 +1.015824730e+03 -1.8674e-01 +9.3319e-01 -1.6581e+00
144 0 +1.288182693e+01 +1.012881827e+03 +1.012881827e+03 -4.6044e-01 +7.8861e-01 -2.0184e+00
175 0 +1.234734669e+01 +1.012347347e+03 +1.012347347e+03 -1.9617e-01 +6.7724e-01 -1.9138e+00
184 0 +1.225416360e+01 +1.012254164e+03 +1.012254164e+03 -3.4996e-01 +6.1826e-01 -1.9998e+00
196 0 +1.198759385e+01 +1.011987594e+03 +1.011987594e+03 -1.6648e-01 +4.0662e-01 -2.1961e+00
209 0 +1.169258099e+01 +1.011692581e+03 +1.011692581e+03 -2.3900e-01 +5.5704e-01 -2.1749e+00
226 0 +1.140302687e+01 +1.011403027e+03 +1.011403027e+03 -1.5683e-01 +6.3797e-01 -2.1438e+00
253 0 +1.118594264e+01 +1.011185943e+03 +1.011185943e+03 -1.9376e-02 +6.1696e-01 -2.2430e+00
% f evaluations | g evaluations | best noise-free fitness - Fopt (-1.079600000000e+02) + sum g_i+ | measured fitness | best measured fitness or single-digit g-values | x1 | x2...
1 0 +7.453483017e+01 -3.342516983e+01 -3.342516983e+01 +0.0000e+00 +0.0000e+00 +0.0000e+00
4 0 +7.056712417e+01 -3.739287583e+01 -3.739287583e+01 -1.1375e-01 -3.0566e-01 +1.1285e-01
11 0 +2.957424459e+01 -7.838575541e+01 -7.838575541e+01 -5.0132e-01 +4.1418e-02 -6.6868e-02
23 0 +8.268549078e+00 -9.969145092e+01 -9.969145092e+01 -8.6793e-01 +5.0023e-02 -1.7500e-02
26 0 +4.959024984e-01 -1.074640975e+02 -1.074640975e+02 -1.2261e+00 +4.2540e-01 -1.4140e-01
32 0 +1.228642359e-02 -1.079477136e+02 -1.079477136e+02 -8.6318e-01 +1.7536e-01 -3.5742e-01
65 0 +3.077097562e-03 -1.079569229e+02 -1.079569229e+02 -9.9944e-01 +3.5098e-01 -3.5075e-01
66 0 +1.931609127e-03 -1.079580684e+02 -1.079580684e+02 -9.7964e-01 +4.6219e-01 -4.3950e-01
81 0 +1.472412100e-03 -1.079585276e+02 -1.079585276e+02 -9.2962e-01 +5.3691e-01 -4.7707e-01
179 0 +1.168754250e-03 -1.079588312e+02 -1.079588312e+02 -1.0032e+00 +3.8899e-01 -3.7805e-01
258 0 +1.067859579e-03 -1.079589321e+02 -1.079589321e+02 -9.9959e-01 +4.0351e-01 -3.8753e-01
271 0 +1.002402373e-03 -1.079589976e+02 -1.079589976e+02 -1.0066e+00 +4.1801e-01 -3.9124e-01
276 0 +9.842370340e-04 -1.079590158e+02 -1.079590158e+02 -1.0034e+00 +4.6066e-01 -3.9847e-01
281 0 +9.336345356e-04 -1.079590664e+02 -1.079590664e+02 -1.0070e+00 +4.4290e-01 -3.9737e-01
289 0 +9.265222073e-04 -1.079590735e+02 -1.079590735e+02 -1.0257e+00 +4.6349e-01 -4.0200e-01
294 0 +7.937188871e-04 -1.079592063e+02 -1.079592063e+02 -1.0371e+00 +5.3202e-01 -4.1980e-01
298 0 +5.852854140e-04 -1.079594147e+02 -1.079594147e+02 -1.0738e+00 +6.9356e-01 -4.5042e-01
305 0 +4.184806609e-04 -1.079595815e+02 -1.079595815e+02 -1.0724e+00 +6.7694e-01 -4.5120e-01
329 0 +2.837388396e-04 -1.079597163e+02 -1.079597163e+02 -1.0554e+00 +6.7167e-01 -4.6099e-01
336 0 +2.100904316e-04 -1.079597899e+02 -1.079597899e+02 -1.0590e+00 +7.2665e-01 -4.8097e-01
471 0 +1.384712146e-04 -1.079598615e+02 -1.079598615e+02 -1.0633e+00 +7.8642e-01 -5.0009e-01
487 0 +9.564918187e-05 -1.079599044e+02 -1.079599044e+02 -1.0548e+00 +8.0784e-01 -5.2001e-01
490 0 +8.047906236e-05 -1.079599195e+02 -1.079599195e+02 -1.0401e+00 +7.9903e-01 -5.2026e-01
503 0 +5.409887154e-05 -1.079599459e+02 -1.079599459e+02 -1.0789e+00 +9.2738e-01 -5.4628e-01
508 0 +3.321189629e-05 -1.079599668e+02 -1.079599668e+02 -1.0563e+00 +8.7921e-01 -5.4267e-01
527 0 +2.009339592e-05 -1.079599799e+02 -1.079599799e+02 -1.0482e+00 +9.3243e-01 -5.6566e-01
528 0 +1.905914748e-05 -1.079599809e+02 -1.079599809e+02 -1.0541e+00 +9.8557e-01 -5.8001e-01
530 0 +7.503695571e-06 -1.079599925e+02 -1.079599925e+02 -1.0573e+00 +9.7646e-01 -5.7889e-01
537 0 +6.762557604e-06 -1.079599932e+02 -1.079599932e+02 -1.0487e+00 +9.8480e-01 -5.8580e-01
539 0 +6.575829332e-06 -1.079599934e+02 -1.079599934e+02 -1.0629e+00 +9.9619e-01 -5.8648e-01
553 0 +3.936398073e-06 -1.079599961e+02 -1.079599961e+02 -1.0567e+00 +1.0102e+00 -5.9447e-01
563 0 +9.183213479e-08 -1.079599999e+02 -1.079599999e+02 -1.0653e+00 +1.1508e+00 -6.4761e-01
587 0 +1.179014930e-08 -1.079600000e+02 -1.079600000e+02 -1.0523e+00 +1.1475e+00 -6.5143e-01
593 0 +2.924721798e-09 -1.079600000e+02 -1.079600000e+02 -1.0540e+00 +1.1732e+00 -6.6056e-01
820 0 +0.000000000e+00 -1.079600000e+02 -1.079600000e+02 -1.0591e+00 +1.1791e+00 -6.6038e-01
% f evaluations | g evaluations | best noise-free fitness - Fopt (-3.025900000000e+02) + sum g_i+ | measured fitness | best measured fitness or single-digit g-values | x1 | x2...
1 0 +1.001771433e+01 -2.925722857e+02 -2.925722857e+02 +0.0000e+00 +0.0000e+00 +0.0000e+00
2 0 +4.414120109e+00 -2.981758799e+02 -2.981758799e+02 +4.3379e-01 +3.0692e-02 +9.8026e-02
3 0 +2.682992337e+00 -2.999070077e+02 -2.999070077e+02 +3.4094e-01 +2.4727e-01 +1.7369e-01
12 0 +2.518091987e+00 -3.000719080e+02 -3.000719080e+02 +1.9137e-01 +5.7273e-01 +1.5477e-01
14 0 +2.440601728e+00 -3.001493983e+02 -3.001493983e+02 +1.4638e-01 +2.5965e-01 +7.4977e-01
15 0 +2.014074635e+00 -3.005759254e+02 -3.005759254e+02 +5.8775e-01 +3.1899e-01 +2.5651e-01
17 0 +1.984237438e+00 -3.006057626e+02 -3.006057626e+02 +3.0850e-01 +3.8379e-01 +3.8702e-01
30 0 +1.664200200e+00 -3.009257998e+02 -3.009257998e+02 +3.8619e-01 +5.5418e-01 +5.8584e-01
36 0 +1.215307461e+00 -3.013746925e+02 -3.013746925e+02 +4.9404e-01 +8.6057e-01 +3.5252e-01
79 0 +1.054611548e+00 -3.015353885e+02 -3.015353885e+02 +4.8743e-01 +8.9780e-01 +4.4747e-01
84 0 +1.033002655e+00 -3.015569973e+02 -3.015569973e+02 +3.1067e-01 +9.7981e-01 +3.8774e-01
91 0 +9.697799585e-01 -3.016202200e+02 -3.016202200e+02 +4.1547e-01 +8.2478e-01 +5.0381e-01
110 0 +9.409336376e-01 -3.016490664e+02 -3.016490664e+02 +3.3364e-01 +8.0424e-01 +5.6256e-01
113 0 +8.183412437e-01 -3.017716588e+02 -3.017716588e+02 +2.8545e-01 +8.7460e-01 +5.5682e-01
121 0 +8.075996989e-01 -3.017824003e+02 -3.017824003e+02 +2.5543e-01 +8.9370e-01 +5.9623e-01
137 0 +7.480697753e-01 -3.018419302e+02 -3.018419302e+02 +2.0947e-01 +9.8142e-01 +6.3342e-01
154 0 +7.197249852e-01 -3.018702750e+02 -3.018702750e+02 +1.9855e-01 +1.0045e+00 +6.0522e-01
199 0 +7.012236036e-01 -3.018887764e+02 -3.018887764e+02 +1.7066e-01 +1.0601e+00 +6.1691e-01
% f evaluations | g evaluations | best noise-free fitness - Fopt (-3.065500000000e+02) + sum g_i+ | measured fitness | best measured fitness or single-digit g-values | x1 | x2...
1 0 +4.630791406e+01 -2.602420859e+02 -2.602420859e+02 +0.0000e+00 +0.0000e+00 +0.0000e+00
2 0 +3.031356264e+01 -2.762364374e+02 -2.762364374e+02 +4.3379e-01 +3.0692e-02 +9.8026e-02
6 0 +2.398066706e+01 -2.825693329e+02 -2.825693329e+02 -2.2359e-01 +8.0318e-02 +2.1275e-01
14 0 +2.018714385e+01 -2.863628562e+02 -2.863628562e+02 -1.3355e-01 +1.8971e-01 +6.2946e-01
22 0 +1.764853525e+01 -2.889014648e+02 -2.889014648e+02 -4.3532e-01 +2.6718e-01 +3.6201e-01
23 0 +1.714100544e+01 -2.894089946e+02 -2.894089946e+02 -8.0350e-01 +3.4700e-01 +1.6603e-01
52 0 +1.615101666e+01 -2.903989833e+02 -2.903989833e+02 -8.7899e-01 +4.7218e-01 +9.8515e-01
60 0 +1.487762983e+01 -2.916723702e+02 -2.916723702e+02 -1.1262e+00 +5.8122e-01 +7.9842e-01
144 0 +1.469605820e+01 -2.918539418e+02 -2.918539418e+02 -8.0407e-01 -7.3005e-01 +4.8753e-01
