% f evaluations | g evaluations | best noise-free fitness - Fopt (9.294000000000e+01) + sum g_i+ | measured fitness | best measured fitness or single-digit g-values | x1 | x2...
1 0 +7.446256321e+02 +8.375656321e+02 +8.375656321e+02 +0.0000e+00 +0.0000e+00 +0.0000e+00 +0.0000e+00 +0.0000e+00 +0.0000e+00 +0.0000e+00 +0.0000e+00 +0.0000e+00 +0.0000e+00
2 0 +6.341312292e+02 +7.270712292e+02 +7.270712292e+02 +4.3379e-01 +3.0692e-02 +9.8026e-02 +3.4094e-01 +2.4727e-01 +1.7369e-01 -1.1375e-01 -3.0566e-01 +1.1285e-01 -1.5359e-01
5 0 +6.260868348e+02 +7.190268348e+02 +7.190268348e+02 -9.0564e-02 +8.4424e-02 -2.8183e-02 -1.8777e-01 +7.4957e-02 +6.4105e-01 +2.7589e-01 +1.3137e-01 +7.7185e-02 +2.3934e-01
11 0 +5.236487310e+02 +6.165887310e+02 +6.165887310e+02 +1.6047e-01 +4.4277e-01 -3.3358e-01 +4.6382e-01 +8.0465e-02 +6.6341e-01 -8.5054e-02 -1.4430e-01 +9.7733e-02 -3.1199e-01
17 0 +4.629521828e+02 +5.558921828e+02 +5.558921828e+02 +6.5738e-01 +7.3962e-01 -7.3851e-02 +4.7412e-01 +1.8604e-02 +7.7639e-01 +2.8822e-01 -2.1037e-01 +4.2451e-01 -3.9984e-01
25 0 +4.500860116e+02 +5.430260116e+02 +5.430260116e+02 +4.2078e-01 +3.2235e-01 -1.3277e-01 +7.3130e-02 +7.8349e-01 +8.7902e-01 -7.6222e-01 +1.3881e-01 +1.5258e-01 +3.5236e-01
39 0 +4.104520649e+02 +5.033920649e+02 +5.033920649e+02 +1.4774e+00 +6.2720e-01 -2.6097e-01 +4.4705e-01 +7.0655e-01 +7.7533e-01 -2.6514e-01 -1.6018e-01 -2.6997e-01 -1.3807e-01
47 0 +3.269623368e+02 +4.199023368e+02 +4.199023368e+02 +9.0274e-01 +4.9947e-01 -4.7018e-01 +7.3975e-01 +7.6513e-01 +1.2204e+00 -9.8630e-01 +3.1932e-03 +4.8461e-01 +4.2964e-01
75 0 +2.634570351e+02 +3.563970351e+02 +3.563970351e+02 +7.7021e-01 +1.0444e+00 -5.0902e-01 +8.5896e-01 +1.2026e+00 +8.5425e-01 -3.1513e-01 -2.0620e-01 +1.2000e+00 +7.9473e-01
81 0 +2.482919256e+02 +3.412319256e+02 +3.412319256e+02 +1.7558e+00 +1.3351e+00 -3.8893e-01 +9.1532e-01 +1.0259e+00 +2.1564e+00 -1.4498e+00 +4.1213e-01 +1.0081e+00 +1.1304e+00
91 0 +1.085986172e+02 +2.015386172e+02 +2.015386172e+02 +1.0453e+00 +1.3203e+00 -1.1063e+00 +1.5457e+00 +1.4848e+00 +1.8297e+00 +1.0269e-01 -2.0638e-01 +1.4565e+00 +7.8709e-01
140 0 +1.022800153e+02 +1.952200153e+02 +1.952200153e+02 +1.6648e+00 +1.9199e+00 -1.2077e+00 +2.0853e+00 +1.1653e+00 +1.8852e+00 -6.1870e-01 +1.4655e+00 +2.5823e+00 +7.5656e-01
148 0 +8.771587133e+01 +1.806558713e+02 +1.806558713e+02 +1.2863e+00 +1.0684e+00 -7.5159e-02 +2.1218e+00 +1.7242e+00 +1.7780e+00 -3.0116e-01 +7.1807e-01 +2.3379e+00 +6.7004e-01
150 0 +8.333805209e+01 +1.762780521e+02 +1.762780521e+02 +1.7989e+00 +1.8636e+00 -8.9324e-01 +1.8307e+00 +1.8424e+00 +1.6533e+00 +4.6917e-01 -2.7573e-01 +2.2318e+00 +5.3450e-01
157 0 +8.112448113e+01 +1.740644811e+02 +1.740644811e+02 +1.4654e+00 +2.0213e+00 -1.3881e+00 +2.3107e+00 +2.3704e+00 +1.7059e+00 -4.5301e-01 +4.9933e-01 +2.4280e+00 +4.9663e-01
159 0 +7.235627382e+01 +1.652962738e+02 +1.652962738e+02 +1.6713e+00 +1.9832e+00 -5.9991e-01 +2.2330e+00 +1.5353e+00 +1.7661e+00 -6.3599e-02 +2.6725e-02 +2.1107e+00 +6.4902e-01
170 0 +5.999903097e+01 +1.529390310e+02 +1.529390310e+02 +1.7382e+00 +2.3825e+00 -1.0158e+00 +2.7868e+00 +1.5781e+00 +1.8380e+00 +4.4139e-01 +5.9102e-01 +2.3966e+00 +1.3186e+00
175 0 +5.748654316e+01 +1.504265432e+02 +1.504265432e+02 +2.1051e+00 +2.1999e+00 -1.8738e+00 +2.6351e+00 +1.9815e+00 +1.8728e+00 +1.0000e+00 +8.5844e-01 +2.8643e+00 +1.1287e+00
180 0 +5.525285791e+01 +1.481928579e+02 +1.481928579e+02 +1.5846e+00 +2.0259e+00 -3.1138e-01 +2.7289e+00 +1.5471e+00 +1.7991e+00 -4.9963e-02 -3.2069e-01 +2.0249e+00 +2.6008e-01
182 0 +4.862668607e+01 +1.415666861e+02 +1.415666861e+02 +2.2689e+00 +2.7539e+00 -1.4080e+00 +3.1574e+00 +2.1705e+00 +1.4010e+00 +1.6080e-01 +3.2965e-01 +2.7114e+00 +3.3845e-01
206 0 +4.260444222e+01 +1.355444422e+02 +1.355444422e+02 +2.0923e+00 +2.1565e+00 -9.0761e-01 +3.3351e+00 +2.6243e+00 +1.4668e+00 +1.1054e-01 +5.1456e-01 +2.3949e+00 +4.2533e-01
216 0 +4.121350287e+01 +1.341535029e+02 +1.341535029e+02 +1.9396e+00 +2.6215e+00 -1.1663e+00 +3.4185e+00 +1.6266e+00 +1.0728e+00 +8.7343e-01 -1.1380e-01 +2.5914e+00 +2.2040e-01
220 0 +4.068537246e+01 +1.336253725e+02 +1.336253725e+02 +1.5436e+00 +2.1916e+00 -7.7766e-01 +3.4106e+00 +2.0818e+00 +1.0141e+00 +5.3528e-01 +7.3262e-01 +2.8025e+00 +4.7830e-01
221 0 +3.930622712e+01 +1.322462271e+02 +1.322462271e+02 +1.7077e+00 +2.3812e+00 -8.5487e-01 +3.3093e+00 +2.0929e+00 +1.4258e+00 +3.1771e-01 +4.3069e-01 +2.8329e+00 +3.4935e-01
232 0 +3.758203877e+01 +1.305220388e+02 +1.305220388e+02 +2.1201e+00 +2.2339e+00 -8.1896e-01 +2.9703e+00 +1.9833e+00 +1.2591e+00 +1.5859e-01 +4.1978e-01 +2.7561e+00 +1.9775e-01
234 0 +3.649966473e+01 +1.294396647e+02 +1.294396647e+02 +2.2474e+00 +2.3201e+00 -8.8661e-01 +3.7128e+00 +2.0272e+00 +4.0780e-01 +7.1679e-01 +4.9746e-02 +2.8136e+00 +6.3005e-01
238 0 +3.430110390e+01 +1.272411039e+02 +1.272411039e+02 +1.9933e+00 +1.9751e+00 -4.1098e-01 +3.2343e+00 +2.0731e+00 +6.7283e-01 +4.9568e-01 +1.0213e-01 +2.3484e+00 -1.2720e-01
243 0 +2.949466681e+01 +1.224346668e+02 +1.224346668e+02 +2.0367e+00 +2.2243e+00 -7.7987e-01 +3.2191e+00 +2.1691e+00 +9.4134e-01 +4.7617e-01 +1.4495e-01 +2.8067e+00 +1.0353e-01
259 0 +2.749384515e+01 +1.204338452e+02 +1.204338452e+02 +2.0458e+00 +2.5196e+00 -7.9529e-01 +3.4775e+00 +2.5489e+00 +9.9427e-01 +5.8662e-01 +2.5964e-01 +3.2434e+00 -7.1454e-02
262 0 +2.266148646e+01 +1.156014865e+02 +1.156014865e+02 +2.3947e+00 +2.3820e+00 -4.6612e-01 +3.5591e+00 +2.2255e+00 +8.9122e-01 +3.2721e-01 -4.0967e-01 +2.9998e+00 +2.6441e-01
269 0 +2.009143320e+01 +1.130314332e+02 +1.130314332e+02 +2.1253e+00 +2.5623e+00 -7.1125e-01 +3.3292e+00 +2.6299e+00 +1.4109e+00 +5.1668e-01 -5.3068e-01 +2.9130e+00 +3.1941e-01
320 0 +1.753578979e+01 +1.104757898e+02 +1.104757898e+02 +2.1676e+00 +2.3842e+00 -9.9463e-01 +3.5271e+00 +2.2149e+00 +1.4566e+00 +8.2720e-01 -3.5071e-01 +3.0743e+00 +6.0913e-01
329 0 +1.630191778e+01 +1.092419178e+02 +1.092419178e+02 +2.3640e+00 +2.4018e+00 -1.0711e+00 +3.8480e+00 +2.0462e+00 +1.5468e+00 +8.7390e-01 -2.8004e-01 +3.0796e+00 +4.3861e-01
338 0 +1.508526847e+01 +1.080252685e+02 +1.080252685e+02 +2.5598e+00 +2.4067e+00 -7.1309e-01 +4.0600e+00 +2.3506e+00 +1.3368e+00 +1.5115e+00 -7.3059e-01 +2.7802e+00 +8.9097e-01
380 0 +1.343329030e+01 +1.063732903e+02 +1.063732903e+02 +2.3803e+00 +2.5387e+00 -6.4799e-01 +3.8977e+00 +2.3468e+00 +1.3208e+00 +1.4496e+00 -7.0849e-01 +2.8746e+00 +6.2856e-01
452 0 +1.222391220e+01 +1.051639122e+02 +1.051639122e+02 +2.4774e+00 +2.3482e+00 -7.3533e-01 +3.7410e+00 +2.4154e+00 +1.3850e+00 +1.2365e+00 -5.4284e-01 +2.7151e+00 +6.7807e-01
474 0 +1.156827282e+01 +1.045082728e+02 +1.045082728e+02 +2.5539e+00 +2.4257e+00 -6.4575e-01 +3.8538e+00 +2.3797e+00 +1.3836e+00 +1.2969e+00 -6.2581e-01 +2.8554e+00 +5.5878e-01
475 0 +1.071537375e+01 +1.036553738e+02 +1.036553738e+02 +2.5287e+00 +2.2845e+00 -7.2043e-01 +3.9604e+00 +2.2601e+00 +1.3534e+00 +1.3935e+00 -9.1833e-01 +3.0212e+00 +5.4363e-01
558 0 +1.019560902e+01 +1.031356090e+02 +1.031356090e+02 +2.4626e+00 +2.3409e+00 -4.1298e-01 +3.8596e+00 +2.3006e+00 +1.2820e+00 +1.1792e+00 -4.3310e-01 +3.0903e+00 +2.9791e-01
606 0 +9.933512560e+00 +1.028735126e+02 +1.028735126e+02 +2.3828e+00 +2.2848e+00 -2.8246e-01 +3.9436e+00 +2.3259e+00 +1.3041e+00 +1.1202e+00 -5.9035e-01 +3.0023e+00 +2.7060e-01
607 0 +9.663424761e+00 +1.026034248e+02 +1.026034248e+02 +2.4423e+00 +2.2835e+00 -3.6582e-01 +4.0407e+00 +2.3326e+00 +1.2142e+00 +1.0848e+00 -7.8541e-01 +3.0340e+00 +1.5731e-01
697 0 +9.511236214e+00 +1.024512362e+02 +1.024512362e+02 +2.4783e+00 +2.2935e+00 -2.3258e-01 +4.0491e+00 +2.3495e+00 +1.1230e+00 +1.2262e+00 -6.4636e-01 +2.9442e+00 +2.1989e-01
723 0 +9.255973919e+00 +1.021959739e+02 +1.021959739e+02 +2.5647e+00 +2.4138e+00 -2.1145e-01 +4.0910e+00 +2.5429e+00 +1.1150e+00 +1.2758e+00 -6.2757e-01 +2.8855e+00 +2.4096e-01
954 0 +9.072721844e+00 +1.020127218e+02 +1.020127218e+02 +2.5298e+00 +2.3103e+00 -6.2525e-02 +4.0107e+00 +2.4744e+00 +1.1908e+00 +1.1226e+00 -6.4309e-01 +2.8012e+00 +1.7108e-01
% f evaluations | g evaluations | best noise-free fitness - Fopt (3.535000000000e+01) + sum g_i+ | measured fitness | best measured fitness or single-digit g-values | x1 | x2...
1 0 +3.817950521e+02 +4.171450521e+02 +4.171450521e+02 +0.0000e+00 +0.0000e+00 +0.0000e+00 +0.0000e+00 +0.0000e+00 +0.0000e+00 +0.0000e+00 +0.0000e+00 +0.0000e+00 +0.0000e+00
2 0 +3.429258307e+02 +3.782758307e+02 +3.782758307e+02 +4.3379e-01 +3.0692e-02 +9.8026e-02 +3.4094e-01 +2.4727e-01 +1.7369e-01 -1.1375e-01 -3.0566e-01 +1.1285e-01 -1.5359e-01
17 0 +3.265181596e+02 +3.618681596e+02 +3.618681596e+02 +7.4759e-01 +7.0397e-01 -1.0232e-01 +4.9099e-01 -4.9385e-02 +6.5313e-01 +2.4707e-01 -1.7183e-01 +4.9892e-01 -4.7167e-01
28 0 +3.226733618e+02 +3.580233618e+02 +3.580233618e+02 +6.2082e-01 +5.3431e-01 -3.4242e-01 +3.2391e-01 +6.4105e-01 -1.2795e-01 +1.7507e-01 -1.8886e-01 -5.0641e-02 -4.6667e-02
39 0 +2.839113385e+02 +3.192613385e+02 +3.192613385e+02 +1.3472e+00 +3.5296e-01 -2.2853e-01 +4.9783e-01 +3.4567e-01 +3.0607e-01 -1.6843e-01 +3.8578e-01 -3.2899e-01 -2.0282e-01
50 0 +2.240094893e+02 +2.593594893e+02 +2.593594893e+02 +1.3018e+00 +4.4522e-01 -1.0579e-01 +4.9182e-01 +5.1822e-01 -7.3287e-02 +6.4667e-02 +7.3019e-01 +2.5177e-02 +3.8318e-01
75 0 +2.038472854e+02 +2.391972854e+02 +2.391972854e+02 +7.1752e-01 +7.1801e-01 -1.0170e-01 +7.9656e-01 +2.7382e-01 -8.6894e-02 +1.4652e-01 +4.4749e-01 +5.7200e-01 +2.9179e-01
87 0 +1.853288006e+02 +2.206788006e+02 +2.206788006e+02 +1.6966e+00 +7.2791e-01 -4.6357e-01 +8.3797e-01 +2.0040e-01 -3.1765e-01 -2.2469e-01 +1.5568e+00 +4.0457e-01 +2.3814e-01
105 0 +1.440375502e+02 +1.793875502e+02 +1.793875502e+02 +1.5405e+00 +9.7888e-01 +3.5448e-01 +9.2394e-01 +2.2052e-01 -2.0840e-01 -7.4128e-02 +1.3114e+00 +4.6464e-01 +2.1142e-01
112 0 +7.424594175e+01 +1.095959417e+02 +1.095959417e+02 +1.3084e+00 +6.4097e-01 +4.3095e-01 +1.3871e+00 +4.2830e-01 -9.2544e-01 +9.4826e-02 +9.3880e-01 +4.8784e-01 +2.8254e-01
148 0 +6.208493475e+01 +9.743493475e+01 +9.743493475e+01 +1.4613e+00 +5.7233e-01 +1.0535e+00 +1.6993e+00 +4.6025e-01 -5.9417e-01 +3.8559e-02 +1.3594e+00 +8.5915e-01 +2.4038e-01
156 0 +4.849859552e+01 +8.384859552e+01 +8.384859552e+01 +1.4832e+00 +1.2136e+00 +5.4690e-01 +2.0224e+00 +5.6123e-01 -1.0551e+00 +6.0351e-01 +1.6913e+00 +6.0813e-01 +1.3913e-01
172 0 +3.378375390e+01 +6.913375390e+01 +6.913375390e+01 +1.3907e+00 +6.6783e-01 +7.4745e-01 +1.8158e+00 +9.2778e-01 -1.2665e+00 +1.4969e-01 +1.1781e+00 +1.0363e+00 -2.7894e-01
210 0 +3.142745974e+01 +6.677745974e+01 +6.677745974e+01 +2.1085e+00 +1.6527e+00 +9.6443e-01 +2.5843e+00 +8.0292e-01 -1.0584e+00 +4.5475e-01 +1.4653e+00 +1.1578e+00 -2.9150e-02
215 0 +2.581153441e+01 +6.116153441e+01 +6.116153441e+01 +1.6347e+00 +1.4850e+00 +1.0587e+00 +2.2295e+00 +5.9209e-01 -1.0704e+00 +5.3456e-01 +1.5946e+00 +1.4680e+00 -5.8819e-01
275 0 +2.336932118e+01 +5.871932118e+01 +5.871932118e+01 +2.4145e+00 +1.6149e+00 +1.4285e+00 +2.1011e+00 +2.1741e-01 -1.0733e+00 +9.0650e-01 +8.7645e-01 +7.9804e-01 -8.8340e-01
325 0 +2.124810590e+01 +5.659810590e+01 +5.659810590e+01 +1.9632e+00 +1.7264e+00 +8.3270e-01 +2.4527e+00 +5.0158e-02 -5.4589e-01 +1.4724e+00 +7.9029e-01 +8.5523e-01 -3.0271e-01
339 0 +1.744665546e+01 +5.279665546e+01 +5.279665546e+01 +1.6864e+00 +1.7438e+00 +8.3358e-01 +2.7624e+00 -2.8872e-02 -3.5333e-01 +1.1683e+00 +9.9326e-01 +9.2727e-01 -1.9443e-01
376 0 +1.654645364e+01 +5.189645364e+01 +5.189645364e+01 +2.1722e+00 +2.2483e+00 +8.5312e-01 +3.1677e+00 -1.7087e-01 -3.0955e-02 +1.3798e+00 +1.2382e+00 +6.5690e-01 -2.9411e-01
386 0 +1.504649845e+01 +5.039649845e+01 +5.039649845e+01 +2.1846e+00 +2.1976e+00 +8.1794e-01 +3.1038e+00 -1.9252e-01 -1.2310e-01 +1.6451e+00 +1.0213e+00 +8.0074e-01 -4.4864e-01
463 0 +1.373201916e+01 +4.908201916e+01 +4.908201916e+01 +2.3004e+00 +1.8939e+00 +1.1964e+00 +3.1340e+00 -7.3465e-02 -2.2464e-01 +1.9752e+00 +1.1352e+00 +1.4976e+00 -8.0643e-01
487 0 +1.333418608e+01 +4.868418608e+01 +4.868418608e+01 +2.2013e+00 +2.0180e+00 +7.9689e-01 +2.9531e+00 -6.7834e-01 +2.1176e-01 +1.7737e+00 +1.4259e+00 +1.0007e+00 -1.0243e+00
488 0 +1.315698956e+01 +4.850698956e+01 +4.850698956e+01 +2.4653e+00 +2.2513e+00 +1.4474e+00 +3.5967e+00 -3.3141e-01 +5.2888e-01 +2.3066e+00 +1.3447e+00 +1.4914e+00 -1.1465e+00
551 0 +1.270090966e+01 +4.805090966e+01 +4.805090966e+01 +2.0136e+00 +1.7550e+00 +1.1069e+00 +2.9356e+00 -2.7935e-01 -1.5063e-01 +1.7973e+00 +1.3354e+00 +1.4789e+00 -1.0769e+00
561 0 +1.063888819e+01 +4.598888819e+01 +4.598888819e+01 +1.8702e+00 +1.6490e+00 +1.1716e+00 +2.7993e+00 -3.6259e-01 -1.6907e-01 +1.6846e+00 +1.6365e+00 +1.3145e+00 -1.1037e+00
575 0 +1.037939452e+01 +4.572939452e+01 +4.572939452e+01 +1.9112e+00 +1.6898e+00 +1.4390e+00 +3.0667e+00 -4.2264e-01 -1.6998e-01 +1.8191e+00 +1.2913e+00 +1.2901e+00 -1.2563e+00
581 0 +9.898210966e+00 +4.524821097e+01 +4.524821097e+01 +2.0892e+00 +1.7640e+00 +1.2900e+00 +3.0086e+00 -5.5064e-01 -1.0030e-02 +1.8374e+00 +1.2875e+00 +1.4450e+00 -1.3715e+00
596 0 +9.603889971e+00 +4.495388997e+01 +4.495388997e+01 +1.9850e+00 +1.6418e+00 +1.4437e+00 +2.9423e+00 -3.4743e-01 +3.0487e-02 +1.5182e+00 +1.4785e+00 +1.1600e+00 -1.2599e+00
598 0 +9.457275994e+00 +4.480727599e+01 +4.480727599e+01 +2.1470e+00 +1.8235e+00 +1.4080e+00 +3.1804e+00 -6.3528e-01 +8.2286e-02 +1.7007e+00 +1.5324e+00 +1.4940e+00 -1.2992e+00
606 0 +9.258026094e+00 +4.460802609e+01 +4.460802609e+01 +2.0213e+00 +1.7469e+00 +1.3815e+00 +2.9653e+00 -4.7709e-01 +4.7002e-02 +1.6563e+00 +1.4284e+00 +1.4099e+00 -1.2654e+00
630 0 +9.076891834e+00 +4.442689183e+01 +4.442689183e+01 +2.1119e+00 +1.8951e+00 +1.3971e+00 +2.8671e+00 -4.5048e-01 +1.4217e-01 +1.6010e+00 +1.5926e+00 +1.1949e+00 -1.1838e+00
637 0 +8.901147630e+00 +4.425114763e+01 +4.425114763e+01 +2.2110e+00 +1.8934e+00 +1.4071e+00 +3.1169e+00 -7.1850e-01 +9.1690e-02 +1.6441e+00 +1.6358e+00 +1.2891e+00 -1.2875e+00
733 0 +8.407092703e+00 +4.375709270e+01 +4.375709270e+01 +2.0123e+00 +1.7777e+00 +1.6230e+00 +2.8382e+00 -5.5434e-01 +1.6437e-01 +1.5099e+00 +1.7118e+00 +1.2521e+00 -1.1780e+00
773 0 +8.225237912e+00 +4.357523791e+01 +4.357523791e+01 +2.0141e+00 +1.9107e+00 +1.5338e+00 +2.8607e+00 -5.0345e-01 +2.3304e-01 +1.4864e+00 +1.8152e+00 +1.0159e+00 -1.0908e+00
928 0 +8.103443685e+00 +4.345344368e+01 +4.345344368e+01 +2.1231e+00 +1.8754e+00 +1.5970e+00 +2.8555e+00 -5.6529e-01 +2.6261e-01 +1.3705e+00 +1.8565e+00 +1.2026e+00 -1.2222e+00
% f evaluations | g evaluations | best noise-free fitness - Fopt (3.820000000000e+00) + sum g_i+ | measured fitness | best measured fitness or single-digit g-values | x1 | x2...
1 0 +2.465692563e+02 +2.503892563e+02 +2.503892563e+02 +0.0000e+00 +0.0000e+00 +0.0000e+00 +0.0000e+00 +0.0000e+00 +0.0000e+00 +0.0000e+00 +0.0000e+00 +0.0000e+00 +0.0000e+00
2 0 +2.121690950e+02 +2.159890950e+02 +2.159890950e+02 +4.3379e-01 +3.0692e-02 +9.8026e-02 +3.4094e-01 +2.4727e-01 +1.7369e-01 -1.1375e-01 -3.0566e-01 +1.1285e-01 -1.5359e-01
4 0 +1.972274404e+02 +2.010474404e+02 +2.010474404e+02 +2.1661e-01 -2.7248e-01 -1.4933e-01 +1.8171e-01 -5.0930e-01 +2.3317e-01 -2.5183e-01 -1.2653e-01 +4.3300e-01 -1.9345e-02
13 0 +1.749796831e+02 +1.787996831e+02 +1.787996831e+02 +1.9574e-01 -5.1465e-02 +2.6095e-01 +2.0423e-01 -2.7339e-01 -2.3396e-01 -2.7434e-01 -7.9595e-01 -3.6418e-01 +4.8542e-01
16 0 +1.666276491e+02 +1.704476491e+02 +1.704476491e+02 +3.2669e-01 -4.3966e-02 -3.2956e-01 +1.3256e-01 +9.9379e-01 -1.3982e-01 -6.9333e-02 -5.1607e-01 +5.5532e-01 +4.0553e-01
22 0 +1.373012648e+02 +1.411212648e+02 +1.411212648e+02 +5.3259e-01 +3.8133e-03 -1.0677e-01 -1.1066e-01 -1.8496e-01 -7.2050e-02 -4.0737e-01 -8.9338e-01 +4.7772e-01 +3.6892e-01
24 0 +1.246842846e+02 +1.285042846e+02 +1.285042846e+02 +1.2182e-01 +1.9694e-01 -4.7202e-01 +2.1228e-01 -3.1106e-01 +3.7335e-01 -1.0620e-01 -1.0316e+00 +4.6337e-01 +5.9532e-01
29 0 +1.043795785e+02 +1.081995785e+02 +1.081995785e+02 +8.5242e-01 -4.8692e-01 -3.1934e-01 +1.3578e-01 +2.7145e-01 +9.4382e-02 -1.0137e-02 -9.8067e-01 +5.3683e-01 +4.5281e-01
41 0 +9.487503484e+01 +9.869503484e+01 +9.869503484e+01 +8.2030e-01 +1.1704e-02 +1.7874e-02 +9.4316e-02 -1.0528e-01 -2.5512e-01 -3.5148e-01 -1.0579e+00 +7.8710e-01 +5.3965e-01
46 0 +9.091570113e+01 +9.473570113e+01 +9.473570113e+01 +8.6384e-01 -1.2903e-01 -2.3240e-02 +4.0541e-02 -2.1810e-01 +2.0475e-01 -1.0446e-01 -9.9624e-01 +1.1920e+00 +1.9798e-01
58 0 +6.753460488e+01 +7.135460488e+01 +7.135460488e+01 +1.3403e+00 -2.3397e-01 -5.1603e-01 +1.1936e-01 -5.3247e-01 +1.5807e-01 -6.0220e-01 -1.5908e+00 +1.0198e+00 +4.0107e-01
71 0 +5.965153842e+01 +6.347153842e+01 +6.347153842e+01 +7.1208e-01 -3.1490e-01 -5.7680e-01 +8.5256e-03 -3.0266e-01 +2.4846e-01 -6.3139e-01 -1.7524e+00 +1.4653e+00 +1.0167e+00
89 0 +5.239448920e+01 +5.621448920e+01 +5.621448920e+01 +1.0866e+00 +2.3413e-01 -5.2478e-01 -3.4701e-01 -5.3083e-01 -2.1613e-02 -5.0000e-01 -1.9654e+00 +2.2678e+00 +1.3422e+00
98 0 +4.708301057e+01 +5.090301057e+01 +5.090301057e+01 +1.1807e+00 -9.7912e-02 +6.6797e-02 -3.7183e-01 -2.1731e-01 +8.1608e-01 -1.1073e+00 -2.0500e+00 +2.8108e+00 +1.3755e+00
100 0 +4.502305142e+01 +4.884305142e+01 +4.884305142e+01 +8.9978e-01 +3.2905e-02 -3.4255e-01 -1.9626e-01 -3.2229e-01 +1.4511e-01 -3.4327e-02 -1.8207e+00 +2.2336e+00 +9.4747e-01
117 0 +4.431232762e+01 +4.813232762e+01 +4.813232762e+01 +1.0272e+00 +5.0509e-02 -4.2105e-01 -2.4651e-01 -1.5521e-01 -2.4137e-01 -1.5207e-01 -2.6588e+00 +3.1284e+00 +8.3163e-01
128 0 +4.216653037e+01 +4.598653037e+01 +4.598653037e+01 +1.5123e+00 +3.4579e-01 -2.3798e-01 +2.7979e-01 -2.1999e-01 +3.9944e-01 -1.0455e+00 -1.8473e+00 +2.3349e+00 +1.0630e+00
133 0 +4.136790375e+01 +4.518790375e+01 +4.518790375e+01 +1.2044e+00 +6.0310e-01 -3.1464e-01 +2.2325e-01 -2.0659e-01 -3.8589e-02 -3.1255e-01 -2.2329e+00 +2.2861e+00 +9.2993e-01
139 0 +3.702121196e+01 +4.084121196e+01 +4.084121196e+01 +1.5945e+00 +3.8310e-01 -2.2699e-01 +3.9513e-01 -3.4303e-01 +2.4112e-01 -6.2761e-01 -2.2143e+00 +3.0458e+00 +1.2941e+00
144 0 +3.132786321e+01 +3.514786321e+01 +3.514786321e+01 +1.2829e+00 +3.3972e-01 -2.4110e-01 +5.4424e-01 -2.1345e-01 +2.6449e-02 -3.8011e-01 -2.5783e+00 +2.6432e+00 +1.0513e+00
147 0 +3.005162036e+01 +3.387162036e+01 +3.387162036e+01 +2.1029e+00 +2.9931e-01 +3.8486e-01 +6.5848e-01 +4.1392e-01 +5.9189e-01 -7.2088e-01 -2.7690e+00 +2.7760e+00 +1.4350e+00
161 0 +2.848128519e+01 +3.230128519e+01 +3.230128519e+01 +1.8427e+00 +8.1621e-01 +3.6294e-01 +7.9390e-01 +2.9366e-01 -3.1496e-02 -3.8499e-01 -2.6266e+00 +2.8454e+00 +8.5846e-01
166 0 +2.673325656e+01 +3.055325656e+01 +3.055325656e+01 +1.3430e+00 +4.3812e-01 +6.3595e-01 +8.3496e-01 +3.0862e-01 +1.7999e-02 -2.9807e-01 -2.3835e+00 +2.5443e+00 +1.0752e+00
191 0 +2.493412658e+01 +2.875412658e+01 +2.875412658e+01 +1.5134e+00 -1.8917e-02 +5.2287e-01 +3.0330e-01 +6.9845e-01 -1.9679e-01 -5.0623e-01 -2.7038e+00 +2.9447e+00 +8.0767e-01
199 0 +2.109485153e+01 +2.491485153e+01 +2.491485153e+01 +1.4182e+00 +2.7177e-01 +4.6554e-01 +7.6480e-01 +3.1777e-01 +7.8736e-02 -2.2055e-01 -2.6165e+00 +2.9728e+00 +1.0728e+00
229 0 +1.954328547e+01 +2.336328547e+01 +2.336328547e+01 +1.9416e+00 +2.3202e-01 +3.6739e-01 +5.3467e-01 +1.2729e-01 +2.5736e-01 -6.2672e-01 -2.2607e+00 +2.7623e+00 +1.2112e+00
% f evaluations | g evaluations | best noise-free fitness - Fopt (2.175000000000e+01) + sum g_i+ | measured fitness | best measured fitness or single-digit g-values | x1 | x2...
1 0 +3.295796235e+02 +3.513296235e+02 +3.513296235e+02 +0.0000e+00 +0.0000e+00 +0.0000e+00 +0.0000e+00 +0.0000e+00 +0.0000e+00 +0.0000e+00 +0.0000e+00 +0.0000e+00 +0.0000e+00
2 0 +2.972350488e+02 +3.189850488e+02 +3.189850488e+02 +4.3379e-01 +3.0692e-02 +9.8026e-02 +3.4094e-01 +2.4727e-01 +1.7369e-01 -1.1375e-01 -3.0566e-01 +1.1285e-01 -1.5359e-01
3 0 +2.905001315e+02 +3.122501315e+02 +3.122501315e+02 +2.4817e-01 +6.3376e-02 -2.2359e-01 +8.0318e-02 +2.1275e-01 +5.3256e-02 -2.3477e-01 +7.8699e-02 +1.0710e-01 +2.4729e-01
4 0 +2.773525250e+02 +2.991025250e+02 +2.991025250e+02 +2.1661e-01 -2.7248e-01 -1.4933e-01 +1.8171e-01 -5.0930e-01 +2.3317e-01 -2.5183e-01 -1.2653e-01 +4.3300e-01 -1.9345e-02
17 0 +2.702007546e+02 +2.919507546e+02 +2.919507546e+02 +6.6753e-01 +5.8329e-01 -1.9522e-01 +6.7305e-01 -2.6761e-01 +6.9644e-01 +2.6755e-01 -2.1837e-01 +5.1131e-01 -3.7677e-01
23 0 +2.601512969e+02 +2.819012969e+02 +2.819012969e+02 +3.9447e-01 +2.5138e-01 -2.5505e-01 +1.4350e-01 +1.1568e-03 +2.5659e-01 +1.7239e-02 -1.3998e-01 +3.6359e-01 +1.7745e-01
24 0 +2.454023898e+02 +2.671523898e+02 +2.671523898e+02 +2.5536e-01 +4.7285e-01 -6.0019e-01 +2.4398e-01 -3.8326e-01 +5.1882e-01 +1.7312e-02 -4.8937e-01 +5.3039e-01 +6.1841e-01
30 0 +2.351012503e+02 +2.568512503e+02 +2.568512503e+02 +9.5161e-02 +1.9526e-02 -1.4748e-01 +2.1375e-01 +1.5458e-01 -9.2986e-02 -9.7021e-02 -2.8020e-01 +7.1154e-01 +1.5617e-01
31 0 +2.121152160e+02 +2.338652160e+02 +2.338652160e+02 +2.4783e-01 +8.6434e-03 -2.6060e-01 +4.4505e-01 -4.3974e-01 +2.9152e-01 +1.4809e-01 +4.0199e-01 +5.3285e-01 +5.2602e-01
35 0 +2.057620851e+02 +2.275120851e+02 +2.275120851e+02 +4.1210e-01 -1.2073e-01 -2.2614e-01 +6.0770e-01 -4.2878e-01 +4.4854e-01 +5.5740e-01 +1.1038e-01 +4.5972e-01 +3.8740e-01
48 0 +2.017058282e+02 +2.234558282e+02 +2.234558282e+02 +4.1955e-01 +1.1913e-01 -2.7770e-01 +2.1776e-01 -2.3364e-01 -4.0372e-02 +1.0284e-01 +1.4538e-02 +9.8804e-01 +3.6237e-01
62 0 +1.937846759e+02 +2.155346759e+02 +2.155346759e+02 +7.9664e-01 +4.7521e-01 -2.6631e-01 +7.1824e-01 -6.0661e-01 +2.2387e-01 +5.3659e-01 +2.6488e-01 +5.7604e-01 +6.6014e-01
65 0 +1.762535296e+02 +1.980035296e+02 +1.980035296e+02 +4.8545e-01 +6.3206e-01 -5.7564e-01 +2.8956e-01 -8.6663e-02 -2.2088e-01 +1.8873e-01 -1.3930e-01 +1.3200e+00 +8.0390e-01
73 0 +1.584158335e+02 +1.801658335e+02 +1.801658335e+02 +5.6408e-01 +3.2333e-01 -2.3503e-01 +4.1309e-01 -1.3279e-01 -2.4737e-01 +7.0895e-02 +1.5631e-01 +1.3908e+00 +1.2739e+00
75 0 +1.432453378e+02 +1.649953378e+02 +1.649953378e+02 +1.2680e-01 +9.3607e-01 -6.0318e-01 +8.4383e-01 -5.9908e-02 -2.9345e-02 +4.7161e-01 -2.8930e-01 +1.2846e+00 +9.6326e-01
94 0 +1.369677171e+02 +1.587177171e+02 +1.587177171e+02 +8.2968e-01 +1.3600e+00 -9.6738e-01 +7.4757e-01 -9.9915e-01 +1.4000e-01 +2.7945e-01 -5.8298e-01 +2.2159e+00 +2.0407e+00
102 0 +1.241452914e+02 +1.458952914e+02 +1.458952914e+02 +4.2941e-01 +1.4410e+00 -1.2064e+00 +5.9351e-01 -7.7526e-01 -3.5318e-02 +2.4854e-01 +1.5325e-01 +2.3409e+00 +1.7226e+00
109 0 +1.025541477e+02 +1.243041477e+02 +1.243041477e+02 +7.9499e-01 +1.1768e+00 -9.4301e-01 +7.3533e-01 -5.6990e-01 -5.2461e-01 +5.2189e-01 +3.0623e-02 +2.2963e+00 +1.9398e+00
121 0 +9.419389466e+01 +1.159438947e+02 +1.159438947e+02 +9.1164e-01 +1.4577e+00 -1.6316e+00 +8.2179e-01 -8.5930e-01 -2.3635e-01 +8.0230e-01 -2.9738e-01 +2.3807e+00 +1.8447e+00
133 0 +9.267026061e+01 +1.144202606e+02 +1.144202606e+02 +5.7005e-01 +1.2770e+00 -1.1775e+00 +1.0043e+00 -8.3707e-01 -4.2759e-01 +4.5559e-01 +6.1308e-02 +2.2462e+00 +2.0450e+00
140 0 +8.758098922e+01 +1.093309892e+02 +1.093309892e+02 +4.0472e-01 +1.6536e+00 -1.0037e+00 +1.3804e+00 -1.2623e+00 -4.2616e-01 +5.8748e-01 +1.2633e+00 +2.8456e+00 +2.3830e+00
146 0 +8.525960257e+01 +1.070096026e+02 +1.070096026e+02 +3.6107e-01 +1.2788e+00 -8.3374e-01 +1.4152e+00 -1.2316e+00 -6.3840e-01 +5.4146e-01 +4.6083e-01 +3.1299e+00 +2.4431e+00
149 0 +7.341698274e+01 +9.516698274e+01 +9.516698274e+01 +5.8904e-01 +2.0167e+00 -1.5514e+00 +1.6602e+00 -1.1185e+00 -3.3359e-01 +8.8502e-01 +1.2856e-01 +2.1426e+00 +2.9825e+00
153 0 +6.539055709e+01 +8.714055709e+01 +8.714055709e+01 +8.1202e-01 +1.5976e+00 -1.7464e+00 +1.7915e+00 -9.9882e-01 -6.3435e-01 +3.7746e-01 +5.5814e-01 +2.8839e+00 +3.2174e+00
156 0 +6.258608939e+01 +8.433608939e+01 +8.433608939e+01 +3.5862e-02 +1.6486e+00 -1.1370e+00 +1.7518e+00 -6.6022e-01 -8.9834e-01 +1.4023e+00 +1.0616e+00 +2.3357e+00 +2.3782e+00
170 0 +5.798646111e+01 +7.973646111e+01 +7.973646111e+01 +3.0447e-01 +2.1254e+00 -1.2931e+00 +1.9033e+00 -1.1741e+00 -7.4463e-01 +1.1572e+00 +5.6200e-01 +3.0233e+00 +3.3053e+00
175 0 +5.674788035e+01 +7.849788035e+01 +7.849788035e+01 +5.1875e-01 +1.9402e+00 -1.9800e+00 +1.7169e+00 -9.2826e-01 -8.2658e-01 +1.7123e+00 +7.9190e-01 +3.3442e+00 +3.1530e+00
192 0 +5.600015064e+01 +7.775015064e+01 +7.775015064e+01 +8.5373e-01 +1.7738e+00 -1.6415e+00 +1.3178e+00 -6.6454e-01 -7.0855e-01 +1.2861e+00 +7.4041e-01 +2.6981e+00 +2.9202e+00
206 0 +4.228520514e+01 +6.403520514e+01 +6.403520514e+01 +6.2127e-01 +1.6433e+00 -1.6058e+00 +2.2659e+00 -1.7528e-01 -1.2781e+00 +1.4862e+00 +9.7936e-01 +3.1536e+00 +2.8848e+00
243 0 +3.697613856e+01 +5.872613856e+01 +5.872613856e+01 +8.0464e-01 +1.5444e+00 -1.6263e+00 +1.9831e+00 -4.9751e-01 -1.5400e+00 +1.2631e+00 +7.0411e-01 +2.8711e+00 +2.9193e+00
255 0 +3.364273010e+01 +5.539273010e+01 +5.539273010e+01 +7.8674e-01 +1.7052e+00 -1.8913e+00 +1.9667e+00 -7.2672e-01 -1.5103e+00 +1.3042e+00 +1.0890e+00 +2.9944e+00 +2.9754e+00
289 0 +3.286754101e+01 +5.461754101e+01 +5.461754101e+01 +2.1378e-01 +1.0684e+00 -2.1443e+00 +1.6331e+00 -4.8287e-01 -2.4681e+00 +1.5753e+00 +1.0003e+00 +2.5551e+00 +2.7755e+00
290 0 +2.641221537e+01 +4.816221537e+01 +4.816221537e+01 +7.1743e-01 +2.0365e+00 -1.7735e+00 +1.9958e+00 -8.8883e-01 -2.2033e+00 +1.5440e+00 +7.1424e-01 +3.0328e+00 +3.5658e+00
336 0 +2.615000836e+01 +4.790000836e+01 +4.790000836e+01 +8.6571e-01 +1.6416e+00 -2.5773e+00 +1.8666e+00 -5.9700e-01 -1.8033e+00 +1.8636e+00 +7.5641e-01 +2.1884e+00 +3.6590e+00
337 0 +2.180958849e+01 +4.355958849e+01 +4.355958849e+01 +7.0390e-01 +1.9809e+00 -2.7495e+00 +2.2754e+00 -1.1840e+00 -2.2085e+00 +2.3021e+00 +5.8402e-01 +3.0058e+00 +3.6625e+00
340 0 +1.985766588e+01 +4.160766588e+01 +4.160766588e+01 +8.2220e-01 +2.2665e+00 -2.8269e+00 +2.0745e+00 -9.6733e-01 -2.4940e+00 +2.4134e+00 +1.1547e+00 +3.0768e+00 +4.0154e+00
345 0 +1.752547196e+01 +3.927547196e+01 +3.927547196e+01 +5.6000e-01 +2.1921e+00 -2.7404e+00 +2.1281e+00 -1.0347e+00 -2.3839e+00 +2.8113e+00 +9.9926e-01 +2.0864e+00 +4.0050e+00
366 0 +1.699643863e+01 +3.874643863e+01 +3.874643863e+01 +7.9080e-01 +2.2736e+00 -3.0076e+00 +2.2938e+00 -1.2873e+00 -2.4601e+00 +3.0250e+00 +8.9791e-01 +2.3634e+00 +3.9751e+00
395 0 +1.458806342e+01 +3.633806342e+01 +3.633806342e+01 +1.1269e+00 +2.0234e+00 -3.0241e+00 +2.0014e+00 -1.6593e+00 -2.0697e+00 +2.4943e+00 +8.2471e-01 +2.6608e+00 +4.0007e+00
403 0 +1.239416494e+01 +3.414416494e+01 +3.414416494e+01 +1.0251e+00 +2.2955e+00 -2.9039e+00 +2.3587e+00 -1.6070e+00 -1.9359e+00 +2.7087e+00 +1.0941e+00 +2.1131e+00 +3.9863e+00
452 0 +1.208527428e+01 +3.383527428e+01 +3.383527428e+01 +8.3564e-01 +1.9245e+00 -2.7743e+00 +2.0925e+00 -1.0539e+00 -2.2158e+00 +2.5760e+00 +1.4495e+00 +2.0597e+00 +3.7619e+00
454 0 +1.178329847e+01 +3.353329847e+01 +3.353329847e+01 +1.2619e+00 +2.0215e+00 -2.8423e+00 +1.9146e+00 -1.2059e+00 -2.1195e+00 +2.5958e+00 +1.5115e+00 +2.2240e+00 +3.6608e+00
463 0 +1.142403404e+01 +3.317403404e+01 +3.317403404e+01 +1.0961e+00 +1.9343e+00 -2.8788e+00 +2.1310e+00 -1.1646e+00 -2.3227e+00 +2.7110e+00 +1.6012e+00 +2.2468e+00 +4.0666e+00
495 0 +1.075342581e+01 +3.250342581e+01 +3.250342581e+01 +1.4273e+00 +1.8045e+00 -3.1717e+00 +2.3147e+00 -1.5923e+00 -2.4996e+00 +3.0798e+00 +1.7166e+00 +2.0934e+00 +4.2007e+00
512 0 +1.048932326e+01 +3.223932326e+01 +3.223932326e+01 +1.1691e+00 +1.6620e+00 -3.0390e+00 +2.5356e+00 -1.1596e+00 -2.5010e+00 +3.2682e+00 +2.0259e+00 +1.8897e+00 +3.9878e+00
515 0 +9.269733706e+00 +3.101973371e+01 +3.101973371e+01 +1.3695e+00 +1.8392e+00 -2.8390e+00 +2.5976e+00 -1.4662e+00 -2.8910e+00 +3.2339e+00 +1.9974e+00 +2.1868e+00 +4.0680e+00
524 0 +7.740128619e+00 +2.949012862e+01 +2.949012862e+01 +1.4847e+00 +1.9303e+00 -2.9817e+00 +2.2978e+00 -1.4605e+00 -2.5729e+00 +3.1115e+00 +1.6789e+00 +2.1130e+00 +3.7724e+00
632 0 +7.352575636e+00 +2.910257564e+01 +2.910257564e+01 +1.2617e+00 +1.7517e+00 -2.8290e+00 +2.3497e+00 -1.6214e+00 -2.7156e+00 +3.0517e+00 +1.8940e+00 +1.7796e+00 +3.9833e+00
693 0 +7.065946989e+00 +2.881594699e+01 +2.881594699e+01 +1.3170e+00 +1.5597e+00 -2.6270e+00 +2.4804e+00 -1.7374e+00 -2.3587e+00 +3.1078e+00 +1.9847e+00 +1.5608e+00 +3.8831e+00
742 0 +6.621824091e+00 +2.837182409e+01 +2.837182409e+01 +1.2800e+00 +1.5339e+00 -2.4436e+00 +2.3042e+00 -1.3855e+00 -2.4236e+00 +2.8135e+00 +1.9331e+00 +1.7306e+00 +3.8476e+00
774 0 +6.600068495e+00 +2.835006850e+01 +2.835006850e+01 +1.1632e+00 +1.5531e+00 -2.4651e+00 +2.3408e+00 -1.4319e+00 -2.4922e+00 +2.9671e+00 +1.9782e+00 +1.7367e+00 +3.9183e+00
% f evaluations | g evaluations | best noise-free fitness - Fopt (6.479000000000e+01) + sum g_i+ | measured fitness | best measured fitness or single-digit g-values | x1 | x2...
1 0 +3.557821840e+02 +4.205721840e+02 +4.205721840e+02 +0.0000e+00 +0.0000e+00 +0.0000e+00 +0.0000e+00 +0.0000e+00 +0.0000e+00 +0.0000e+00 +0.0000e+00 +0.0000e+00 +0.0000e+00
2 0 +3.355323796e+02 +4.003223796e+02 +4.003223796e+02 +4.3379e-01 +3.0692e-02 +9.8026e-02 +3.4094e-01 +2.4727e-01 +1.7369e-01 -1.1375e-01 -3.0566e-01 +1.1285e-01 -1.5359e-01
3 0 +3.256779697e+02 +3.904679697e+02 +3.904679697e+02 +2.4817e-01 +6.3376e-02 -2.2359e-01 +8.0318e-02 +2.1275e-01 +5.3256e-02 -2.3477e-01 +7.8699e-02 +1.0710e-01 +2.4729e-01
13 0 +3.200684730e+02 +3.848584730e+02 +3.848584730e+02 +2.9859e-01 -3.3093e-02 +3.3008e-01 +1.9593e-01 -1.5247e-01 -1.4947e-01 -3.0078e-01 -6.3951e-01 -5.6221e-01 +4.3179e-01
16 0 +2.897890493e+02 +3.545790493e+02 +3.545790493e+02 +4.2988e-01 -1.1356e-02 -2.7370e-01 +1.4032e-01 +1.1262e+00 -4.3138e-02 -9.3689e-02 -3.6220e-01 +3.7209e-01 +3.4859e-01
25 0 +2.733512752e+02 +3.381412752e+02 +3.381412752e+02 +4.3813e-01 +1.4882e-01 -4.3350e-02 +1.6420e-01 +5.3339e-01 +4.5574e-01 -8.6221e-01 -2.3389e-03 -2.2636e-01 +6.3298e-01
41 0 +2.517541357e+02 +3.165441357e+02 +3.165441357e+02 +7.7498e-01 +8.1802e-02 +1.3749e-01 +2.3984e-01 +1.9546e-01 -4.0766e-01 -6.0663e-01 -5.5577e-01 +3.2758e-02 +5.9881e-01
47 0 +2.152207733e+02 +2.800107733e+02 +2.800107733e+02 +7.7945e-01 +1.2165e-01 -1.7475e-01 +7.7852e-01 +5.9769e-01 +2.5306e-01 -1.2680e+00 -2.2722e-01 -2.1163e-02 +7.0356e-01
63 0 +1.804633772e+02 +2.452533772e+02 +2.452533772e+02 +8.0282e-01 +6.2763e-02 -3.6890e-01 +5.7835e-01 +5.6688e-01 +1.6241e-01 -1.3461e+00 -5.2506e-01 -7.3426e-02 +1.3422e+00
79 0 +1.336535629e+02 +1.984435629e+02 +1.984435629e+02 +4.9126e-01 +1.9953e-01 +1.9944e-01 +1.1561e+00 +8.2408e-01 -6.0543e-01 -1.0188e+00 -1.7672e-01 -5.2555e-01 +2.0626e+00
81 0 +1.247771479e+02 +1.895671479e+02 +1.895671479e+02 +1.2917e+00 +8.7135e-01 -6.4009e-03 +9.2476e-01 +8.1031e-01 +4.1199e-01 -1.6878e+00 +2.3635e-01 -4.8187e-01 +1.8658e+00
97 0 +9.103273932e+01 +1.558227393e+02 +1.558227393e+02 +9.0731e-01 +8.3515e-01 -7.6115e-02 +7.8726e-01 +9.6913e-01 -6.6540e-01 -1.5054e+00 +6.6989e-01 -5.4370e-01 +2.1671e+00
101 0 +8.158457512e+01 +1.463745751e+02 +1.463745751e+02 +7.5234e-01 -4.3142e-02 -9.4884e-01 +1.5411e+00 +9.8895e-01 +1.3994e-01 -2.2630e+00 +9.4916e-01 -1.0785e+00 +2.4749e+00
113 0 +7.360778106e+01 +1.383977811e+02 +1.383977811e+02 +4.7184e-01 +3.1545e-01 +7.3108e-03 +1.1548e+00 +8.3250e-01 -8.8916e-02 -2.3551e+00 +8.6489e-01 -5.2843e-01 +2.9684e+00
132 0 +6.540702353e+01 +1.301970235e+02 +1.301970235e+02 +1.4014e+00 +6.9628e-01 -3.7075e-01 +1.6214e+00 +7.8443e-01 -6.4286e-01 -2.4417e+00 +7.0850e-01 -4.2200e-01 +2.7152e+00
144 0 +5.827703662e+01 +1.230670366e+02 +1.230670366e+02 +9.8807e-01 +4.4477e-01 -8.7510e-02 +1.8500e+00 +8.6023e-01 -3.8918e-01 -2.4196e+00 +9.8897e-01 -3.6290e-01 +2.9577e+00
152 0 +4.047118362e+01 +1.052611836e+02 +1.052611836e+02 +9.4101e-01 +4.1356e-02 -4.2777e-01 +1.8700e+00 +9.6249e-01 -9.3163e-01 -2.6796e+00 +5.7715e-01 -1.1603e+00 +2.9694e+00
233 0 +2.975762409e+01 +9.454762409e+01 +9.454762409e+01 +3.8427e-01 -1.3460e-01 -1.6693e-01 +1.6831e+00 +7.4225e-01 -1.1829e+00 -3.3118e+00 +9.8314e-01 -1.7939e+00 +2.7885e+00
267 0 +2.866949143e+01 +9.345949143e+01 +9.345949143e+01 +4.3268e-02 +2.0749e-01 -3.0939e-01 +1.7471e+00 +8.7859e-01 -1.2944e+00 -3.0739e+00 +6.8166e-01 -1.6677e+00 +2.1567e+00
272 0 +2.618407699e+01 +9.097407699e+01 +9.097407699e+01 -3.2373e-01 +1.9325e-01 -3.7478e-02 +1.3618e+00 +8.5464e-01 -1.3844e+00 -2.8921e+00 +9.6326e-01 -1.2670e+00 +2.1130e+00
307 0 +2.320269561e+01 +8.799269561e+01 +8.799269561e+01 -6.5733e-01 +2.4085e-01 -7.3613e-02 +1.4081e+00 +1.2515e+00 -1.2948e+00 -3.0811e+00 +1.1138e+00 -1.6442e+00 +2.5935e+00
320 0 +2.161076950e+01 +8.640076950e+01 +8.640076950e+01 -4.1414e-01 -1.4087e-01 -1.9988e-01 +1.3985e+00 +8.7231e-01 -1.1538e+00 -3.1557e+00 +8.7578e-01 -1.5554e+00 +2.5738e+00
354 0 +1.890002514e+01 +8.369002514e+01 +8.369002514e+01 -3.7132e-01 -1.6518e-01 -9.5870e-02 +1.8038e+00 +6.4456e-01 -1.5278e+00 -3.2022e+00 +1.0381e+00 -1.9601e+00 +2.5880e+00
487 0 +1.775665413e+01 +8.254665413e+01 +8.254665413e+01 -3.8394e-01 -5.5872e-02 -1.2158e-01 +1.9479e+00 +4.5038e-01 -1.6871e+00 -3.1389e+00 +1.1945e+00 -1.7402e+00 +2.5813e+00
623 0 +1.596329691e+01 +8.075329691e+01 +8.075329691e+01 -7.2755e-01 -1.3921e-01 +4.9020e-02 +1.9591e+00 +2.4419e-01 -2.1543e+00 -3.5078e+00 +1.4638e+00 -1.7068e+00 +2.4729e+00
655 0 +1.526597276e+01 +8.005597276e+01 +8.005597276e+01 -6.3460e-01 -2.4638e-01 -4.8974e-02 +1.9170e+00 +1.4590e-01 -1.9889e+00 -3.2306e+00 +1.2144e+00 -1.8683e+00 +2.5630e+00
667 0 +1.439315161e+01 +7.918315161e+01 +7.918315161e+01 -4.7914e-01 -8.0233e-02 -6.9398e-02 +1.8612e+00 +1.0434e-01 -1.9594e+00 -3.3168e+00 +1.0205e+00 -2.0739e+00 +2.4683e+00
731 0 +1.412284042e+01 +7.891284042e+01 +7.891284042e+01 -4.6569e-01 -8.0238e-02 -1.3682e-02 +1.8875e+00 -1.1273e-01 -2.0198e+00 -3.1750e+00 +1.1449e+00 -1.9951e+00 +2.3059e+00
777 0 +1.377255046e+01 +7.856255046e+01 +7.856255046e+01 -4.5121e-01 -1.6179e-02 +5.6688e-02 +2.0058e+00 -1.9090e-01 -2.1067e+00 -3.3343e+00 +1.2765e+00 -2.1333e+00 +2.2899e+00
% f evaluations | g evaluations | best noise-free fitness - Fopt (-1.000000000000e+03) + sum g_i+ | measured fitness | best measured fitness or single-digit g-values | x1 | x2...
1 0 +2.433986431e+02 -7.566013569e+02 -7.566013569e+02 +0.0000e+00 +0.0000e+00 +0.0000e+00 +0.0000e+00 +0.0000e+00 +0.0000e+00 +0.0000e+00 +0.0000e+00 +0.0000e+00 +0.0000e+00
4 0 +2.230994244e+02 -7.769005756e+02 -7.769005756e+02 +2.1661e-01 -2.7248e-01 -1.4933e-01 +1.8171e-01 -5.0930e-01 +2.3317e-01 -2.5183e-01 -1.2653e-01 +4.3300e-01 -1.9345e-02
14 0 +2.031804789e+02 -7.968195211e+02 -7.968195211e+02 -1.0803e-01 +2.5662e-01 -2.7811e-01 -2.0254e-01 -6.4948e-01 +5.8929e-01 -1.0072e-01 +4.0040e-01 -3.1157e-02 +2.8661e-01
24 0 +1.679348859e+02 -8.320651141e+02 -8.320651141e+02 -2.3470e-02 +3.7645e-02 -4.3080e-01 -1.9193e-01 -8.8149e-01 +5.7071e-01 -1.2802e-01 -5.1815e-01 +2.2377e-01 +6.9910e-01
31 0 +1.631252488e+02 -8.368747512e+02 -8.368747512e+02 +2.1419e-02 -4.0068e-01 -1.0341e-01 +3.3466e-02 -9.0453e-01 +3.6014e-01 +9.3770e-03 +3.8471e-01 +2.4583e-01 +6.0644e-01
36 0 +1.599501832e+02 -8.400498168e+02 -8.400498168e+02 -8.5474e-02 -1.2219e-01 -6.0911e-01 -2.6354e-01 -8.2340e-01 +1.2188e-02 +3.5965e-01 -5.1197e-01 +3.9722e-01 -1.6474e-01
45 0 +1.550934457e+02 -8.449065543e+02 -8.449065543e+02 +1.0982e-01 -3.5280e-01 -4.7457e-01 -2.9372e-01 -9.5194e-01 +4.2692e-01 -2.9483e-02 +1.6133e-02 +2.1006e-01 +4.1864e-01
46 0 +1.455190725e+02 -8.544809275e+02 -8.544809275e+02 +2.8737e-01 -5.2828e-01 +1.9708e-02 -2.3200e-01 -1.0235e+00 +6.1382e-01 -6.6634e-02 +1.2937e-01 +6.8184e-01 +1.6137e-01
48 0 +1.414665473e+02 -8.585334527e+02 -8.585334527e+02 +1.4208e-01 -5.3115e-01 -2.4145e-01 -3.1832e-01 -9.2582e-01 +2.7262e-01 -7.0019e-02 +1.9244e-01 +4.7148e-01 +4.0265e-01
53 0 +1.390926495e+02 -8.609073505e+02 -8.609073505e+02 -1.2677e-01 +1.3051e-01 -4.4483e-01 -1.1558e-02 -1.4271e+00 +2.0388e-01 -2.0483e-01 -1.7070e-01 -2.5923e-03 +2.6320e-01
54 0 +1.305267475e+02 -8.694732525e+02 -8.694732525e+02 +8.6792e-02 -5.5581e-01 -5.3558e-01 -2.1317e-01 -1.4962e+00 +3.8293e-01 -3.0446e-01 -1.7771e-02 +4.2760e-01 +3.8961e-02
58 0 +1.182682865e+02 -8.817317135e+02 -8.817317135e+02 +5.3193e-01 -6.0561e-01 -4.9580e-01 -1.2909e-02 -1.5874e+00 +6.1717e-01 -6.3004e-01 -2.4231e-01 +4.6288e-01 +1.9132e-01
66 0 +9.101131599e+01 -9.089886840e+02 -9.089886840e+02 -5.8051e-02 -1.6255e-01 -6.4088e-01 -1.3857e-01 -1.7892e+00 +6.7078e-01 -2.0436e-01 -3.3826e-01 +6.5087e-01 +6.0910e-01
76 0 +8.693392632e+01 -9.130660737e+02 -9.130660737e+02 +3.7861e-01 -6.2312e-01 -5.9456e-01 -4.0807e-02 -2.4059e+00 +1.1342e+00 -3.1017e-01 +6.7422e-02 +4.5973e-01 +6.9363e-01
84 0 +7.603558645e+01 -9.239644135e+02 -9.239644135e+02 -1.6212e-01 -2.9946e-01 -8.1420e-01 +1.8625e-02 -2.3267e+00 +1.3580e+00 -1.6111e-01 -2.3399e-01 +6.8701e-01 +1.3141e+00
86 0 +6.042287611e+01 -9.395771239e+02 -9.395771239e+02 +1.5579e-01 -4.2099e-01 -6.8367e-01 +2.8217e-01 -2.4746e+00 +1.2487e+00 -4.5253e-01 -3.2096e-02 +1.6940e+00 +8.5017e-01
104 0 +5.020097967e+01 -9.497990203e+02 -9.497990203e+02 -5.9451e-01 -1.0429e+00 -7.7195e-01 -4.9791e-01 -3.2492e+00 +1.7311e+00 +4.8993e-01 +1.7389e-03 +1.4719e+00 +6.0856e-01
139 0 +4.626122723e+01 -9.537387728e+02 -9.537387728e+02 -4.5272e-02 -1.3507e+00 -9.2174e-01 +1.7971e-01 -3.6939e+00 +2.0983e+00 -6.3817e-01 +7.1627e-02 +1.7152e+00 +1.3967e+00
140 0 +4.116680194e+01 -9.588331981e+02 -9.588331981e+02 -5.4381e-01 -9.3321e-01 -6.5838e-01 +2.9552e-01 -3.6492e+00 +1.8059e+00 -2.4882e-01 +9.8306e-01 +1.4967e+00 +1.1072e+00
189 0 +3.536814460e+01 -9.646318554e+02 -9.646318554e+02 -5.7845e-01 -8.1374e-01 -8.2719e-01 +2.0473e-01 -2.9777e+00 +1.7318e+00 -3.6832e-01 -1.1550e-02 +1.8457e+00 +7.1750e-01
201 0 +3.091330188e+01 -9.690866981e+02 -9.690866981e+02 -8.9941e-01 -6.1816e-01 -1.2962e+00 +6.4065e-01 -3.2247e+00 +2.0702e+00 -5.6240e-01 +2.7333e-01 +1.6358e+00 +1.3301e+00
215 0 +3.020795281e+01 -9.697920472e+02 -9.697920472e+02 -8.9553e-01 -9.5642e-01 -1.0372e+00 +1.2155e-01 -3.4713e+00 +1.8214e+00 -4.9754e-01 +2.3218e-01 +2.0694e+00 +7.0292e-01
252 0 +2.923138229e+01 -9.707686177e+02 -9.707686177e+02 -4.3558e-01 -7.8960e-01 -1.0800e+00 +4.1246e-01 -3.3994e+00 +1.6674e+00 -6.9884e-01 -3.6561e-02 +2.2356e+00 +8.4143e-01
270 0 +2.478537024e+01 -9.752146298e+02 -9.752146298e+02 -7.5619e-01 -6.1256e-01 -1.4060e+00 +6.3668e-01 -3.1712e+00 +1.8120e+00 -1.7740e-01 -1.4389e-01 +2.5665e+00 +1.0313e+00
356 0 +2.423871829e+01 -9.757612817e+02 -9.757612817e+02 -5.7933e-01 -4.9412e-01 -1.4577e+00 +6.8311e-01 -3.4139e+00 +1.9984e+00 -1.0832e-01 +7.4186e-03 +2.8849e+00 +8.9033e-01
372 0 +2.386133648e+01 -9.761386635e+02 -9.761386635e+02 -9.8038e-01 -6.2391e-01 -1.4456e+00 +6.7240e-01 -3.5570e+00 +2.3639e+00 -4.2490e-01 +2.2866e-02 +2.5109e+00 +8.6557e-01
412 0 +2.221514662e+01 -9.777848534e+02 -9.777848534e+02 -1.0310e+00 -6.0608e-01 -1.3688e+00 +6.6412e-01 -3.5017e+00 +2.4775e+00 -5.9095e-02 +4.2523e-02 +2.9878e+00 +5.6948e-01
459 0 +2.169699917e+01 -9.783030008e+02 -9.783030008e+02 -8.4177e-01 -5.2605e-01 -1.1353e+00 +6.6404e-01 -3.1969e+00 +2.0174e+00 +6.2501e-02 +1.1996e-01 +2.8489e+00 +4.2245e-01
502 0 +2.130397220e+01 -9.786960278e+02 -9.786960278e+02 -1.0989e+00 -6.2920e-01 -1.0983e+00 +7.3887e-01 -3.3322e+00 +2.1300e+00 -1.2675e-01 +2.6140e-01 +2.7450e+00 +3.0240e-01
623 0 +2.080065588e+01 -9.791993441e+02 -9.791993441e+02 -1.1225e+00 -3.8785e-01 -1.0048e+00 +8.5899e-01 -3.2159e+00 +1.6928e+00 -1.3073e-01 +4.1679e-01 +2.6647e+00 +2.0517e-01
% f evaluations | g evaluations | best noise-free fitness - Fopt (1.640700000000e+02) + sum g_i+ | measured fitness | best measured fitness or single-digit g-values | x1 | x2...
1 0 +6.516834997e+02 +8.157534997e+02 +8.157534997e+02 +0.0000e+00 +0.0000e+00 +0.0000e+00 +0.0000e+00 +0.0000e+00 +0.0000e+00 +0.0000e+00 +0.0000e+00 +0.0000e+00 +0.0000e+00
7 0 +5.801290844e+02 +7.441990844e+02 +7.441990844e+02 -2.6321e-01 +2.3560e-01 -2.9494e-01 -4.1433e-02 -2.1060e-01 +1.1878e-01 +8.3286e-02 -6.4943e-01 +2.1039e-01 -1.8282e-01
36 0 +4.774718659e+02 +6.415418659e+02 +6.415418659e+02 +4.5551e-02 +3.6132e-01 -4.4691e-01 +5.4613e-02 +6.7105e-02 -6.9174e-02 +6.6326e-01 -7.7506e-01 +5.0997e-01 -6.9005e-01
114 0 +4.367631981e+02 +6.008331981e+02 +6.008331981e+02 -7.7937e-01 +7.8845e-01 -8.3895e-01 -1.2365e-01 -4.4663e-01 +4.2239e-01 +8.2325e-01 -8.9150e-01 +6.9572e-01 -3.3110e-01
125 0 +4.062843226e+02 +5.703543226e+02 +5.703543226e+02 -6.0067e-01 +7.5373e-01 -6.9675e-01 +3.0803e-01 -1.6928e-01 +2.5987e-01 +7.1949e-01 -1.0256e+00 +5.8750e-01 -4.3642e-01
135 0 +3.708010902e+02 +5.348710902e+02 +5.348710902e+02 -5.4335e-01 +1.0024e+00 -7.2080e-01 +2.1148e-02 +3.4521e-03 +1.0152e-01 +6.3546e-01 -1.3632e+00 +7.1755e-01 -4.0804e-01
145 0 +3.406746200e+02 +5.047446200e+02 +5.047446200e+02 -8.4293e-01 +7.8767e-01 -1.0777e+00 -1.6528e-01 -4.4401e-01 +5.4898e-02 +9.8970e-01 -7.9570e-01 +8.8717e-02 -2.9073e-01
155 0 +3.347577364e+02 +4.988277364e+02 +4.988277364e+02 -7.5347e-01 +7.9200e-01 -8.5199e-01 +2.4621e-02 -3.2270e-01 +1.5299e-01 +7.9423e-01 -9.5536e-01 +3.5643e-01 -4.1182e-01
156 0 +3.009600135e+02 +4.650300135e+02 +4.650300135e+02 -1.0582e+00 +9.8347e-01 -8.8853e-01 +1.9000e-01 -1.7110e-01 -5.0463e-02 +1.3383e+00 -7.0779e-01 +3.2167e-01 -6.0634e-01
162 0 +2.916218541e+02 +4.556918541e+02 +4.556918541e+02 -8.7825e-01 +1.2809e+00 -1.0838e+00 -5.1748e-02 -2.7540e-01 -1.7695e-02 +8.1244e-01 -1.4275e+00 +3.8257e-01 -6.5147e-01
166 0 +2.744236372e+02 +4.384936372e+02 +4.384936372e+02 -1.0007e+00 +9.4891e-01 -8.5720e-01 +1.6978e-02 -2.2752e-01 +3.1450e-02 +8.2723e-01 -1.0060e+00 +3.6405e-01 -5.2972e-01
168 0 +2.441158233e+02 +4.081858233e+02 +4.081858233e+02 -1.3955e+00 +1.0940e+00 -9.0070e-01 +5.0576e-02 -9.5429e-02 +1.7787e-01 +7.2123e-01 -1.3232e+00 +4.6185e-01 -9.3389e-01
184 0 +2.177770023e+02 +3.818470023e+02 +3.818470023e+02 -1.4531e+00 +1.1024e+00 -1.2075e+00 -4.2681e-01 -2.4193e-01 -6.1707e-02 +1.1395e+00 -1.0823e+00 +1.0911e+00 -8.0525e-01
194 0 +1.856305160e+02 +3.497005160e+02 +3.497005160e+02 -1.5030e+00 +1.2001e+00 -1.5617e+00 -1.8062e-01 -1.6517e-01 +2.3215e-01 +9.5221e-01 -1.4540e+00 +7.2694e-02 -9.5290e-01
197 0 +1.666927473e+02 +3.307627473e+02 +3.307627473e+02 -1.7062e+00 +1.0084e+00 -1.5189e+00 -2.4171e-01 -1.5784e-01 +8.6557e-02 +1.4594e+00 -1.0946e+00 +4.6268e-01 -1.0723e+00
202 0 +1.607775628e+02 +3.248475628e+02 +3.248475628e+02 -1.9062e+00 +1.1486e+00 -1.6667e+00 -7.2921e-02 -3.1416e-01 +1.3203e-01 +1.4718e+00 -1.0267e+00 +6.3986e-01 -5.6249e-01
204 0 +1.485522273e+02 +3.126222273e+02 +3.126222273e+02 -2.2350e+00 +1.2805e+00 -1.6328e+00 -5.2596e-01 -5.6645e-01 +7.2186e-02 +1.3299e+00 -1.4856e+00 +7.8615e-01 -9.2188e-01
215 0 +1.131249994e+02 +2.771949994e+02 +2.771949994e+02 -2.2406e+00 +1.3241e+00 -1.5889e+00 -2.1419e-01 -5.4806e-01 +6.1739e-02 +1.5303e+00 -1.1144e+00 +9.3491e-01 -1.2612e+00
226 0 +1.033088618e+02 +2.673788618e+02 +2.673788618e+02 -2.2113e+00 +1.6149e+00 -1.5239e+00 -9.9909e-02 -2.7262e-01 -2.6100e-01 +2.0097e+00 -1.2038e+00 +7.4958e-01 -1.3719e+00
254 0 +1.006290646e+02 +2.646990646e+02 +2.646990646e+02 -2.3194e+00 +1.6137e+00 -2.0665e+00 -4.7958e-01 -4.7899e-01 +4.6696e-02 +1.8273e+00 -1.8637e+00 +8.5555e-01 -1.3762e+00
266 0 +8.490853212e+01 +2.489785321e+02 +2.489785321e+02 -2.8087e+00 +1.0009e+00 -2.1976e+00 -6.3941e-01 -1.2071e+00 -1.4180e-01 +2.0557e+00 -1.7166e+00 +1.0674e+00 -1.5851e+00
272 0 +7.573990363e+01 +2.398099036e+02 +2.398099036e+02 -3.3269e+00 +1.6366e+00 -2.5303e+00 -9.6961e-01 -7.0904e-01 -3.8429e-01 +2.2904e+00 -1.6292e+00 +9.4849e-01 -1.7667e+00
309 0 +6.289280067e+01 +2.269628007e+02 +2.269628007e+02 -2.9044e+00 +1.7369e+00 -2.8935e+00 -8.7143e-01 -7.1685e-01 -3.4754e-01 +2.2783e+00 -1.6689e+00 +7.5430e-01 -1.4522e+00
389 0 +5.658011796e+01 +2.206501180e+02 +2.206501180e+02 -3.2469e+00 +1.6576e+00 -3.3592e+00 -1.2210e+00 -1.3038e+00 +9.4000e-01 +1.9070e+00 -1.9133e+00 +1.0274e+00 -1.4759e+00
419 0 +5.444158539e+01 +2.185115854e+02 +2.185115854e+02 -2.8691e+00 +1.7509e+00 -3.5330e+00 -1.1843e+00 -1.6315e+00 +8.9362e-01 +2.1812e+00 -1.7941e+00 +1.0426e+00 -1.4746e+00
420 0 +4.282417085e+01 +2.068941709e+02 +2.068941709e+02 -2.9564e+00 +1.9182e+00 -3.9442e+00 -1.3889e+00 -1.7337e+00 +7.2397e-01 +2.3211e+00 -1.5912e+00 +1.4539e+00 -1.7171e+00
430 0 +4.158582712e+01 +2.056558271e+02 +2.056558271e+02 -3.1225e+00 +1.6055e+00 -3.6296e+00 -1.4013e+00 -1.6443e+00 +6.7573e-01 +2.3759e+00 -1.6332e+00 +1.2575e+00 -1.6836e+00
441 0 +3.911801131e+01 +2.031880113e+02 +2.031880113e+02 -3.1112e+00 +1.6694e+00 -3.6688e+00 -1.3343e+00 -1.5760e+00 +5.1179e-01 +2.4167e+00 -1.4393e+00 +1.3854e+00 -1.6207e+00
447 0 +2.874675594e+01 +1.928167559e+02 +1.928167559e+02 -3.0605e+00 +1.5710e+00 -3.5722e+00 -1.4965e+00 -1.5395e+00 +9.3313e-01 +2.2540e+00 -1.1173e+00 +1.8898e+00 -2.0078e+00
528 0 +2.654249422e+01 +1.906124942e+02 +1.906124942e+02 -2.7406e+00 +8.8360e-01 -3.7635e+00 -1.7693e+00 -1.7889e+00 +7.4939e-01 +3.1832e+00 -5.7386e-01 +1.9650e+00 -2.6938e+00
555 0 +2.534043514e+01 +1.894104351e+02 +1.894104351e+02 -2.7355e+00 +1.4970e+00 -4.0073e+00 -1.5601e+00 -2.0421e+00 +9.0918e-01 +2.9624e+00 -4.5510e-01 +1.8058e+00 -2.7232e+00
611 0 +2.498391628e+01 +1.890539163e+02 +1.890539163e+02 -2.5185e+00 +1.1901e+00 -3.4377e+00 -1.7104e+00 -2.0051e+00 +1.1078e+00 +2.4055e+00 -4.1309e-01 +1.8717e+00 -2.6381e+00
614 0 +2.236569983e+01 +1.864356998e+02 +1.864356998e+02 -2.6888e+00 +1.0330e+00 -3.6569e+00 -2.1627e+00 -2.2376e+00 +4.3490e-01 +3.1563e+00 -4.8213e-02 +2.3470e+00 -2.8178e+00
657 0 +2.080056361e+01 +1.848705636e+02 +1.848705636e+02 -2.9131e+00 +1.0377e+00 -3.4322e+00 -2.2104e+00 -2.0946e+00 +4.6031e-01 +2.4583e+00 -1.6341e-01 +1.9107e+00 -2.8963e+00
687 0 +1.781196215e+01 +1.818819622e+02 +1.818819622e+02 -2.8661e+00 +9.5050e-01 -3.5114e+00 -2.0480e+00 -1.7668e+00 +4.9720e-01 +3.0107e+00 +1.6620e-01 +2.3808e+00 -2.8913e+00
726 0 +1.655118724e+01 +1.806211872e+02 +1.806211872e+02 -2.7843e+00 +1.2178e+00 -3.5747e+00 -1.9875e+00 -1.8298e+00 +6.8807e-01 +2.6143e+00 -2.6955e-01 +2.0397e+00 -2.7391e+00
796 0 +1.550264487e+01 +1.795726449e+02 +1.795726449e+02 -2.8958e+00 +1.2266e+00 -3.7616e+00 -2.3864e+00 -1.8236e+00 +6.7971e-01 +2.9020e+00 -1.5300e-01 +2.2752e+00 -2.8138e+00
818 0 +1.536965836e+01 +1.794396584e+02 +1.794396584e+02 -3.0441e+00 +1.2052e+00 -3.8552e+00 -2.4432e+00 -1.8547e+00 +5.5888e-01 +2.9602e+00 -5.1380e-02 +2.4540e+00 -2.9231e+00
829 0 +1.461737399e+01 +1.786873740e+02 +1.786873740e+02 -2.9383e+00 +1.3741e+00 -3.8271e+00 -2.2994e+00 -1.9078e+00 +6.8664e-01 +2.7487e+00 -3.0894e-02 +2.1909e+00 -2.8544e+00
834 0 +1.432357729e+01 +1.783935773e+02 +1.783935773e+02 -2.8788e+00 +1.3982e+00 -3.8262e+00 -2.3779e+00 -1.9307e+00 +6.9583e-01 +2.9956e+00 +1.0887e-02 +2.4417e+00 -2.9395e+00
841 0 +1.366077125e+01 +1.777307713e+02 +1.777307713e+02 -2.8523e+00 +1.4800e+00 -3.9812e+00 -2.1585e+00 -1.9254e+00 +9.2289e-01 +2.6069e+00 -8.1714e-02 +2.4241e+00 -2.7314e+00
847 0 +1.273745049e+01 +1.768074505e+02 +1.768074505e+02 -2.6868e+00 +1.4589e+00 -3.8494e+00 -2.3922e+00 -1.8189e+00 +7.6291e-01 +2.6615e+00 -1.0990e-01 +2.4561e+00 -2.9101e+00
890 0 +1.174937270e+01 +1.758193727e+02 +1.758193727e+02 -2.6198e+00 +1.5453e+00 -4.0075e+00 -2.2371e+00 -1.9358e+00 +8.6850e-01 +2.5628e+00 +1.7333e-01 +2.5276e+00 -2.8921e+00
893 0 +1.162279473e+01 +1.756927947e+02 +1.756927947e+02 -2.9333e+00 +1.4247e+00 -4.1913e+00 -2.5499e+00 -2.0699e+00 +9.0407e-01 +2.7733e+00 +9.8678e-02 +2.6085e+00 -3.0651e+00
916 0 +1.142980255e+01 +1.754998026e+02 +1.754998026e+02 -2.6420e+00 +1.6873e+00 -4.1194e+00 -2.3634e+00 -1.9563e+00 +1.0168e+00 +2.6288e+00 +3.3185e-01 +2.6261e+00 -3.1523e+00
% f evaluations | g evaluations | best noise-free fitness - Fopt (-1.656800000000e+02) + sum g_i+ | measured fitness | best measured fitness or single-digit g-values | x1 | x2...
1 0 +1.237541452e+02 -4.192585483e+01 -4.192585483e+01 +0.0000e+00 +0.0000e+00 +0.0000e+00 +0.0000e+00 +0.0000e+00 +0.0000e+00 +0.0000e+00 +0.0000e+00 +0.0000e+00 +0.0000e+00
2 0 +9.382883791e+01 -7.185116209e+01 -7.185116209e+01 +4.3379e-01 +3.0692e-02 +9.8026e-02 +3.4094e-01 +2.4727e-01 +1.7369e-01 -1.1375e-01 -3.0566e-01 +1.1285e-01 -1.5359e-01
11 0 +8.039680226e+01 -8.528319774e+01 -8.528319774e+01 +1.6047e-01 +4.4277e-01 -3.3358e-01 +4.6382e-01 +8.0465e-02 +6.6341e-01 -8.5054e-02 -1.4430e-01 +9.7733e-02 -3.1199e-01
47 0 +7.778981662e+01 -8.789018338e+01 -8.789018338e+01 +1.4271e-01 -2.1532e-02 -4.7031e-01 +7.7780e-01 +6.1199e-02 +3.9955e-01 -4.5546e-01 +2.2592e-02 +3.3449e-01 +3.2724e-01
56 0 +7.204062415e+01 -9.363937585e+01 -9.363937585e+01 +2.2972e-01 +5.2457e-02 -4.3734e-01 +4.6432e-01 -2.6162e-01 -7.0583e-03 -2.2730e-02 -6.0676e-02 +1.9278e-01 +1.5960e-01
78 0 +7.006698683e+01 -9.561301317e+01 -9.561301317e+01 +2.9810e-01 +2.5837e-02 -5.5684e-01 +5.8460e-01 -1.6928e-01 +9.0682e-02 +5.2495e-02 +1.1798e-01 +3.0043e-01 +3.6845e-01
87 0 +6.684302639e+01 -9.883697361e+01 -9.883697361e+01 +6.0891e-01 +1.9625e-01 -8.5450e-01 +6.9885e-01 +4.6118e-02 -1.9351e-01 -9.2981e-02 +8.2035e-01 +3.3235e-01 +3.5239e-01
89 0 +6.284742690e+01 -1.028325731e+02 -1.028325731e+02 +3.3252e-01 +6.3955e-02 -4.6704e-01 +6.6094e-01 -1.0626e-01 +3.9673e-02 -1.2465e-02 +3.4851e-01 +2.5068e-01 +4.7289e-01
101 0 +5.243771107e+01 -1.132422889e+02 -1.132422889e+02 +1.9675e-01 -2.9525e-01 -7.7958e-01 +9.1509e-01 -1.3135e-01 -3.9172e-03 -1.6749e-01 +8.1946e-01 -1.0708e-01 +4.8904e-01
115 0 +4.964388375e+01 -1.160361163e+02 -1.160361163e+02 +3.4330e-01 +5.3604e-01 -4.0583e-01 +1.0758e+00 -1.3240e-01 +1.0836e-02 -2.1449e-02 +9.2694e-01 +2.9375e-01 +7.9036e-01
140 0 +4.491164684e+01 -1.207683532e+02 -1.207683532e+02 +3.0283e-01 +3.7394e-01 -5.7195e-01 +9.6833e-01 -2.9830e-01 -5.4470e-02 +1.0942e-02 +1.3543e+00 +3.5245e-01 +5.1678e-01
161 0 +4.427057104e+01 -1.214094290e+02 -1.214094290e+02 +5.0683e-01 +4.6767e-01 -6.8577e-01 +8.4677e-01 -1.1415e-01 -1.0703e-01 -7.7839e-02 +8.6767e-01 +8.8677e-02 +3.6183e-01
167 0 +4.295021737e+01 -1.227297826e+02 -1.227297826e+02 +2.5756e-03 +1.2244e-01 -6.2951e-01 +6.5610e-01 +2.4366e-01 -5.2778e-01 -8.9655e-02 +1.1051e+00 -2.6799e-01 +5.7441e-01
171 0 +3.861232438e+01 -1.270676756e+02 -1.270676756e+02 +3.6597e-01 +3.4955e-01 -9.1568e-01 +7.6030e-01 -1.1350e-02 -1.9947e-01 +2.0170e-01 +1.6452e+00 +3.2655e-01 +3.5086e-01
196 0 +3.176416096e+01 -1.339158390e+02 -1.339158390e+02 -1.1123e-01 +3.7337e-01 -8.3761e-01 +1.0195e+00 -9.9599e-02 -3.4716e-01 -9.5504e-02 +1.1449e+00 -2.0930e-01 +7.0906e-01
226 0 +2.449484391e+01 -1.411851561e+02 -1.411851561e+02 +8.0709e-02 +4.5937e-01 -8.8297e-01 +9.2597e-01 +2.4494e-01 -3.9711e-01 +1.7316e-01 +1.6387e+00 -2.3805e-01 +3.5555e-01
307 0 +2.368564217e+01 -1.419943578e+02 -1.419943578e+02 -2.5352e-01 +6.3390e-01 -1.0828e+00 +8.1364e-01 +5.2382e-01 -4.6385e-01 -7.2090e-02 +1.9437e+00 -4.1864e-01 +7.6086e-01
360 0 +2.312160576e+01 -1.425583942e+02 -1.425583942e+02 -3.9140e-01 +8.0333e-01 -1.2935e+00 +9.0267e-01 +4.7298e-01 -3.6696e-01 -7.3348e-02 +1.6985e+00 -6.4331e-01 +9.7641e-01
376 0 +2.212470522e+01 -1.435552948e+02 -1.435552948e+02 -4.5980e-01 +8.4337e-01 -1.1133e+00 +9.1088e-01 +4.4572e-01 -2.5722e-01 -1.7377e-01 +1.8886e+00 -6.0126e-01 +8.8551e-01
457 0 +2.181614013e+01 -1.438638599e+02 -1.438638599e+02 -2.4982e-01 +5.5120e-01 -9.6725e-01 +8.7125e-01 +4.5054e-01 -4.4770e-01 +9.4184e-02 +1.9819e+00 -2.7985e-01 +8.4445e-01
% f evaluations | g evaluations | best noise-free fitness - Fopt (9.284000000000e+01) + sum g_i+ | measured fitness | best measured fitness or single-digit g-values | x1 | x2...
1 0 +5.369995826e+02 +6.298395826e+02 +6.298395826e+02 +0.0000e+00 +0.0000e+00 +0.0000e+00 +0.0000e+00 +0.0000e+00 +0.0000e+00 +0.0000e+00 +0.0000e+00 +0.0000e+00 +0.0000e+00
6 0 +5.035735086e+02 +5.964135086e+02 +5.964135086e+02 +1.8723e-01 -2.5702e-01 +1.5212e-01 +1.5671e-02 +5.1476e-01 -6.3323e-02 +3.7553e-01 -3.4671e-01 +9.3874e-02 -2.1343e-01
16 0 +3.945434535e+02 +4.873834535e+02 +4.873834535e+02 +3.2187e-01 +9.9112e-02 -3.7462e-01 +1.9269e-01 +1.1319e+00 -5.5204e-02 -3.8638e-02 -5.2812e-01 +5.0035e-01 +3.5631e-01
25 0 +3.864753751e+02 +4.793153751e+02 +4.793153751e+02 +2.0282e-01 +4.1228e-02 -1.5088e-01 +7.5204e-02 +5.7050e-01 +5.1466e-01 -7.4214e-01 -3.0904e-01 +1.4437e-01 +6.3995e-01
30 0 +3.637613315e+02 +4.566013315e+02 +4.566013315e+02 -1.0154e-01 -1.6645e-01 -4.4462e-02 +1.2113e-01 +3.7625e-01 -1.6251e-01 -2.7481e-01 -7.6946e-01 +5.5892e-01 +1.6492e-01
42 0 +3.548832838e+02 +4.477232838e+02 +4.477232838e+02 +2.7002e-01 +3.5145e-01 -8.5008e-01 -2.3962e-01 -3.5876e-02 +2.6867e-01 -7.2935e-01 -9.8250e-01 +5.8140e-01 +8.3852e-01
43 0 +2.842586344e+02 +3.770986344e+02 +3.770986344e+02 +6.1978e-01 -2.1561e-01 -6.0883e-01 +1.5367e-01 +4.1811e-02 +2.0321e-01 -2.9294e-01 -6.3204e-01 +5.9129e-01 +9.2109e-01
47 0 +2.671982712e+02 +3.600382712e+02 +3.600382712e+02 +3.1399e-01 -1.7688e-02 -4.9177e-01 +6.4225e-01 +4.1041e-01 +4.7385e-01 -1.1307e+00 -7.1420e-01 +7.1455e-01 +8.3444e-01
63 0 +1.635174640e+02 +2.563574640e+02 +2.563574640e+02 +2.5755e-01 -1.5839e-01 -7.1294e-01 +3.4260e-01 +2.4858e-01 +4.6044e-01 -1.2869e+00 -1.1918e+00 +8.9800e-01 +1.4894e+00
71 0 +1.251810963e+02 +2.180210963e+02 +2.180210963e+02 +1.2933e-01 -2.4586e-01 -7.6440e-01 +3.7590e-01 +1.2419e-01 +4.3425e-01 -1.2483e+00 -1.4197e+00 +1.2720e+00 +1.5261e+00
83 0 +1.172048162e+02 +2.100448162e+02 +2.100448162e+02 +3.4948e-01 +4.0515e-01 -9.7058e-01 +3.8161e-01 +6.3389e-01 +1.6396e-01 -1.1678e+00 -2.1031e+00 +2.0749e+00 +1.6465e+00
90 0 +7.789534758e+01 +1.707353476e+02 +1.707353476e+02 -4.0284e-01 +3.2290e-01 -7.7552e-01 +3.5979e-01 -1.3699e-03 +2.1968e-01 -1.1935e+00 -2.1609e+00 +2.6868e+00 +2.3422e+00
113 0 +6.934218982e+01 +1.621821898e+02 +1.621821898e+02 -8.6632e-01 -3.1027e-01 -5.3763e-01 +8.0127e-01 +1.7559e-01 +3.4485e-01 -1.7540e+00 -1.4719e+00 +2.5436e+00 +3.0267e+00
114 0 +6.746800674e+01 +1.603080067e+02 +1.603080067e+02 -1.0482e+00 +3.8464e-01 -9.5533e-01 +2.0636e-01 -4.4866e-02 +2.9933e-01 -7.3212e-01 -1.7695e+00 +2.3279e+00 +1.9236e+00
117 0 +5.687455362e+01 +1.497145536e+02 +1.497145536e+02 -2.2882e-01 -3.1510e-01 -8.3653e-01 +7.9173e-01 +5.1112e-01 -2.7801e-01 -1.4897e+00 -2.6791e+00 +3.0970e+00 +2.3390e+00
119 0 +4.931676086e+01 +1.421567609e+02 +1.421567609e+02 -5.5592e-02 -3.1791e-01 -1.2171e+00 +1.1103e+00 +4.2792e-01 -5.5559e-02 -1.9984e+00 -2.0234e+00 +3.7396e+00 +2.6554e+00
133 0 +3.913103932e+01 +1.319710393e+02 +1.319710393e+02 -2.6177e-01 -3.1198e-01 -1.1939e+00 +7.2733e-01 -3.5723e-02 +1.3177e-02 -1.4149e+00 -1.9765e+00 +2.3093e+00 +2.4546e+00
136 0 +3.686526479e+01 +1.297052648e+02 +1.297052648e+02 -4.2494e-01 -3.5397e-01 -1.6410e+00 +9.1995e-01 -3.0066e-01 +2.1452e-01 -1.4035e+00 -2.1482e+00 +2.5868e+00 +2.7160e+00
144 0 +3.250085153e+01 +1.253408515e+02 +1.253408515e+02 -2.0023e-01 -4.3395e-01 -1.4799e+00 +9.7264e-01 -1.3904e-01 +3.3424e-01 -1.6708e+00 -2.3425e+00 +2.8205e+00 +2.7445e+00
210 0 +3.187839929e+01 +1.247183993e+02 +1.247183993e+02 -8.9496e-03 -4.9467e-01 -1.3876e+00 +8.5788e-01 +3.2840e-01 +5.5915e-01 -1.2937e+00 -2.6890e+00 +2.4579e+00 +2.0727e+00
214 0 +3.152695516e+01 +1.243669552e+02 +1.243669552e+02 +8.0198e-02 -6.7392e-01 -1.0194e+00 +9.3792e-01 +2.7449e-01 +4.4907e-01 -1.3501e+00 -2.3538e+00 +2.5839e+00 +1.9036e+00
218 0 +2.983737685e+01 +1.226773769e+02 +1.226773769e+02 +1.3608e-01 -4.6338e-01 -1.2563e+00 +1.1417e+00 +4.3365e-01 +4.7221e-01 -1.3884e+00 -2.9236e+00 +2.8838e+00 +1.9784e+00
233 0 +2.889316120e+01 +1.217331612e+02 +1.217331612e+02 +1.5817e-01 -1.0753e+00 -1.8070e+00 +6.3518e-01 -6.8543e-03 +1.9202e-01 -1.4515e+00 -2.4876e+00 +1.5267e+00 +2.0003e+00
237 0 +2.837317856e+01 +1.212131786e+02 +1.212131786e+02 +1.0367e+00 -5.4671e-01 -1.6076e+00 +1.1499e+00 +4.1675e-01 +3.9362e-01 -1.0962e+00 -2.6907e+00 +3.4416e+00 +2.0392e+00
240 0 +2.738252333e+01 +1.202225233e+02 +1.202225233e+02 +3.1481e-01 -4.8858e-01 -1.4900e+00 +8.8614e-01 +3.3933e-01 +5.0135e-01 -7.5356e-01 -2.8927e+00 +2.3447e+00 +1.6063e+00
244 0 +2.371792333e+01 +1.165579233e+02 +1.165579233e+02 +2.8424e-01 -1.1155e+00 -1.8603e+00 +2.3172e-01 -1.9576e-02 +3.8308e-01 -8.5705e-01 -2.5041e+00 +2.5190e+00 +2.0303e+00
249 0 +1.973447648e+01 +1.125744765e+02 +1.125744765e+02 +3.9464e-01 -6.5778e-01 -1.7850e+00 +1.1603e+00 +4.1140e-02 +7.8019e-01 -1.2539e+00 -3.1902e+00 +2.1144e+00 +1.7807e+00
353 0 +1.851468306e+01 +1.113546831e+02 +1.113546831e+02 +4.2304e-01 -8.2357e-01 -1.7690e+00 +7.9726e-01 +1.4127e-01 +7.8573e-01 -6.9613e-01 -3.0055e+00 +2.2847e+00 +1.9743e+00
370 0 +1.745023614e+01 +1.102902361e+02 +1.102902361e+02 +3.7431e-01 -9.5170e-01 -1.9916e+00 +8.5617e-01 -2.0453e-01 +1.1522e+00 -4.7974e-01 -3.1791e+00 +2.5379e+00 +2.1383e+00
382 0 +1.511010331e+01 +1.079501033e+02 +1.079501033e+02 +3.8717e-01 -7.2147e-01 -2.1483e+00 +9.0746e-01 -2.4523e-02 +1.1313e+00 -8.9404e-01 -3.0648e+00 +2.2387e+00 +1.8661e+00
420 0 +1.462853798e+01 +1.074685380e+02 +1.074685380e+02 +5.7536e-01 -7.2194e-01 -2.3280e+00 +9.0375e-01 +1.0516e-02 +1.0407e+00 -7.7022e-01 -2.9797e+00 +2.4732e+00 +1.9734e+00
442 0 +1.281531218e+01 +1.056553122e+02 +1.056553122e+02 +6.7677e-01 -7.4757e-01 -2.4898e+00 +1.0207e+00 +2.1290e-01 +1.2616e+00 -8.1516e-01 -2.9499e+00 +2.6839e+00 +1.8427e+00
461 0 +1.219950765e+01 +1.050395077e+02 +1.050395077e+02 +5.9818e-01 -9.6499e-01 -2.0707e+00 +7.6189e-01 +1.1418e-01 +9.4474e-01 -7.4864e-01 -2.6358e+00 +2.6532e+00 +2.3204e+00
467 0 +1.019449507e+01 +1.030344951e+02 +1.030344951e+02 +6.8009e-01 -8.6350e-01 -2.1110e+00 +1.0420e+00 +7.6554e-02 +1.1630e+00 -5.4765e-01 -2.8373e+00 +2.7182e+00 +1.9791e+00
585 0 +9.929723479e+00 +1.027697235e+02 +1.027697235e+02 +6.5656e-01 -8.4830e-01 -2.2028e+00 +1.0424e+00 +1.5821e-01 +1.0861e+00 -6.8616e-01 -2.7085e+00 +2.7365e+00 +1.9648e+00
605 0 +9.509000890e+00 +1.023490009e+02 +1.023490009e+02 +7.0494e-01 -8.6256e-01 -2.1634e+00 +1.0806e+00 +1.2757e-01 +1.0781e+00 -6.4790e-01 -2.7141e+00 +2.9350e+00 +2.1518e+00
648 0 +9.289460947e+00 +1.021294609e+02 +1.021294609e+02 +7.6374e-01 -8.8090e-01 -2.0795e+00 +1.0984e+00 +1.9075e-01 +1.1812e+00 -7.7738e-01 -2.6074e+00 +2.6578e+00 +2.1231e+00
836 0 +9.117349662e+00 +1.019573497e+02 +1.019573497e+02 +9.2586e-01 -7.9469e-01 -2.1412e+00 +1.2164e+00 +1.8292e-01 +1.5263e+00 -8.2894e-01 -2.6183e+00 +2.6716e+00 +2.2127e+00
% f evaluations | g evaluations | best noise-free fitness - Fopt (-3.679200000000e+02) + sum g_i+ | measured fitness | best measured fitness or single-digit g-values | x1 | x2...
1 0 +1.118759657e+02 -2.560440343e+02 -2.560440343e+02 +0.0000e+00 +0.0000e+00 +0.0000e+00 +0.0000e+00 +0.0000e+00 +0.0000e+00 +0.0000e+00 +0.0000e+00 +0.0000e+00 +0.0000e+00
2 0 +1.045285232e+02 -2.633914768e+02 -2.633914768e+02 +4.3379e-01 +3.0692e-02 +9.8026e-02 +3.4094e-01 +2.4727e-01 +1.7369e-01 -1.1375e-01 -3.0566e-01 +1.1285e-01 -1.5359e-01
5 0 +9.286746934e+01 -2.750525307e+02 -2.750525307e+02 -9.0564e-02 +8.4424e-02 -2.8183e-02 -1.8777e-01 +7.4957e-02 +6.4105e-01 +2.7589e-01 +1.3137e-01 +7.7185e-02 +2.3934e-01
6 0 +8.203964408e+01 -2.858803559e+02 -2.858803559e+02 +1.8723e-01 -2.5702e-01 +1.5212e-01 +1.5671e-02 +5.1476e-01 -6.3323e-02 +3.7553e-01 -3.4671e-01 +9.3874e-02 -2.1343e-01
14 0 +8.086414597e+01 -2.870558540e+02 -2.870558540e+02 +1.0050e-02 +2.2587e-01 -1.4298e-01 -1.6222e-01 -3.6432e-01 +5.3045e-01 -2.2414e-02 +4.3407e-01 -1.2416e-01 +2.5993e-01
15 0 +5.840996153e+01 -3.095100385e+02 -3.095100385e+02 +6.2725e-01 -5.0264e-01 +1.7096e-01 -3.2542e-01 -2.1257e-01 +2.4197e-01 +2.9172e-01 +3.4618e-01 -3.1609e-02 +1.6984e-01
20 0 +5.378182289e+01 -3.141381771e+02 -3.141381771e+02 +1.3951e-01 +2.9037e-02 +4.2710e-02 -4.0308e-01 +2.5676e-01 -3.1225e-02 +8.8622e-01 +5.8808e-02 -1.8748e-02 +1.3787e-01
35 0 +4.565992165e+01 -3.222600783e+02 -3.222600783e+02 +6.8216e-01 -6.6079e-01 +6.5572e-03 +1.4977e-01 -1.2717e-01 +3.0677e-01 +8.2273e-01 +7.9997e-02 +4.1400e-02 +4.3007e-01
51 0 +4.355992736e+01 -3.243600726e+02 -3.243600726e+02 +1.0584e+00 -5.4239e-01 -7.6703e-02 -4.9318e-01 -2.5532e-01 -3.9907e-01 +5.3949e-01 -2.3386e-01 -2.1533e-02 +5.0909e-01
72 0 +3.995881420e+01 -3.279611858e+02 -3.279611858e+02 +5.6737e-01 -2.7031e-01 -1.3242e-02 -3.0795e-01 +2.7133e-01 -1.8758e-01 +6.4514e-01 -1.3688e-01 -1.4888e-01 +1.2348e+00
150 0 +3.264035647e+01 -3.352796435e+02 -3.352796435e+02 +9.8391e-01 -2.4026e-01 +2.7428e-01 -1.9471e-01 +5.1464e-01 -4.5767e-01 +9.7479e-01 -5.5066e-01 +3.8154e-01 +1.0953e+00
167 0 +2.473110754e+01 -3.431888925e+02 -3.431888925e+02 +8.5370e-01 -4.8794e-01 +5.2779e-01 -2.7169e-01 +7.4078e-01 -6.8215e-01 +7.4558e-01 -1.9300e-01 -3.8762e-03 +1.3723e+00
179 0 +2.213585672e+01 -3.457841433e+02 -3.457841433e+02 +1.2540e+00 -4.4431e-01 +7.4083e-01 -3.2101e-01 +8.9449e-01 -5.2426e-01 +8.5349e-01 -2.4138e-01 +1.1586e-01 +1.1042e+00
226 0 +2.102227948e+01 -3.468977205e+02 -3.468977205e+02 +1.1150e+00 -4.1853e-01 +8.4341e-01 -3.3340e-01 +9.6618e-01 -7.6151e-01 +1.0174e+00 -1.6774e-01 +3.9280e-01 +9.8675e-01
288 0 +2.008778523e+01 -3.478322148e+02 -3.478322148e+02 +1.4579e+00 -8.2069e-01 +1.0138e+00 -4.6406e-01 +1.0755e+00 -6.4116e-01 +1.0374e+00 -6.0375e-01 +6.2747e-01 +1.1764e+00
319 0 +1.969976967e+01 -3.482202303e+02 -3.482202303e+02 +1.5468e+00 -6.7281e-01 +9.3405e-01 -2.9117e-01 +9.7379e-01 -6.2711e-01 +1.0677e+00 -4.6263e-01 +6.2113e-01 +1.0956e+00
383 0 +1.938020066e+01 -3.485397993e+02 -3.485397993e+02 +1.7908e+00 -6.3993e-01 +9.3169e-01 -1.8304e-01 +1.0277e+00 -6.4874e-01 +1.1313e+00 -9.2958e-01 +5.1782e-01 +1.0639e+00
412 0 +1.782705210e+01 -3.500929479e+02 -3.500929479e+02 +1.4822e+00 -5.2125e-01 +1.0411e+00 -1.5263e-01 +9.4081e-01 -3.2552e-01 +1.2529e+00 -8.6541e-01 +6.6503e-01 +9.3870e-01
420 0 +1.723965476e+01 -3.506803452e+02 -3.506803452e+02 +1.6433e+00 -5.3350e-01 +9.8156e-01 -2.9710e-01 +1.1135e+00 -6.0365e-01 +1.2546e+00 -8.1342e-01 +7.0223e-01 +9.9880e-01
434 0 +1.640566128e+01 -3.515143387e+02 -3.515143387e+02 +1.5305e+00 -6.7790e-01 +1.1825e+00 -2.7651e-01 +1.1947e+00 -6.9898e-01 +1.3418e+00 -9.6442e-01 +7.5168e-01 +9.7149e-01
441 0 +1.605590429e+01 -3.518640957e+02 -3.518640957e+02 +1.5826e+00 -6.3936e-01 +1.1249e+00 -2.6315e-01 +1.1738e+00 -6.7528e-01 +1.2754e+00 -8.5633e-01 +7.3398e-01 +1.1238e+00
451 0 +1.578519047e+01 -3.521348095e+02 -3.521348095e+02 +1.5906e+00 -5.4509e-01 +1.2383e+00 -2.4875e-01 +1.2568e+00 -6.8297e-01 +1.2752e+00 -8.0510e-01 +8.6705e-01 +1.0117e+00
452 0 +1.525836816e+01 -3.526616318e+02 -3.526616318e+02 +1.6655e+00 -6.0113e-01 +1.2433e+00 -2.4425e-01 +1.2050e+00 -6.7208e-01 +1.2743e+00 -9.0356e-01 +8.0232e-01 +9.8871e-01
455 0 +1.508574438e+01 -3.528342556e+02 -3.528342556e+02 +1.6161e+00 -5.9309e-01 +1.3095e+00 -4.4151e-02 +1.1283e+00 -4.8943e-01 +1.2416e+00 -9.3556e-01 +9.4357e-01 +7.2016e-01
465 0 +1.394067635e+01 -3.539793236e+02 -3.539793236e+02 +1.5319e+00 -4.7166e-01 +1.3432e+00 -6.6082e-02 +1.1188e+00 -5.6997e-01 +1.2127e+00 -9.0963e-01 +9.2298e-01 +9.0053e-01
467 0 +1.217477688e+01 -3.557452231e+02 -3.557452231e+02 +1.8456e+00 -5.8924e-01 +1.5212e+00 -4.4024e-02 +1.2924e+00 -6.8524e-01 +1.5193e+00 -1.0322e+00 +1.0545e+00 +7.9342e-01
537 0 +1.128429834e+01 -3.566357017e+02 -3.566357017e+02 +1.6120e+00 -6.7806e-01 +1.9081e+00 +1.1246e-01 +1.3104e+00 -5.9028e-01 +1.7522e+00 -9.2864e-01 +1.1567e+00 +5.2256e-01
590 0 +1.073209977e+01 -3.571879002e+02 -3.571879002e+02 +1.6927e+00 -5.2098e-01 +2.0048e+00 +1.7383e-01 +1.2576e+00 -5.7190e-01 +1.8112e+00 -1.0076e+00 +1.0378e+00 +5.9033e-01
739 0 +1.067238041e+01 -3.572476196e+02 -3.572476196e+02 +1.6352e+00 -5.1499e-01 +1.8614e+00 +7.2414e-02 +1.1971e+00 -6.3708e-01 +1.9592e+00 -6.0466e-01 +9.3011e-01 +7.0269e-01
776 0 +1.045876586e+01 -3.574612341e+02 -3.574612341e+02 +1.5943e+00 -5.0535e-01 +1.9552e+00 +1.8059e-01 +1.0410e+00 -5.0293e-01 +1.9436e+00 -6.6012e-01 +9.1799e-01 +5.3021e-01
865 0 +1.016798842e+01 -3.577520116e+02 -3.577520116e+02 +1.6805e+00 -6.0813e-01 +2.0729e+00 +1.7317e-01 +1.0512e+00 -4.7273e-01 +1.9152e+00 -6.9074e-01 +9.1865e-01 +6.7218e-01
905 0 +9.990995786e+00 -3.579290042e+02 -3.579290042e+02 +1.6729e+00 -6.1793e-01 +2.0208e+00 +1.7852e-01 +9.5143e-01 -4.1438e-01 +1.9000e+00 -7.2636e-01 +8.7114e-01 +6.5929e-01
937 0 +9.668001911e+00 -3.582519981e+02 -3.582519981e+02 +1.6233e+00 -5.8795e-01 +2.1024e+00 +2.2929e-01 +9.2520e-01 -3.9109e-01 +2.0067e+00 -7.3455e-01 +9.2763e-01 +5.5954e-01
976 0 +9.400882459e+00 -3.585191175e+02 -3.585191175e+02 +1.5760e+00 -6.7915e-01 +2.1251e+00 +2.2048e-01 +8.1092e-01 -3.0186e-01 +1.9532e+00 -6.4832e-01 +8.4326e-01 +5.8319e-01
1110 0 +9.292470492e+00 -3.586275295e+02 -3.586275295e+02 +1.4435e+00 -6.5417e-01 +2.1477e+00 +2.6755e-01 +6.6814e-01 -1.9500e-01 +2.0433e+00 -7.2432e-01 +7.4519e-01 +5.3651e-01
% f evaluations | g evaluations | best noise-free fitness - Fopt (4.950000000000e+01) + sum g_i+ | measured fitness | best measured fitness or single-digit g-values | x1 | x2...
1 0 +6.800683109e+02 +7.295683109e+02 +7.295683109e+02 +0.0000e+00 +0.0000e+00 +0.0000e+00 +0.0000e+00 +0.0000e+00 +0.0000e+00 +0.0000e+00 +0.0000e+00 +0.0000e+00 +0.0000e+00
3 0 +6.189446024e+02 +6.684446024e+02 +6.684446024e+02 +2.4817e-01 +6.3376e-02 -2.2359e-01 +8.0318e-02 +2.1275e-01 +5.3256e-02 -2.3477e-01 +7.8699e-02 +1.0710e-01 +2.4729e-01
4 0 +5.359238703e+02 +5.854238703e+02 +5.854238703e+02 +2.1661e-01 -2.7248e-01 -1.4933e-01 +1.8171e-01 -5.0930e-01 +2.3317e-01 -2.5183e-01 -1.2653e-01 +4.3300e-01 -1.9345e-02
17 0 +5.027908058e+02 +5.522908058e+02 +5.522908058e+02 +4.1825e-01 +6.6259e-01 -2.5425e-01 +5.6772e-01 -3.0121e-01 +8.0541e-01 +3.5182e-01 -3.3246e-01 +4.5665e-01 -3.0950e-01
18 0 +4.098927632e+02 +4.593927632e+02 +4.593927632e+02 -3.2617e-01 -2.5976e-01 -5.1861e-01 -2.0742e-01 -1.1320e-01 +8.3162e-01 -1.1421e-01 -3.8905e-01 +3.7786e-01 -7.9034e-02
36 0 +4.014758056e+02 +4.509758056e+02 +4.509758056e+02 +1.5673e-01 +2.8684e-01 -7.9484e-01 +7.3390e-04 -6.1201e-01 +3.9102e-01 +4.5178e-01 -9.2896e-01 +9.8193e-01 -2.9026e-01
40 0 +3.739567735e+02 +4.234567735e+02 +4.234567735e+02 -5.0862e-02 -4.4236e-01 -1.4913e-01 -1.1470e-01 -6.0865e-01 +8.4699e-01 -3.3359e-01 -5.9094e-02 +8.3606e-01 -7.0277e-02
42 0 +3.662688318e+02 +4.157688318e+02 +4.157688318e+02 +4.2407e-01 +6.8639e-01 -1.0948e+00 -3.6701e-01 -7.7136e-01 +9.4693e-01 -4.5710e-01 -6.0032e-01 +9.3041e-01 +6.9949e-01
49 0 +3.530591677e+02 +4.025591677e+02 +4.025591677e+02 +3.2601e-01 +4.9087e-02 -3.3738e-01 -8.5405e-02 -7.1589e-01 +8.8429e-01 -1.1321e-01 -2.5116e-01 +1.3609e+00 +2.7312e-01
57 0 +3.322218541e+02 +3.817218541e+02 +3.817218541e+02 +9.5335e-02 +1.9007e-01 -7.1320e-01 -3.7667e-01 -5.5838e-01 +7.9016e-01 -3.5191e-01 -2.2283e-01 +1.3655e+00 +1.9560e-01
63 0 +3.261265868e+02 +3.756265868e+02 +3.756265868e+02 +1.6607e-01 -1.1158e-01 -7.0426e-01 +1.6311e-01 -7.3657e-01 +1.2970e+00 -8.2361e-01 -6.1757e-01 +1.3422e+00 +7.4860e-01
64 0 +2.460027722e+02 +2.955027722e+02 +2.955027722e+02 +1.2158e-01 -5.1419e-01 -5.5306e-01 -1.1484e-02 -5.5499e-01 +1.2838e+00 +1.3111e-01 -3.6237e-01 +1.9060e+00 -3.3359e-02
69 0 +2.188215003e+02 +2.683215003e+02 +2.683215003e+02 +3.6864e-01 +1.4800e-02 -4.1411e-01 +1.2724e-02 -1.2134e+00 +1.5590e+00 -4.5719e-01 -2.9321e-01 +2.3158e+00 +6.2107e-01
82 0 +1.905845477e+02 +2.400845477e+02 +2.400845477e+02 +1.6889e-01 +1.0879e-01 -8.3830e-01 -1.1359e+00 -1.4842e+00 +1.1957e+00 -7.3806e-01 -1.2226e+00 +2.2764e+00 +2.8886e-01
104 0 +1.768448423e+02 +2.263448423e+02 +2.263448423e+02 -6.0689e-01 -2.5907e-01 -9.3250e-01 -3.5994e-01 -1.8902e+00 +2.4394e+00 +2.2597e-01 -6.3913e-01 +3.1634e+00 +8.0614e-02
113 0 +1.733508095e+02 +2.228508095e+02 +2.228508095e+02 -7.6192e-01 -2.7307e-01 -5.4342e-01 -3.2270e-01 -1.4183e+00 +2.0839e+00 -3.7046e-01 -3.8736e-01 +2.8164e+00 +7.7248e-01
116 0 +1.680897834e+02 +2.175897834e+02 +2.175897834e+02 -3.3068e-02 +7.1925e-02 -1.1984e+00 -5.2371e-01 -9.2289e-01 +1.8863e+00 +1.2261e-01 -4.5689e-01 +3.6287e+00 -1.3896e-01
120 0 +1.441768946e+02 +1.936768946e+02 +1.936768946e+02 -5.4318e-01 -2.6503e-01 -4.1524e-01 -1.1089e+00 -1.3788e+00 +1.8305e+00 -2.4659e-01 +9.8846e-02 +2.8844e+00 +2.4688e-01
134 0 +1.208037921e+02 +1.703037921e+02 +1.703037921e+02 -1.1496e+00 -1.0666e+00 -8.6290e-01 -6.8973e-01 -1.9813e+00 +1.6692e+00 -1.8967e-02 -3.0737e-02 +3.2775e+00 +5.4918e-02
151 0 +1.182762688e+02 +1.677762688e+02 +1.677762688e+02 -1.2250e+00 -9.4652e-01 -5.8727e-01 -1.2950e+00 -1.4330e+00 +1.6084e+00 -5.3487e-01 -3.7791e-01 +2.3309e+00 -3.2609e-02
158 0 +1.024463375e+02 +1.519463375e+02 +1.519463375e+02 -1.4526e+00 -9.3036e-01 -2.2161e-01 -8.9894e-01 -1.1119e+00 +1.6347e+00 -5.9058e-01 +2.5773e-01 +2.4511e+00 +1.5684e-04
181 0 +7.767180979e+01 +1.271718098e+02 +1.271718098e+02 -1.6513e+00 -4.9207e-01 -5.7871e-01 -1.4537e+00 -1.1487e+00 +1.6087e+00 -1.1955e+00 -2.0406e-01 +3.4046e+00 -6.5741e-02
217 0 +6.364310431e+01 +1.131431043e+02 +1.131431043e+02 -2.1535e+00 -1.3587e+00 -1.3179e-01 -1.9677e+00 -7.8860e-01 +8.8041e-01 -1.2770e+00 +6.6734e-02 +3.2599e+00 -3.3263e-01
228 0 +5.791834397e+01 +1.074183440e+02 +1.074183440e+02 -2.0115e+00 -1.3858e+00 -3.5219e-01 -1.7539e+00 -9.6387e-01 +1.1256e+00 -1.5478e+00 -3.8088e-02 +3.4942e+00 -4.8113e-01
255 0 +5.328292123e+01 +1.027829212e+02 +1.027829212e+02 -1.6806e+00 -1.0888e+00 -8.9474e-01 -1.9433e+00 -8.9489e-01 +1.3336e+00 -1.0712e+00 -2.3902e-02 +3.7801e+00 -5.0779e-01
298 0 +5.218218252e+01 +1.016821825e+02 +1.016821825e+02 -2.3217e+00 -1.9889e+00 -7.4025e-01 -2.6961e+00 -3.8004e-01 +1.0351e+00 -1.1130e+00 -1.4072e-01 +3.3751e+00 -9.0847e-01
299 0 +4.370042058e+01 +9.320042058e+01 +9.320042058e+01 -1.8101e+00 -1.5662e+00 -1.2119e+00 -2.8103e+00 -7.5880e-01 +1.0555e+00 -1.5760e+00 -3.6245e-01 +3.2884e+00 -5.7969e-01
308 0 +4.155079402e+01 +9.105079402e+01 +9.105079402e+01 -1.8960e+00 -1.8573e+00 -9.8195e-01 -2.7461e+00 -6.2267e-01 +1.3502e+00 -1.3919e+00 +5.4651e-01 +3.2845e+00 -8.1544e-01
312 0 +3.633635979e+01 +8.583635979e+01 +8.583635979e+01 -1.9025e+00 -1.3104e+00 -1.2951e+00 -2.9634e+00 -6.2566e-01 +1.3751e+00 -1.9938e+00 -4.9535e-01 +3.0141e+00 -7.1597e-01
318 0 +3.468895594e+01 +8.418895594e+01 +8.418895594e+01 -2.2344e+00 -2.0942e+00 -7.2951e-01 -3.4097e+00 -4.8385e-01 +9.0523e-01 -1.7994e+00 +1.5077e-01 +3.3078e+00 -6.0812e-01
376 0 +3.167714599e+01 +8.117714599e+01 +8.117714599e+01 -2.0451e+00 -1.3113e+00 -7.9897e-01 -2.4964e+00 -2.6676e-01 +1.5155e+00 -1.9012e+00 +2.3278e-01 +2.5241e+00 -1.0154e+00
382 0 +2.922883085e+01 +7.872883085e+01 +7.872883085e+01 -1.9014e+00 -1.4325e+00 -1.4503e+00 -2.7791e+00 -5.2323e-01 +1.5451e+00 -2.0534e+00 +2.2238e-02 +3.1156e+00 -1.1254e+00
387 0 +2.582501571e+01 +7.532501571e+01 +7.532501571e+01 -2.0373e+00 -1.8355e+00 -9.9710e-01 -3.1526e+00 -5.4869e-01 +1.9182e+00 -1.6347e+00 +3.3115e-01 +3.4832e+00 -9.3367e-01
405 0 +2.480438383e+01 +7.430438383e+01 +7.430438383e+01 -2.4336e+00 -2.2378e+00 -1.5240e+00 -3.0693e+00 -5.0170e-01 +1.5734e+00 -1.7697e+00 +3.6269e-01 +2.8886e+00 -1.2661e+00
431 0 +2.287654656e+01 +7.237654656e+01 +7.237654656e+01 -2.5721e+00 -2.2669e+00 -1.5482e+00 -3.2071e+00 -5.2662e-01 +1.3957e+00 -1.8470e+00 +7.2764e-01 +3.4231e+00 -1.1454e+00
436 0 +2.142948657e+01 +7.092948657e+01 +7.092948657e+01 -1.8131e+00 -1.8532e+00 -1.6639e+00 -3.4351e+00 -1.5921e-01 +1.6102e+00 -2.0332e+00 +6.2541e-01 +2.9200e+00 -1.3378e+00
441 0 +2.107897536e+01 +7.057897536e+01 +7.057897536e+01 -2.3555e+00 -2.2253e+00 -1.6728e+00 -3.5139e+00 -2.9097e-01 +1.6076e+00 -1.9899e+00 +4.9403e-01 +3.0821e+00 -1.2547e+00
472 0 +1.880649299e+01 +6.830649299e+01 +6.830649299e+01 -2.2599e+00 -2.6357e+00 -1.1128e+00 -3.3683e+00 -3.0912e-01 +1.5399e+00 -2.1367e+00 +4.6519e-01 +3.3678e+00 -1.1831e+00
473 0 +1.695143094e+01 +6.645143094e+01 +6.645143094e+01 -2.2199e+00 -2.6536e+00 -1.3605e+00 -3.6305e+00 -5.4793e-01 +1.9622e+00 -1.4379e+00 +8.9308e-01 +2.7937e+00 -8.7460e-01
488 0 +1.581375510e+01 +6.531375510e+01 +6.531375510e+01 -2.3116e+00 -2.3623e+00 -1.0801e+00 -3.2344e+00 -3.2233e-01 +2.1211e+00 -1.6728e+00 +8.5387e-01 +2.9644e+00 -1.3445e+00
529 0 +1.545716835e+01 +6.495716835e+01 +6.495716835e+01 -2.2604e+00 -2.3700e+00 -1.4430e+00 -3.1678e+00 -4.2214e-01 +1.9610e+00 -1.9439e+00 +7.0777e-01 +3.0982e+00 -1.1435e+00
540 0 +1.508383227e+01 +6.458383227e+01 +6.458383227e+01 -2.3047e+00 -2.4018e+00 -1.3326e+00 -3.1889e+00 -5.0930e-01 +1.9354e+00 -1.9726e+00 +7.6976e-01 +3.0925e+00 -1.1891e+00
598 0 +1.435477685e+01 +6.385477685e+01 +6.385477685e+01 -2.4282e+00 -2.3251e+00 -1.0779e+00 -2.8380e+00 -8.6152e-01 +2.0230e+00 -1.9357e+00 +8.9404e-01 +3.1976e+00 -1.0020e+00
623 0 +1.277353184e+01 +6.227353184e+01 +6.227353184e+01 -2.7410e+00 -2.3225e+00 -1.0255e+00 -2.8239e+00 -7.9547e-01 +1.8376e+00 -1.8839e+00 +1.2951e+00 +3.0326e+00 -1.0158e+00
666 0 +7.362203265e+00 +5.686220326e+01 +5.686220326e+01 -2.6298e+00 -2.2838e+00 -1.0146e+00 -2.6579e+00 -8.7898e-01 +2.4879e+00 -1.7350e+00 +1.5729e+00 +2.9145e+00 -9.6015e-01
% f evaluations | g evaluations | best noise-free fitness - Fopt (-1.277000000000e+01) + sum g_i+ | measured fitness | best measured fitness or single-digit g-values | x1 | x2...
1 0 +2.500263317e+02 +2.372563317e+02 +2.372563317e+02 +0.0000e+00 +0.0000e+00 +0.0000e+00 +0.0000e+00 +0.0000e+00 +0.0000e+00 +0.0000e+00 +0.0000e+00 +0.0000e+00 +0.0000e+00
2 0 +2.229527319e+02 +2.101827319e+02 +2.101827319e+02 +4.3379e-01 +3.0692e-02 +9.8026e-02 +3.4094e-01 +2.4727e-01 +1.7369e-01 -1.1375e-01 -3.0566e-01 +1.1285e-01 -1.5359e-01
8 0 +2.125360593e+02 +1.997660593e+02 +1.997660593e+02 +6.0234e-01 +2.6527e-01 +2.8700e-01 -7.0577e-01 +5.2611e-01 +2.0125e-02 -3.9010e-01 +9.9670e-02 +3.8961e-01 -4.6269e-01
11 0 +1.951380960e+02 +1.823680960e+02 +1.823680960e+02 +1.6047e-01 +4.4277e-01 -3.3358e-01 +4.6382e-01 +8.0465e-02 +6.6341e-01 -8.5054e-02 -1.4430e-01 +9.7733e-02 -3.1199e-01
14 0 +1.757942779e+02 +1.630242779e+02 +1.630242779e+02 +1.1236e-01 +4.8763e-01 -2.7226e-01 -8.6693e-02 -3.0734e-01 +5.3750e-01 -2.4296e-01 +4.6538e-01 +2.8886e-02 +2.0734e-01
17 0 +1.684093014e+02 +1.556393014e+02 +1.556393014e+02 +7.4759e-01 +7.0397e-01 -1.0232e-01 +4.9099e-01 -4.9385e-02 +6.5313e-01 +2.4707e-01 -1.7183e-01 +4.9892e-01 -4.7167e-01
21 0 +1.506350066e+02 +1.378650066e+02 +1.378650066e+02 +7.7422e-01 +5.7266e-01 +1.1704e-02 +3.1194e-01 +3.7571e-01 +2.3495e-01 -5.8280e-01 +2.8705e-03 -4.8033e-01 -4.1517e-01
39 0 +1.394242252e+02 +1.266542252e+02 +1.266542252e+02 +1.2865e+00 +5.4499e-01 -2.0002e-01 +4.4782e-01 +2.7571e-01 +4.9684e-01 -1.6339e-01 +4.5306e-01 -4.9024e-01 -2.0685e-01
47 0 +1.375095190e+02 +1.247395190e+02 +1.247395190e+02 +6.0481e-01 +3.0407e-01 -2.3905e-01 +6.5656e-01 +2.5603e-01 +8.5769e-01 -8.4544e-01 +6.4279e-01 +1.7951e-01 +1.3139e-01
50 0 +1.136451227e+02 +1.008751227e+02 +1.008751227e+02 +1.0566e+00 +6.1706e-01 -2.0957e-01 +3.5799e-01 +4.1999e-01 +3.1154e-01 +3.3633e-02 +8.2119e-01 -1.0282e-01 +3.3806e-01
67 0 +1.082283615e+02 +9.545836150e+01 +9.545836150e+01 +9.7723e-01 +3.5028e-01 -1.4559e-01 +2.5309e-01 +2.2861e-01 +7.1062e-01 -2.9946e-01 +8.0623e-01 +1.4666e-01 +1.7872e-01
74 0 +1.052629470e+02 +9.249294697e+01 +9.249294697e+01 +1.4764e+00 +8.8842e-01 -3.3290e-01 -2.9120e-02 -3.1407e-01 +8.7673e-01 -3.5807e-01 +1.3360e+00 +1.3275e-01 +6.5108e-01
76 0 +1.035209202e+02 +9.075092020e+01 +9.075092020e+01 +1.1575e+00 +3.5372e-01 -1.8549e-01 +3.4591e-01 -3.5407e-01 +1.0399e+00 -2.8746e-01 +9.5312e-01 -5.0199e-02 +3.0125e-01
81 0 +8.690411903e+01 +7.413411903e+01 +7.413411903e+01 +1.6483e+00 +1.1057e+00 -2.2616e-02 +5.3439e-01 -6.2178e-02 +1.6351e+00 -8.6574e-01 +1.6086e+00 +3.0237e-02 +6.2337e-01
102 0 +6.273565585e+01 +4.996565585e+01 +4.996565585e+01 +1.3050e+00 +1.0692e+00 -7.1205e-01 +2.7560e-01 -1.6305e-01 +1.1441e+00 -1.2345e-01 +1.8152e+00 +4.2387e-01 +3.0202e-01
111 0 +5.876297043e+01 +4.599297043e+01 +4.599297043e+01 +1.3372e+00 +1.0321e+00 -4.2513e-01 +3.7787e-01 -7.6534e-02 +1.2384e+00 -5.0736e-02 +1.7692e+00 +3.4827e-01 +2.4009e-01
133 0 +5.719827879e+01 +4.442827879e+01 +4.442827879e+01 +1.3079e+00 +1.0386e+00 -3.9518e-01 +2.4597e-01 -2.1481e-01 +1.2287e+00 -2.8009e-01 +1.6310e+00 +1.1569e-02 +2.1934e-01
143 0 +5.490384765e+01 +4.213384765e+01 +4.213384765e+01 +1.1124e+00 +9.7002e-01 +2.0262e-02 +7.1268e-02 +1.0214e-01 +1.1016e+00 -1.0633e-01 +1.8153e+00 +2.3610e-02 -2.6020e-01
148 0 +4.897041651e+01 +3.620041651e+01 +3.620041651e+01 +1.1039e+00 +8.1785e-01 +3.8193e-01 +4.4220e-01 +1.5831e-02 +1.4495e+00 -5.1735e-02 +2.1134e+00 +1.9124e-01 +1.5728e-01
156 0 +4.706257113e+01 +3.429257113e+01 +3.429257113e+01 +1.1571e+00 +1.4585e+00 -3.4966e-01 +5.7774e-01 +5.9408e-02 +1.1564e+00 +3.7061e-01 +2.3741e+00 -1.7416e-01 +4.1785e-02
157 0 +4.457481185e+01 +3.180481185e+01 +3.180481185e+01 +1.1678e+00 +1.3249e+00 -4.7271e-01 +4.1472e-01 +3.0135e-01 +1.2880e+00 -2.8375e-01 +1.9435e+00 -5.6821e-02 -2.7708e-02
177 0 +4.327699067e+01 +3.050699067e+01 +3.050699067e+01 +1.4116e+00 +1.4554e+00 -5.4419e-01 +2.9897e-01 +3.9743e-02 +1.3377e+00 +1.2826e-01 +2.0836e+00 -6.0940e-02 -5.8652e-02
179 0 +3.476259964e+01 +2.199259964e+01 +2.199259964e+01 +1.6199e+00 +1.4066e+00 -1.1109e-01 +1.2704e-01 +5.9263e-01 +1.1783e+00 +7.9513e-02 +2.1018e+00 -2.0212e-01 -3.9200e-01
202 0 +3.374378254e+01 +2.097378254e+01 +2.097378254e+01 +1.0533e+00 +1.3984e+00 -8.4197e-01 +7.9937e-02 +4.5653e-01 +1.4528e+00 +2.1802e-01 +2.5435e+00 +2.4447e-01 -1.4829e-01
217 0 +2.738940631e+01 +1.461940631e+01 +1.461940631e+01 +1.1641e+00 +1.1533e+00 -3.0346e-01 -2.2861e-01 +4.8485e-01 +1.2559e+00 -1.7866e-01 +2.5495e+00 -1.5510e-01 -3.4262e-01
251 0 +2.540915249e+01 +1.263915249e+01 +1.263915249e+01 +1.2643e+00 +1.7209e+00 -4.3708e-01 -6.0110e-02 +4.8835e-01 +1.6194e+00 +1.6191e-01 +2.7265e+00 -6.7901e-02 -5.4701e-01
257 0 +2.494995462e+01 +1.217995462e+01 +1.217995462e+01 +1.4762e+00 +1.2221e+00 -1.2531e-01 -1.3644e-03 +7.7095e-01 +1.7876e+00 -3.0045e-01 +2.9416e+00 -1.1746e-01 -4.3198e-01
272 0 +2.187372064e+01 +9.103720640e+00 +9.103720640e+00 +1.0560e+00 +1.2763e+00 -3.9033e-01 -3.5312e-01 +4.6590e-01 +1.2761e+00 -1.3730e-01 +2.8214e+00 -1.0475e-01 -5.2383e-01
276 0 +2.062001238e+01 +7.850012383e+00 +7.850012383e+00 +1.2411e+00 +1.3717e+00 -3.7495e-01 -6.2541e-02 +5.3614e-01 +1.5821e+00 -1.1854e-01 +2.8580e+00 -1.6652e-01 -4.2932e-01
283 0 +1.922046161e+01 +6.450461606e+00 +6.450461606e+00 +8.9957e-01 +1.3110e+00 -4.4143e-01 -1.8253e-01 +4.5716e-01 +1.3850e+00 +7.2687e-02 +2.6820e+00 -2.1795e-01 -1.9169e-01
309 0 +1.763297853e+01 +4.862978534e+00 +4.862978534e+00 +1.0705e+00 +1.4211e+00 -4.0597e-01 -2.4683e-01 +5.2703e-01 +1.6430e+00 -8.7505e-02 +2.9673e+00 -3.2030e-01 -2.5766e-01
313 0 +1.709525151e+01 +4.325251512e+00 +4.325251512e+00 +1.3199e+00 +1.2727e+00 -4.2894e-01 -2.1701e-01 +6.1984e-01 +1.6521e+00 -6.5945e-02 +2.9767e+00 -2.8338e-01 -2.3854e-01
319 0 +1.559678488e+01 +2.826784882e+00 +2.826784882e+00 +9.0598e-01 +1.3979e+00 -4.3135e-01 -1.7093e-01 +5.8277e-01 +1.7439e+00 +5.2410e-02 +3.3062e+00 -2.6440e-01 -5.8220e-01
323 0 +1.454291976e+01 +1.772919761e+00 +1.772919761e+00 +6.6913e-01 +1.2741e+00 -5.6069e-01 +3.3686e-02 +6.1817e-01 +1.6498e+00 -7.9903e-02 +2.8957e+00 -4.7945e-01 -3.6237e-01
336 0 +1.382020857e+01 +1.050208568e+00 +1.050208568e+00 +1.3304e+00 +1.3890e+00 -6.6509e-01 -1.1719e-01 +7.3246e-01 +2.0338e+00 +1.1746e-01 +3.2348e+00 -5.9198e-01 -3.0315e-02
345 0 +1.255683942e+01 -2.131605788e-01 -2.131605788e-01 +1.0309e+00 +1.6020e+00 -6.6344e-01 -1.5092e-01 +4.0767e-01 +1.8986e+00 +5.6252e-01 +3.4051e+00 -6.5086e-01 -7.8784e-02
410 0 +1.211695005e+01 -6.530499459e-01 -6.530499459e-01 +8.5267e-01 +1.4949e+00 -5.9435e-01 -1.0896e-01 +3.6224e-01 +1.8858e+00 +7.0325e-01 +3.2676e+00 -4.3023e-01 -1.2953e-01
512 0 +1.185921606e+01 -9.107839362e-01 -9.107839362e-01 +1.0689e+00 +1.3799e+00 -5.8846e-01 +6.9048e-02 +7.3272e-01 +2.1840e+00 +7.2414e-01 +3.8105e+00 -5.6293e-01 -2.6938e-01
% f evaluations | g evaluations | best noise-free fitness - Fopt (6.365000000000e+01) + sum g_i+ | measured fitness | best measured fitness or single-digit g-values | x1 | x2...
1 0 +4.614498914e+02 +5.250998914e+02 +5.250998914e+02 +0.0000e+00 +0.0000e+00 +0.0000e+00 +0.0000e+00 +0.0000e+00 +0.0000e+00 +0.0000e+00 +0.0000e+00 +0.0000e+00 +0.0000e+00
3 0 +3.706076190e+02 +4.342576190e+02 +4.342576190e+02 +2.4817e-01 +6.3376e-02 -2.2359e-01 +8.0318e-02 +2.1275e-01 +5.3256e-02 -2.3477e-01 +7.8699e-02 +1.0710e-01 +2.4729e-01
8 0 +3.361983350e+02 +3.998483350e+02 +3.998483350e+02 +6.0234e-01 +2.6527e-01 +2.8700e-01 -7.0577e-01 +5.2611e-01 +2.0125e-02 -3.9010e-01 +9.9670e-02 +3.8961e-01 -4.6269e-01
25 0 +2.934121322e+02 +3.570621322e+02 +3.570621322e+02 +3.6221e-01 -1.0034e-01 -1.8108e-01 -3.0805e-01 +3.6343e-01 +4.9574e-01 -7.9397e-01 +9.3676e-02 +4.4313e-01 +5.8706e-01
40 0 +2.557648875e+02 +3.194148875e+02 +3.194148875e+02 +1.1452e-02 -7.8660e-01 +1.0911e-02 -4.3983e-01 -2.0797e-01 +3.1606e-01 -6.4184e-01 +3.1167e-01 +8.3090e-01 -9.5767e-02
42 0 +2.483069353e+02 +3.119569353e+02 +3.119569353e+02 +4.1494e-01 +1.5955e-01 -7.5439e-01 -6.9672e-01 -2.4077e-01 +2.5344e-01 -7.8821e-01 -1.2150e-01 +8.9165e-01 +5.6642e-01
57 0 +2.113032837e+02 +2.749532837e+02 +2.749532837e+02 +3.1908e-01 -2.3509e-01 -5.3791e-01 -7.3886e-01 -3.8759e-02 +8.6376e-02 -1.0597e+00 +2.4027e-01 +1.2241e+00 +4.3873e-01
69 0 +1.846756427e+02 +2.483256427e+02 +2.483256427e+02 +7.1207e-01 -5.8497e-01 -2.2074e-01 -4.6534e-01 -3.0839e-01 +5.2923e-01 -1.3672e+00 +4.9385e-01 +1.9373e+00 +8.6358e-01
78 0 +1.809289338e+02 +2.445789338e+02 +2.445789338e+02 +5.5909e-01 -3.7668e-01 -4.0829e-01 -4.4940e-01 -7.8654e-02 +1.9007e-01 -1.2437e+00 +3.9935e-01 +1.6871e+00 +1.0311e+00
81 0 +1.670960796e+02 +2.307460796e+02 +2.307460796e+02 +7.9782e-01 +1.6176e-01 -1.5246e-01 -3.5156e-01 +1.2237e-02 +7.1581e-01 -1.9356e+00 +9.3602e-01 +1.6942e+00 +1.3585e+00
85 0 +1.644450271e+02 +2.280950271e+02 +2.280950271e+02 +7.0289e-01 -5.7142e-01 +3.8194e-03 -7.1270e-01 -6.0091e-02 -1.9634e-01 -1.6993e+00 +2.5438e-01 +2.1015e+00 +1.5022e+00
86 0 +1.500247438e+02 +2.136747438e+02 +2.136747438e+02 +5.1801e-01 -2.1261e-01 -5.1523e-01 -2.9380e-01 -3.6384e-01 +3.1180e-01 -1.5446e+00 +4.8235e-01 +2.8540e+00 +1.3312e+00
87 0 +1.170582681e+02 +1.807082681e+02 +1.807082681e+02 +1.1492e+00 -9.8886e-02 -9.5082e-01 -3.7974e-01 +2.9633e-01 -2.8264e-01 -1.6738e+00 +1.6543e+00 +1.9107e+00 +1.0790e+00
108 0 +1.135115659e+02 +1.771615659e+02 +1.771615659e+02 +8.4319e-01 +5.1106e-01 -9.8557e-01 -6.3957e-01 -1.7433e-01 -8.0770e-02 -2.0289e+00 +1.2052e+00 +2.3744e+00 +1.8309e+00
113 0 +1.081102648e+02 +1.717602648e+02 +1.717602648e+02 +1.3807e-01 -2.7329e-01 -3.9310e-01 -6.7527e-01 -1.8884e-01 +2.6404e-01 -2.5737e+00 +1.4732e+00 +2.7529e+00 +2.1522e+00
115 0 +6.772756621e+01 +1.313775662e+02 +1.313775662e+02 +6.4043e-01 +1.1129e+00 -4.0438e-01 -2.6146e-02 -3.8333e-02 +3.1612e-01 -2.3647e+00 +1.7449e+00 +3.1965e+00 +2.5407e+00
166 0 +6.672186805e+01 +1.303718681e+02 +1.303718681e+02 +9.4733e-02 +5.2433e-01 -1.9063e-01 -5.0682e-01 +2.2790e-01 +7.0757e-02 -2.1290e+00 +2.1321e+00 +2.3228e+00 +1.6665e+00
171 0 +6.283562591e+01 +1.264856259e+02 +1.264856259e+02 +5.5787e-01 +6.2632e-01 -5.8558e-01 -9.9036e-01 +2.9769e-01 +5.0741e-02 -1.9831e+00 +3.6932e+00 +3.4770e+00 +1.8358e+00
186 0 +4.167363362e+01 +1.053236336e+02 +1.053236336e+02 -2.6841e-01 +4.6441e-01 -7.9575e-01 -4.1187e-01 +5.4218e-01 -2.2147e-02 -2.3484e+00 +2.7357e+00 +3.3686e+00 +1.0456e+00
189 0 +3.894865462e+01 +1.025986546e+02 +1.025986546e+02 +1.7495e-02 +9.0486e-01 -5.4891e-01 -3.6187e-01 +4.9487e-01 -4.9598e-02 -2.0308e+00 +2.4905e+00 +3.9787e+00 +1.6117e+00
201 0 +3.519669894e+01 +9.884669894e+01 +9.884669894e+01 -5.4363e-01 +1.4242e+00 -1.1869e+00 +5.8196e-02 +6.6821e-01 +2.3632e-01 -1.9868e+00 +3.1919e+00 +3.4475e+00 +2.0984e+00
218 0 +3.395571457e+01 +9.760571457e+01 +9.760571457e+01 -2.7215e-01 +9.1434e-01 -6.1258e-01 -2.0674e-01 +7.1136e-01 -5.3120e-02 -1.7781e+00 +2.4696e+00 +3.6386e+00 +1.5600e+00
232 0 +2.921845155e+01 +9.286845155e+01 +9.286845155e+01 -5.1600e-01 +8.3071e-01 -4.5391e-01 -6.2192e-01 +6.8880e-01 -2.9465e-01 -1.7039e+00 +3.0239e+00 +3.4843e+00 +1.4415e+00
276 0 +2.709949093e+01 +9.074949093e+01 +9.074949093e+01 -6.8054e-01 +1.1153e+00 -8.3324e-01 -1.9409e-01 +9.9091e-01 -3.3618e-01 -1.4185e+00 +3.2605e+00 +3.7926e+00 +1.4316e+00
361 0 +2.621869809e+01 +8.986869809e+01 +8.986869809e+01 -9.4620e-01 +1.7960e+00 -1.1672e+00 -5.0518e-01 +1.4328e+00 -3.3669e-01 -1.5794e+00 +3.4436e+00 +3.9110e+00 +1.3006e+00
364 0 +2.476845441e+01 +8.841845441e+01 +8.841845441e+01 -8.1257e-01 +1.6457e+00 -1.3033e+00 -3.4878e-01 +1.1093e+00 -2.9095e-01 -1.3683e+00 +3.2770e+00 +4.0036e+00 +1.4845e+00
365 0 +2.417816087e+01 +8.782816087e+01 +8.782816087e+01 -7.8793e-01 +1.9120e+00 -1.3354e+00 -2.9063e-01 +1.1909e+00 -3.2091e-01 -1.3539e+00 +3.1627e+00 +4.2392e+00 +1.5582e+00
479 0 +1.997657380e+01 +8.362657380e+01 +8.362657380e+01 -6.6407e-01 +1.3230e+00 -1.0246e+00 -2.4014e-01 +1.6281e+00 -2.9025e-01 -1.2974e+00 +3.0230e+00 +4.3845e+00 +9.7651e-01
553 0 +1.974248371e+01 +8.339248371e+01 +8.339248371e+01 -1.1349e+00 +1.2903e+00 -1.1436e+00 -2.8448e-01 +1.6790e+00 -2.0811e-01 -1.1527e+00 +3.3276e+00 +4.6285e+00 +7.6335e-01
556 0 +1.942264989e+01 +8.307264989e+01 +8.307264989e+01 -1.0873e+00 +1.4649e+00 -1.1250e+00 -5.9589e-03 +1.6285e+00 -2.3612e-01 -1.3772e+00 +3.2862e+00 +4.5991e+00 +8.0347e-01
588 0 +1.829428653e+01 +8.194428653e+01 +8.194428653e+01 -9.7620e-01 +1.6386e+00 -1.2850e+00 -3.3583e-01 +1.5830e+00 -3.5516e-01 -1.4211e+00 +3.0216e+00 +4.7304e+00 +7.3535e-01
616 0 +1.774164952e+01 +8.139164952e+01 +8.139164952e+01 -1.0751e+00 +1.7115e+00 -1.0114e+00 -8.4299e-02 +1.5834e+00 -4.1112e-02 -1.6019e+00 +3.2246e+00 +5.0821e+00 +5.9171e-01
% f evaluations | g evaluations | best noise-free fitness - Fopt (6.991900000000e+02) + sum g_i+ | measured fitness | best measured fitness or single-digit g-values | x1 | x2...
1 0 +7.428945360e+02 +1.442084536e+03 +1.442084536e+03 +0.0000e+00 +0.0000e+00 +0.0000e+00 +0.0000e+00 +0.0000e+00 +0.0000e+00 +0.0000e+00 +0.0000e+00 +0.0000e+00 +0.0000e+00
2 0 +7.034981011e+02 +1.402688101e+03 +1.402688101e+03 +4.3379e-01 +3.0692e-02 +9.8026e-02 +3.4094e-01 +2.4727e-01 +1.7369e-01 -1.1375e-01 -3.0566e-01 +1.1285e-01 -1.5359e-01
7 0 +6.776676182e+02 +1.376857618e+03 +1.376857618e+03 -2.6321e-01 +2.3560e-01 -2.9494e-01 -4.1433e-02 -2.1060e-01 +1.1878e-01 +8.3286e-02 -6.4943e-01 +2.1039e-01 -1.8282e-01
12 0 +6.453276617e+02 +1.344517662e+03 +1.344517662e+03 +9.1418e-02 +1.0420e-01 -1.4160e-01 +1.5145e-01 -6.3441e-02 +3.6602e-01 -1.8293e-02 -2.1891e-01 +1.8623e-01 -8.5681e-02
13 0 +5.461752561e+02 +1.245365256e+03 +1.245365256e+03 +1.2290e-01 +7.8885e-02 +2.2484e-01 +2.3504e-01 -3.9628e-01 -1.1568e-02 -2.7311e-01 -7.6193e-01 -3.9415e-01 +4.8716e-01
17 0 +4.409996308e+02 +1.140189631e+03 +1.140189631e+03 +4.7027e-01 +6.6469e-01 -1.8773e-01 +6.3587e-01 -2.9349e-01 +8.4388e-01 +3.8002e-01 -4.2301e-01 +4.6553e-01 -4.0077e-01
35 0 +4.079342992e+02 +1.107124299e+03 +1.107124299e+03 +4.9113e-01 +3.1606e-02 -1.3388e-01 +6.8092e-01 -7.0911e-01 +7.4979e-01 +4.6978e-01 -1.8805e-01 +5.8043e-02 +2.9957e-01
37 0 +4.059493154e+02 +1.105139315e+03 +1.105139315e+03 +6.7842e-01 +5.8185e-01 -7.4637e-01 +1.2111e-01 -6.1902e-01 +2.4204e-01 +2.3325e-01 -8.5022e-01 -4.9480e-01 +6.1330e-01
39 0 +3.745947551e+02 +1.073784755e+03 +1.073784755e+03 +1.2789e+00 +6.0511e-01 -2.4306e-01 +7.1614e-01 -2.2071e-01 +6.0353e-01 -1.0849e-01 -3.7063e-01 -4.3715e-01 +4.2336e-02
50 0 +3.268986226e+02 +1.026088623e+03 +1.026088623e+03 +1.2308e+00 +8.4255e-01 -3.1164e-01 +5.9401e-01 -1.1987e-01 +2.1555e-01 +1.9199e-01 -1.7139e-01 -2.5729e-01 +8.0554e-01
53 0 +2.524592354e+02 +9.516492354e+02 +9.516492354e+02 +5.5359e-01 +1.0798e+00 -3.7482e-01 +6.7864e-01 -1.1099e+00 +2.5886e-01 -2.4255e-01 -7.6427e-01 -2.5132e-01 +2.6418e-01
62 0 +2.142881668e+02 +9.134781668e+02 +9.134781668e+02 +1.3754e+00 +7.2648e-01 -1.5977e-01 +1.0418e+00 -1.2251e+00 +6.6126e-01 +3.3451e-01 -1.3656e-01 -2.3564e-01 +6.1720e-01
68 0 +1.426535926e+02 +8.418435926e+02 +8.418435926e+02 +1.5370e+00 +9.1319e-01 -8.5929e-01 +1.1067e+00 -1.8820e+00 +5.9135e-01 +6.1460e-01 -1.1357e+00 -7.9497e-01 +4.4556e-01
74 0 +1.068585401e+02 +8.060485401e+02 +8.060485401e+02 +1.8845e+00 +1.4325e+00 -6.8966e-01 +4.3772e-01 -2.0036e+00 +8.3288e-01 -5.7888e-02 -2.4600e-01 -2.9770e-01 +1.2949e+00
81 0 +7.266642722e+01 +7.718564272e+02 +7.718564272e+02 +1.9749e+00 +1.7717e+00 -4.2074e-01 +1.1579e+00 -1.8317e+00 +1.6056e+00 -4.5423e-01 -2.1132e-01 -6.8659e-01 +1.1398e+00
93 0 +6.891754997e+01 +7.681075500e+02 +7.681075500e+02 +2.2191e+00 +1.2232e+00 -7.8770e-01 +1.0281e+00 -2.2746e+00 +1.1807e+00 +9.7038e-01 -6.4505e-01 -4.1401e-01 -1.5315e-01
128 0 +5.155311847e+01 +7.507431185e+02 +7.507431185e+02 +2.1864e+00 +1.8973e+00 -8.2436e-01 +1.2796e+00 -2.7104e+00 +1.8063e+00 -4.5284e-01 -2.7926e-01 -6.1828e-01 +1.3940e+00
130 0 +4.384870972e+01 +7.430387097e+02 +7.430387097e+02 +1.0450e+00 +1.3081e+00 -1.3324e+00 +8.1424e-01 -3.1305e+00 +1.2837e+00 +1.1229e+00 +1.0802e+00 -1.3860e-01 +1.9886e+00
139 0 +4.296746000e+01 +7.421574600e+02 +7.421574600e+02 +1.5672e+00 +1.4368e+00 -8.3158e-01 +1.2117e+00 -3.2447e+00 +1.7370e+00 +3.1636e-01 +4.2105e-01 +1.7298e-01 +1.7882e+00
140 0 +3.717023554e+01 +7.363602355e+02 +7.363602355e+02 +8.8685e-01 +1.9955e+00 -6.3471e-01 +1.2842e+00 -3.6581e+00 +1.5072e+00 +8.4555e-01 +1.6922e+00 -9.1482e-03 +1.6728e+00
153 0 +3.650491358e+01 +7.356949136e+02 +7.356949136e+02 +1.3317e+00 +1.6947e+00 -1.1629e+00 +1.5826e+00 -2.8684e+00 +9.9816e-01 +3.7676e-01 +5.3831e-01 -4.1983e-01 +2.2327e+00
220 0 +3.510640643e+01 +7.342964064e+02 +7.342964064e+02 +1.2709e+00 +1.5345e+00 -5.1052e-01 +1.4523e+00 -2.6888e+00 +6.6722e-01 +8.9235e-01 +5.3666e-01 +4.6766e-02 +1.7790e+00
273 0 +3.455074751e+01 +7.337407475e+02 +7.337407475e+02 +1.4877e+00 +1.6501e+00 -6.3032e-01 +1.5628e+00 -2.8622e+00 +1.1404e+00 +6.2065e-01 +6.8160e-01 -2.1460e-01 +2.1136e+00
276 0 +3.007298252e+01 +7.292629825e+02 +7.292629825e+02 +1.5112e+00 +1.4302e+00 -6.0900e-01 +1.3134e+00 -2.8808e+00 +9.5913e-01 +5.1884e-01 +5.8049e-01 -3.0608e-02 +1.9594e+00
279 0 +2.591753072e+01 +7.251075307e+02 +7.251075307e+02 +1.3590e+00 +1.3122e+00 -5.1849e-01 +1.4239e+00 -2.7924e+00 +9.6952e-01 +5.9468e-01 +1.1194e+00 -2.1136e-01 +1.5592e+00
308 0 +2.502044197e+01 +7.242104420e+02 +7.242104420e+02 +1.5990e+00 +1.4220e+00 -7.6881e-01 +1.2921e+00 -3.2386e+00 +1.1525e+00 +6.1623e-01 +1.0320e+00 -1.7030e-01 +2.1458e+00
402 0 +2.399366511e+01 +7.231836651e+02 +7.231836651e+02 +1.0718e+00 +1.4096e+00 -8.8375e-01 +1.5083e+00 -3.0765e+00 +1.1461e+00 +8.1678e-01 +1.4180e+00 -6.2811e-02 +2.1034e+00
405 0 +2.019463038e+01 +7.193846304e+02 +7.193846304e+02 +9.3801e-01 +1.2206e+00 -9.5345e-01 +1.5501e+00 -3.1631e+00 +1.1200e+00 +1.0608e+00 +1.3797e+00 -2.9350e-01 +1.9877e+00
409 0 +1.829728646e+01 +7.174872865e+02 +7.174872865e+02 +1.0718e+00 +1.4300e+00 -8.4205e-01 +1.6637e+00 -3.1944e+00 +1.2732e+00 +1.1281e+00 +1.3944e+00 -2.6702e-01 +2.0362e+00
421 0 +1.655125546e+01 +7.157412555e+02 +7.157412555e+02 +1.1495e+00 +1.4373e+00 -9.6338e-01 +1.6027e+00 -3.5180e+00 +1.2287e+00 +9.3411e-01 +1.4171e+00 -2.5730e-01 +1.9352e+00
442 0 +1.557771219e+01 +7.147677122e+02 +7.147677122e+02 +1.2141e+00 +1.4422e+00 -1.1875e+00 +1.7754e+00 -3.3350e+00 +1.3348e+00 +9.6433e-01 +1.5856e+00 +5.6801e-02 +1.7701e+00
476 0 +1.416416032e+01 +7.133541603e+02 +7.133541603e+02 +1.1449e+00 +1.5185e+00 -1.3244e+00 +1.8598e+00 -3.5093e+00 +1.4208e+00 +1.0557e+00 +1.8294e+00 -3.9521e-01 +1.7927e+00
494 0 +1.308649824e+01 +7.122764982e+02 +7.122764982e+02 +9.9884e-01 +1.1496e+00 -1.0098e+00 +1.9753e+00 -3.4593e+00 +1.2679e+00 +1.1412e+00 +2.1204e+00 -2.1669e-01 +1.8007e+00
512 0 +1.256911067e+01 +7.117591107e+02 +7.117591107e+02 +1.1074e+00 +1.2173e+00 -1.2419e+00 +2.1025e+00 -3.4901e+00 +1.4848e+00 +1.4946e+00 +2.2873e+00 -2.9438e-01 +1.7271e+00
541 0 +1.220698594e+01 +7.113969859e+02 +7.113969859e+02 +1.1082e+00 +1.4427e+00 -1.3825e+00 +1.9519e+00 -3.8185e+00 +1.4655e+00 +1.1983e+00 +2.3875e+00 -2.7729e-01 +1.8119e+00
549 0 +1.038160077e+01 +7.095716008e+02 +7.095716008e+02 +1.2638e+00 +1.2333e+00 -1.4137e+00 +1.9391e+00 -3.7353e+00 +1.3782e+00 +9.9527e-01 +2.1774e+00 -3.4959e-01 +1.6831e+00
768 0 +9.234074591e+00 +7.084240746e+02 +7.084240746e+02 +1.2432e+00 +1.3615e+00 -1.5827e+00 +2.2070e+00 -3.9441e+00 +1.6578e+00 +9.7647e-01 +2.5293e+00 -4.6526e-01 +1.8958e+00
916 0 +9.061067442e+00 +7.082510674e+02 +7.082510674e+02 +1.1583e+00 +1.3854e+00 -1.6315e+00 +2.1530e+00 -3.9841e+00 +1.6704e+00 +9.6122e-01 +2.5048e+00 -4.3795e-01 +1.8913e+00
942 0 +8.748365469e+00 +7.079383655e+02 +7.079383655e+02 +1.1178e+00 +1.3593e+00 -1.6515e+00 +2.1425e+00 -3.9914e+00 +1.6647e+00 +9.6366e-01 +2.5027e+00 -4.7204e-01 +1.9462e+00
% f evaluations | g evaluations | best noise-free fitness - Fopt (1.000000000000e+03) + sum g_i+ | measured fitness | best measured fitness or single-digit g-values | x1 | x2...
1 0 +1.526934418e+02 +1.152693442e+03 +1.152693442e+03 +0.0000e+00 +0.0000e+00 +0.0000e+00 +0.0000e+00 +0.0000e+00 +0.0000e+00 +0.0000e+00 +0.0000e+00 +0.0000e+00 +0.0000e+00
2 0 +1.425994203e+02 +1.142599420e+03 +1.142599420e+03 +4.3379e-01 +3.0692e-02 +9.8026e-02 +3.4094e-01 +2.4727e-01 +1.7369e-01 -1.1375e-01 -3.0566e-01 +1.1285e-01 -1.5359e-01
6 0 +1.171972741e+02 +1.117197274e+03 +1.117197274e+03 +1.8723e-01 -2.5702e-01 +1.5212e-01 +1.5671e-02 +5.1476e-01 -6.3323e-02 +3.7553e-01 -3.4671e-01 +9.3874e-02 -2.1343e-01
22 0 +1.090400475e+02 +1.109040048e+03 +1.109040048e+03 +6.3337e-01 +4.0572e-02 +7.3685e-02 -3.8823e-01 -4.4138e-02 -9.8131e-02 -4.3699e-01 -8.4265e-01 +3.6338e-01 +1.9168e-01
28 0 +1.051069359e+02 +1.105106936e+03 +1.105106936e+03 +5.3083e-01 +2.2223e-01 +4.2654e-03 +2.4308e-02 +4.4107e-01 -3.9190e-01 +7.9817e-02 -6.4737e-01 -3.3687e-01 -2.6517e-02
33 0 +1.017787348e+02 +1.101778735e+03 +1.101778735e+03 +1.1982e+00 +9.6786e-02 +6.2012e-02 -5.4280e-01 +2.6592e-01 +2.3097e-01 -5.8842e-02 -7.6872e-01 -8.4284e-02 -1.0143e-01
51 0 +8.591411101e+01 +1.085914111e+03 +1.085914111e+03 +9.9858e-01 -4.7878e-01 +4.2507e-01 -5.2408e-01 -2.9138e-01 -5.8706e-01 -1.6370e-01 -6.6608e-01 +4.4920e-02 -1.6313e-01
82 0 +8.393415509e+01 +1.083934155e+03 +1.083934155e+03 +8.1155e-01 -1.0832e-01 +3.3655e-01 -7.8693e-01 -3.2347e-01 -4.2711e-01 -2.5792e-01 -1.0181e+00 +2.6351e-01 +6.9335e-02
92 0 +7.275744630e+01 +1.072757446e+03 +1.072757446e+03 +6.4399e-01 -3.7732e-01 +5.7600e-01 -2.3543e-01 -3.8475e-01 -4.3639e-01 +7.7800e-01 -6.8153e-01 +6.1781e-02 +2.6385e-01
127 0 +7.081781788e+01 +1.070817818e+03 +1.070817818e+03 +7.0328e-01 -4.2931e-01 +3.9415e-01 -6.3292e-01 -2.5104e-01 -7.9356e-01 +3.8144e-01 -9.7573e-01 +1.6676e-01 +1.2026e-01
134 0 +7.012156389e+01 +1.070121564e+03 +1.070121564e+03 +4.9811e-01 -4.3748e-01 +4.1797e-01 -5.0013e-01 -3.2818e-01 -5.8220e-01 +3.9774e-01 -6.7709e-01 +1.4698e-01 -1.2822e-01
143 0 +6.314289663e+01 +1.063142897e+03 +1.063142897e+03 +7.0179e-01 -2.1740e-01 +6.0262e-01 -5.5219e-01 +6.1984e-03 -6.3365e-01 +4.4588e-01 -6.8581e-01 +1.0254e-01 -2.4974e-01
159 0 +5.919043417e+01 +1.059190434e+03 +1.059190434e+03 +6.9554e-01 -2.5332e-01 +6.9229e-01 -4.8049e-01 -1.4582e-01 -7.1701e-01 +4.5843e-01 -1.0822e+00 -2.2238e-03 -7.0898e-02
160 0 +4.877667517e+01 +1.048776675e+03 +1.048776675e+03 +7.3584e-01 -6.3617e-01 +3.3547e-01 -9.4575e-01 -3.8536e-02 -8.9659e-01 +4.0569e-01 -1.3681e+00 +9.4142e-02 -2.1332e-02
192 0 +4.713559306e+01 +1.047135593e+03 +1.047135593e+03 +8.4422e-01 -4.2712e-01 +4.7478e-01 -1.0370e+00 +1.3038e-01 -9.2945e-01 +5.7412e-01 -1.2896e+00 -2.1801e-01 -5.3252e-02
216 0 +4.367161578e+01 +1.043671616e+03 +1.043671616e+03 +8.6426e-01 -4.3401e-01 +5.1164e-01 -8.2080e-01 -9.7020e-02 -1.3826e+00 +9.6838e-01 -1.6521e+00 +6.9222e-03 -4.3235e-01
233 0 +4.009129919e+01 +1.040091299e+03 +1.040091299e+03 +6.9754e-01 -9.6697e-01 +4.4292e-01 -1.2505e+00 -4.6260e-02 -1.5201e+00 +5.3000e-01 -1.5161e+00 -6.8780e-01 -3.0463e-01
243 0 +3.900817859e+01 +1.039008179e+03 +1.039008179e+03 +7.8304e-01 -6.3904e-01 +6.5682e-01 -1.1849e+00 +2.0115e-01 -1.4132e+00 +7.5307e-01 -1.6351e+00 -2.1854e-01 -4.6144e-01
244 0 +3.454530060e+01 +1.034545301e+03 +1.034545301e+03 +6.1975e-01 -1.1030e+00 +5.1391e-01 -1.7439e+00 -1.6710e-02 -1.4753e+00 +9.6537e-01 -1.5434e+00 -2.1472e-01 -4.0940e-01
272 0 +3.346087892e+01 +1.033460879e+03 +1.033460879e+03 +4.7159e-01 -8.6273e-01 +6.2715e-01 -1.5471e+00 +1.0189e-02 -1.6800e+00 +7.0407e-01 -1.5287e+00 -5.0537e-01 -6.2699e-01
288 0 +2.956351721e+01 +1.029563517e+03 +1.029563517e+03 +2.7460e-01 -1.0976e+00 +7.3724e-01 -1.5952e+00 +9.7725e-02 -1.6083e+00 +1.1384e+00 -1.8243e+00 -4.7487e-01 -7.2256e-01
318 0 +2.841212792e+01 +1.028412128e+03 +1.028412128e+03 +3.1238e-01 -1.0886e+00 +7.1969e-01 -1.8505e+00 +4.9091e-02 -1.8795e+00 +8.7398e-01 -1.8268e+00 -5.4697e-01 -4.7063e-01
327 0 +2.526792093e+01 +1.025267921e+03 +1.025267921e+03 +1.5356e-01 -5.8811e-01 +5.4529e-01 -1.6833e+00 -1.0019e-01 -1.6671e+00 +1.1485e+00 -2.0178e+00 -4.8118e-01 -8.2954e-01
350 0 +2.441768834e+01 +1.024417688e+03 +1.024417688e+03 +2.0203e-01 -5.5191e-01 +5.0982e-01 -1.6714e+00 +4.1606e-02 -1.7149e+00 +1.4009e+00 -1.9002e+00 -3.8136e-01 -6.4021e-01
391 0 +2.370112609e+01 +1.023701126e+03 +1.023701126e+03 -4.5285e-02 -6.6984e-01 +5.1458e-01 -1.6287e+00 -2.3530e-01 -1.5143e+00 +1.5970e+00 -1.6831e+00 -3.1803e-01 -5.0451e-01
407 0 +1.939948498e+01 +1.019399485e+03 +1.019399485e+03 +5.2982e-02 -8.6719e-01 +5.3029e-01 -1.7461e+00 -3.5920e-01 -1.7211e+00 +1.9513e+00 -1.9946e+00 -4.2982e-01 -8.9883e-01
458 0 +1.890429814e+01 +1.018904298e+03 +1.018904298e+03 +6.7466e-02 -7.5735e-01 +6.4010e-01 -1.6164e+00 -1.4339e-01 -1.9131e+00 +1.9106e+00 -2.1041e+00 -3.2254e-01 -8.8366e-01
510 0 +1.721854313e+01 +1.017218543e+03 +1.017218543e+03 -6.6253e-02 -1.3026e+00 +7.9054e-01 -1.7182e+00 -2.1982e-01 -1.8886e+00 +2.1139e+00 -1.7974e+00 -3.5635e-01 -9.7505e-01
523 0 +1.648220134e+01 +1.016482201e+03 +1.016482201e+03 +1.3379e-02 -1.1948e+00 +7.1790e-01 -1.7757e+00 -3.4384e-01 -1.9847e+00 +2.5418e+00 -1.8428e+00 -3.9110e-01 -1.0095e+00
542 0 +1.581021620e+01 +1.015810216e+03 +1.015810216e+03 -2.5024e-02 -1.2493e+00 +8.3905e-01 -1.8800e+00 -3.2237e-01 -2.1498e+00 +2.4397e+00 -1.8174e+00 -1.7370e-01 -9.4899e-01
576 0 +1.537760660e+01 +1.015377607e+03 +1.015377607e+03 -1.2086e-01 -1.2344e+00 +7.1567e-01 -2.0076e+00 -4.7082e-01 -2.3296e+00 +2.2755e+00 -2.1524e+00 -2.3947e-01 -1.0578e+00
678 0 +1.449445537e+01 +1.014494455e+03 +1.014494455e+03 -3.5940e-01 -1.3080e+00 +7.7871e-01 -1.7693e+00 -4.1819e-01 -2.0854e+00 +2.5278e+00 -1.7235e+00 -8.1483e-02 -9.3708e-01
735 0 +1.415653009e+01 +1.014156530e+03 +1.014156530e+03 -3.0847e-01 -1.2043e+00 +8.4775e-01 -1.8055e+00 -4.2229e-01 -2.0842e+00 +2.6928e+00 -1.6978e+00 -1.4309e-01 -9.7179e-01
748 0 +1.409533281e+01 +1.014095333e+03 +1.014095333e+03 -3.3284e-01 -1.1906e+00 +7.9512e-01 -1.8583e+00 -3.9465e-01 -2.1642e+00 +2.5802e+00 -1.7027e+00 -1.8092e-01 -8.8148e-01
