% f evaluations | g evaluations | best noise-free fitness - Fopt (9.294000000000e+01) + sum g_i+ | measured fitness | best measured fitness or single-digit g-values | x1 | x2...
1 0 +1.445170813e+03 +1.538110813e+03 +1.538110813e+03
2 0 +1.367707163e+03 +1.460647163e+03 +1.460647163e+03
6 0 +1.038069036e+03 +1.131009036e+03 +1.131009036e+03
80 0 +1.011831367e+03 +1.104771367e+03 +1.104771367e+03
88 0 +8.895737803e+02 +9.825137803e+02 +9.825137803e+02
128 0 +8.545069581e+02 +9.474469581e+02 +9.474469581e+02
159 0 +8.467123944e+02 +9.396523944e+02 +9.396523944e+02
163 0 +8.233000013e+02 +9.162400013e+02 +9.162400013e+02
170 0 +7.793763624e+02 +8.723163624e+02 +8.723163624e+02
184 0 +7.582965527e+02 +8.512365527e+02 +8.512365527e+02
191 0 +6.436829011e+02 +7.366229011e+02 +7.366229011e+02
227 0 +6.011333095e+02 +6.940733095e+02 +6.940733095e+02
262 0 +5.269784844e+02 +6.199184844e+02 +6.199184844e+02
299 0 +5.219887826e+02 +6.149287826e+02 +6.149287826e+02
325 0 +5.059585279e+02 +5.988985279e+02 +5.988985279e+02
346 0 +4.892693790e+02 +5.822093790e+02 +5.822093790e+02
352 0 +4.752692822e+02 +5.682092822e+02 +5.682092822e+02
357 0 +4.661144812e+02 +5.590544812e+02 +5.590544812e+02
380 0 +4.073557265e+02 +5.002957265e+02 +5.002957265e+02
412 0 +3.896893891e+02 +4.826293891e+02 +4.826293891e+02
416 0 +3.790746557e+02 +4.720146557e+02 +4.720146557e+02
441 0 +3.467485453e+02 +4.396885453e+02 +4.396885453e+02
445 0 +3.405392251e+02 +4.334792251e+02 +4.334792251e+02
465 0 +3.371435200e+02 +4.300835200e+02 +4.300835200e+02
469 0 +3.222292991e+02 +4.151692991e+02 +4.151692991e+02
475 0 +3.117041394e+02 +4.046441394e+02 +4.046441394e+02
479 0 +3.066361136e+02 +3.995761136e+02 +3.995761136e+02
497 0 +2.971450488e+02 +3.900850488e+02 +3.900850488e+02
504 0 +2.905874871e+02 +3.835274871e+02 +3.835274871e+02
508 0 +2.781503257e+02 +3.710903257e+02 +3.710903257e+02
518 0 +2.671765588e+02 +3.601165588e+02 +3.601165588e+02
524 0 +2.400790367e+02 +3.330190367e+02 +3.330190367e+02
545 0 +2.394766223e+02 +3.324166223e+02 +3.324166223e+02
552 0 +2.275565353e+02 +3.204965353e+02 +3.204965353e+02
583 0 +2.152743137e+02 +3.082143137e+02 +3.082143137e+02
588 0 +2.051608288e+02 +2.981008288e+02 +2.981008288e+02
593 0 +2.005055986e+02 +2.934455986e+02 +2.934455986e+02
602 0 +1.552222815e+02 +2.481622815e+02 +2.481622815e+02
657 0 +1.428376896e+02 +2.357776896e+02 +2.357776896e+02
737 0 +1.384119305e+02 +2.313519305e+02 +2.313519305e+02
785 0 +1.376888281e+02 +2.306288281e+02 +2.306288281e+02
829 0 +1.310360229e+02 +2.239760229e+02 +2.239760229e+02
865 0 +1.270347849e+02 +2.199747849e+02 +2.199747849e+02
881 0 +1.095768799e+02 +2.025168799e+02 +2.025168799e+02
945 0 +1.070778526e+02 +2.000178526e+02 +2.000178526e+02
973 0 +1.043122124e+02 +1.972522124e+02 +1.972522124e+02
993 0 +9.909201930e+01 +1.920320193e+02 +1.920320193e+02
1046 0 +8.668657395e+01 +1.796265740e+02 +1.796265740e+02
1153 0 +8.114116160e+01 +1.740811616e+02 +1.740811616e+02
1163 0 +7.863123403e+01 +1.715712340e+02 +1.715712340e+02
1217 0 +7.717598807e+01 +1.701159881e+02 +1.701159881e+02
1224 0 +7.228251886e+01 +1.652225189e+02 +1.652225189e+02
1233 0 +7.019564983e+01 +1.631356498e+02 +1.631356498e+02
1242 0 +6.496158104e+01 +1.579015810e+02 +1.579015810e+02
1287 0 +6.349335850e+01 +1.564333585e+02 +1.564333585e+02
1310 0 +6.252167651e+01 +1.554616765e+02 +1.554616765e+02
1320 0 +5.937887736e+01 +1.523188774e+02 +1.523188774e+02
1361 0 +5.106860094e+01 +1.440086009e+02 +1.440086009e+02
1393 0 +4.791534431e+01 +1.408553443e+02 +1.408553443e+02
1489 0 +4.482948225e+01 +1.377694823e+02 +1.377694823e+02
1596 0 +4.415255404e+01 +1.370925540e+02 +1.370925540e+02
1605 0 +4.252699453e+01 +1.354669945e+02 +1.354669945e+02
2009 0 +4.163908193e+01 +1.345790819e+02 +1.345790819e+02
2360 0 +4.073208632e+01 +1.336720863e+02 +1.336720863e+02
2583 0 +3.976379381e+01 +1.327037938e+02 +1.327037938e+02
2777 0 +3.887094456e+01 +1.318109446e+02 +1.318109446e+02
% f evaluations | g evaluations | best noise-free fitness - Fopt (3.535000000000e+01) + sum g_i+ | measured fitness | best measured fitness or single-digit g-values | x1 | x2...
1 0 +2.071631794e+03 +2.106981794e+03 +2.106981794e+03
2 0 +1.851223766e+03 +1.886573766e+03 +1.886573766e+03
4 0 +1.719399980e+03 +1.754749980e+03 +1.754749980e+03
12 0 +1.672851060e+03 +1.708201060e+03 +1.708201060e+03
41 0 +1.522256553e+03 +1.557606553e+03 +1.557606553e+03
107 0 +1.429513674e+03 +1.464863674e+03 +1.464863674e+03
117 0 +1.374302367e+03 +1.409652367e+03 +1.409652367e+03
153 0 +1.319288526e+03 +1.354638526e+03 +1.354638526e+03
181 0 +1.271396780e+03 +1.306746780e+03 +1.306746780e+03
198 0 +1.246036700e+03 +1.281386700e+03 +1.281386700e+03
202 0 +1.215285545e+03 +1.250635545e+03 +1.250635545e+03
210 0 +1.196399587e+03 +1.231749587e+03 +1.231749587e+03
214 0 +1.137633593e+03 +1.172983593e+03 +1.172983593e+03
245 0 +1.097408987e+03 +1.132758987e+03 +1.132758987e+03
266 0 +1.079989945e+03 +1.115339945e+03 +1.115339945e+03
281 0 +1.060911773e+03 +1.096261773e+03 +1.096261773e+03
295 0 +1.036850187e+03 +1.072200187e+03 +1.072200187e+03
314 0 +9.827680722e+02 +1.018118072e+03 +1.018118072e+03
344 0 +9.636550904e+02 +9.990050904e+02 +9.990050904e+02
348 0 +9.462403195e+02 +9.815903195e+02 +9.815903195e+02
355 0 +9.244659601e+02 +9.598159601e+02 +9.598159601e+02
356 0 +8.998916136e+02 +9.352416136e+02 +9.352416136e+02
382 0 +8.648957792e+02 +9.002457792e+02 +9.002457792e+02
397 0 +8.495202822e+02 +8.848702822e+02 +8.848702822e+02
404 0 +7.833815756e+02 +8.187315756e+02 +8.187315756e+02
443 0 +7.558846200e+02 +7.912346200e+02 +7.912346200e+02
457 0 +7.251214743e+02 +7.604714743e+02 +7.604714743e+02
465 0 +7.190086466e+02 +7.543586466e+02 +7.543586466e+02
473 0 +6.916878507e+02 +7.270378507e+02 +7.270378507e+02
484 0 +6.081891369e+02 +6.435391369e+02 +6.435391369e+02
532 0 +5.257030994e+02 +5.610530994e+02 +5.610530994e+02
563 0 +5.226396913e+02 +5.579896913e+02 +5.579896913e+02
566 0 +4.532593289e+02 +4.886093289e+02 +4.886093289e+02
600 0 +4.359911616e+02 +4.713411616e+02 +4.713411616e+02
607 0 +4.085634224e+02 +4.439134224e+02 +4.439134224e+02
632 0 +3.945761606e+02 +4.299261606e+02 +4.299261606e+02
635 0 +3.725779991e+02 +4.079279991e+02 +4.079279991e+02
641 0 +3.545215026e+02 +3.898715026e+02 +3.898715026e+02
663 0 +3.451016423e+02 +3.804516423e+02 +3.804516423e+02
694 0 +3.330713962e+02 +3.684213962e+02 +3.684213962e+02
701 0 +3.249518687e+02 +3.603018687e+02 +3.603018687e+02
706 0 +3.132038751e+02 +3.485538751e+02 +3.485538751e+02
707 0 +2.802531492e+02 +3.156031492e+02 +3.156031492e+02
721 0 +2.607860920e+02 +2.961360920e+02 +2.961360920e+02
735 0 +2.499355248e+02 +2.852855248e+02 +2.852855248e+02
737 0 +2.393159340e+02 +2.746659340e+02 +2.746659340e+02
767 0 +2.296128926e+02 +2.649628926e+02 +2.649628926e+02
774 0 +2.208324102e+02 +2.561824102e+02 +2.561824102e+02
780 0 +2.095527744e+02 +2.449027744e+02 +2.449027744e+02
833 0 +2.011889433e+02 +2.365389433e+02 +2.365389433e+02
843 0 +1.923070803e+02 +2.276570803e+02 +2.276570803e+02
849 0 +1.785808397e+02 +2.139308397e+02 +2.139308397e+02
850 0 +1.709406919e+02 +2.062906919e+02 +2.062906919e+02
865 0 +1.693905917e+02 +2.047405917e+02 +2.047405917e+02
881 0 +1.620620228e+02 +1.974120228e+02 +1.974120228e+02
897 0 +1.466327140e+02 +1.819827140e+02 +1.819827140e+02
913 0 +1.419218268e+02 +1.772718268e+02 +1.772718268e+02
929 0 +1.288589357e+02 +1.642089357e+02 +1.642089357e+02
941 0 +1.269449123e+02 +1.622949123e+02 +1.622949123e+02
945 0 +1.188770978e+02 +1.542270978e+02 +1.542270978e+02
961 0 +1.119517464e+02 +1.473017464e+02 +1.473017464e+02
977 0 +1.084580615e+02 +1.438080615e+02 +1.438080615e+02
993 0 +1.057818326e+02 +1.411318326e+02 +1.411318326e+02
1057 0 +9.581743672e+01 +1.311674367e+02 +1.311674367e+02
1089 0 +9.367581148e+01 +1.290258115e+02 +1.290258115e+02
1104 0 +9.234969863e+01 +1.276996986e+02 +1.276996986e+02
1116 0 +7.871657967e+01 +1.140665797e+02 +1.140665797e+02
1149 0 +7.680728824e+01 +1.121572882e+02 +1.121572882e+02
1153 0 +6.311287618e+01 +9.846287618e+01 +9.846287618e+01
1201 0 +5.815345507e+01 +9.350345507e+01 +9.350345507e+01
1233 0 +5.485154825e+01 +9.020154825e+01 +9.020154825e+01
1329 0 +5.311711146e+01 +8.846711146e+01 +8.846711146e+01
1393 0 +5.218054624e+01 +8.753054624e+01 +8.753054624e+01
1441 0 +5.118574282e+01 +8.653574282e+01 +8.653574282e+01
1534 0 +4.567481908e+01 +8.102481908e+01 +8.102481908e+01
1617 0 +4.364029817e+01 +7.899029817e+01 +7.899029817e+01
1633 0 +4.150866731e+01 +7.685866731e+01 +7.685866731e+01
1741 0 +3.985518764e+01 +7.520518764e+01 +7.520518764e+01
1765 0 +3.836042062e+01 +7.371042062e+01 +7.371042062e+01
1873 0 +3.793788024e+01 +7.328788024e+01 +7.328788024e+01
1876 0 +3.515424135e+01 +7.050424135e+01 +7.050424135e+01
1892 0 +3.429785356e+01 +6.964785356e+01 +6.964785356e+01
1955 0 +3.192935690e+01 +6.727935690e+01 +6.727935690e+01
1957 0 +3.147520336e+01 +6.682520336e+01 +6.682520336e+01
2020 0 +2.898252196e+01 +6.433252196e+01 +6.433252196e+01
2042 0 +2.757992682e+01 +6.292992682e+01 +6.292992682e+01
2363 0 +2.657860948e+01 +6.192860948e+01 +6.192860948e+01
2959 0 +2.607157348e+01 +6.142157348e+01 +6.142157348e+01
% f evaluations | g evaluations | best noise-free fitness - Fopt (3.820000000000e+00) + sum g_i+ | measured fitness | best measured fitness or single-digit g-values | x1 | x2...
1 0 +1.397016808e+03 +1.400836808e+03 +1.400836808e+03
5 0 +1.336214633e+03 +1.340034633e+03 +1.340034633e+03
10 0 +1.297940168e+03 +1.301760168e+03 +1.301760168e+03
18 0 +1.205935428e+03 +1.209755428e+03 +1.209755428e+03
32 0 +1.166135850e+03 +1.169955850e+03 +1.169955850e+03
35 0 +1.134905671e+03 +1.138725671e+03 +1.138725671e+03
42 0 +1.070886653e+03 +1.074706653e+03 +1.074706653e+03
51 0 +1.046468563e+03 +1.050288563e+03 +1.050288563e+03
53 0 +1.016340729e+03 +1.020160729e+03 +1.020160729e+03
57 0 +9.673127260e+02 +9.711327260e+02 +9.711327260e+02
77 0 +9.543336897e+02 +9.581536897e+02 +9.581536897e+02
97 0 +9.330037827e+02 +9.368237827e+02 +9.368237827e+02
105 0 +8.687523200e+02 +8.725723200e+02 +8.725723200e+02
145 0 +8.461808367e+02 +8.500008367e+02 +8.500008367e+02
155 0 +7.809180640e+02 +7.847380640e+02 +7.847380640e+02
170 0 +7.347727708e+02 +7.385927708e+02 +7.385927708e+02
201 0 +7.214440859e+02 +7.252640859e+02 +7.252640859e+02
205 0 +6.202587703e+02 +6.240787703e+02 +6.240787703e+02
210 0 +6.054284966e+02 +6.092484966e+02 +6.092484966e+02
235 0 +5.857178527e+02 +5.895378527e+02 +5.895378527e+02
237 0 +4.397821129e+02 +4.436021129e+02 +4.436021129e+02
290 0 +4.237465534e+02 +4.275665534e+02 +4.275665534e+02
291 0 +4.061311631e+02 +4.099511631e+02 +4.099511631e+02
307 0 +3.685049137e+02 +3.723249137e+02 +3.723249137e+02
324 0 +3.491594141e+02 +3.529794141e+02 +3.529794141e+02
346 0 +3.326484556e+02 +3.364684556e+02 +3.364684556e+02
369 0 +2.977868443e+02 +3.016068443e+02 +3.016068443e+02
374 0 +2.674747923e+02 +2.712947923e+02 +2.712947923e+02
385 0 +2.501610875e+02 +2.539810875e+02 +2.539810875e+02
400 0 +2.435651424e+02 +2.473851424e+02 +2.473851424e+02
417 0 +2.174426535e+02 +2.212626535e+02 +2.212626535e+02
434 0 +1.963162877e+02 +2.001362877e+02 +2.001362877e+02
497 0 +1.794923922e+02 +1.833123922e+02 +1.833123922e+02
525 0 +1.718520286e+02 +1.756720286e+02 +1.756720286e+02
545 0 +1.631910872e+02 +1.670110872e+02 +1.670110872e+02
561 0 +1.461387600e+02 +1.499587600e+02 +1.499587600e+02
577 0 +1.423299462e+02 +1.461499462e+02 +1.461499462e+02
673 0 +1.377274497e+02 +1.415474497e+02 +1.415474497e+02
721 0 +1.323741880e+02 +1.361941880e+02 +1.361941880e+02
737 0 +1.263301606e+02 +1.301501606e+02 +1.301501606e+02
785 0 +1.224078691e+02 +1.262278691e+02 +1.262278691e+02
804 0 +1.033448554e+02 +1.071648554e+02 +1.071648554e+02
817 0 +9.727307143e+01 +1.010930714e+02 +1.010930714e+02
881 0 +9.376678211e+01 +9.758678211e+01 +9.758678211e+01
902 0 +9.230826046e+01 +9.612826046e+01 +9.612826046e+01
904 0 +8.800446429e+01 +9.182446429e+01 +9.182446429e+01
913 0 +7.999894343e+01 +8.381894343e+01 +8.381894343e+01
961 0 +7.644497110e+01 +8.026497110e+01 +8.026497110e+01
977 0 +7.538569756e+01 +7.920569756e+01 +7.920569756e+01
998 0 +7.257597155e+01 +7.639597155e+01 +7.639597155e+01
1073 0 +7.052777562e+01 +7.434777562e+01 +7.434777562e+01
1089 0 +6.741445064e+01 +7.123445064e+01 +7.123445064e+01
1105 0 +6.443629319e+01 +6.825629319e+01 +6.825629319e+01
1121 0 +5.678866794e+01 +6.060866794e+01 +6.060866794e+01
1329 0 +5.452367708e+01 +5.834367708e+01 +5.834367708e+01
1494 0 +5.140535140e+01 +5.522535140e+01 +5.522535140e+01
1541 0 +5.089757410e+01 +5.471757410e+01 +5.471757410e+01
1669 0 +5.011290234e+01 +5.393290234e+01 +5.393290234e+01
2163 0 +4.887902194e+01 +5.269902194e+01 +5.269902194e+01
% f evaluations | g evaluations | best noise-free fitness - Fopt (2.175000000000e+01) + sum g_i+ | measured fitness | best measured fitness or single-digit g-values | x1 | x2...
1 0 +1.746062931e+03 +1.767812931e+03 +1.767812931e+03
6 0 +1.687681156e+03 +1.709431156e+03 +1.709431156e+03
8 0 +1.552584259e+03 +1.574334259e+03 +1.574334259e+03
25 0 +1.504367963e+03 +1.526117963e+03 +1.526117963e+03
51 0 +1.457702619e+03 +1.479452619e+03 +1.479452619e+03
67 0 +1.394278922e+03 +1.416028922e+03 +1.416028922e+03
80 0 +1.285222904e+03 +1.306972904e+03 +1.306972904e+03
102 0 +1.218838792e+03 +1.240588792e+03 +1.240588792e+03
111 0 +1.134554595e+03 +1.156304595e+03 +1.156304595e+03
125 0 +1.109989862e+03 +1.131739862e+03 +1.131739862e+03
150 0 +1.089211703e+03 +1.110961703e+03 +1.110961703e+03
154 0 +9.935475787e+02 +1.015297579e+03 +1.015297579e+03
185 0 +9.597323904e+02 +9.814823904e+02 +9.814823904e+02
195 0 +9.466440460e+02 +9.683940460e+02 +9.683940460e+02
219 0 +8.664469482e+02 +8.881969482e+02 +8.881969482e+02
227 0 +8.057377866e+02 +8.274877866e+02 +8.274877866e+02
235 0 +7.827082337e+02 +8.044582337e+02 +8.044582337e+02
265 0 +7.426091531e+02 +7.643591531e+02 +7.643591531e+02
269 0 +7.267147720e+02 +7.484647720e+02 +7.484647720e+02
274 0 +6.534248703e+02 +6.751748703e+02 +6.751748703e+02
294 0 +6.109023206e+02 +6.326523206e+02 +6.326523206e+02
310 0 +5.838177710e+02 +6.055677710e+02 +6.055677710e+02
342 0 +5.665499685e+02 +5.882999685e+02 +5.882999685e+02
358 0 +5.115735497e+02 +5.333235497e+02 +5.333235497e+02
360 0 +4.983002717e+02 +5.200502717e+02 +5.200502717e+02
401 0 +4.851690314e+02 +5.069190314e+02 +5.069190314e+02
407 0 +4.188600910e+02 +4.406100910e+02 +4.406100910e+02
444 0 +4.039298139e+02 +4.256798139e+02 +4.256798139e+02
455 0 +3.978037574e+02 +4.195537574e+02 +4.195537574e+02
471 0 +3.467025020e+02 +3.684525020e+02 +3.684525020e+02
503 0 +3.279088051e+02 +3.496588051e+02 +3.496588051e+02
577 0 +3.179499425e+02 +3.396999425e+02 +3.396999425e+02
579 0 +3.043753586e+02 +3.261253586e+02 +3.261253586e+02
600 0 +2.984092538e+02 +3.201592538e+02 +3.201592538e+02
610 0 +2.822557364e+02 +3.040057364e+02 +3.040057364e+02
624 0 +2.541441680e+02 +2.758941680e+02 +2.758941680e+02
662 0 +2.496476387e+02 +2.713976387e+02 +2.713976387e+02
673 0 +2.453174882e+02 +2.670674882e+02 +2.670674882e+02
675 0 +2.373251301e+02 +2.590751301e+02 +2.590751301e+02
683 0 +2.336475574e+02 +2.553975574e+02 +2.553975574e+02
689 0 +2.201270068e+02 +2.418770068e+02 +2.418770068e+02
693 0 +2.098114869e+02 +2.315614869e+02 +2.315614869e+02
725 0 +1.973616799e+02 +2.191116799e+02 +2.191116799e+02
743 0 +1.771529543e+02 +1.989029543e+02 +1.989029543e+02
787 0 +1.524878527e+02 +1.742378527e+02 +1.742378527e+02
833 0 +1.511529226e+02 +1.729029226e+02 +1.729029226e+02
865 0 +1.362798059e+02 +1.580298059e+02 +1.580298059e+02
881 0 +1.322152641e+02 +1.539652641e+02 +1.539652641e+02
898 0 +1.165852453e+02 +1.383352453e+02 +1.383352453e+02
932 0 +1.123676919e+02 +1.341176919e+02 +1.341176919e+02
945 0 +1.120221844e+02 +1.337721844e+02 +1.337721844e+02
953 0 +1.090363221e+02 +1.307863221e+02 +1.307863221e+02
961 0 +1.070572309e+02 +1.288072309e+02 +1.288072309e+02
977 0 +1.042377657e+02 +1.259877657e+02 +1.259877657e+02
1046 0 +9.927374782e+01 +1.210237478e+02 +1.210237478e+02
1105 0 +9.441086067e+01 +1.161608607e+02 +1.161608607e+02
1116 0 +9.303466230e+01 +1.147846623e+02 +1.147846623e+02
1118 0 +7.421163140e+01 +9.596163140e+01 +9.596163140e+01
1191 0 +7.088406667e+01 +9.263406667e+01 +9.263406667e+01
1393 0 +6.868034474e+01 +9.043034474e+01 +9.043034474e+01
1425 0 +6.619534448e+01 +8.794534448e+01 +8.794534448e+01
1505 0 +6.537299812e+01 +8.712299812e+01 +8.712299812e+01
1537 0 +6.165390700e+01 +8.340390700e+01 +8.340390700e+01
1578 0 +5.776877778e+01 +7.951877778e+01 +7.951877778e+01
1596 0 +5.570280889e+01 +7.745280889e+01 +7.745280889e+01
1619 0 +5.107473036e+01 +7.282473036e+01 +7.282473036e+01
1721 0 +4.956326102e+01 +7.131326102e+01 +7.131326102e+01
1761 0 +4.800033273e+01 +6.975033273e+01 +6.975033273e+01
1786 0 +4.775965761e+01 +6.950965761e+01 +6.950965761e+01
1809 0 +4.262673585e+01 +6.437673585e+01 +6.437673585e+01
1924 0 +3.955753316e+01 +6.130753316e+01 +6.130753316e+01
2565 0 +3.889026924e+01 +6.064026924e+01 +6.064026924e+01
3193 0 +3.799530297e+01 +5.974530297e+01 +5.974530297e+01
% f evaluations | g evaluations | best noise-free fitness - Fopt (6.479000000000e+01) + sum g_i+ | measured fitness | best measured fitness or single-digit g-values | x1 | x2...
1 0 +2.323444095e+03 +2.388234095e+03 +2.388234095e+03
2 0 +2.231464588e+03 +2.296254588e+03 +2.296254588e+03
8 0 +2.178125752e+03 +2.242915752e+03 +2.242915752e+03
17 0 +2.108163801e+03 +2.172953801e+03 +2.172953801e+03
21 0 +1.942723161e+03 +2.007513161e+03 +2.007513161e+03
44 0 +1.889753314e+03 +1.954543314e+03 +1.954543314e+03
86 0 +1.825393769e+03 +1.890183769e+03 +1.890183769e+03
109 0 +1.783658547e+03 +1.848448547e+03 +1.848448547e+03
115 0 +1.716803633e+03 +1.781593633e+03 +1.781593633e+03
136 0 +1.631323739e+03 +1.696113739e+03 +1.696113739e+03
137 0 +1.606373831e+03 +1.671163831e+03 +1.671163831e+03
146 0 +1.541794429e+03 +1.606584429e+03 +1.606584429e+03
180 0 +1.373306198e+03 +1.438096198e+03 +1.438096198e+03
242 0 +1.263045829e+03 +1.327835829e+03 +1.327835829e+03
258 0 +1.228715827e+03 +1.293505827e+03 +1.293505827e+03
287 0 +1.165433633e+03 +1.230223633e+03 +1.230223633e+03
295 0 +1.080579972e+03 +1.145369972e+03 +1.145369972e+03
306 0 +1.070929132e+03 +1.135719132e+03 +1.135719132e+03
333 0 +1.005680366e+03 +1.070470366e+03 +1.070470366e+03
371 0 +9.775264128e+02 +1.042316413e+03 +1.042316413e+03
377 0 +9.720675424e+02 +1.036857542e+03 +1.036857542e+03
386 0 +9.540878134e+02 +1.018877813e+03 +1.018877813e+03
403 0 +8.902658676e+02 +9.550558676e+02 +9.550558676e+02
419 0 +8.100666424e+02 +8.748566424e+02 +8.748566424e+02
472 0 +7.126335950e+02 +7.774235950e+02 +7.774235950e+02
494 0 +6.981183064e+02 +7.629083064e+02 +7.629083064e+02
502 0 +6.887688634e+02 +7.535588634e+02 +7.535588634e+02
508 0 +6.651048785e+02 +7.298948785e+02 +7.298948785e+02
514 0 +6.272345650e+02 +6.920245650e+02 +6.920245650e+02
546 0 +5.643275790e+02 +6.291175790e+02 +6.291175790e+02
556 0 +5.321431321e+02 +5.969331321e+02 +5.969331321e+02
578 0 +5.226129566e+02 +5.874029566e+02 +5.874029566e+02
581 0 +4.908126285e+02 +5.556026285e+02 +5.556026285e+02
593 0 +4.744739169e+02 +5.392639169e+02 +5.392639169e+02
598 0 +4.621893179e+02 +5.269793179e+02 +5.269793179e+02
599 0 +4.559494784e+02 +5.207394784e+02 +5.207394784e+02
603 0 +4.407910830e+02 +5.055810830e+02 +5.055810830e+02
628 0 +3.831538789e+02 +4.479438789e+02 +4.479438789e+02
643 0 +3.625724639e+02 +4.273624639e+02 +4.273624639e+02
673 0 +3.418134944e+02 +4.066034944e+02 +4.066034944e+02
684 0 +3.292166492e+02 +3.940066492e+02 +3.940066492e+02
689 0 +3.176563052e+02 +3.824463052e+02 +3.824463052e+02
702 0 +3.084178679e+02 +3.732078679e+02 +3.732078679e+02
725 0 +2.972099350e+02 +3.619999350e+02 +3.619999350e+02
755 0 +2.754760334e+02 +3.402660334e+02 +3.402660334e+02
786 0 +2.569541095e+02 +3.217441095e+02 +3.217441095e+02
801 0 +2.494743983e+02 +3.142643983e+02 +3.142643983e+02
803 0 +2.453844555e+02 +3.101744555e+02 +3.101744555e+02
829 0 +2.300080376e+02 +2.947980376e+02 +2.947980376e+02
833 0 +2.224493647e+02 +2.872393647e+02 +2.872393647e+02
843 0 +1.888700392e+02 +2.536600392e+02 +2.536600392e+02
871 0 +1.713054014e+02 +2.360954014e+02 +2.360954014e+02
879 0 +1.643578621e+02 +2.291478621e+02 +2.291478621e+02
892 0 +1.569756850e+02 +2.217656850e+02 +2.217656850e+02
912 0 +1.413465435e+02 +2.061365435e+02 +2.061365435e+02
919 0 +1.378617270e+02 +2.026517270e+02 +2.026517270e+02
961 0 +1.304434946e+02 +1.952334946e+02 +1.952334946e+02
977 0 +1.236300437e+02 +1.884200437e+02 +1.884200437e+02
1009 0 +1.059543514e+02 +1.707443514e+02 +1.707443514e+02
1104 0 +9.582708124e+01 +1.606170812e+02 +1.606170812e+02
1118 0 +9.421412972e+01 +1.590041297e+02 +1.590041297e+02
1260 0 +9.226929753e+01 +1.570592975e+02 +1.570592975e+02
1326 0 +8.716357519e+01 +1.519535752e+02 +1.519535752e+02
1393 0 +8.580800928e+01 +1.505980093e+02 +1.505980093e+02
1409 0 +8.481717449e+01 +1.496071745e+02 +1.496071745e+02
1461 0 +8.097401987e+01 +1.457640199e+02 +1.457640199e+02
1475 0 +7.591920615e+01 +1.407092061e+02 +1.407092061e+02
1523 0 +7.476404187e+01 +1.395540419e+02 +1.395540419e+02
1578 0 +7.130992411e+01 +1.360999241e+02 +1.360999241e+02
1586 0 +6.984048220e+01 +1.346304822e+02 +1.346304822e+02
1624 0 +6.915485981e+01 +1.339448598e+02 +1.339448598e+02
1657 0 +6.669890333e+01 +1.314889033e+02 +1.314889033e+02
1710 0 +6.415761518e+01 +1.289476152e+02 +1.289476152e+02
1729 0 +6.077236797e+01 +1.255623680e+02 +1.255623680e+02
1765 0 +6.001248067e+01 +1.248024807e+02 +1.248024807e+02
1853 0 +5.822775499e+01 +1.230177550e+02 +1.230177550e+02
1915 0 +5.643241940e+01 +1.212224194e+02 +1.212224194e+02
2275 0 +5.442713924e+01 +1.192171392e+02 +1.192171392e+02
2300 0 +5.320502571e+01 +1.179950257e+02 +1.179950257e+02
2504 0 +5.237267596e+01 +1.171626760e+02 +1.171626760e+02
% f evaluations | g evaluations | best noise-free fitness - Fopt (-1.000000000000e+03) + sum g_i+ | measured fitness | best measured fitness or single-digit g-values | x1 | x2...
1 0 +1.767038502e+03 +7.670385024e+02 +7.670385024e+02
7 0 +1.697940771e+03 +6.979407709e+02 +6.979407709e+02
14 0 +1.651231774e+03 +6.512317738e+02 +6.512317738e+02
20 0 +1.613605098e+03 +6.136050976e+02 +6.136050976e+02
30 0 +1.563554637e+03 +5.635546370e+02 +5.635546370e+02
53 0 +1.490473887e+03 +4.904738870e+02 +4.904738870e+02
66 0 +1.398249731e+03 +3.982497314e+02 +3.982497314e+02
99 0 +1.339366790e+03 +3.393667904e+02 +3.393667904e+02
119 0 +1.281713892e+03 +2.817138922e+02 +2.817138922e+02
133 0 +1.206412455e+03 +2.064124548e+02 +2.064124548e+02
136 0 +1.092869915e+03 +9.286991456e+01 +9.286991456e+01
166 0 +1.060057732e+03 +6.005773244e+01 +6.005773244e+01
185 0 +1.022987372e+03 +2.298737158e+01 +2.298737158e+01
199 0 +9.694078870e+02 -3.059211302e+01 -3.059211302e+01
216 0 +9.535376132e+02 -4.646238681e+01 -4.646238681e+01
239 0 +7.720147157e+02 -2.279852843e+02 -2.279852843e+02
280 0 +7.331313736e+02 -2.668686264e+02 -2.668686264e+02
296 0 +6.680620327e+02 -3.319379673e+02 -3.319379673e+02
307 0 +6.560475948e+02 -3.439524052e+02 -3.439524052e+02
308 0 +6.160937028e+02 -3.839062972e+02 -3.839062972e+02
334 0 +6.003528772e+02 -3.996471228e+02 -3.996471228e+02
341 0 +5.456694223e+02 -4.543305777e+02 -4.543305777e+02
344 0 +5.336957538e+02 -4.663042462e+02 -4.663042462e+02
364 0 +5.219954491e+02 -4.780045509e+02 -4.780045509e+02
369 0 +4.997432223e+02 -5.002567777e+02 -5.002567777e+02
370 0 +4.299609112e+02 -5.700390888e+02 -5.700390888e+02
411 0 +4.143843884e+02 -5.856156116e+02 -5.856156116e+02
422 0 +3.891578577e+02 -6.108421423e+02 -6.108421423e+02
437 0 +3.664720491e+02 -6.335279509e+02 -6.335279509e+02
451 0 +3.473631072e+02 -6.526368928e+02 -6.526368928e+02
454 0 +3.430317963e+02 -6.569682037e+02 -6.569682037e+02
461 0 +3.162770280e+02 -6.837229720e+02 -6.837229720e+02
481 0 +3.019155155e+02 -6.980844845e+02 -6.980844845e+02
513 0 +2.765645731e+02 -7.234354269e+02 -7.234354269e+02
545 0 +2.655775242e+02 -7.344224758e+02 -7.344224758e+02
547 0 +2.621964121e+02 -7.378035879e+02 -7.378035879e+02
561 0 +2.499885452e+02 -7.500114548e+02 -7.500114548e+02
577 0 +2.357387511e+02 -7.642612489e+02 -7.642612489e+02
582 0 +2.336238831e+02 -7.663761169e+02 -7.663761169e+02
609 0 +2.211006039e+02 -7.788993961e+02 -7.788993961e+02
625 0 +2.136386889e+02 -7.863613111e+02 -7.863613111e+02
666 0 +2.019570658e+02 -7.980429342e+02 -7.980429342e+02
689 0 +1.960270598e+02 -8.039729402e+02 -8.039729402e+02
705 0 +1.733711172e+02 -8.266288828e+02 -8.266288828e+02
737 0 +1.652414738e+02 -8.347585262e+02 -8.347585262e+02
785 0 +1.562498445e+02 -8.437501555e+02 -8.437501555e+02
833 0 +1.490535506e+02 -8.509464494e+02 -8.509464494e+02
838 0 +1.448339236e+02 -8.551660764e+02 -8.551660764e+02
849 0 +1.412634152e+02 -8.587365848e+02 -8.587365848e+02
854 0 +1.393842481e+02 -8.606157519e+02 -8.606157519e+02
912 0 +1.332829537e+02 -8.667170463e+02 -8.667170463e+02
913 0 +1.259617996e+02 -8.740382004e+02 -8.740382004e+02
966 0 +1.213960596e+02 -8.786039404e+02 -8.786039404e+02
1012 0 +1.168853517e+02 -8.831146483e+02 -8.831146483e+02
1066 0 +1.133043607e+02 -8.866956393e+02 -8.866956393e+02
1079 0 +1.112692241e+02 -8.887307759e+02 -8.887307759e+02
1116 0 +1.084605239e+02 -8.915394761e+02 -8.915394761e+02
1133 0 +1.070272645e+02 -8.929727355e+02 -8.929727355e+02
1139 0 +1.031385279e+02 -8.968614721e+02 -8.968614721e+02
1157 0 +1.020041316e+02 -8.979958684e+02 -8.979958684e+02
1160 0 +9.974248832e+01 -9.002575117e+02 -9.002575117e+02
1176 0 +9.316487574e+01 -9.068351243e+02 -9.068351243e+02
1184 0 +8.413030831e+01 -9.158696917e+02 -9.158696917e+02
1281 0 +8.311847501e+01 -9.168815250e+02 -9.168815250e+02
1337 0 +7.972382169e+01 -9.202761783e+02 -9.202761783e+02
1394 0 +7.903010674e+01 -9.209698933e+02 -9.209698933e+02
1451 0 +7.539156274e+01 -9.246084373e+02 -9.246084373e+02
1684 0 +7.337262485e+01 -9.266273751e+02 -9.266273751e+02
1751 0 +7.029296942e+01 -9.297070306e+02 -9.297070306e+02
1848 0 +6.832629863e+01 -9.316737014e+02 -9.316737014e+02
1858 0 +6.712659655e+01 -9.328734034e+02 -9.328734034e+02
1914 0 +6.533232542e+01 -9.346676746e+02 -9.346676746e+02
2044 0 +6.247905842e+01 -9.375209416e+02 -9.375209416e+02
2298 0 +6.133156181e+01 -9.386684382e+02 -9.386684382e+02
2738 0 +6.019679724e+01 -9.398032028e+02 -9.398032028e+02
% f evaluations | g evaluations | best noise-free fitness - Fopt (1.640700000000e+02) + sum g_i+ | measured fitness | best measured fitness or single-digit g-values | x1 | x2...
1 0 +2.092848971e+03 +2.256918971e+03 +2.256918971e+03
4 0 +2.011068623e+03 +2.175138623e+03 +2.175138623e+03
29 0 +1.922078242e+03 +2.086148242e+03 +2.086148242e+03
44 0 +1.870138781e+03 +2.034208781e+03 +2.034208781e+03
56 0 +1.782073231e+03 +1.946143231e+03 +1.946143231e+03
68 0 +1.717690489e+03 +1.881760489e+03 +1.881760489e+03
69 0 +1.668555530e+03 +1.832625530e+03 +1.832625530e+03
108 0 +1.599822330e+03 +1.763892330e+03 +1.763892330e+03
117 0 +1.545202261e+03 +1.709272261e+03 +1.709272261e+03
130 0 +1.483850114e+03 +1.647920114e+03 +1.647920114e+03
142 0 +1.468713233e+03 +1.632783233e+03 +1.632783233e+03
151 0 +1.383607577e+03 +1.547677577e+03 +1.547677577e+03
160 0 +1.354561960e+03 +1.518631960e+03 +1.518631960e+03
175 0 +1.304758313e+03 +1.468828313e+03 +1.468828313e+03
180 0 +1.246233740e+03 +1.410303740e+03 +1.410303740e+03
181 0 +1.220498998e+03 +1.384568998e+03 +1.384568998e+03
198 0 +1.157390751e+03 +1.321460751e+03 +1.321460751e+03
200 0 +1.128674598e+03 +1.292744598e+03 +1.292744598e+03
223 0 +1.087121990e+03 +1.251191990e+03 +1.251191990e+03
258 0 +1.070721230e+03 +1.234791230e+03 +1.234791230e+03
278 0 +1.004157018e+03 +1.168227018e+03 +1.168227018e+03
279 0 +9.934161078e+02 +1.157486108e+03 +1.157486108e+03
301 0 +9.701567704e+02 +1.134226770e+03 +1.134226770e+03
310 0 +9.463994078e+02 +1.110469408e+03 +1.110469408e+03
325 0 +8.889605702e+02 +1.053030570e+03 +1.053030570e+03
335 0 +8.706105860e+02 +1.034680586e+03 +1.034680586e+03
339 0 +8.409114578e+02 +1.004981458e+03 +1.004981458e+03
344 0 +8.170632595e+02 +9.811332595e+02 +9.811332595e+02
351 0 +7.505596005e+02 +9.146296005e+02 +9.146296005e+02
356 0 +7.305774181e+02 +8.946474181e+02 +8.946474181e+02
369 0 +7.091818522e+02 +8.732518522e+02 +8.732518522e+02
390 0 +7.048903164e+02 +8.689603164e+02 +8.689603164e+02
398 0 +6.602151227e+02 +8.242851227e+02 +8.242851227e+02
402 0 +6.278282136e+02 +7.918982136e+02 +7.918982136e+02
417 0 +6.059103339e+02 +7.699803339e+02 +7.699803339e+02
432 0 +5.798837426e+02 +7.439537426e+02 +7.439537426e+02
443 0 +5.656926134e+02 +7.297626134e+02 +7.297626134e+02
457 0 +5.199725657e+02 +6.840425657e+02 +6.840425657e+02
467 0 +4.807649865e+02 +6.448349865e+02 +6.448349865e+02
485 0 +4.516093743e+02 +6.156793743e+02 +6.156793743e+02
519 0 +4.330683833e+02 +5.971383833e+02 +5.971383833e+02
531 0 +3.658087913e+02 +5.298787913e+02 +5.298787913e+02
565 0 +3.278503483e+02 +4.919203483e+02 +4.919203483e+02
578 0 +3.193394542e+02 +4.834094542e+02 +4.834094542e+02
580 0 +2.773040116e+02 +4.413740116e+02 +4.413740116e+02
593 0 +2.713299581e+02 +4.353999581e+02 +4.353999581e+02
625 0 +2.423554805e+02 +4.064254805e+02 +4.064254805e+02
677 0 +2.352743954e+02 +3.993443954e+02 +3.993443954e+02
694 0 +2.323471422e+02 +3.964171422e+02 +3.964171422e+02
709 0 +2.191320137e+02 +3.832020137e+02 +3.832020137e+02
711 0 +1.956695030e+02 +3.597395030e+02 +3.597395030e+02
721 0 +1.914732417e+02 +3.555432417e+02 +3.555432417e+02
737 0 +1.787712694e+02 +3.428412694e+02 +3.428412694e+02
753 0 +1.755543756e+02 +3.396243756e+02 +3.396243756e+02
769 0 +1.702178710e+02 +3.342878710e+02 +3.342878710e+02
787 0 +1.654910999e+02 +3.295610999e+02 +3.295610999e+02
817 0 +1.499349891e+02 +3.140049891e+02 +3.140049891e+02
833 0 +1.468246751e+02 +3.108946751e+02 +3.108946751e+02
849 0 +1.395781598e+02 +3.036481598e+02 +3.036481598e+02
865 0 +1.351119082e+02 +2.991819082e+02 +2.991819082e+02
897 0 +1.340512704e+02 +2.981212704e+02 +2.981212704e+02
908 0 +1.295950392e+02 +2.936650392e+02 +2.936650392e+02
929 0 +1.141965621e+02 +2.782665621e+02 +2.782665621e+02
945 0 +1.045568262e+02 +2.686268262e+02 +2.686268262e+02
1063 0 +9.946203576e+01 +2.635320358e+02 +2.635320358e+02
1115 0 +9.488984688e+01 +2.589598469e+02 +2.589598469e+02
1139 0 +9.243201947e+01 +2.565020195e+02 +2.565020195e+02
1166 0 +8.021012516e+01 +2.442801252e+02 +2.442801252e+02
1353 0 +7.820254094e+01 +2.422725409e+02 +2.422725409e+02
1409 0 +7.557048826e+01 +2.396404883e+02 +2.396404883e+02
1457 0 +7.108452099e+01 +2.351545210e+02 +2.351545210e+02
1489 0 +6.870460068e+01 +2.327746007e+02 +2.327746007e+02
1521 0 +6.697363910e+01 +2.310436391e+02 +2.310436391e+02
1528 0 +6.383552362e+01 +2.279055236e+02 +2.279055236e+02
1570 0 +6.259801205e+01 +2.266680120e+02 +2.266680120e+02
1590 0 +5.712967769e+01 +2.211996777e+02 +2.211996777e+02
1617 0 +5.338488736e+01 +2.174548874e+02 +2.174548874e+02
1642 0 +5.149355498e+01 +2.155635550e+02 +2.155635550e+02
1645 0 +4.352434321e+01 +2.075943432e+02 +2.075943432e+02
1729 0 +4.248702688e+01 +2.065570269e+02 +2.065570269e+02
1761 0 +4.152491755e+01 +2.055949176e+02 +2.055949176e+02
1907 0 +4.028407462e+01 +2.043540746e+02 +2.043540746e+02
1935 0 +3.980350964e+01 +2.038735096e+02 +2.038735096e+02
1988 0 +3.752332264e+01 +2.015933226e+02 +2.015933226e+02
2085 0 +3.578030699e+01 +1.998503070e+02 +1.998503070e+02
2226 0 +3.517979543e+01 +1.992497954e+02 +1.992497954e+02
2365 0 +3.460871683e+01 +1.986787168e+02 +1.986787168e+02
2742 0 +3.387338904e+01 +1.979433890e+02 +1.979433890e+02
% f evaluations | g evaluations | best noise-free fitness - Fopt (-1.656800000000e+02) + sum g_i+ | measured fitness | best measured fitness or single-digit g-values | x1 | x2...
1 0 +1.831371966e+03 +1.665691966e+03 +1.665691966e+03
2 0 +1.701988659e+03 +1.536308659e+03 +1.536308659e+03
8 0 +1.632754797e+03 +1.467074797e+03 +1.467074797e+03
30 0 +1.601412572e+03 +1.435732572e+03 +1.435732572e+03
37 0 +1.465388700e+03 +1.299708700e+03 +1.299708700e+03
68 0 +1.400003796e+03 +1.234323796e+03 +1.234323796e+03
93 0 +1.280678541e+03 +1.114998541e+03 +1.114998541e+03
116 0 +1.240187597e+03 +1.074507597e+03 +1.074507597e+03
136 0 +1.201361863e+03 +1.035681863e+03 +1.035681863e+03
140 0 +1.170919332e+03 +1.005239332e+03 +1.005239332e+03
146 0 +1.142300935e+03 +9.766209352e+02 +9.766209352e+02
151 0 +1.108415454e+03 +9.427354538e+02 +9.427354538e+02
184 0 +1.005601350e+03 +8.399213496e+02 +8.399213496e+02
211 0 +9.975458723e+02 +8.318658723e+02 +8.318658723e+02
237 0 +9.640259250e+02 +7.983459250e+02 +7.983459250e+02
246 0 +8.826424045e+02 +7.169624045e+02 +7.169624045e+02
262 0 +8.189730866e+02 +6.532930866e+02 +6.532930866e+02
277 0 +7.925612698e+02 +6.268812698e+02 +6.268812698e+02
318 0 +7.407541123e+02 +5.750741123e+02 +5.750741123e+02
322 0 +7.215630378e+02 +5.558830378e+02 +5.558830378e+02
339 0 +6.782998581e+02 +5.126198581e+02 +5.126198581e+02
352 0 +6.708831884e+02 +5.052031884e+02 +5.052031884e+02
354 0 +6.481987251e+02 +4.825187251e+02 +4.825187251e+02
355 0 +6.337754577e+02 +4.680954577e+02 +4.680954577e+02
359 0 +5.989032390e+02 +4.332232390e+02 +4.332232390e+02
383 0 +5.829363191e+02 +4.172563191e+02 +4.172563191e+02
386 0 +5.337284929e+02 +3.680484929e+02 +3.680484929e+02
404 0 +4.213836845e+02 +2.557036845e+02 +2.557036845e+02
444 0 +4.159324839e+02 +2.502524839e+02 +2.502524839e+02
452 0 +3.749047585e+02 +2.092247585e+02 +2.092247585e+02
465 0 +3.441054062e+02 +1.784254062e+02 +1.784254062e+02
484 0 +3.291489750e+02 +1.634689750e+02 +1.634689750e+02
500 0 +3.210883901e+02 +1.554083901e+02 +1.554083901e+02
508 0 +2.937510682e+02 +1.280710682e+02 +1.280710682e+02
519 0 +2.825607992e+02 +1.168807992e+02 +1.168807992e+02
520 0 +2.699697470e+02 +1.042897470e+02 +1.042897470e+02
523 0 +2.445942990e+02 +7.891429903e+01 +7.891429903e+01
535 0 +1.766887222e+02 +1.100872217e+01 +1.100872217e+01
585 0 +1.473857715e+02 -1.829422851e+01 -1.829422851e+01
657 0 +1.390460874e+02 -2.663391261e+01 -2.663391261e+01
673 0 +1.375092815e+02 -2.817071851e+01 -2.817071851e+01
689 0 +1.128137636e+02 -5.286623637e+01 -5.286623637e+01
705 0 +1.101838330e+02 -5.549616698e+01 -5.549616698e+01
737 0 +1.051631147e+02 -6.051688528e+01 -6.051688528e+01
753 0 +1.014901495e+02 -6.418985049e+01 -6.418985049e+01
769 0 +9.325261980e+01 -7.242738020e+01 -7.242738020e+01
785 0 +8.976892929e+01 -7.591107071e+01 -7.591107071e+01
801 0 +8.393694379e+01 -8.174305621e+01 -8.174305621e+01
833 0 +8.000646490e+01 -8.567353510e+01 -8.567353510e+01
865 0 +7.816158665e+01 -8.751841335e+01 -8.751841335e+01
881 0 +7.141756279e+01 -9.426243721e+01 -9.426243721e+01
912 0 +6.991204281e+01 -9.576795719e+01 -9.576795719e+01
961 0 +6.439435402e+01 -1.012856460e+02 -1.012856460e+02
977 0 +6.287566192e+01 -1.028043381e+02 -1.028043381e+02
1009 0 +6.026171565e+01 -1.054182844e+02 -1.054182844e+02
1041 0 +5.944292242e+01 -1.062370776e+02 -1.062370776e+02
1057 0 +5.367244556e+01 -1.120075544e+02 -1.120075544e+02
1073 0 +4.981984459e+01 -1.158601554e+02 -1.158601554e+02
1137 0 +4.872947108e+01 -1.169505289e+02 -1.169505289e+02
1139 0 +4.497685229e+01 -1.207031477e+02 -1.207031477e+02
1341 0 +4.426288902e+01 -1.214171110e+02 -1.214171110e+02
1431 0 +4.014097517e+01 -1.255390248e+02 -1.255390248e+02
1441 0 +3.769556786e+01 -1.279844321e+02 -1.279844321e+02
1567 0 +3.674426231e+01 -1.289357377e+02 -1.289357377e+02
1575 0 +3.600564072e+01 -1.296743593e+02 -1.296743593e+02
1609 0 +3.393947900e+01 -1.317405210e+02 -1.317405210e+02
1637 0 +3.384770861e+01 -1.318322914e+02 -1.318322914e+02
1643 0 +3.052950941e+01 -1.351504906e+02 -1.351504906e+02
1681 0 +2.904475083e+01 -1.366352492e+02 -1.366352492e+02
1729 0 +2.754573290e+01 -1.381342671e+02 -1.381342671e+02
1773 0 +2.738510234e+01 -1.382948977e+02 -1.382948977e+02
1881 0 +2.677819082e+01 -1.389018092e+02 -1.389018092e+02
2348 0 +2.541616722e+01 -1.402638328e+02 -1.402638328e+02
% f evaluations | g evaluations | best noise-free fitness - Fopt (9.284000000000e+01) + sum g_i+ | measured fitness | best measured fitness or single-digit g-values | x1 | x2...
1 0 +1.582206989e+03 +1.675046989e+03 +1.675046989e+03
2 0 +1.527517035e+03 +1.620357035e+03 +1.620357035e+03
5 0 +1.503108456e+03 +1.595948456e+03 +1.595948456e+03
11 0 +1.262380432e+03 +1.355220432e+03 +1.355220432e+03
50 0 +1.257202476e+03 +1.350042476e+03 +1.350042476e+03
58 0 +1.152831734e+03 +1.245671734e+03 +1.245671734e+03
105 0 +1.109146684e+03 +1.201986684e+03 +1.201986684e+03
122 0 +1.052248604e+03 +1.145088604e+03 +1.145088604e+03
134 0 +1.021457147e+03 +1.114297147e+03 +1.114297147e+03
152 0 +9.557986700e+02 +1.048638670e+03 +1.048638670e+03
180 0 +9.439555980e+02 +1.036795598e+03 +1.036795598e+03
186 0 +9.129428382e+02 +1.005782838e+03 +1.005782838e+03
199 0 +8.694615930e+02 +9.623015930e+02 +9.623015930e+02
210 0 +8.267819672e+02 +9.196219672e+02 +9.196219672e+02
212 0 +7.869114199e+02 +8.797514199e+02 +8.797514199e+02
226 0 +7.654422015e+02 +8.582822015e+02 +8.582822015e+02
232 0 +7.053763929e+02 +7.982163929e+02 +7.982163929e+02
249 0 +6.768933618e+02 +7.697333618e+02 +7.697333618e+02
261 0 +6.540449184e+02 +7.468849184e+02 +7.468849184e+02
275 0 +6.405390905e+02 +7.333790905e+02 +7.333790905e+02
280 0 +6.006526502e+02 +6.934926502e+02 +6.934926502e+02
295 0 +5.882098815e+02 +6.810498815e+02 +6.810498815e+02
299 0 +5.693900700e+02 +6.622300700e+02 +6.622300700e+02
312 0 +4.946519078e+02 +5.874919078e+02 +5.874919078e+02
324 0 +4.896044369e+02 +5.824444369e+02 +5.824444369e+02
340 0 +4.699110624e+02 +5.627510624e+02 +5.627510624e+02
347 0 +4.636363596e+02 +5.564763596e+02 +5.564763596e+02
355 0 +4.344306878e+02 +5.272706878e+02 +5.272706878e+02
363 0 +4.104189641e+02 +5.032589641e+02 +5.032589641e+02
373 0 +3.985292154e+02 +4.913692154e+02 +4.913692154e+02
385 0 +3.863347930e+02 +4.791747930e+02 +4.791747930e+02
386 0 +3.492122862e+02 +4.420522862e+02 +4.420522862e+02
390 0 +3.181297146e+02 +4.109697146e+02 +4.109697146e+02
404 0 +3.153017551e+02 +4.081417551e+02 +4.081417551e+02
409 0 +3.040570244e+02 +3.968970244e+02 +3.968970244e+02
415 0 +2.977729240e+02 +3.906129240e+02 +3.906129240e+02
417 0 +2.941184143e+02 +3.869584143e+02 +3.869584143e+02
419 0 +2.294548927e+02 +3.222948927e+02 +3.222948927e+02
442 0 +2.286805672e+02 +3.215205672e+02 +3.215205672e+02
449 0 +2.128256937e+02 +3.056656937e+02 +3.056656937e+02
464 0 +1.969949733e+02 +2.898349733e+02 +2.898349733e+02
497 0 +1.864994389e+02 +2.793394389e+02 +2.793394389e+02
529 0 +1.700354056e+02 +2.628754056e+02 +2.628754056e+02
558 0 +1.645872646e+02 +2.574272646e+02 +2.574272646e+02
561 0 +1.540110303e+02 +2.468510303e+02 +2.468510303e+02
577 0 +1.458556160e+02 +2.386956160e+02 +2.386956160e+02
673 0 +1.262509709e+02 +2.190909709e+02 +2.190909709e+02
705 0 +1.217777948e+02 +2.146177948e+02 +2.146177948e+02
737 0 +1.194852304e+02 +2.123252304e+02 +2.123252304e+02
753 0 +1.058103555e+02 +1.986503555e+02 +1.986503555e+02
769 0 +1.037705050e+02 +1.966105050e+02 +1.966105050e+02
833 0 +1.016715431e+02 +1.945115431e+02 +1.945115431e+02
872 0 +9.896749370e+01 +1.918074937e+02 +1.918074937e+02
881 0 +9.289442983e+01 +1.857344298e+02 +1.857344298e+02
893 0 +8.534424639e+01 +1.781842464e+02 +1.781842464e+02
895 0 +8.484365879e+01 +1.776836588e+02 +1.776836588e+02
954 0 +8.000524337e+01 +1.728452434e+02 +1.728452434e+02
962 0 +7.465954253e+01 +1.674995425e+02 +1.674995425e+02
967 0 +7.154519396e+01 +1.643851940e+02 +1.643851940e+02
1055 0 +7.077618321e+01 +1.636161832e+02 +1.636161832e+02
1085 0 +6.684205204e+01 +1.596820520e+02 +1.596820520e+02
1115 0 +5.553921531e+01 +1.483792153e+02 +1.483792153e+02
1158 0 +5.418348859e+01 +1.470234886e+02 +1.470234886e+02
1179 0 +5.210069419e+01 +1.449406942e+02 +1.449406942e+02
1184 0 +5.088081147e+01 +1.437208115e+02 +1.437208115e+02
1201 0 +4.886358253e+01 +1.417035825e+02 +1.417035825e+02
1217 0 +4.695622553e+01 +1.397962255e+02 +1.397962255e+02
1220 0 +4.671185356e+01 +1.395518536e+02 +1.395518536e+02
1249 0 +4.560914537e+01 +1.384491454e+02 +1.384491454e+02
1284 0 +4.277058456e+01 +1.356105846e+02 +1.356105846e+02
1361 0 +4.220008113e+01 +1.350400811e+02 +1.350400811e+02
1405 0 +4.166061982e+01 +1.345006198e+02 +1.345006198e+02
1480 0 +3.989674686e+01 +1.327367469e+02 +1.327367469e+02
1509 0 +3.883352033e+01 +1.316735203e+02 +1.316735203e+02
1514 0 +3.789653779e+01 +1.307365378e+02 +1.307365378e+02
1517 0 +3.647495570e+01 +1.293149557e+02 +1.293149557e+02
1645 0 +3.605606859e+01 +1.288960686e+02 +1.288960686e+02
1659 0 +3.536864133e+01 +1.282086413e+02 +1.282086413e+02
1700 0 +3.320892240e+01 +1.260489224e+02 +1.260489224e+02
1740 0 +3.296852633e+01 +1.258085263e+02 +1.258085263e+02
1821 0 +3.092591960e+01 +1.237659196e+02 +1.237659196e+02
1986 0 +3.088549051e+01 +1.237254905e+02 +1.237254905e+02
2485 0 +3.005831152e+01 +1.228983115e+02 +1.228983115e+02
% f evaluations | g evaluations | best noise-free fitness - Fopt (-3.679200000000e+02) + sum g_i+ | measured fitness | best measured fitness or single-digit g-values | x1 | x2...
1 0 +2.239011019e+03 +1.871091019e+03 +1.871091019e+03
4 0 +2.067550463e+03 +1.699630463e+03 +1.699630463e+03
9 0 +1.941242373e+03 +1.573322373e+03 +1.573322373e+03
18 0 +1.893608036e+03 +1.525688036e+03 +1.525688036e+03
23 0 +1.711250282e+03 +1.343330282e+03 +1.343330282e+03
36 0 +1.629588602e+03 +1.261668602e+03 +1.261668602e+03
41 0 +1.576746879e+03 +1.208826879e+03 +1.208826879e+03
50 0 +1.534264244e+03 +1.166344244e+03 +1.166344244e+03
79 0 +1.389758219e+03 +1.021838219e+03 +1.021838219e+03
117 0 +1.321907111e+03 +9.539871106e+02 +9.539871106e+02
121 0 +1.294035146e+03 +9.261151462e+02 +9.261151462e+02
133 0 +1.026327606e+03 +6.584076063e+02 +6.584076063e+02
199 0 +1.006451463e+03 +6.385314634e+02 +6.385314634e+02
212 0 +9.722863894e+02 +6.043663894e+02 +6.043663894e+02
228 0 +8.251637302e+02 +4.572437302e+02 +4.572437302e+02
250 0 +7.994495469e+02 +4.315295469e+02 +4.315295469e+02
270 0 +7.653560311e+02 +3.974360311e+02 +3.974360311e+02
291 0 +6.727221901e+02 +3.048021901e+02 +3.048021901e+02
321 0 +6.312928610e+02 +2.633728610e+02 +2.633728610e+02
324 0 +6.152374635e+02 +2.473174635e+02 +2.473174635e+02
330 0 +5.700460543e+02 +2.021260543e+02 +2.021260543e+02
337 0 +5.618188998e+02 +1.938988998e+02 +1.938988998e+02
347 0 +5.286357757e+02 +1.607157757e+02 +1.607157757e+02
365 0 +4.433911094e+02 +7.547110943e+01 +7.547110943e+01
392 0 +4.096022787e+02 +4.168227865e+01 +4.168227865e+01
398 0 +3.924339441e+02 +2.451394409e+01 +2.451394409e+01
403 0 +3.692176866e+02 +1.297686597e+00 +1.297686597e+00
416 0 +3.205967491e+02 -4.732325090e+01 -4.732325090e+01
433 0 +3.090731326e+02 -5.884686740e+01 -5.884686740e+01
441 0 +2.507803022e+02 -1.171396978e+02 -1.171396978e+02
475 0 +2.436082214e+02 -1.243117786e+02 -1.243117786e+02
483 0 +2.117400136e+02 -1.561799864e+02 -1.561799864e+02
503 0 +2.042542030e+02 -1.636657970e+02 -1.636657970e+02
513 0 +1.743303442e+02 -1.935896558e+02 -1.935896558e+02
561 0 +1.589056265e+02 -2.090143735e+02 -2.090143735e+02
577 0 +1.556921212e+02 -2.122278788e+02 -2.122278788e+02
611 0 +1.495271466e+02 -2.183928534e+02 -2.183928534e+02
654 0 +1.395779070e+02 -2.283420930e+02 -2.283420930e+02
689 0 +1.352371397e+02 -2.326828603e+02 -2.326828603e+02
715 0 +1.275883438e+02 -2.403316562e+02 -2.403316562e+02
718 0 +1.256424640e+02 -2.422775360e+02 -2.422775360e+02
733 0 +1.225555515e+02 -2.453644485e+02 -2.453644485e+02
746 0 +1.104012912e+02 -2.575187088e+02 -2.575187088e+02
785 0 +1.037330617e+02 -2.641869383e+02 -2.641869383e+02
833 0 +9.830185735e+01 -2.696181426e+02 -2.696181426e+02
885 0 +9.456227083e+01 -2.733577292e+02 -2.733577292e+02
897 0 +8.791142369e+01 -2.800085763e+02 -2.800085763e+02
945 0 +7.991222824e+01 -2.880077718e+02 -2.880077718e+02
1025 0 +7.400615640e+01 -2.939138436e+02 -2.939138436e+02
1073 0 +7.056810555e+01 -2.973518944e+02 -2.973518944e+02
1160 0 +6.844117300e+01 -2.994788270e+02 -2.994788270e+02
1185 0 +6.612888439e+01 -3.017911156e+02 -3.017911156e+02
1221 0 +6.470977939e+01 -3.032102206e+02 -3.032102206e+02
1233 0 +6.401123321e+01 -3.039087668e+02 -3.039087668e+02
1313 0 +6.290811687e+01 -3.050118831e+02 -3.050118831e+02
1370 0 +5.922011125e+01 -3.086998888e+02 -3.086998888e+02
1489 0 +5.652143671e+01 -3.113985633e+02 -3.113985633e+02
1540 0 +5.564088141e+01 -3.122791186e+02 -3.122791186e+02
1557 0 +5.184310977e+01 -3.160768902e+02 -3.160768902e+02
1751 0 +5.128216074e+01 -3.166378393e+02 -3.166378393e+02
1806 0 +4.867444121e+01 -3.192455588e+02 -3.192455588e+02
1879 0 +4.769336822e+01 -3.202266318e+02 -3.202266318e+02
2028 0 +4.570230989e+01 -3.222176901e+02 -3.222176901e+02
2218 0 +4.426420790e+01 -3.236557921e+02 -3.236557921e+02
% f evaluations | g evaluations | best noise-free fitness - Fopt (4.950000000000e+01) + sum g_i+ | measured fitness | best measured fitness or single-digit g-values | x1 | x2...
1 0 +2.054225306e+03 +2.103725306e+03 +2.103725306e+03
6 0 +1.653689267e+03 +1.703189267e+03 +1.703189267e+03
51 0 +1.601545347e+03 +1.651045347e+03 +1.651045347e+03
60 0 +1.542458307e+03 +1.591958307e+03 +1.591958307e+03
66 0 +1.477628728e+03 +1.527128728e+03 +1.527128728e+03
81 0 +1.405148368e+03 +1.454648368e+03 +1.454648368e+03
104 0 +1.311437733e+03 +1.360937733e+03 +1.360937733e+03
127 0 +1.259696276e+03 +1.309196276e+03 +1.309196276e+03
130 0 +1.230143443e+03 +1.279643443e+03 +1.279643443e+03
147 0 +1.198112982e+03 +1.247612982e+03 +1.247612982e+03
157 0 +1.138089623e+03 +1.187589623e+03 +1.187589623e+03
168 0 +1.054250653e+03 +1.103750653e+03 +1.103750653e+03
203 0 +9.819124844e+02 +1.031412484e+03 +1.031412484e+03
223 0 +8.901961530e+02 +9.396961530e+02 +9.396961530e+02
277 0 +8.613456733e+02 +9.108456733e+02 +9.108456733e+02
278 0 +8.315195026e+02 +8.810195026e+02 +8.810195026e+02
298 0 +7.744485537e+02 +8.239485537e+02 +8.239485537e+02
341 0 +7.023245934e+02 +7.518245934e+02 +7.518245934e+02
370 0 +6.187294006e+02 +6.682294006e+02 +6.682294006e+02
374 0 +6.129016367e+02 +6.624016367e+02 +6.624016367e+02
425 0 +5.929753623e+02 +6.424753623e+02 +6.424753623e+02
439 0 +5.580019197e+02 +6.075019197e+02 +6.075019197e+02
444 0 +5.248135645e+02 +5.743135645e+02 +5.743135645e+02
450 0 +5.183377209e+02 +5.678377209e+02 +5.678377209e+02
451 0 +4.891976537e+02 +5.386976537e+02 +5.386976537e+02
498 0 +4.687962556e+02 +5.182962556e+02 +5.182962556e+02
515 0 +4.438753301e+02 +4.933753301e+02 +4.933753301e+02
519 0 +4.230050301e+02 +4.725050301e+02 +4.725050301e+02
543 0 +4.043890763e+02 +4.538890763e+02 +4.538890763e+02
555 0 +3.606590448e+02 +4.101590448e+02 +4.101590448e+02
567 0 +3.461103300e+02 +3.956103300e+02 +3.956103300e+02
593 0 +3.252160821e+02 +3.747160821e+02 +3.747160821e+02
601 0 +2.893573913e+02 +3.388573913e+02 +3.388573913e+02
605 0 +2.804017656e+02 +3.299017656e+02 +3.299017656e+02
632 0 +2.737356135e+02 +3.232356135e+02 +3.232356135e+02
646 0 +2.603334723e+02 +3.098334723e+02 +3.098334723e+02
662 0 +2.549210149e+02 +3.044210149e+02 +3.044210149e+02
693 0 +2.354047424e+02 +2.849047424e+02 +2.849047424e+02
721 0 +2.227503696e+02 +2.722503696e+02 +2.722503696e+02
737 0 +2.173732670e+02 +2.668732670e+02 +2.668732670e+02
742 0 +1.859103919e+02 +2.354103919e+02 +2.354103919e+02
783 0 +1.638776864e+02 +2.133776864e+02 +2.133776864e+02
817 0 +1.526014305e+02 +2.021014305e+02 +2.021014305e+02
837 0 +1.480934002e+02 +1.975934002e+02 +1.975934002e+02
849 0 +1.460422901e+02 +1.955422901e+02 +1.955422901e+02
865 0 +1.341924758e+02 +1.836924758e+02 +1.836924758e+02
912 0 +1.241948747e+02 +1.736948747e+02 +1.736948747e+02
941 0 +1.229434990e+02 +1.724434990e+02 +1.724434990e+02
942 0 +1.167524087e+02 +1.662524087e+02 +1.662524087e+02
953 0 +1.126579458e+02 +1.621579458e+02 +1.621579458e+02
974 0 +1.114957707e+02 +1.609957707e+02 +1.609957707e+02
975 0 +1.080671870e+02 +1.575671870e+02 +1.575671870e+02
993 0 +1.043713964e+02 +1.538713964e+02 +1.538713964e+02
1025 0 +9.809209699e+01 +1.475920970e+02 +1.475920970e+02
1055 0 +9.572078416e+01 +1.452207842e+02 +1.452207842e+02
1089 0 +9.093124782e+01 +1.404312478e+02 +1.404312478e+02
1096 0 +8.165339984e+01 +1.311533998e+02 +1.311533998e+02
1185 0 +7.918747342e+01 +1.286874734e+02 +1.286874734e+02
1192 0 +7.590110260e+01 +1.254011026e+02 +1.254011026e+02
1257 0 +7.354297265e+01 +1.230429726e+02 +1.230429726e+02
1274 0 +7.197161767e+01 +1.214716177e+02 +1.214716177e+02
1281 0 +6.707551069e+01 +1.165755107e+02 +1.165755107e+02
1313 0 +6.382055757e+01 +1.133205576e+02 +1.133205576e+02
1339 0 +6.011891894e+01 +1.096189189e+02 +1.096189189e+02
1434 0 +5.345601152e+01 +1.029560115e+02 +1.029560115e+02
1604 0 +5.241873345e+01 +1.019187334e+02 +1.019187334e+02
1617 0 +4.876134369e+01 +9.826134369e+01 +9.826134369e+01
1639 0 +4.652684949e+01 +9.602684949e+01 +9.602684949e+01
1785 0 +4.377164794e+01 +9.327164794e+01 +9.327164794e+01
1874 0 +4.326831764e+01 +9.276831764e+01 +9.276831764e+01
1930 0 +3.966088195e+01 +8.916088195e+01 +8.916088195e+01
1945 0 +3.773242508e+01 +8.723242508e+01 +8.723242508e+01
2195 0 +3.643755633e+01 +8.593755633e+01 +8.593755633e+01
2236 0 +3.607154547e+01 +8.557154547e+01 +8.557154547e+01
2338 0 +3.433230801e+01 +8.383230801e+01 +8.383230801e+01
2712 0 +3.387272383e+01 +8.337272383e+01 +8.337272383e+01
% f evaluations | g evaluations | best noise-free fitness - Fopt (-1.277000000000e+01) + sum g_i+ | measured fitness | best measured fitness or single-digit g-values | x1 | x2...
1 0 +2.668862994e+03 +2.656092994e+03 +2.656092994e+03
3 0 +2.598864732e+03 +2.586094732e+03 +2.586094732e+03
14 0 +2.454691847e+03 +2.441921847e+03 +2.441921847e+03
41 0 +2.397255228e+03 +2.384485228e+03 +2.384485228e+03
45 0 +2.330903966e+03 +2.318133966e+03 +2.318133966e+03
50 0 +2.287141899e+03 +2.274371899e+03 +2.274371899e+03
54 0 +2.215772239e+03 +2.203002239e+03 +2.203002239e+03
70 0 +2.154967053e+03 +2.142197053e+03 +2.142197053e+03
75 0 +2.054115231e+03 +2.041345231e+03 +2.041345231e+03
121 0 +1.954116168e+03 +1.941346168e+03 +1.941346168e+03
124 0 +1.909333898e+03 +1.896563898e+03 +1.896563898e+03
140 0 +1.902915050e+03 +1.890145050e+03 +1.890145050e+03
153 0 +1.709802751e+03 +1.697032751e+03 +1.697032751e+03
194 0 +1.688129129e+03 +1.675359129e+03 +1.675359129e+03
201 0 +1.657921908e+03 +1.645151908e+03 +1.645151908e+03
211 0 +1.472680923e+03 +1.459910923e+03 +1.459910923e+03
278 0 +1.434175655e+03 +1.421405655e+03 +1.421405655e+03
279 0 +1.395056029e+03 +1.382286029e+03 +1.382286029e+03
290 0 +1.369855733e+03 +1.357085733e+03 +1.357085733e+03
297 0 +1.264500611e+03 +1.251730611e+03 +1.251730611e+03
339 0 +1.221089950e+03 +1.208319950e+03 +1.208319950e+03
343 0 +1.140094049e+03 +1.127324049e+03 +1.127324049e+03
367 0 +1.106634094e+03 +1.093864094e+03 +1.093864094e+03
372 0 +9.617272657e+02 +9.489572657e+02 +9.489572657e+02
400 0 +9.357236966e+02 +9.229536966e+02 +9.229536966e+02
404 0 +9.291914413e+02 +9.164214413e+02 +9.164214413e+02
406 0 +8.903732898e+02 +8.776032898e+02 +8.776032898e+02
420 0 +8.397103666e+02 +8.269403666e+02 +8.269403666e+02
431 0 +8.265317632e+02 +8.137617632e+02 +8.137617632e+02
447 0 +7.993878575e+02 +7.866178575e+02 +7.866178575e+02
460 0 +7.493072786e+02 +7.365372786e+02 +7.365372786e+02
462 0 +6.986800644e+02 +6.859100644e+02 +6.859100644e+02
468 0 +6.603380992e+02 +6.475680992e+02 +6.475680992e+02
483 0 +5.748533709e+02 +5.620833709e+02 +5.620833709e+02
500 0 +4.965378761e+02 +4.837678761e+02 +4.837678761e+02
518 0 +4.512948826e+02 +4.385248826e+02 +4.385248826e+02
519 0 +4.409701354e+02 +4.282001354e+02 +4.282001354e+02
525 0 +4.009089237e+02 +3.881389237e+02 +3.881389237e+02
534 0 +3.738138017e+02 +3.610438017e+02 +3.610438017e+02
553 0 +3.554355854e+02 +3.426655854e+02 +3.426655854e+02
558 0 +3.084887723e+02 +2.957187723e+02 +2.957187723e+02
582 0 +2.999643735e+02 +2.871943735e+02 +2.871943735e+02
592 0 +2.786836515e+02 +2.659136515e+02 +2.659136515e+02
609 0 +2.477617416e+02 +2.349917416e+02 +2.349917416e+02
631 0 +2.253102736e+02 +2.125402736e+02 +2.125402736e+02
641 0 +1.925348416e+02 +1.797648416e+02 +1.797648416e+02
647 0 +1.775334874e+02 +1.647634874e+02 +1.647634874e+02
703 0 +1.473840118e+02 +1.346140118e+02 +1.346140118e+02
721 0 +1.404396209e+02 +1.276696209e+02 +1.276696209e+02
769 0 +1.279832147e+02 +1.152132147e+02 +1.152132147e+02
785 0 +1.102537440e+02 +9.748374398e+01 +9.748374398e+01
849 0 +9.398517549e+01 +8.121517549e+01 +8.121517549e+01
897 0 +9.163139368e+01 +7.886139368e+01 +7.886139368e+01
913 0 +7.138364704e+01 +5.861364704e+01 +5.861364704e+01
929 0 +6.462562161e+01 +5.185562161e+01 +5.185562161e+01
993 0 +6.390216400e+01 +5.113216400e+01 +5.113216400e+01
1121 0 +5.891803037e+01 +4.614803037e+01 +4.614803037e+01
1153 0 +5.711353104e+01 +4.434353104e+01 +4.434353104e+01
1169 0 +5.423281607e+01 +4.146281607e+01 +4.146281607e+01
1307 0 +5.245166177e+01 +3.968166177e+01 +3.968166177e+01
1384 0 +4.896573590e+01 +3.619573590e+01 +3.619573590e+01
1483 0 +4.768404542e+01 +3.491404542e+01 +3.491404542e+01
1616 0 +4.553345245e+01 +3.276345245e+01 +3.276345245e+01
1713 0 +4.466435814e+01 +3.189435814e+01 +3.189435814e+01
1715 0 +4.176918197e+01 +2.899918197e+01 +2.899918197e+01
1721 0 +4.064342585e+01 +2.787342585e+01 +2.787342585e+01
1781 0 +3.960430971e+01 +2.683430971e+01 +2.683430971e+01
1811 0 +3.839314716e+01 +2.562314716e+01 +2.562314716e+01
1843 0 +3.799856215e+01 +2.522856215e+01 +2.522856215e+01
1865 0 +3.514994628e+01 +2.237994628e+01 +2.237994628e+01
1959 0 +3.360122305e+01 +2.083122305e+01 +2.083122305e+01
2022 0 +3.145834894e+01 +1.868834894e+01 +1.868834894e+01
2246 0 +3.085440906e+01 +1.808440906e+01 +1.808440906e+01
2340 0 +3.013377714e+01 +1.736377714e+01 +1.736377714e+01
2629 0 +2.946257895e+01 +1.669257895e+01 +1.669257895e+01
2799 0 +2.869687290e+01 +1.592687290e+01 +1.592687290e+01
3130 0 +2.814625130e+01 +1.537625130e+01 +1.537625130e+01
% f evaluations | g evaluations | best noise-free fitness - Fopt (6.365000000000e+01) + sum g_i+ | measured fitness | best measured fitness or single-digit g-values | x1 | x2...
1 0 +1.681895990e+03 +1.745545990e+03 +1.745545990e+03
2 0 +1.627479099e+03 +1.691129099e+03 +1.691129099e+03
14 0 +1.588146264e+03 +1.651796264e+03 +1.651796264e+03
15 0 +1.544441178e+03 +1.608091178e+03 +1.608091178e+03
38 0 +1.460442641e+03 +1.524092641e+03 +1.524092641e+03
47 0 +1.350669480e+03 +1.414319480e+03 +1.414319480e+03
70 0 +1.346755143e+03 +1.410405143e+03 +1.410405143e+03
132 0 +1.261260846e+03 +1.324910846e+03 +1.324910846e+03
151 0 +1.185812229e+03 +1.249462229e+03 +1.249462229e+03
166 0 +1.164120968e+03 +1.227770968e+03 +1.227770968e+03
171 0 +1.144864702e+03 +1.208514702e+03 +1.208514702e+03
190 0 +1.093177936e+03 +1.156827936e+03 +1.156827936e+03
201 0 +1.062194479e+03 +1.125844479e+03 +1.125844479e+03
217 0 +9.440166161e+02 +1.007666616e+03 +1.007666616e+03
242 0 +9.201374002e+02 +9.837874002e+02 +9.837874002e+02
262 0 +8.440827547e+02 +9.077327547e+02 +9.077327547e+02
308 0 +7.716903020e+02 +8.353403020e+02 +8.353403020e+02
355 0 +7.075775871e+02 +7.712275871e+02 +7.712275871e+02
359 0 +6.590454136e+02 +7.226954136e+02 +7.226954136e+02
407 0 +6.332629596e+02 +6.969129596e+02 +6.969129596e+02
408 0 +5.874955973e+02 +6.511455973e+02 +6.511455973e+02
430 0 +5.312685867e+02 +5.949185867e+02 +5.949185867e+02
450 0 +5.125955974e+02 +5.762455974e+02 +5.762455974e+02
460 0 +4.938151110e+02 +5.574651110e+02 +5.574651110e+02
473 0 +4.737478305e+02 +5.373978305e+02 +5.373978305e+02
482 0 +4.556234353e+02 +5.192734353e+02 +5.192734353e+02
484 0 +4.385297910e+02 +5.021797910e+02 +5.021797910e+02
487 0 +4.132193628e+02 +4.768693628e+02 +4.768693628e+02
500 0 +4.004723338e+02 +4.641223338e+02 +4.641223338e+02
513 0 +3.966556546e+02 +4.603056546e+02 +4.603056546e+02
515 0 +3.794729671e+02 +4.431229671e+02 +4.431229671e+02
523 0 +3.543033409e+02 +4.179533409e+02 +4.179533409e+02
549 0 +3.425813078e+02 +4.062313078e+02 +4.062313078e+02
551 0 +3.163807974e+02 +3.800307974e+02 +3.800307974e+02
583 0 +2.914075458e+02 +3.550575458e+02 +3.550575458e+02
587 0 +2.758305510e+02 +3.394805510e+02 +3.394805510e+02
598 0 +2.696207065e+02 +3.332707065e+02 +3.332707065e+02
612 0 +2.639850279e+02 +3.276350279e+02 +3.276350279e+02
630 0 +2.495994008e+02 +3.132494008e+02 +3.132494008e+02
658 0 +2.412902663e+02 +3.049402663e+02 +3.049402663e+02
673 0 +2.286111458e+02 +2.922611458e+02 +2.922611458e+02
689 0 +2.199627118e+02 +2.836127118e+02 +2.836127118e+02
693 0 +2.184751326e+02 +2.821251326e+02 +2.821251326e+02
694 0 +2.083662805e+02 +2.720162805e+02 +2.720162805e+02
705 0 +2.000815160e+02 +2.637315160e+02 +2.637315160e+02
710 0 +1.804284598e+02 +2.440784598e+02 +2.440784598e+02
721 0 +1.708736065e+02 +2.345236065e+02 +2.345236065e+02
726 0 +1.651180721e+02 +2.287680721e+02 +2.287680721e+02
759 0 +1.544435788e+02 +2.180935788e+02 +2.180935788e+02
785 0 +1.489837017e+02 +2.126337017e+02 +2.126337017e+02
817 0 +1.473990824e+02 +2.110490824e+02 +2.110490824e+02
824 0 +1.177728740e+02 +1.814228740e+02 +1.814228740e+02
835 0 +1.143276205e+02 +1.779776205e+02 +1.779776205e+02
961 0 +1.035553193e+02 +1.672053193e+02 +1.672053193e+02
985 0 +9.840011444e+01 +1.620501144e+02 +1.620501144e+02
993 0 +8.928557420e+01 +1.529355742e+02 +1.529355742e+02
1041 0 +8.749973804e+01 +1.511497380e+02 +1.511497380e+02
1067 0 +8.638006631e+01 +1.500300663e+02 +1.500300663e+02
1139 0 +8.045610378e+01 +1.441061038e+02 +1.441061038e+02
1169 0 +7.663941905e+01 +1.402894190e+02 +1.402894190e+02
1201 0 +6.828186467e+01 +1.319318647e+02 +1.319318647e+02
1249 0 +6.602619470e+01 +1.296761947e+02 +1.296761947e+02
1297 0 +6.344945846e+01 +1.270994585e+02 +1.270994585e+02
1316 0 +6.265500843e+01 +1.263050084e+02 +1.263050084e+02
1326 0 +6.048551416e+01 +1.241355142e+02 +1.241355142e+02
1327 0 +5.767544952e+01 +1.213254495e+02 +1.213254495e+02
1345 0 +5.226835677e+01 +1.159183568e+02 +1.159183568e+02
1479 0 +4.867070216e+01 +1.123207022e+02 +1.123207022e+02
1521 0 +4.578790283e+01 +1.094379028e+02 +1.094379028e+02
1529 0 +4.562907162e+01 +1.092790716e+02 +1.092790716e+02
1587 0 +4.261800399e+01 +1.062680040e+02 +1.062680040e+02
1675 0 +4.143835017e+01 +1.050883502e+02 +1.050883502e+02
1853 0 +3.928977279e+01 +1.029397728e+02 +1.029397728e+02
2008 0 +3.885408240e+01 +1.025040824e+02 +1.025040824e+02
2045 0 +3.667378442e+01 +1.003237844e+02 +1.003237844e+02
2053 0 +3.617713908e+01 +9.982713908e+01 +9.982713908e+01
2215 0 +3.522769166e+01 +9.887769166e+01 +9.887769166e+01
2329 0 +3.454446587e+01 +9.819446587e+01 +9.819446587e+01
2442 0 +3.367756871e+01 +9.732756871e+01 +9.732756871e+01
2702 0 +3.308401261e+01 +9.673401261e+01 +9.673401261e+01
3059 0 +3.232657330e+01 +9.597657330e+01 +9.597657330e+01
% f evaluations | g evaluations | best noise-free fitness - Fopt (6.991900000000e+02) + sum g_i+ | measured fitness | best measured fitness or single-digit g-values | x1 | x2...
1 0 +1.949487639e+03 +2.648677639e+03 +2.648677639e+03
2 0 +1.926935361e+03 +2.626125361e+03 +2.626125361e+03
5 0 +1.444560301e+03 +2.143750301e+03 +2.143750301e+03
94 0 +1.356616545e+03 +2.055806545e+03 +2.055806545e+03
99 0 +1.259303913e+03 +1.958493913e+03 +1.958493913e+03
133 0 +1.257476111e+03 +1.956666111e+03 +1.956666111e+03
134 0 +1.194309797e+03 +1.893499797e+03 +1.893499797e+03
162 0 +1.173352246e+03 +1.872542246e+03 +1.872542246e+03
163 0 +1.121765415e+03 +1.820955415e+03 +1.820955415e+03
180 0 +1.051134999e+03 +1.750324999e+03 +1.750324999e+03
181 0 +1.044968981e+03 +1.744158981e+03 +1.744158981e+03
196 0 +9.258885311e+02 +1.625078531e+03 +1.625078531e+03
212 0 +8.120410009e+02 +1.511231001e+03 +1.511231001e+03
249 0 +7.848497799e+02 +1.484039780e+03 +1.484039780e+03
253 0 +7.515282540e+02 +1.450718254e+03 +1.450718254e+03
260 0 +6.590591115e+02 +1.358249111e+03 +1.358249111e+03
290 0 +5.748286683e+02 +1.274018668e+03 +1.274018668e+03
310 0 +5.573946948e+02 +1.256584695e+03 +1.256584695e+03
322 0 +5.177054886e+02 +1.216895489e+03 +1.216895489e+03
332 0 +4.695439396e+02 +1.168733940e+03 +1.168733940e+03
368 0 +4.542683050e+02 +1.153458305e+03 +1.153458305e+03
371 0 +4.261083277e+02 +1.125298328e+03 +1.125298328e+03
385 0 +3.977710765e+02 +1.096961077e+03 +1.096961077e+03
397 0 +3.888406972e+02 +1.088030697e+03 +1.088030697e+03
400 0 +3.733945835e+02 +1.072584584e+03 +1.072584584e+03
408 0 +3.199575457e+02 +1.019147546e+03 +1.019147546e+03
437 0 +3.080294036e+02 +1.007219404e+03 +1.007219404e+03
478 0 +3.007199757e+02 +9.999099757e+02 +9.999099757e+02
484 0 +2.593011923e+02 +9.584911923e+02 +9.584911923e+02
513 0 +2.534424078e+02 +9.526324078e+02 +9.526324078e+02
520 0 +2.376049831e+02 +9.367949831e+02 +9.367949831e+02
528 0 +2.305978610e+02 +9.297878610e+02 +9.297878610e+02
529 0 +2.247197761e+02 +9.239097761e+02 +9.239097761e+02
533 0 +2.086776247e+02 +9.078676247e+02 +9.078676247e+02
577 0 +1.892427293e+02 +8.884327293e+02 +8.884327293e+02
593 0 +1.699127194e+02 +8.691027194e+02 +8.691027194e+02
641 0 +1.685772032e+02 +8.677672032e+02 +8.677672032e+02
657 0 +1.632736631e+02 +8.624636631e+02 +8.624636631e+02
673 0 +1.535382381e+02 +8.527282381e+02 +8.527282381e+02
705 0 +1.378361450e+02 +8.370261450e+02 +8.370261450e+02
730 0 +1.338117958e+02 +8.330017958e+02 +8.330017958e+02
737 0 +1.280779870e+02 +8.272679870e+02 +8.272679870e+02
801 0 +1.165493773e+02 +8.157393773e+02 +8.157393773e+02
835 0 +1.139962851e+02 +8.131862851e+02 +8.131862851e+02
849 0 +1.103204663e+02 +8.095104663e+02 +8.095104663e+02
852 0 +1.017956728e+02 +8.009856728e+02 +8.009856728e+02
903 0 +9.397070407e+01 +7.931607041e+02 +7.931607041e+02
945 0 +9.252032994e+01 +7.917103299e+02 +7.917103299e+02
1025 0 +8.653925985e+01 +7.857292598e+02 +7.857292598e+02
1057 0 +8.222858673e+01 +7.814185867e+02 +7.814185867e+02
1058 0 +7.866730740e+01 +7.778573074e+02 +7.778573074e+02
1062 0 +7.270331899e+01 +7.718933190e+02 +7.718933190e+02
1089 0 +7.125416207e+01 +7.704441621e+02 +7.704441621e+02
1118 0 +6.828415812e+01 +7.674741581e+02 +7.674741581e+02
1197 0 +6.667567325e+01 +7.658656733e+02 +7.658656733e+02
1215 0 +6.429186396e+01 +7.634818640e+02 +7.634818640e+02
1217 0 +6.283462538e+01 +7.620246254e+02 +7.620246254e+02
1221 0 +6.099198617e+01 +7.601819862e+02 +7.601819862e+02
1223 0 +5.994003648e+01 +7.591300365e+02 +7.591300365e+02
1320 0 +5.732478414e+01 +7.565147841e+02 +7.565147841e+02
1471 0 +5.548384893e+01 +7.546738489e+02 +7.546738489e+02
1473 0 +5.418476331e+01 +7.533747633e+02 +7.533747633e+02
1554 0 +5.343232646e+01 +7.526223265e+02 +7.526223265e+02
1628 0 +5.225112100e+01 +7.514411210e+02 +7.514411210e+02
1826 0 +5.057362932e+01 +7.497636293e+02 +7.497636293e+02
1861 0 +4.782305076e+01 +7.470130508e+02 +7.470130508e+02
% f evaluations | g evaluations | best noise-free fitness - Fopt (1.000000000000e+03) + sum g_i+ | measured fitness | best measured fitness or single-digit g-values | x1 | x2...
1 0 +2.078547280e+03 +3.078547280e+03 +3.078547280e+03
2 0 +1.815626917e+03 +2.815626917e+03 +2.815626917e+03
44 0 +1.672070354e+03 +2.672070354e+03 +2.672070354e+03
80 0 +1.628720658e+03 +2.628720658e+03 +2.628720658e+03
108 0 +1.532449490e+03 +2.532449490e+03 +2.532449490e+03
144 0 +1.500444900e+03 +2.500444900e+03 +2.500444900e+03
156 0 +1.474441115e+03 +2.474441115e+03 +2.474441115e+03
172 0 +1.414863097e+03 +2.414863097e+03 +2.414863097e+03
181 0 +1.320616044e+03 +2.320616044e+03 +2.320616044e+03
191 0 +1.286487114e+03 +2.286487114e+03 +2.286487114e+03
218 0 +1.256153815e+03 +2.256153815e+03 +2.256153815e+03
227 0 +1.183420205e+03 +2.183420205e+03 +2.183420205e+03
228 0 +1.122372016e+03 +2.122372016e+03 +2.122372016e+03
258 0 +1.045311151e+03 +2.045311151e+03 +2.045311151e+03
272 0 +1.003868303e+03 +2.003868303e+03 +2.003868303e+03
285 0 +9.928719946e+02 +1.992871995e+03 +1.992871995e+03
294 0 +8.934061310e+02 +1.893406131e+03 +1.893406131e+03
306 0 +8.360483672e+02 +1.836048367e+03 +1.836048367e+03
329 0 +8.307409198e+02 +1.830740920e+03 +1.830740920e+03
339 0 +6.995956285e+02 +1.699595629e+03 +1.699595629e+03
379 0 +6.220817072e+02 +1.622081707e+03 +1.622081707e+03
419 0 +5.767696816e+02 +1.576769682e+03 +1.576769682e+03
426 0 +5.255866302e+02 +1.525586630e+03 +1.525586630e+03
452 0 +5.147851051e+02 +1.514785105e+03 +1.514785105e+03
455 0 +4.833593665e+02 +1.483359366e+03 +1.483359366e+03
485 0 +4.732223497e+02 +1.473222350e+03 +1.473222350e+03
504 0 +3.821262726e+02 +1.382126273e+03 +1.382126273e+03
518 0 +3.392200576e+02 +1.339220058e+03 +1.339220058e+03
553 0 +3.337729385e+02 +1.333772939e+03 +1.333772939e+03
556 0 +3.125151552e+02 +1.312515155e+03 +1.312515155e+03
564 0 +2.981620284e+02 +1.298162028e+03 +1.298162028e+03
609 0 +2.853590654e+02 +1.285359065e+03 +1.285359065e+03
618 0 +2.572008799e+02 +1.257200880e+03 +1.257200880e+03
674 0 +2.508901860e+02 +1.250890186e+03 +1.250890186e+03
675 0 +2.388816385e+02 +1.238881639e+03 +1.238881639e+03
689 0 +2.269361943e+02 +1.226936194e+03 +1.226936194e+03
694 0 +2.213673909e+02 +1.221367391e+03 +1.221367391e+03
705 0 +2.019442167e+02 +1.201944217e+03 +1.201944217e+03
721 0 +1.840795413e+02 +1.184079541e+03 +1.184079541e+03
737 0 +1.792333738e+02 +1.179233374e+03 +1.179233374e+03
753 0 +1.756208574e+02 +1.175620857e+03 +1.175620857e+03
769 0 +1.551459755e+02 +1.155145975e+03 +1.155145975e+03
794 0 +1.525007880e+02 +1.152500788e+03 +1.152500788e+03
799 0 +1.480701954e+02 +1.148070195e+03 +1.148070195e+03
809 0 +1.261713844e+02 +1.126171384e+03 +1.126171384e+03
881 0 +1.216207914e+02 +1.121620791e+03 +1.121620791e+03
897 0 +1.161744141e+02 +1.116174414e+03 +1.116174414e+03
913 0 +1.074183220e+02 +1.107418322e+03 +1.107418322e+03
929 0 +1.042897361e+02 +1.104289736e+03 +1.104289736e+03
951 0 +9.955332464e+01 +1.099553325e+03 +1.099553325e+03
1059 0 +9.128048085e+01 +1.091280481e+03 +1.091280481e+03
1089 0 +8.826992323e+01 +1.088269923e+03 +1.088269923e+03
1137 0 +8.404663638e+01 +1.084046636e+03 +1.084046636e+03
1270 0 +8.055542352e+01 +1.080555424e+03 +1.080555424e+03
1283 0 +7.658975436e+01 +1.076589754e+03 +1.076589754e+03
1299 0 +7.508172922e+01 +1.075081729e+03 +1.075081729e+03
1313 0 +7.350848287e+01 +1.073508483e+03 +1.073508483e+03
1321 0 +7.040052333e+01 +1.070400523e+03 +1.070400523e+03
1332 0 +6.607464951e+01 +1.066074650e+03 +1.066074650e+03
1371 0 +6.457749616e+01 +1.064577496e+03 +1.064577496e+03
1584 0 +6.382226066e+01 +1.063822261e+03 +1.063822261e+03
1589 0 +6.307099702e+01 +1.063070997e+03 +1.063070997e+03
1742 0 +6.153930189e+01 +1.061539302e+03 +1.061539302e+03
1859 0 +5.888974604e+01 +1.058889746e+03 +1.058889746e+03
1970 0 +5.862577214e+01 +1.058625772e+03 +1.058625772e+03
