% f evaluations | g evaluations | best noise-free fitness - Fopt (-1.025500000000e+02) + sum g_i+ | measured fitness | best measured fitness or single-digit g-values | x1 | x2...
1 0 +2.503737427e-01 -1.022996263e+02 -1.022996263e+02 +0.0000e+00 +0.0000e+00 +0.0000e+00
131 0 +1.646044479e-01 -1.023853956e+02 -1.023853956e+02 +8.3712e-02 +2.7551e-01 +3.8451e-01
235 0 +1.483175157e-01 -1.024016825e+02 -1.024016825e+02 +1.2939e-01 +2.4539e-01 +6.4135e-01
971 0 +1.423280984e-01 -1.024076719e+02 -1.024076719e+02 +1.2765e-01 +2.3188e-01 +7.1789e-01
974 0 +1.411353283e-01 -1.024088647e+02 -1.024088647e+02 +1.2834e-01 +2.3273e-01 +7.1922e-01
1374 0 +1.375161671e-01 -1.024124838e+02 -1.024124838e+02 +1.2596e-01 +2.4237e-01 +7.2764e-01
1409 0 +1.336998534e-01 -1.024163001e+02 -1.024163001e+02 +1.2396e-01 +2.5119e-01 +7.3476e-01
1439 0 +1.317463618e-01 -1.024182536e+02 -1.024182536e+02 +1.2192e-01 +2.6611e-01 +7.4685e-01
1752 0 +1.283562398e-01 -1.024216438e+02 -1.024216438e+02 +1.1938e-01 +2.6966e-01 +7.4856e-01
1791 0 +1.243571037e-01 -1.024256429e+02 -1.024256429e+02 +1.1562e-01 +2.7653e-01 +7.5243e-01
1798 0 +1.227891955e-01 -1.024272108e+02 -1.024272108e+02 +1.1418e-01 +2.8036e-01 +7.5478e-01
1803 0 +1.194739527e-01 -1.024305260e+02 -1.024305260e+02 +1.1007e-01 +2.8751e-01 +7.5868e-01
1826 0 +1.168401162e-01 -1.024331599e+02 -1.024331599e+02 +1.0842e-01 +2.8970e-01 +7.5927e-01
1831 0 +1.145066833e-01 -1.024354933e+02 -1.024354933e+02 +1.0177e-01 +3.0199e-01 +7.6606e-01
1858 0 +1.101640034e-01 -1.024398360e+02 -1.024398360e+02 +9.8873e-02 +3.0517e-01 +7.6680e-01
1889 0 +1.093700569e-01 -1.024406299e+02 -1.024406299e+02 +9.8304e-02 +3.0550e-01 +7.6667e-01
1913 0 +1.068967195e-01 -1.024431033e+02 -1.024431033e+02 +9.4856e-02 +3.1183e-01 +7.6974e-01
2186 0 +1.046173039e-01 -1.024453827e+02 -1.024453827e+02 +8.4081e-02 +3.2572e-01 +7.7450e-01
2218 0 +1.017000788e-01 -1.024482999e+02 -1.024482999e+02 +7.1259e-02 +3.4706e-01 +7.8329e-01
2321 0 +9.981157531e-02 -1.024501884e+02 -1.024501884e+02 +6.9899e-02 +3.5048e-01 +7.8516e-01
2337 0 +9.685343422e-02 -1.024531466e+02 -1.024531466e+02 +7.1222e-02 +3.5088e-01 +7.8609e-01
2351 0 +9.525489856e-02 -1.024547451e+02 -1.024547451e+02 +6.9529e-02 +3.5470e-01 +7.8789e-01
2378 0 +9.322519151e-02 -1.024567748e+02 -1.024567748e+02 +6.1798e-02 +3.7136e-01 +7.9571e-01
2385 0 +9.043725081e-02 -1.024595627e+02 -1.024595627e+02 +6.5391e-02 +3.6778e-01 +7.9498e-01
2427 0 +8.817397755e-02 -1.024618260e+02 -1.024618260e+02 +6.6463e-02 +3.6836e-01 +7.9580e-01
2466 0 +8.693995453e-02 -1.024630600e+02 -1.024630600e+02 +6.7079e-02 +3.6809e-01 +7.9574e-01
2548 0 +8.510733793e-02 -1.024648927e+02 -1.024648927e+02 +6.6413e-02 +3.7309e-01 +7.9870e-01
2732 0 +8.316135933e-02 -1.024668386e+02 -1.024668386e+02 +6.2197e-02 +3.8217e-01 +8.0268e-01
2944 0 +8.101178453e-02 -1.024689882e+02 -1.024689882e+02 +5.8657e-02 +3.8782e-01 +8.0452e-01
2984 0 +7.812091183e-02 -1.024718791e+02 -1.024718791e+02 +5.2004e-02 +3.9862e-01 +8.0811e-01
2996 0 +7.606633395e-02 -1.024739337e+02 -1.024739337e+02 +4.1997e-02 +4.1420e-01 +8.1300e-01
3045 0 +7.554108909e-02 -1.024744589e+02 -1.024744589e+02 +4.5631e-02 +4.0983e-01 +8.1199e-01
3210 0 +7.406697890e-02 -1.024759330e+02 -1.024759330e+02 +3.8152e-02 +4.1964e-01 +8.1429e-01
3327 0 +7.242065936e-02 -1.024775793e+02 -1.024775793e+02 +3.4344e-02 +4.2696e-01 +8.1686e-01
3353 0 +7.057521865e-02 -1.024794248e+02 -1.024794248e+02 +3.0369e-02 +4.3560e-01 +8.2010e-01
3419 0 +6.900806009e-02 -1.024809919e+02 -1.024809919e+02 +3.1573e-02 +4.3513e-01 +8.2026e-01
3432 0 +6.747677580e-02 -1.024825232e+02 -1.024825232e+02 +3.1347e-02 +4.3853e-01 +8.2207e-01
3468 0 +6.605015496e-02 -1.024839498e+02 -1.024839498e+02 +2.8689e-02 +4.4481e-01 +8.2441e-01
3482 0 +6.436672923e-02 -1.024856333e+02 -1.024856333e+02 +2.5392e-02 +4.5261e-01 +8.2723e-01
3509 0 +6.290771891e-02 -1.024870923e+02 -1.024870923e+02 +2.1273e-02 +4.6413e-01 +8.3165e-01
3566 0 +6.104990638e-02 -1.024889501e+02 -1.024889501e+02 +1.8021e-02 +4.6772e-01 +8.3202e-01
3574 0 +5.990036928e-02 -1.024900996e+02 -1.024900996e+02 +1.4526e-02 +4.7364e-01 +8.3365e-01
3617 0 +5.866057202e-02 -1.024913394e+02 -1.024913394e+02 +8.4208e-03 +4.8034e-01 +8.3451e-01
3734 0 +5.752508613e-02 -1.024924749e+02 -1.024924749e+02 +1.5634e-03 +4.8974e-01 +8.3639e-01
3778 0 +5.623154531e-02 -1.024937685e+02 -1.024937685e+02 -4.0836e-03 +4.9838e-01 +8.3831e-01
3805 0 +5.481797304e-02 -1.024951820e+02 -1.024951820e+02 -1.3365e-02 +5.1152e-01 +8.4074e-01
3876 0 +5.349912664e-02 -1.024965009e+02 -1.024965009e+02 -2.8029e-02 +5.3343e-01 +8.4517e-01
3924 0 +5.241885629e-02 -1.024975811e+02 -1.024975811e+02 -2.5732e-02 +5.3148e-01 +8.4519e-01
3987 0 +5.122950915e-02 -1.024987705e+02 -1.024987705e+02 -2.8735e-02 +5.3703e-01 +8.4651e-01
4020 0 +4.980055007e-02 -1.025001994e+02 -1.025001994e+02 -3.4625e-02 +5.4694e-01 +8.4866e-01
4132 0 +4.890722165e-02 -1.025010928e+02 -1.025010928e+02 -3.8214e-02 +5.5361e-01 +8.5029e-01
4168 0 +4.770724639e-02 -1.025022928e+02 -1.025022928e+02 -3.7173e-02 +5.5408e-01 +8.5089e-01
4175 0 +4.666631581e-02 -1.025033337e+02 -1.025033337e+02 -3.7880e-02 +5.5708e-01 +8.5190e-01
4202 0 +4.526029928e-02 -1.025047397e+02 -1.025047397e+02 -4.0687e-02 +5.6956e-01 +8.5624e-01
4349 0 +4.464302647e-02 -1.025053570e+02 -1.025053570e+02 -4.4168e-02 +5.7364e-01 +8.5673e-01
4447 0 +4.353534700e-02 -1.025064647e+02 -1.025064647e+02 -4.9905e-02 +5.8284e-01 +8.5827e-01
4471 0 +4.212520084e-02 -1.025078748e+02 -1.025078748e+02 -5.9776e-02 +5.9926e-01 +8.6123e-01
4479 0 +4.148477666e-02 -1.025085152e+02 -1.025085152e+02 -6.6760e-02 +6.1055e-01 +8.6308e-01
4492 0 +3.991573611e-02 -1.025100843e+02 -1.025100843e+02 -7.5508e-02 +6.2307e-01 +8.6491e-01
4514 0 +3.967625745e-02 -1.025103237e+02 -1.025103237e+02 -7.6653e-02 +6.2419e-01 +8.6489e-01
4660 0 +3.878670157e-02 -1.025112133e+02 -1.025112133e+02 -8.4395e-02 +6.3876e-01 +8.6760e-01
4867 0 +3.799274875e-02 -1.025120073e+02 -1.025120073e+02 -9.1611e-02 +6.4959e-01 +8.6897e-01
4897 0 +3.687801060e-02 -1.025131220e+02 -1.025131220e+02 -1.0344e-01 +6.6580e-01 +8.7063e-01
4936 0 +3.622874015e-02 -1.025137713e+02 -1.025137713e+02 -1.1401e-01 +6.7825e-01 +8.7123e-01
5135 0 +3.536490532e-02 -1.025146351e+02 -1.025146351e+02 -1.2862e-01 +7.0014e-01 +8.7367e-01
5207 0 +3.455002635e-02 -1.025154500e+02 -1.025154500e+02 -1.4081e-01 +7.1599e-01 +8.7461e-01
5319 0 +3.382117968e-02 -1.025161788e+02 -1.025161788e+02 -1.5773e-01 +7.3948e-01 +8.7636e-01
5428 0 +3.302832631e-02 -1.025169717e+02 -1.025169717e+02 -1.7214e-01 +7.6230e-01 +8.7863e-01
5653 0 +3.233540086e-02 -1.025176646e+02 -1.025176646e+02 -1.9764e-01 +7.9880e-01 +8.8099e-01
6134 0 +3.160878486e-02 -1.025183912e+02 -1.025183912e+02 -2.5968e-01 +8.7975e-01 +8.8278e-01
% f evaluations | g evaluations | best noise-free fitness - Fopt (7.169000000000e+01) + sum g_i+ | measured fitness | best measured fitness or single-digit g-values | x1 | x2...
1 0 +2.503737427e-01 +7.194037374e+01 +7.194037374e+01 +0.0000e+00 +0.0000e+00 +0.0000e+00
363 0 +2.487883448e-01 +7.193878834e+01 +7.193878834e+01 -3.0733e-02 +3.1383e-01 +9.3906e-02
379 0 +2.452372776e-01 +7.193523728e+01 +7.193523728e+01 -3.0315e-02 +3.1048e-01 +9.3049e-02
626 0 +2.396378112e-01 +7.192963781e+01 +7.192963781e+01 -2.7742e-02 +3.0490e-01 +9.2936e-02
759 0 +2.340133714e-01 +7.192401337e+01 +7.192401337e+01 -2.3812e-02 +3.0148e-01 +9.4880e-02
815 0 +2.279463845e-01 +7.191794638e+01 +7.191794638e+01 -1.9344e-02 +2.9711e-01 +9.6691e-02
821 0 +2.223491146e-01 +7.191234911e+01 +7.191234911e+01 -1.6626e-02 +2.9150e-01 +9.6612e-02
845 0 +2.176411792e-01 +7.190764118e+01 +7.190764118e+01 -1.1609e-02 +2.8763e-01 +9.8959e-02
853 0 +2.094394100e-01 +7.189943941e+01 +7.189943941e+01 -1.4201e-03 +2.7621e-01 +1.0215e-01
862 0 +2.055281524e-01 +7.189552815e+01 +7.189552815e+01 -1.2885e-03 +2.6909e-01 +9.9513e-02
869 0 +1.992434274e-01 +7.188924343e+01 +7.188924343e+01 +2.8540e-03 +2.6343e-01 +1.0018e-01
886 0 +1.916290339e-01 +7.188162903e+01 +7.188162903e+01 +6.6023e-03 +2.5892e-01 +1.0090e-01
969 0 +1.901905071e-01 +7.188019051e+01 +7.188019051e+01 +9.3291e-03 +2.5518e-01 +1.0140e-01
985 0 +1.732208686e-01 +7.186322087e+01 +7.186322087e+01 +1.7301e-02 +2.4195e-01 +1.0094e-01
1000 0 +1.639207908e-01 +7.185392079e+01 +7.185392079e+01 +2.5771e-02 +2.3153e-01 +1.0236e-01
1004 0 +1.539225775e-01 +7.184392258e+01 +7.184392258e+01 +3.7979e-02 +2.1310e-01 +1.0249e-01
1215 0 +1.506290645e-01 +7.184062906e+01 +7.184062906e+01 +4.0795e-02 +2.1225e-01 +1.0396e-01
1220 0 +1.452383500e-01 +7.183523835e+01 +7.183523835e+01 +4.1172e-02 +2.1114e-01 +1.0322e-01
1242 0 +1.437554190e-01 +7.183375542e+01 +7.183375542e+01 +4.1288e-02 +2.1052e-01 +1.0291e-01
1256 0 +1.408582387e-01 +7.183085824e+01 +7.183085824e+01 +4.4138e-02 +2.0560e-01 +1.0263e-01
1263 0 +1.296822218e-01 +7.181968222e+01 +7.181968222e+01 +5.1207e-02 +1.9375e-01 +1.0126e-01
1280 0 +1.216516171e-01 +7.181165162e+01 +7.181165162e+01 +5.9172e-02 +1.8043e-01 +9.9831e-02
1350 0 +1.169106519e-01 +7.180691065e+01 +7.180691065e+01 +5.8064e-02 +1.7951e-01 +9.7885e-02
1364 0 +1.133575521e-01 +7.180335755e+01 +7.180335755e+01 +6.3929e-02 +1.7000e-01 +9.6914e-02
1381 0 +1.098531866e-01 +7.179985319e+01 +7.179985319e+01 +6.3563e-02 +1.6967e-01 +9.5896e-02
1388 0 +1.095980096e-01 +7.179959801e+01 +7.179959801e+01 +6.4631e-02 +1.6737e-01 +9.5413e-02
1397 0 +1.029959740e-01 +7.179299597e+01 +7.179299597e+01 +7.5800e-02 +1.4635e-01 +9.0465e-02
1405 0 +1.006456287e-01 +7.179064563e+01 +7.179064563e+01 +7.8106e-02 +1.4230e-01 +8.9383e-02
1425 0 +9.959388150e-02 +7.178959388e+01 +7.178959388e+01 +8.3265e-02 +1.3159e-01 +8.5444e-02
1549 0 +9.769647941e-02 +7.178769648e+01 +7.178769648e+01 +8.3245e-02 +1.3266e-01 +8.6065e-02
1650 0 +9.533121719e-02 +7.178533122e+01 +7.178533122e+01 +8.7254e-02 +1.2675e-01 +8.5624e-02
1675 0 +9.278834118e-02 +7.178278834e+01 +7.178278834e+01 +9.1428e-02 +1.1983e-01 +8.3725e-02
1686 0 +9.102795030e-02 +7.178102795e+01 +7.178102795e+01 +9.4686e-02 +1.1483e-01 +8.2409e-02
1693 0 +8.656798715e-02 +7.177656799e+01 +7.177656799e+01 +9.9066e-02 +1.0902e-01 +8.2034e-02
1708 0 +8.432724442e-02 +7.177432724e+01 +7.177432724e+01 +1.0622e-01 +9.7257e-02 +7.8641e-02
1718 0 +8.301972153e-02 +7.177301972e+01 +7.177301972e+01 +1.0987e-01 +9.2251e-02 +7.7432e-02
1728 0 +8.026462755e-02 +7.177026463e+01 +7.177026463e+01 +1.1581e-01 +8.2457e-02 +7.5203e-02
1778 0 +7.885099515e-02 +7.176885100e+01 +7.176885100e+01 +1.2093e-01 +7.4578e-02 +7.3218e-02
1803 0 +7.689072562e-02 +7.176689073e+01 +7.176689073e+01 +1.1896e-01 +7.8548e-02 +7.4362e-02
1831 0 +7.368131978e-02 +7.176368132e+01 +7.176368132e+01 +1.2280e-01 +7.3339e-02 +7.3552e-02
1872 0 +7.227529004e-02 +7.176227529e+01 +7.176227529e+01 +1.2325e-01 +7.3821e-02 +7.4101e-02
1882 0 +7.070878993e-02 +7.176070879e+01 +7.176070879e+01 +1.2576e-01 +6.9782e-02 +7.3182e-02
1895 0 +6.865506492e-02 +7.175865506e+01 +7.175865506e+01 +1.2810e-01 +6.7055e-02 +7.2773e-02
1915 0 +6.510356888e-02 +7.175510357e+01 +7.175510357e+01 +1.3378e-01 +5.9202e-02 +7.1312e-02
1929 0 +6.424411471e-02 +7.175424411e+01 +7.175424411e+01 +1.3435e-01 +5.8733e-02 +7.1308e-02
1950 0 +6.190406197e-02 +7.175190406e+01 +7.175190406e+01 +1.3802e-01 +5.3951e-02 +7.0433e-02
1957 0 +6.022506599e-02 +7.175022507e+01 +7.175022507e+01 +1.4022e-01 +5.1467e-02 +7.0229e-02
1962 0 +5.874864404e-02 +7.174874864e+01 +7.174874864e+01 +1.4257e-01 +4.8588e-02 +6.9787e-02
1964 0 +5.543761085e-02 +7.174543761e+01 +7.174543761e+01 +1.5010e-01 +3.9100e-02 +6.8275e-02
1985 0 +5.286210070e-02 +7.174286210e+01 +7.174286210e+01 +1.5737e-01 +3.0906e-02 +6.7484e-02
2009 0 +5.229461980e-02 +7.174229462e+01 +7.174229462e+01 +1.6100e-01 +2.6391e-02 +6.6676e-02
2022 0 +5.107181525e-02 +7.174107182e+01 +7.174107182e+01 +1.6412e-01 +2.3474e-02 +6.6630e-02
2303 0 +4.994764492e-02 +7.173994764e+01 +7.173994764e+01 +1.7057e-01 +1.5054e-02 +6.4583e-02
2326 0 +4.878561548e-02 +7.173878562e+01 +7.173878562e+01 +1.6833e-01 +1.5925e-02 +6.3152e-02
2340 0 +4.785300867e-02 +7.173785301e+01 +7.173785301e+01 +1.6878e-01 +1.3674e-02 +6.1106e-02
2363 0 +4.620122039e-02 +7.173620122e+01 +7.173620122e+01 +1.7741e-01 +3.3354e-03 +5.9202e-02
2396 0 +4.520892368e-02 +7.173520892e+01 +7.173520892e+01 +1.7724e-01 +2.1527e-03 +5.7287e-02
2406 0 +4.352793966e-02 +7.173352794e+01 +7.173352794e+01 +1.8495e-01 -9.5936e-03 +5.2963e-02
2429 0 +4.262537035e-02 +7.173262537e+01 +7.173262537e+01 +1.8585e-01 -1.1613e-02 +5.1404e-02
2475 0 +4.098214605e-02 +7.173098215e+01 +7.173098215e+01 +1.9463e-01 -2.0959e-02 +5.0295e-02
2494 0 +4.053827818e-02 +7.173053828e+01 +7.173053828e+01 +1.9355e-01 -2.0507e-02 +4.9518e-02
2506 0 +3.979025311e-02 +7.172979025e+01 +7.172979025e+01 +1.9709e-01 -2.6427e-02 +4.6656e-02
2534 0 +3.888252499e-02 +7.172888252e+01 +7.172888252e+01 +2.0205e-01 -3.3374e-02 +4.3988e-02
2579 0 +3.770305762e-02 +7.172770306e+01 +7.172770306e+01 +2.0535e-01 -3.7170e-02 +4.2924e-02
2600 0 +3.705406578e-02 +7.172705407e+01 +7.172705407e+01 +2.0969e-01 -4.2823e-02 +4.1006e-02
2649 0 +3.598234675e-02 +7.172598235e+01 +7.172598235e+01 +2.1263e-01 -4.7495e-02 +3.8488e-02
2721 0 +3.546484503e-02 +7.172546485e+01 +7.172546485e+01 +2.1536e-01 -5.0681e-02 +3.7363e-02
2726 0 +3.429959400e-02 +7.172429959e+01 +7.172429959e+01 +2.2112e-01 -5.8855e-02 +3.3938e-02
2734 0 +3.355165575e-02 +7.172355166e+01 +7.172355166e+01 +2.2737e-01 -6.6465e-02 +3.1008e-02
2740 0 +3.200151478e-02 +7.172200151e+01 +7.172200151e+01 +2.4323e-01 -8.7596e-02 +2.2322e-02
2767 0 +3.104336776e-02 +7.172104337e+01 +7.172104337e+01 +2.4522e-01 -8.9692e-02 +2.1552e-02
2817 0 +3.074269192e-02 +7.172074269e+01 +7.172074269e+01 +2.4538e-01 -9.0127e-02 +2.1100e-02
2994 0 +3.001988270e-02 +7.172001988e+01 +7.172001988e+01 +2.5226e-01 -9.9275e-02 +1.6912e-02
3034 0 +2.931985734e-02 +7.171931986e+01 +7.171931986e+01 +2.5846e-01 -1.0720e-01 +1.3285e-02
3047 0 +2.832151005e-02 +7.171832151e+01 +7.171832151e+01 +2.6054e-01 -1.1072e-01 +1.0758e-02
3079 0 +2.815333121e-02 +7.171815333e+01 +7.171815333e+01 +2.6811e-01 -1.2082e-01 +5.9033e-03
3112 0 +2.753108330e-02 +7.171753108e+01 +7.171753108e+01 +2.6464e-01 -1.1661e-01 +7.3786e-03
3163 0 +2.688990160e-02 +7.171688990e+01 +7.171688990e+01 +2.6706e-01 -1.2063e-01 +4.6330e-03
3225 0 +2.625991923e-02 +7.171625992e+01 +7.171625992e+01 +2.7040e-01 -1.2635e-01 +5.5207e-04
3341 0 +2.562207234e-02 +7.171562207e+01 +7.171562207e+01 +2.7740e-01 -1.3666e-01 -5.8063e-03
3362 0 +2.501112263e-02 +7.171501112e+01 +7.171501112e+01 +2.9004e-01 -1.5206e-01 -1.3003e-02
3372 0 +2.436562288e-02 +7.171436562e+01 +7.171436562e+01 +2.8837e-01 -1.5041e-01 -1.2800e-02
3477 0 +2.397340768e-02 +7.171397341e+01 +7.171397341e+01 +2.9555e-01 -1.5981e-01 -1.8036e-02
3590 0 +2.335136139e-02 +7.171335136e+01 +7.171335136e+01 +2.9876e-01 -1.6446e-01 -2.1371e-02
3638 0 +2.288750137e-02 +7.171288750e+01 +7.171288750e+01 +3.0788e-01 -1.7616e-01 -2.7950e-02
3713 0 +2.236604585e-02 +7.171236605e+01 +7.171236605e+01 +3.1176e-01 -1.7967e-01 -2.8780e-02
3847 0 +2.168588871e-02 +7.171168589e+01 +7.171168589e+01 +3.2324e-01 -1.9350e-01 -3.6420e-02
3911 0 +2.115372517e-02 +7.171115373e+01 +7.171115373e+01 +3.2812e-01 -2.0019e-01 -4.1082e-02
3947 0 +2.084825238e-02 +7.171084825e+01 +7.171084825e+01 +3.3434e-01 -2.0930e-01 -4.7868e-02
4074 0 +2.037849788e-02 +7.171037850e+01 +7.171037850e+01 +3.4464e-01 -2.2119e-01 -5.4493e-02
4163 0 +1.987497053e-02 +7.170987497e+01 +7.170987497e+01 +3.4818e-01 -2.2639e-01 -5.8781e-02
4251 0 +1.939812879e-02 +7.170939813e+01 +7.170939813e+01 +3.5705e-01 -2.3746e-01 -6.6235e-02
4287 0 +1.897496094e-02 +7.170897496e+01 +7.170897496e+01 +3.6629e-01 -2.4905e-01 -7.4301e-02
4384 0 +1.859939815e-02 +7.170859940e+01 +7.170859940e+01 +3.7651e-01 -2.6197e-01 -8.3639e-02
4562 0 +1.816212333e-02 +7.170816212e+01 +7.170816212e+01 +3.9167e-01 -2.8121e-01 -9.8317e-02
4965 0 +1.777571358e-02 +7.170777571e+01 +7.170777571e+01 +4.0118e-01 -2.9126e-01 -1.0421e-01
5537 0 +1.737140285e-02 +7.170737140e+01 +7.170737140e+01 +4.1876e-01 -3.1144e-01 -1.1865e-01
5713 0 +1.697397300e-02 +7.170697397e+01 +7.170697397e+01 +4.3428e-01 -3.3042e-01 -1.3418e-01
6199 0 +1.659516543e-02 +7.170659517e+01 +7.170659517e+01 +4.6198e-01 -3.6392e-01 -1.6286e-01
6679 0 +1.621541322e-02 +7.170621541e+01 +7.170621541e+01 +4.9514e-01 -3.9989e-01 -1.9156e-01
8668 0 +1.584889063e-02 +7.170584889e+01 +7.170584889e+01 +5.5753e-01 -4.6981e-01 -2.5731e-01
% f evaluations | g evaluations | best noise-free fitness - Fopt (2.140100000000e+02) + sum g_i+ | measured fitness | best measured fitness or single-digit g-values | x1 | x2...
1 0 +2.503737427e-01 +2.142603737e+02 +2.142603737e+02 +0.0000e+00 +0.0000e+00 +0.0000e+00
451 0 +1.438498201e-01 +2.141538498e+02 +2.141538498e+02 +7.9146e-01 -3.1679e-02 +8.2553e-01
505 0 +1.161943368e-01 +2.141261943e+02 +2.141261943e+02 +7.9427e-01 -3.3985e-02 +8.2726e-01
526 0 +9.870598083e-02 +2.141087060e+02 +2.141087060e+02 +7.9273e-01 -3.5205e-02 +8.2608e-01
584 0 +9.667846605e-02 +2.141066785e+02 +2.141066785e+02 +7.9231e-01 -3.4365e-02 +8.2613e-01
589 0 +9.547711544e-02 +2.141054771e+02 +2.141054771e+02 +7.9236e-01 -3.4867e-02 +8.2591e-01
% f evaluations | g evaluations | best noise-free fitness - Fopt (-5.848000000000e+01) + sum g_i+ | measured fitness | best measured fitness or single-digit g-values | x1 | x2...
1 0 +2.503737427e-01 -5.822962626e+01 -5.822962626e+01 +0.0000e+00 +0.0000e+00 +0.0000e+00
9 0 +2.225070938e-01 -5.825749291e+01 -5.825749291e+01 -8.5178e-03 +4.9897e-02 +3.0616e-01
327 0 +1.436674519e-01 -5.833633255e+01 -5.833633255e+01 -2.0774e-02 +9.0789e-02 +3.2391e-01
344 0 +1.388955060e-01 -5.834110449e+01 -5.834110449e+01 -2.7216e-03 +1.3373e-01 +2.9323e-01
365 0 +1.303073961e-01 -5.834969260e+01 -5.834969260e+01 -8.1861e-03 +1.1624e-01 +3.0618e-01
370 0 +1.279893175e-01 -5.835201068e+01 -5.835201068e+01 +5.8401e-04 +1.1290e-01 +3.0266e-01
377 0 +1.245883220e-01 -5.835541168e+01 -5.835541168e+01 -7.8265e-03 +9.1169e-02 +3.1625e-01
406 0 +1.224223336e-01 -5.835757767e+01 -5.835757767e+01 -3.5365e-03 +1.2072e-01 +2.9661e-01
419 0 +1.187430990e-01 -5.836125690e+01 -5.836125690e+01 -3.3621e-03 +1.1278e-01 +3.0110e-01
428 0 +1.172797842e-01 -5.836272022e+01 -5.836272022e+01 -9.7146e-03 +1.0681e-01 +3.0722e-01
443 0 +1.134246372e-01 -5.836657536e+01 -5.836657536e+01 -1.3731e-02 +9.8285e-02 +3.1114e-01
445 0 +1.119188700e-01 -5.836808113e+01 -5.836808113e+01 -9.2664e-03 +1.0584e-01 +3.0251e-01
451 0 +1.060848713e-01 -5.837391513e+01 -5.837391513e+01 -1.0702e-02 +9.1135e-02 +3.0906e-01
455 0 +1.042813665e-01 -5.837571863e+01 -5.837571863e+01 -1.7498e-02 +8.8838e-02 +3.1184e-01
457 0 +9.724853586e-02 -5.838275146e+01 -5.838275146e+01 -1.8270e-02 +8.3763e-02 +3.0461e-01
464 0 +9.238284098e-02 -5.838761716e+01 -5.838761716e+01 -2.0124e-02 +6.4792e-02 +3.1836e-01
465 0 +9.086907050e-02 -5.838913093e+01 -5.838913093e+01 -1.9960e-02 +6.9469e-02 +3.1402e-01
466 0 +8.876317893e-02 -5.839123682e+01 -5.839123682e+01 -2.6271e-02 +6.7383e-02 +3.0860e-01
468 0 +7.618644096e-02 -5.840381356e+01 -5.840381356e+01 -3.4559e-02 +4.4015e-02 +3.2178e-01
473 0 +7.471254035e-02 -5.840528746e+01 -5.840528746e+01 -3.4985e-02 +2.7778e-02 +3.3176e-01
476 0 +6.404527410e-02 -5.841595473e+01 -5.841595473e+01 -4.1609e-02 +1.9327e-02 +3.2796e-01
482 0 +4.942526183e-02 -5.843057474e+01 -5.843057474e+01 -6.5668e-02 -5.4329e-02 +3.5651e-01
505 0 +3.834490789e-02 -5.844165509e+01 -5.844165509e+01 -7.9001e-02 -6.9985e-02 +3.4904e-01
529 0 +2.923057888e-02 -5.845076942e+01 -5.845076942e+01 -8.0482e-02 -9.7735e-02 +3.5689e-01
532 0 +2.521482423e-02 -5.845478518e+01 -5.845478518e+01 -9.4584e-02 -1.2051e-01 +3.5889e-01
536 0 +1.429822378e-02 -5.846570178e+01 -5.846570178e+01 -1.2314e-01 -2.0791e-01 +3.7681e-01
544 0 +8.429943999e-03 -5.847157006e+01 -5.847157006e+01 -1.4385e-01 -2.7372e-01 +3.8112e-01
549 0 +7.707460216e-03 -5.847229254e+01 -5.847229254e+01 -1.3662e-01 -2.6991e-01 +3.7562e-01
570 0 +7.273846722e-03 -5.847272615e+01 -5.847272615e+01 -1.3375e-01 -2.5622e-01 +3.8071e-01
578 0 +5.423567752e-03 -5.847457643e+01 -5.847457643e+01 -1.5344e-01 -3.2133e-01 +3.9621e-01
591 0 +4.709332097e-03 -5.847529067e+01 -5.847529067e+01 -1.6226e-01 -3.4487e-01 +3.9699e-01
611 0 +4.137860475e-03 -5.847586214e+01 -5.847586214e+01 -1.5178e-01 -3.1910e-01 +3.9201e-01
623 0 +4.002100671e-03 -5.847599790e+01 -5.847599790e+01 -1.7005e-01 -3.7108e-01 +3.9944e-01
626 0 +1.861810500e-03 -5.847813819e+01 -5.847813819e+01 -1.6881e-01 -3.8324e-01 +3.9687e-01
759 0 +1.717417350e-03 -5.847828258e+01 -5.847828258e+01 -1.7307e-01 -4.0066e-01 +4.0060e-01
770 0 +1.604129260e-03 -5.847839587e+01 -5.847839587e+01 -1.7456e-01 -4.0482e-01 +4.0099e-01
772 0 +1.518727043e-03 -5.847848127e+01 -5.847848127e+01 -1.7621e-01 -4.1087e-01 +4.0174e-01
780 0 +1.296029483e-03 -5.847870397e+01 -5.847870397e+01 -1.8068e-01 -4.2648e-01 +4.0346e-01
786 0 +1.264601023e-03 -5.847873540e+01 -5.847873540e+01 -1.8790e-01 -4.4778e-01 +4.0646e-01
794 0 +1.162750605e-03 -5.847883725e+01 -5.847883725e+01 -1.8238e-01 -4.3519e-01 +4.0386e-01
800 0 +1.087235883e-03 -5.847891276e+01 -5.847891276e+01 -1.8485e-01 -4.4536e-01 +4.0490e-01
804 0 +8.849459075e-04 -5.847911505e+01 -5.847911505e+01 -1.8640e-01 -4.4685e-01 +4.0412e-01
807 0 +7.105823717e-04 -5.847928942e+01 -5.847928942e+01 -1.9104e-01 -4.6966e-01 +4.0581e-01
815 0 +6.199348876e-04 -5.847938007e+01 -5.847938007e+01 -1.9368e-01 -4.7218e-01 +4.0580e-01
822 0 +5.696319849e-04 -5.847943037e+01 -5.847943037e+01 -1.9727e-01 -4.8582e-01 +4.0750e-01
825 0 +4.100521132e-04 -5.847958995e+01 -5.847958995e+01 -1.9945e-01 -4.9413e-01 +4.0655e-01
830 0 +1.917482402e-04 -5.847980825e+01 -5.847980825e+01 -2.0935e-01 -5.3321e-01 +4.0831e-01
842 0 +1.119834234e-04 -5.847988802e+01 -5.847988802e+01 -2.1733e-01 -5.6395e-01 +4.0972e-01
847 0 +4.104435478e-05 -5.847995896e+01 -5.847995896e+01 -2.2200e-01 -5.8719e-01 +4.0839e-01
869 0 +2.898157661e-05 -5.847997102e+01 -5.847997102e+01 -2.2889e-01 -6.1156e-01 +4.0934e-01
876 0 +2.022157188e-05 -5.847997978e+01 -5.847997978e+01 -2.3169e-01 -6.2364e-01 +4.0980e-01
884 0 +3.070124777e-06 -5.847999693e+01 -5.847999693e+01 -2.4174e-01 -6.6875e-01 +4.1143e-01
904 0 +2.356213130e-06 -5.847999764e+01 -5.847999764e+01 -2.3954e-01 -6.6216e-01 +4.1236e-01
918 0 +2.078704867e-06 -5.847999792e+01 -5.847999792e+01 -2.4041e-01 -6.6634e-01 +4.1266e-01
933 0 +8.291353168e-07 -5.847999917e+01 -5.847999917e+01 -2.4788e-01 -6.9891e-01 +4.1383e-01
960 0 +7.123778119e-07 -5.847999929e+01 -5.847999929e+01 -2.4458e-01 -6.8638e-01 +4.1259e-01
967 0 +6.121132259e-07 -5.847999939e+01 -5.847999939e+01 -2.4516e-01 -6.8560e-01 +4.1228e-01
977 0 +2.082055275e-07 -5.847999979e+01 -5.847999979e+01 -2.4810e-01 -6.9984e-01 +4.1323e-01
1076 0 +1.001965870e-07 -5.847999990e+01 -5.847999990e+01 -2.5459e-01 -7.2815e-01 +4.1365e-01
1093 0 +5.581128448e-08 -5.847999994e+01 -5.847999994e+01 -2.5306e-01 -7.2110e-01 +4.1340e-01
1100 0 +1.900836111e-08 -5.847999998e+01 -5.847999998e+01 -2.5317e-01 -7.2222e-01 +4.1338e-01
1104 0 +9.179252913e-09 -5.847999999e+01 -5.847999999e+01 -2.5251e-01 -7.1927e-01 +4.1315e-01
1514 0 +0.000000000e+00 -5.848000000e+01 -5.848000000e+01 -2.5216e-01 -7.1813e-01 +4.1316e-01
% f evaluations | g evaluations | best noise-free fitness - Fopt (-6.130800000000e+02) + sum g_i+ | measured fitness | best measured fitness or single-digit g-values | x1 | x2...
1 0 +2.503737427e-01 -6.128296263e+02 -6.128296263e+02 +0.0000e+00 +0.0000e+00 +0.0000e+00
650 0 +2.462188820e-01 -6.128337811e+02 -6.128337811e+02 -1.7452e-01 +2.5690e-01 -5.8808e-02
667 0 +2.443689716e-01 -6.128356310e+02 -6.128356310e+02 -1.7433e-01 +2.6031e-01 -5.7913e-02
669 0 +2.384597682e-01 -6.128415402e+02 -6.128415402e+02 -1.7443e-01 +2.4992e-01 -6.0880e-02
707 0 +2.337967252e-01 -6.128462033e+02 -6.128462033e+02 -1.7388e-01 +2.5044e-01 -6.0563e-02
712 0 +2.267573404e-01 -6.128532427e+02 -6.128532427e+02 -1.7342e-01 +2.4571e-01 -6.1814e-02
720 0 +2.188116860e-01 -6.128611883e+02 -6.128611883e+02 -1.7254e-01 +2.4204e-01 -6.2607e-02
724 0 +2.142670897e-01 -6.128657329e+02 -6.128657329e+02 -1.7272e-01 +2.2586e-01 -6.7392e-02
725 0 +2.130026613e-01 -6.128669973e+02 -6.128669973e+02 -1.7238e-01 +2.3202e-01 -6.5456e-02
734 0 +1.990418190e-01 -6.128809582e+02 -6.128809582e+02 -1.7138e-01 +2.2400e-01 -6.7855e-02
739 0 +1.751132211e-01 -6.129048868e+02 -6.129048868e+02 -1.6729e-01 +2.0160e-01 -7.3460e-02
753 0 +1.720430105e-01 -6.129079570e+02 -6.129079570e+02 -1.6727e-01 +1.9485e-01 -7.5353e-02
779 0 +1.668010060e-01 -6.129131990e+02 -6.129131990e+02 -1.6638e-01 +1.8792e-01 -7.7282e-02
789 0 +1.518619196e-01 -6.129281381e+02 -6.129281381e+02 -1.6282e-01 +1.7094e-01 -8.1641e-02
790 0 +1.377378800e-01 -6.129422621e+02 -6.129422621e+02 -1.5854e-01 +1.5044e-01 -8.6923e-02
832 0 +1.327750832e-01 -6.129472249e+02 -6.129472249e+02 -1.5552e-01 +1.3569e-01 -9.0648e-02
836 0 +1.316719405e-01 -6.129483281e+02 -6.129483281e+02 -1.5607e-01 +1.3728e-01 -9.0519e-02
844 0 +1.255614773e-01 -6.129544385e+02 -6.129544385e+02 -1.5286e-01 +1.2651e-01 -9.3002e-02
859 0 +1.172941204e-01 -6.129627059e+02 -6.129627059e+02 -1.4944e-01 +1.1370e-01 -9.6562e-02
999 0 +1.099009410e-01 -6.129700991e+02 -6.129700991e+02 -1.4681e-01 +1.0453e-01 -9.9581e-02
1000 0 +1.073015415e-01 -6.129726985e+02 -6.129726985e+02 -1.4438e-01 +9.4364e-02 -1.0224e-01
1004 0 +1.003384225e-01 -6.129796616e+02 -6.129796616e+02 -1.3868e-01 +7.7423e-02 -1.0667e-01
1012 0 +9.614437452e-02 -6.129838556e+02 -6.129838556e+02 -1.3641e-01 +7.1140e-02 -1.0846e-01
1014 0 +9.513759420e-02 -6.129848624e+02 -6.129848624e+02 -1.3281e-01 +6.1619e-02 -1.1081e-01
1016 0 +9.108863897e-02 -6.129889114e+02 -6.129889114e+02 -1.3443e-01 +6.8218e-02 -1.0913e-01
1026 0 +8.650378943e-02 -6.129934962e+02 -6.129934962e+02 -1.2884e-01 +5.2907e-02 -1.1323e-01
1036 0 +7.552294704e-02 -6.130044771e+02 -6.130044771e+02 -1.1935e-01 +3.3282e-02 -1.1850e-01
1305 0 +7.334105303e-02 -6.130066589e+02 -6.130066589e+02 -1.1586e-01 +2.6014e-02 -1.2038e-01
1319 0 +7.193068765e-02 -6.130080693e+02 -6.130080693e+02 -1.1098e-01 +1.6104e-02 -1.2291e-01
1323 0 +7.075219839e-02 -6.130092478e+02 -6.130092478e+02 -1.1073e-01 +1.7184e-02 -1.2258e-01
1359 0 +6.900289923e-02 -6.130109971e+02 -6.130109971e+02 -1.0294e-01 +2.7709e-03 -1.2627e-01
1743 0 +6.750617958e-02 -6.130124938e+02 -6.130124938e+02 -1.0426e-01 +3.3332e-03 -1.2658e-01
1780 0 +6.529004987e-02 -6.130147100e+02 -6.130147100e+02 -1.0194e-01 -2.4325e-03 -1.2856e-01
1819 0 +6.401351593e-02 -6.130159865e+02 -6.130159865e+02 -9.8453e-02 -1.1911e-02 -1.3170e-01
1868 0 +6.299133099e-02 -6.130170087e+02 -6.130170087e+02 -9.6691e-02 -1.5725e-02 -1.3295e-01
1896 0 +6.162897121e-02 -6.130183710e+02 -6.130183710e+02 -9.4158e-02 -2.1615e-02 -1.3494e-01
1920 0 +6.002221284e-02 -6.130199778e+02 -6.130199778e+02 -9.5103e-02 -2.0329e-02 -1.3481e-01
1931 0 +5.856055230e-02 -6.130214394e+02 -6.130214394e+02 -9.0114e-02 -3.0719e-02 -1.3813e-01
1945 0 +5.740805814e-02 -6.130225919e+02 -6.130225919e+02 -9.3443e-02 -2.6748e-02 -1.3752e-01
1989 0 +5.611135635e-02 -6.130238886e+02 -6.130238886e+02 -9.2920e-02 -3.2041e-02 -1.4008e-01
2082 0 +5.492020242e-02 -6.130250798e+02 -6.130250798e+02 -9.0763e-02 -3.7776e-02 -1.4225e-01
2124 0 +5.363985560e-02 -6.130263601e+02 -6.130263601e+02 -8.8582e-02 -4.2554e-02 -1.4395e-01
2154 0 +5.213364412e-02 -6.130278664e+02 -6.130278664e+02 -8.3742e-02 -5.0873e-02 -1.4644e-01
2257 0 +5.108618569e-02 -6.130289138e+02 -6.130289138e+02 -7.8742e-02 -5.7430e-02 -1.4804e-01
2307 0 +4.991132126e-02 -6.130300887e+02 -6.130300887e+02 -7.8220e-02 -5.8097e-02 -1.4832e-01
2320 0 +4.808888071e-02 -6.130319111e+02 -6.130319111e+02 -7.5850e-02 -6.3280e-02 -1.5035e-01
2328 0 +4.704881981e-02 -6.130329512e+02 -6.130329512e+02 -7.6063e-02 -6.6023e-02 -1.5210e-01
2329 0 +4.653131228e-02 -6.130334687e+02 -6.130334687e+02 -7.2687e-02 -6.9805e-02 -1.5279e-01
2333 0 +4.511022282e-02 -6.130348898e+02 -6.130348898e+02 -7.0642e-02 -7.4935e-02 -1.5500e-01
2341 0 +4.386927803e-02 -6.130361307e+02 -6.130361307e+02 -6.6687e-02 -8.1915e-02 -1.5757e-01
2346 0 +4.359635181e-02 -6.130364036e+02 -6.130364036e+02 -6.6772e-02 -8.3617e-02 -1.5835e-01
2385 0 +4.236533857e-02 -6.130376347e+02 -6.130376347e+02 -5.6630e-02 -1.0906e-01 -1.6903e-01
2395 0 +4.149840707e-02 -6.130385016e+02 -6.130385016e+02 -5.9865e-02 -9.9243e-02 -1.6466e-01
2397 0 +4.042899537e-02 -6.130395710e+02 -6.130395710e+02 -5.7652e-02 -1.0360e-01 -1.6650e-01
2462 0 +3.932127551e-02 -6.130406787e+02 -6.130406787e+02 -5.3588e-02 -1.1062e-01 -1.6907e-01
2471 0 +3.858865522e-02 -6.130414113e+02 -6.130414113e+02 -5.1358e-02 -1.1407e-01 -1.7031e-01
2474 0 +3.781989795e-02 -6.130421801e+02 -6.130421801e+02 -4.8251e-02 -1.2069e-01 -1.7312e-01
2484 0 +3.696769260e-02 -6.130430323e+02 -6.130430323e+02 -4.5790e-02 -1.2350e-01 -1.7395e-01
2515 0 +3.579089180e-02 -6.130442091e+02 -6.130442091e+02 -4.0792e-02 -1.2870e-01 -1.7539e-01
2580 0 +3.530467517e-02 -6.130446953e+02 -6.130446953e+02 -3.6752e-02 -1.3510e-01 -1.7774e-01
2610 0 +3.434655615e-02 -6.130456534e+02 -6.130456534e+02 -3.0288e-02 -1.4356e-01 -1.8074e-01
2643 0 +3.372096857e-02 -6.130462790e+02 -6.130462790e+02 -2.4853e-02 -1.5071e-01 -1.8338e-01
2664 0 +3.277870822e-02 -6.130472213e+02 -6.130472213e+02 -1.8670e-02 -1.5978e-01 -1.8707e-01
2689 0 +3.196540431e-02 -6.130480346e+02 -6.130480346e+02 -1.5812e-02 -1.6484e-01 -1.8931e-01
2705 0 +3.079412098e-02 -6.130492059e+02 -6.130492059e+02 -7.0360e-03 -1.7784e-01 -1.9460e-01
2744 0 +2.911674912e-02 -6.130508833e+02 -6.130508833e+02 -6.3800e-03 -1.8271e-01 -1.9749e-01
2883 0 +2.882587158e-02 -6.130511741e+02 -6.130511741e+02 -3.2226e-03 -1.8840e-01 -1.9996e-01
2912 0 +2.817676287e-02 -6.130518232e+02 -6.130518232e+02 +6.1698e-04 -1.9397e-01 -2.0237e-01
2929 0 +2.698614036e-02 -6.130530139e+02 -6.130530139e+02 +7.4077e-03 -2.0660e-01 -2.0843e-01
2960 0 +2.685947571e-02 -6.130531405e+02 -6.130531405e+02 +1.0212e-02 -2.1208e-01 -2.1110e-01
2995 0 +2.625338477e-02 -6.130537466e+02 -6.130537466e+02 +1.3175e-02 -2.1735e-01 -2.1380e-01
3111 0 +2.559316424e-02 -6.130544068e+02 -6.130544068e+02 +2.0217e-02 -2.2818e-01 -2.1885e-01
3134 0 +2.475360025e-02 -6.130552464e+02 -6.130552464e+02 +2.7126e-02 -2.3736e-01 -2.2296e-01
3143 0 +2.441448587e-02 -6.130555855e+02 -6.130555855e+02 +3.4754e-02 -2.4905e-01 -2.2860e-01
3192 0 +2.393095321e-02 -6.130560690e+02 -6.130560690e+02 +3.8054e-02 -2.5346e-01 -2.3073e-01
3242 0 +2.341987076e-02 -6.130565801e+02 -6.130565801e+02 +4.1754e-02 -2.5780e-01 -2.3271e-01
3269 0 +2.279906202e-02 -6.130572009e+02 -6.130572009e+02 +4.8816e-02 -2.6699e-01 -2.3704e-01
3308 0 +2.233101103e-02 -6.130576690e+02 -6.130576690e+02 +5.2969e-02 -2.7179e-01 -2.3926e-01
3320 0 +2.186216288e-02 -6.130581378e+02 -6.130581378e+02 +5.8508e-02 -2.7848e-01 -2.4242e-01
3337 0 +2.107317606e-02 -6.130589268e+02 -6.130589268e+02 +6.8191e-02 -2.8900e-01 -2.4738e-01
3344 0 +2.074890278e-02 -6.130592511e+02 -6.130592511e+02 +7.6435e-02 -2.9802e-01 -2.5157e-01
3714 0 +2.034254624e-02 -6.130596575e+02 -6.130596575e+02 +8.2783e-02 -3.0546e-01 -2.5532e-01
3783 0 +1.989736664e-02 -6.130601026e+02 -6.130601026e+02 +8.9409e-02 -3.1536e-01 -2.6070e-01
4027 0 +1.948640385e-02 -6.130605136e+02 -6.130605136e+02 +9.7501e-02 -3.2619e-01 -2.6657e-01
4041 0 +1.888560338e-02 -6.130611144e+02 -6.130611144e+02 +1.1430e-01 -3.4733e-01 -2.7798e-01
4064 0 +1.861382654e-02 -6.130613862e+02 -6.130613862e+02 +1.2327e-01 -3.5749e-01 -2.8342e-01
4447 0 +1.818313287e-02 -6.130618169e+02 -6.130618169e+02 +1.3492e-01 -3.6739e-01 -2.8840e-01
4770 0 +1.773266986e-02 -6.130622673e+02 -6.130622673e+02 +1.5510e-01 -3.8940e-01 -3.0075e-01
4874 0 +1.730327464e-02 -6.130626967e+02 -6.130626967e+02 +1.6821e-01 -4.0554e-01 -3.1027e-01
5491 0 +1.696751828e-02 -6.130630325e+02 -6.130630325e+02 +1.8674e-01 -4.2520e-01 -3.2185e-01
5649 0 +1.657457783e-02 -6.130634254e+02 -6.130634254e+02 +2.1196e-01 -4.5189e-01 -3.3815e-01
6407 0 +1.621442012e-02 -6.130637856e+02 -6.130637856e+02 +2.5854e-01 -5.0064e-01 -3.6936e-01
8096 0 +1.584800132e-02 -6.130641520e+02 -6.130641520e+02 +3.2817e-01 -5.6374e-01 -4.1178e-01
% f evaluations | g evaluations | best noise-free fitness - Fopt (6.189000000000e+01) + sum g_i+ | measured fitness | best measured fitness or single-digit g-values | x1 | x2...
1 0 +2.503737427e-01 +6.214037374e+01 +6.214037374e+01 +0.0000e+00 +0.0000e+00 +0.0000e+00
59 0 +1.121858690e-01 +6.200218587e+01 +6.200218587e+01 -3.5430e-01 +5.4185e-01 +1.6591e-01
104 0 +3.063501086e-02 +6.192063501e+01 +6.192063501e+01 +3.9534e-02 +1.0409e-01 +3.2129e-01
% f evaluations | g evaluations | best noise-free fitness - Fopt (-8.456000000000e+01) + sum g_i+ | measured fitness | best measured fitness or single-digit g-values | x1 | x2...
1 0 +2.503737427e-01 -8.430962626e+01 -8.430962626e+01 +0.0000e+00 +0.0000e+00 +0.0000e+00
118 0 +1.990961960e-01 -8.436090380e+01 -8.436090380e+01 -2.5415e-02 +3.7238e-01 +4.9845e-01
164 0 +1.417044866e-01 -8.441829551e+01 -8.441829551e+01 -4.4096e-02 +5.5146e-01 +6.1051e-01
223 0 +1.206943136e-01 -8.443930569e+01 -8.443930569e+01 -5.1613e-02 +4.9580e-01 +5.5087e-01
224 0 +1.085444511e-01 -8.445145555e+01 -8.445145555e+01 -4.2232e-02 +5.5251e-01 +6.0549e-01
739 0 +1.068521280e-01 -8.445314787e+01 -8.445314787e+01 -4.3637e-02 +5.5361e-01 +6.0415e-01
759 0 +1.044329949e-01 -8.445556701e+01 -8.445556701e+01 -4.4890e-02 +5.5538e-01 +6.0195e-01
783 0 +1.019142603e-01 -8.445808574e+01 -8.445808574e+01 -4.5723e-02 +5.5688e-01 +5.9998e-01
790 0 +9.770519449e-02 -8.446229481e+01 -8.446229481e+01 -4.4776e-02 +5.5573e-01 +6.0172e-01
810 0 +9.303071879e-02 -8.446696928e+01 -8.446696928e+01 -4.5939e-02 +5.5762e-01 +5.9977e-01
823 0 +9.069967701e-02 -8.446930032e+01 -8.446930032e+01 -4.7436e-02 +5.6025e-01 +5.9655e-01
836 0 +8.810449364e-02 -8.447189551e+01 -8.447189551e+01 -4.7464e-02 +5.6072e-01 +5.9620e-01
1349 0 +8.709106413e-02 -8.447290894e+01 -8.447290894e+01 -4.5912e-02 +5.6004e-01 +5.9539e-01
1514 0 +8.504233064e-02 -8.447495767e+01 -8.447495767e+01 -3.8658e-02 +5.5518e-01 +5.9280e-01
1556 0 +8.302890782e-02 -8.447697109e+01 -8.447697109e+01 -3.3840e-02 +5.5125e-01 +5.9244e-01
1675 0 +8.084374407e-02 -8.447915626e+01 -8.447915626e+01 -2.6234e-02 +5.4498e-01 +5.9209e-01
1697 0 +7.876417965e-02 -8.448123582e+01 -8.448123582e+01 -2.1122e-02 +5.4055e-01 +5.9203e-01
1721 0 +7.720912376e-02 -8.448279088e+01 -8.448279088e+01 -1.9572e-02 +5.3959e-01 +5.9063e-01
1732 0 +7.484495768e-02 -8.448515504e+01 -8.448515504e+01 -1.3031e-02 +5.3400e-01 +5.9031e-01
1745 0 +7.064279376e-02 -8.448935721e+01 -8.448935721e+01 -1.2143e-03 +5.2424e-01 +5.8802e-01
1816 0 +6.775943839e-02 -8.449224056e+01 -8.449224056e+01 +1.0057e-02 +5.1413e-01 +5.8787e-01
1818 0 +6.753302980e-02 -8.449246697e+01 -8.449246697e+01 +4.5237e-03 +5.1873e-01 +5.8834e-01
1839 0 +6.536976785e-02 -8.449463023e+01 -8.449463023e+01 +1.0945e-02 +5.1313e-01 +5.8750e-01
1841 0 +6.406515434e-02 -8.449593485e+01 -8.449593485e+01 +1.6155e-02 +5.0844e-01 +5.8739e-01
1847 0 +6.084431252e-02 -8.449915569e+01 -8.449915569e+01 +2.7794e-02 +4.9856e-01 +5.8451e-01
1848 0 +6.020665045e-02 -8.449979335e+01 -8.449979335e+01 +3.0115e-02 +4.9600e-01 +5.8542e-01
1923 0 +5.772206480e-02 -8.450227794e+01 -8.450227794e+01 +3.7876e-02 +4.8964e-01 +5.8211e-01
1924 0 +5.653389792e-02 -8.450346610e+01 -8.450346610e+01 +4.2575e-02 +4.8539e-01 +5.8128e-01
2099 0 +5.617075257e-02 -8.450382925e+01 -8.450382925e+01 +4.2817e-02 +4.8485e-01 +5.8200e-01
2119 0 +5.448783862e-02 -8.450551216e+01 -8.450551216e+01 +4.8781e-02 +4.7900e-01 +5.8158e-01
2125 0 +5.310523144e-02 -8.450689477e+01 -8.450689477e+01 +5.5922e-02 +4.7211e-01 +5.8113e-01
2133 0 +5.239500558e-02 -8.450760499e+01 -8.450760499e+01 +6.0001e-02 +4.6810e-01 +5.8070e-01
2193 0 +5.104205910e-02 -8.450895794e+01 -8.450895794e+01 +7.3726e-02 +4.5484e-01 +5.7905e-01
2314 0 +4.990081764e-02 -8.451009918e+01 -8.451009918e+01 +8.0415e-02 +4.4826e-01 +5.7766e-01
2336 0 +4.879519832e-02 -8.451120480e+01 -8.451120480e+01 +9.0725e-02 +4.3829e-01 +5.7553e-01
2483 0 +4.772348638e-02 -8.451227651e+01 -8.451227651e+01 +9.3621e-02 +4.3566e-01 +5.7431e-01
2518 0 +4.657494576e-02 -8.451342505e+01 -8.451342505e+01 +9.6676e-02 +4.3301e-01 +5.7276e-01
2544 0 +4.484084542e-02 -8.451515915e+01 -8.451515915e+01 +9.7212e-02 +4.3307e-01 +5.7078e-01
2555 0 +4.440358006e-02 -8.451559642e+01 -8.451559642e+01 +9.6968e-02 +4.3369e-01 +5.6971e-01
2698 0 +4.364904253e-02 -8.451635096e+01 -8.451635096e+01 +1.0227e-01 +4.2917e-01 +5.6662e-01
2796 0 +4.249724235e-02 -8.451750276e+01 -8.451750276e+01 +1.1122e-01 +4.2090e-01 +5.6216e-01
2837 0 +4.167540746e-02 -8.451832459e+01 -8.451832459e+01 +1.1705e-01 +4.1508e-01 +5.6070e-01
2886 0 +4.052684126e-02 -8.451947316e+01 -8.451947316e+01 +1.2019e-01 +4.1146e-01 +5.6071e-01
2928 0 +3.960606754e-02 -8.452039393e+01 -8.452039393e+01 +1.2990e-01 +4.0196e-01 +5.5706e-01
2985 0 +3.875692326e-02 -8.452124308e+01 -8.452124308e+01 +1.3420e-01 +3.9673e-01 +5.5796e-01
3022 0 +3.781100758e-02 -8.452218899e+01 -8.452218899e+01 +1.3938e-01 +3.9167e-01 +5.5532e-01
3064 0 +3.706548134e-02 -8.452293452e+01 -8.452293452e+01 +1.5106e-01 +3.7892e-01 +5.5312e-01
3095 0 +3.627641107e-02 -8.452372359e+01 -8.452372359e+01 +1.5236e-01 +3.7809e-01 +5.5104e-01
3265 0 +3.547863895e-02 -8.452452136e+01 -8.452452136e+01 +1.6087e-01 +3.6898e-01 +5.4838e-01
3328 0 +3.462824719e-02 -8.452537175e+01 -8.452537175e+01 +1.7071e-01 +3.5846e-01 +5.4487e-01
3422 0 +3.388253084e-02 -8.452611747e+01 -8.452611747e+01 +1.7948e-01 +3.4888e-01 +5.4162e-01
3483 0 +3.291098487e-02 -8.452708902e+01 -8.452708902e+01 +1.8854e-01 +3.3917e-01 +5.3747e-01
3568 0 +3.234764773e-02 -8.452765235e+01 -8.452765235e+01 +1.9480e-01 +3.3236e-01 +5.3464e-01
3637 0 +3.150017174e-02 -8.452849983e+01 -8.452849983e+01 +2.0783e-01 +3.1790e-01 +5.2893e-01
3810 0 +3.085534898e-02 -8.452914465e+01 -8.452914465e+01 +2.1851e-01 +3.0572e-01 +5.2435e-01
3902 0 +3.015984639e-02 -8.452984015e+01 -8.452984015e+01 +2.2922e-01 +2.9344e-01 +5.1926e-01
3938 0 +2.939042989e-02 -8.453060957e+01 -8.453060957e+01 +2.4121e-01 +2.7949e-01 +5.1304e-01
4146 0 +2.869662277e-02 -8.453130338e+01 -8.453130338e+01 +2.5414e-01 +2.6434e-01 +5.0635e-01
4251 0 +2.814083702e-02 -8.453185916e+01 -8.453185916e+01 +2.6600e-01 +2.5018e-01 +4.9987e-01
4336 0 +2.753774342e-02 -8.453246226e+01 -8.453246226e+01 +2.7706e-01 +2.3675e-01 +4.9353e-01
4565 0 +2.688973807e-02 -8.453311026e+01 -8.453311026e+01 +2.9273e-01 +2.1743e-01 +4.8429e-01
4890 0 +2.628047146e-02 -8.453371953e+01 -8.453371953e+01 +3.1177e-01 +1.9347e-01 +4.7259e-01
5107 0 +2.565627924e-02 -8.453434372e+01 -8.453434372e+01 +3.3177e-01 +1.6760e-01 +4.5961e-01
5497 0 +2.511383161e-02 -8.453488617e+01 -8.453488617e+01 +3.5769e-01 +1.3320e-01 +4.4187e-01
5876 0 +2.454220735e-02 -8.453545779e+01 -8.453545779e+01 +3.8754e-01 +9.2140e-02 +4.1996e-01
6936 0 +2.398558321e-02 -8.453601442e+01 -8.453601442e+01 +4.3727e-01 +2.0425e-02 +3.8002e-01
% f evaluations | g evaluations | best noise-free fitness - Fopt (-2.602000000000e+01) + sum g_i+ | measured fitness | best measured fitness or single-digit g-values | x1 | x2...
1 0 +2.503737427e-01 -2.576962626e+01 -2.576962626e+01 +0.0000e+00 +0.0000e+00 +0.0000e+00
19 0 +6.238949330e-02 -2.595761051e+01 -2.595761051e+01 -1.6555e-03 +3.8056e-01 +6.6330e-02
1234 0 +6.005836732e-02 -2.595994163e+01 -2.595994163e+01 +2.8973e-01 +2.0464e-01 +3.1872e-01
1243 0 +5.847174236e-02 -2.596152826e+01 -2.596152826e+01 +2.7773e-01 +1.9717e-01 +3.2408e-01
1252 0 +5.575921983e-02 -2.596424078e+01 -2.596424078e+01 +2.9096e-01 +2.0748e-01 +3.1609e-01
1256 0 +5.430938981e-02 -2.596569061e+01 -2.596569061e+01 +2.9091e-01 +2.0823e-01 +3.1529e-01
1263 0 +4.704885911e-02 -2.597295114e+01 -2.597295114e+01 +2.9804e-01 +2.2139e-01 +3.0331e-01
1272 0 +4.637799406e-02 -2.597362201e+01 -2.597362201e+01 +2.9785e-01 +2.2102e-01 +3.0355e-01
1301 0 +4.443738730e-02 -2.597556261e+01 -2.597556261e+01 +3.0835e-01 +2.2991e-01 +2.9653e-01
1394 0 +4.359878437e-02 -2.597640122e+01 -2.597640122e+01 +3.1042e-01 +2.3390e-01 +2.9280e-01
1410 0 +4.184716187e-02 -2.597815284e+01 -2.597815284e+01 +3.1051e-01 +2.3319e-01 +2.9336e-01
1419 0 +4.061522283e-02 -2.597938478e+01 -2.597938478e+01 +3.1924e-01 +2.4479e-01 +2.8310e-01
1437 0 +3.829571996e-02 -2.598170428e+01 -2.598170428e+01 +3.2585e-01 +2.5137e-01 +2.7747e-01
1438 0 +3.675424185e-02 -2.598324576e+01 -2.598324576e+01 +3.2682e-01 +2.5155e-01 +2.7735e-01
1446 0 +3.452744736e-02 -2.598547255e+01 -2.598547255e+01 +3.3672e-01 +2.6349e-01 +2.6673e-01
1451 0 +3.351413405e-02 -2.598648587e+01 -2.598648587e+01 +3.4671e-01 +2.7343e-01 +2.5836e-01
1462 0 +3.066031277e-02 -2.598933969e+01 -2.598933969e+01 +3.5801e-01 +2.8576e-01 +2.4749e-01
1468 0 +2.853004107e-02 -2.599146996e+01 -2.599146996e+01 +3.6523e-01 +2.9096e-01 +2.4336e-01
1480 0 +2.756616698e-02 -2.599243383e+01 -2.599243383e+01 +3.6197e-01 +2.8774e-01 +2.4601e-01
1484 0 +2.752869045e-02 -2.599247131e+01 -2.599247131e+01 +3.7301e-01 +3.0039e-01 +2.3490e-01
1507 0 +2.683556567e-02 -2.599316443e+01 -2.599316443e+01 +3.6934e-01 +2.9544e-01 +2.3934e-01
1516 0 +2.570695907e-02 -2.599429304e+01 -2.599429304e+01 +3.7244e-01 +2.9956e-01 +2.3552e-01
1519 0 +2.539536318e-02 -2.599460464e+01 -2.599460464e+01 +3.6985e-01 +2.9566e-01 +2.3908e-01
1524 0 +2.465716004e-02 -2.599534284e+01 -2.599534284e+01 +3.7294e-01 +2.9744e-01 +2.3775e-01
1529 0 +2.398231361e-02 -2.599601769e+01 -2.599601769e+01 +3.7696e-01 +3.0495e-01 +2.3056e-01
1531 0 +2.342624092e-02 -2.599657376e+01 -2.599657376e+01 +3.7679e-01 +3.0206e-01 +2.3353e-01
1538 0 +2.279840689e-02 -2.599720159e+01 -2.599720159e+01 +3.7907e-01 +3.0730e-01 +2.2827e-01
1547 0 +2.165675604e-02 -2.599834324e+01 -2.599834324e+01 +3.9652e-01 +3.2565e-01 +2.1238e-01
1554 0 +2.120618207e-02 -2.599879382e+01 -2.599879382e+01 +3.8971e-01 +3.1963e-01 +2.1709e-01
1559 0 +2.010480896e-02 -2.599989519e+01 -2.599989519e+01 +3.9586e-01 +3.2628e-01 +2.1130e-01
1560 0 +1.774086519e-02 -2.600225913e+01 -2.600225913e+01 +4.1728e-01 +3.5125e-01 +1.8878e-01
1598 0 +1.719174866e-02 -2.600280825e+01 -2.600280825e+01 +4.2292e-01 +3.5835e-01 +1.8217e-01
1613 0 +1.674433227e-02 -2.600325567e+01 -2.600325567e+01 +4.3431e-01 +3.7122e-01 +1.7073e-01
1628 0 +1.630932705e-02 -2.600369067e+01 -2.600369067e+01 +4.3617e-01 +3.7440e-01 +1.6752e-01
1652 0 +1.544513864e-02 -2.600455486e+01 -2.600455486e+01 +4.3545e-01 +3.7160e-01 +1.7041e-01
1668 0 +1.487306446e-02 -2.600512694e+01 -2.600512694e+01 +4.5722e-01 +3.9730e-01 +1.4703e-01
1672 0 +1.407296097e-02 -2.600592704e+01 -2.600592704e+01 +4.5560e-01 +3.9624e-01 +1.4771e-01
1676 0 +1.329961907e-02 -2.600670038e+01 -2.600670038e+01 +4.7072e-01 +4.1190e-01 +1.3376e-01
1688 0 +1.281056921e-02 -2.600718943e+01 -2.600718943e+01 +4.6640e-01 +4.0763e-01 +1.3746e-01
1694 0 +1.219018463e-02 -2.600780982e+01 -2.600780982e+01 +4.6257e-01 +4.0225e-01 +1.4231e-01
1705 0 +1.152999041e-02 -2.600847001e+01 -2.600847001e+01 +4.6744e-01 +4.0631e-01 +1.3888e-01
1712 0 +1.118662671e-02 -2.600881337e+01 -2.600881337e+01 +4.6764e-01 +4.0473e-01 +1.4042e-01
1717 0 +1.003250275e-02 -2.600996750e+01 -2.600996750e+01 +4.9205e-01 +4.3107e-01 +1.1650e-01
1730 0 +9.979173840e-03 -2.601002083e+01 -2.601002083e+01 +5.0739e-01 +4.5298e-01 +9.5852e-02
1772 0 +9.770747833e-03 -2.601022925e+01 -2.601022925e+01 +5.0199e-01 +4.4850e-01 +9.9672e-02
1788 0 +9.351866345e-03 -2.601064813e+01 -2.601064813e+01 +5.0608e-01 +4.5185e-01 +9.6688e-02
1790 0 +9.282402017e-03 -2.601071760e+01 -2.601071760e+01 +5.1014e-01 +4.5812e-01 +9.0654e-02
1857 0 +9.098104859e-03 -2.601090190e+01 -2.601090190e+01 +5.1433e-01 +4.6070e-01 +8.8578e-02
1881 0 +8.890194883e-03 -2.601110981e+01 -2.601110981e+01 +5.2144e-01 +4.6989e-01 +7.9916e-02
1930 0 +8.593467602e-03 -2.601140653e+01 -2.601140653e+01 +5.3104e-01 +4.7975e-01 +7.0772e-02
2131 0 +8.480192501e-03 -2.601151981e+01 -2.601151981e+01 +5.3858e-01 +4.8881e-01 +6.2295e-02
2158 0 +8.299903975e-03 -2.601170010e+01 -2.601170010e+01 +5.5309e-01 +5.0904e-01 +4.3023e-02
2335 0 +8.124079272e-03 -2.601187592e+01 -2.601187592e+01 +5.6315e-01 +5.2224e-01 +3.0431e-02
2454 0 +7.931796368e-03 -2.601206820e+01 -2.601206820e+01 +5.8921e-01 +5.5685e-01 -2.7054e-03
% f evaluations | g evaluations | best noise-free fitness - Fopt (-3.015000000000e+01) + sum g_i+ | measured fitness | best measured fitness or single-digit g-values | x1 | x2...
1 0 +2.503737427e-01 -2.989962626e+01 -2.989962626e+01 +0.0000e+00 +0.0000e+00 +0.0000e+00
138 0 +1.898997032e-01 -2.996010030e+01 -2.996010030e+01 -2.4015e-01 -1.2241e-02 +4.4159e-01
252 0 +1.838053248e-01 -2.996619468e+01 -2.996619468e+01 -2.3788e-01 -2.5959e-02 +4.1000e-01
267 0 +1.685704691e-01 -2.998142953e+01 -2.998142953e+01 -2.4404e-01 -2.4235e-02 +4.1116e-01
281 0 +1.434509382e-01 -3.000654906e+01 -3.000654906e+01 -2.4324e-01 -2.7725e-02 +4.1191e-01
309 0 +1.248061809e-01 -3.002519382e+01 -3.002519382e+01 -2.3714e-01 -2.6169e-02 +4.1047e-01
325 0 +1.020911712e-01 -3.004790883e+01 -3.004790883e+01 -2.3395e-01 -2.5290e-02 +4.1036e-01
332 0 +8.800173982e-02 -3.006199826e+01 -3.006199826e+01 -2.2516e-01 -2.5281e-02 +4.0935e-01
344 0 +8.329948291e-02 -3.006670052e+01 -3.006670052e+01 -2.2968e-01 -2.6393e-02 +4.0993e-01
370 0 +7.142298467e-02 -3.007857702e+01 -3.007857702e+01 -2.2648e-01 -2.9627e-02 +4.1064e-01
569 0 +6.861042913e-02 -3.008138957e+01 -3.008138957e+01 -2.2930e-01 -3.4592e-02 +4.1256e-01
579 0 +6.607917122e-02 -3.008392083e+01 -3.008392083e+01 -2.2660e-01 -3.9778e-02 +4.1421e-01
582 0 +6.596605328e-02 -3.008403395e+01 -3.008403395e+01 -2.2819e-01 -3.6914e-02 +4.1322e-01
585 0 +6.446508666e-02 -3.008553491e+01 -3.008553491e+01 -2.2563e-01 -4.3080e-02 +4.1494e-01
2480 0 +6.308617656e-02 -3.008691382e+01 -3.008691382e+01 -2.6341e-01 -7.5201e-02 +4.3211e-01
% f evaluations | g evaluations | best noise-free fitness - Fopt (-1.000000000000e+03) + sum g_i+ | measured fitness | best measured fitness or single-digit g-values | x1 | x2...
1 0 +2.503737427e-01 -9.997496263e+02 -9.997496263e+02 +0.0000e+00 +0.0000e+00 +0.0000e+00
40 0 +2.240155258e-01 -9.997759845e+02 -9.997759845e+02 -7.4659e-01 +4.4517e-01 +1.2457e-01
% f evaluations | g evaluations | best noise-free fitness - Fopt (-9.243000000000e+02) + sum g_i+ | measured fitness | best measured fitness or single-digit g-values | x1 | x2...
1 0 +2.503737427e-01 -9.240496263e+02 -9.240496263e+02 +0.0000e+00 +0.0000e+00 +0.0000e+00
436 0 +9.565941788e-02 -9.242043406e+02 -9.242043406e+02 +4.1520e-01 -1.8456e-01 +1.3809e+00
% f evaluations | g evaluations | best noise-free fitness - Fopt (-1.035000000000e+01) + sum g_i+ | measured fitness | best measured fitness or single-digit g-values | x1 | x2...
1 0 +2.503737427e-01 -1.009962626e+01 -1.009962626e+01 +0.0000e+00 +0.0000e+00 +0.0000e+00
52 0 +1.062735139e-01 -1.024372649e+01 -1.024372649e+01 -4.3675e-02 +5.8197e-01 +2.6070e-01
81 0 +1.512057285e-02 -1.033487943e+01 -1.033487943e+01 -6.4550e-01 +9.7830e-01 +3.8373e-02
148 0 +1.244510128e-04 -1.034987555e+01 -1.034987555e+01 -3.6556e-01 +7.3186e-01 +1.3516e-01
225 0 +1.016201972e-04 -1.034989838e+01 -1.034989838e+01 -2.9454e-01 +6.6320e-01 +1.6033e-01
227 0 +9.742585796e-05 -1.034990257e+01 -1.034990257e+01 -2.9989e-01 +6.6727e-01 +1.6277e-01
229 0 +6.643768313e-05 -1.034993356e+01 -1.034993356e+01 -3.0317e-01 +6.6684e-01 +1.5715e-01
232 0 +5.276826330e-05 -1.034994723e+01 -1.034994723e+01 -2.9927e-01 +6.6488e-01 +1.6134e-01
239 0 +2.620908397e-05 -1.034997379e+01 -1.034997379e+01 -3.1308e-01 +6.8049e-01 +1.5622e-01
292 0 +2.409320220e-05 -1.034997591e+01 -1.034997591e+01 -3.2032e-01 +6.8862e-01 +1.5432e-01
293 0 +2.318069774e-05 -1.034997682e+01 -1.034997682e+01 -3.1615e-01 +6.8372e-01 +1.5502e-01
303 0 +2.108596224e-05 -1.034997891e+01 -1.034997891e+01 -3.1636e-01 +6.8277e-01 +1.5513e-01
314 0 +1.845408226e-05 -1.034998155e+01 -1.034998155e+01 -3.1870e-01 +6.8570e-01 +1.5417e-01
317 0 +1.272629150e-05 -1.034998727e+01 -1.034998727e+01 -3.2735e-01 +6.9454e-01 +1.5060e-01
380 0 +1.185432691e-05 -1.034998815e+01 -1.034998815e+01 -3.2709e-01 +6.9403e-01 +1.5109e-01
388 0 +1.120502840e-05 -1.034998879e+01 -1.034998879e+01 -3.2908e-01 +6.9643e-01 +1.5048e-01
392 0 +1.017484053e-05 -1.034998983e+01 -1.034998983e+01 -3.2988e-01 +6.9683e-01 +1.5018e-01
395 0 +9.225509224e-06 -1.034999077e+01 -1.034999077e+01 -3.3232e-01 +6.9966e-01 +1.4952e-01
398 0 +8.063549839e-06 -1.034999194e+01 -1.034999194e+01 -3.3435e-01 +7.0155e-01 +1.4876e-01
417 0 +7.406848251e-06 -1.034999259e+01 -1.034999259e+01 -3.3628e-01 +7.0371e-01 +1.4832e-01
422 0 +7.164043934e-06 -1.034999284e+01 -1.034999284e+01 -3.3590e-01 +7.0300e-01 +1.4863e-01
423 0 +4.652414976e-06 -1.034999535e+01 -1.034999535e+01 -3.4336e-01 +7.1064e-01 +1.4595e-01
432 0 +4.469853955e-06 -1.034999553e+01 -1.034999553e+01 -3.5288e-01 +7.2096e-01 +1.4250e-01
437 0 +3.488183346e-06 -1.034999651e+01 -1.034999651e+01 -3.4962e-01 +7.1720e-01 +1.4382e-01
443 0 +2.521410583e-06 -1.034999748e+01 -1.034999748e+01 -3.5471e-01 +7.2220e-01 +1.4209e-01
452 0 +2.073978791e-06 -1.034999793e+01 -1.034999793e+01 -3.5722e-01 +7.2457e-01 +1.4123e-01
488 0 +1.743098064e-06 -1.034999826e+01 -1.034999826e+01 -3.6249e-01 +7.2936e-01 +1.3928e-01
492 0 +1.552004541e-06 -1.034999845e+01 -1.034999845e+01 -3.6222e-01 +7.2938e-01 +1.3952e-01
505 0 +1.455651503e-06 -1.034999854e+01 -1.034999854e+01 -3.6152e-01 +7.2869e-01 +1.3985e-01
507 0 +1.147934780e-06 -1.034999885e+01 -1.034999885e+01 -3.7213e-01 +7.3900e-01 +1.3616e-01
509 0 +1.045044167e-06 -1.034999895e+01 -1.034999895e+01 -3.6690e-01 +7.3440e-01 +1.3830e-01
512 0 +9.819287339e-07 -1.034999902e+01 -1.034999902e+01 -3.7292e-01 +7.4019e-01 +1.3605e-01
513 0 +9.694221053e-07 -1.034999903e+01 -1.034999903e+01 -3.7551e-01 +7.4245e-01 +1.3511e-01
521 0 +8.721238807e-07 -1.034999913e+01 -1.034999913e+01 -3.7025e-01 +7.3772e-01 +1.3717e-01
524 0 +7.554153481e-07 -1.034999924e+01 -1.034999924e+01 -3.7109e-01 +7.3835e-01 +1.3684e-01
526 0 +7.120466510e-07 -1.034999929e+01 -1.034999929e+01 -3.7265e-01 +7.3975e-01 +1.3626e-01
527 0 +6.601598486e-07 -1.034999934e+01 -1.034999934e+01 -3.6894e-01 +7.3624e-01 +1.3784e-01
534 0 +6.226841300e-07 -1.034999938e+01 -1.034999938e+01 -3.8667e-01 +7.5368e-01 +1.3160e-01
535 0 +5.001904952e-07 -1.034999950e+01 -1.034999950e+01 -3.8069e-01 +7.4756e-01 +1.3362e-01
543 0 +2.366523759e-07 -1.034999976e+01 -1.034999976e+01 -3.8287e-01 +7.4969e-01 +1.3312e-01
559 0 +2.276706965e-07 -1.034999977e+01 -1.034999977e+01 -3.8322e-01 +7.5024e-01 +1.3307e-01
561 0 +2.071336684e-07 -1.034999979e+01 -1.034999979e+01 -3.8508e-01 +7.5191e-01 +1.3242e-01
565 0 +1.434889469e-07 -1.034999986e+01 -1.034999986e+01 -3.8284e-01 +7.5002e-01 +1.3351e-01
575 0 +1.339021090e-07 -1.034999987e+01 -1.034999987e+01 -3.8846e-01 +7.5526e-01 +1.3140e-01
579 0 +9.410004864e-08 -1.034999991e+01 -1.034999991e+01 -3.8981e-01 +7.5626e-01 +1.3100e-01
582 0 +6.791132989e-08 -1.034999993e+01 -1.034999993e+01 -3.9095e-01 +7.5779e-01 +1.3073e-01
583 0 +5.473903641e-08 -1.034999995e+01 -1.034999995e+01 -3.9262e-01 +7.5964e-01 +1.3044e-01
589 0 +1.308490916e-08 -1.034999999e+01 -1.034999999e+01 -3.9150e-01 +7.5828e-01 +1.3075e-01
617 0 +1.195645538e-08 -1.034999999e+01 -1.034999999e+01 -3.9632e-01 +7.6293e-01 +1.2939e-01
624 0 +9.590014116e-09 -1.034999999e+01 -1.034999999e+01 -3.9591e-01 +7.6243e-01 +1.2951e-01
1292 0 +0.000000000e+00 -1.035000000e+01 -1.035000000e+01 -3.9371e-01 +7.6030e-01 +1.3011e-01
% f evaluations | g evaluations | best noise-free fitness - Fopt (-1.000000000000e+03) + sum g_i+ | measured fitness | best measured fitness or single-digit g-values | x1 | x2...
1 0 +2.503737427e-01 -9.997496263e+02 -9.997496263e+02 +0.0000e+00 +0.0000e+00 +0.0000e+00
3 0 +7.609275277e-02 -9.999239072e+02 -9.999239072e+02 +3.4094e-01 +2.4727e-01 +1.7369e-01
1291 0 +7.292042810e-02 -9.999270796e+02 -9.999270796e+02 +3.6703e-01 +6.7677e-02 +2.6553e-01
1313 0 +7.224512724e-02 -9.999277549e+02 -9.999277549e+02 +3.8994e-01 +4.7109e-02 +2.5381e-01
1322 0 +6.994991844e-02 -9.999300501e+02 -9.999300501e+02 +3.7457e-01 +6.2691e-02 +2.6217e-01
1384 0 +6.819307549e-02 -9.999318069e+02 -9.999318069e+02 +3.7466e-01 +6.5261e-02 +2.6284e-01
1391 0 +6.474133376e-02 -9.999352587e+02 -9.999352587e+02 +3.9029e-01 +5.0326e-02 +2.5445e-01
1399 0 +6.393536780e-02 -9.999360646e+02 -9.999360646e+02 +3.9643e-01 +4.6718e-02 +2.5178e-01
1400 0 +6.221340866e-02 -9.999377866e+02 -9.999377866e+02 +3.9828e-01 +4.1549e-02 +2.4977e-01
1406 0 +5.769502317e-02 -9.999423050e+02 -9.999423050e+02 +3.9450e-01 +4.8598e-02 +2.5260e-01
1414 0 +5.468490754e-02 -9.999453151e+02 -9.999453151e+02 +3.9727e-01 +4.6639e-02 +2.5117e-01
1425 0 +4.849542667e-02 -9.999515046e+02 -9.999515046e+02 +4.0811e-01 +3.7934e-02 +2.4547e-01
1452 0 +4.732182854e-02 -9.999526782e+02 -9.999526782e+02 +4.1784e-01 +2.6046e-02 +2.3962e-01
1453 0 +4.591392179e-02 -9.999540861e+02 -9.999540861e+02 +4.1829e-01 +2.9485e-02 +2.4027e-01
1461 0 +4.443902470e-02 -9.999555610e+02 -9.999555610e+02 +4.2488e-01 +2.4240e-02 +2.3691e-01
1470 0 +4.234308396e-02 -9.999576569e+02 -9.999576569e+02 +4.2922e-01 +1.5225e-02 +2.3327e-01
1477 0 +4.088178169e-02 -9.999591182e+02 -9.999591182e+02 +4.4629e-01 -2.0403e-03 +2.2367e-01
1492 0 +4.056217967e-02 -9.999594378e+02 -9.999594378e+02 +4.4481e-01 +4.3096e-03 +2.2575e-01
1500 0 +3.798265501e-02 -9.999620173e+02 -9.999620173e+02 +4.4618e-01 +3.5260e-03 +2.2494e-01
1508 0 +3.673894177e-02 -9.999632611e+02 -9.999632611e+02 +4.4289e-01 +4.8479e-03 +2.2613e-01
1521 0 +3.624772456e-02 -9.999637523e+02 -9.999637523e+02 +4.5683e-01 -5.2827e-03 +2.1907e-01
1544 0 +3.494111933e-02 -9.999650589e+02 -9.999650589e+02 +4.5432e-01 -6.5693e-03 +2.1979e-01
1551 0 +3.417246443e-02 -9.999658275e+02 -9.999658275e+02 +4.6488e-01 -1.3558e-02 +2.1438e-01
1561 0 +3.273205755e-02 -9.999672679e+02 -9.999672679e+02 +4.7836e-01 -2.6131e-02 +2.0709e-01
1569 0 +3.183380642e-02 -9.999681662e+02 -9.999681662e+02 +4.7438e-01 -2.3207e-02 +2.0897e-01
1577 0 +3.086633748e-02 -9.999691337e+02 -9.999691337e+02 +4.7938e-01 -2.9793e-02 +2.0588e-01
1588 0 +2.969343253e-02 -9.999703066e+02 -9.999703066e+02 +4.8570e-01 -3.6189e-02 +2.0219e-01
1595 0 +2.776296189e-02 -9.999722370e+02 -9.999722370e+02 +4.9064e-01 -4.0990e-02 +1.9917e-01
1607 0 +2.507552815e-02 -9.999749245e+02 -9.999749245e+02 +5.2767e-01 -7.8619e-02 +1.7748e-01
1621 0 +2.095482683e-02 -9.999790452e+02 -9.999790452e+02 +5.3129e-01 -8.6490e-02 +1.7419e-01
1641 0 +1.887528777e-02 -9.999811247e+02 -9.999811247e+02 +5.2783e-01 -8.5800e-02 +1.7533e-01
1670 0 +1.823456693e-02 -9.999817654e+02 -9.999817654e+02 +5.2792e-01 -8.7517e-02 +1.7481e-01
1678 0 +1.535250569e-02 -9.999846475e+02 -9.999846475e+02 +5.4684e-01 -1.1200e-01 +1.6213e-01
1688 0 +1.509056572e-02 -9.999849094e+02 -9.999849094e+02 +5.5483e-01 -1.1893e-01 +1.5776e-01
1701 0 +1.443500801e-02 -9.999855650e+02 -9.999855650e+02 +5.6787e-01 -1.3281e-01 +1.4981e-01
1703 0 +1.326365712e-02 -9.999867363e+02 -9.999867363e+02 +5.9219e-01 -1.6335e-01 +1.3368e-01
1723 0 +1.306734972e-02 -9.999869327e+02 -9.999869327e+02 +5.7986e-01 -1.4824e-01 +1.4152e-01
1731 0 +1.266656320e-02 -9.999873334e+02 -9.999873334e+02 +5.9689e-01 -1.6836e-01 +1.3039e-01
1734 0 +1.207623899e-02 -9.999879238e+02 -9.999879238e+02 +6.2270e-01 -1.9768e-01 +1.1416e-01
1737 0 +1.186939686e-02 -9.999881306e+02 -9.999881306e+02 +6.0218e-01 -1.7535e-01 +1.2679e-01
1742 0 +1.148086477e-02 -9.999885191e+02 -9.999885191e+02 +6.0176e-01 -1.7571e-01 +1.2703e-01
1748 0 +1.118095480e-02 -9.999888190e+02 -9.999888190e+02 +6.1634e-01 -1.9339e-01 +1.1744e-01
1750 0 +1.030475594e-02 -9.999896952e+02 -9.999896952e+02 +6.3517e-01 -2.1661e-01 +1.0478e-01
1760 0 +9.570150228e-03 -9.999904298e+02 -9.999904298e+02 +6.3866e-01 -2.2315e-01 +1.0174e-01
1793 0 +9.410329534e-03 -9.999905897e+02 -9.999905897e+02 +6.4171e-01 -2.2758e-01 +9.9513e-02
1862 0 +9.291668293e-03 -9.999907083e+02 -9.999907083e+02 +6.3959e-01 -2.2758e-01 +1.0026e-01
1893 0 +9.082072327e-03 -9.999909179e+02 -9.999909179e+02 +6.4753e-01 -2.3738e-01 +9.4911e-02
1902 0 +8.777873318e-03 -9.999912221e+02 -9.999912221e+02 +6.5812e-01 -2.5165e-01 +8.7422e-02
1918 0 +8.561229996e-03 -9.999914388e+02 -9.999914388e+02 +6.7050e-01 -2.6864e-01 +7.8598e-02
1927 0 +8.480234409e-03 -9.999915198e+02 -9.999915198e+02 +6.7102e-01 -2.6964e-01 +7.8106e-02
1938 0 +8.314059655e-03 -9.999916859e+02 -9.999916859e+02 +6.8353e-01 -2.8620e-01 +6.9307e-02
1976 0 +8.001445328e-03 -9.999919986e+02 -9.999919986e+02 +7.2761e-01 -3.4873e-01 +3.6995e-02
2045 0 +7.939108817e-03 -9.999920609e+02 -9.999920609e+02 +7.3829e-01 -3.6397e-01 +2.9073e-02
% f evaluations | g evaluations | best noise-free fitness - Fopt (2.880000000000e+01) + sum g_i+ | measured fitness | best measured fitness or single-digit g-values | x1 | x2...
1 0 +2.503737427e-01 +2.905037374e+01 +2.905037374e+01 +0.0000e+00 +0.0000e+00 +0.0000e+00
66 0 +1.217811094e-01 +2.892178111e+01 +2.892178111e+01 +1.5663e-01 +5.1219e-01 +9.4592e-02
255 0 +8.726735576e-02 +2.888726736e+01 +2.888726736e+01 +6.6699e-02 +5.5391e-01 +1.5464e-01
267 0 +7.335842048e-02 +2.887335842e+01 +2.887335842e+01 +6.8340e-02 +5.5435e-01 +1.5685e-01
277 0 +6.721058598e-02 +2.886721059e+01 +2.886721059e+01 +6.7217e-02 +5.5501e-01 +1.5582e-01
288 0 +5.665728990e-02 +2.885665729e+01 +2.885665729e+01 +6.9852e-02 +5.4391e-01 +1.5278e-01
347 0 +5.529128177e-02 +2.885529128e+01 +2.885529128e+01 +6.9090e-02 +5.4767e-01 +1.5395e-01
% f evaluations | g evaluations | best noise-free fitness - Fopt (3.534000000000e+01) + sum g_i+ | measured fitness | best measured fitness or single-digit g-values | x1 | x2...
1 0 +2.503737427e-01 +3.559037374e+01 +3.559037374e+01 +0.0000e+00 +0.0000e+00 +0.0000e+00
47 0 +9.114638887e-02 +3.543114639e+01 +3.543114639e+01 +6.5098e-02 +6.9519e-02 +2.1772e-01
1308 0 +8.885145913e-02 +3.542885146e+01 +3.542885146e+01 -1.6447e-02 +2.0970e-01 +1.7845e-01
1337 0 +8.690885494e-02 +3.542690885e+01 +3.542690885e+01 -1.0663e-02 +2.1139e-01 +1.8136e-01
1367 0 +8.105303147e-02 +3.542105303e+01 +3.542105303e+01 +5.6182e-03 +2.1582e-01 +1.9022e-01
1377 0 +7.933130300e-02 +3.541933130e+01 +3.541933130e+01 +9.5598e-03 +2.1710e-01 +1.9179e-01
1393 0 +7.729538620e-02 +3.541729539e+01 +3.541729539e+01 +1.6688e-02 +2.1917e-01 +1.9551e-01
1486 0 +7.583021260e-02 +3.541583021e+01 +3.541583021e+01 +2.2779e-02 +2.2104e-01 +1.9839e-01
1511 0 +7.388527955e-02 +3.541388528e+01 +3.541388528e+01 +2.7998e-02 +2.2286e-01 +2.0028e-01
1550 0 +7.222137104e-02 +3.541222137e+01 +3.541222137e+01 +3.2236e-02 +2.2464e-01 +2.0080e-01
1694 0 +7.078039184e-02 +3.541078039e+01 +3.541078039e+01 +4.4041e-02 +2.2892e-01 +2.0464e-01
1968 0 +6.918199929e-02 +3.540918200e+01 +3.540918200e+01 +5.1830e-02 +2.3139e-01 +2.0923e-01
2163 0 +6.756903814e-02 +3.540756904e+01 +3.540756904e+01 +5.9128e-02 +2.3357e-01 +2.1438e-01
2390 0 +6.591755206e-02 +3.540591755e+01 +3.540591755e+01 +6.3997e-02 +2.3485e-01 +2.1915e-01
2422 0 +6.435445097e-02 +3.540435445e+01 +3.540435445e+01 +7.4173e-02 +2.3884e-01 +2.2265e-01
2523 0 +6.292333658e-02 +3.540292334e+01 +3.540292334e+01 +8.2677e-02 +2.4156e-01 +2.2871e-01
2557 0 +6.158097032e-02 +3.540158097e+01 +3.540158097e+01 +9.2805e-02 +2.4527e-01 +2.3420e-01
2599 0 +5.999309118e-02 +3.539999309e+01 +3.539999309e+01 +9.8557e-02 +2.4747e-01 +2.3768e-01
2648 0 +5.865577050e-02 +3.539865577e+01 +3.539865577e+01 +1.0913e-01 +2.5136e-01 +2.4426e-01
2677 0 +5.740581864e-02 +3.539740582e+01 +3.539740582e+01 +1.1765e-01 +2.5492e-01 +2.4802e-01
2690 0 +5.621298987e-02 +3.539621299e+01 +3.539621299e+01 +1.3123e-01 +2.6004e-01 +2.5685e-01
2709 0 +5.481182697e-02 +3.539481183e+01 +3.539481183e+01 +1.4057e-01 +2.6421e-01 +2.6010e-01
2879 0 +5.333077311e-02 +3.539333077e+01 +3.539333077e+01 +1.5501e-01 +2.7041e-01 +2.6743e-01
2969 0 +5.241979208e-02 +3.539241979e+01 +3.539241979e+01 +1.6208e-01 +2.7363e-01 +2.7066e-01
3017 0 +5.122434192e-02 +3.539122434e+01 +3.539122434e+01 +1.7395e-01 +2.7937e-01 +2.7498e-01
3353 0 +5.007295261e-02 +3.539007295e+01 +3.539007295e+01 +2.0160e-01 +2.9294e-01 +2.8596e-01
3479 0 +4.892906198e-02 +3.538892906e+01 +3.538892906e+01 +2.1852e-01 +3.0121e-01 +2.9403e-01
3515 0 +4.762722084e-02 +3.538762722e+01 +3.538762722e+01 +2.3147e-01 +3.0753e-01 +3.0107e-01
3546 0 +4.671423918e-02 +3.538671424e+01 +3.538671424e+01 +2.4055e-01 +3.1193e-01 +3.0681e-01
3581 0 +4.565131248e-02 +3.538565131e+01 +3.538565131e+01 +2.5288e-01 +3.1791e-01 +3.1429e-01
4196 0 +4.464425078e-02 +3.538464425e+01 +3.538464425e+01 +2.7411e-01 +3.2924e-01 +3.2438e-01
4384 0 +4.345058223e-02 +3.538345058e+01 +3.538345058e+01 +3.0821e-01 +3.4865e-01 +3.3867e-01
4955 0 +4.262565097e-02 +3.538262565e+01 +3.538262565e+01 +3.6035e-01 +3.7988e-01 +3.6076e-01
5212 0 +4.168653079e-02 +3.538168653e+01 +3.538168653e+01 +3.7542e-01 +3.8893e-01 +3.6886e-01
6142 0 +4.070308506e-02 +3.538070309e+01 +3.538070309e+01 +4.1869e-01 +4.1579e-01 +3.9175e-01
8405 0 +3.981057689e-02 +3.537981058e+01 +3.537981058e+01 +5.0077e-01 +4.7226e-01 +4.2630e-01
