% f evaluations | g evaluations | best noise-free fitness - Fopt (-1.025500000000e+02) + sum g_i+ | measured fitness | best measured fitness or single-digit g-values | x1 | x2...
1 0 +2.503737427e-01 -1.022996263e+02 -1.022996263e+02 +0.0000e+00 +0.0000e+00 +0.0000e+00 +0.0000e+00 +0.0000e+00 +0.0000e+00 +0.0000e+00 +0.0000e+00 +0.0000e+00 +0.0000e+00
2561 0 +2.495402401e-01 -1.023004598e+02 -1.023004598e+02 +9.8660e-01 -1.0429e-01 -8.7154e-01 +1.4395e-01 -4.4614e-01 +3.5349e-01 +4.7200e-01 +3.6060e-01 -3.6137e-01 +1.6794e+00
2571 0 +2.409870950e-01 -1.023090129e+02 -1.023090129e+02 +9.8596e-01 -1.0474e-01 -8.7200e-01 +1.4403e-01 -4.4614e-01 +3.5326e-01 +4.7233e-01 +3.5998e-01 -3.6165e-01 +1.6796e+00
2587 0 +2.302956785e-01 -1.023197043e+02 -1.023197043e+02 +9.8622e-01 -1.0741e-01 -8.7245e-01 +1.4354e-01 -4.4666e-01 +3.5302e-01 +4.7254e-01 +3.5936e-01 -3.6212e-01 +1.6782e+00
2610 0 +2.251479799e-01 -1.023248520e+02 -1.023248520e+02 +9.8602e-01 -1.0724e-01 -8.7162e-01 +1.4424e-01 -4.4744e-01 +3.5360e-01 +4.7176e-01 +3.5993e-01 -3.6223e-01 +1.6785e+00
2631 0 +2.228937398e-01 -1.023271063e+02 -1.023271063e+02 +9.8600e-01 -1.0707e-01 -8.7163e-01 +1.4363e-01 -4.4711e-01 +3.5355e-01 +4.7170e-01 +3.5963e-01 -3.6201e-01 +1.6783e+00
2648 0 +2.159768498e-01 -1.023340232e+02 -1.023340232e+02 +9.8503e-01 -1.0895e-01 -8.7153e-01 +1.4301e-01 -4.4781e-01 +3.5398e-01 +4.7118e-01 +3.5874e-01 -3.6306e-01 +1.6781e+00
2671 0 +2.083588922e-01 -1.023416411e+02 -1.023416411e+02 +9.8404e-01 -1.0931e-01 -8.6962e-01 +1.4323e-01 -4.4866e-01 +3.5521e-01 +4.6985e-01 +3.5884e-01 -3.6370e-01 +1.6782e+00
2681 0 +2.039748169e-01 -1.023460252e+02 -1.023460252e+02 +9.8401e-01 -1.0955e-01 -8.6963e-01 +1.4329e-01 -4.4868e-01 +3.5534e-01 +4.6982e-01 +3.5852e-01 -3.6356e-01 +1.6781e+00
2696 0 +1.965965071e-01 -1.023534035e+02 -1.023534035e+02 +9.8377e-01 -1.1270e-01 -8.7025e-01 +1.4321e-01 -4.4899e-01 +3.5509e-01 +4.7007e-01 +3.5797e-01 -3.6446e-01 +1.6770e+00
2702 0 +1.940742204e-01 -1.023559258e+02 -1.023559258e+02 +9.8266e-01 -1.1559e-01 -8.7128e-01 +1.4244e-01 -4.4917e-01 +3.5504e-01 +4.7003e-01 +3.5634e-01 -3.6600e-01 +1.6766e+00
2721 0 +1.878755895e-01 -1.023621244e+02 -1.023621244e+02 +9.8364e-01 -1.1400e-01 -8.7091e-01 +1.4298e-01 -4.4894e-01 +3.5479e-01 +4.7017e-01 +3.5729e-01 -3.6507e-01 +1.6768e+00
2741 0 +1.833105730e-01 -1.023666894e+02 -1.023666894e+02 +9.8367e-01 -1.1407e-01 -8.7100e-01 +1.4293e-01 -4.4894e-01 +3.5476e-01 +4.7018e-01 +3.5693e-01 -3.6496e-01 +1.6769e+00
2750 0 +1.775996056e-01 -1.023724004e+02 -1.023724004e+02 +9.8362e-01 -1.1660e-01 -8.7263e-01 +1.4331e-01 -4.4890e-01 +3.5399e-01 +4.7133e-01 +3.5579e-01 -3.6552e-01 +1.6760e+00
2757 0 +1.735646264e-01 -1.023764354e+02 -1.023764354e+02 +9.8368e-01 -1.1710e-01 -8.7269e-01 +1.4314e-01 -4.4907e-01 +3.5398e-01 +4.7123e-01 +3.5523e-01 -3.6535e-01 +1.6758e+00
2770 0 +1.661511633e-01 -1.023838488e+02 -1.023838488e+02 +9.8316e-01 -1.1880e-01 -8.7208e-01 +1.4302e-01 -4.5007e-01 +3.5426e-01 +4.7066e-01 +3.5512e-01 -3.6627e-01 +1.6753e+00
2776 0 +1.632207055e-01 -1.023867793e+02 -1.023867793e+02 +9.8141e-01 -1.1979e-01 -8.7088e-01 +1.4216e-01 -4.5116e-01 +3.5499e-01 +4.6943e-01 +3.5431e-01 -3.6736e-01 +1.6754e+00
2786 0 +1.617997838e-01 -1.023882002e+02 -1.023882002e+02 +9.8131e-01 -1.2144e-01 -8.7155e-01 +1.4203e-01 -4.5085e-01 +3.5502e-01 +4.6901e-01 +3.5383e-01 -3.6787e-01 +1.6747e+00
2849 0 +1.560333311e-01 -1.023939667e+02 -1.023939667e+02 +9.8094e-01 -1.2145e-01 -8.7176e-01 +1.4213e-01 -4.5103e-01 +3.5502e-01 +4.6950e-01 +3.5356e-01 -3.6780e-01 +1.6748e+00
2923 0 +1.539776703e-01 -1.023960223e+02 -1.023960223e+02 +9.8166e-01 -1.2176e-01 -8.7273e-01 +1.4293e-01 -4.5097e-01 +3.5431e-01 +4.7080e-01 +3.5300e-01 -3.6700e-01 +1.6745e+00
2925 0 +1.503642507e-01 -1.023996357e+02 -1.023996357e+02 +9.8016e-01 -1.2477e-01 -8.7285e-01 +1.4209e-01 -4.5177e-01 +3.5447e-01 +4.7025e-01 +3.5223e-01 -3.6882e-01 +1.6743e+00
3006 0 +1.474337054e-01 -1.024025663e+02 -1.024025663e+02 +9.8057e-01 -1.2571e-01 -8.7277e-01 +1.4240e-01 -4.5201e-01 +3.5450e-01 +4.7031e-01 +3.5195e-01 -3.6868e-01 +1.6735e+00
3063 0 +1.441495785e-01 -1.024058504e+02 -1.024058504e+02 +9.7952e-01 -1.2678e-01 -8.7172e-01 +1.4195e-01 -4.5299e-01 +3.5538e-01 +4.6941e-01 +3.5175e-01 -3.6928e-01 +1.6734e+00
3141 0 +1.411393090e-01 -1.024088607e+02 -1.024088607e+02 +9.7810e-01 -1.3079e-01 -8.7207e-01 +1.4151e-01 -4.5403e-01 +3.5554e-01 +4.6945e-01 +3.5007e-01 -3.7068e-01 +1.6725e+00
5799 0 +1.380332606e-01 -1.024119667e+02 -1.024119667e+02 +9.8344e-01 -1.4395e-01 -8.7636e-01 +1.4403e-01 -4.5926e-01 +3.5470e-01 +4.6523e-01 +3.5095e-01 -3.6782e-01 +1.6585e+00
15883 0 +1.348934007e-01 -1.024151066e+02 -1.024151066e+02 +1.0972e+00 -2.5757e-01 -9.6926e-01 +1.6980e-01 -4.9780e-01 +3.1061e-01 +4.2957e-01 +3.7401e-01 -2.8167e-01 +1.4578e+00
% f evaluations | g evaluations | best noise-free fitness - Fopt (7.169000000000e+01) + sum g_i+ | measured fitness | best measured fitness or single-digit g-values | x1 | x2...
1 0 +2.503737427e-01 +7.194037374e+01 +7.194037374e+01 +0.0000e+00 +0.0000e+00 +0.0000e+00 +0.0000e+00 +0.0000e+00 +0.0000e+00 +0.0000e+00 +0.0000e+00 +0.0000e+00 +0.0000e+00
% f evaluations | g evaluations | best noise-free fitness - Fopt (2.140100000000e+02) + sum g_i+ | measured fitness | best measured fitness or single-digit g-values | x1 | x2...
1 0 +2.503737427e-01 +2.142603737e+02 +2.142603737e+02 +0.0000e+00 +0.0000e+00 +0.0000e+00 +0.0000e+00 +0.0000e+00 +0.0000e+00 +0.0000e+00 +0.0000e+00 +0.0000e+00 +0.0000e+00
% f evaluations | g evaluations | best noise-free fitness - Fopt (-5.848000000000e+01) + sum g_i+ | measured fitness | best measured fitness or single-digit g-values | x1 | x2...
1 0 +2.503737427e-01 -5.822962626e+01 -5.822962626e+01 +0.0000e+00 +0.0000e+00 +0.0000e+00 +0.0000e+00 +0.0000e+00 +0.0000e+00 +0.0000e+00 +0.0000e+00 +0.0000e+00 +0.0000e+00
1751 0 +2.479596366e-01 -5.823204036e+01 -5.823204036e+01 +1.6576e-01 -4.6023e-01 -4.3456e-01 -2.3667e-01 +1.6004e-01 +1.7583e-01 +3.4837e-01 +2.6210e-01 +1.6274e-01 +5.7930e-01
1761 0 +2.379122407e-01 -5.824208776e+01 -5.824208776e+01 +1.6577e-01 -4.6036e-01 -4.3354e-01 -2.3659e-01 +1.6001e-01 +1.7598e-01 +3.4825e-01 +2.6221e-01 +1.6310e-01 +5.7974e-01
1805 0 +2.234784534e-01 -5.825652155e+01 -5.825652155e+01 +1.6528e-01 -4.6022e-01 -4.3501e-01 -2.3590e-01 +1.6081e-01 +1.7562e-01 +3.4847e-01 +2.6229e-01 +1.6316e-01 +5.7913e-01
1824 0 +2.087114492e-01 -5.827128855e+01 -5.827128855e+01 +1.6491e-01 -4.6103e-01 -4.3304e-01 -2.3638e-01 +1.6148e-01 +1.7549e-01 +3.4747e-01 +2.6206e-01 +1.6227e-01 +5.7974e-01
1851 0 +2.014336669e-01 -5.827856633e+01 -5.827856633e+01 +1.6538e-01 -4.6040e-01 -4.3427e-01 -2.3574e-01 +1.6096e-01 +1.7551e-01 +3.4825e-01 +2.6217e-01 +1.6323e-01 +5.7921e-01
1853 0 +1.942985152e-01 -5.828570148e+01 -5.828570148e+01 +1.6501e-01 -4.6044e-01 -4.3378e-01 -2.3583e-01 +1.6180e-01 +1.7519e-01 +3.4808e-01 +2.6198e-01 +1.6328e-01 +5.7885e-01
1861 0 +1.898282431e-01 -5.829017176e+01 -5.829017176e+01 +1.6519e-01 -4.6051e-01 -4.3417e-01 -2.3566e-01 +1.6150e-01 +1.7526e-01 +3.4807e-01 +2.6224e-01 +1.6309e-01 +5.7895e-01
1872 0 +1.846241339e-01 -5.829537587e+01 -5.829537587e+01 +1.6536e-01 -4.5993e-01 -4.3359e-01 -2.3513e-01 +1.6144e-01 +1.7508e-01 +3.4828e-01 +2.6256e-01 +1.6396e-01 +5.7953e-01
1881 0 +1.791895158e-01 -5.830081048e+01 -5.830081048e+01 +1.6525e-01 -4.6022e-01 -4.3401e-01 -2.3517e-01 +1.6180e-01 +1.7537e-01 +3.4853e-01 +2.6261e-01 +1.6398e-01 +5.7907e-01
1884 0 +1.771953844e-01 -5.830280462e+01 -5.830280462e+01 +1.6537e-01 -4.6041e-01 -4.3327e-01 -2.3554e-01 +1.6180e-01 +1.7539e-01 +3.4810e-01 +2.6231e-01 +1.6409e-01 +5.7913e-01
1892 0 +1.651719651e-01 -5.831482803e+01 -5.831482803e+01 +1.6497e-01 -4.6070e-01 -4.3228e-01 -2.3555e-01 +1.6217e-01 +1.7511e-01 +3.4790e-01 +2.6243e-01 +1.6472e-01 +5.7921e-01
1933 0 +1.616238594e-01 -5.831837614e+01 -5.831837614e+01 +1.6520e-01 -4.6049e-01 -4.3346e-01 -2.3478e-01 +1.6289e-01 +1.7416e-01 +3.4846e-01 +2.6226e-01 +1.6535e-01 +5.7834e-01
1958 0 +1.551591236e-01 -5.832484088e+01 -5.832484088e+01 +1.6471e-01 -4.5998e-01 -4.3217e-01 -2.3463e-01 +1.6330e-01 +1.7464e-01 +3.4871e-01 +2.6310e-01 +1.6594e-01 +5.7903e-01
1977 0 +1.546634119e-01 -5.832533659e+01 -5.832533659e+01 +1.6478e-01 -4.5995e-01 -4.3131e-01 -2.3526e-01 +1.6274e-01 +1.7550e-01 +3.4837e-01 +2.6340e-01 +1.6543e-01 +5.7997e-01
2031 0 +1.496893643e-01 -5.833031064e+01 -5.833031064e+01 +1.6504e-01 -4.5994e-01 -4.3191e-01 -2.3505e-01 +1.6342e-01 +1.7461e-01 +3.4838e-01 +2.6300e-01 +1.6628e-01 +5.7917e-01
2071 0 +1.478529575e-01 -5.833214704e+01 -5.833214704e+01 +1.6503e-01 -4.5982e-01 -4.3164e-01 -2.3492e-01 +1.6306e-01 +1.7488e-01 +3.4876e-01 +2.6320e-01 +1.6652e-01 +5.7939e-01
5305 0 +1.445377694e-01 -5.833546223e+01 -5.833546223e+01 +1.6650e-01 -4.6144e-01 -4.2714e-01 -2.5193e-01 +1.7604e-01 +1.7503e-01 +3.5226e-01 +2.6017e-01 +1.6712e-01 +5.6914e-01
8116 0 +1.412449074e-01 -5.833875509e+01 -5.833875509e+01 +1.9240e-01 -4.9652e-01 -4.3931e-01 -3.2618e-01 +2.5064e-01 +1.5101e-01 +3.6011e-01 +2.0408e-01 +1.5357e-01 +4.9515e-01
16739 0 +1.380381961e-01 -5.834196180e+01 -5.834196180e+01 +2.6043e-01 -5.4262e-01 -5.2470e-01 -5.0913e-01 +3.7613e-01 +1.7163e-01 +3.9438e-01 +1.5710e-01 +1.2313e-01 +3.1709e-01
% f evaluations | g evaluations | best noise-free fitness - Fopt (-6.130800000000e+02) + sum g_i+ | measured fitness | best measured fitness or single-digit g-values | x1 | x2...
1 0 +2.503737427e-01 -6.128296263e+02 -6.128296263e+02 +0.0000e+00 +0.0000e+00 +0.0000e+00 +0.0000e+00 +0.0000e+00 +0.0000e+00 +0.0000e+00 +0.0000e+00 +0.0000e+00 +0.0000e+00
% f evaluations | g evaluations | best noise-free fitness - Fopt (6.189000000000e+01) + sum g_i+ | measured fitness | best measured fitness or single-digit g-values | x1 | x2...
1 0 +2.503737427e-01 +6.214037374e+01 +6.214037374e+01 +0.0000e+00 +0.0000e+00 +0.0000e+00 +0.0000e+00 +0.0000e+00 +0.0000e+00 +0.0000e+00 +0.0000e+00 +0.0000e+00 +0.0000e+00
2643 0 +2.455743813e-01 +6.213557438e+01 +6.213557438e+01 +4.8834e-01 -2.8566e-01 +7.0842e-02 -1.5595e-01 -6.8716e-01 -3.3760e-01 -3.9464e-01 -1.0094e+00 +2.0399e-02 +5.7360e-01
2651 0 +2.371304975e-01 +6.212713050e+01 +6.212713050e+01 +4.8877e-01 -2.8673e-01 +7.1480e-02 -1.5516e-01 -6.8666e-01 -3.3826e-01 -3.9597e-01 -1.0105e+00 +1.9171e-02 +5.7347e-01
2658 0 +2.154279701e-01 +6.210542797e+01 +6.210542797e+01 +4.8801e-01 -2.8672e-01 +7.1555e-02 -1.5589e-01 -6.8667e-01 -3.3895e-01 -3.9491e-01 -1.0087e+00 +1.7453e-02 +5.7385e-01
2701 0 +2.135893450e-01 +6.210358935e+01 +6.210358935e+01 +4.8792e-01 -2.8672e-01 +7.2396e-02 -1.5615e-01 -6.8880e-01 -3.3852e-01 -3.9176e-01 -1.0044e+00 +1.4749e-02 +5.7557e-01
2715 0 +1.987390072e-01 +6.208873901e+01 +6.208873901e+01 +4.8657e-01 -2.8766e-01 +7.2092e-02 -1.5699e-01 -6.9002e-01 -3.3913e-01 -3.8919e-01 -1.0002e+00 +1.0473e-02 +5.7728e-01
2735 0 +1.896100722e-01 +6.207961007e+01 +6.207961007e+01 +4.8727e-01 -2.8768e-01 +7.0480e-02 -1.5637e-01 -6.8803e-01 -3.3889e-01 -3.9286e-01 -1.0036e+00 +1.2449e-02 +5.7635e-01
2741 0 +1.835476017e-01 +6.207354760e+01 +6.207354760e+01 +4.8759e-01 -2.8749e-01 +7.0214e-02 -1.5586e-01 -6.8749e-01 -3.3884e-01 -3.9409e-01 -1.0054e+00 +1.4331e-02 +5.7519e-01
2744 0 +1.816864857e-01 +6.207168649e+01 +6.207168649e+01 +4.8652e-01 -2.8596e-01 +7.1922e-02 -1.5719e-01 -6.9117e-01 -3.3858e-01 -3.8783e-01 -9.9896e-01 +1.1351e-02 +5.7741e-01
2753 0 +1.769205284e-01 +6.206692053e+01 +6.206692053e+01 +4.8665e-01 -2.8762e-01 +7.0301e-02 -1.5713e-01 -6.8952e-01 -3.3872e-01 -3.9038e-01 -1.0003e+00 +1.0446e-02 +5.7674e-01
2761 0 +1.700488072e-01 +6.206004881e+01 +6.206004881e+01 +4.8630e-01 -2.8757e-01 +7.1033e-02 -1.5715e-01 -6.8949e-01 -3.3891e-01 -3.9013e-01 -1.0007e+00 +1.0483e-02 +5.7681e-01
2768 0 +1.637457838e-01 +6.205374578e+01 +6.205374578e+01 +4.8631e-01 -2.8651e-01 +7.2097e-02 -1.5826e-01 -6.9166e-01 -3.3839e-01 -3.8723e-01 -9.9812e-01 +9.5368e-03 +5.7762e-01
2781 0 +1.574405041e-01 +6.204744050e+01 +6.204744050e+01 +4.8619e-01 -2.8710e-01 +7.1193e-02 -1.5777e-01 -6.9059e-01 -3.3887e-01 -3.8863e-01 -9.9910e-01 +9.4754e-03 +5.7742e-01
2791 0 +1.519853896e-01 +6.204198539e+01 +6.204198539e+01 +4.8601e-01 -2.8700e-01 +7.1233e-02 -1.5766e-01 -6.9057e-01 -3.3870e-01 -3.8910e-01 -9.9981e-01 +1.0315e-02 +5.7722e-01
2861 0 +1.503555430e-01 +6.204035554e+01 +6.204035554e+01 +4.8534e-01 -2.8668e-01 +7.1497e-02 -1.5818e-01 -6.9162e-01 -3.3844e-01 -3.8751e-01 -9.9761e-01 +9.2379e-03 +5.7755e-01
3031 0 +1.477929153e-01 +6.203779292e+01 +6.203779292e+01 +4.8555e-01 -2.8681e-01 +7.1108e-02 -1.5777e-01 -6.9147e-01 -3.3859e-01 -3.8793e-01 -9.9810e-01 +9.6515e-03 +5.7753e-01
5826 0 +1.445428169e-01 +6.203454282e+01 +6.203454282e+01 +4.8326e-01 -2.6571e-01 +6.1577e-02 -1.5770e-01 -6.7869e-01 -3.5216e-01 -3.6129e-01 -1.0161e+00 +2.9322e-02 +5.8050e-01
6766 0 +1.412489669e-01 +6.203124897e+01 +6.203124897e+01 +4.8015e-01 -2.3593e-01 +4.8774e-02 -1.5969e-01 -6.6190e-01 -3.6968e-01 -3.2420e-01 -1.0380e+00 +5.4407e-02 +5.8359e-01
7872 0 +1.380124933e-01 +6.202801249e+01 +6.202801249e+01 +4.7532e-01 -1.9166e-01 +3.2358e-02 -1.6684e-01 -6.3900e-01 -3.9367e-01 -2.6929e-01 -1.0638e+00 +8.5784e-02 +5.8602e-01
10195 0 +1.348658385e-01 +6.202486584e+01 +6.202486584e+01 +4.6063e-01 -1.1061e-01 +6.9634e-03 -1.9689e-01 -6.0114e-01 -4.3378e-01 -1.6123e-01 -1.0834e+00 +1.1844e-01 +5.8587e-01
% f evaluations | g evaluations | best noise-free fitness - Fopt (-8.456000000000e+01) + sum g_i+ | measured fitness | best measured fitness or single-digit g-values | x1 | x2...
1 0 +2.503737427e-01 -8.430962626e+01 -8.430962626e+01 +0.0000e+00 +0.0000e+00 +0.0000e+00 +0.0000e+00 +0.0000e+00 +0.0000e+00 +0.0000e+00 +0.0000e+00 +0.0000e+00 +0.0000e+00
1355 0 +2.381062003e-01 -8.432189380e+01 -8.432189380e+01 +4.0684e-01 +2.4818e-01 -2.2025e-01 +5.7295e-01 -3.1150e-01 +1.6385e-01 +8.7922e-01 -8.7227e-01 +4.2732e-01 -3.1116e-01
1369 0 +2.309032424e-01 -8.432909676e+01 -8.432909676e+01 +4.0713e-01 +2.4714e-01 -2.2026e-01 +5.7273e-01 -3.1183e-01 +1.6285e-01 +8.7870e-01 -8.7043e-01 +4.2735e-01 -3.1082e-01
1376 0 +2.055529637e-01 -8.435444704e+01 -8.435444704e+01 +4.0778e-01 +2.4671e-01 -2.1956e-01 +5.7429e-01 -3.1070e-01 +1.6296e-01 +8.7867e-01 -8.7008e-01 +4.2697e-01 -3.1208e-01
1391 0 +1.937144911e-01 -8.436628551e+01 -8.436628551e+01 +4.0751e-01 +2.4613e-01 -2.1890e-01 +5.7376e-01 -3.0999e-01 +1.6328e-01 +8.7923e-01 -8.6993e-01 +4.2698e-01 -3.1137e-01
1407 0 +1.844544693e-01 -8.437554553e+01 -8.437554553e+01 +4.0699e-01 +2.4604e-01 -2.1726e-01 +5.7366e-01 -3.0882e-01 +1.6415e-01 +8.7988e-01 -8.7090e-01 +4.2696e-01 -3.1146e-01
1411 0 +1.813779592e-01 -8.437862204e+01 -8.437862204e+01 +4.0733e-01 +2.4551e-01 -2.1868e-01 +5.7373e-01 -3.0894e-01 +1.6383e-01 +8.7917e-01 -8.7097e-01 +4.2684e-01 -3.1169e-01
1416 0 +1.689278209e-01 -8.439107218e+01 -8.439107218e+01 +4.0741e-01 +2.4533e-01 -2.1798e-01 +5.7353e-01 -3.0839e-01 +1.6361e-01 +8.7847e-01 -8.6974e-01 +4.2708e-01 -3.1078e-01
1491 0 +1.628746424e-01 -8.439712536e+01 -8.439712536e+01 +4.0730e-01 +2.4427e-01 -2.1743e-01 +5.7347e-01 -3.0734e-01 +1.6350e-01 +8.7870e-01 -8.6938e-01 +4.2632e-01 -3.1164e-01
1495 0 +1.523083686e-01 -8.440769163e+01 -8.440769163e+01 +4.0710e-01 +2.4504e-01 -2.1707e-01 +5.7308e-01 -3.0739e-01 +1.6342e-01 +8.7883e-01 -8.6913e-01 +4.2649e-01 -3.1098e-01
1503 0 +1.455254010e-01 -8.441447460e+01 -8.441447460e+01 +4.0730e-01 +2.4379e-01 -2.1714e-01 +5.7348e-01 -3.0648e-01 +1.6311e-01 +8.7814e-01 -8.6838e-01 +4.2680e-01 -3.1182e-01
1505 0 +1.397006152e-01 -8.442029938e+01 -8.442029938e+01 +4.0708e-01 +2.4471e-01 -2.1702e-01 +5.7367e-01 -3.0665e-01 +1.6353e-01 +8.7878e-01 -8.6900e-01 +4.2676e-01 -3.1097e-01
1550 0 +1.374405385e-01 -8.442255946e+01 -8.442255946e+01 +4.0690e-01 +2.4389e-01 -2.1637e-01 +5.7425e-01 -3.0578e-01 +1.6303e-01 +8.7840e-01 -8.6875e-01 +4.2689e-01 -3.1221e-01
1551 0 +1.334757056e-01 -8.442652429e+01 -8.442652429e+01 +4.0702e-01 +2.4456e-01 -2.1741e-01 +5.7406e-01 -3.0642e-01 +1.6352e-01 +8.7880e-01 -8.6897e-01 +4.2676e-01 -3.1192e-01
1584 0 +1.300964156e-01 -8.442990358e+01 -8.442990358e+01 +4.0676e-01 +2.4459e-01 -2.1643e-01 +5.7356e-01 -3.0619e-01 +1.6328e-01 +8.7912e-01 -8.6892e-01 +4.2710e-01 -3.1122e-01
1596 0 +1.285899050e-01 -8.443141010e+01 -8.443141010e+01 +4.0677e-01 +2.4395e-01 -2.1681e-01 +5.7392e-01 -3.0581e-01 +1.6338e-01 +8.7895e-01 -8.6850e-01 +4.2702e-01 -3.1163e-01
1620 0 +1.232838438e-01 -8.443671616e+01 -8.443671616e+01 +4.0706e-01 +2.4476e-01 -2.1701e-01 +5.7386e-01 -3.0620e-01 +1.6301e-01 +8.7918e-01 -8.6843e-01 +4.2725e-01 -3.1191e-01
1621 0 +1.218516658e-01 -8.443814833e+01 -8.443814833e+01 +4.0702e-01 +2.4452e-01 -2.1670e-01 +5.7400e-01 -3.0604e-01 +1.6299e-01 +8.7899e-01 -8.6836e-01 +4.2716e-01 -3.1184e-01
1630 0 +1.193885480e-01 -8.444061145e+01 -8.444061145e+01 +4.0726e-01 +2.4472e-01 -2.1667e-01 +5.7399e-01 -3.0630e-01 +1.6285e-01 +8.7921e-01 -8.6847e-01 +4.2710e-01 -3.1205e-01
1641 0 +1.172927117e-01 -8.444270729e+01 -8.444270729e+01 +4.0696e-01 +2.4429e-01 -2.1668e-01 +5.7388e-01 -3.0605e-01 +1.6280e-01 +8.7911e-01 -8.6819e-01 +4.2703e-01 -3.1198e-01
1657 0 +1.144490527e-01 -8.444555095e+01 -8.444555095e+01 +4.0742e-01 +2.4491e-01 -2.1649e-01 +5.7412e-01 -3.0613e-01 +1.6242e-01 +8.7920e-01 -8.6818e-01 +4.2706e-01 -3.1189e-01
1681 0 +1.116470261e-01 -8.444835297e+01 -8.444835297e+01 +4.0698e-01 +2.4491e-01 -2.1647e-01 +5.7397e-01 -3.0587e-01 +1.6238e-01 +8.7923e-01 -8.6808e-01 +4.2714e-01 -3.1220e-01
1689 0 +1.094981067e-01 -8.445050189e+01 -8.445050189e+01 +4.0681e-01 +2.4450e-01 -2.1676e-01 +5.7402e-01 -3.0551e-01 +1.6210e-01 +8.7903e-01 -8.6746e-01 +4.2712e-01 -3.1236e-01
1703 0 +1.054303638e-01 -8.445456964e+01 -8.445456964e+01 +4.0704e-01 +2.4454e-01 -2.1664e-01 +5.7434e-01 -3.0491e-01 +1.6184e-01 +8.7913e-01 -8.6765e-01 +4.2724e-01 -3.1266e-01
1747 0 +1.037507475e-01 -8.445624925e+01 -8.445624925e+01 +4.0725e-01 +2.4459e-01 -2.1660e-01 +5.7471e-01 -3.0465e-01 +1.6159e-01 +8.7927e-01 -8.6714e-01 +4.2688e-01 -3.1285e-01
1751 0 +1.022164677e-01 -8.445778353e+01 -8.445778353e+01 +4.0742e-01 +2.4500e-01 -2.1710e-01 +5.7466e-01 -3.0534e-01 +1.6192e-01 +8.7924e-01 -8.6788e-01 +4.2699e-01 -3.1284e-01
1917 0 +9.981837835e-02 -8.446018162e+01 -8.446018162e+01 +4.0737e-01 +2.4511e-01 -2.1689e-01 +5.7464e-01 -3.0496e-01 +1.6149e-01 +8.7950e-01 -8.6722e-01 +4.2692e-01 -3.1255e-01
% f evaluations | g evaluations | best noise-free fitness - Fopt (-2.602000000000e+01) + sum g_i+ | measured fitness | best measured fitness or single-digit g-values | x1 | x2...
1 0 +2.503737427e-01 -2.576962626e+01 -2.576962626e+01 +0.0000e+00 +0.0000e+00 +0.0000e+00 +0.0000e+00 +0.0000e+00 +0.0000e+00 +0.0000e+00 +0.0000e+00 +0.0000e+00 +0.0000e+00
2934 0 +2.476709055e-01 -2.577232909e+01 -2.577232909e+01 +5.5592e-01 +4.2720e-01 -6.3163e-01 -1.6660e-01 -3.0249e-01 +2.6491e-02 +8.5091e-01 -1.6829e-01 -1.5003e-01 +7.0637e-01
2943 0 +2.385947571e-01 -2.578140524e+01 -2.578140524e+01 +5.5276e-01 +4.2467e-01 -6.3158e-01 -1.4490e-01 -3.0760e-01 +2.6372e-02 +8.4170e-01 -1.6866e-01 -1.4752e-01 +7.2320e-01
2953 0 +2.233919938e-01 -2.579660801e+01 -2.579660801e+01 +5.5732e-01 +4.3142e-01 -6.3254e-01 -1.6633e-01 -3.0329e-01 +2.8167e-02 +8.4790e-01 -1.6476e-01 -1.4892e-01 +7.1007e-01
2971 0 +2.174346619e-01 -2.580256534e+01 -2.580256534e+01 +5.5510e-01 +4.3027e-01 -6.3117e-01 -1.6573e-01 -3.0387e-01 +2.6487e-02 +8.4896e-01 -1.6752e-01 -1.4775e-01 +7.0893e-01
2981 0 +2.072614077e-01 -2.581273859e+01 -2.581273859e+01 +5.5857e-01 +4.3480e-01 -6.3122e-01 -1.7560e-01 -3.0176e-01 +2.7260e-02 +8.4998e-01 -1.6407e-01 -1.4921e-01 +7.0451e-01
2982 0 +2.020044525e-01 -2.581799555e+01 -2.581799555e+01 +5.6514e-01 +4.4670e-01 -6.3110e-01 -2.0236e-01 -2.9810e-01 +2.9050e-02 +8.5611e-01 -1.5859e-01 -1.4986e-01 +6.9176e-01
2998 0 +1.723431367e-01 -2.584765686e+01 -2.584765686e+01 +5.5850e-01 +4.4182e-01 -6.2943e-01 -1.7884e-01 -3.0295e-01 +2.5640e-02 +8.4905e-01 -1.6943e-01 -1.4327e-01 +7.0702e-01
3049 0 +1.618543197e-01 -2.585814568e+01 -2.585814568e+01 +5.6566e-01 +4.5185e-01 -6.3385e-01 -1.9495e-01 -2.9858e-01 +2.9294e-02 +8.4983e-01 -1.6344e-01 -1.4403e-01 +6.9800e-01
3057 0 +1.570740051e-01 -2.586292599e+01 -2.586292599e+01 +5.6828e-01 +4.5271e-01 -6.3447e-01 -1.9668e-01 -2.9902e-01 +2.9729e-02 +8.4820e-01 -1.5872e-01 -1.4638e-01 +7.0160e-01
3112 0 +1.541691746e-01 -2.586583083e+01 -2.586583083e+01 +5.6180e-01 +4.5512e-01 -6.2960e-01 -1.9932e-01 -3.0108e-01 +2.6545e-02 +8.5388e-01 -1.7207e-01 -1.3654e-01 +6.9610e-01
3123 0 +1.470331574e-01 -2.587296684e+01 -2.587296684e+01 +5.6231e-01 +4.5263e-01 -6.3372e-01 -1.9006e-01 -3.0441e-01 +2.9470e-02 +8.5160e-01 -1.6815e-01 -1.3602e-01 +7.0446e-01
3133 0 +1.440662454e-01 -2.587593375e+01 -2.587593375e+01 +5.6488e-01 +4.5506e-01 -6.3210e-01 -1.9304e-01 -3.0256e-01 +2.8420e-02 +8.4925e-01 -1.6663e-01 -1.3847e-01 +7.0458e-01
3151 0 +1.412516988e-01 -2.587874830e+01 -2.587874830e+01 +5.6502e-01 +4.5892e-01 -6.3444e-01 -1.9984e-01 -3.0279e-01 +3.0236e-02 +8.5252e-01 -1.6621e-01 -1.3483e-01 +7.0037e-01
3166 0 +1.370123848e-01 -2.588298762e+01 -2.588298762e+01 +5.6747e-01 +4.6065e-01 -6.3593e-01 -1.9609e-01 -3.0441e-01 +3.1444e-02 +8.4871e-01 -1.6333e-01 -1.3490e-01 +7.0788e-01
3195 0 +1.327817979e-01 -2.588721820e+01 -2.588721820e+01 +5.6768e-01 +4.6222e-01 -6.3531e-01 -2.0449e-01 -3.0243e-01 +3.0734e-02 +8.5158e-01 -1.6265e-01 -1.3542e-01 +7.0044e-01
3238 0 +1.310524598e-01 -2.588894754e+01 -2.588894754e+01 +5.6961e-01 +4.6625e-01 -6.3486e-01 -2.1287e-01 -3.0124e-01 +3.0460e-02 +8.5383e-01 -1.6403e-01 -1.3396e-01 +6.9731e-01
3292 0 +1.285833162e-01 -2.589141668e+01 -2.589141668e+01 +5.7173e-01 +4.6858e-01 -6.3585e-01 -2.1233e-01 -3.0117e-01 +3.1250e-02 +8.5046e-01 -1.6048e-01 -1.3481e-01 +7.0041e-01
3552 0 +1.257262063e-01 -2.589427379e+01 -2.589427379e+01 +5.7631e-01 +4.7320e-01 -6.3854e-01 -2.2195e-01 -3.0033e-01 +3.3296e-02 +8.5224e-01 -1.5632e-01 -1.3439e-01 +6.9881e-01
3898 0 +1.225100596e-01 -2.589748994e+01 -2.589748994e+01 +5.8328e-01 +4.8070e-01 -6.4445e-01 -2.3641e-01 -3.0133e-01 +3.8191e-02 +8.5557e-01 -1.4618e-01 -1.3430e-01 +6.9725e-01
4113 0 +1.202149150e-01 -2.589978509e+01 -2.589978509e+01 +5.8700e-01 +4.8305e-01 -6.5135e-01 -2.4110e-01 -3.0472e-01 +4.3787e-02 +8.5909e-01 -1.3798e-01 -1.3313e-01 +6.9928e-01
6132 0 +1.174839196e-01 -2.590251608e+01 -2.590251608e+01 +5.9039e-01 +4.8542e-01 -6.5494e-01 -2.5505e-01 -3.1093e-01 +4.8288e-02 +8.7062e-01 -1.3245e-01 -1.2571e-01 +7.0515e-01
6514 0 +1.147427772e-01 -2.590525722e+01 -2.590525722e+01 +6.0695e-01 +4.8193e-01 -6.8089e-01 -2.7237e-01 -3.1835e-01 +6.2759e-02 +8.8751e-01 -1.1763e-01 -1.0607e-01 +7.3420e-01
6876 0 +1.120995286e-01 -2.590790047e+01 -2.590790047e+01 +6.2076e-01 +4.7709e-01 -7.0192e-01 -2.8527e-01 -3.2784e-01 +7.5743e-02 +9.0457e-01 -1.0615e-01 -8.5633e-02 +7.6735e-01
7472 0 +1.096219065e-01 -2.591037809e+01 -2.591037809e+01 +6.3649e-01 +4.6661e-01 -7.3140e-01 -2.9676e-01 -3.3812e-01 +9.3006e-02 +9.2690e-01 -9.5635e-02 -5.9703e-02 +8.0631e-01
8354 0 +1.070884310e-01 -2.591291157e+01 -2.591291157e+01 +6.7710e-01 +4.5848e-01 -7.9056e-01 -3.3718e-01 -3.6007e-01 +1.3248e-01 +9.7279e-01 -6.1828e-02 -1.4197e-02 +8.8177e-01
% f evaluations | g evaluations | best noise-free fitness - Fopt (-3.015000000000e+01) + sum g_i+ | measured fitness | best measured fitness or single-digit g-values | x1 | x2...
1 0 +2.503737427e-01 -2.989962626e+01 -2.989962626e+01 +0.0000e+00 +0.0000e+00 +0.0000e+00 +0.0000e+00 +0.0000e+00 +0.0000e+00 +0.0000e+00 +0.0000e+00 +0.0000e+00 +0.0000e+00
3790 0 +2.503141919e-01 -2.989968581e+01 -2.989968581e+01 +5.2190e-01 +2.8735e-01 +4.7735e-02 -2.2537e-01 -5.4703e-03 +1.0082e-02 +3.1966e-02 +8.3555e-02 -1.7131e-01 +1.9311e-01
3874 0 +2.447770487e-01 -2.990522295e+01 -2.990522295e+01 +5.0766e-01 +2.9127e-01 +5.9419e-02 -2.3098e-01 -6.2524e-03 +1.6376e-02 +3.0037e-02 +8.6893e-02 -1.7725e-01 +1.9479e-01
4090 0 +2.394087591e-01 -2.991059124e+01 -2.991059124e+01 +5.0659e-01 +2.9156e-01 +5.8132e-02 -2.3052e-01 -5.7030e-03 +1.3451e-02 +3.2664e-02 +8.7457e-02 -1.7842e-01 +1.9487e-01
4276 0 +2.343628744e-01 -2.991563713e+01 -2.991563713e+01 +5.0004e-01 +2.9322e-01 +6.3594e-02 -2.3009e-01 -7.4512e-03 +1.6067e-02 +3.0669e-02 +8.7690e-02 -1.8694e-01 +1.9317e-01
4323 0 +2.288394102e-01 -2.992116059e+01 -2.992116059e+01 +4.8925e-01 +2.9675e-01 +6.8769e-02 -2.3291e-01 -8.1191e-03 +1.7188e-02 +3.1219e-02 +8.8101e-02 -1.9430e-01 +1.9290e-01
4378 0 +2.236698156e-01 -2.992633018e+01 -2.992633018e+01 +4.8532e-01 +2.9767e-01 +7.0544e-02 -2.3293e-01 -9.0369e-03 +1.6180e-02 +3.2052e-02 +8.8904e-02 -2.0045e-01 +1.9184e-01
4392 0 +2.187081743e-01 -2.993129183e+01 -2.993129183e+01 +4.7362e-01 +2.9973e-01 +7.8981e-02 -2.3670e-01 -1.0923e-02 +1.5902e-02 +3.2118e-02 +9.1644e-02 -2.1069e-01 +1.9084e-01
4456 0 +2.129346322e-01 -2.993706537e+01 -2.993706537e+01 +4.5836e-01 +3.0694e-01 +8.3866e-02 -2.3772e-01 -1.2385e-02 +1.6602e-02 +3.2885e-02 +9.2338e-02 -2.2805e-01 +1.8868e-01
4496 0 +2.084942364e-01 -2.994150576e+01 -2.994150576e+01 +4.5699e-01 +3.0996e-01 +8.0196e-02 -2.3422e-01 -1.2623e-02 +1.3475e-02 +3.4822e-02 +8.9415e-02 -2.3291e-01 +1.8642e-01
4671 0 +2.041033242e-01 -2.994589668e+01 -2.994589668e+01 +4.5105e-01 +3.1324e-01 +8.5577e-02 -2.3563e-01 -1.4991e-02 +8.6982e-03 +3.7890e-02 +9.2162e-02 -2.3569e-01 +1.8522e-01
5168 0 +1.995010453e-01 -2.995049895e+01 -2.995049895e+01 +4.3356e-01 +3.2589e-01 +9.5670e-02 -2.3551e-01 -1.9741e-02 +5.0581e-03 +4.2123e-02 +9.3295e-02 -2.5015e-01 +1.8009e-01
5559 0 +1.949283687e-01 -2.995507163e+01 -2.995507163e+01 +4.2374e-01 +3.3043e-01 +1.0415e-01 -2.3292e-01 -1.9643e-02 +7.1492e-03 +3.7699e-02 +9.4820e-02 -2.5935e-01 +1.7919e-01
5660 0 +1.903999647e-01 -2.995960004e+01 -2.995960004e+01 +4.2347e-01 +3.2511e-01 +1.1248e-01 -2.3335e-01 -1.8676e-02 +9.6330e-03 +2.7313e-02 +9.8490e-02 -2.6048e-01 +1.7994e-01
5815 0 +1.860502555e-01 -2.996394974e+01 -2.996394974e+01 +4.2156e-01 +3.2372e-01 +1.2452e-01 -2.2857e-01 -2.0394e-02 +2.2718e-03 +1.8180e-02 +1.0577e-01 -2.6754e-01 +1.7672e-01
5930 0 +1.817882322e-01 -2.996821177e+01 -2.996821177e+01 +4.1630e-01 +3.2098e-01 +1.3586e-01 -2.2660e-01 -1.8986e-02 +1.8801e-04 +8.5180e-03 +1.1080e-01 -2.7338e-01 +1.7706e-01
6031 0 +1.776679395e-01 -2.997233206e+01 -2.997233206e+01 +4.0928e-01 +3.2136e-01 +1.3927e-01 -2.2759e-01 -1.6857e-02 +8.2485e-06 +7.2150e-03 +1.1099e-01 -2.7654e-01 +1.7903e-01
6142 0 +1.730481222e-01 -2.997695188e+01 -2.997695188e+01 +3.9581e-01 +3.2371e-01 +1.4982e-01 -2.2874e-01 -1.6238e-02 -9.0083e-03 +4.3498e-03 +1.1334e-01 -2.8110e-01 +1.7935e-01
6507 0 +1.696215671e-01 -2.998037843e+01 -2.998037843e+01 +3.8930e-01 +3.2017e-01 +1.6058e-01 -2.2481e-01 -1.2112e-02 -1.3285e-02 -5.8041e-03 +1.1655e-01 -2.8352e-01 +1.8154e-01
6660 0 +1.657789191e-01 -2.998422108e+01 -2.998422108e+01 +3.8208e-01 +3.1952e-01 +1.6292e-01 -2.2330e-01 -1.0144e-02 -1.5231e-02 -3.2571e-03 +1.1350e-01 -2.8375e-01 +1.8391e-01
6761 0 +1.616176395e-01 -2.998838236e+01 -2.998838236e+01 +3.8626e-01 +3.1287e-01 +1.6537e-01 -2.1930e-01 -1.0935e-02 -1.9239e-02 -4.6796e-03 +1.1270e-01 -2.7956e-01 +1.8367e-01
6811 0 +1.584123079e-01 -2.999158769e+01 -2.999158769e+01 +3.7881e-01 +3.1373e-01 +1.6999e-01 -2.1839e-01 -1.0890e-02 -2.0359e-02 -1.5227e-03 +1.1185e-01 -2.8348e-01 +1.8445e-01
6876 0 +1.546112939e-01 -2.999538871e+01 -2.999538871e+01 +3.7235e-01 +3.0720e-01 +1.8139e-01 -2.1555e-01 -8.3579e-03 -2.3847e-02 -9.2861e-03 +1.1203e-01 -2.8456e-01 +1.8673e-01
6906 0 +1.491325519e-01 -3.000086745e+01 -3.000086745e+01 +3.6412e-01 +2.9903e-01 +1.9700e-01 -2.1002e-01 -5.8751e-03 -3.4656e-02 -1.6991e-02 +1.1397e-01 -2.8595e-01 +1.8885e-01
6938 0 +1.473478496e-01 -3.000265215e+01 -3.000265215e+01 +3.6246e-01 +3.0218e-01 +1.9501e-01 -2.1285e-01 -8.1202e-03 -3.6859e-02 -1.2748e-02 +1.1488e-01 -2.9050e-01 +1.8710e-01
7018 0 +1.437494449e-01 -3.000625056e+01 -3.000625056e+01 +3.5861e-01 +2.9149e-01 +2.0863e-01 -2.0319e-01 -4.0480e-03 -4.3367e-02 -1.7448e-02 +1.1497e-01 -2.8512e-01 +1.9161e-01
7045 0 +1.406752804e-01 -3.000932472e+01 -3.000932472e+01 +3.5868e-01 +2.8512e-01 +2.1850e-01 -2.0075e-01 -4.3740e-03 -4.8390e-02 -2.4799e-02 +1.1878e-01 -2.8599e-01 +1.9119e-01
7115 0 +1.368212213e-01 -3.001317878e+01 -3.001317878e+01 +3.5244e-01 +2.8510e-01 +2.2521e-01 -1.9769e-01 -5.2573e-03 -5.6491e-02 -2.4049e-02 +1.1870e-01 -2.8957e-01 +1.9049e-01
7210 0 +1.347459867e-01 -3.001525401e+01 -3.001525401e+01 +3.5178e-01 +2.8004e-01 +2.3014e-01 -1.9920e-01 -3.8588e-03 -6.3655e-02 -2.9175e-02 +1.2253e-01 -2.9035e-01 +1.9140e-01
7245 0 +1.316934701e-01 -3.001830653e+01 -3.001830653e+01 +3.4476e-01 +2.8234e-01 +2.3219e-01 -1.9701e-01 -3.3923e-03 -6.5919e-02 -2.4473e-02 +1.1989e-01 -2.9363e-01 +1.9221e-01
7295 0 +1.283481980e-01 -3.002165180e+01 -3.002165180e+01 +3.4074e-01 +2.7646e-01 +2.4244e-01 -1.9279e-01 -2.2085e-03 -7.1365e-02 -2.8094e-02 +1.2234e-01 -2.9552e-01 +1.9371e-01
7342 0 +1.234071049e-01 -3.002659290e+01 -3.002659290e+01 +3.3800e-01 +2.6920e-01 +2.5892e-01 -1.8616e-01 -2.4842e-03 -8.1913e-02 -3.4580e-02 +1.2730e-01 -2.9679e-01 +1.9383e-01
7365 0 +1.228694509e-01 -3.002713055e+01 -3.002713055e+01 +3.3761e-01 +2.6808e-01 +2.5863e-01 -1.8829e-01 -2.2105e-03 -8.5400e-02 -3.4829e-02 +1.2816e-01 -2.9739e-01 +1.9413e-01
7404 0 +1.187708333e-01 -3.003122917e+01 -3.003122917e+01 +3.3627e-01 +2.6579e-01 +2.6814e-01 -1.8344e-01 -2.9128e-03 -9.1255e-02 -3.6683e-02 +1.3233e-01 -2.9962e-01 +1.9383e-01
7420 0 +1.172172221e-01 -3.003278278e+01 -3.003278278e+01 +3.3065e-01 +2.6371e-01 +2.7288e-01 -1.8089e-01 +1.2916e-03 -9.5218e-02 -3.6522e-02 +1.3234e-01 -2.9678e-01 +1.9794e-01
7451 0 +1.139504325e-01 -3.003604957e+01 -3.003604957e+01 +3.2797e-01 +2.6521e-01 +2.7931e-01 -1.7917e-01 -9.7668e-04 -9.7034e-02 -3.8299e-02 +1.3392e-01 -3.0167e-01 +1.9578e-01
7468 0 +1.105150786e-01 -3.003948492e+01 -3.003948492e+01 +3.2342e-01 +2.6192e-01 +2.8771e-01 -1.7424e-01 +2.6278e-04 -1.0759e-01 -3.8549e-02 +1.3553e-01 -3.0137e-01 +1.9737e-01
7491 0 +1.095647354e-01 -3.004043526e+01 -3.004043526e+01 +3.2099e-01 +2.6355e-01 +2.9175e-01 -1.7426e-01 -9.4353e-04 -1.0853e-01 -3.8515e-02 +1.3724e-01 -3.0493e-01 +1.9634e-01
7515 0 +1.057723118e-01 -3.004422769e+01 -3.004422769e+01 +3.1281e-01 +2.6012e-01 +3.0167e-01 -1.7047e-01 +2.5672e-03 -1.1546e-01 -3.8603e-02 +1.3899e-01 -3.0642e-01 +2.0028e-01
7550 0 +1.031935397e-01 -3.004680646e+01 -3.004680646e+01 +3.1404e-01 +2.5711e-01 +3.0754e-01 -1.6773e-01 +2.1520e-03 -1.2263e-01 -4.2160e-02 +1.4339e-01 -3.0811e-01 +1.9981e-01
7614 0 +1.013410525e-01 -3.004865895e+01 -3.004865895e+01 +3.0860e-01 +2.5591e-01 +3.1649e-01 -1.6545e-01 +4.0006e-03 -1.2866e-01 -4.4754e-02 +1.4659e-01 -3.0954e-01 +2.0145e-01
7756 0 +9.969822435e-02 -3.005030178e+01 -3.005030178e+01 +3.0589e-01 +2.5458e-01 +3.2120e-01 -1.6197e-01 +4.7534e-03 -1.3543e-01 -4.4527e-02 +1.4725e-01 -3.0892e-01 +2.0250e-01
7870 0 +9.771775718e-02 -3.005228224e+01 -3.005228224e+01 +3.0394e-01 +2.5217e-01 +3.2657e-01 -1.5941e-01 +5.8222e-03 -1.3968e-01 -4.5313e-02 +1.4862e-01 -3.0855e-01 +2.0396e-01
7938 0 +9.494601370e-02 -3.005505399e+01 -3.005505399e+01 +2.9637e-01 +2.4110e-01 +3.4997e-01 -1.4933e-01 +8.2623e-03 -1.5801e-01 -5.1067e-02 +1.5519e-01 -3.1061e-01 +2.0778e-01
7998 0 +9.324363514e-02 -3.005675636e+01 -3.005675636e+01 +2.9768e-01 +2.4059e-01 +3.4812e-01 -1.4929e-01 +9.0394e-03 -1.5991e-01 -5.2314e-02 +1.5499e-01 -3.0922e-01 +2.0811e-01
8034 0 +9.014594957e-02 -3.005985405e+01 -3.005985405e+01 +2.9585e-01 +2.3096e-01 +3.5966e-01 -1.4362e-01 +1.1428e-02 -1.7043e-01 -5.6547e-02 +1.5769e-01 -3.0763e-01 +2.1147e-01
8096 0 +8.892976616e-02 -3.006107023e+01 -3.006107023e+01 +2.9350e-01 +2.2914e-01 +3.6783e-01 -1.3857e-01 +1.2761e-02 -1.7961e-01 -5.7797e-02 +1.6097e-01 -3.0751e-01 +2.1282e-01
8137 0 +8.696722696e-02 -3.006303277e+01 -3.006303277e+01 +2.8970e-01 +2.1943e-01 +3.8298e-01 -1.3142e-01 +1.6022e-02 -1.9467e-01 -6.3396e-02 +1.6518e-01 -3.0600e-01 +2.1688e-01
8318 0 +8.499386197e-02 -3.006500614e+01 -3.006500614e+01 +2.9014e-01 +2.0944e-01 +3.9029e-01 -1.2633e-01 +1.8938e-02 -2.0112e-01 -6.7360e-02 +1.6542e-01 -3.0079e-01 +2.2065e-01
8442 0 +8.294437114e-02 -3.006705563e+01 -3.006705563e+01 +2.8776e-01 +1.9716e-01 +4.0185e-01 -1.1833e-01 +2.3643e-02 -2.1625e-01 -7.1597e-02 +1.6655e-01 -2.9471e-01 +2.2650e-01
8722 0 +8.117546549e-02 -3.006882453e+01 -3.006882453e+01 +2.8692e-01 +1.9023e-01 +4.0647e-01 -1.1420e-01 +2.6165e-02 -2.2420e-01 -7.3212e-02 +1.6633e-01 -2.9063e-01 +2.3016e-01
8837 0 +7.939482612e-02 -3.007060517e+01 -3.007060517e+01 +2.8699e-01 +1.8405e-01 +4.0719e-01 -1.1014e-01 +2.8259e-02 -2.2918e-01 -7.3198e-02 +1.6265e-01 -2.8423e-01 +2.3358e-01
8931 0 +7.732620553e-02 -3.007267379e+01 -3.007267379e+01 +2.8552e-01 +1.8140e-01 +4.1376e-01 -1.0584e-01 +2.8158e-02 -2.3575e-01 -7.3220e-02 +1.6319e-01 -2.8309e-01 +2.3477e-01
8968 0 +7.576483272e-02 -3.007423517e+01 -3.007423517e+01 +2.8347e-01 +1.7831e-01 +4.2532e-01 -9.9632e-02 +2.8063e-02 -2.4419e-01 -7.4406e-02 +1.6713e-01 -2.8402e-01 +2.3583e-01
9034 0 +7.394069958e-02 -3.007605930e+01 -3.007605930e+01 +2.8267e-01 +1.6706e-01 +4.3455e-01 -8.8693e-02 +2.9456e-02 -2.5606e-01 -7.3868e-02 +1.6236e-01 -2.7437e-01 +2.4116e-01
9183 0 +7.227054603e-02 -3.007772945e+01 -3.007772945e+01 +2.8498e-01 +1.5917e-01 +4.4241e-01 -8.2015e-02 +3.0930e-02 -2.6768e-01 -7.8297e-02 +1.6450e-01 -2.6962e-01 +2.4354e-01
9384 0 +7.068628051e-02 -3.007931372e+01 -3.007931372e+01 +2.8463e-01 +1.5138e-01 +4.5526e-01 -7.4402e-02 +3.1997e-02 -2.8058e-01 -8.1823e-02 +1.6778e-01 -2.6574e-01 +2.4663e-01
9581 0 +6.909942358e-02 -3.008090058e+01 -3.008090058e+01 +2.8466e-01 +1.3931e-01 +4.7050e-01 -6.3665e-02 +3.4364e-02 -3.0046e-01 -8.5544e-02 +1.7086e-01 -2.5768e-01 +2.5233e-01
9741 0 +6.757451104e-02 -3.008242549e+01 -3.008242549e+01 +2.8364e-01 +1.2922e-01 +4.8354e-01 -5.5372e-02 +3.6671e-02 -3.1778e-01 -8.8249e-02 +1.7380e-01 -2.5084e-01 +2.5793e-01
10101 0 +6.599042469e-02 -3.008400958e+01 -3.008400958e+01 +2.8378e-01 +1.2133e-01 +4.9255e-01 -5.2259e-02 +3.6127e-02 -3.2668e-01 -8.9197e-02 +1.7747e-01 -2.4982e-01 +2.6048e-01
10443 0 +6.455807872e-02 -3.008544192e+01 -3.008544192e+01 +2.8530e-01 +1.1132e-01 +5.0318e-01 -4.6841e-02 +3.6277e-02 -3.3692e-01 -9.1066e-02 +1.8071e-01 -2.4424e-01 +2.6409e-01
10541 0 +6.306619909e-02 -3.008693380e+01 -3.008693380e+01 +2.8692e-01 +1.0352e-01 +5.1211e-01 -4.3358e-02 +3.6704e-02 -3.4342e-01 -9.4081e-02 +1.8372e-01 -2.3863e-01 +2.6674e-01
10592 0 +6.125978295e-02 -3.008874022e+01 -3.008874022e+01 +2.8670e-01 +9.5115e-02 +5.2063e-01 -3.9365e-02 +3.8395e-02 -3.4935e-01 -9.5843e-02 +1.8465e-01 -2.3110e-01 +2.7099e-01
10644 0 +6.023979402e-02 -3.008976021e+01 -3.008976021e+01 +2.8811e-01 +8.8856e-02 +5.2860e-01 -3.6127e-02 +3.8676e-02 -3.5583e-01 -9.7867e-02 +1.8785e-01 -2.2583e-01 +2.7362e-01
10696 0 +5.864129958e-02 -3.009135870e+01 -3.009135870e+01 +2.8821e-01 +7.4994e-02 +5.4479e-01 -2.7159e-02 +4.1878e-02 -3.6822e-01 -1.0258e-01 +1.9033e-01 -2.1295e-01 +2.8053e-01
10732 0 +5.737517016e-02 -3.009262483e+01 -3.009262483e+01 +2.9172e-01 +7.2227e-02 +5.4689e-01 -2.5753e-02 +4.0165e-02 -3.6731e-01 -1.0285e-01 +1.8984e-01 -2.0689e-01 +2.8080e-01
10743 0 +5.618114259e-02 -3.009381886e+01 -3.009381886e+01 +2.9271e-01 +5.8510e-02 +5.6193e-01 -1.9357e-02 +4.3582e-02 -3.7807e-01 -1.0928e-01 +1.9452e-01 -1.9697e-01 +2.8670e-01
10753 0 +5.441513431e-02 -3.009558487e+01 -3.009558487e+01 +2.9597e-01 +4.2580e-02 +5.7729e-01 -9.7181e-03 +4.5379e-02 -3.9072e-01 -1.1320e-01 +1.9564e-01 -1.7938e-01 +2.9382e-01
10766 0 +5.337104231e-02 -3.009662896e+01 -3.009662896e+01 +2.9933e-01 +2.3448e-02 +5.9475e-01 +3.9863e-04 +4.8355e-02 -4.0518e-01 -1.1898e-01 +1.9886e-01 -1.6363e-01 +3.0183e-01
10799 0 +5.191250398e-02 -3.009808750e+01 -3.009808750e+01 +3.0308e-01 +8.2954e-03 +6.0432e-01 +5.1871e-03 +4.9508e-02 -4.0845e-01 -1.2182e-01 +1.9924e-01 -1.5033e-01 +3.0729e-01
10871 0 +5.117407770e-02 -3.009882592e+01 -3.009882592e+01 +3.0654e-01 -2.7968e-03 +6.1474e-01 +1.2062e-02 +4.8675e-02 -4.1638e-01 -1.2157e-01 +1.9974e-01 -1.3544e-01 +3.1262e-01
10893 0 +4.963671451e-02 -3.010036329e+01 -3.010036329e+01 +3.0859e-01 -2.7871e-02 +6.4228e-01 +2.6417e-02 +5.4831e-02 -4.3437e-01 -1.3032e-01 +2.0464e-01 -1.0864e-01 +3.2570e-01
11137 0 +4.866900285e-02 -3.010133100e+01 -3.010133100e+01 +3.1327e-01 -4.1755e-02 +6.4699e-01 +3.1244e-02 +5.6538e-02 -4.4508e-01 -1.3383e-01 +2.0350e-01 -9.6252e-02 +3.3109e-01
11442 0 +4.785555643e-02 -3.010214444e+01 -3.010214444e+01 +3.1322e-01 -4.1404e-02 +6.4927e-01 +3.4945e-02 +5.5484e-02 -4.5160e-01 -1.3238e-01 +2.0419e-01 -9.7437e-02 +3.3156e-01
11610 0 +4.667262269e-02 -3.010332738e+01 -3.010332738e+01 +3.2161e-01 -7.8460e-02 +6.7934e-01 +5.5402e-02 +5.9377e-02 -4.7470e-01 -1.3943e-01 +2.0594e-01 -5.9955e-02 +3.4811e-01
11822 0 +4.550493598e-02 -3.010449506e+01 -3.010449506e+01 +3.3231e-01 -1.2548e-01 +7.2220e-01 +8.4080e-02 +6.4057e-02 -5.0665e-01 -1.4872e-01 +2.1108e-01 -1.2657e-02 +3.6963e-01
12009 0 +4.465452401e-02 -3.010534548e+01 -3.010534548e+01 +3.3956e-01 -1.5547e-01 +7.4600e-01 +1.0230e-01 +6.9353e-02 -5.2626e-01 -1.5685e-01 +2.1243e-01 +1.8599e-02 +3.8363e-01
12127 0 +4.350824544e-02 -3.010649175e+01 -3.010649175e+01 +3.4625e-01 -1.8118e-01 +7.6319e-01 +1.1623e-01 +7.3749e-02 -5.4338e-01 -1.6403e-01 +2.1400e-01 +3.9715e-02 +3.9416e-01
12252 0 +4.257860773e-02 -3.010742139e+01 -3.010742139e+01 +3.4745e-01 -1.8503e-01 +7.6540e-01 +1.1984e-01 +7.5014e-02 -5.4894e-01 -1.6485e-01 +2.1541e-01 +4.0765e-02 +3.9614e-01
12452 0 +4.146879409e-02 -3.010853121e+01 -3.010853121e+01 +3.5200e-01 -2.0832e-01 +7.8675e-01 +1.3582e-01 +7.9737e-02 -5.6570e-01 -1.6996e-01 +2.1786e-01 +6.6261e-02 +4.0845e-01
12656 0 +4.070225785e-02 -3.010929774e+01 -3.010929774e+01 +3.6147e-01 -2.5058e-01 +8.2315e-01 +1.6344e-01 +8.7149e-02 -5.9193e-01 -1.7868e-01 +2.2035e-01 +1.1371e-01 +4.2973e-01
12912 0 +3.968881419e-02 -3.011031119e+01 -3.011031119e+01 +3.7074e-01 -2.9292e-01 +8.5686e-01 +1.8961e-01 +9.4538e-02 -6.0941e-01 -1.8632e-01 +2.1950e-01 +1.6358e-01 +4.5053e-01
13324 0 +3.887050049e-02 -3.011112950e+01 -3.011112950e+01 +3.7587e-01 -3.2838e-01 +8.8481e-01 +2.1079e-01 +1.0271e-01 -6.2150e-01 -1.9268e-01 +2.1882e-01 +2.0238e-01 +4.6832e-01
14921 0 +3.801390591e-02 -3.011198609e+01 -3.011198609e+01 +3.7844e-01 -3.7799e-01 +9.3734e-01 +2.4095e-01 +1.1651e-01 -6.4607e-01 -2.1101e-01 +2.1924e-01 +2.5141e-01 +4.9264e-01
% f evaluations | g evaluations | best noise-free fitness - Fopt (-1.000000000000e+03) + sum g_i+ | measured fitness | best measured fitness or single-digit g-values | x1 | x2...
1 0 +2.503737427e-01 -9.997496263e+02 -9.997496263e+02 +0.0000e+00 +0.0000e+00 +0.0000e+00 +0.0000e+00 +0.0000e+00 +0.0000e+00 +0.0000e+00 +0.0000e+00 +0.0000e+00 +0.0000e+00
2425 0 +2.405970176e-01 -9.997594030e+02 -9.997594030e+02 +6.7085e-01 -2.2435e-01 -4.3922e-01 -3.7398e-01 -1.8288e-01 +8.9288e-02 +7.5068e-02 -1.9565e-01 +3.8152e-01 +1.3090e-01
2430 0 +2.275999951e-01 -9.997724000e+02 -9.997724000e+02 +6.6910e-01 -2.2466e-01 -4.4055e-01 -3.7467e-01 -1.8309e-01 +8.9736e-02 +7.6686e-02 -1.9677e-01 +3.8312e-01 +1.2991e-01
2434 0 +2.131261108e-01 -9.997868739e+02 -9.997868739e+02 +6.7370e-01 -2.2255e-01 -4.3787e-01 -3.7247e-01 -1.8223e-01 +9.1108e-02 +7.4716e-02 -1.9681e-01 +3.8132e-01 +1.3286e-01
2465 0 +2.044841385e-01 -9.997955159e+02 -9.997955159e+02 +6.7044e-01 -2.2392e-01 -4.4017e-01 -3.7369e-01 -1.8230e-01 +9.0986e-02 +7.7088e-02 -1.9764e-01 +3.8261e-01 +1.3187e-01
2468 0 +1.938408261e-01 -9.998061592e+02 -9.998061592e+02 +6.7379e-01 -2.2313e-01 -4.3801e-01 -3.7198e-01 -1.8171e-01 +9.1522e-02 +7.4794e-02 -1.9707e-01 +3.8062e-01 +1.3352e-01
2479 0 +1.897209325e-01 -9.998102791e+02 -9.998102791e+02 +6.7589e-01 -2.2310e-01 -4.3717e-01 -3.7071e-01 -1.8059e-01 +9.1809e-02 +7.4507e-02 -1.9676e-01 +3.7822e-01 +1.3546e-01
2489 0 +1.673748495e-01 -9.998326252e+02 -9.998326252e+02 +6.7661e-01 -2.2177e-01 -4.3700e-01 -3.7084e-01 -1.8078e-01 +9.3141e-02 +7.5454e-02 -1.9821e-01 +3.7879e-01 +1.3594e-01
2511 0 +1.512186054e-01 -9.998487814e+02 -9.998487814e+02 +6.8325e-01 -2.1892e-01 -4.3367e-01 -3.6735e-01 -1.7959e-01 +9.5826e-02 +7.3570e-02 -1.9994e-01 +3.7676e-01 +1.3891e-01
2531 0 +1.436972970e-01 -9.998563027e+02 -9.998563027e+02 +6.8409e-01 -2.1866e-01 -4.3324e-01 -3.6719e-01 -1.7930e-01 +9.6466e-02 +7.3785e-02 -2.0007e-01 +3.7649e-01 +1.3921e-01
2553 0 +1.366261984e-01 -9.998633738e+02 -9.998633738e+02 +6.8779e-01 -2.1709e-01 -4.3042e-01 -3.6598e-01 -1.7882e-01 +9.7838e-02 +7.3056e-02 -2.0022e-01 +3.7485e-01 +1.4172e-01
2611 0 +1.334290001e-01 -9.998665710e+02 -9.998665710e+02 +6.8567e-01 -2.1757e-01 -4.3132e-01 -3.6693e-01 -1.7949e-01 +9.6214e-02 +7.3578e-02 -1.9999e-01 +3.7598e-01 +1.4053e-01
2620 0 +1.295868831e-01 -9.998704131e+02 -9.998704131e+02 +6.8576e-01 -2.1784e-01 -4.3160e-01 -3.6692e-01 -1.7906e-01 +9.6357e-02 +7.4260e-02 -2.0025e-01 +3.7627e-01 +1.4006e-01
2644 0 +1.280651764e-01 -9.998719348e+02 -9.998719348e+02 +6.9260e-01 -2.1532e-01 -4.2721e-01 -3.6405e-01 -1.7788e-01 +9.7312e-02 +7.0993e-02 -1.9999e-01 +3.7253e-01 +1.4449e-01
2664 0 +1.257952849e-01 -9.998742047e+02 -9.998742047e+02 +6.8910e-01 -2.1720e-01 -4.2898e-01 -3.6518e-01 -1.7842e-01 +9.6384e-02 +7.2513e-02 -1.9905e-01 +3.7312e-01 +1.4285e-01
2696 0 +1.222478603e-01 -9.998777521e+02 -9.998777521e+02 +6.9236e-01 -2.1639e-01 -4.2750e-01 -3.6359e-01 -1.7787e-01 +9.7838e-02 +7.1785e-02 -2.0005e-01 +3.7208e-01 +1.4418e-01
2711 0 +1.201113942e-01 -9.998798886e+02 -9.998798886e+02 +6.9712e-01 -2.1459e-01 -4.2521e-01 -3.6144e-01 -1.7663e-01 +9.9926e-02 +7.0967e-02 -2.0119e-01 +3.6983e-01 +1.4685e-01
2731 0 +1.168793331e-01 -9.998831207e+02 -9.998831207e+02 +6.9720e-01 -2.1506e-01 -4.2536e-01 -3.6161e-01 -1.7658e-01 +9.9549e-02 +7.0948e-02 -2.0108e-01 +3.6951e-01 +1.4669e-01
2740 0 +1.145833158e-01 -9.998854167e+02 -9.998854167e+02 +6.9302e-01 -2.1628e-01 -4.2813e-01 -3.6332e-01 -1.7693e-01 +9.7831e-02 +7.2216e-02 -2.0091e-01 +3.7145e-01 +1.4482e-01
2801 0 +1.119507263e-01 -9.998880493e+02 -9.998880493e+02 +6.9677e-01 -2.1556e-01 -4.2610e-01 -3.6176e-01 -1.7673e-01 +9.9000e-02 +7.0576e-02 -2.0161e-01 +3.6971e-01 +1.4648e-01
3084 0 +1.096077650e-01 -9.998903922e+02 -9.998903922e+02 +6.9532e-01 -2.1673e-01 -4.2714e-01 -3.6250e-01 -1.7674e-01 +9.8576e-02 +7.1239e-02 -2.0140e-01 +3.7015e-01 +1.4572e-01
3524 0 +1.071309200e-01 -9.998928691e+02 -9.998928691e+02 +6.9702e-01 -2.1920e-01 -4.2803e-01 -3.6206e-01 -1.7593e-01 +9.9645e-02 +7.0114e-02 -2.0240e-01 +3.6886e-01 +1.4604e-01
3564 0 +1.046415056e-01 -9.998953585e+02 -9.998953585e+02 +6.9878e-01 -2.2122e-01 -4.2890e-01 -3.6162e-01 -1.7509e-01 +1.0021e-01 +6.8561e-02 -2.0300e-01 +3.6767e-01 +1.4613e-01
3621 0 +1.020880906e-01 -9.998979119e+02 -9.998979119e+02 +6.9651e-01 -2.2519e-01 -4.3209e-01 -3.6301e-01 -1.7499e-01 +1.0003e-01 +6.8320e-02 -2.0336e-01 +3.6821e-01 +1.4398e-01
3675 0 +9.943126221e-02 -9.999005687e+02 -9.999005687e+02 +7.0069e-01 -2.3122e-01 -4.3475e-01 -3.6186e-01 -1.7275e-01 +1.0208e-01 +6.4978e-02 -2.0552e-01 +3.6509e-01 +1.4419e-01
3721 0 +9.713069698e-02 -9.999028693e+02 -9.999028693e+02 +7.0170e-01 -2.3258e-01 -4.3510e-01 -3.6151e-01 -1.7221e-01 +1.0245e-01 +6.4080e-02 -2.0577e-01 +3.6435e-01 +1.4427e-01
3847 0 +9.499628302e-02 -9.999050037e+02 -9.999050037e+02 +7.0375e-01 -2.3861e-01 -4.3808e-01 -3.6115e-01 -1.7054e-01 +1.0365e-01 +6.1382e-02 -2.0718e-01 +3.6250e-01 +1.4365e-01
5356 0 +9.324466574e-02 -9.999067553e+02 -9.999067553e+02 +7.1077e-01 -2.4828e-01 -4.3843e-01 -3.5530e-01 -1.7019e-01 +9.6849e-02 +4.8587e-02 -2.0846e-01 +3.5613e-01 +1.4430e-01
5687 0 +9.117809287e-02 -9.999088219e+02 -9.999088219e+02 +7.2150e-01 -2.6181e-01 -4.3183e-01 -3.3978e-01 -1.7553e-01 +6.9335e-02 +1.8902e-02 -2.0692e-01 +3.4261e-01 +1.4739e-01
6011 0 +8.908066465e-02 -9.999109193e+02 -9.999109193e+02 +7.2925e-01 -2.6852e-01 -4.2359e-01 -3.2802e-01 -1.8086e-01 +4.7237e-02 -1.7368e-03 -2.0406e-01 +3.3188e-01 +1.5114e-01
6387 0 +8.704833765e-02 -9.999129517e+02 -9.999129517e+02 +7.4167e-01 -2.8094e-01 -4.1270e-01 -3.1082e-01 -1.8777e-01 +1.5542e-02 -3.3021e-02 -1.9981e-01 +3.1447e-01 +1.5664e-01
6812 0 +8.511153199e-02 -9.999148885e+02 -9.999148885e+02 +7.5515e-01 -2.9508e-01 -3.9512e-01 -2.8834e-01 -1.9954e-01 -3.1165e-02 -7.2817e-02 -1.9078e-01 +2.8953e-01 +1.6502e-01
8125 0 +8.317185495e-02 -9.999168281e+02 -9.999168281e+02 +7.7413e-01 -3.0863e-01 -3.6989e-01 -2.6041e-01 -2.1352e-01 -8.6219e-02 -1.1778e-01 -1.7814e-01 +2.5497e-01 +1.7923e-01
10456 0 +8.127995471e-02 -9.999187200e+02 -9.999187200e+02 +7.9332e-01 -3.2297e-01 -3.3334e-01 -2.2489e-01 -2.3525e-01 -1.6322e-01 -1.7165e-01 -1.5622e-01 +2.0553e-01 +1.9976e-01
13764 0 +7.943159598e-02 -9.999205684e+02 -9.999205684e+02 +8.2008e-01 -3.3094e-01 -2.6821e-01 -1.6941e-01 -2.7096e-01 -2.7948e-01 -2.3920e-01 -1.1678e-01 +1.2042e-01 +2.4040e-01
27055 0 +7.762279708e-02 -9.999223772e+02 -9.999223772e+02 +8.6382e-01 -3.3930e-01 -1.1618e-01 -4.2810e-02 -3.5741e-01 -5.4648e-01 -3.6375e-01 -5.9199e-03 -1.1179e-01 +3.4731e-01
% f evaluations | g evaluations | best noise-free fitness - Fopt (-9.243000000000e+02) + sum g_i+ | measured fitness | best measured fitness or single-digit g-values | x1 | x2...
1 0 +2.503737427e-01 -9.240496263e+02 -9.240496263e+02 +0.0000e+00 +0.0000e+00 +0.0000e+00 +0.0000e+00 +0.0000e+00 +0.0000e+00 +0.0000e+00 +0.0000e+00 +0.0000e+00 +0.0000e+00
1435 0 +2.477860675e-01 -9.240522139e+02 -9.240522139e+02 +3.9866e-01 +1.1124e-01 -7.1916e-01 -2.6818e-01 -1.7693e-01 +3.2039e-01 +5.9018e-01 -4.8074e-01 -2.1742e-01 +7.2367e-01
1441 0 +2.394098811e-01 -9.240605901e+02 -9.240605901e+02 +4.0044e-01 +1.1123e-01 -7.1894e-01 -2.6760e-01 -1.7707e-01 +3.1865e-01 +5.8862e-01 -4.8090e-01 -2.1811e-01 +7.2416e-01
1447 0 +2.323892811e-01 -9.240676107e+02 -9.240676107e+02 +4.0029e-01 +1.0900e-01 -7.1925e-01 -2.6840e-01 -1.7727e-01 +3.1894e-01 +5.8731e-01 -4.8054e-01 -2.1798e-01 +7.2373e-01
1451 0 +2.169192992e-01 -9.240830807e+02 -9.240830807e+02 +4.0007e-01 +1.1038e-01 -7.1955e-01 -2.6839e-01 -1.7691e-01 +3.1911e-01 +5.8833e-01 -4.8054e-01 -2.1809e-01 +7.2383e-01
1475 0 +1.923271081e-01 -9.241076729e+02 -9.241076729e+02 +3.9845e-01 +1.0873e-01 -7.2079e-01 -2.6971e-01 -1.7611e-01 +3.1964e-01 +5.8726e-01 -4.7984e-01 -2.1868e-01 +7.2316e-01
1551 0 +1.873115381e-01 -9.241126885e+02 -9.241126885e+02 +3.9942e-01 +1.0966e-01 -7.2211e-01 -2.6902e-01 -1.7625e-01 +3.1986e-01 +5.8599e-01 -4.8114e-01 -2.1857e-01 +7.2438e-01
1660 0 +1.856061312e-01 -9.241143939e+02 -9.241143939e+02 +3.9864e-01 +1.0957e-01 -7.2357e-01 -2.6972e-01 -1.7583e-01 +3.2058e-01 +5.8624e-01 -4.8011e-01 -2.1830e-01 +7.2399e-01
1681 0 +1.808523053e-01 -9.241191477e+02 -9.241191477e+02 +3.9857e-01 +1.0949e-01 -7.2362e-01 -2.6986e-01 -1.7571e-01 +3.2028e-01 +5.8594e-01 -4.8033e-01 -2.1824e-01 +7.2428e-01
1692 0 +1.767773797e-01 -9.241232226e+02 -9.241232226e+02 +3.9804e-01 +1.0842e-01 -7.2363e-01 -2.7051e-01 -1.7548e-01 +3.2028e-01 +5.8634e-01 -4.7952e-01 -2.1831e-01 +7.2392e-01
1781 0 +1.736091502e-01 -9.241263908e+02 -9.241263908e+02 +3.9824e-01 +1.0848e-01 -7.2452e-01 -2.7041e-01 -1.7589e-01 +3.2061e-01 +5.8555e-01 -4.8014e-01 -2.1841e-01 +7.2385e-01
1931 0 +1.696909853e-01 -9.241303090e+02 -9.241303090e+02 +3.9786e-01 +1.0786e-01 -7.2432e-01 -2.7116e-01 -1.7603e-01 +3.2088e-01 +5.8606e-01 -4.7960e-01 -2.1819e-01 +7.2321e-01
2061 0 +1.658475533e-01 -9.241341524e+02 -9.241341524e+02 +3.9785e-01 +1.0724e-01 -7.2372e-01 -2.7160e-01 -1.7661e-01 +3.2129e-01 +5.8683e-01 -4.7889e-01 -2.1801e-01 +7.2257e-01
2109 0 +1.617836683e-01 -9.241382163e+02 -9.241382163e+02 +3.9729e-01 +1.0688e-01 -7.2249e-01 -2.7229e-01 -1.7741e-01 +3.2148e-01 +5.8865e-01 -4.7752e-01 -2.1743e-01 +7.2149e-01
2142 0 +1.580903865e-01 -9.241419096e+02 -9.241419096e+02 +3.9667e-01 +1.0639e-01 -7.2169e-01 -2.7314e-01 -1.7851e-01 +3.2231e-01 +5.9067e-01 -4.7609e-01 -2.1661e-01 +7.2037e-01
2165 0 +1.544630854e-01 -9.241455369e+02 -9.241455369e+02 +3.9618e-01 +1.0578e-01 -7.2112e-01 -2.7404e-01 -1.7915e-01 +3.2278e-01 +5.9174e-01 -4.7489e-01 -2.1612e-01 +7.1934e-01
2246 0 +1.512840689e-01 -9.241487159e+02 -9.241487159e+02 +3.9596e-01 +1.0439e-01 -7.1982e-01 -2.7527e-01 -1.8071e-01 +3.2379e-01 +5.9377e-01 -4.7346e-01 -2.1533e-01 +7.1780e-01
2263 0 +1.477481307e-01 -9.241522519e+02 -9.241522519e+02 +3.9583e-01 +1.0442e-01 -7.2110e-01 -2.7565e-01 -1.7959e-01 +3.2387e-01 +5.9285e-01 -4.7401e-01 -2.1558e-01 +7.1808e-01
2329 0 +1.433406045e-01 -9.241566594e+02 -9.241566594e+02 +3.9520e-01 +1.0319e-01 -7.1978e-01 -2.7724e-01 -1.8152e-01 +3.2506e-01 +5.9561e-01 -4.7170e-01 -2.1446e-01 +7.1586e-01
2357 0 +1.407536462e-01 -9.241592464e+02 -9.241592464e+02 +3.9391e-01 +1.0125e-01 -7.1818e-01 -2.7970e-01 -1.8338e-01 +3.2644e-01 +5.9878e-01 -4.6908e-01 -2.1311e-01 +7.1321e-01
2442 0 +1.379460311e-01 -9.241620540e+02 -9.241620540e+02 +3.9355e-01 +1.0111e-01 -7.1963e-01 -2.7982e-01 -1.8256e-01 +3.2644e-01 +5.9739e-01 -4.6959e-01 -2.1361e-01 +7.1373e-01
2591 0 +1.348298603e-01 -9.241651701e+02 -9.241651701e+02 +3.9199e-01 +9.9100e-02 -7.1873e-01 -2.8259e-01 -1.8422e-01 +3.2831e-01 +6.0116e-01 -4.6660e-01 -2.1195e-01 +7.1060e-01
6769 0 +1.318228710e-01 -9.241681771e+02 -9.241681771e+02 +4.3008e-01 +1.1186e-01 -7.2283e-01 -2.9421e-01 -2.5534e-01 +3.6923e-01 +5.2895e-01 -4.6320e-01 -2.3678e-01 +6.7135e-01
7868 0 +1.288173253e-01 -9.241711827e+02 -9.241711827e+02 +4.4570e-01 +1.1256e-01 -7.2034e-01 -3.0424e-01 -2.9072e-01 +3.9049e-01 +4.9844e-01 -4.5932e-01 -2.4844e-01 +6.4576e-01
9555 0 +1.258441751e-01 -9.241741558e+02 -9.241741558e+02 +4.5749e-01 +1.1337e-01 -7.1891e-01 -3.0898e-01 -3.1297e-01 +4.0289e-01 +4.7457e-01 -4.5901e-01 -2.5813e-01 +6.2936e-01
11071 0 +1.230244853e-01 -9.241769755e+02 -9.241769755e+02 +4.7141e-01 +1.1142e-01 -7.1480e-01 -3.1756e-01 -3.4391e-01 +4.2028e-01 +4.4479e-01 -4.5642e-01 -2.7080e-01 +6.0394e-01
11542 0 +1.202033234e-01 -9.241797967e+02 -9.241797967e+02 +4.7878e-01 +1.0812e-01 -7.1149e-01 -3.2502e-01 -3.6438e-01 +4.3200e-01 +4.2749e-01 -4.5228e-01 -2.7841e-01 +5.8492e-01
11732 0 +1.173135759e-01 -9.241826864e+02 -9.241826864e+02 +4.8386e-01 +1.0690e-01 -7.0970e-01 -3.2800e-01 -3.7582e-01 +4.3792e-01 +4.1463e-01 -4.5120e-01 -2.8424e-01 +5.7467e-01
12278 0 +1.148007293e-01 -9.241851993e+02 -9.241851993e+02 +4.8998e-01 +1.0442e-01 -7.0717e-01 -3.3296e-01 -3.9104e-01 +4.4608e-01 +3.9816e-01 -4.4908e-01 -2.9179e-01 +5.5977e-01
12880 0 +1.121971143e-01 -9.241878029e+02 -9.241878029e+02 +4.9967e-01 +9.9187e-02 -7.0139e-01 -3.4127e-01 -4.1576e-01 +4.5900e-01 +3.7238e-01 -4.4454e-01 -3.0404e-01 +5.3453e-01
13741 0 +1.096428876e-01 -9.241903571e+02 -9.241903571e+02 +5.0471e-01 +9.6005e-02 -6.9874e-01 -3.4491e-01 -4.2796e-01 +4.6504e-01 +3.5884e-01 -4.4267e-01 -3.1048e-01 +5.2194e-01
14409 0 +1.071000340e-01 -9.241929000e+02 -9.241929000e+02 +5.1186e-01 +9.0888e-02 -6.9434e-01 -3.5064e-01 -4.4668e-01 +4.7402e-01 +3.3733e-01 -4.3830e-01 -3.2102e-01 +5.0118e-01
15019 0 +1.046831671e-01 -9.241953168e+02 -9.241953168e+02 +5.1814e-01 +8.3408e-02 -6.8938e-01 -3.5837e-01 -4.6647e-01 +4.8396e-01 +3.1546e-01 -4.3177e-01 -3.3182e-01 +4.7757e-01
15605 0 +1.022947092e-01 -9.241977053e+02 -9.241977053e+02 +5.2373e-01 +7.3567e-02 -6.8373e-01 -3.6742e-01 -4.8760e-01 +4.9404e-01 +2.9263e-01 -4.2182e-01 -3.4325e-01 +4.5079e-01
16627 0 +9.999692801e-02 -9.242000031e+02 -9.242000031e+02 +5.2926e-01 +6.5087e-02 -6.7865e-01 -3.7366e-01 -5.0514e-01 +5.0148e-01 +2.6834e-01 -4.1345e-01 -3.5536e-01 +4.2789e-01
17577 0 +9.770186017e-02 -9.242022981e+02 -9.242022981e+02 +5.3690e-01 +5.6518e-02 -6.7129e-01 -3.7756e-01 -5.2386e-01 +5.0726e-01 +2.3712e-01 -4.0401e-01 -3.7127e-01 +4.0268e-01
19149 0 +9.547476489e-02 -9.242045252e+02 -9.242045252e+02 +5.4317e-01 +4.2160e-02 -6.6143e-01 -3.8507e-01 -5.4644e-01 +5.1488e-01 +2.0057e-01 -3.8559e-01 -3.9014e-01 +3.6906e-01
22356 0 +9.329752838e-02 -9.242067025e+02 -9.242067025e+02 +5.5059e-01 +1.8039e-02 -6.4590e-01 -3.9414e-01 -5.7312e-01 +5.2248e-01 +1.4386e-01 -3.5188e-01 -4.1908e-01 +3.2364e-01
27329 0 +9.119917185e-02 -9.242088008e+02 -9.242088008e+02 +5.6099e-01 -1.0121e-02 -6.1539e-01 -3.9466e-01 -5.9007e-01 +5.2242e-01 +5.8651e-02 -2.9812e-01 -4.6291e-01 +2.8291e-01
% f evaluations | g evaluations | best noise-free fitness - Fopt (-1.035000000000e+01) + sum g_i+ | measured fitness | best measured fitness or single-digit g-values | x1 | x2...
1 0 +2.503737427e-01 -1.009962626e+01 -1.009962626e+01 +0.0000e+00 +0.0000e+00 +0.0000e+00 +0.0000e+00 +0.0000e+00 +0.0000e+00 +0.0000e+00 +0.0000e+00 +0.0000e+00 +0.0000e+00
6017 0 +2.500994018e-01 -1.009990060e+01 -1.009990060e+01 +3.2301e-01 +4.6774e-01 -5.4685e-01 -5.4226e-02 -5.0792e-01 +1.7366e-01 +5.7619e-01 -8.3467e-02 -4.0226e-01 +5.6520e-01
6081 0 +2.453257899e-01 -1.010467421e+01 -1.010467421e+01 +3.2409e-01 +4.6083e-01 -5.3784e-01 -5.9854e-02 -5.1316e-01 +1.8582e-01 +5.7598e-01 -8.6290e-02 -4.0076e-01 +5.6390e-01
6134 0 +2.395012230e-01 -1.011049878e+01 -1.011049878e+01 +3.2432e-01 +4.6040e-01 -5.4085e-01 -5.5738e-02 -5.1377e-01 +1.8369e-01 +5.7027e-01 -8.9225e-02 -4.0486e-01 +5.6589e-01
6202 0 +2.327771542e-01 -1.011722285e+01 -1.011722285e+01 +3.2487e-01 +4.5517e-01 -5.3476e-01 -6.0934e-02 -5.1914e-01 +1.9271e-01 +5.6808e-01 -9.2417e-02 -4.0307e-01 +5.6409e-01
6215 0 +2.287386900e-01 -1.012126131e+01 -1.012126131e+01 +3.2572e-01 +4.5294e-01 -5.3565e-01 -5.9352e-02 -5.2315e-01 +1.9406e-01 +5.5942e-01 -9.7453e-02 -4.0737e-01 +5.6476e-01
6267 0 +2.238609782e-01 -1.012613902e+01 -1.012613902e+01 +3.2657e-01 +4.4701e-01 -5.2910e-01 -6.0942e-02 -5.2616e-01 +2.0311e-01 +5.5921e-01 -9.9504e-02 -4.0791e-01 +5.6615e-01
6285 0 +2.168259842e-01 -1.013317402e+01 -1.013317402e+01 +3.2705e-01 +4.4113e-01 -5.2625e-01 -6.2419e-02 -5.3396e-01 +2.1001e-01 +5.4889e-01 -1.0696e-01 -4.1044e-01 +5.6515e-01
6331 0 +2.135547775e-01 -1.013644522e+01 -1.013644522e+01 +3.2768e-01 +4.3869e-01 -5.2405e-01 -6.1718e-02 -5.3474e-01 +2.1297e-01 +5.4809e-01 -1.0777e-01 -4.1161e-01 +5.6694e-01
6373 0 +2.071459757e-01 -1.014285402e+01 -1.014285402e+01 +3.2832e-01 +4.3834e-01 -5.2792e-01 -5.7282e-02 -5.3684e-01 +2.1036e-01 +5.3932e-01 -1.1194e-01 -4.1740e-01 +5.6944e-01
6450 0 +2.034738086e-01 -1.014652619e+01 -1.014652619e+01 +3.2871e-01 +4.3406e-01 -5.2606e-01 -5.8003e-02 -5.4252e-01 +2.1539e-01 +5.3155e-01 -1.1778e-01 -4.2011e-01 +5.7007e-01
6591 0 +1.990484272e-01 -1.015095157e+01 -1.015095157e+01 +3.2930e-01 +4.3106e-01 -5.2356e-01 -5.7726e-02 -5.4388e-01 +2.1979e-01 +5.3018e-01 -1.1892e-01 -4.2131e-01 +5.7113e-01
6698 0 +1.949378114e-01 -1.015506219e+01 -1.015506219e+01 +3.3048e-01 +4.2382e-01 -5.1897e-01 -6.0972e-02 -5.5399e-01 +2.2994e-01 +5.1825e-01 -1.2731e-01 -4.2430e-01 +5.7041e-01
6764 0 +1.898400741e-01 -1.016015993e+01 -1.016015993e+01 +3.3084e-01 +4.2228e-01 -5.1808e-01 -6.1528e-02 -5.5672e-01 +2.3180e-01 +5.1487e-01 -1.3002e-01 -4.2548e-01 +5.7058e-01
6851 0 +1.859673867e-01 -1.016403261e+01 -1.016403261e+01 +3.3219e-01 +4.1464e-01 -5.1253e-01 -6.3419e-02 -5.6554e-01 +2.4218e-01 +5.0502e-01 -1.3710e-01 -4.2914e-01 +5.7188e-01
6942 0 +1.819500326e-01 -1.016804997e+01 -1.016804997e+01 +3.3343e-01 +4.0796e-01 -5.0756e-01 -6.4652e-02 -5.7297e-01 +2.5109e-01 +4.9686e-01 -1.4340e-01 -4.3247e-01 +5.7348e-01
7258 0 +1.776953174e-01 -1.017230468e+01 -1.017230468e+01 +3.3433e-01 +4.0126e-01 -5.0210e-01 -6.6867e-02 -5.8115e-01 +2.6043e-01 +4.8914e-01 -1.4937e-01 -4.3460e-01 +5.7442e-01
7707 0 +1.737748035e-01 -1.017622520e+01 -1.017622520e+01 +3.3629e-01 +3.9408e-01 -4.9765e-01 -6.5002e-02 -5.8888e-01 +2.6907e-01 +4.7867e-01 -1.5596e-01 -4.4155e-01 +5.7799e-01
8114 0 +1.697577172e-01 -1.018024228e+01 -1.018024228e+01 +3.3797e-01 +3.9663e-01 -5.0526e-01 -5.6608e-02 -5.8902e-01 +2.6341e-01 +4.6838e-01 -1.5917e-01 -4.5211e-01 +5.8169e-01
9035 0 +1.659577677e-01 -1.018404223e+01 -1.018404223e+01 +3.4469e-01 +3.9695e-01 -5.1403e-01 -4.0811e-02 -5.9226e-01 +2.6051e-01 +4.4684e-01 -1.6541e-01 -4.7691e-01 +5.9226e-01
10267 0 +1.621410472e-01 -1.018785895e+01 -1.018785895e+01 +3.5809e-01 +3.9230e-01 -5.1668e-01 -2.5927e-02 -6.0482e-01 +2.6921e-01 +4.1429e-01 -1.7545e-01 -5.1408e-01 +6.0648e-01
11024 0 +1.584651592e-01 -1.019153484e+01 -1.019153484e+01 +3.6827e-01 +3.9737e-01 -5.2488e-01 -1.4108e-02 -6.0524e-01 +2.6564e-01 +3.9928e-01 -1.7517e-01 -5.3910e-01 +6.1427e-01
14822 0 +1.548796833e-01 -1.019512032e+01 -1.019512032e+01 +3.8447e-01 +3.9673e-01 -5.3422e-01 +2.2084e-03 -6.1337e-01 +2.6885e-01 +3.7124e-01 -1.7880e-01 -5.7867e-01 +6.2709e-01
16533 0 +1.513474855e-01 -1.019865251e+01 -1.019865251e+01 +4.0001e-01 +3.9495e-01 -5.4972e-01 +1.9894e-02 -6.2329e-01 +2.6958e-01 +3.4126e-01 -1.8301e-01 -6.1833e-01 +6.3927e-01
18344 0 +1.478804121e-01 -1.020211959e+01 -1.020211959e+01 +4.2158e-01 +3.9407e-01 -5.6701e-01 +4.1385e-02 -6.2980e-01 +2.7051e-01 +3.1438e-01 -1.8090e-01 -6.6667e-01 +6.5497e-01
20534 0 +1.445336820e-01 -1.020546632e+01 -1.020546632e+01 +4.4621e-01 +3.9008e-01 -5.9186e-01 +6.4021e-02 -6.4332e-01 +2.7244e-01 +2.7861e-01 -1.8081e-01 -7.2199e-01 +6.6952e-01
23764 0 +1.412441445e-01 -1.020875586e+01 -1.020875586e+01 +4.7632e-01 +3.8213e-01 -6.2408e-01 +9.0139e-02 -6.6117e-01 +2.7657e-01 +2.3816e-01 -1.7920e-01 -7.8729e-01 +6.8663e-01
26348 0 +1.380378409e-01 -1.021196216e+01 -1.021196216e+01 +5.1233e-01 +3.7598e-01 -6.6047e-01 +1.1768e-01 -6.7547e-01 +2.7893e-01 +2.0344e-01 -1.6988e-01 -8.5858e-01 +7.0449e-01
31354 0 +1.348903438e-01 -1.021510966e+01 -1.021510966e+01 +5.6095e-01 +3.6545e-01 -7.1073e-01 +1.4959e-01 -6.9815e-01 +2.8389e-01 +1.5938e-01 -1.5592e-01 -9.5045e-01 +7.2447e-01
37363 0 +1.317927137e-01 -1.021820729e+01 -1.021820729e+01 +6.1213e-01 +3.4796e-01 -7.6965e-01 +1.8272e-01 -7.2640e-01 +2.9205e-01 +1.1333e-01 -1.4147e-01 -1.0464e+00 +7.4431e-01
42539 0 +1.288057947e-01 -1.022119421e+01 -1.022119421e+01 +6.7922e-01 +3.2764e-01 -8.4726e-01 +2.2093e-01 -7.5954e-01 +2.9950e-01 +6.4395e-02 -1.1633e-01 -1.1652e+00 +7.6594e-01
49432 0 +1.258921670e-01 -1.022410783e+01 -1.022410783e+01 +7.6715e-01 +2.9623e-01 -9.5157e-01 +2.6748e-01 -8.0409e-01 +3.1171e-01 +8.7860e-03 -7.9786e-02 -1.3157e+00 +7.9199e-01
57745 0 +1.230223047e-01 -1.022697770e+01 -1.022697770e+01 +8.7638e-01 +2.5550e-01 -1.0828e+00 +3.1740e-01 -8.6073e-01 +3.2774e-01 -5.0865e-02 -3.0755e-02 -1.4948e+00 +8.1846e-01
66681 0 +1.202260012e-01 -1.022977400e+01 -1.022977400e+01 +1.0181e+00 +1.9677e-01 -1.2594e+00 +3.7654e-01 -9.3727e-01 +3.5004e-01 -1.1810e-01 +3.6991e-02 -1.7205e+00 +8.4804e-01
79352 0 +1.174878949e-01 -1.023251211e+01 -1.023251211e+01 +1.2144e+00 +1.0876e-01 -1.5090e+00 +4.4875e-01 -1.0471e+00 +3.8377e-01 -1.9679e-01 +1.3582e-01 -2.0226e+00 +8.8224e-01
96286 0 +1.148120969e-01 -1.023518790e+01 -1.023518790e+01 +1.4394e+00 +6.2167e-03 -1.8031e+00 +5.2288e-01 -1.1710e+00 +4.1913e-01 -2.6793e-01 +2.5696e-01 -2.3581e+00 +9.1348e-01
% f evaluations | g evaluations | best noise-free fitness - Fopt (-1.000000000000e+03) + sum g_i+ | measured fitness | best measured fitness or single-digit g-values | x1 | x2...
1 0 +2.503737427e-01 -9.997496263e+02 -9.997496263e+02 +0.0000e+00 +0.0000e+00 +0.0000e+00 +0.0000e+00 +0.0000e+00 +0.0000e+00 +0.0000e+00 +0.0000e+00 +0.0000e+00 +0.0000e+00
1201 0 +2.426398578e-01 -9.997573601e+02 -9.997573601e+02 +5.7830e-01 +4.7198e-01 -7.7456e-01 +1.5335e-01 -4.8130e-01 +3.8431e-01 +3.4377e-01 -5.7720e-01 -3.3083e-01 +4.2840e-01
1211 0 +2.279653935e-01 -9.997720346e+02 -9.997720346e+02 +5.8052e-01 +4.7393e-01 -7.7176e-01 +1.5614e-01 -4.8021e-01 +3.8189e-01 +3.4491e-01 -5.7366e-01 -3.2997e-01 +4.3140e-01
1281 0 +2.234613628e-01 -9.997765386e+02 -9.997765386e+02 +5.8298e-01 +4.7105e-01 -7.7108e-01 +1.5252e-01 -4.8188e-01 +3.8185e-01 +3.4630e-01 -5.7382e-01 -3.3202e-01 +4.2796e-01
1567 0 +2.184939665e-01 -9.997815060e+02 -9.997815060e+02 +5.8438e-01 +4.6880e-01 -7.7256e-01 +1.4897e-01 -4.8766e-01 +3.8276e-01 +3.4980e-01 -5.7249e-01 -3.3620e-01 +4.2357e-01
1652 0 +2.135971893e-01 -9.997864028e+02 -9.997864028e+02 +5.8413e-01 +4.7075e-01 -7.7076e-01 +1.5003e-01 -4.8348e-01 +3.8083e-01 +3.4781e-01 -5.7215e-01 -3.3375e-01 +4.2618e-01
1895 0 +2.088279069e-01 -9.997911721e+02 -9.997911721e+02 +5.8316e-01 +4.7309e-01 -7.6982e-01 +1.5141e-01 -4.8276e-01 +3.7857e-01 +3.4778e-01 -5.7431e-01 -3.3420e-01 +4.2823e-01
2053 0 +2.037974786e-01 -9.997962025e+02 -9.997962025e+02 +5.8326e-01 +4.7623e-01 -7.6702e-01 +1.5143e-01 -4.8349e-01 +3.7503e-01 +3.4909e-01 -5.7538e-01 -3.3544e-01 +4.3031e-01
2121 0 +1.992849997e-01 -9.998007150e+02 -9.998007150e+02 +5.8159e-01 +4.8032e-01 -7.6582e-01 +1.5127e-01 -4.8494e-01 +3.7160e-01 +3.4997e-01 -5.7870e-01 -3.3702e-01 +4.3231e-01
2541 0 +1.947827713e-01 -9.998052172e+02 -9.998052172e+02 +5.8126e-01 +4.8345e-01 -7.6541e-01 +1.5178e-01 -4.8902e-01 +3.6919e-01 +3.5330e-01 -5.7927e-01 -3.3874e-01 +4.3422e-01
2670 0 +1.901684308e-01 -9.998098316e+02 -9.998098316e+02 +5.8019e-01 +4.9041e-01 -7.6351e-01 +1.5594e-01 -4.9188e-01 +3.6390e-01 +3.5697e-01 -5.7917e-01 -3.3847e-01 +4.3935e-01
2766 0 +1.858445249e-01 -9.998141555e+02 -9.998141555e+02 +5.7976e-01 +4.9691e-01 -7.6276e-01 +1.5798e-01 -4.9797e-01 +3.5784e-01 +3.6224e-01 -5.7997e-01 -3.4145e-01 +4.4274e-01
2843 0 +1.815255588e-01 -9.998184744e+02 -9.998184744e+02 +5.7834e-01 +5.0259e-01 -7.6278e-01 +1.6068e-01 -5.0265e-01 +3.5315e-01 +3.6699e-01 -5.8042e-01 -3.4278e-01 +4.4538e-01
2899 0 +1.772729488e-01 -9.998227271e+02 -9.998227271e+02 +5.7633e-01 +5.1469e-01 -7.6285e-01 +1.6720e-01 -5.1240e-01 +3.4356e-01 +3.7621e-01 -5.7994e-01 -3.4464e-01 +4.5292e-01
3046 0 +1.737527578e-01 -9.998262472e+02 -9.998262472e+02 +5.7579e-01 +5.2432e-01 -7.6220e-01 +1.7103e-01 -5.2227e-01 +3.3595e-01 +3.8507e-01 -5.7816e-01 -3.4752e-01 +4.5896e-01
3261 0 +1.696755497e-01 -9.998303245e+02 -9.998303245e+02 +5.7491e-01 +5.3303e-01 -7.5860e-01 +1.6892e-01 -5.2804e-01 +3.2671e-01 +3.9075e-01 -5.8003e-01 -3.5139e-01 +4.6140e-01
3389 0 +1.652834419e-01 -9.998347166e+02 -9.998347166e+02 +5.7442e-01 +5.4063e-01 -7.5753e-01 +1.6811e-01 -5.3435e-01 +3.1982e-01 +3.9729e-01 -5.7658e-01 -3.5122e-01 +4.6274e-01
3445 0 +1.619185506e-01 -9.998380814e+02 -9.998380814e+02 +5.7325e-01 +5.4833e-01 -7.5533e-01 +1.6936e-01 -5.3561e-01 +3.1238e-01 +4.0046e-01 -5.7563e-01 -3.5032e-01 +4.6590e-01
3512 0 +1.580277599e-01 -9.998419722e+02 -9.998419722e+02 +5.7281e-01 +5.5461e-01 -7.5350e-01 +1.6705e-01 -5.3860e-01 +3.0575e-01 +4.0373e-01 -5.7498e-01 -3.5076e-01 +4.6670e-01
3560 0 +1.541151287e-01 -9.998458849e+02 -9.998458849e+02 +5.7157e-01 +5.6225e-01 -7.5118e-01 +1.6525e-01 -5.3956e-01 +2.9764e-01 +4.0630e-01 -5.7402e-01 -3.4960e-01 +4.6847e-01
3574 0 +1.500796012e-01 -9.998499204e+02 -9.998499204e+02 +5.7076e-01 +5.7067e-01 -7.4868e-01 +1.6250e-01 -5.4221e-01 +2.8844e-01 +4.1055e-01 -5.7134e-01 -3.4822e-01 +4.6911e-01
3640 0 +1.473836237e-01 -9.998526164e+02 -9.998526164e+02 +5.6948e-01 +5.7885e-01 -7.4741e-01 +1.6246e-01 -5.4426e-01 +2.8225e-01 +4.1406e-01 -5.6767e-01 -3.4494e-01 +4.7051e-01
3695 0 +1.441529913e-01 -9.998558470e+02 -9.998558470e+02 +5.6954e-01 +5.8305e-01 -7.4429e-01 +1.5702e-01 -5.4539e-01 +2.7535e-01 +4.1606e-01 -5.6850e-01 -3.4688e-01 +4.6938e-01
3715 0 +1.408521393e-01 -9.998591479e+02 -9.998591479e+02 +5.7025e-01 +5.8469e-01 -7.4449e-01 +1.5788e-01 -5.4701e-01 +2.7369e-01 +4.1841e-01 -5.6570e-01 -3.4609e-01 +4.6951e-01
3767 0 +1.377855811e-01 -9.998622144e+02 -9.998622144e+02 +5.6954e-01 +5.9516e-01 -7.4026e-01 +1.5123e-01 -5.4843e-01 +2.6196e-01 +4.2248e-01 -5.6165e-01 -3.4337e-01 +4.6831e-01
3815 0 +1.348212656e-01 -9.998651787e+02 -9.998651787e+02 +5.6887e-01 +5.9841e-01 -7.3812e-01 +1.5084e-01 -5.4596e-01 +2.5924e-01 +4.2237e-01 -5.5982e-01 -3.3992e-01 +4.6941e-01
3884 0 +1.317621922e-01 -9.998682378e+02 -9.998682378e+02 +5.6873e-01 +6.0742e-01 -7.3483e-01 +1.4841e-01 -5.5093e-01 +2.4941e-01 +4.2868e-01 -5.5737e-01 -3.4045e-01 +4.7056e-01
4013 0 +1.286210274e-01 -9.998713790e+02 -9.998713790e+02 +5.6770e-01 +6.1939e-01 -7.2874e-01 +1.4418e-01 -5.5120e-01 +2.3726e-01 +4.3282e-01 -5.5341e-01 -3.3643e-01 +4.7207e-01
4185 0 +1.256366357e-01 -9.998743634e+02 -9.998743634e+02 +5.6635e-01 +6.3204e-01 -7.2148e-01 +1.4087e-01 -5.5223e-01 +2.2387e-01 +4.3752e-01 -5.5239e-01 -3.3478e-01 +4.7571e-01
4373 0 +1.229016310e-01 -9.998770984e+02 -9.998770984e+02 +5.6530e-01 +6.4228e-01 -7.1250e-01 +1.3686e-01 -5.4983e-01 +2.1264e-01 +4.3950e-01 -5.5198e-01 -3.3208e-01 +4.7892e-01
4561 0 +1.202022791e-01 -9.998797977e+02 -9.998797977e+02 +5.6418e-01 +6.6102e-01 -7.0029e-01 +1.2871e-01 -5.5126e-01 +1.9251e-01 +4.4704e-01 -5.4742e-01 -3.2830e-01 +4.8200e-01
4699 0 +1.172720477e-01 -9.998827280e+02 -9.998827280e+02 +5.6351e-01 +6.7394e-01 -6.8873e-01 +1.2314e-01 -5.4959e-01 +1.7938e-01 +4.5095e-01 -5.4475e-01 -3.2478e-01 +4.8631e-01
4803 0 +1.144142158e-01 -9.998855858e+02 -9.998855858e+02 +5.6219e-01 +6.9262e-01 -6.7625e-01 +1.1811e-01 -5.5156e-01 +1.6076e-01 +4.5902e-01 -5.4074e-01 -3.2111e-01 +4.9235e-01
5005 0 +1.119610689e-01 -9.998880389e+02 -9.998880389e+02 +5.6215e-01 +6.9956e-01 -6.6815e-01 +1.1535e-01 -5.5035e-01 +1.5436e-01 +4.6143e-01 -5.3879e-01 -3.1866e-01 +4.9575e-01
5103 0 +1.089268474e-01 -9.998910732e+02 -9.998910732e+02 +5.6130e-01 +7.1806e-01 -6.5154e-01 +1.0963e-01 -5.4849e-01 +1.3748e-01 +4.6820e-01 -5.3238e-01 -3.1126e-01 +5.0381e-01
5547 0 +1.071299947e-01 -9.998928700e+02 -9.998928700e+02 +5.6116e-01 +7.2046e-01 -6.4739e-01 +1.0906e-01 -5.4695e-01 +1.3522e-01 +4.6882e-01 -5.3216e-01 -3.1006e-01 +5.0649e-01
5875 0 +1.045843039e-01 -9.998954157e+02 -9.998954157e+02 +5.6090e-01 +7.3449e-01 -6.3355e-01 +1.0276e-01 -5.4528e-01 +1.1998e-01 +4.7461e-01 -5.2903e-01 -3.0662e-01 +5.1100e-01
5991 0 +1.023260735e-01 -9.998976739e+02 -9.998976739e+02 +5.6081e-01 +7.4841e-01 -6.2013e-01 +9.6272e-02 -5.4267e-01 +1.0392e-01 +4.8015e-01 -5.2541e-01 -3.0267e-01 +5.1437e-01
6068 0 +9.984032928e-02 -9.999001597e+02 -9.999001597e+02 +5.6150e-01 +7.6269e-01 -6.0371e-01 +8.7656e-02 -5.3963e-01 +8.6636e-02 +4.8633e-01 -5.2202e-01 -2.9976e-01 +5.1786e-01
6130 0 +9.738385857e-02 -9.999026161e+02 -9.999026161e+02 +5.6165e-01 +7.6245e-01 -6.0182e-01 +8.7800e-02 -5.3736e-01 +8.5657e-02 +4.8571e-01 -5.2334e-01 -2.9995e-01 +5.1811e-01
6223 0 +9.529437597e-02 -9.999047056e+02 -9.999047056e+02 +5.6194e-01 +7.7146e-01 -5.9318e-01 +8.4071e-02 -5.3596e-01 +7.4372e-02 +4.8996e-01 -5.2123e-01 -2.9846e-01 +5.2004e-01
6272 0 +9.187787228e-02 -9.999081221e+02 -9.999081221e+02 +5.6254e-01 +7.7840e-01 -5.8503e-01 +8.0995e-02 -5.3312e-01 +6.4756e-02 +4.9335e-01 -5.1946e-01 -2.9680e-01 +5.2137e-01
6286 0 +9.063441488e-02 -9.999093656e+02 -9.999093656e+02 +5.6311e-01 +7.8062e-01 -5.8055e-01 +7.9657e-02 -5.3212e-01 +6.1712e-02 +4.9475e-01 -5.1924e-01 -2.9695e-01 +5.2313e-01
6304 0 +8.878075394e-02 -9.999112192e+02 -9.999112192e+02 +5.6356e-01 +7.9072e-01 -5.7093e-01 +7.4716e-02 -5.3043e-01 +4.9443e-02 +4.9961e-01 -5.1573e-01 -2.9432e-01 +5.2438e-01
6313 0 +8.653932864e-02 -9.999134607e+02 -9.999134607e+02 +5.6421e-01 +7.9427e-01 -5.6531e-01 +7.1980e-02 -5.2925e-01 +4.3411e-02 +5.0176e-01 -5.1626e-01 -2.9535e-01 +5.2493e-01
6361 0 +8.499015785e-02 -9.999150098e+02 -9.999150098e+02 +5.6420e-01 +7.9385e-01 -5.6667e-01 +7.3443e-02 -5.2855e-01 +4.2013e-02 +5.0143e-01 -5.1805e-01 -2.9690e-01 +5.2354e-01
6457 0 +8.241200464e-02 -9.999175880e+02 -9.999175880e+02 +5.6546e-01 +8.0163e-01 -5.5497e-01 +6.9355e-02 -5.2227e-01 +2.8925e-02 +5.0486e-01 -5.1709e-01 -2.9569e-01 +5.2463e-01
6480 0 +8.117543748e-02 -9.999188246e+02 -9.999188246e+02 +5.6579e-01 +8.0478e-01 -5.5098e-01 +6.7879e-02 -5.2098e-01 +2.4141e-02 +5.0633e-01 -5.1721e-01 -2.9573e-01 +5.2537e-01
6517 0 +7.903628761e-02 -9.999209637e+02 -9.999209637e+02 +5.6582e-01 +8.0534e-01 -5.4983e-01 +6.9700e-02 -5.2010e-01 +2.5457e-02 +5.0650e-01 -5.1518e-01 -2.9339e-01 +5.2789e-01
6592 0 +7.751809378e-02 -9.999224819e+02 -9.999224819e+02 +5.6611e-01 +8.0610e-01 -5.4705e-01 +6.9481e-02 -5.1859e-01 +2.3653e-02 +5.0670e-01 -5.1604e-01 -2.9368e-01 +5.2888e-01
6746 0 +7.567254553e-02 -9.999243275e+02 -9.999243275e+02 +5.6621e-01 +8.0868e-01 -5.4571e-01 +6.9789e-02 -5.1870e-01 +2.0055e-02 +5.0858e-01 -5.1526e-01 -2.9347e-01 +5.2959e-01
6844 0 +7.399068663e-02 -9.999260093e+02 -9.999260093e+02 +5.6664e-01 +8.1074e-01 -5.4238e-01 +6.9644e-02 -5.1739e-01 +1.7362e-02 +5.0992e-01 -5.1431e-01 -2.9264e-01 +5.3111e-01
6907 0 +7.210579813e-02 -9.999278942e+02 -9.999278942e+02 +5.6717e-01 +8.1333e-01 -5.3761e-01 +7.0108e-02 -5.1429e-01 +1.3931e-02 +5.1097e-01 -5.1322e-01 -2.9089e-01 +5.3349e-01
6957 0 +7.033852016e-02 -9.999296615e+02 -9.999296615e+02 +5.6787e-01 +8.2013e-01 -5.2986e-01 +6.9379e-02 -5.1168e-01 +5.9780e-03 +5.1490e-01 -5.0948e-01 -2.8753e-01 +5.3703e-01
7152 0 +6.908848752e-02 -9.999309115e+02 -9.999309115e+02 +5.6896e-01 +8.2318e-01 -5.2482e-01 +6.8108e-02 -5.0822e-01 -6.8289e-04 +5.1682e-01 -5.0897e-01 -2.8739e-01 +5.3679e-01
7387 0 +6.757588138e-02 -9.999324241e+02 -9.999324241e+02 +5.6983e-01 +8.2843e-01 -5.1972e-01 +6.5501e-02 -5.0566e-01 -1.0341e-02 +5.2007e-01 -5.0768e-01 -2.8700e-01 +5.3588e-01
8177 0 +6.606791413e-02 -9.999339321e+02 -9.999339321e+02 +5.7191e-01 +8.3488e-01 -5.0845e-01 +6.0552e-02 -4.9939e-01 -2.4009e-02 +5.2449e-01 -5.0664e-01 -2.8645e-01 +5.3605e-01
8456 0 +6.452958728e-02 -9.999354704e+02 -9.999354704e+02 +5.7365e-01 +8.3138e-01 -5.0045e-01 +5.1173e-02 -4.9210e-01 -2.0487e-02 +5.2090e-01 -5.0662e-01 -2.8282e-01 +5.3578e-01
8685 0 +6.296555456e-02 -9.999370344e+02 -9.999370344e+02 +5.7675e-01 +8.3149e-01 -4.8991e-01 +4.2916e-02 -4.8021e-01 -2.4486e-02 +5.1961e-01 -5.0287e-01 -2.7668e-01 +5.3375e-01
9993 0 +6.165384779e-02 -9.999383462e+02 -9.999383462e+02 +5.7973e-01 +8.3517e-01 -4.7874e-01 +3.9444e-02 -4.6733e-01 -3.7524e-02 +5.2129e-01 -5.0182e-01 -2.7447e-01 +5.3235e-01
12228 0 +6.024927520e-02 -9.999397507e+02 -9.999397507e+02 +5.8016e-01 +8.4913e-01 -4.5198e-01 +3.2094e-02 -4.5559e-01 -5.8255e-02 +5.3235e-01 -4.9925e-01 -2.6861e-01 +5.3804e-01
14364 0 +5.888037054e-02 -9.999411196e+02 -9.999411196e+02 +5.7072e-01 +8.8241e-01 -3.8742e-01 +1.9519e-02 -4.2885e-01 -1.0731e-01 +5.6508e-01 -4.9854e-01 -2.4600e-01 +5.4514e-01
% f evaluations | g evaluations | best noise-free fitness - Fopt (2.880000000000e+01) + sum g_i+ | measured fitness | best measured fitness or single-digit g-values | x1 | x2...
1 0 +2.503737427e-01 +2.905037374e+01 +2.905037374e+01 +0.0000e+00 +0.0000e+00 +0.0000e+00 +0.0000e+00 +0.0000e+00 +0.0000e+00 +0.0000e+00 +0.0000e+00 +0.0000e+00 +0.0000e+00
5140 0 +2.498582444e-01 +2.904985824e+01 +2.904985824e+01 +2.5371e-01 +8.1978e-03 +9.3996e-03 -4.0385e-02 +7.0605e-02 -1.1767e-02 +3.3147e-01 -4.5204e-01 +5.5825e-01 +2.7785e-01
5201 0 +2.451472847e-01 +2.904514728e+01 +2.904514728e+01 +2.5649e-01 +7.9221e-03 +7.0851e-03 -4.0916e-02 +8.0877e-02 -1.2159e-02 +3.3053e-01 -4.5808e-01 +5.4964e-01 +2.8147e-01
5212 0 +2.394113388e-01 +2.903941134e+01 +2.903941134e+01 +2.5702e-01 +9.2045e-03 +6.6453e-03 -3.9790e-02 +7.9916e-02 -1.2867e-02 +3.2777e-01 -4.5951e-01 +5.4707e-01 +2.8209e-01
5264 0 +2.299626406e-01 +2.902996264e+01 +2.902996264e+01 +2.6105e-01 +1.7614e-02 -1.5970e-02 -3.7349e-02 +7.8703e-02 -3.1457e-02 +3.1959e-01 -4.6556e-01 +5.3126e-01 +2.8518e-01
5296 0 +2.254583891e-01 +2.902545839e+01 +2.902545839e+01 +2.6149e-01 +1.6168e-02 -9.1213e-03 -3.7043e-02 +8.4747e-02 -2.6490e-02 +3.1948e-01 -4.6738e-01 +5.3053e-01 +2.8891e-01
5304 0 +2.235181152e-01 +2.902351812e+01 +2.902351812e+01 +2.6395e-01 +1.6531e-02 -1.4869e-02 -3.6444e-02 +8.0035e-02 -2.6988e-02 +3.1759e-01 -4.6810e-01 +5.2722e-01 +2.8337e-01
5336 0 +2.164565572e-01 +2.901645656e+01 +2.901645656e+01 +2.6646e-01 +2.0491e-02 -2.0911e-02 -3.5317e-02 +8.3476e-02 -3.4405e-02 +3.1131e-01 -4.7496e-01 +5.1475e-01 +2.8895e-01
5342 0 +2.133979487e-01 +2.901339795e+01 +2.901339795e+01 +2.6826e-01 +2.1911e-02 -2.0521e-02 -3.4732e-02 +9.2133e-02 -3.6375e-02 +3.0881e-01 -4.7977e-01 +5.0716e-01 +2.9711e-01
5384 0 +2.083778028e-01 +2.900837780e+01 +2.900837780e+01 +2.7277e-01 +2.5329e-02 -2.7970e-02 -3.3901e-02 +9.5409e-02 -4.5330e-02 +3.0432e-01 -4.8462e-01 +4.9544e-01 +3.0425e-01
5441 0 +2.036048422e-01 +2.900360484e+01 +2.900360484e+01 +2.7176e-01 +2.3599e-02 -2.4491e-02 -3.5112e-02 +9.1143e-02 -4.3753e-02 +3.0841e-01 -4.7904e-01 +5.0368e-01 +3.0354e-01
5465 0 +1.980510071e-01 +2.899805101e+01 +2.899805101e+01 +2.7984e-01 +3.4418e-02 -5.1050e-02 -3.1379e-02 +8.3725e-02 -6.6195e-02 +2.9414e-01 -4.8797e-01 +4.7864e-01 +3.0776e-01
5487 0 +1.911307313e-01 +2.899113073e+01 +2.899113073e+01 +2.7773e-01 +3.0043e-02 -3.9828e-02 -3.2350e-02 +9.3684e-02 -5.6969e-02 +2.9914e-01 -4.8777e-01 +4.8475e-01 +3.0992e-01
5539 0 +1.871572074e-01 +2.898715721e+01 +2.898715721e+01 +2.7767e-01 +2.9721e-02 -4.0799e-02 -3.2773e-02 +9.2707e-02 -5.8006e-02 +3.0100e-01 -4.8582e-01 +4.8662e-01 +3.1055e-01
5560 0 +1.860966076e-01 +2.898609661e+01 +2.898609661e+01 +2.8077e-01 +3.2153e-02 -4.4769e-02 -3.1123e-02 +9.5169e-02 -6.1128e-02 +2.9460e-01 -4.9276e-01 +4.7340e-01 +3.1382e-01
5572 0 +1.794881215e-01 +2.897948812e+01 +2.897948812e+01 +2.8787e-01 +3.9477e-02 -6.3606e-02 -2.8283e-02 +9.6443e-02 -7.6429e-02 +2.8531e-01 -5.0068e-01 +4.5337e-01 +3.2000e-01
5595 0 +1.759757146e-01 +2.897597571e+01 +2.897597571e+01 +2.8945e-01 +4.0918e-02 -7.2439e-02 -2.8056e-02 +9.2702e-02 -8.1086e-02 +2.8487e-01 -5.0021e-01 +4.5213e-01 +3.1595e-01
5604 0 +1.727846476e-01 +2.897278465e+01 +2.897278465e+01 +2.9169e-01 +4.2219e-02 -7.7369e-02 -2.7354e-02 +9.1555e-02 -8.4647e-02 +2.8434e-01 -4.9963e-01 +4.4884e-01 +3.1806e-01
5670 0 +1.694579213e-01 +2.896945792e+01 +2.896945792e+01 +2.9482e-01 +4.3961e-02 -7.8900e-02 -2.5567e-02 +9.0664e-02 -8.5374e-02 +2.7824e-01 -5.0513e-01 +4.3899e-01 +3.1841e-01
5689 0 +1.618530188e-01 +2.896185302e+01 +2.896185302e+01 +2.9955e-01 +4.8342e-02 -8.8138e-02 -2.3762e-02 +9.4242e-02 -9.5399e-02 +2.7373e-01 -5.0876e-01 +4.2721e-01 +3.2780e-01
5722 0 +1.552893412e-01 +2.895528934e+01 +2.895528934e+01 +3.0693e-01 +5.4100e-02 -1.0396e-01 -2.1463e-02 +9.5896e-02 -1.0730e-01 +2.6460e-01 -5.1828e-01 +4.0659e-01 +3.3202e-01
5751 0 +1.541924720e-01 +2.895419247e+01 +2.895419247e+01 +3.1028e-01 +5.6432e-02 -1.0961e-01 -2.0307e-02 +9.2691e-02 -1.1178e-01 +2.6076e-01 -5.2004e-01 +3.9942e-01 +3.3313e-01
5779 0 +1.489351463e-01 +2.894893515e+01 +2.894893515e+01 +3.1723e-01 +6.1416e-02 -1.2220e-01 -1.7946e-02 +8.9860e-02 -1.2224e-01 +2.5218e-01 -5.2686e-01 +3.8185e-01 +3.3668e-01
5807 0 +1.458466526e-01 +2.894584665e+01 +2.894584665e+01 +3.1380e-01 +5.7959e-02 -1.1117e-01 -1.8826e-02 +9.4244e-02 -1.1321e-01 +2.5646e-01 -5.2423e-01 +3.9177e-01 +3.3591e-01
5816 0 +1.437539658e-01 +2.894375397e+01 +2.894375397e+01 +3.1439e-01 +5.9808e-02 -1.1527e-01 -1.8704e-02 +9.5856e-02 -1.1820e-01 +2.5548e-01 -5.2519e-01 +3.8945e-01 +3.3908e-01
5823 0 +1.391026973e-01 +2.893910270e+01 +2.893910270e+01 +3.2020e-01 +6.2659e-02 -1.2369e-01 -1.6767e-02 +9.6005e-02 -1.2372e-01 +2.4950e-01 -5.3081e-01 +3.7513e-01 +3.4216e-01
5873 0 +1.363001911e-01 +2.893630019e+01 +2.893630019e+01 +3.2024e-01 +6.1565e-02 -1.2403e-01 -1.7887e-02 +9.6878e-02 -1.2364e-01 +2.5282e-01 -5.2839e-01 +3.7934e-01 +3.4179e-01
5915 0 +1.327178053e-01 +2.893271781e+01 +2.893271781e+01 +3.2610e-01 +6.6387e-02 -1.3276e-01 -1.5994e-02 +9.9400e-02 -1.3317e-01 +2.4507e-01 -5.3575e-01 +3.6346e-01 +3.4936e-01
5944 0 +1.307879702e-01 +2.893078797e+01 +2.893078797e+01 +3.3608e-01 +7.3095e-02 -1.5346e-01 -1.3014e-02 +9.6269e-02 -1.4758e-01 +2.3432e-01 -5.4460e-01 +3.3984e-01 +3.5207e-01
5963 0 +1.283394623e-01 +2.892833946e+01 +2.892833946e+01 +3.3581e-01 +7.3505e-02 -1.5297e-01 -1.1661e-02 +9.4061e-02 -1.4643e-01 +2.3281e-01 -5.4429e-01 +3.3949e-01 +3.5149e-01
6101 0 +1.258223698e-01 +2.892582237e+01 +2.892582237e+01 +3.4038e-01 +7.5824e-02 -1.5738e-01 -1.0618e-02 +9.4685e-02 -1.5125e-01 +2.2878e-01 -5.4774e-01 +3.3046e-01 +3.5620e-01
6159 0 +1.229770640e-01 +2.892297706e+01 +2.892297706e+01 +3.4033e-01 +7.6451e-02 -1.5877e-01 -1.0552e-02 +9.5138e-02 -1.5365e-01 +2.2836e-01 -5.4849e-01 +3.2927e-01 +3.5773e-01
6186 0 +1.199030143e-01 +2.891990301e+01 +2.891990301e+01 +3.4584e-01 +8.0395e-02 -1.7008e-01 -8.3334e-03 +9.1786e-02 -1.6151e-01 +2.2191e-01 -5.5279e-01 +3.1710e-01 +3.5871e-01
6347 0 +1.173077616e-01 +2.891730776e+01 +2.891730776e+01 +3.4585e-01 +8.1634e-02 -1.7367e-01 -7.7108e-03 +9.0012e-02 -1.6448e-01 +2.2050e-01 -5.5367e-01 +3.1523e-01 +3.5810e-01
6405 0 +1.146486323e-01 +2.891464863e+01 +2.891464863e+01 +3.4873e-01 +8.5210e-02 -1.8263e-01 -5.6113e-03 +8.6653e-02 -1.7214e-01 +2.1584e-01 -5.5619e-01 +3.0742e-01 +3.5977e-01
6496 0 +1.116698313e-01 +2.891166983e+01 +2.891166983e+01 +3.6027e-01 +9.3745e-02 -2.0570e-01 -1.6090e-03 +8.3512e-02 -1.9138e-01 +2.0228e-01 -5.6749e-01 +2.7904e-01 +3.6623e-01
6588 0 +1.082160690e-01 +2.890821607e+01 +2.890821607e+01 +3.5246e-01 +8.9417e-02 -1.9261e-01 -4.2460e-03 +8.6904e-02 -1.8418e-01 +2.1154e-01 -5.6000e-01 +2.9787e-01 +3.6640e-01
6694 0 +1.071190534e-01 +2.890711905e+01 +2.890711905e+01 +3.5844e-01 +9.3467e-02 -2.0448e-01 -2.1972e-03 +8.4437e-02 -1.9435e-01 +2.0636e-01 -5.6342e-01 +2.8578e-01 +3.7062e-01
6797 0 +1.043922795e-01 +2.890439228e+01 +2.890439228e+01 +3.5766e-01 +9.2198e-02 -2.0085e-01 -3.4089e-03 +8.7910e-02 -1.9314e-01 +2.0895e-01 -5.6252e-01 +2.8921e-01 +3.7260e-01
6899 0 +1.021915333e-01 +2.890219153e+01 +2.890219153e+01 +3.5879e-01 +9.2983e-02 -2.0541e-01 -3.5383e-03 +8.7282e-02 -1.9672e-01 +2.0883e-01 -5.6282e-01 +2.8751e-01 +3.7242e-01
6972 0 +9.999034220e-02 +2.889999034e+01 +2.889999034e+01 +3.5713e-01 +9.1978e-02 -2.0377e-01 -4.8075e-03 +8.8336e-02 -1.9701e-01 +2.1142e-01 -5.6169e-01 +2.9156e-01 +3.7211e-01
7102 0 +9.771576192e-02 +2.889771576e+01 +2.889771576e+01 +3.5999e-01 +9.4983e-02 -2.1191e-01 -4.0181e-03 +8.8640e-02 -2.0596e-01 +2.0861e-01 -5.6448e-01 +2.8490e-01 +3.7589e-01
7175 0 +9.534885882e-02 +2.889534886e+01 +2.889534886e+01 +3.5816e-01 +9.4011e-02 -2.0691e-01 -5.1811e-03 +9.1722e-02 -2.0579e-01 +2.1130e-01 -5.6315e-01 +2.8984e-01 +3.7934e-01
7250 0 +9.329480076e-02 +2.889329480e+01 +2.889329480e+01 +3.5845e-01 +9.5114e-02 -2.1022e-01 -5.7452e-03 +9.3703e-02 -2.1214e-01 +2.1226e-01 -5.6341e-01 +2.9007e-01 +3.8282e-01
7356 0 +9.113869929e-02 +2.889113870e+01 +2.889113870e+01 +3.6218e-01 +1.0021e-01 -2.2043e-01 -3.3357e-03 +9.3587e-02 -2.2536e-01 +2.0699e-01 -5.6742e-01 +2.8060e-01 +3.9011e-01
7561 0 +8.903976628e-02 +2.888903977e+01 +2.888903977e+01 +3.7183e-01 +1.0815e-01 -2.4001e-01 +6.2171e-04 +9.1155e-02 -2.4345e-01 +1.9554e-01 -5.7632e-01 +2.5840e-01 +3.9668e-01
7708 0 +8.672082052e-02 +2.888672082e+01 +2.888672082e+01 +3.7387e-01 +1.0898e-01 -2.3744e-01 +2.2541e-03 +9.1301e-02 -2.4019e-01 +1.9124e-01 -5.7897e-01 +2.5242e-01 +3.9754e-01
7783 0 +8.510112311e-02 +2.888510112e+01 +2.888510112e+01 +3.7807e-01 +1.1375e-01 -2.4584e-01 +4.8355e-03 +9.0594e-02 -2.4984e-01 +1.8427e-01 -5.8416e-01 +2.4080e-01 +4.0247e-01
7885 0 +8.313219785e-02 +2.888313220e+01 +2.888313220e+01 +3.8189e-01 +1.1836e-01 -2.5302e-01 +8.4025e-03 +8.7950e-02 -2.5690e-01 +1.7687e-01 -5.8814e-01 +2.3037e-01 +4.0598e-01
7969 0 +8.105161275e-02 +2.888105161e+01 +2.888105161e+01 +3.8887e-01 +1.2604e-01 -2.6704e-01 +1.3329e-02 +8.3597e-02 -2.6998e-01 +1.6440e-01 -5.9605e-01 +2.1147e-01 +4.1023e-01
8091 0 +7.940801859e-02 +2.887940802e+01 +2.887940802e+01 +3.9283e-01 +1.3180e-01 -2.7523e-01 +1.7481e-02 +8.1185e-02 -2.7906e-01 +1.5500e-01 -6.0185e-01 +1.9855e-01 +4.1452e-01
8143 0 +7.741903565e-02 +2.887741904e+01 +2.887741904e+01 +3.9797e-01 +1.3996e-01 -2.8977e-01 +2.3886e-02 +7.1953e-02 -2.8949e-01 +1.4049e-01 -6.0915e-01 +1.8009e-01 +4.1390e-01
8426 0 +7.581758935e-02 +2.887581759e+01 +2.887581759e+01 +4.0318e-01 +1.4869e-01 -3.0272e-01 +3.0533e-02 +6.5423e-02 -3.0192e-01 +1.2667e-01 -6.1580e-01 +1.6328e-01 +4.1779e-01
8597 0 +7.390930250e-02 +2.887390930e+01 +2.887390930e+01 +4.0973e-01 +1.5742e-01 -3.1638e-01 +3.9211e-02 +5.4900e-02 -3.1125e-01 +1.1100e-01 -6.2140e-01 +1.4324e-01 +4.2013e-01
8767 0 +7.238341973e-02 +2.887238342e+01 +2.887238342e+01 +4.1739e-01 +1.6722e-01 -3.3098e-01 +4.8581e-02 +4.5966e-02 -3.2350e-01 +9.4505e-02 -6.2770e-01 +1.2203e-01 +4.2563e-01
9438 0 +7.075981460e-02 +2.887075981e+01 +2.887075981e+01 +4.3278e-01 +1.8745e-01 -3.6286e-01 +6.6369e-02 +2.4470e-02 -3.4862e-01 +5.7635e-02 -6.4436e-01 +7.4789e-02 +4.3113e-01
9681 0 +6.917784300e-02 +2.886917784e+01 +2.886917784e+01 +4.4542e-01 +2.0687e-01 -3.8936e-01 +8.4046e-02 +7.1408e-04 -3.7110e-01 +2.0605e-02 -6.5981e-01 +3.0241e-02 +4.3626e-01
9772 0 +6.737248232e-02 +2.886737248e+01 +2.886737248e+01 +4.5412e-01 +2.1864e-01 -4.0640e-01 +9.3766e-02 -1.3417e-02 -3.8660e-01 -2.4604e-03 -6.7077e-01 +1.1894e-03 +4.3949e-01
9839 0 +6.595428262e-02 +2.886595428e+01 +2.886595428e+01 +4.6669e-01 +2.3544e-01 -4.3018e-01 +1.0938e-01 -3.4348e-02 -4.0613e-01 -3.5169e-02 -6.8436e-01 -3.9627e-02 +4.4446e-01
9878 0 +6.420403873e-02 +2.886420404e+01 +2.886420404e+01 +4.8032e-01 +2.5572e-01 -4.5832e-01 +1.2883e-01 -6.3661e-02 -4.2712e-01 -7.5915e-02 -7.0003e-01 -8.8043e-02 +4.4653e-01
9939 0 +6.229579088e-02 +2.886229579e+01 +2.886229579e+01 +4.8881e-01 +2.6740e-01 -4.7467e-01 +1.4026e-01 -8.1792e-02 -4.3882e-01 -9.9819e-02 -7.0870e-01 -1.1665e-01 +4.4719e-01
10015 0 +6.128606793e-02 +2.886128607e+01 +2.886128607e+01 +5.0342e-01 +2.9030e-01 -5.0420e-01 +1.6094e-01 -1.1275e-01 -4.6329e-01 -1.4618e-01 -7.2838e-01 -1.7139e-01 +4.5020e-01
10096 0 +5.996292929e-02 +2.885996293e+01 +2.885996293e+01 +5.2115e-01 +3.1922e-01 -5.4223e-01 +1.8811e-01 -1.5523e-01 -4.9527e-01 -2.0431e-01 -7.5059e-01 -2.3809e-01 +4.5373e-01
10375 0 +5.881403629e-02 +2.885881404e+01 +2.885881404e+01 +5.3795e-01 +3.4469e-01 -5.7527e-01 +2.1293e-01 -1.9375e-01 -5.1914e-01 -2.5780e-01 -7.7145e-01 -3.0041e-01 +4.5480e-01
% f evaluations | g evaluations | best noise-free fitness - Fopt (3.534000000000e+01) + sum g_i+ | measured fitness | best measured fitness or single-digit g-values | x1 | x2...
1 0 +2.503737427e-01 +3.559037374e+01 +3.559037374e+01 +0.0000e+00 +0.0000e+00 +0.0000e+00 +0.0000e+00 +0.0000e+00 +0.0000e+00 +0.0000e+00 +0.0000e+00 +0.0000e+00 +0.0000e+00
2061 0 +2.503695417e-01 +3.559036954e+01 +3.559036954e+01 +4.7514e-01 -4.7501e-02 -2.8712e-01 -5.6759e-02 -3.4960e-01 -2.3516e-01 -3.4487e-02 -5.4814e-01 +3.1668e-01 +3.4699e-01
2281 0 +2.452864310e-01 +3.558528643e+01 +3.558528643e+01 +4.7499e-01 -4.7236e-02 -2.8690e-01 -5.6610e-02 -3.4844e-01 -2.3506e-01 -3.2437e-02 -5.4360e-01 +3.1639e-01 +3.4705e-01
2582 0 +2.398562394e-01 +3.557985624e+01 +3.557985624e+01 +4.7497e-01 -4.9133e-02 -2.8305e-01 -5.5797e-02 -3.4891e-01 -2.3738e-01 -3.1615e-02 -5.3917e-01 +3.1368e-01 +3.4702e-01
2964 0 +2.343404364e-01 +3.557434044e+01 +3.557434044e+01 +4.7498e-01 -5.2336e-02 -2.7619e-01 -5.4566e-02 -3.5128e-01 -2.4298e-01 -3.3552e-02 -5.3755e-01 +3.0846e-01 +3.4705e-01
3304 0 +2.290432491e-01 +3.556904325e+01 +3.556904325e+01 +4.7065e-01 -5.5004e-02 -2.7686e-01 -5.2648e-02 -3.5374e-01 -2.4603e-01 -3.9220e-02 -5.3874e-01 +2.9694e-01 +3.4937e-01
3468 0 +2.238563235e-01 +3.556385632e+01 +3.556385632e+01 +4.6142e-01 -5.8707e-02 -2.8119e-01 -5.0343e-02 -3.5719e-01 -2.4977e-01 -4.8307e-02 -5.4205e-01 +2.8160e-01 +3.5465e-01
3617 0 +2.178911349e-01 +3.555789113e+01 +3.555789113e+01 +4.4826e-01 -6.3329e-02 -2.8746e-01 -4.7053e-02 -3.6277e-01 -2.5564e-01 -6.1771e-02 -5.4749e-01 +2.5969e-01 +3.6197e-01
3725 0 +2.128946513e-01 +3.555289465e+01 +3.555289465e+01 +4.4172e-01 -6.7779e-02 -2.8640e-01 -4.4304e-02 -3.6801e-01 -2.6261e-01 -7.1951e-02 -5.5253e-01 +2.4344e-01 +3.6538e-01
3841 0 +2.085274997e-01 +3.554852750e+01 +3.554852750e+01 +4.3183e-01 -7.1278e-02 -2.8703e-01 -4.1343e-02 -3.7235e-01 -2.6996e-01 -8.0876e-02 -5.5356e-01 +2.2631e-01 +3.7083e-01
4081 0 +2.040781288e-01 +3.554407813e+01 +3.554407813e+01 +4.1881e-01 -7.4277e-02 -2.9308e-01 -3.8048e-02 -3.7764e-01 -2.7666e-01 -9.4615e-02 -5.6097e-01 +2.0600e-01 +3.7782e-01
4230 0 +1.990929922e-01 +3.553909299e+01 +3.553909299e+01 +4.0935e-01 -7.6182e-02 -2.9745e-01 -3.5000e-02 -3.8150e-01 -2.8223e-01 -1.0534e-01 -5.6625e-01 +1.8989e-01 +3.8259e-01
4356 0 +1.949341344e-01 +3.553493413e+01 +3.553493413e+01 +4.0347e-01 -7.7122e-02 -3.0067e-01 -3.3188e-02 -3.8354e-01 -2.8524e-01 -1.1137e-01 -5.6845e-01 +1.7972e-01 +3.8529e-01
4414 0 +1.891462825e-01 +3.552914628e+01 +3.552914628e+01 +3.9105e-01 -7.8300e-02 -3.0791e-01 -2.9681e-02 -3.8794e-01 -2.9168e-01 -1.2464e-01 -5.7524e-01 +1.6043e-01 +3.9154e-01
4459 0 +1.861498694e-01 +3.552614987e+01 +3.552614987e+01 +3.8749e-01 -7.8524e-02 -3.0992e-01 -2.8007e-02 -3.8885e-01 -2.9393e-01 -1.2877e-01 -5.7597e-01 +1.5306e-01 +3.9298e-01
4641 0 +1.816288312e-01 +3.552162883e+01 +3.552162883e+01 +3.7608e-01 -7.9253e-02 -3.1749e-01 -2.3831e-02 -3.9332e-01 -3.0061e-01 -1.4337e-01 -5.8415e-01 +1.3304e-01 +3.9811e-01
4732 0 +1.766975340e-01 +3.551669753e+01 +3.551669753e+01 +3.6990e-01 -7.9239e-02 -3.2118e-01 -2.1371e-02 -3.9522e-01 -3.0476e-01 -1.5073e-01 -5.8720e-01 +1.2193e-01 +4.0053e-01
4805 0 +1.728351758e-01 +3.551283518e+01 +3.551283518e+01 +3.6404e-01 -7.9447e-02 -3.2483e-01 -1.9392e-02 -3.9680e-01 -3.0804e-01 -1.5667e-01 -5.8900e-01 +1.1206e-01 +4.0295e-01
4854 0 +1.697045401e-01 +3.550970454e+01 +3.550970454e+01 +3.6274e-01 -7.8743e-02 -3.2629e-01 -1.8637e-02 -3.9684e-01 -3.0890e-01 -1.5844e-01 -5.8993e-01 +1.0933e-01 +4.0311e-01
4923 0 +1.646630031e-01 +3.550466300e+01 +3.550466300e+01 +3.5680e-01 -7.8053e-02 -3.3019e-01 -1.6125e-02 -3.9836e-01 -3.1303e-01 -1.6551e-01 -5.9254e-01 +9.8232e-02 +4.0515e-01
5003 0 +1.620386628e-01 +3.550203866e+01 +3.550203866e+01 +3.5159e-01 -7.6931e-02 -3.3400e-01 -1.4014e-02 -3.9915e-01 -3.1643e-01 -1.7070e-01 -5.9369e-01 +8.9505e-02 +4.0679e-01
5036 0 +1.580535849e-01 +3.549805358e+01 +3.549805358e+01 +3.4699e-01 -7.7503e-02 -3.3483e-01 -1.2216e-02 -4.0075e-01 -3.2053e-01 -1.7544e-01 -5.9431e-01 +8.0911e-02 +4.0875e-01
5122 0 +1.542483599e-01 +3.549424836e+01 +3.549424836e+01 +3.4165e-01 -7.7091e-02 -3.3828e-01 -9.3959e-03 -4.0236e-01 -3.2488e-01 -1.8287e-01 -5.9681e-01 +6.9107e-02 +4.1030e-01
5136 0 +1.512294631e-01 +3.549122946e+01 +3.549122946e+01 +3.3777e-01 -7.6239e-02 -3.4050e-01 -7.6364e-03 -4.0296e-01 -3.2806e-01 -1.8694e-01 -5.9741e-01 +6.2102e-02 +4.1144e-01
5235 0 +1.478215866e-01 +3.548782159e+01 +3.548782159e+01 +3.3761e-01 -7.5578e-02 -3.4227e-01 -7.2882e-03 -4.0260e-01 -3.2745e-01 -1.8793e-01 -5.9827e-01 +6.1460e-02 +4.1136e-01
5260 0 +1.436149870e-01 +3.548361499e+01 +3.548361499e+01 +3.2955e-01 -7.4068e-02 -3.4676e-01 -3.4422e-03 -4.0407e-01 -3.3423e-01 -1.9687e-01 -5.9985e-01 +4.6068e-02 +4.1356e-01
5273 0 +1.398790128e-01 +3.547987901e+01 +3.547987901e+01 +3.2999e-01 -7.4007e-02 -3.4724e-01 -3.3540e-03 -4.0392e-01 -3.3373e-01 -1.9721e-01 -6.0005e-01 +4.6034e-02 +4.1337e-01
5310 0 +1.376182342e-01 +3.547761823e+01 +3.547761823e+01 +3.2874e-01 -7.3883e-02 -3.4800e-01 -2.4417e-03 -4.0426e-01 -3.3514e-01 -1.9945e-01 -6.0061e-01 +4.2816e-02 +4.1371e-01
5313 0 +1.344502977e-01 +3.547445030e+01 +3.547445030e+01 +3.2343e-01 -7.2371e-02 -3.5162e-01 -1.5663e-05 -4.0487e-01 -3.3927e-01 -2.0500e-01 -6.0116e-01 +3.2717e-02 +4.1480e-01
5338 0 +1.304731154e-01 +3.547047312e+01 +3.547047312e+01 +3.2488e-01 -7.1488e-02 -3.5177e-01 +2.3298e-04 -4.0379e-01 -3.3857e-01 -2.0426e-01 -6.0020e-01 +3.3606e-02 +4.1371e-01
5350 0 +1.272283539e-01 +3.546722835e+01 +3.546722835e+01 +3.1900e-01 -7.0810e-02 -3.5538e-01 +3.0497e-03 -4.0513e-01 -3.4320e-01 -2.1154e-01 -6.0206e-01 +2.1909e-02 +4.1557e-01
5378 0 +1.255061958e-01 +3.546550620e+01 +3.546550620e+01 +3.1379e-01 -6.8969e-02 -3.5873e-01 +6.1388e-03 -4.0545e-01 -3.4816e-01 -2.1777e-01 -6.0227e-01 +1.0467e-02 +4.1637e-01
5398 0 +1.219336482e-01 +3.546193365e+01 +3.546193365e+01 +3.1651e-01 -6.8265e-02 -3.5925e-01 +4.9211e-03 -4.0451e-01 -3.4510e-01 -2.1535e-01 -6.0295e-01 +1.6260e-02 +4.1531e-01
5406 0 +1.198756058e-01 +3.545987561e+01 +3.545987561e+01 +3.1114e-01 -6.7154e-02 -3.6164e-01 +8.0915e-03 -4.0502e-01 -3.5069e-01 -2.2142e-01 -6.0201e-01 +4.4907e-03 +4.1649e-01
5579 0 +1.173785624e-01 +3.545737856e+01 +3.545737856e+01 +3.1024e-01 -6.5580e-02 -3.6428e-01 +9.2939e-03 -4.0461e-01 -3.5129e-01 -2.2397e-01 -6.0308e-01 +9.0145e-04 +4.1595e-01
5676 0 +1.144950302e-01 +3.545449503e+01 +3.545449503e+01 +3.0590e-01 -6.3950e-02 -3.6800e-01 +1.2123e-02 -4.0536e-01 -3.5545e-01 -2.3077e-01 -6.0499e-01 -9.4210e-03 +4.1645e-01
6012 0 +1.121228910e-01 +3.545212289e+01 +3.545212289e+01 +3.0431e-01 -6.2703e-02 -3.6938e-01 +1.3248e-02 -4.0502e-01 -3.5716e-01 -2.3231e-01 -6.0368e-01 -1.2995e-02 +4.1620e-01
6220 0 +1.095115530e-01 +3.544951155e+01 +3.544951155e+01 +3.0192e-01 -6.1232e-02 -3.7158e-01 +1.4603e-02 -4.0464e-01 -3.5919e-01 -2.3419e-01 -6.0150e-01 -1.7937e-02 +4.1608e-01
6342 0 +1.071106671e-01 +3.544711067e+01 +3.544711067e+01 +2.9897e-01 -5.8673e-02 -3.7409e-01 +1.6896e-02 -4.0357e-01 -3.6263e-01 -2.3656e-01 -5.9768e-01 -2.4967e-02 +4.1540e-01
6405 0 +1.046032726e-01 +3.544460327e+01 +3.544460327e+01 +2.9888e-01 -5.8286e-02 -3.7436e-01 +1.7080e-02 -4.0305e-01 -3.6265e-01 -2.3572e-01 -5.9535e-01 -2.5227e-02 +4.1506e-01
6541 0 +1.022163388e-01 +3.544221634e+01 +3.544221634e+01 +2.9678e-01 -5.5446e-02 -3.7768e-01 +1.9467e-02 -4.0152e-01 -3.6518e-01 -2.3804e-01 -5.9146e-01 -3.2400e-02 +4.1380e-01
6583 0 +9.945200183e-02 +3.543945200e+01 +3.543945200e+01 +2.9756e-01 -5.5221e-02 -3.7680e-01 +1.9374e-02 -4.0050e-01 -3.6499e-01 -2.3561e-01 -5.8755e-01 -3.1485e-02 +4.1311e-01
6620 0 +9.760425463e-02 +3.543760425e+01 +3.543760425e+01 +2.9706e-01 -5.2304e-02 -3.7909e-01 +2.1249e-02 -3.9814e-01 -3.6643e-01 -2.3558e-01 -5.8143e-01 -3.5852e-02 +4.1110e-01
7775 0 +9.549328777e-02 +3.543549329e+01 +3.543549329e+01 +3.0034e-01 -5.2927e-02 -3.7411e-01 +2.1304e-02 -3.9673e-01 -3.6575e-01 -2.3019e-01 -5.7575e-01 -3.2162e-02 +4.0823e-01
8422 0 +9.332510433e-02 +3.543332510e+01 +3.543332510e+01 +3.0956e-01 -5.1449e-02 -3.6082e-01 +2.4431e-02 -3.9065e-01 -3.6690e-01 -2.1748e-01 -5.5789e-01 -2.8558e-02 +3.9641e-01
10462 0 +9.118370551e-02 +3.543118371e+01 +3.543118371e+01 +3.0155e-01 -5.6864e-02 -3.6940e-01 +2.4699e-02 -3.9359e-01 -3.6690e-01 -2.2582e-01 -5.7435e-01 -1.6143e-02 +4.0207e-01
11312 0 +8.912358563e-02 +3.542912359e+01 +3.542912359e+01 +2.7284e-01 -6.6973e-02 -3.9529e-01 +2.6413e-02 -4.0393e-01 -3.7282e-01 -2.5504e-01 -6.1653e-01 -2.3078e-03 +4.2420e-01
12436 0 +8.706175540e-02 +3.542706176e+01 +3.542706176e+01 +2.3571e-01 -7.6362e-02 -4.2789e-01 +2.8680e-02 -4.1708e-01 -3.8223e-01 -2.9643e-01 -6.7028e-01 +1.5789e-03 +4.5649e-01
13585 0 +8.511002066e-02 +3.542511002e+01 +3.542511002e+01 +2.0071e-01 -8.7419e-02 -4.5723e-01 +3.0681e-02 -4.2899e-01 -3.9011e-01 -3.3642e-01 -7.2488e-01 +1.0451e-02 +4.9059e-01
15137 0 +8.317482314e-02 +3.542317482e+01 +3.542317482e+01 +1.5174e-01 -1.0322e-01 -4.9965e-01 +3.8145e-02 -4.3994e-01 -4.0131e-01 -3.9387e-01 -8.0131e-01 +3.1756e-02 +5.3717e-01
17655 0 +8.123281834e-02 +3.542123282e+01 +3.542123282e+01 +9.5029e-02 -1.1971e-01 -5.4888e-01 +4.7795e-02 -4.5108e-01 -4.1435e-01 -4.6642e-01 -8.9483e-01 +5.0506e-02 +5.9801e-01
19923 0 +7.941323674e-02 +3.541941324e+01 +3.541941324e+01 +2.1145e-02 -1.4093e-01 -6.1275e-01 +6.5498e-02 -4.5777e-01 -4.3096e-01 -5.6168e-01 -1.0136e+00 +8.4696e-02 +6.7970e-01
26950 0 +7.762455669e-02 +3.541762456e+01 +3.541762456e+01 -1.1130e-01 -1.8463e-01 -7.1928e-01 +1.0591e-01 -4.5780e-01 -4.5719e-01 -7.3746e-01 -1.2354e+00 +1.7452e-01 +8.4163e-01
38305 0 +7.585735860e-02 +3.541585736e+01 +3.541585736e+01 -1.7465e-01 -1.9895e-01 -7.7490e-01 +1.3094e-01 -4.5344e-01 -4.7200e-01 -8.3394e-01 -1.3441e+00 +2.0077e-01 +9.2395e-01
47754 0 +7.412637374e-02 +3.541412637e+01 +3.541412637e+01 -3.5484e-01 -2.4883e-01 -9.2254e-01 +2.1027e-01 -4.2689e-01 -5.0478e-01 -1.1086e+00 -1.6623e+00 +3.2340e-01 +1.1800e+00
60199 0 +7.244297171e-02 +3.541244297e+01 +3.541244297e+01 -5.5088e-01 -2.9786e-01 -1.0800e+00 +3.1840e-01 -3.7787e-01 -5.4060e-01 -1.4284e+00 -2.0150e+00 +4.6611e-01 +1.4773e+00
78384 0 +7.079249946e-02 +3.541079250e+01 +3.541079250e+01 -8.8264e-01 -3.7676e-01 -1.3390e+00 +5.3369e-01 -2.6312e-01 -5.9137e-01 -2.0038e+00 -2.6296e+00 +7.3892e-01 +2.0293e+00
