% f evaluations | g evaluations | best noise-free fitness - Fopt (-1.025500000000e+02) + sum g_i+ | measured fitness | best measured fitness or single-digit g-values | x1 | x2...
1 0 +2.503737427e-01 -1.022996263e+02 -1.022996263e+02 +0.0000e+00 +0.0000e+00 +0.0000e+00 +0.0000e+00 +0.0000e+00
373 0 +1.655545840e-01 -1.023844454e+02 -1.023844454e+02 -8.8371e-04 +1.0680e-01 -2.6545e-01 -1.1473e-01 -5.0980e-01
445 0 +2.853979063e-02 -1.025214602e+02 -1.025214602e+02 -2.4377e-02 +8.2757e-02 -2.6391e-01 -1.1355e-01 -4.7063e-01
489 0 +2.804662872e-02 -1.025219534e+02 -1.025219534e+02 -2.1904e-02 +8.6939e-02 -2.6771e-01 -1.1503e-01 -4.7816e-01
638 0 +2.375749500e-02 -1.025262425e+02 -1.025262425e+02 -2.6580e-02 +8.9769e-02 -2.8149e-01 -1.1334e-01 -4.9058e-01
776 0 +2.195814334e-02 -1.025280419e+02 -1.025280419e+02 -2.9075e-02 +9.1474e-02 -2.8513e-01 -1.1533e-01 -4.9543e-01
788 0 +2.166899223e-02 -1.025283310e+02 -1.025283310e+02 -2.8067e-02 +9.0669e-02 -2.8410e-01 -1.1492e-01 -4.9477e-01
794 0 +2.131850766e-02 -1.025286815e+02 -1.025286815e+02 -2.7948e-02 +9.0449e-02 -2.8488e-01 -1.1529e-01 -4.9614e-01
802 0 +2.012133832e-02 -1.025298787e+02 -1.025298787e+02 -2.8785e-02 +9.0572e-02 -2.8481e-01 -1.1617e-01 -4.9586e-01
805 0 +1.960530062e-02 -1.025303947e+02 -1.025303947e+02 -2.9980e-02 +9.1136e-02 -2.8597e-01 -1.1707e-01 -4.9860e-01
810 0 +1.946568837e-02 -1.025305343e+02 -1.025305343e+02 -3.0412e-02 +9.1186e-02 -2.8669e-01 -1.1743e-01 -4.9931e-01
811 0 +1.772322952e-02 -1.025322768e+02 -1.025322768e+02 -3.0942e-02 +9.0550e-02 -2.8658e-01 -1.1879e-01 -4.9995e-01
835 0 +1.530025918e-02 -1.025346997e+02 -1.025346997e+02 -3.0735e-02 +8.8714e-02 -2.8446e-01 -1.1918e-01 -4.9774e-01
850 0 +1.498936985e-02 -1.025350106e+02 -1.025350106e+02 -3.3774e-02 +8.8943e-02 -2.8649e-01 -1.2204e-01 -5.0252e-01
877 0 +1.462768263e-02 -1.025353723e+02 -1.025353723e+02 -3.4583e-02 +8.7632e-02 -2.8744e-01 -1.2248e-01 -5.0301e-01
882 0 +1.433202846e-02 -1.025356680e+02 -1.025356680e+02 -3.3867e-02 +8.8235e-02 -2.8599e-01 -1.2119e-01 -5.0032e-01
891 0 +1.407048318e-02 -1.025359295e+02 -1.025359295e+02 -3.6187e-02 +8.7856e-02 -2.8576e-01 -1.2253e-01 -4.9969e-01
932 0 +1.372218018e-02 -1.025362778e+02 -1.025362778e+02 -3.4717e-02 +8.7440e-02 -2.8556e-01 -1.2102e-01 -4.9825e-01
965 0 +1.344715278e-02 -1.025365528e+02 -1.025365528e+02 -3.4792e-02 +8.6881e-02 -2.8378e-01 -1.2088e-01 -4.9617e-01
994 0 +1.312272956e-02 -1.025368773e+02 -1.025368773e+02 -3.4569e-02 +8.5617e-02 -2.8267e-01 -1.2050e-01 -4.9399e-01
1259 0 +1.288180648e-02 -1.025371182e+02 -1.025371182e+02 -3.5900e-02 +8.4106e-02 -2.8165e-01 -1.2096e-01 -4.9162e-01
1786 0 +1.256537973e-02 -1.025374346e+02 -1.025374346e+02 -3.7223e-02 +7.9380e-02 -2.8901e-01 -1.1933e-01 -4.9441e-01
1938 0 +1.228671885e-02 -1.025377133e+02 -1.025377133e+02 -3.8756e-02 +7.7132e-02 -2.9312e-01 -1.1874e-01 -4.9625e-01
2013 0 +1.198602678e-02 -1.025380140e+02 -1.025380140e+02 -4.2230e-02 +7.3187e-02 -3.0088e-01 -1.1748e-01 -4.9879e-01
2036 0 +1.163969002e-02 -1.025383603e+02 -1.025383603e+02 -4.5212e-02 +7.2008e-02 -3.0382e-01 -1.1651e-01 -4.9796e-01
2046 0 +1.132863923e-02 -1.025386714e+02 -1.025386714e+02 -4.7846e-02 +6.7246e-02 -3.1162e-01 -1.1532e-01 -5.0141e-01
2085 0 +1.100516051e-02 -1.025389948e+02 -1.025389948e+02 -5.2244e-02 +6.5244e-02 -3.1699e-01 -1.1442e-01 -5.0218e-01
2122 0 +1.095291991e-02 -1.025390471e+02 -1.025390471e+02 -5.2776e-02 +6.2762e-02 -3.1990e-01 -1.1378e-01 -5.0303e-01
2157 0 +1.070323021e-02 -1.025392968e+02 -1.025392968e+02 -5.8501e-02 +6.0910e-02 -3.2862e-01 -1.1124e-01 -5.0436e-01
2200 0 +1.044472056e-02 -1.025395553e+02 -1.025395553e+02 -5.9895e-02 +5.7980e-02 -3.3127e-01 -1.1108e-01 -5.0506e-01
2248 0 +1.017881661e-02 -1.025398212e+02 -1.025398212e+02 -6.3876e-02 +5.3106e-02 -3.3875e-01 -1.0908e-01 -5.0592e-01
2269 0 +9.963671969e-03 -1.025400363e+02 -1.025400363e+02 -6.6300e-02 +5.1415e-02 -3.4183e-01 -1.0850e-01 -5.0635e-01
2303 0 +9.705717181e-03 -1.025402943e+02 -1.025402943e+02 -6.8493e-02 +4.8817e-02 -3.4356e-01 -1.0790e-01 -5.0515e-01
2355 0 +9.534444858e-03 -1.025404656e+02 -1.025404656e+02 -7.1067e-02 +4.6361e-02 -3.4754e-01 -1.0670e-01 -5.0520e-01
2382 0 +9.298854390e-03 -1.025407011e+02 -1.025407011e+02 -7.3864e-02 +4.3859e-02 -3.5042e-01 -1.0530e-01 -5.0372e-01
2416 0 +9.029913908e-03 -1.025409701e+02 -1.025409701e+02 -8.2930e-02 +3.3589e-02 -3.6272e-01 -1.0151e-01 -5.0249e-01
2489 0 +8.910724373e-03 -1.025410893e+02 -1.025410893e+02 -8.0110e-02 +3.5662e-02 -3.5957e-01 -1.0167e-01 -5.0182e-01
2597 0 +8.708151299e-03 -1.025412918e+02 -1.025412918e+02 -8.0833e-02 +3.4969e-02 -3.6188e-01 -1.0042e-01 -5.0211e-01
2651 0 +8.470074060e-03 -1.025415299e+02 -1.025415299e+02 -8.5463e-02 +2.9386e-02 -3.6972e-01 -9.7703e-02 -5.0231e-01
2689 0 +8.292484366e-03 -1.025417075e+02 -1.025417075e+02 -9.0102e-02 +2.4947e-02 -3.7753e-01 -9.4639e-02 -5.0257e-01
2694 0 +8.094563308e-03 -1.025419054e+02 -1.025419054e+02 -9.5252e-02 +1.8631e-02 -3.8672e-01 -9.1604e-02 -5.0347e-01
2738 0 +7.903418344e-03 -1.025420966e+02 -1.025420966e+02 -9.4421e-02 +1.8947e-02 -3.8763e-01 -9.1343e-02 -5.0496e-01
2749 0 +7.719731033e-03 -1.025422803e+02 -1.025422803e+02 -9.4516e-02 +1.7864e-02 -3.9009e-01 -9.1214e-02 -5.0734e-01
2772 0 +7.570302678e-03 -1.025424297e+02 -1.025424297e+02 -9.9658e-02 +1.2121e-02 -3.9844e-01 -8.7645e-02 -5.0700e-01
2791 0 +7.412063259e-03 -1.025425879e+02 -1.025425879e+02 -1.0047e-01 +1.0412e-02 -4.0052e-01 -8.7237e-02 -5.0792e-01
2820 0 +7.186264739e-03 -1.025428137e+02 -1.025428137e+02 -1.0369e-01 +6.7611e-03 -4.0881e-01 -8.4323e-02 -5.1072e-01
2884 0 +7.025352526e-03 -1.025429746e+02 -1.025429746e+02 -1.0840e-01 -1.0045e-03 -4.1970e-01 -8.0300e-02 -5.1279e-01
2988 0 +6.904816382e-03 -1.025430952e+02 -1.025430952e+02 -1.0970e-01 -2.7474e-03 -4.2354e-01 -7.9422e-02 -5.1490e-01
3003 0 +6.751708825e-03 -1.025432483e+02 -1.025432483e+02 -1.1002e-01 -3.6723e-03 -4.2509e-01 -7.9538e-02 -5.1675e-01
3021 0 +6.583021653e-03 -1.025434170e+02 -1.025434170e+02 -1.1346e-01 -8.3013e-03 -4.3276e-01 -7.7282e-02 -5.1930e-01
3042 0 +6.395121099e-03 -1.025436049e+02 -1.025436049e+02 -1.1846e-01 -1.3919e-02 -4.4162e-01 -7.5324e-02 -5.2238e-01
3367 0 +6.303812352e-03 -1.025436962e+02 -1.025436962e+02 -1.2412e-01 -1.8556e-02 -4.5133e-01 -7.1981e-02 -5.2456e-01
3465 0 +6.164404994e-03 -1.025438356e+02 -1.025438356e+02 -1.2635e-01 -2.1480e-02 -4.5485e-01 -7.0628e-02 -5.2487e-01
3499 0 +6.005401646e-03 -1.025439946e+02 -1.025439946e+02 -1.3484e-01 -3.1440e-02 -4.6903e-01 -6.5546e-02 -5.2703e-01
3560 0 +5.851340424e-03 -1.025441487e+02 -1.025441487e+02 -1.3809e-01 -3.4890e-02 -4.7390e-01 -6.3511e-02 -5.2736e-01
3595 0 +5.744193512e-03 -1.025442558e+02 -1.025442558e+02 -1.3898e-01 -3.7176e-02 -4.7548e-01 -6.2584e-02 -5.2701e-01
3625 0 +5.598885252e-03 -1.025444011e+02 -1.025444011e+02 -1.4261e-01 -4.1053e-02 -4.7976e-01 -6.0248e-02 -5.2585e-01
3647 0 +5.444320668e-03 -1.025445557e+02 -1.025445557e+02 -1.4732e-01 -4.5535e-02 -4.8521e-01 -5.6384e-02 -5.2346e-01
3758 0 +5.352037702e-03 -1.025446480e+02 -1.025446480e+02 -1.5075e-01 -5.0534e-02 -4.9087e-01 -5.3872e-02 -5.2367e-01
3923 0 +5.225349215e-03 -1.025447747e+02 -1.025447747e+02 -1.5797e-01 -5.7947e-02 -5.0265e-01 -4.8107e-02 -5.2445e-01
3989 0 +5.121996113e-03 -1.025448780e+02 -1.025448780e+02 -1.6389e-01 -6.5958e-02 -5.1429e-01 -4.3840e-02 -5.2778e-01
4037 0 +5.000890582e-03 -1.025449991e+02 -1.025449991e+02 -1.6976e-01 -7.3012e-02 -5.2580e-01 -3.9259e-02 -5.3115e-01
4223 0 +4.891462883e-03 -1.025451085e+02 -1.025451085e+02 -1.7546e-01 -8.0730e-02 -5.3801e-01 -3.4603e-02 -5.3557e-01
4307 0 +4.758585222e-03 -1.025452414e+02 -1.025452414e+02 -1.8462e-01 -9.2171e-02 -5.5243e-01 -2.7596e-02 -5.3687e-01
4389 0 +4.659663120e-03 -1.025453403e+02 -1.025453403e+02 -1.9373e-01 -1.0383e-01 -5.6791e-01 -2.0261e-02 -5.3958e-01
4498 0 +4.564763810e-03 -1.025454352e+02 -1.025454352e+02 -1.9943e-01 -1.0928e-01 -5.7594e-01 -1.5363e-02 -5.3910e-01
4847 0 +4.464124050e-03 -1.025455359e+02 -1.025455359e+02 -2.1829e-01 -1.3271e-01 -6.0596e-01 +1.9658e-04 -5.4285e-01
5451 0 +4.361290452e-03 -1.025456387e+02 -1.025456387e+02 -2.3833e-01 -1.5792e-01 -6.3867e-01 +1.8689e-02 -5.4695e-01
5686 0 +4.248473638e-03 -1.025457515e+02 -1.025457515e+02 -2.4803e-01 -1.7038e-01 -6.5699e-01 +2.9389e-02 -5.5077e-01
5770 0 +4.168475365e-03 -1.025458315e+02 -1.025458315e+02 -2.5516e-01 -1.8088e-01 -6.7017e-01 +3.7392e-02 -5.5308e-01
5934 0 +4.071673447e-03 -1.025459283e+02 -1.025459283e+02 -2.6328e-01 -1.9493e-01 -6.8638e-01 +4.7230e-02 -5.5662e-01
7943 0 +3.980363147e-03 -1.025460196e+02 -1.025460196e+02 -2.8877e-01 -2.3570e-01 -7.2964e-01 +7.7873e-02 -5.5985e-01
% f evaluations | g evaluations | best noise-free fitness - Fopt (7.169000000000e+01) + sum g_i+ | measured fitness | best measured fitness or single-digit g-values | x1 | x2...
1 0 +2.503737427e-01 +7.194037374e+01 +7.194037374e+01 +0.0000e+00 +0.0000e+00 +0.0000e+00 +0.0000e+00 +0.0000e+00
1671 0 +2.470800433e-01 +7.193708004e+01 +7.193708004e+01 +6.4726e-01 +3.3707e-01 -5.8610e-01 +1.1911e-01 +2.4549e-01
1673 0 +2.414437933e-01 +7.193144379e+01 +7.193144379e+01 +6.4589e-01 +3.3406e-01 -5.8782e-01 +1.1858e-01 +2.4527e-01
1681 0 +2.348058014e-01 +7.192480580e+01 +7.192480580e+01 +6.4460e-01 +3.3220e-01 -5.8882e-01 +1.1804e-01 +2.4627e-01
1684 0 +2.288909933e-01 +7.191889099e+01 +7.191889099e+01 +6.4306e-01 +3.2891e-01 -5.9044e-01 +1.1755e-01 +2.4654e-01
1744 0 +2.237312819e-01 +7.191373128e+01 +7.191373128e+01 +6.3909e-01 +3.2042e-01 -5.9499e-01 +1.1528e-01 +2.4795e-01
2580 0 +2.187706448e-01 +7.190877064e+01 +7.190877064e+01 +6.3754e-01 +3.1931e-01 -6.0275e-01 +1.0804e-01 +2.4346e-01
2761 0 +2.136510398e-01 +7.190365104e+01 +7.190365104e+01 +6.3281e-01 +3.1448e-01 -6.1831e-01 +9.4031e-02 +2.3749e-01
2854 0 +2.087194023e-01 +7.189871940e+01 +7.189871940e+01 +6.2831e-01 +3.1086e-01 -6.3387e-01 +7.9627e-02 +2.3161e-01
3081 0 +2.041575171e-01 +7.189415752e+01 +7.189415752e+01 +6.2501e-01 +3.0986e-01 -6.4743e-01 +6.6515e-02 +2.2578e-01
3257 0 +1.994413974e-01 +7.188944140e+01 +7.188944140e+01 +6.1863e-01 +3.0584e-01 -6.6923e-01 +4.5716e-02 +2.1839e-01
3375 0 +1.943526800e-01 +7.188435268e+01 +7.188435268e+01 +6.0976e-01 +2.9443e-01 -6.8910e-01 +2.8575e-02 +2.1586e-01
3566 0 +1.905448436e-01 +7.188054484e+01 +7.188054484e+01 +6.0264e-01 +2.8852e-01 -7.1068e-01 +7.7113e-03 +2.1076e-01
3719 0 +1.853493700e-01 +7.187534937e+01 +7.187534937e+01 +5.9179e-01 +2.7839e-01 -7.3900e-01 -1.9433e-02 +2.0721e-01
3996 0 +1.819610680e-01 +7.187196107e+01 +7.187196107e+01 +5.8194e-01 +2.7065e-01 -7.6578e-01 -4.5976e-02 +2.0394e-01
4355 0 +1.777961675e-01 +7.186779617e+01 +7.186779617e+01 +5.6678e-01 +2.5560e-01 -8.0252e-01 -8.2511e-02 +2.0375e-01
4997 0 +1.737752192e-01 +7.186377522e+01 +7.186377522e+01 +5.4388e-01 +2.3202e-01 -8.5498e-01 -1.3653e-01 +2.0910e-01
5679 0 +1.697671817e-01 +7.185976718e+01 +7.185976718e+01 +5.1063e-01 +1.9684e-01 -9.2870e-01 -2.1655e-01 +2.2536e-01
9557 0 +1.659575073e-01 +7.185595751e+01 +7.185595751e+01 +4.2490e-01 +9.5372e-02 -1.1140e+00 -4.4324e-01 +3.1215e-01
% f evaluations | g evaluations | best noise-free fitness - Fopt (2.140100000000e+02) + sum g_i+ | measured fitness | best measured fitness or single-digit g-values | x1 | x2...
1 0 +2.503737427e-01 +2.142603737e+02 +2.142603737e+02 +0.0000e+00 +0.0000e+00 +0.0000e+00 +0.0000e+00 +0.0000e+00
6324 0 +2.496428335e-01 +2.142596428e+02 +2.142596428e+02 -1.1116e-01 +1.4380e-01 -1.9095e-01 +1.1227e+00 -2.4681e-01
6355 0 +2.449073206e-01 +2.142549073e+02 +2.142549073e+02 -1.1820e-01 +1.5052e-01 -1.8995e-01 +1.1240e+00 -2.4390e-01
6396 0 +2.383274871e-01 +2.142483275e+02 +2.142483275e+02 -1.2376e-01 +1.5928e-01 -1.8601e-01 +1.1231e+00 -2.4155e-01
6420 0 +2.342709046e-01 +2.142442709e+02 +2.142442709e+02 -1.3626e-01 +1.6914e-01 -1.8107e-01 +1.1259e+00 -2.3661e-01
6427 0 +2.272838442e-01 +2.142372838e+02 +2.142372838e+02 -1.5150e-01 +1.8573e-01 -1.7563e-01 +1.1273e+00 -2.3035e-01
6436 0 +2.226044495e-01 +2.142326044e+02 +2.142326044e+02 -1.6491e-01 +1.9700e-01 -1.7233e-01 +1.1303e+00 -2.2464e-01
6470 0 +2.186931010e-01 +2.142286931e+02 +2.142286931e+02 -1.9213e-01 +2.2854e-01 -1.6182e-01 +1.1320e+00 -2.1315e-01
6593 0 +2.136120845e-01 +2.142236121e+02 +2.142236121e+02 -1.9203e-01 +2.2665e-01 -1.5770e-01 +1.1323e+00 -2.1316e-01
6668 0 +2.084512666e-01 +2.142184513e+02 +2.142184513e+02 -2.0945e-01 +2.3941e-01 -1.5042e-01 +1.1367e+00 -2.0553e-01
6748 0 +2.032695570e-01 +2.142132696e+02 +2.142132696e+02 -2.3320e-01 +2.6030e-01 -1.4037e-01 +1.1411e+00 -1.9502e-01
6810 0 +1.991777738e-01 +2.142091778e+02 +2.142091778e+02 -2.4182e-01 +2.6436e-01 -1.4075e-01 +1.1449e+00 -1.9068e-01
6842 0 +1.938332985e-01 +2.142038333e+02 +2.142038333e+02 -2.6271e-01 +2.8293e-01 -1.2924e-01 +1.1483e+00 -1.8137e-01
6945 0 +1.902988158e-01 +2.142002988e+02 +2.142002988e+02 -2.7346e-01 +2.9270e-01 -1.2298e-01 +1.1500e+00 -1.7620e-01
6986 0 +1.851321929e-01 +2.141951322e+02 +2.141951322e+02 -3.1283e-01 +3.2397e-01 -1.0465e-01 +1.1588e+00 -1.5759e-01
7168 0 +1.818545859e-01 +2.141918546e+02 +2.141918546e+02 -3.3714e-01 +3.4258e-01 -9.2863e-02 +1.1645e+00 -1.4541e-01
7284 0 +1.772037366e-01 +2.141872037e+02 +2.141872037e+02 -3.6473e-01 +3.7716e-01 -6.9940e-02 +1.1635e+00 -1.3223e-01
7442 0 +1.737485728e-01 +2.141837486e+02 +2.141837486e+02 -4.1257e-01 +4.2797e-01 -3.4111e-02 +1.1666e+00 -1.0841e-01
7660 0 +1.697363519e-01 +2.141797364e+02 +2.141797364e+02 -5.2260e-01 +5.5093e-01 +5.5642e-02 +1.1703e+00 -5.1877e-02
% f evaluations | g evaluations | best noise-free fitness - Fopt (-5.848000000000e+01) + sum g_i+ | measured fitness | best measured fitness or single-digit g-values | x1 | x2...
1 0 +2.503737427e-01 -5.822962626e+01 -5.822962626e+01 +0.0000e+00 +0.0000e+00 +0.0000e+00 +0.0000e+00 +0.0000e+00
920 0 +2.491041379e-01 -5.823089586e+01 -5.823089586e+01 +1.1044e+00 +4.3191e-01 +3.4268e-02 -2.9128e-01 +2.9093e-01
951 0 +2.413609705e-01 -5.823863903e+01 -5.823863903e+01 +1.1051e+00 +4.3287e-01 +3.3733e-02 -2.9027e-01 +2.9019e-01
954 0 +2.375005843e-01 -5.824249942e+01 -5.824249942e+01 +1.1053e+00 +4.3358e-01 +3.3624e-02 -2.8960e-01 +2.8990e-01
956 0 +2.289630766e-01 -5.825103692e+01 -5.825103692e+01 +1.1058e+00 +4.3394e-01 +3.3669e-02 -2.8955e-01 +2.8945e-01
988 0 +2.216519195e-01 -5.825834808e+01 -5.825834808e+01 +1.1056e+00 +4.3326e-01 +3.3843e-02 -2.9061e-01 +2.8930e-01
995 0 +2.168917727e-01 -5.826310823e+01 -5.826310823e+01 +1.1055e+00 +4.3407e-01 +3.3130e-02 -2.8984e-01 +2.8874e-01
999 0 +2.093281704e-01 -5.827067183e+01 -5.827067183e+01 +1.1067e+00 +4.3522e-01 +3.2976e-02 -2.8893e-01 +2.8781e-01
1004 0 +2.018580183e-01 -5.827814198e+01 -5.827814198e+01 +1.1063e+00 +4.3505e-01 +3.2957e-02 -2.8944e-01 +2.8782e-01
1029 0 +1.937254099e-01 -5.828627459e+01 -5.828627459e+01 +1.1063e+00 +4.3655e-01 +3.2240e-02 -2.8904e-01 +2.8622e-01
1038 0 +1.893301615e-01 -5.829066984e+01 -5.829066984e+01 +1.1068e+00 +4.3734e-01 +3.1643e-02 -2.8868e-01 +2.8496e-01
1073 0 +1.841973248e-01 -5.829580268e+01 -5.829580268e+01 +1.1083e+00 +4.3927e-01 +3.1386e-02 -2.8795e-01 +2.8338e-01
1081 0 +1.813485415e-01 -5.829865146e+01 -5.829865146e+01 +1.1075e+00 +4.3846e-01 +3.1758e-02 -2.8807e-01 +2.8468e-01
% f evaluations | g evaluations | best noise-free fitness - Fopt (-6.130800000000e+02) + sum g_i+ | measured fitness | best measured fitness or single-digit g-values | x1 | x2...
1 0 +2.503737427e-01 -6.128296263e+02 -6.128296263e+02 +0.0000e+00 +0.0000e+00 +0.0000e+00 +0.0000e+00 +0.0000e+00
829 0 +2.049086053e-01 -6.128750914e+02 -6.128750914e+02 +3.2234e-01 +5.1950e-01 -2.9929e-01 +9.0487e-02 -7.3239e-02
844 0 +1.762745194e-01 -6.129037255e+02 -6.129037255e+02 +3.2271e-01 +5.1245e-01 -2.9997e-01 +9.3570e-02 -7.9533e-02
851 0 +1.723840627e-01 -6.129076159e+02 -6.129076159e+02 +3.1784e-01 +5.0949e-01 -3.0541e-01 +9.4322e-02 -8.3605e-02
853 0 +1.388652920e-01 -6.129411347e+02 -6.129411347e+02 +3.1914e-01 +5.0282e-01 -3.0713e-01 +9.4941e-02 -8.7468e-02
865 0 +1.368549808e-01 -6.129431450e+02 -6.129431450e+02 +3.1835e-01 +5.0213e-01 -3.0886e-01 +9.4302e-02 -9.0370e-02
977 0 +1.326628273e-01 -6.129473372e+02 -6.129473372e+02 +3.2030e-01 +5.0139e-01 -3.0502e-01 +9.6933e-02 -9.1258e-02
1013 0 +1.304199244e-01 -6.129495801e+02 -6.129495801e+02 +3.2277e-01 +5.0303e-01 -3.0108e-01 +9.7852e-02 -9.4295e-02
1025 0 +1.287730694e-01 -6.129512269e+02 -6.129512269e+02 +3.2229e-01 +5.0304e-01 -3.0112e-01 +9.8111e-02 -9.3288e-02
1090 0 +1.247848924e-01 -6.129552151e+02 -6.129552151e+02 +3.2502e-01 +5.0871e-01 -2.9553e-01 +9.8432e-02 -9.4690e-02
1357 0 +1.230026076e-01 -6.129569974e+02 -6.129569974e+02 +3.2459e-01 +5.1406e-01 -2.9589e-01 +9.6126e-02 -9.5527e-02
1682 0 +1.200653304e-01 -6.129599347e+02 -6.129599347e+02 +3.1932e-01 +5.3299e-01 -3.0380e-01 +8.5460e-02 -1.0187e-01
1729 0 +1.174643602e-01 -6.129625356e+02 -6.129625356e+02 +3.1406e-01 +5.4106e-01 -3.1279e-01 +7.8443e-02 -1.0232e-01
1761 0 +1.147030715e-01 -6.129652969e+02 -6.129652969e+02 +3.0648e-01 +5.5450e-01 -3.2567e-01 +6.7553e-02 -1.0341e-01
1930 0 +1.121820327e-01 -6.129678180e+02 -6.129678180e+02 +3.0164e-01 +5.4857e-01 -3.3507e-01 +6.5178e-02 -9.3014e-02
2055 0 +1.090637294e-01 -6.129709363e+02 -6.129709363e+02 +2.9709e-01 +5.6055e-01 -3.4374e-01 +5.6962e-02 -1.0235e-01
2089 0 +1.071140915e-01 -6.129728859e+02 -6.129728859e+02 +2.9302e-01 +5.6318e-01 -3.5169e-01 +5.2263e-02 -1.0120e-01
2241 0 +1.046770916e-01 -6.129753229e+02 -6.129753229e+02 +2.8857e-01 +5.5949e-01 -3.6106e-01 +4.9375e-02 -9.5934e-02
2442 0 +1.023282470e-01 -6.129776718e+02 -6.129776718e+02 +2.8231e-01 +5.5876e-01 -3.7450e-01 +4.3379e-02 -9.1464e-02
2719 0 +9.997721483e-02 -6.129800228e+02 -6.129800228e+02 +2.7709e-01 +5.6629e-01 -3.8533e-01 +3.5650e-02 -9.0352e-02
2749 0 +9.737763819e-02 -6.129826224e+02 -6.129826224e+02 +2.7330e-01 +5.7732e-01 -3.9259e-01 +2.8354e-02 -9.0977e-02
2802 0 +9.538342287e-02 -6.129846166e+02 -6.129846166e+02 +2.6747e-01 +5.9392e-01 -4.0420e-01 +1.6996e-02 -9.3454e-02
2892 0 +9.330478798e-02 -6.129866952e+02 -6.129866952e+02 +2.6449e-01 +6.0691e-01 -4.0891e-01 +1.0296e-02 -9.5743e-02
3218 0 +9.111342410e-02 -6.129888866e+02 -6.129888866e+02 +2.5846e-01 +6.2424e-01 -4.2134e-01 -1.5604e-03 -9.6711e-02
3266 0 +8.889791754e-02 -6.129911021e+02 -6.129911021e+02 +2.5062e-01 +6.3668e-01 -4.3856e-01 -1.3639e-02 -9.5873e-02
3347 0 +8.704298420e-02 -6.129929570e+02 -6.129929570e+02 +2.4798e-01 +6.4498e-01 -4.4439e-01 -1.9014e-02 -9.5227e-02
3438 0 +8.472538986e-02 -6.129952746e+02 -6.129952746e+02 +2.4324e-01 +6.4824e-01 -4.5609e-01 -2.5134e-02 -9.0880e-02
3611 0 +8.311133920e-02 -6.129968887e+02 -6.129968887e+02 +2.3856e-01 +6.5074e-01 -4.6803e-01 -3.0956e-02 -8.4557e-02
3839 0 +8.127204409e-02 -6.129987280e+02 -6.129987280e+02 +2.3127e-01 +6.8616e-01 -4.8331e-01 -4.9899e-02 -9.0546e-02
4041 0 +7.927753254e-02 -6.130007225e+02 -6.130007225e+02 +2.2488e-01 +6.9447e-01 -5.0063e-01 -5.9656e-02 -8.2110e-02
4125 0 +7.760049188e-02 -6.130023995e+02 -6.130023995e+02 +2.2062e-01 +7.0337e-01 -5.1172e-01 -6.7300e-02 -8.1626e-02
4282 0 +7.578580966e-02 -6.130042142e+02 -6.130042142e+02 +2.1297e-01 +7.3221e-01 -5.3023e-01 -8.5223e-02 -8.6582e-02
4476 0 +7.407308342e-02 -6.130059269e+02 -6.130059269e+02 +2.0691e-01 +7.5424e-01 -5.4637e-01 -9.9292e-02 -8.6746e-02
4699 0 +7.237644004e-02 -6.130076236e+02 -6.130076236e+02 +2.0151e-01 +7.6754e-01 -5.6261e-01 -1.1008e-01 -8.2224e-02
5384 0 +7.078003007e-02 -6.130092200e+02 -6.130092200e+02 +1.8980e-01 +8.1095e-01 -5.9578e-01 -1.3841e-01 -8.5994e-02
5555 0 +6.916830745e-02 -6.130108317e+02 -6.130108317e+02 +1.8359e-01 +8.3585e-01 -6.1543e-01 -1.5362e-01 -8.2120e-02
6388 0 +6.759020325e-02 -6.130124098e+02 -6.130124098e+02 +1.7283e-01 +8.9312e-01 -6.4865e-01 -1.8471e-01 -8.4189e-02
% f evaluations | g evaluations | best noise-free fitness - Fopt (6.189000000000e+01) + sum g_i+ | measured fitness | best measured fitness or single-digit g-values | x1 | x2...
1 0 +2.503737427e-01 +6.214037374e+01 +6.214037374e+01 +0.0000e+00 +0.0000e+00 +0.0000e+00 +0.0000e+00 +0.0000e+00
761 0 +2.248728238e-01 +6.211487282e+01 +6.211487282e+01 +6.0691e-01 -1.8172e-01 -6.9282e-01 +1.3862e-01 +2.6845e-01
837 0 +1.879662778e-01 +6.207796628e+01 +6.207796628e+01 +6.0694e-01 -1.8173e-01 -6.9191e-01 +1.3775e-01 +2.6841e-01
906 0 +1.860025929e-01 +6.207600259e+01 +6.207600259e+01 +6.0621e-01 -1.8277e-01 -6.9229e-01 +1.3792e-01 +2.6822e-01
921 0 +1.771037395e-01 +6.206710374e+01 +6.206710374e+01 +6.0645e-01 -1.8274e-01 -6.9224e-01 +1.3799e-01 +2.6805e-01
1000 0 +1.732991572e-01 +6.206329916e+01 +6.206329916e+01 +6.0669e-01 -1.8284e-01 -6.9219e-01 +1.3793e-01 +2.6798e-01
1097 0 +1.697332736e-01 +6.205973327e+01 +6.205973327e+01 +6.0652e-01 -1.8276e-01 -6.9233e-01 +1.3793e-01 +2.6802e-01
% f evaluations | g evaluations | best noise-free fitness - Fopt (-8.456000000000e+01) + sum g_i+ | measured fitness | best measured fitness or single-digit g-values | x1 | x2...
1 0 +2.503737427e-01 -8.430962626e+01 -8.430962626e+01 +0.0000e+00 +0.0000e+00 +0.0000e+00 +0.0000e+00 +0.0000e+00
1483 0 +2.273311155e-01 -8.433266888e+01 -8.433266888e+01 +4.5179e-01 +1.3042e-01 -2.7320e-01 +1.7114e+00 +7.1998e-01
1489 0 +1.994013595e-01 -8.436059864e+01 -8.436059864e+01 +4.5271e-01 +1.3113e-01 -2.7403e-01 +1.7126e+00 +7.2144e-01
1509 0 +1.816591621e-01 -8.437834084e+01 -8.437834084e+01 +4.5216e-01 +1.3072e-01 -2.7345e-01 +1.7114e+00 +7.2105e-01
1517 0 +1.723020170e-01 -8.438769798e+01 -8.438769798e+01 +4.4915e-01 +1.2896e-01 -2.7107e-01 +1.7061e+00 +7.1886e-01
1521 0 +1.592963109e-01 -8.440070369e+01 -8.440070369e+01 +4.5027e-01 +1.3002e-01 -2.7188e-01 +1.7087e+00 +7.1988e-01
1536 0 +1.563391605e-01 -8.440366084e+01 -8.440366084e+01 +4.5067e-01 +1.2973e-01 -2.7199e-01 +1.7084e+00 +7.1992e-01
1544 0 +1.539075578e-01 -8.440609244e+01 -8.440609244e+01 +4.4964e-01 +1.2974e-01 -2.7154e-01 +1.7071e+00 +7.1979e-01
1721 0 +1.511730522e-01 -8.440882695e+01 -8.440882695e+01 +4.5029e-01 +1.2976e-01 -2.7223e-01 +1.7081e+00 +7.2001e-01
1919 0 +1.477295045e-01 -8.441227050e+01 -8.441227050e+01 +4.5035e-01 +1.3034e-01 -2.7293e-01 +1.7089e+00 +7.2057e-01
1949 0 +1.442788680e-01 -8.441572113e+01 -8.441572113e+01 +4.5022e-01 +1.3089e-01 -2.7349e-01 +1.7094e+00 +7.2111e-01
1986 0 +1.405294163e-01 -8.441947058e+01 -8.441947058e+01 +4.4970e-01 +1.3109e-01 -2.7396e-01 +1.7090e+00 +7.2148e-01
1994 0 +1.362721712e-01 -8.442372783e+01 -8.442372783e+01 +4.4940e-01 +1.3155e-01 -2.7438e-01 +1.7092e+00 +7.2186e-01
2007 0 +1.343790012e-01 -8.442562100e+01 -8.442562100e+01 +4.4911e-01 +1.3208e-01 -2.7506e-01 +1.7096e+00 +7.2245e-01
2024 0 +1.263867989e-01 -8.443361320e+01 -8.443361320e+01 +4.4888e-01 +1.3249e-01 -2.7503e-01 +1.7100e+00 +7.2258e-01
2027 0 +1.227392785e-01 -8.443726072e+01 -8.443726072e+01 +4.4803e-01 +1.3244e-01 -2.7490e-01 +1.7091e+00 +7.2256e-01
2035 0 +1.173432297e-01 -8.444265677e+01 -8.444265677e+01 +4.4709e-01 +1.3403e-01 -2.7678e-01 +1.7099e+00 +7.2413e-01
2043 0 +1.147201179e-01 -8.444527988e+01 -8.444527988e+01 +4.4738e-01 +1.3443e-01 -2.7712e-01 +1.7108e+00 +7.2446e-01
2045 0 +1.114243853e-01 -8.444857561e+01 -8.444857561e+01 +4.4692e-01 +1.3525e-01 -2.7769e-01 +1.7114e+00 +7.2505e-01
2047 0 +1.078771597e-01 -8.445212284e+01 -8.445212284e+01 +4.4456e-01 +1.3687e-01 -2.7952e-01 +1.7108e+00 +7.2687e-01
2066 0 +1.018458862e-01 -8.445815411e+01 -8.445815411e+01 +4.4254e-01 +1.4003e-01 -2.8239e-01 +1.7124e+00 +7.2999e-01
2083 0 +9.607732708e-02 -8.446392267e+01 -8.446392267e+01 +4.4131e-01 +1.4137e-01 -2.8348e-01 +1.7128e+00 +7.3104e-01
2132 0 +9.548262296e-02 -8.446451738e+01 -8.446451738e+01 +4.4243e-01 +1.4066e-01 -2.8301e-01 +1.7134e+00 +7.3035e-01
2146 0 +9.128962440e-02 -8.446871038e+01 -8.446871038e+01 +4.4316e-01 +1.4020e-01 -2.8236e-01 +1.7136e+00 +7.2980e-01
2169 0 +9.115665020e-02 -8.446884335e+01 -8.446884335e+01 +4.4319e-01 +1.4061e-01 -2.8270e-01 +1.7142e+00 +7.3011e-01
2173 0 +8.444370815e-02 -8.447555629e+01 -8.447555629e+01 +4.4160e-01 +1.4218e-01 -2.8378e-01 +1.7145e+00 +7.3148e-01
2209 0 +8.232152454e-02 -8.447767848e+01 -8.447767848e+01 +4.3960e-01 +1.4473e-01 -2.8606e-01 +1.7156e+00 +7.3386e-01
2232 0 +8.107570298e-02 -8.447892430e+01 -8.447892430e+01 +4.3989e-01 +1.4514e-01 -2.8631e-01 +1.7165e+00 +7.3421e-01
2413 0 +7.942577611e-02 -8.448057422e+01 -8.448057422e+01 +4.3677e-01 +1.4996e-01 -2.9101e-01 +1.7194e+00 +7.3880e-01
% f evaluations | g evaluations | best noise-free fitness - Fopt (-2.602000000000e+01) + sum g_i+ | measured fitness | best measured fitness or single-digit g-values | x1 | x2...
1 0 +2.503737427e-01 -2.576962626e+01 -2.576962626e+01 +0.0000e+00 +0.0000e+00 +0.0000e+00 +0.0000e+00 +0.0000e+00
665 0 +2.503611202e-01 -2.576963888e+01 -2.576963888e+01 +5.9738e-01 +1.7059e-01 +1.1100e-01 +4.9508e-01 +9.5342e-01
666 0 +2.013694981e-01 -2.581863050e+01 -2.581863050e+01 +5.9782e-01 +1.7131e-01 +1.0935e-01 +4.9865e-01 +9.5498e-01
674 0 +1.507433632e-01 -2.586925664e+01 -2.586925664e+01 +5.9697e-01 +1.6984e-01 +1.0869e-01 +4.9812e-01 +9.5293e-01
680 0 +1.298274428e-01 -2.589017256e+01 -2.589017256e+01 +5.9872e-01 +1.7235e-01 +1.0890e-01 +5.0135e-01 +9.5376e-01
779 0 +1.021761963e-01 -2.591782380e+01 -2.591782380e+01 +5.9689e-01 +1.7283e-01 +1.0830e-01 +4.9860e-01 +9.5254e-01
857 0 +9.949483721e-02 -2.592050516e+01 -2.592050516e+01 +5.9711e-01 +1.7273e-01 +1.0847e-01 +4.9886e-01 +9.5228e-01
% f evaluations | g evaluations | best noise-free fitness - Fopt (-3.015000000000e+01) + sum g_i+ | measured fitness | best measured fitness or single-digit g-values | x1 | x2...
1 0 +2.503737427e-01 -2.989962626e+01 -2.989962626e+01 +0.0000e+00 +0.0000e+00 +0.0000e+00 +0.0000e+00 +0.0000e+00
1191 0 +2.388439814e-01 -2.991115602e+01 -2.991115602e+01 -1.0832e-01 +4.3337e-01 -4.8102e-01 +7.4614e-01 +6.9831e-01
1212 0 +2.311161282e-01 -2.991888387e+01 -2.991888387e+01 -1.0775e-01 +4.3352e-01 -4.8174e-01 +7.4584e-01 +6.9817e-01
1226 0 +2.173050442e-01 -2.993269496e+01 -2.993269496e+01 -1.0789e-01 +4.3344e-01 -4.8232e-01 +7.4587e-01 +6.9899e-01
1239 0 +2.074698175e-01 -2.994253018e+01 -2.994253018e+01 -1.0780e-01 +4.3316e-01 -4.8249e-01 +7.4588e-01 +6.9872e-01
1245 0 +2.036354442e-01 -2.994636456e+01 -2.994636456e+01 -1.0684e-01 +4.3329e-01 -4.8273e-01 +7.4556e-01 +6.9782e-01
1248 0 +1.969852303e-01 -2.995301477e+01 -2.995301477e+01 -1.0705e-01 +4.3348e-01 -4.8222e-01 +7.4604e-01 +6.9777e-01
1252 0 +1.812601207e-01 -2.996873988e+01 -2.996873988e+01 -1.0536e-01 +4.3329e-01 -4.8275e-01 +7.4552e-01 +6.9600e-01
1259 0 +1.582062778e-01 -2.999179372e+01 -2.999179372e+01 -1.0454e-01 +4.3333e-01 -4.8375e-01 +7.4580e-01 +6.9570e-01
1269 0 +1.323808184e-01 -3.001761918e+01 -3.001761918e+01 -1.0322e-01 +4.3314e-01 -4.8409e-01 +7.4516e-01 +6.9489e-01
1280 0 +1.233062037e-01 -3.002669380e+01 -3.002669380e+01 -9.8769e-02 +4.3272e-01 -4.8667e-01 +7.4486e-01 +6.9098e-01
1284 0 +1.178270560e-01 -3.003217294e+01 -3.003217294e+01 -1.0270e-01 +4.3266e-01 -4.8497e-01 +7.4494e-01 +6.9505e-01
1289 0 +1.077423399e-01 -3.004225766e+01 -3.004225766e+01 -1.0168e-01 +4.3293e-01 -4.8563e-01 +7.4495e-01 +6.9417e-01
1295 0 +1.057657699e-01 -3.004423423e+01 -3.004423423e+01 -9.8573e-02 +4.3293e-01 -4.8523e-01 +7.4461e-01 +6.9101e-01
1318 0 +1.007311960e-01 -3.004926880e+01 -3.004926880e+01 -9.7485e-02 +4.3263e-01 -4.8898e-01 +7.4393e-01 +6.9162e-01
1322 0 +9.883179663e-02 -3.005116820e+01 -3.005116820e+01 -1.0117e-01 +4.3282e-01 -4.8549e-01 +7.4493e-01 +6.9398e-01
1341 0 +9.189423117e-02 -3.005810577e+01 -3.005810577e+01 -1.0041e-01 +4.3255e-01 -4.8656e-01 +7.4477e-01 +6.9354e-01
1371 0 +9.047337146e-02 -3.005952663e+01 -3.005952663e+01 -9.9012e-02 +4.3259e-01 -4.8704e-01 +7.4457e-01 +6.9237e-01
1395 0 +8.691691769e-02 -3.006308308e+01 -3.006308308e+01 -9.8054e-02 +4.3248e-01 -4.8752e-01 +7.4420e-01 +6.9162e-01
% f evaluations | g evaluations | best noise-free fitness - Fopt (-1.000000000000e+03) + sum g_i+ | measured fitness | best measured fitness or single-digit g-values | x1 | x2...
1 0 +2.503737427e-01 -9.997496263e+02 -9.997496263e+02 +0.0000e+00 +0.0000e+00 +0.0000e+00 +0.0000e+00 +0.0000e+00
% f evaluations | g evaluations | best noise-free fitness - Fopt (-9.243000000000e+02) + sum g_i+ | measured fitness | best measured fitness or single-digit g-values | x1 | x2...
1 0 +2.503737427e-01 -9.240496263e+02 -9.240496263e+02 +0.0000e+00 +0.0000e+00 +0.0000e+00 +0.0000e+00 +0.0000e+00
417 0 +1.648769623e-01 -9.241351230e+02 -9.241351230e+02 +5.9698e-01 -1.6685e-01 -3.4271e-01 +1.4072e-01 -9.0571e-02
531 0 +1.153257191e-01 -9.241846743e+02 -9.241846743e+02 +5.9847e-01 -1.6536e-01 -3.4252e-01 +1.3755e-01 -8.6503e-02
703 0 +1.136232879e-01 -9.241863767e+02 -9.241863767e+02 +5.9663e-01 -1.6621e-01 -3.4584e-01 +1.3839e-01 -8.7635e-02
882 0 +1.120601964e-01 -9.241879398e+02 -9.241879398e+02 +5.9658e-01 -1.6591e-01 -3.4606e-01 +1.3815e-01 -8.7059e-02
917 0 +1.075189181e-01 -9.241924811e+02 -9.241924811e+02 +5.9652e-01 -1.6599e-01 -3.4588e-01 +1.3867e-01 -8.7525e-02
928 0 +1.056032956e-01 -9.241943967e+02 -9.241943967e+02 +5.9655e-01 -1.6618e-01 -3.4552e-01 +1.3890e-01 -8.7734e-02
930 0 +1.045384820e-01 -9.241954615e+02 -9.241954615e+02 +5.9654e-01 -1.6654e-01 -3.4512e-01 +1.3896e-01 -8.7888e-02
1103 0 +1.022394792e-01 -9.241977605e+02 -9.241977605e+02 +5.9633e-01 -1.6651e-01 -3.4480e-01 +1.3992e-01 -8.8582e-02
% f evaluations | g evaluations | best noise-free fitness - Fopt (-1.035000000000e+01) + sum g_i+ | measured fitness | best measured fitness or single-digit g-values | x1 | x2...
1 0 +2.503737427e-01 -1.009962626e+01 -1.009962626e+01 +0.0000e+00 +0.0000e+00 +0.0000e+00 +0.0000e+00 +0.0000e+00
1401 0 +2.468893301e-01 -1.010311067e+01 -1.010311067e+01 +3.1354e-01 +3.7105e-01 -4.7803e-02 -5.7794e-01 -1.0030e-01
1409 0 +2.340934826e-01 -1.011590652e+01 -1.011590652e+01 +3.1314e-01 +3.7075e-01 -4.8488e-02 -5.7818e-01 -1.0043e-01
1410 0 +2.217792910e-01 -1.012822071e+01 -1.012822071e+01 +3.1381e-01 +3.6938e-01 -4.8013e-02 -5.7860e-01 -1.0186e-01
1425 0 +2.124891937e-01 -1.013751081e+01 -1.013751081e+01 +3.1402e-01 +3.6964e-01 -4.7903e-02 -5.7850e-01 -1.0157e-01
1556 0 +2.079959662e-01 -1.014200403e+01 -1.014200403e+01 +3.1383e-01 +3.7043e-01 -4.8284e-02 -5.7832e-01 -1.0058e-01
1571 0 +2.039281272e-01 -1.014607187e+01 -1.014607187e+01 +3.1369e-01 +3.7030e-01 -4.8369e-02 -5.7847e-01 -1.0045e-01
1579 0 +1.978706816e-01 -1.015212932e+01 -1.015212932e+01 +3.1392e-01 +3.6979e-01 -4.8026e-02 -5.7854e-01 -1.0089e-01
1597 0 +1.948749945e-01 -1.015512501e+01 -1.015512501e+01 +3.1369e-01 +3.6943e-01 -4.7988e-02 -5.7878e-01 -1.0089e-01
1606 0 +1.852416491e-01 -1.016475835e+01 -1.016475835e+01 +3.1382e-01 +3.6934e-01 -4.7522e-02 -5.7866e-01 -1.0059e-01
1627 0 +1.811622600e-01 -1.016883774e+01 -1.016883774e+01 +3.1400e-01 +3.6904e-01 -4.7131e-02 -5.7861e-01 -1.0067e-01
1638 0 +1.773713668e-01 -1.017262863e+01 -1.017262863e+01 +3.1417e-01 +3.6872e-01 -4.6840e-02 -5.7876e-01 -1.0093e-01
1668 0 +1.611262575e-01 -1.018887374e+01 -1.018887374e+01 +3.1432e-01 +3.6746e-01 -4.5670e-02 -5.7901e-01 -1.0064e-01
1735 0 +1.583602587e-01 -1.019163974e+01 -1.019163974e+01 +3.1441e-01 +3.6722e-01 -4.5230e-02 -5.7895e-01 -1.0062e-01
1738 0 +1.541237946e-01 -1.019587621e+01 -1.019587621e+01 +3.1469e-01 +3.6687e-01 -4.4478e-02 -5.7898e-01 -1.0027e-01
% f evaluations | g evaluations | best noise-free fitness - Fopt (-1.000000000000e+03) + sum g_i+ | measured fitness | best measured fitness or single-digit g-values | x1 | x2...
1 0 +2.503737427e-01 -9.997496263e+02 -9.997496263e+02 +0.0000e+00 +0.0000e+00 +0.0000e+00 +0.0000e+00 +0.0000e+00
672 0 +2.377748096e-01 -9.997622252e+02 -9.997622252e+02 -2.8232e-01 -4.3839e-01 -3.7356e-01 +4.7734e-02 -1.3322e-01
698 0 +2.333110141e-01 -9.997666890e+02 -9.997666890e+02 -2.7934e-01 -4.3838e-01 -3.7522e-01 +4.8077e-02 -1.3216e-01
728 0 +2.269669245e-01 -9.997730331e+02 -9.997730331e+02 -2.7752e-01 -4.3886e-01 -3.7493e-01 +4.8334e-02 -1.3136e-01
732 0 +2.188738267e-01 -9.997811262e+02 -9.997811262e+02 -2.7704e-01 -4.3864e-01 -3.7428e-01 +4.6987e-02 -1.3093e-01
741 0 +2.140992497e-01 -9.997859008e+02 -9.997859008e+02 -2.7472e-01 -4.3925e-01 -3.7483e-01 +4.6871e-02 -1.2977e-01
778 0 +2.099190048e-01 -9.997900810e+02 -9.997900810e+02 -2.7900e-01 -4.3854e-01 -3.7295e-01 +4.5980e-02 -1.3119e-01
786 0 +2.086182810e-01 -9.997913817e+02 -9.997913817e+02 -2.7819e-01 -4.3842e-01 -3.7285e-01 +4.6345e-02 -1.3079e-01
802 0 +2.013076968e-01 -9.997986923e+02 -9.997986923e+02 -2.7592e-01 -4.3931e-01 -3.7175e-01 +4.4882e-02 -1.2949e-01
813 0 +1.958004384e-01 -9.998041996e+02 -9.998041996e+02 -2.7631e-01 -4.3871e-01 -3.7221e-01 +4.4956e-02 -1.2971e-01
817 0 +1.905481907e-01 -9.998094518e+02 -9.998094518e+02 -2.7667e-01 -4.3841e-01 -3.7138e-01 +4.4372e-02 -1.2934e-01
825 0 +1.901635541e-01 -9.998098364e+02 -9.998098364e+02 -2.7651e-01 -4.3826e-01 -3.7116e-01 +4.4474e-02 -1.2888e-01
832 0 +1.771473522e-01 -9.998228526e+02 -9.998228526e+02 -2.7398e-01 -4.3759e-01 -3.6888e-01 +4.2072e-02 -1.2636e-01
861 0 +1.663877228e-01 -9.998336123e+02 -9.998336123e+02 -2.7017e-01 -4.3849e-01 -3.6950e-01 +4.2337e-02 -1.2499e-01
878 0 +1.656478696e-01 -9.998343521e+02 -9.998343521e+02 -2.7111e-01 -4.3850e-01 -3.6898e-01 +4.1230e-02 -1.2525e-01
913 0 +1.613730781e-01 -9.998386269e+02 -9.998386269e+02 -2.6862e-01 -4.3863e-01 -3.6982e-01 +4.1951e-02 -1.2421e-01
922 0 +1.582186812e-01 -9.998417813e+02 -9.998417813e+02 -2.6577e-01 -4.3917e-01 -3.6828e-01 +4.0061e-02 -1.2245e-01
953 0 +1.542500620e-01 -9.998457499e+02 -9.998457499e+02 -2.6490e-01 -4.3872e-01 -3.6737e-01 +3.9453e-02 -1.2144e-01
978 0 +1.506701366e-01 -9.998493299e+02 -9.998493299e+02 -2.6155e-01 -4.3870e-01 -3.6690e-01 +3.8188e-02 -1.1927e-01
1245 0 +1.476577694e-01 -9.998523422e+02 -9.998523422e+02 -2.6479e-01 -4.3729e-01 -3.6517e-01 +3.5273e-02 -1.2029e-01
1334 0 +1.445226898e-01 -9.998554773e+02 -9.998554773e+02 -2.6923e-01 -4.3554e-01 -3.6321e-01 +3.2173e-02 -1.2179e-01
1375 0 +1.408573337e-01 -9.998591427e+02 -9.998591427e+02 -2.7298e-01 -4.3403e-01 -3.6038e-01 +2.8360e-02 -1.2277e-01
1395 0 +1.373635874e-01 -9.998626364e+02 -9.998626364e+02 -2.8098e-01 -4.3192e-01 -3.5882e-01 +2.5738e-02 -1.2643e-01
1413 0 +1.323598075e-01 -9.998676402e+02 -9.998676402e+02 -2.8740e-01 -4.2955e-01 -3.5583e-01 +2.1426e-02 -1.2837e-01
1418 0 +1.310852016e-01 -9.998689148e+02 -9.998689148e+02 -2.9998e-01 -4.2488e-01 -3.4930e-01 +1.2033e-02 -1.3269e-01
1438 0 +1.275978904e-01 -9.998724021e+02 -9.998724021e+02 -2.9672e-01 -4.2595e-01 -3.5100e-01 +1.4086e-02 -1.3149e-01
1468 0 +1.247872180e-01 -9.998752128e+02 -9.998752128e+02 -3.0688e-01 -4.2219e-01 -3.4707e-01 +7.6258e-03 -1.3540e-01
1510 0 +1.225950682e-01 -9.998774049e+02 -9.998774049e+02 -3.0366e-01 -4.2298e-01 -3.4770e-01 +8.5500e-03 -1.3378e-01
1544 0 +1.197279923e-01 -9.998802720e+02 -9.998802720e+02 -3.1781e-01 -4.1758e-01 -3.4118e-01 -1.7884e-03 -1.3847e-01
1612 0 +1.166795094e-01 -9.998833205e+02 -9.998833205e+02 -3.1613e-01 -4.1829e-01 -3.4264e-01 -7.6454e-05 -1.3802e-01
1659 0 +1.146988433e-01 -9.998853012e+02 -9.998853012e+02 -3.1617e-01 -4.1812e-01 -3.4287e-01 -8.3855e-05 -1.3813e-01
1706 0 +1.120341225e-01 -9.998879659e+02 -9.998879659e+02 -3.1934e-01 -4.1652e-01 -3.4135e-01 -2.9475e-03 -1.3889e-01
1744 0 +1.088773809e-01 -9.998911226e+02 -9.998911226e+02 -3.2689e-01 -4.1352e-01 -3.3794e-01 -8.2640e-03 -1.4146e-01
1756 0 +1.066969526e-01 -9.998933030e+02 -9.998933030e+02 -3.3405e-01 -4.1076e-01 -3.3631e-01 -1.2183e-02 -1.4436e-01
1767 0 +1.013327762e-01 -9.998986672e+02 -9.998986672e+02 -3.4596e-01 -4.0567e-01 -3.3111e-01 -2.0974e-02 -1.4841e-01
1831 0 +9.729908564e-02 -9.999027009e+02 -9.999027009e+02 -3.5327e-01 -4.0156e-01 -3.2773e-01 -2.7921e-02 -1.5034e-01
1844 0 +9.451772323e-02 -9.999054823e+02 -9.999054823e+02 -3.5982e-01 -3.9869e-01 -3.2515e-01 -3.2466e-02 -1.5259e-01
1855 0 +9.202018389e-02 -9.999079798e+02 -9.999079798e+02 -3.6526e-01 -3.9546e-01 -3.2172e-01 -3.8918e-02 -1.5361e-01
1881 0 +8.994524190e-02 -9.999100548e+02 -9.999100548e+02 -3.7325e-01 -3.9250e-01 -3.1876e-01 -4.3587e-02 -1.5687e-01
1882 0 +8.726062912e-02 -9.999127394e+02 -9.999127394e+02 -3.7409e-01 -3.9162e-01 -3.1809e-01 -4.4995e-02 -1.5692e-01
1892 0 +8.582577361e-02 -9.999141742e+02 -9.999141742e+02 -3.7789e-01 -3.8934e-01 -3.1581e-01 -4.9143e-02 -1.5796e-01
1921 0 +8.453857847e-02 -9.999154614e+02 -9.999154614e+02 -3.7067e-01 -3.9204e-01 -3.1795e-01 -4.5316e-02 -1.5485e-01
1922 0 +8.163101830e-02 -9.999183690e+02 -9.999183690e+02 -3.8574e-01 -3.8466e-01 -3.1123e-01 -5.7886e-02 -1.5954e-01
1933 0 +8.077126508e-02 -9.999192287e+02 -9.999192287e+02 -3.7796e-01 -3.8751e-01 -3.1354e-01 -5.3476e-02 -1.5649e-01
1981 0 +7.857530044e-02 -9.999214247e+02 -9.999214247e+02 -3.8435e-01 -3.8364e-01 -3.1019e-01 -6.0240e-02 -1.5796e-01
2008 0 +7.744558828e-02 -9.999225544e+02 -9.999225544e+02 -3.8526e-01 -3.8317e-01 -3.0984e-01 -6.1167e-02 -1.5829e-01
2091 0 +7.585730535e-02 -9.999241427e+02 -9.999241427e+02 -3.8936e-01 -3.8034e-01 -3.0737e-01 -6.6268e-02 -1.5907e-01
2119 0 +7.411958076e-02 -9.999258804e+02 -9.999258804e+02 -3.9584e-01 -3.7702e-01 -3.0453e-01 -7.1971e-02 -1.6108e-01
2166 0 +7.174922455e-02 -9.999282508e+02 -9.999282508e+02 -4.0174e-01 -3.7386e-01 -3.0224e-01 -7.7102e-02 -1.6296e-01
2184 0 +7.061952101e-02 -9.999293805e+02 -9.999293805e+02 -4.0856e-01 -3.7032e-01 -2.9958e-01 -8.2766e-02 -1.6514e-01
2235 0 +6.854064531e-02 -9.999314594e+02 -9.999314594e+02 -4.1058e-01 -3.6873e-01 -2.9850e-01 -8.5603e-02 -1.6556e-01
2246 0 +6.651884731e-02 -9.999334812e+02 -9.999334812e+02 -4.1460e-01 -3.6610e-01 -2.9652e-01 -9.0185e-02 -1.6661e-01
2267 0 +6.541100964e-02 -9.999345890e+02 -9.999345890e+02 -4.2533e-01 -3.5991e-01 -2.9169e-01 -1.0057e-01 -1.6966e-01
2281 0 +6.404848137e-02 -9.999359515e+02 -9.999359515e+02 -4.2663e-01 -3.5904e-01 -2.9106e-01 -1.0215e-01 -1.7006e-01
2303 0 +6.206330565e-02 -9.999379367e+02 -9.999379367e+02 -4.2685e-01 -3.5747e-01 -2.9031e-01 -1.0510e-01 -1.6947e-01
2316 0 +6.125702803e-02 -9.999387430e+02 -9.999387430e+02 -4.3930e-01 -3.5053e-01 -2.8513e-01 -1.1664e-01 -1.7322e-01
2341 0 +5.969486182e-02 -9.999403051e+02 -9.999403051e+02 -4.3622e-01 -3.5176e-01 -2.8620e-01 -1.1449e-01 -1.7206e-01
2378 0 +5.848733059e-02 -9.999415127e+02 -9.999415127e+02 -4.4654e-01 -3.4492e-01 -2.8145e-01 -1.2605e-01 -1.7467e-01
2392 0 +5.598355612e-02 -9.999440164e+02 -9.999440164e+02 -4.4974e-01 -3.4239e-01 -2.7995e-01 -1.3030e-01 -1.7547e-01
2414 0 +5.477059210e-02 -9.999452294e+02 -9.999452294e+02 -4.5028e-01 -3.4089e-01 -2.7869e-01 -1.3353e-01 -1.7497e-01
2419 0 +5.263275333e-02 -9.999473672e+02 -9.999473672e+02 -4.5422e-01 -3.3798e-01 -2.7678e-01 -1.3845e-01 -1.7597e-01
2437 0 +5.159658182e-02 -9.999484034e+02 -9.999484034e+02 -4.6337e-01 -3.2887e-01 -2.7030e-01 -1.5526e-01 -1.7669e-01
2456 0 +5.095488836e-02 -9.999490451e+02 -9.999490451e+02 -4.5786e-01 -3.3351e-01 -2.7380e-01 -1.4681e-01 -1.7607e-01
2463 0 +4.952156287e-02 -9.999504784e+02 -9.999504784e+02 -4.6615e-01 -3.2530e-01 -2.6828e-01 -1.6169e-01 -1.7697e-01
2477 0 +4.802279298e-02 -9.999519772e+02 -9.999519772e+02 -4.6882e-01 -3.2539e-01 -2.6869e-01 -1.6048e-01 -1.7870e-01
2639 0 +4.779332576e-02 -9.999522067e+02 -9.999522067e+02 -4.7111e-01 -3.2243e-01 -2.6669e-01 -1.6597e-01 -1.7861e-01
2731 0 +4.671700262e-02 -9.999532830e+02 -9.999532830e+02 -4.7551e-01 -3.1994e-01 -2.6552e-01 -1.6959e-01 -1.8019e-01
2801 0 +4.570251233e-02 -9.999542975e+02 -9.999542975e+02 -4.8377e-01 -3.1355e-01 -2.6205e-01 -1.8009e-01 -1.8221e-01
2886 0 +4.450471450e-02 -9.999554953e+02 -9.999554953e+02 -4.9508e-01 -3.0279e-01 -2.5604e-01 -1.9847e-01 -1.8399e-01
3032 0 +4.364053519e-02 -9.999563595e+02 -9.999563595e+02 -4.9890e-01 -2.9885e-01 -2.5415e-01 -2.0510e-01 -1.8439e-01
3233 0 +4.263653208e-02 -9.999573635e+02 -9.999573635e+02 -5.1013e-01 -2.8865e-01 -2.4931e-01 -2.2171e-01 -1.8664e-01
3326 0 +4.167011400e-02 -9.999583299e+02 -9.999583299e+02 -5.2413e-01 -2.7490e-01 -2.4314e-01 -2.4411e-01 -1.8914e-01
3442 0 +4.072472940e-02 -9.999592753e+02 -9.999592753e+02 -5.3577e-01 -2.6190e-01 -2.3768e-01 -2.6541e-01 -1.9053e-01
3647 0 +3.973111666e-02 -9.999602689e+02 -9.999602689e+02 -5.4781e-01 -2.4894e-01 -2.3272e-01 -2.8614e-01 -1.9232e-01
3806 0 +3.889505306e-02 -9.999611049e+02 -9.999611049e+02 -5.5779e-01 -2.3674e-01 -2.2836e-01 -3.0574e-01 -1.9324e-01
3875 0 +3.795750888e-02 -9.999620425e+02 -9.999620425e+02 -5.6503e-01 -2.2925e-01 -2.2595e-01 -3.1722e-01 -1.9472e-01
4132 0 +3.705328883e-02 -9.999629467e+02 -9.999629467e+02 -5.8049e-01 -2.1062e-01 -2.2020e-01 -3.4625e-01 -1.9674e-01
4176 0 +3.626618089e-02 -9.999637338e+02 -9.999637338e+02 -5.8682e-01 -2.0219e-01 -2.1792e-01 -3.5928e-01 -1.9729e-01
4242 0 +3.531624252e-02 -9.999646838e+02 -9.999646838e+02 -5.8565e-01 -2.0348e-01 -2.1842e-01 -3.5722e-01 -1.9699e-01
4285 0 +3.446970113e-02 -9.999655303e+02 -9.999655303e+02 -5.9041e-01 -1.9749e-01 -2.1677e-01 -3.6645e-01 -1.9748e-01
4287 0 +3.341452433e-02 -9.999665855e+02 -9.999665855e+02 -5.9617e-01 -1.9064e-01 -2.1497e-01 -3.7681e-01 -1.9827e-01
4335 0 +3.310523762e-02 -9.999668948e+02 -9.999668948e+02 -6.0147e-01 -1.8357e-01 -2.1323e-01 -3.8759e-01 -1.9874e-01
4468 0 +3.231102408e-02 -9.999676890e+02 -9.999676890e+02 -6.0270e-01 -1.8278e-01 -2.1308e-01 -3.8858e-01 -1.9920e-01
4511 0 +3.095172892e-02 -9.999690483e+02 -9.999690483e+02 -6.0604e-01 -1.7967e-01 -2.1249e-01 -3.9288e-01 -2.0015e-01
4544 0 +3.083063491e-02 -9.999691694e+02 -9.999691694e+02 -6.0681e-01 -1.7877e-01 -2.1228e-01 -3.9421e-01 -2.0026e-01
4581 0 +3.018559702e-02 -9.999698144e+02 -9.999698144e+02 -6.0964e-01 -1.7597e-01 -2.1167e-01 -3.9821e-01 -2.0092e-01
4599 0 +2.951105193e-02 -9.999704889e+02 -9.999704889e+02 -6.1308e-01 -1.7263e-01 -2.1096e-01 -4.0293e-01 -2.0179e-01
4613 0 +2.883351798e-02 -9.999711665e+02 -9.999711665e+02 -6.1609e-01 -1.6976e-01 -2.1051e-01 -4.0684e-01 -2.0261e-01
4629 0 +2.812582555e-02 -9.999718742e+02 -9.999718742e+02 -6.2234e-01 -1.6321e-01 -2.0917e-01 -4.1620e-01 -2.0404e-01
4758 0 +2.754137679e-02 -9.999724586e+02 -9.999724586e+02 -6.2740e-01 -1.5642e-01 -2.0785e-01 -4.2626e-01 -2.0453e-01
4831 0 +2.681803692e-02 -9.999731820e+02 -9.999731820e+02 -6.3594e-01 -1.4492e-01 -2.0568e-01 -4.4323e-01 -2.0547e-01
5024 0 +2.622616463e-02 -9.999737738e+02 -9.999737738e+02 -6.4102e-01 -1.3842e-01 -2.0455e-01 -4.5267e-01 -2.0626e-01
5255 0 +2.570002111e-02 -9.999743000e+02 -9.999743000e+02 -6.4662e-01 -1.3229e-01 -2.0357e-01 -4.6124e-01 -2.0760e-01
6360 0 +2.510579673e-02 -9.999748942e+02 -9.999748942e+02 -6.6961e-01 -1.0218e-01 -1.9941e-01 -5.0455e-01 -2.1105e-01
7019 0 +2.454577044e-02 -9.999754542e+02 -9.999754542e+02 -6.8264e-01 -7.6699e-02 -1.9656e-01 -5.4376e-01 -2.1025e-01
8539 0 +2.398789177e-02 -9.999760121e+02 -9.999760121e+02 -7.1362e-01 -2.2451e-02 -1.9300e-01 -6.2349e-01 -2.1127e-01
% f evaluations | g evaluations | best noise-free fitness - Fopt (2.880000000000e+01) + sum g_i+ | measured fitness | best measured fitness or single-digit g-values | x1 | x2...
1 0 +2.503737427e-01 +2.905037374e+01 +2.905037374e+01 +0.0000e+00 +0.0000e+00 +0.0000e+00 +0.0000e+00 +0.0000e+00
561 0 +2.289421407e-01 +2.902894214e+01 +2.902894214e+01 +8.3553e-01 -7.2223e-01 -5.2995e-01 +1.1734e-01 +4.7132e-01
592 0 +2.109193897e-01 +2.901091939e+01 +2.901091939e+01 +8.3484e-01 -7.2158e-01 -5.2995e-01 +1.1718e-01 +4.7152e-01
597 0 +1.969730148e-01 +2.899697301e+01 +2.899697301e+01 +8.3523e-01 -7.2166e-01 -5.3020e-01 +1.1705e-01 +4.7081e-01
641 0 +1.935609438e-01 +2.899356094e+01 +2.899356094e+01 +8.3462e-01 -7.2053e-01 -5.2980e-01 +1.1754e-01 +4.7172e-01
681 0 +1.899548387e-01 +2.898995484e+01 +2.898995484e+01 +8.3473e-01 -7.2060e-01 -5.2965e-01 +1.1792e-01 +4.7166e-01
773 0 +1.841333477e-01 +2.898413335e+01 +2.898413335e+01 +8.3605e-01 -7.2122e-01 -5.3005e-01 +1.1789e-01 +4.7107e-01
809 0 +1.815081623e-01 +2.898150816e+01 +2.898150816e+01 +8.3698e-01 -7.2131e-01 -5.3007e-01 +1.1814e-01 +4.7072e-01
837 0 +1.777690394e-01 +2.897776904e+01 +2.897776904e+01 +8.3764e-01 -7.2196e-01 -5.3028e-01 +1.1791e-01 +4.7029e-01
937 0 +1.736785002e-01 +2.897367850e+01 +2.897367850e+01 +8.3884e-01 -7.2232e-01 -5.3048e-01 +1.1830e-01 +4.6994e-01
965 0 +1.690182257e-01 +2.896901823e+01 +2.896901823e+01 +8.4110e-01 -7.2296e-01 -5.3080e-01 +1.1872e-01 +4.6908e-01
992 0 +1.642820603e-01 +2.896428206e+01 +2.896428206e+01 +8.4291e-01 -7.2356e-01 -5.3111e-01 +1.1848e-01 +4.6843e-01
998 0 +1.605524349e-01 +2.896055243e+01 +2.896055243e+01 +8.4535e-01 -7.2430e-01 -5.3152e-01 +1.1892e-01 +4.6749e-01
1053 0 +1.564198985e-01 +2.895641990e+01 +2.895641990e+01 +8.4730e-01 -7.2504e-01 -5.3206e-01 +1.1836e-01 +4.6647e-01
1055 0 +1.540688582e-01 +2.895406886e+01 +2.895406886e+01 +8.4992e-01 -7.2611e-01 -5.3251e-01 +1.1843e-01 +4.6515e-01
1074 0 +1.508775979e-01 +2.895087760e+01 +2.895087760e+01 +8.5661e-01 -7.2852e-01 -5.3394e-01 +1.1816e-01 +4.6242e-01
1103 0 +1.473868310e-01 +2.894738683e+01 +2.894738683e+01 +8.5730e-01 -7.2882e-01 -5.3390e-01 +1.1832e-01 +4.6208e-01
1152 0 +1.442499197e-01 +2.894424992e+01 +2.894424992e+01 +8.6485e-01 -7.3198e-01 -5.3547e-01 +1.1782e-01 +4.5865e-01
% f evaluations | g evaluations | best noise-free fitness - Fopt (3.534000000000e+01) + sum g_i+ | measured fitness | best measured fitness or single-digit g-values | x1 | x2...
1 0 +2.503737427e-01 +3.559037374e+01 +3.559037374e+01 +0.0000e+00 +0.0000e+00 +0.0000e+00 +0.0000e+00 +0.0000e+00
1109 0 +2.407882413e-01 +3.558078824e+01 +3.558078824e+01 +7.9510e-01 +2.2273e-01 -3.6592e-01 +4.9522e-01 +1.0873e+00
1115 0 +2.381908007e-01 +3.557819080e+01 +3.557819080e+01 +7.9496e-01 +2.2263e-01 -3.6587e-01 +4.9525e-01 +1.0871e+00
1124 0 +2.328904107e-01 +3.557289041e+01 +3.557289041e+01 +7.9507e-01 +2.2267e-01 -3.6600e-01 +4.9503e-01 +1.0873e+00
1133 0 +2.233021428e-01 +3.556330214e+01 +3.556330214e+01 +7.9490e-01 +2.2249e-01 -3.6621e-01 +4.9511e-01 +1.0875e+00
1134 0 +2.060759681e-01 +3.554607597e+01 +3.554607597e+01 +7.9449e-01 +2.2223e-01 -3.6625e-01 +4.9518e-01 +1.0874e+00
1146 0 +1.848326460e-01 +3.552483265e+01 +3.552483265e+01 +7.9389e-01 +2.2173e-01 -3.6629e-01 +4.9500e-01 +1.0873e+00
1162 0 +1.649646284e-01 +3.550496463e+01 +3.550496463e+01 +7.9334e-01 +2.2116e-01 -3.6685e-01 +4.9475e-01 +1.0875e+00
1171 0 +1.518573968e-01 +3.549185740e+01 +3.549185740e+01 +7.9247e-01 +2.2044e-01 -3.6680e-01 +4.9478e-01 +1.0871e+00
1178 0 +1.509174389e-01 +3.549091744e+01 +3.549091744e+01 +7.9275e-01 +2.2056e-01 -3.6663e-01 +4.9498e-01 +1.0872e+00
1182 0 +1.458084981e-01 +3.548580850e+01 +3.548580850e+01 +7.9255e-01 +2.2044e-01 -3.6671e-01 +4.9499e-01 +1.0872e+00
1187 0 +1.442488673e-01 +3.548424887e+01 +3.548424887e+01 +7.9039e-01 +2.1816e-01 -3.6711e-01 +4.9497e-01 +1.0869e+00
1193 0 +1.331300596e-01 +3.547313006e+01 +3.547313006e+01 +7.9109e-01 +2.1899e-01 -3.6706e-01 +4.9497e-01 +1.0870e+00
1209 0 +1.309357412e-01 +3.547093574e+01 +3.547093574e+01 +7.9112e-01 +2.1926e-01 -3.6718e-01 +4.9475e-01 +1.0872e+00
1259 0 +1.274609611e-01 +3.546746096e+01 +3.546746096e+01 +7.9121e-01 +2.1950e-01 -3.6726e-01 +4.9498e-01 +1.0872e+00
1350 0 +1.255922756e-01 +3.546559228e+01 +3.546559228e+01 +7.9080e-01 +2.1929e-01 -3.6749e-01 +4.9479e-01 +1.0874e+00
1570 0 +1.229321045e-01 +3.546293210e+01 +3.546293210e+01 +7.9058e-01 +2.1916e-01 -3.6765e-01 +4.9496e-01 +1.0874e+00
