% f evaluations | g evaluations | best noise-free fitness - Fopt (7.135000000000e+01) + sum g_i+ | measured fitness | best measured fitness or single-digit g-values | x1 | x2...
1 0 +1.205674855e+02 +1.919174855e+02 +1.919174855e+02 +0.0000e+00 +0.0000e+00 +0.0000e+00 +0.0000e+00 +0.0000e+00
6 0 +6.982383015e+01 +1.411738302e+02 +1.411738302e+02 +2.1661e-01 -2.7248e-01 -1.4933e-01 +1.8171e-01 -5.0930e-01
51 0 +6.207007827e+01 +1.334200783e+02 +1.334200783e+02 +5.2228e-01 -4.1554e-01 +1.2735e-01 -1.0594e-01 +2.2408e-02
63 0 +5.793440543e+01 +1.292844054e+02 +1.292844054e+02 +3.0234e-01 -2.6117e-01 -1.1421e-01 +2.1817e-02 -4.1629e-01
74 0 +4.563325973e+01 +1.169832597e+02 +1.169832597e+02 +2.1761e-01 -7.2209e-02 -5.1131e-01 +1.1201e-01 -5.7485e-01
89 0 +3.543669665e+01 +1.067866967e+02 +1.067866967e+02 +4.8262e-01 -3.1855e-01 -5.6878e-01 -5.5434e-02 -4.8217e-01
109 0 +3.356226553e+01 +1.049122655e+02 +1.049122655e+02 +2.5266e-01 -6.9980e-02 -3.9816e-01 +4.1628e-01 -8.5837e-01
115 0 +3.055946056e+01 +1.019094606e+02 +1.019094606e+02 +3.5485e-01 -2.8036e-01 -5.0233e-01 +2.6379e-01 -6.2615e-01
135 0 +2.755430810e+01 +9.890430810e+01 +9.890430810e+01 +2.1272e-01 -2.0131e-01 -4.2581e-01 +5.1043e-01 -6.3205e-01
139 0 +2.291908844e+01 +9.426908844e+01 +9.426908844e+01 +4.0124e-01 -7.4483e-02 -8.5332e-01 +6.5166e-01 -1.3513e+00
157 0 +9.695638367e+00 +8.104563837e+01 +8.104563837e+01 +4.7865e-01 +3.9068e-02 -9.1556e-01 +7.1247e-01 -1.7554e+00
173 0 +5.022555211e+00 +7.637255521e+01 +7.637255521e+01 +1.8139e-01 +2.5994e-01 -9.5709e-01 +4.9382e-01 -1.6656e+00
184 0 +3.921920917e+00 +7.527192092e+01 +7.527192092e+01 +1.2229e-01 +1.8258e-01 -1.0414e+00 +4.0839e-01 -1.7759e+00
213 0 +3.326387187e+00 +7.467638719e+01 +7.467638719e+01 +6.9011e-02 +1.9972e-01 -9.3391e-01 +7.3197e-01 -1.7683e+00
218 0 +2.788406093e+00 +7.413840609e+01 +7.413840609e+01 -2.7936e-02 +1.7485e-01 -8.5340e-01 +8.1121e-01 -1.7878e+00
227 0 +2.390905162e+00 +7.374090516e+01 +7.374090516e+01 -2.0722e-01 +2.6951e-01 -8.2530e-01 +8.8328e-01 -1.7390e+00
253 0 +1.959449985e+00 +7.330944999e+01 +7.330944999e+01 -1.8979e-01 +3.1829e-01 -9.0741e-01 +7.8778e-01 -1.6151e+00
261 0 +1.414228744e+00 +7.276422874e+01 +7.276422874e+01 -1.8837e-01 +2.9974e-01 -7.7245e-01 +7.1025e-01 -1.4905e+00
288 0 +9.857876080e-01 +7.233578761e+01 +7.233578761e+01 -1.4486e-01 +2.6291e-01 -8.2489e-01 +8.3813e-01 -1.5801e+00
289 0 +8.760631941e-01 +7.222606319e+01 +7.222606319e+01 -1.5354e-01 +2.8865e-01 -8.7581e-01 +8.1273e-01 -1.5717e+00
297 0 +5.525425844e-01 +7.190254258e+01 +7.190254258e+01 -1.5825e-01 +3.1219e-01 -8.5538e-01 +8.0348e-01 -1.5649e+00
301 0 +3.687728224e-01 +7.171877282e+01 +7.171877282e+01 -2.1637e-01 +3.0362e-01 -7.7904e-01 +8.1633e-01 -1.5388e+00
381 0 +2.900194515e-01 +7.164001945e+01 +7.164001945e+01 -3.5649e-01 +3.5325e-01 -7.7439e-01 +5.4154e-01 -1.4148e+00
489 0 +2.869352890e-01 +7.163693529e+01 +7.163693529e+01 -3.4428e-01 +3.4422e-01 -7.5445e-01 +5.7603e-01 -1.4166e+00
536 0 +2.404043164e-01 +7.159040432e+01 +7.159040432e+01 -3.5167e-01 +3.4314e-01 -7.5213e-01 +5.8267e-01 -1.3962e+00
564 0 +2.128776513e-01 +7.156287765e+01 +7.156287765e+01 -3.7321e-01 +3.5027e-01 -7.4689e-01 +5.6468e-01 -1.4004e+00
571 0 +1.592644361e-01 +7.150926444e+01 +7.150926444e+01 -3.6389e-01 +3.4797e-01 -7.3612e-01 +5.7169e-01 -1.4083e+00
579 0 +1.187641070e-01 +7.146876411e+01 +7.146876411e+01 -3.6943e-01 +3.4915e-01 -7.3127e-01 +5.6322e-01 -1.4090e+00
726 0 +1.171176074e-01 +7.146711761e+01 +7.146711761e+01 -3.7332e-01 +3.5250e-01 -7.3764e-01 +5.3714e-01 -1.3999e+00
742 0 +1.020583659e-01 +7.145205837e+01 +7.145205837e+01 -3.8358e-01 +3.5105e-01 -7.3392e-01 +5.3145e-01 -1.3934e+00
778 0 +9.819502800e-02 +7.144819503e+01 +7.144819503e+01 -3.8402e-01 +3.5150e-01 -7.3222e-01 +5.2586e-01 -1.3964e+00
788 0 +8.371426379e-02 +7.143371426e+01 +7.143371426e+01 -3.8305e-01 +3.5115e-01 -7.3208e-01 +5.3047e-01 -1.3945e+00
850 0 +8.316867122e-02 +7.143316867e+01 +7.143316867e+01 -3.8178e-01 +3.5303e-01 -7.3352e-01 +5.2706e-01 -1.3972e+00
865 0 +7.951299750e-02 +7.142951300e+01 +7.142951300e+01 -3.8077e-01 +3.5284e-01 -7.3474e-01 +5.2798e-01 -1.3977e+00
883 0 +7.620645336e-02 +7.142620645e+01 +7.142620645e+01 -3.8166e-01 +3.5253e-01 -7.3313e-01 +5.2668e-01 -1.3963e+00
892 0 +7.516749397e-02 +7.142516749e+01 +7.142516749e+01 -3.8098e-01 +3.5236e-01 -7.3349e-01 +5.2835e-01 -1.3969e+00
921 0 +7.362444118e-02 +7.142362444e+01 +7.142362444e+01 -3.8062e-01 +3.5236e-01 -7.3300e-01 +5.2763e-01 -1.3968e+00
929 0 +7.122468937e-02 +7.142122469e+01 +7.142122469e+01 -3.8050e-01 +3.5223e-01 -7.3305e-01 +5.2778e-01 -1.3971e+00
937 0 +6.678809835e-02 +7.141678810e+01 +7.141678810e+01 -3.8059e-01 +3.5224e-01 -7.3283e-01 +5.2809e-01 -1.3972e+00
961 0 +6.275480113e-02 +7.141275480e+01 +7.141275480e+01 -3.8063e-01 +3.5222e-01 -7.3285e-01 +5.2844e-01 -1.3970e+00
997 0 +6.144417132e-02 +7.141144417e+01 +7.141144417e+01 -3.8085e-01 +3.5230e-01 -7.3296e-01 +5.2829e-01 -1.3970e+00
1143 0 +5.985797864e-02 +7.140985798e+01 +7.140985798e+01 -3.8080e-01 +3.5226e-01 -7.3281e-01 +5.2822e-01 -1.3970e+00
1208 0 +5.884144362e-02 +7.140884144e+01 +7.140884144e+01 -3.8079e-01 +3.5226e-01 -7.3284e-01 +5.2825e-01 -1.3970e+00
% f evaluations | g evaluations | best noise-free fitness - Fopt (-3.552200000000e+02) + sum g_i+ | measured fitness | best measured fitness or single-digit g-values | x1 | x2...
1 0 +1.380502722e+02 -2.171697278e+02 -2.171697278e+02 +0.0000e+00 +0.0000e+00 +0.0000e+00 +0.0000e+00 +0.0000e+00
2 0 +1.040129273e+02 -2.512070727e+02 -2.512070727e+02 +4.3379e-01 +3.0692e-02 +9.8026e-02 +3.4094e-01 +2.4727e-01
10 0 +8.299277366e+01 -2.722272263e+02 -2.722272263e+02 +8.6643e-01 +1.2417e-01 -2.8484e-03 +2.9885e-01 +8.0094e-02
12 0 +6.558802347e+01 -2.896319765e+02 -2.896319765e+02 +2.2108e-01 +2.1020e-01 -4.3129e-01 +2.9672e-01 -3.3467e-01
23 0 +6.142287650e+01 -2.937971235e+02 -2.937971235e+02 +1.1983e+00 +2.5304e-02 -5.8660e-01 +5.0089e-01 -5.1066e-01
30 0 +4.922183334e+01 -3.059981667e+02 -3.059981667e+02 +8.6533e-01 +1.7988e-01 +2.3468e-02 +1.3570e-01 -6.2477e-02
34 0 +4.573534403e+01 -3.094846560e+02 -3.094846560e+02 +1.6087e+00 +6.7835e-01 -3.7277e-01 +6.7107e-01 -6.8103e-01
37 0 +3.044056572e+01 -3.247794343e+02 -3.247794343e+02 +1.7590e+00 +3.2064e-02 -5.8016e-01 +4.0051e-01 -5.4503e-01
49 0 +1.452781697e+01 -3.406921830e+02 -3.406921830e+02 +1.5977e+00 +1.9074e-01 -6.5993e-01 +1.6495e-01 -4.3722e-01
81 0 +8.689385959e+00 -3.465306140e+02 -3.465306140e+02 +1.6362e+00 +1.4480e-02 -1.0044e+00 -8.9758e-02 -3.1357e-01
89 0 +3.916357289e+00 -3.513036427e+02 -3.513036427e+02 +1.7999e+00 -9.9626e-02 -1.1996e+00 +7.3227e-02 -5.0705e-01
264 0 +3.782991014e+00 -3.514370090e+02 -3.514370090e+02 +1.7158e+00 -2.7117e-02 -1.0554e+00 +7.2385e-02 -4.9517e-01
288 0 +3.507568254e+00 -3.517124317e+02 -3.517124317e+02 +1.6503e+00 -2.5034e-02 -9.9816e-01 +9.3733e-02 -4.8480e-01
290 0 +3.163264549e+00 -3.520567355e+02 -3.520567355e+02 +1.6293e+00 -8.9156e-03 -9.8865e-01 +1.0439e-01 -4.9945e-01
321 0 +3.053408955e+00 -3.521665910e+02 -3.521665910e+02 +1.6284e+00 -1.2772e-02 -9.8376e-01 +8.5020e-02 -4.7314e-01
323 0 +2.869394213e+00 -3.523506058e+02 -3.523506058e+02 +1.5945e+00 +1.2934e-02 -9.5431e-01 +8.0897e-02 -4.7530e-01
329 0 +2.809794428e+00 -3.524102056e+02 -3.524102056e+02 +1.6073e+00 -3.0330e-03 -9.6927e-01 +8.9722e-02 -4.7402e-01
333 0 +2.433004588e+00 -3.527869954e+02 -3.527869954e+02 +1.6205e+00 +1.6238e-02 -9.7116e-01 +8.7335e-02 -4.6992e-01
437 0 +2.331672133e+00 -3.528883279e+02 -3.528883279e+02 +1.6234e+00 +9.5905e-03 -9.7261e-01 +7.2603e-02 -4.6019e-01
498 0 +2.263752732e+00 -3.529562473e+02 -3.529562473e+02 +1.6261e+00 +1.0402e-02 -9.7679e-01 +9.2571e-02 -4.7313e-01
506 0 +2.142750122e+00 -3.530772499e+02 -3.530772499e+02 +1.6253e+00 +1.7359e-02 -9.7723e-01 +9.2371e-02 -4.7405e-01
522 0 +2.137297746e+00 -3.530827023e+02 -3.530827023e+02 +1.6253e+00 +1.7225e-02 -9.7687e-01 +9.2234e-02 -4.7458e-01
581 0 +2.065381218e+00 -3.531546188e+02 -3.531546188e+02 +1.6230e+00 +1.9054e-02 -9.7454e-01 +9.2581e-02 -4.7329e-01
714 0 +2.032408833e+00 -3.531875912e+02 -3.531875912e+02 +1.6248e+00 +2.1329e-02 -9.7890e-01 +9.7054e-02 -4.7602e-01
761 0 +1.991666742e+00 -3.532283333e+02 -3.532283333e+02 +1.6253e+00 +2.1676e-02 -9.8041e-01 +9.9524e-02 -4.7832e-01
892 0 +1.935770233e+00 -3.532842298e+02 -3.532842298e+02 +1.6250e+00 +2.2328e-02 -9.8035e-01 +1.0134e-01 -4.7981e-01
907 0 +1.896356803e+00 -3.533236432e+02 -3.533236432e+02 +1.6250e+00 +2.2701e-02 -9.8035e-01 +1.0129e-01 -4.7968e-01
932 0 +1.861156214e+00 -3.533588438e+02 -3.533588438e+02 +1.6248e+00 +2.2808e-02 -9.8018e-01 +1.0180e-01 -4.7965e-01
1590 0 +1.819688414e+00 -3.534003116e+02 -3.534003116e+02 +1.6245e+00 +2.2916e-02 -9.7954e-01 +1.0260e-01 -4.7991e-01
% f evaluations | g evaluations | best noise-free fitness - Fopt (9.917000000000e+01) + sum g_i+ | measured fitness | best measured fitness or single-digit g-values | x1 | x2...
1 0 +1.990461148e+02 +2.982161148e+02 +2.982161148e+02 +0.0000e+00 +0.0000e+00 +0.0000e+00 +0.0000e+00 +0.0000e+00
2 0 +1.168518065e+02 +2.160218065e+02 +2.160218065e+02 +4.3379e-01 +3.0692e-02 +9.8026e-02 +3.4094e-01 +2.4727e-01
3 0 +9.782992030e+01 +1.969999203e+02 +1.969999203e+02 +1.7369e-01 -1.1375e-01 -3.0566e-01 +1.1285e-01 -1.5359e-01
5 0 +9.558736831e+01 +1.947573683e+02 +1.947573683e+02 +5.3256e-02 -2.3477e-01 +7.8699e-02 +1.0710e-01 +2.4729e-01
6 0 +5.486335096e+01 +1.540333510e+02 +1.540333510e+02 +2.1661e-01 -2.7248e-01 -1.4933e-01 +1.8171e-01 -5.0930e-01
11 0 +5.047560685e+01 +1.496456068e+02 +1.496456068e+02 +3.0503e-01 -4.2689e-01 +1.0974e-02 +1.4565e-01 +3.1721e-01
26 0 +4.445912931e+01 +1.436291293e+02 +1.436291293e+02 +1.7565e-01 -2.5482e-01 -5.3678e-01 -2.5861e-01 +5.0313e-01
44 0 +4.234076567e+01 +1.415107657e+02 +1.415107657e+02 +1.4277e-01 -4.3367e-01 -4.7904e-01 -5.6626e-01 +1.0571e-01
49 0 +3.826619192e+01 +1.374361919e+02 +1.374361919e+02 +1.6342e-01 -3.2680e-01 -7.6668e-01 -1.0323e-01 +4.6354e-01
50 0 +1.757602020e+01 +1.167460202e+02 +1.167460202e+02 +1.6072e-01 -3.5907e-01 -8.3314e-01 -9.9999e-02 +7.9972e-01
77 0 +1.548148783e+01 +1.146514878e+02 +1.146514878e+02 +1.0117e-01 -5.3974e-01 -1.6984e+00 +4.2890e-02 +1.3242e+00
81 0 +1.436334458e+01 +1.135333446e+02 +1.135333446e+02 +1.2120e-01 -5.2855e-01 -1.6588e+00 -3.0478e-01 +9.8189e-01
137 0 +7.542971477e+00 +1.067129715e+02 +1.067129715e+02 +5.6324e-01 -9.9037e-01 -1.5574e+00 -1.3058e-01 +8.7450e-01
175 0 +7.274844962e+00 +1.064448450e+02 +1.064448450e+02 +5.3472e-01 -9.5276e-01 -1.4095e+00 -2.9297e-01 +9.1746e-01
264 0 +6.961132175e+00 +1.061311322e+02 +1.061311322e+02 +4.2762e-01 -8.7656e-01 -1.3068e+00 +1.2532e-01 +1.2472e+00
267 0 +6.664190064e+00 +1.058341901e+02 +1.058341901e+02 +3.8473e-01 -8.3320e-01 -1.3243e+00 +8.5328e-02 +1.2446e+00
306 0 +6.562281949e+00 +1.057322819e+02 +1.057322819e+02 +3.3375e-01 -8.8037e-01 -9.5902e-01 +2.1544e-01 +1.4937e+00
308 0 +6.048793780e+00 +1.052187938e+02 +1.052187938e+02 +3.4697e-01 -8.0739e-01 -1.2919e+00 +1.6980e-01 +1.3778e+00
310 0 +5.675114837e+00 +1.048451148e+02 +1.048451148e+02 +3.6599e-01 -8.5419e-01 -1.1288e+00 +1.5379e-01 +1.4654e+00
313 0 +4.808296183e+00 +1.039782962e+02 +1.039782962e+02 +3.4891e-01 -8.4732e-01 -1.1266e+00 +1.7968e-01 +1.4456e+00
333 0 +3.721319303e+00 +1.028913193e+02 +1.028913193e+02 +3.4141e-01 -8.0858e-01 -1.0645e+00 +2.1610e-01 +1.4879e+00
353 0 +3.572218593e+00 +1.027422186e+02 +1.027422186e+02 +2.9574e-01 -8.4274e-01 -1.1075e+00 +1.8785e-01 +1.5077e+00
470 0 +3.346998584e+00 +1.025169986e+02 +1.025169986e+02 +3.0048e-01 -7.8971e-01 -1.0819e+00 +2.0288e-01 +1.5030e+00
518 0 +3.156440068e+00 +1.023264401e+02 +1.023264401e+02 +3.0531e-01 -7.9079e-01 -1.0981e+00 +2.0186e-01 +1.5120e+00
601 0 +3.069433460e+00 +1.022394335e+02 +1.022394335e+02 +3.0713e-01 -7.9558e-01 -1.1004e+00 +2.1141e-01 +1.5060e+00
750 0 +3.013793108e+00 +1.021837931e+02 +1.021837931e+02 +3.0542e-01 -7.9542e-01 -1.1054e+00 +2.1083e-01 +1.5080e+00
817 0 +2.930274307e+00 +1.021002743e+02 +1.021002743e+02 +3.0492e-01 -7.9459e-01 -1.1048e+00 +2.1017e-01 +1.5084e+00
% f evaluations | g evaluations | best noise-free fitness - Fopt (-5.179100000000e+02) + sum g_i+ | measured fitness | best measured fitness or single-digit g-values | x1 | x2...
1 0 +7.971953023e+01 -4.381904698e+02 -4.381904698e+02 +0.0000e+00 +0.0000e+00 +0.0000e+00 +0.0000e+00 +0.0000e+00
2 0 +5.452111593e+01 -4.633888841e+02 -4.633888841e+02 +4.3379e-01 +3.0692e-02 +9.8026e-02 +3.4094e-01 +2.4727e-01
5 0 +4.755840383e+01 -4.703515962e+02 -4.703515962e+02 +5.3256e-02 -2.3477e-01 +7.8699e-02 +1.0710e-01 +2.4729e-01
9 0 +4.528961378e+01 -4.726203862e+02 -4.726203862e+02 +1.3216e-01 -3.9885e-02 +4.9514e-02 +8.6756e-02 +1.8984e-01
11 0 +3.840549482e+01 -4.795045052e+02 -4.795045052e+02 +3.0143e-01 -2.5732e-01 +1.8039e-01 +1.1187e-01 +6.3161e-01
15 0 +3.040533911e+01 -4.875046609e+02 -4.875046609e+02 +6.4001e-01 +1.7800e-01 +2.8964e-01 -4.8852e-01 +6.3655e-01
31 0 +1.820841824e+01 -4.997015818e+02 -4.997015818e+02 +6.8658e-01 -6.4524e-02 +7.5034e-02 +1.2923e-01 +1.1527e+00
34 0 +1.735349204e+01 -5.005565080e+02 -5.005565080e+02 +6.6895e-01 +4.3635e-01 +2.6055e-02 +5.9334e-01 +3.9421e-01
50 0 +1.581770457e+01 -5.020922954e+02 -5.020922954e+02 +8.5845e-01 +3.5422e-01 -1.5511e-01 +5.7100e-01 +9.9187e-01
56 0 +1.536539902e+01 -5.025446010e+02 -5.025446010e+02 +9.7912e-01 +6.1206e-01 -3.8439e-01 +8.2297e-01 +1.1312e+00
58 0 +1.358001884e+01 -5.043299812e+02 -5.043299812e+02 +3.9608e-01 +8.0189e-01 -4.7698e-01 +1.5234e-01 +9.6117e-01
61 0 +6.768424517e+00 -5.111415755e+02 -5.111415755e+02 +5.1113e-01 +2.2047e-01 -9.1526e-02 +4.0634e-01 +1.0764e+00
72 0 +6.289773892e+00 -5.116202261e+02 -5.116202261e+02 +2.3859e-01 +5.2592e-01 -5.7781e-01 +4.5600e-01 +6.6394e-01
114 0 +5.696698084e+00 -5.122133019e+02 -5.122133019e+02 +5.7829e-01 +6.4072e-01 -3.8649e-01 +3.3225e-01 +1.4241e+00
121 0 +4.870915726e+00 -5.130390843e+02 -5.130390843e+02 +6.4408e-01 +6.5401e-01 -6.6438e-01 +3.9345e-01 +1.4661e+00
126 0 +4.215317013e+00 -5.136946830e+02 -5.136946830e+02 +5.4133e-01 +2.8022e-01 -1.2085e-01 +1.5455e-01 +1.4117e+00
199 0 +4.099472735e+00 -5.138105273e+02 -5.138105273e+02 +7.1027e-01 +6.5863e-01 -4.6516e-01 +1.9975e-01 +1.4924e+00
235 0 +3.420285926e+00 -5.144897141e+02 -5.144897141e+02 +5.5123e-01 +6.7556e-01 -4.0552e-01 +1.8201e-01 +1.4164e+00
260 0 +3.203846599e+00 -5.147061534e+02 -5.147061534e+02 +5.4496e-01 +6.5839e-01 -3.7540e-01 +1.6691e-01 +1.4127e+00
275 0 +2.919755230e+00 -5.149902448e+02 -5.149902448e+02 +5.2767e-01 +6.5191e-01 -3.5532e-01 +1.5171e-01 +1.4121e+00
306 0 +2.150154353e+00 -5.157598456e+02 -5.157598456e+02 +5.2280e-01 +6.0886e-01 -2.1392e-01 +1.4779e-01 +1.4180e+00
435 0 +2.055851922e+00 -5.158541481e+02 -5.158541481e+02 +4.7799e-01 +6.2803e-01 -2.7898e-01 +1.1424e-01 +1.3774e+00
463 0 +2.012511744e+00 -5.158974883e+02 -5.158974883e+02 +4.8867e-01 +6.3294e-01 -2.8341e-01 +1.2600e-01 +1.3848e+00
465 0 +1.864451172e+00 -5.160455488e+02 -5.160455488e+02 +4.8517e-01 +6.2884e-01 -2.7967e-01 +1.1595e-01 +1.3840e+00
505 0 +1.809739665e+00 -5.161002603e+02 -5.161002603e+02 +4.8711e-01 +6.3347e-01 -2.8433e-01 +1.1715e-01 +1.3848e+00
536 0 +1.753581944e+00 -5.161564181e+02 -5.161564181e+02 +4.8721e-01 +6.3223e-01 -2.8478e-01 +1.1572e-01 +1.3875e+00
575 0 +1.697554968e+00 -5.162124450e+02 -5.162124450e+02 +4.8621e-01 +6.3266e-01 -2.8252e-01 +1.1458e-01 +1.3858e+00
609 0 +1.654753356e+00 -5.162552466e+02 -5.162552466e+02 +4.8571e-01 +6.3392e-01 -2.8498e-01 +1.1415e-01 +1.3853e+00
785 0 +1.614460982e+00 -5.162955390e+02 -5.162955390e+02 +4.8624e-01 +6.3419e-01 -2.8529e-01 +1.1286e-01 +1.3858e+00
1076 0 +1.579685411e+00 -5.163303146e+02 -5.163303146e+02 +4.8598e-01 +6.3383e-01 -2.8428e-01 +1.1229e-01 +1.3852e+00
% f evaluations | g evaluations | best noise-free fitness - Fopt (-5.721000000000e+01) + sum g_i+ | measured fitness | best measured fitness or single-digit g-values | x1 | x2...
1 0 +1.005348962e+02 +4.332489617e+01 +4.332489617e+01 +0.0000e+00 +0.0000e+00 +0.0000e+00 +0.0000e+00 +0.0000e+00
6 0 +6.810831823e+01 +1.089831823e+01 +1.089831823e+01 +2.1661e-01 -2.7248e-01 -1.4933e-01 +1.8171e-01 -5.0930e-01
16 0 +6.354456748e+01 +6.334567476e+00 +6.334567476e+00 +2.0034e-01 -4.8845e-01 -2.1080e-02 +4.5749e-01 -4.2169e-01
23 0 +6.189051611e+01 +4.680516109e+00 +4.680516109e+00 +6.0898e-01 -1.7477e-01 -3.7961e-01 +3.5027e-01 -5.4270e-01
26 0 +4.891958819e+01 -8.290411807e+00 -8.290411807e+00 -7.0335e-02 -2.7934e-01 -5.7084e-01 -1.6662e-01 +1.3803e-01
67 0 +1.056961029e+01 -4.664038971e+01 -4.664038971e+01 +4.9886e-01 -6.3986e-01 -1.0628e-01 -3.7866e-01 -8.5275e-01
292 0 +1.017783008e+01 -4.703216992e+01 -4.703216992e+01 +9.5335e-01 -1.1592e+00 +1.6854e-02 +1.2393e+00 -7.6155e-01
337 0 +9.784154521e+00 -4.742584548e+01 -4.742584548e+01 +9.2861e-01 -1.1546e+00 +1.5162e-02 +1.2076e+00 -7.5075e-01
361 0 +9.768406297e+00 -4.744159370e+01 -4.744159370e+01 +9.4583e-01 -1.1656e+00 +6.5131e-02 +1.2318e+00 -7.3445e-01
417 0 +9.485894243e+00 -4.772410576e+01 -4.772410576e+01 +9.5579e-01 -1.1703e+00 +6.3911e-02 +1.2369e+00 -7.2998e-01
427 0 +9.025421497e+00 -4.818457850e+01 -4.818457850e+01 +9.6219e-01 -1.1710e+00 +7.2846e-02 +1.2517e+00 -7.1597e-01
505 0 +8.886120587e+00 -4.832387941e+01 -4.832387941e+01 +9.5641e-01 -1.1697e+00 +5.7928e-02 +1.2401e+00 -7.3278e-01
530 0 +8.551989368e+00 -4.865801063e+01 -4.865801063e+01 +9.5788e-01 -1.1694e+00 +5.2606e-02 +1.2413e+00 -7.3475e-01
641 0 +8.394197012e+00 -4.881580299e+01 -4.881580299e+01 +9.5797e-01 -1.1694e+00 +5.5147e-02 +1.2407e+00 -7.3375e-01
1049 0 +8.317325025e+00 -4.889267498e+01 -4.889267498e+01 +9.5787e-01 -1.1697e+00 +5.5058e-02 +1.2406e+00 -7.3380e-01
% f evaluations | g evaluations | best noise-free fitness - Fopt (6.626000000000e+01) + sum g_i+ | measured fitness | best measured fitness or single-digit g-values | x1 | x2...
1 0 +4.013925787e+01 +1.063992579e+02 +1.063992579e+02 +0.0000e+00 +0.0000e+00 +0.0000e+00 +0.0000e+00 +0.0000e+00
2 0 +2.105705371e+01 +8.731705371e+01 +8.731705371e+01 +4.3379e-01 +3.0692e-02 +9.8026e-02 +3.4094e-01 +2.4727e-01
67 0 +1.835693190e+01 +8.461693190e+01 +8.461693190e+01 +5.3646e-01 -3.4365e-02 +1.5939e-02 -2.1293e-01 +2.0936e-01
97 0 +1.612362326e+01 +8.238362326e+01 +8.238362326e+01 +1.0845e+00 -8.0016e-02 -2.5018e-01 +1.1357e-01 +1.9993e-01
104 0 +1.513216635e+01 +8.139216635e+01 +8.139216635e+01 +1.2802e+00 -2.1894e-01 -1.4411e-01 -1.2317e-01 +3.6771e-02
118 0 +1.435887798e+01 +8.061887798e+01 +8.061887798e+01 +1.2919e+00 -1.6246e-01 -2.6690e-01 +2.1853e-01 -1.9602e-01
121 0 +1.404647932e+01 +8.030647932e+01 +8.030647932e+01 +1.0245e+00 -2.1616e-02 -1.7584e-01 +1.2162e-01 -8.1139e-03
139 0 +1.261661587e+01 +7.887661587e+01 +7.887661587e+01 +1.2442e+00 +3.1402e-02 -4.0654e-01 +2.5600e-01 -2.8944e-01
145 0 +1.256893287e+01 +7.882893287e+01 +7.882893287e+01 +1.2978e+00 -4.7593e-02 -2.8105e-01 +1.8731e-01 -2.0168e-01
148 0 +1.212619296e+01 +7.838619296e+01 +7.838619296e+01 +1.0061e+00 +2.8592e-02 -1.7993e-01 +1.8065e-01 -1.6448e-01
175 0 +7.965739919e+00 +7.422573992e+01 +7.422573992e+01 +1.1453e+00 -8.5415e-02 -6.9030e-02 +4.7615e-02 -8.4544e-02
293 0 +6.966162861e+00 +7.322616286e+01 +7.322616286e+01 +1.2600e+00 -1.7558e-02 -3.6094e-01 +2.3320e-01 -2.3195e-01
512 0 +6.830993223e+00 +7.309099322e+01 +7.309099322e+01 +1.2606e+00 -3.3140e-02 -3.3405e-01 +2.0346e-01 -2.0310e-01
540 0 +6.554405668e+00 +7.281440567e+01 +7.281440567e+01 +1.2609e+00 -3.2691e-02 -3.4445e-01 +2.0579e-01 -1.9703e-01
553 0 +6.251094159e+00 +7.251109416e+01 +7.251109416e+01 +1.2627e+00 -3.3902e-02 -3.4732e-01 +2.0250e-01 -2.0065e-01
561 0 +6.160280904e+00 +7.242028090e+01 +7.242028090e+01 +1.2601e+00 -3.1652e-02 -3.4835e-01 +2.0427e-01 -1.9774e-01
589 0 +5.977053106e+00 +7.223705311e+01 +7.223705311e+01 +1.2625e+00 -3.3326e-02 -3.4798e-01 +2.0101e-01 -2.0319e-01
653 0 +5.874204150e+00 +7.213420415e+01 +7.213420415e+01 +1.2603e+00 -2.7968e-02 -3.5401e-01 +2.0871e-01 -2.0375e-01
733 0 +5.749385061e+00 +7.200938506e+01 +7.200938506e+01 +1.2612e+00 -2.9171e-02 -3.5117e-01 +2.0577e-01 -2.0565e-01
777 0 +5.622024568e+00 +7.188202457e+01 +7.188202457e+01 +1.2613e+00 -2.8868e-02 -3.5203e-01 +2.0652e-01 -2.0578e-01
872 0 +5.471395172e+00 +7.173139517e+01 +7.173139517e+01 +1.2614e+00 -2.8416e-02 -3.5317e-01 +2.0730e-01 -2.0698e-01
1097 0 +5.369337882e+00 +7.162933788e+01 +7.162933788e+01 +1.2615e+00 -2.8262e-02 -3.5306e-01 +2.0799e-01 -2.0674e-01
% f evaluations | g evaluations | best noise-free fitness - Fopt (-1.386200000000e+02) + sum g_i+ | measured fitness | best measured fitness or single-digit g-values | x1 | x2...
1 0 +9.648123554e+01 -4.213876446e+01 -4.213876446e+01 +0.0000e+00 +0.0000e+00 +0.0000e+00 +0.0000e+00 +0.0000e+00
3 0 +8.103688521e+01 -5.758311479e+01 -5.758311479e+01 +1.7369e-01 -1.1375e-01 -3.0566e-01 +1.1285e-01 -1.5359e-01
4 0 +5.514099170e+01 -8.347900830e+01 -8.347900830e+01 +2.4817e-01 +6.3376e-02 -2.2359e-01 +8.0318e-02 +2.1275e-01
6 0 +4.481143498e+01 -9.380856502e+01 -9.380856502e+01 +2.1661e-01 -2.7248e-01 -1.4933e-01 +1.8171e-01 -5.0930e-01
33 0 +3.720545505e+01 -1.014145450e+02 -1.014145450e+02 +5.1707e-01 -1.4923e-01 -3.3051e-01 +2.2269e-01 +4.2215e-01
39 0 +3.711547977e+01 -1.015045202e+02 -1.015045202e+02 +7.8221e-01 -2.4041e-01 -4.1697e-01 +3.1391e-01 +5.4693e-01
40 0 +3.289385413e+01 -1.057261459e+02 -1.057261459e+02 +3.9687e-01 -4.0863e-02 -3.2760e-01 -1.0773e-01 +5.9146e-01
49 0 +3.011252415e+01 -1.085074758e+02 -1.085074758e+02 +5.5795e-01 +1.1193e-02 -7.0979e-01 +2.9187e-01 +6.0584e-01
74 0 +2.533261501e+01 -1.132873850e+02 -1.132873850e+02 -1.9389e-01 +3.8629e-01 -1.1170e+00 +4.5380e-01 -1.8924e-01
81 0 +2.203547866e+01 -1.165845213e+02 -1.165845213e+02 +1.6969e-02 +2.5981e-01 -9.7669e-01 +3.5696e-02 +3.6711e-01
100 0 +1.481594251e+01 -1.238040575e+02 -1.238040575e+02 +2.5607e-01 -2.2249e-01 -5.5457e-01 +2.6212e-01 +4.4542e-01
164 0 +1.444664257e+01 -1.241733574e+02 -1.241733574e+02 +3.2117e-02 +3.0014e-01 -5.9557e-01 -1.1891e-01 +6.1961e-01
181 0 +1.157761106e+01 -1.270423889e+02 -1.270423889e+02 -9.0626e-02 +1.2359e-01 -2.3925e-01 -8.6291e-02 +6.9383e-01
190 0 +8.260066094e+00 -1.303599339e+02 -1.303599339e+02 -1.9668e-01 +6.2044e-01 -5.7152e-01 -2.5749e-01 +6.8616e-01
202 0 +7.078333797e+00 -1.315416662e+02 -1.315416662e+02 -2.1192e-01 +4.5639e-01 -3.9644e-01 -3.0344e-01 +7.0662e-01
209 0 +5.088969824e+00 -1.335310302e+02 -1.335310302e+02 -1.3806e-01 +4.4902e-01 -5.1515e-01 -2.3527e-01 +6.8869e-01
267 0 +5.004997474e+00 -1.336150025e+02 -1.336150025e+02 -2.0054e-01 +4.9830e-01 -5.4232e-01 -1.9804e-01 +6.4351e-01
272 0 +3.959326891e+00 -1.346606731e+02 -1.346606731e+02 -2.1859e-01 +5.2450e-01 -5.0707e-01 -2.0255e-01 +6.3765e-01
278 0 +3.242014367e+00 -1.353779856e+02 -1.353779856e+02 -2.1485e-01 +5.1398e-01 -4.8387e-01 -2.4663e-01 +6.9126e-01
305 0 +3.165746343e+00 -1.354542537e+02 -1.354542537e+02 -2.2876e-01 +5.0062e-01 -4.5460e-01 -2.3483e-01 +6.7859e-01
313 0 +3.150861824e+00 -1.354691382e+02 -1.354691382e+02 -2.4019e-01 +5.4424e-01 -4.7112e-01 -2.3840e-01 +6.7455e-01
327 0 +3.052159602e+00 -1.355678404e+02 -1.355678404e+02 -2.2266e-01 +4.9151e-01 -4.5862e-01 -2.4284e-01 +6.8151e-01
344 0 +2.567251562e+00 -1.360527484e+02 -1.360527484e+02 -2.3374e-01 +4.9879e-01 -4.4831e-01 -2.4775e-01 +6.9166e-01
356 0 +2.503443914e+00 -1.361165561e+02 -1.361165561e+02 -2.5185e-01 +4.7511e-01 -4.2031e-01 -2.4583e-01 +7.0458e-01
361 0 +2.328759357e+00 -1.362912406e+02 -1.362912406e+02 -2.4995e-01 +4.8723e-01 -4.4041e-01 -2.4918e-01 +6.9860e-01
377 0 +2.230068763e+00 -1.363899312e+02 -1.363899312e+02 -2.4151e-01 +4.8682e-01 -4.3892e-01 -2.4909e-01 +6.9805e-01
385 0 +2.045531050e+00 -1.365744689e+02 -1.365744689e+02 -2.4726e-01 +4.7953e-01 -4.3898e-01 -2.4934e-01 +7.0383e-01
401 0 +1.908703132e+00 -1.367112969e+02 -1.367112969e+02 -2.4346e-01 +4.6562e-01 -4.2938e-01 -2.5129e-01 +7.1099e-01
449 0 +1.802757463e+00 -1.368172425e+02 -1.368172425e+02 -2.4548e-01 +4.7669e-01 -4.3305e-01 -2.5393e-01 +7.0987e-01
486 0 +1.764858149e+00 -1.368551419e+02 -1.368551419e+02 -2.5053e-01 +4.7134e-01 -4.2428e-01 -2.5731e-01 +7.1165e-01
505 0 +1.626674659e+00 -1.369933253e+02 -1.369933253e+02 -2.4820e-01 +4.7396e-01 -4.2979e-01 -2.5551e-01 +7.1042e-01
551 0 +1.600749426e+00 -1.370192506e+02 -1.370192506e+02 -2.4705e-01 +4.7481e-01 -4.3147e-01 -2.5467e-01 +7.0976e-01
562 0 +1.548781705e+00 -1.370712183e+02 -1.370712183e+02 -2.4701e-01 +4.7454e-01 -4.3081e-01 -2.5505e-01 +7.1010e-01
925 0 +1.511344977e+00 -1.371086550e+02 -1.371086550e+02 -2.4669e-01 +4.7512e-01 -4.3125e-01 -2.5493e-01 +7.0973e-01
% f evaluations | g evaluations | best noise-free fitness - Fopt (7.313900000000e+02) + sum g_i+ | measured fitness | best measured fitness or single-digit g-values | x1 | x2...
1 0 +2.516315603e+02 +9.830215603e+02 +9.830215603e+02 +0.0000e+00 +0.0000e+00 +0.0000e+00 +0.0000e+00 +0.0000e+00
2 0 +9.077434924e+01 +8.221643492e+02 +8.221643492e+02 +4.3379e-01 +3.0692e-02 +9.8026e-02 +3.4094e-01 +2.4727e-01
10 0 +1.955968634e+01 +7.509496863e+02 +7.509496863e+02 +9.2935e-01 +1.9294e-01 +2.6598e-02 +3.9323e-01 +3.8690e-01
28 0 +8.795558731e+00 +7.401855587e+02 +7.401855587e+02 +1.7356e+00 +5.6057e-02 +3.4415e-01 +1.2029e-01 +6.4616e-01
% f evaluations | g evaluations | best noise-free fitness - Fopt (7.526000000000e+01) + sum g_i+ | measured fitness | best measured fitness or single-digit g-values | x1 | x2...
1 0 +1.620238425e+02 +2.372838425e+02 +2.372838425e+02 +0.0000e+00 +0.0000e+00 +0.0000e+00 +0.0000e+00 +0.0000e+00
2 0 +5.976220490e+01 +1.350222049e+02 +1.350222049e+02 +4.3379e-01 +3.0692e-02 +9.8026e-02 +3.4094e-01 +2.4727e-01
8 0 +5.267588673e+01 +1.279358867e+02 +1.279358867e+02 -9.0564e-02 +8.4424e-02 -2.8183e-02 -1.8777e-01 +7.4957e-02
46 0 +3.178826071e+01 +1.070482607e+02 +1.070482607e+02 +5.8563e-01 +3.2869e-01 -6.8316e-01 +5.2677e-01 +7.1810e-01
144 0 +2.994096499e+01 +1.052009650e+02 +1.052009650e+02 +8.9598e-01 +4.4566e-01 -4.4412e-01 +7.1158e-01 +4.2911e-01
162 0 +2.190559817e+01 +9.716559817e+01 +9.716559817e+01 +5.6688e-01 +2.9170e-01 -2.2121e-01 +1.4398e+00 +7.4637e-01
185 0 +1.122633822e+01 +8.648633822e+01 +8.648633822e+01 +5.9062e-01 +1.7064e-01 -1.0171e-01 +1.5838e+00 +9.9588e-01
218 0 +1.005938790e+01 +8.531938790e+01 +8.531938790e+01 +3.2655e-01 -4.0973e-02 +6.4248e-01 +2.0118e+00 +7.6773e-01
339 0 +9.947219020e+00 +8.520721902e+01 +8.520721902e+01 -1.2332e-01 -1.5260e-01 +3.7489e-01 +1.5130e+00 +7.6548e-01
363 0 +9.571027454e+00 +8.483102745e+01 +8.483102745e+01 -8.8686e-02 -1.3434e-01 +2.7205e-01 +1.3334e+00 +7.4609e-01
367 0 +9.152458392e+00 +8.441245839e+01 +8.441245839e+01 -2.0234e-01 -2.2966e-01 +3.3122e-01 +1.2380e+00 +6.9330e-01
378 0 +7.482484079e+00 +8.274248408e+01 +8.274248408e+01 -3.5106e-01 -2.7652e-01 +4.1133e-01 +1.2865e+00 +6.2021e-01
382 0 +7.099212853e+00 +8.235921285e+01 +8.235921285e+01 -2.6238e-01 -2.5832e-01 +4.6452e-01 +1.5242e+00 +6.8611e-01
388 0 +6.212119745e+00 +8.147211975e+01 +8.147211975e+01 -3.7739e-01 -3.0667e-01 +4.3425e-01 +1.3520e+00 +6.6727e-01
393 0 +5.509852383e+00 +8.076985238e+01 +8.076985238e+01 -3.2115e-01 -2.6414e-01 +4.1313e-01 +1.4031e+00 +6.7643e-01
399 0 +4.000930030e+00 +7.926093003e+01 +7.926093003e+01 -3.8476e-01 -3.3154e-01 +4.3619e-01 +1.3632e+00 +6.3203e-01
409 0 +3.527985012e+00 +7.878798501e+01 +7.878798501e+01 -4.7459e-01 -3.9700e-01 +4.5535e-01 +1.3678e+00 +6.2482e-01
474 0 +3.439679769e+00 +7.869967977e+01 +7.869967977e+01 -4.3465e-01 -4.1756e-01 +4.5666e-01 +1.3735e+00 +6.1740e-01
538 0 +3.066197496e+00 +7.832619750e+01 +7.832619750e+01 -4.3140e-01 -3.7825e-01 +4.3612e-01 +1.3532e+00 +6.1304e-01
718 0 +3.007033781e+00 +7.826703378e+01 +7.826703378e+01 -4.3921e-01 -3.8770e-01 +4.1311e-01 +1.3224e+00 +6.1405e-01
720 0 +2.789673173e+00 +7.804967317e+01 +7.804967317e+01 -4.4557e-01 -3.8899e-01 +4.1301e-01 +1.3167e+00 +6.1264e-01
801 0 +2.730833670e+00 +7.799083367e+01 +7.799083367e+01 -4.4593e-01 -3.9089e-01 +4.1390e-01 +1.3204e+00 +6.1201e-01
809 0 +2.666949134e+00 +7.792694913e+01 +7.792694913e+01 -4.4615e-01 -3.9161e-01 +4.1435e-01 +1.3202e+00 +6.1226e-01
815 0 +2.628804540e+00 +7.788880454e+01 +7.788880454e+01 -4.4614e-01 -3.9217e-01 +4.1437e-01 +1.3199e+00 +6.1162e-01
1225 0 +2.566434439e+00 +7.782643444e+01 +7.782643444e+01 -4.4611e-01 -3.9186e-01 +4.1410e-01 +1.3199e+00 +6.1196e-01
% f evaluations | g evaluations | best noise-free fitness - Fopt (-4.913000000000e+01) + sum g_i+ | measured fitness | best measured fitness or single-digit g-values | x1 | x2...
1 0 +1.309286653e+02 +8.179866525e+01 +8.179866525e+01 +0.0000e+00 +0.0000e+00 +0.0000e+00 +0.0000e+00 +0.0000e+00
2 0 +7.809406717e+01 +2.896406717e+01 +2.896406717e+01 +4.3379e-01 +3.0692e-02 +9.8026e-02 +3.4094e-01 +2.4727e-01
7 0 +7.204383795e+01 +2.291383795e+01 +2.291383795e+01 +2.3317e-01 -2.5183e-01 -1.2653e-01 +4.3300e-01 -1.9345e-02
10 0 +4.894581913e+01 -1.841808691e-01 -1.841808691e-01 +9.1006e-01 +8.0561e-02 +6.1412e-02 +4.1870e-01 +1.3254e-01
28 0 +4.129702437e+01 -7.832975626e+00 -7.832975626e+00 +1.2764e+00 +1.5511e-01 +4.7602e-01 +9.3769e-02 +4.2078e-01
48 0 +1.577146372e+01 -3.335853628e+01 -3.335853628e+01 +2.0874e+00 +6.8653e-01 -1.1245e-01 +5.9404e-01 +1.3036e+00
137 0 +1.003747087e+01 -3.909252913e+01 -3.909252913e+01 +2.6812e+00 +1.7975e-02 +6.3823e-02 +4.8053e-01 +1.2011e+00
268 0 +6.177602608e+00 -4.295239739e+01 -4.295239739e+01 +2.0918e+00 -4.5504e-02 +2.5498e-01 +3.3366e-01 +1.1876e+00
286 0 +4.935622882e+00 -4.419437712e+01 -4.419437712e+01 +2.4384e+00 -4.0097e-02 +2.2707e-01 +4.7102e-01 +1.3000e+00
332 0 +4.894039947e+00 -4.423596005e+01 -4.423596005e+01 +2.0869e+00 +1.3832e-02 +1.6075e-01 +2.3575e-01 +1.3166e+00
382 0 +4.546146985e+00 -4.458385301e+01 -4.458385301e+01 +2.1972e+00 +1.3647e-02 +2.0702e-01 +3.3492e-01 +1.2520e+00
396 0 +4.274463480e+00 -4.485553652e+01 -4.485553652e+01 +2.1979e+00 -4.3495e-02 +1.7430e-01 +3.0224e-01 +1.2370e+00
406 0 +3.899102756e+00 -4.523089724e+01 -4.523089724e+01 +2.0888e+00 -6.3179e-03 +2.1370e-01 +3.2536e-01 +1.2316e+00
410 0 +2.683486576e+00 -4.644651342e+01 -4.644651342e+01 +2.1947e+00 +1.6283e-02 +1.8246e-01 +3.1435e-01 +1.2229e+00
508 0 +2.429811530e+00 -4.670018847e+01 -4.670018847e+01 +2.2257e+00 +1.2098e-02 +1.3324e-01 +3.2707e-01 +1.3600e+00
526 0 +2.190631062e+00 -4.693936894e+01 -4.693936894e+01 +2.2611e+00 +5.2499e-03 +1.1584e-01 +3.7504e-01 +1.3527e+00
541 0 +2.089262975e+00 -4.704073703e+01 -4.704073703e+01 +2.1681e+00 +9.0197e-03 +1.4631e-01 +3.3194e-01 +1.3799e+00
568 0 +1.850161791e+00 -4.727983821e+01 -4.727983821e+01 +2.1613e+00 +3.8851e-03 +1.2978e-01 +3.1287e-01 +1.3852e+00
577 0 +1.752971584e+00 -4.737702842e+01 -4.737702842e+01 +2.1711e+00 +1.7274e-02 +1.1140e-01 +3.2674e-01 +1.3784e+00
585 0 +1.683234459e+00 -4.744676554e+01 -4.744676554e+01 +2.1538e+00 +2.0082e-02 +1.1693e-01 +3.1136e-01 +1.3906e+00
589 0 +1.475178709e+00 -4.765482129e+01 -4.765482129e+01 +2.1792e+00 +1.5672e-02 +1.0586e-01 +3.2351e-01 +1.3831e+00
1303 0 +1.445377360e+00 -4.768462264e+01 -4.768462264e+01 +2.2066e+00 +3.3643e-02 +6.2689e-02 +2.9612e-01 +1.3847e+00
% f evaluations | g evaluations | best noise-free fitness - Fopt (-1.418900000000e+02) + sum g_i+ | measured fitness | best measured fitness or single-digit g-values | x1 | x2...
1 0 +4.010699916e+01 -1.017830008e+02 -1.017830008e+02 +0.0000e+00 +0.0000e+00 +0.0000e+00 +0.0000e+00 +0.0000e+00
5 0 +2.046207494e+01 -1.214279251e+02 -1.214279251e+02 +5.3256e-02 -2.3477e-01 +7.8699e-02 +1.0710e-01 +2.4729e-01
20 0 +1.364567821e+01 -1.282443218e+02 -1.282443218e+02 +4.5950e-01 -2.0151e-01 +7.9701e-02 -2.0671e-01 +2.2337e-01
32 0 +8.929950438e+00 -1.329600496e+02 -1.329600496e+02 +2.0717e-01 -1.2632e-01 -2.0268e-01 +1.1999e-01 +5.7517e-01
83 0 +7.597522025e+00 -1.342924780e+02 -1.342924780e+02 +7.1590e-01 -2.8817e-01 -3.6139e-01 +3.3040e-01 +5.9295e-01
185 0 +6.069690782e+00 -1.358203092e+02 -1.358203092e+02 +4.9950e-01 -1.1107e-01 -3.1659e-01 +3.6725e-01 +7.2747e-01
191 0 +5.531324056e+00 -1.363586759e+02 -1.363586759e+02 +6.2784e-01 -1.5020e-01 -3.0667e-01 +3.6137e-01 +6.7912e-01
210 0 +4.203255873e+00 -1.376867441e+02 -1.376867441e+02 +5.1900e-01 -7.3596e-02 -3.7371e-01 +4.0246e-01 +7.9992e-01
253 0 +3.691971584e+00 -1.381980284e+02 -1.381980284e+02 +5.4024e-01 -2.6571e-03 -3.0992e-01 +4.4065e-01 +9.1200e-01
289 0 +3.466960897e+00 -1.384230391e+02 -1.384230391e+02 +4.4357e-01 -1.3437e-02 -3.3869e-01 +3.5786e-01 +8.7950e-01
300 0 +2.899296085e+00 -1.389907039e+02 -1.389907039e+02 +3.7573e-01 +3.4860e-02 -3.4743e-01 +2.6487e-01 +8.8609e-01
310 0 +2.225066534e+00 -1.396649335e+02 -1.396649335e+02 +4.1071e-01 +2.0380e-02 -3.2313e-01 +3.1591e-01 +8.9330e-01
324 0 +1.995869040e+00 -1.398941310e+02 -1.398941310e+02 +3.1335e-01 +6.1971e-02 -3.9717e-01 +2.4451e-01 +9.3298e-01
337 0 +1.896283851e+00 -1.399937161e+02 -1.399937161e+02 +2.9977e-01 +3.2283e-02 -3.9037e-01 +1.9980e-01 +8.7894e-01
339 0 +1.110842646e+00 -1.407791574e+02 -1.407791574e+02 +2.4123e-01 +5.3036e-04 -3.9384e-01 +1.9124e-01 +8.6016e-01
421 0 +9.421623699e-01 -1.409478376e+02 -1.409478376e+02 +1.5497e-01 +2.3155e-02 -5.7182e-01 +1.3210e-01 +9.1617e-01
430 0 +8.672900104e-01 -1.410227100e+02 -1.410227100e+02 +1.4288e-01 +5.9093e-02 -5.5653e-01 +1.1537e-01 +9.2261e-01
431 0 +6.034309749e-01 -1.412865690e+02 -1.412865690e+02 +1.4168e-01 +6.3727e-02 -5.3940e-01 +1.2413e-01 +9.5711e-01
456 0 +5.505417577e-01 -1.413394582e+02 -1.413394582e+02 +1.5272e-01 +4.9276e-02 -5.2455e-01 +1.2018e-01 +9.3190e-01
472 0 +4.154415079e-01 -1.414745585e+02 -1.414745585e+02 +1.3321e-01 +4.7599e-02 -5.3754e-01 +1.0243e-01 +9.2677e-01
577 0 +3.985888994e-01 -1.414914111e+02 -1.414914111e+02 +1.4236e-01 +6.3900e-02 -5.4359e-01 +1.3520e-01 +9.6695e-01
585 0 +3.676512327e-01 -1.415223488e+02 -1.415223488e+02 +1.4619e-01 +6.0444e-02 -5.3881e-01 +1.3750e-01 +9.6094e-01
589 0 +3.551077437e-01 -1.415348923e+02 -1.415348923e+02 +1.4877e-01 +5.6660e-02 -5.3946e-01 +1.3858e-01 +9.5817e-01
593 0 +3.540294306e-01 -1.415359706e+02 -1.415359706e+02 +1.4572e-01 +6.3291e-02 -5.4287e-01 +1.3796e-01 +9.6566e-01
601 0 +3.073670669e-01 -1.415826329e+02 -1.415826329e+02 +1.4826e-01 +6.1337e-02 -5.4157e-01 +1.3828e-01 +9.6390e-01
673 0 +2.924929973e-01 -1.415975070e+02 -1.415975070e+02 +1.5113e-01 +5.7620e-02 -5.4142e-01 +1.4061e-01 +9.6487e-01
750 0 +2.790884696e-01 -1.416109115e+02 -1.416109115e+02 +1.5022e-01 +5.7464e-02 -5.4099e-01 +1.3802e-01 +9.6102e-01
801 0 +2.739004759e-01 -1.416160995e+02 -1.416160995e+02 +1.4973e-01 +5.6853e-02 -5.4125e-01 +1.3698e-01 +9.5918e-01
802 0 +2.554842115e-01 -1.416345158e+02 -1.416345158e+02 +1.5051e-01 +5.5105e-02 -5.3925e-01 +1.3634e-01 +9.5739e-01
806 0 +2.426216805e-01 -1.416473783e+02 -1.416473783e+02 +1.4785e-01 +5.5479e-02 -5.4139e-01 +1.3449e-01 +9.5750e-01
858 0 +2.318042975e-01 -1.416581957e+02 -1.416581957e+02 +1.4948e-01 +5.6493e-02 -5.3997e-01 +1.3704e-01 +9.6012e-01
868 0 +2.149743341e-01 -1.416750257e+02 -1.416750257e+02 +1.4863e-01 +5.5351e-02 -5.4065e-01 +1.3533e-01 +9.5784e-01
997 0 +2.135434408e-01 -1.416764566e+02 -1.416764566e+02 +1.4853e-01 +5.5663e-02 -5.4035e-01 +1.3527e-01 +9.5819e-01
1069 0 +2.082655942e-01 -1.416817344e+02 -1.416817344e+02 +1.4885e-01 +5.5694e-02 -5.4003e-01 +1.3564e-01 +9.5823e-01
1096 0 +2.038985964e-01 -1.416861014e+02 -1.416861014e+02 +1.4874e-01 +5.5767e-02 -5.4021e-01 +1.3553e-01 +9.5831e-01
% f evaluations | g evaluations | best noise-free fitness - Fopt (1.095700000000e+02) + sum g_i+ | measured fitness | best measured fitness or single-digit g-values | x1 | x2...
1 0 +4.266782679e+01 +1.522378268e+02 +1.522378268e+02 +0.0000e+00 +0.0000e+00 +0.0000e+00 +0.0000e+00 +0.0000e+00
22 0 +3.299334883e+01 +1.425633488e+02 +1.425633488e+02 +5.2356e-01 +2.9068e-01 -5.3959e-01 +6.9283e-01 +4.4698e-02
49 0 +3.053045981e+01 +1.401004598e+02 +1.401004598e+02 +8.6225e-01 +1.4361e-01 -1.0411e+00 +8.1995e-01 +2.4130e-01
50 0 +2.702930874e+01 +1.365993087e+02 +1.365993087e+02 +8.9044e-01 +1.3554e-01 -1.1004e+00 +8.8924e-01 +6.4898e-01
57 0 +2.295637055e+01 +1.325263705e+02 +1.325263705e+02 +1.0182e+00 +2.9451e-01 -1.0520e+00 +7.5208e-01 +4.7242e-01
68 0 +1.977950586e+01 +1.293495059e+02 +1.293495059e+02 +1.7077e+00 +3.3341e-01 -1.5410e+00 +9.1096e-01 +7.9474e-01
69 0 +1.754265835e+01 +1.271126583e+02 +1.271126583e+02 +1.2724e+00 +4.2145e-01 -1.6964e+00 +1.2289e+00 +5.0185e-01
75 0 +1.570998204e+01 +1.252799820e+02 +1.252799820e+02 +1.7420e+00 +4.5093e-01 -2.2196e+00 +1.1603e+00 +3.3405e-01
84 0 +1.341111481e+01 +1.229811148e+02 +1.229811148e+02 +2.2661e+00 +4.8348e-01 -1.6433e+00 +1.4930e+00 +2.7991e-01
121 0 +7.221946459e+00 +1.167919465e+02 +1.167919465e+02 +2.2691e+00 +2.5749e-01 -1.7437e+00 +1.4855e+00 +5.1670e-01
134 0 +3.093266017e+00 +1.126632660e+02 +1.126632660e+02 +2.3464e+00 +6.3614e-01 -1.7158e+00 +1.1946e+00 +8.2529e-01
266 0 +2.304215700e+00 +1.118742157e+02 +1.118742157e+02 +2.3137e+00 +4.8664e-01 -1.7225e+00 +1.6450e+00 +9.6626e-01
279 0 +1.645243524e+00 +1.112152435e+02 +1.112152435e+02 +2.1048e+00 +4.7799e-01 -1.9677e+00 +1.6103e+00 +9.5010e-01
320 0 +1.231438794e+00 +1.108014388e+02 +1.108014388e+02 +2.2419e+00 +4.9638e-01 -1.8460e+00 +1.5939e+00 +9.2324e-01
332 0 +1.132980270e+00 +1.107029803e+02 +1.107029803e+02 +2.1826e+00 +4.6283e-01 -1.9050e+00 +1.5880e+00 +8.9999e-01
417 0 +1.056160399e+00 +1.106261604e+02 +1.106261604e+02 +2.2209e+00 +4.7846e-01 -1.8708e+00 +1.5754e+00 +9.1390e-01
430 0 +9.277265367e-01 +1.104977265e+02 +1.104977265e+02 +2.2059e+00 +4.7435e-01 -1.8815e+00 +1.5804e+00 +9.1010e-01
493 0 +9.020374885e-01 +1.104720375e+02 +1.104720375e+02 +2.2377e+00 +4.9221e-01 -1.8356e+00 +1.5950e+00 +9.4328e-01
502 0 +8.856524939e-01 +1.104556525e+02 +1.104556525e+02 +2.2281e+00 +4.9267e-01 -1.8531e+00 +1.5920e+00 +9.4468e-01
510 0 +8.608991904e-01 +1.104308992e+02 +1.104308992e+02 +2.2341e+00 +4.9280e-01 -1.8478e+00 +1.5937e+00 +9.4654e-01
513 0 +8.027856027e-01 +1.103727856e+02 +1.103727856e+02 +2.2266e+00 +4.8985e-01 -1.8588e+00 +1.5942e+00 +9.4163e-01
536 0 +7.396657861e-01 +1.103096658e+02 +1.103096658e+02 +2.2246e+00 +4.8779e-01 -1.8610e+00 +1.5972e+00 +9.4359e-01
537 0 +6.424235161e-01 +1.102124235e+02 +1.102124235e+02 +2.2309e+00 +4.8628e-01 -1.8533e+00 +1.5975e+00 +9.4182e-01
841 0 +6.301097552e-01 +1.102001098e+02 +1.102001098e+02 +2.2271e+00 +4.8792e-01 -1.8579e+00 +1.5960e+00 +9.4196e-01
1006 0 +6.161980398e-01 +1.101861980e+02 +1.101861980e+02 +2.2269e+00 +4.8772e-01 -1.8583e+00 +1.5958e+00 +9.4184e-01
% f evaluations | g evaluations | best noise-free fitness - Fopt (7.836000000000e+01) + sum g_i+ | measured fitness | best measured fitness or single-digit g-values | x1 | x2...
1 0 +1.000753764e+02 +1.784353764e+02 +1.784353764e+02 +0.0000e+00 +0.0000e+00 +0.0000e+00 +0.0000e+00 +0.0000e+00
3 0 +8.267462853e+01 +1.610346285e+02 +1.610346285e+02 +1.7369e-01 -1.1375e-01 -3.0566e-01 +1.1285e-01 -1.5359e-01
4 0 +7.749146911e+01 +1.558514691e+02 +1.558514691e+02 +2.4817e-01 +6.3376e-02 -2.2359e-01 +8.0318e-02 +2.1275e-01
11 0 +6.558413733e+01 +1.439441373e+02 +1.439441373e+02 +2.6428e-01 -1.9623e-01 -6.3356e-02 +1.4782e-02 +4.6560e-01
14 0 +4.434305628e+01 +1.227030563e+02 +1.227030563e+02 +2.1845e-01 +7.7467e-02 -7.2980e-01 +1.7691e-01 -1.0290e-01
22 0 +3.666563377e+01 +1.150256338e+02 +1.150256338e+02 +2.5447e-01 +3.5316e-01 -6.9765e-01 +3.9765e-01 +1.3231e-01
26 0 +3.013330644e+01 +1.084933064e+02 +1.084933064e+02 +1.1006e-01 -1.1049e-01 -1.0274e+00 -2.9568e-01 +4.3634e-01
32 0 +2.241476373e+01 +1.007747637e+02 +1.007747637e+02 +2.1029e-01 +6.9619e-02 -8.1054e-01 +4.7638e-01 +3.7068e-01
33 0 +2.229643721e+01 +1.006564372e+02 +1.006564372e+02 +2.9273e-01 +1.8479e-02 -8.8946e-01 +1.2523e-01 +5.1978e-01
34 0 +1.935147563e+01 +9.771147563e+01 +9.771147563e+01 +7.2560e-01 +5.5686e-01 -9.6121e-01 +6.2485e-01 +2.0531e-01
35 0 +1.230362915e+01 +9.066362915e+01 +9.066362915e+01 +7.9302e-01 +4.2973e-01 -1.1404e+00 +4.3495e-01 +1.5066e-01
41 0 +9.151967702e+00 +8.751196770e+01 +8.751196770e+01 +4.7066e-01 +2.1179e-01 -1.1047e+00 +2.8383e-01 +3.0533e-01
49 0 +4.584312913e+00 +8.294431291e+01 +8.294431291e+01 +7.6171e-01 +4.8565e-01 -1.2835e+00 +4.0350e-01 +1.1630e-01
174 0 +3.988844643e+00 +8.234884464e+01 +8.234884464e+01 +9.4073e-01 +1.0591e+00 -1.5089e+00 +6.1611e-01 +4.7444e-01
234 0 +3.647905199e+00 +8.200790520e+01 +8.200790520e+01 +7.1347e-01 +8.7147e-01 -1.2590e+00 +7.4915e-01 +2.7490e-01
313 0 +3.571049452e+00 +8.193104945e+01 +8.193104945e+01 +7.6750e-01 +9.4112e-01 -1.3700e+00 +6.4506e-01 +3.0817e-01
314 0 +3.411894645e+00 +8.177189464e+01 +8.177189464e+01 +7.7014e-01 +9.2158e-01 -1.3950e+00 +5.9072e-01 +3.0154e-01
331 0 +2.171150614e+00 +8.053115061e+01 +8.053115061e+01 +7.6989e-01 +9.0459e-01 -1.4167e+00 +5.0550e-01 +3.7318e-01
397 0 +1.905500097e+00 +8.026550010e+01 +8.026550010e+01 +7.6624e-01 +8.9163e-01 -1.4124e+00 +5.2166e-01 +3.5255e-01
454 0 +1.888658831e+00 +8.024865883e+01 +8.024865883e+01 +7.5975e-01 +8.8554e-01 -1.4141e+00 +5.0679e-01 +3.6295e-01
481 0 +1.779495496e+00 +8.013949550e+01 +8.013949550e+01 +7.7258e-01 +8.8662e-01 -1.4134e+00 +5.1030e-01 +3.5010e-01
515 0 +1.759168967e+00 +8.011916897e+01 +8.011916897e+01 +7.7111e-01 +8.9127e-01 -1.4197e+00 +5.2687e-01 +3.5152e-01
518 0 +1.618330835e+00 +7.997833084e+01 +7.997833084e+01 +7.7149e-01 +8.9218e-01 -1.4103e+00 +5.1119e-01 +3.6479e-01
542 0 +1.554335298e+00 +7.991433530e+01 +7.991433530e+01 +7.7854e-01 +9.0056e-01 -1.4180e+00 +5.1344e-01 +3.5854e-01
546 0 +1.517758684e+00 +7.987775868e+01 +7.987775868e+01 +7.7882e-01 +8.9422e-01 -1.4153e+00 +5.0990e-01 +3.6610e-01
553 0 +1.485720717e+00 +7.984572072e+01 +7.984572072e+01 +7.7645e-01 +8.9393e-01 -1.4175e+00 +5.1304e-01 +3.6310e-01
554 0 +1.428733182e+00 +7.978873318e+01 +7.978873318e+01 +7.7254e-01 +8.8907e-01 -1.4177e+00 +5.0601e-01 +3.6191e-01
563 0 +1.324898473e+00 +7.968489847e+01 +7.968489847e+01 +7.8024e-01 +8.9485e-01 -1.4116e+00 +5.0741e-01 +3.6832e-01
601 0 +1.283645591e+00 +7.964364559e+01 +7.964364559e+01 +7.8205e-01 +9.0019e-01 -1.4151e+00 +5.0291e-01 +3.7261e-01
641 0 +1.257153517e+00 +7.961715352e+01 +7.961715352e+01 +7.8379e-01 +8.9899e-01 -1.4163e+00 +5.0200e-01 +3.7452e-01
654 0 +1.227948110e+00 +7.958794811e+01 +7.958794811e+01 +7.8428e-01 +9.0066e-01 -1.4152e+00 +5.0436e-01 +3.7411e-01
657 0 +1.168728259e+00 +7.952872826e+01 +7.952872826e+01 +7.8478e-01 +9.0094e-01 -1.4170e+00 +5.0415e-01 +3.7301e-01
758 0 +1.143105911e+00 +7.950310591e+01 +7.950310591e+01 +7.8586e-01 +9.0235e-01 -1.4172e+00 +5.0646e-01 +3.7131e-01
790 0 +1.110333367e+00 +7.947033337e+01 +7.947033337e+01 +7.8508e-01 +9.0161e-01 -1.4169e+00 +5.0551e-01 +3.7157e-01
851 0 +1.081025946e+00 +7.944102595e+01 +7.944102595e+01 +7.8506e-01 +9.0161e-01 -1.4167e+00 +5.0549e-01 +3.7163e-01
962 0 +1.069289756e+00 +7.942928976e+01 +7.942928976e+01 +7.8479e-01 +9.0108e-01 -1.4165e+00 +5.0506e-01 +3.7160e-01
1053 0 +1.041348589e+00 +7.940134859e+01 +7.940134859e+01 +7.8484e-01 +9.0135e-01 -1.4165e+00 +5.0487e-01 +3.7188e-01
1359 0 +1.023061698e+00 +7.938306170e+01 +7.938306170e+01 +7.8471e-01 +9.0126e-01 -1.4165e+00 +5.0495e-01 +3.7185e-01
% f evaluations | g evaluations | best noise-free fitness - Fopt (1.140900000000e+02) + sum g_i+ | measured fitness | best measured fitness or single-digit g-values | x1 | x2...
1 0 +1.423073396e+02 +2.563973396e+02 +2.563973396e+02 +0.0000e+00 +0.0000e+00 +0.0000e+00 +0.0000e+00 +0.0000e+00
2 0 +8.714133504e+01 +2.012313350e+02 +2.012313350e+02 +4.3379e-01 +3.0692e-02 +9.8026e-02 +3.4094e-01 +2.4727e-01
3 0 +6.480570379e+01 +1.788957038e+02 +1.788957038e+02 +1.7369e-01 -1.1375e-01 -3.0566e-01 +1.1285e-01 -1.5359e-01
6 0 +4.344431474e+01 +1.575343147e+02 +1.575343147e+02 +2.1661e-01 -2.7248e-01 -1.4933e-01 +1.8171e-01 -5.0930e-01
10 0 +3.578674809e+01 +1.498767481e+02 +1.498767481e+02 +7.8041e-01 +1.3458e-01 -1.1855e-01 +1.9502e-01 +6.3613e-02
16 0 +2.420338682e+01 +1.382933868e+02 +1.382933868e+02 +2.4751e-01 -4.6558e-01 -1.5609e-01 +4.7850e-01 -5.8403e-01
18 0 +9.062112342e+00 +1.231521123e+02 +1.231521123e+02 +7.8283e-01 -2.1959e-01 -5.4706e-01 +2.7037e-01 -5.2409e-01
38 0 +5.020525924e+00 +1.191105259e+02 +1.191105259e+02 +9.2133e-01 -8.8791e-02 -5.4461e-01 +2.7634e-01 -1.3347e-01
99 0 +3.966606938e+00 +1.180566069e+02 +1.180566069e+02 +9.5021e-01 -5.1720e-01 -5.3374e-01 +7.3726e-01 -2.2731e-01
100 0 +3.322105926e+00 +1.174121059e+02 +1.174121059e+02 +1.0881e+00 -4.9800e-01 -4.6653e-01 +5.0053e-01 -2.7519e-01
148 0 +2.683813926e+00 +1.167738139e+02 +1.167738139e+02 +1.0249e+00 -5.3627e-01 -5.5053e-01 +6.1970e-01 -2.5191e-01
211 0 +2.191372194e+00 +1.162813722e+02 +1.162813722e+02 +9.2523e-01 -3.8407e-01 -6.5897e-01 +6.3228e-01 -1.9436e-02
266 0 +1.535582355e+00 +1.156255824e+02 +1.156255824e+02 +9.5819e-01 -5.8293e-01 -6.4343e-01 +6.6054e-01 -1.1153e-01
277 0 +8.738727248e-01 +1.149638727e+02 +1.149638727e+02 +9.3321e-01 -4.7831e-01 -6.0113e-01 +6.8946e-01 -1.5156e-01
403 0 +8.416698776e-01 +1.149316699e+02 +1.149316699e+02 +9.6222e-01 -4.9927e-01 -6.0283e-01 +6.9788e-01 -1.7637e-01
410 0 +7.837283740e-01 +1.148737284e+02 +1.148737284e+02 +9.5160e-01 -4.8612e-01 -5.9268e-01 +7.0652e-01 -1.7511e-01
430 0 +7.237217320e-01 +1.148137217e+02 +1.148137217e+02 +9.3882e-01 -5.0365e-01 -5.9909e-01 +7.1314e-01 -1.6706e-01
438 0 +6.413290891e-01 +1.147313291e+02 +1.147313291e+02 +9.6058e-01 -5.0888e-01 -6.1836e-01 +7.2891e-01 -1.7181e-01
450 0 +6.090984043e-01 +1.146990984e+02 +1.146990984e+02 +9.3766e-01 -5.0174e-01 -5.9731e-01 +7.0353e-01 -1.7058e-01
463 0 +4.877216036e-01 +1.145777216e+02 +1.145777216e+02 +9.4916e-01 -4.9302e-01 -6.1373e-01 +7.3321e-01 -1.7492e-01
515 0 +4.657205934e-01 +1.145557206e+02 +1.145557206e+02 +9.5437e-01 -4.9304e-01 -6.2107e-01 +7.3343e-01 -1.8728e-01
523 0 +3.978186405e-01 +1.144878186e+02 +1.144878186e+02 +9.5848e-01 -4.9248e-01 -6.2490e-01 +7.4025e-01 -1.9845e-01
529 0 +3.691775061e-01 +1.144591775e+02 +1.144591775e+02 +9.5907e-01 -4.9257e-01 -6.2242e-01 +7.3872e-01 -1.9543e-01
553 0 +3.065280013e-01 +1.143965280e+02 +1.143965280e+02 +9.5506e-01 -4.8651e-01 -6.2366e-01 +7.4193e-01 -1.9350e-01
689 0 +2.960561923e-01 +1.143860562e+02 +1.143860562e+02 +9.5371e-01 -4.8540e-01 -6.2626e-01 +7.4837e-01 -1.9715e-01
734 0 +2.949141138e-01 +1.143849141e+02 +1.143849141e+02 +9.5401e-01 -4.8359e-01 -6.2612e-01 +7.4793e-01 -1.9667e-01
793 0 +2.816339039e-01 +1.143716339e+02 +1.143716339e+02 +9.5374e-01 -4.8394e-01 -6.2703e-01 +7.4948e-01 -1.9700e-01
922 0 +2.749773050e-01 +1.143649773e+02 +1.143649773e+02 +9.5404e-01 -4.8406e-01 -6.2700e-01 +7.4920e-01 -1.9702e-01
1353 0 +2.691403933e-01 +1.143591404e+02 +1.143591404e+02 +9.5410e-01 -4.8400e-01 -6.2695e-01 +7.4909e-01 -1.9698e-01
% f evaluations | g evaluations | best noise-free fitness - Fopt (-5.445900000000e+02) + sum g_i+ | measured fitness | best measured fitness or single-digit g-values | x1 | x2...
1 0 +1.053050307e+02 -4.392849693e+02 -4.392849693e+02 +0.0000e+00 +0.0000e+00 +0.0000e+00 +0.0000e+00 +0.0000e+00
3 0 +9.972307705e+01 -4.448669229e+02 -4.448669229e+02 +1.7369e-01 -1.1375e-01 -3.0566e-01 +1.1285e-01 -1.5359e-01
5 0 +5.770291336e+01 -4.868870866e+02 -4.868870866e+02 +5.3256e-02 -2.3477e-01 +7.8699e-02 +1.0710e-01 +2.4729e-01
15 0 +4.268041271e+01 -5.019095873e+02 -5.019095873e+02 +6.7546e-01 +1.2724e-02 +2.0086e-01 -4.1542e-01 +3.9641e-01
20 0 +2.131297318e+01 -5.232770268e+02 -5.232770268e+02 +8.8527e-01 -3.4973e-01 +4.2027e-02 -1.6742e-01 -3.7791e-02
38 0 +2.017941469e+01 -5.244105853e+02 -5.244105853e+02 +7.2380e-01 -8.9601e-02 +9.3546e-02 -5.3046e-01 +4.2334e-01
39 0 +1.724317774e+01 -5.273468223e+02 -5.273468223e+02 +1.0257e+00 -3.1426e-01 -1.2304e-01 -2.5453e-01 +6.4903e-01
40 0 +1.282201350e+01 -5.317679865e+02 -5.317679865e+02 +6.0085e-01 -3.1875e-02 -5.1104e-02 -7.6187e-01 +7.7664e-01
45 0 +8.626105380e+00 -5.359638946e+02 -5.359638946e+02 +1.2979e+00 -1.1566e-01 -4.7714e-03 -8.1396e-01 +3.9542e-01
57 0 +5.803418166e+00 -5.387865818e+02 -5.387865818e+02 +1.2382e+00 -1.3450e-01 -2.8700e-01 -1.0842e+00 +8.6678e-01
241 0 +5.432441699e+00 -5.391575583e+02 -5.391575583e+02 +1.3451e+00 -1.9227e-01 -9.1487e-03 -3.4888e-01 +7.1203e-01
265 0 +5.190762771e+00 -5.393992372e+02 -5.393992372e+02 +1.3255e+00 -1.8568e-01 -3.6219e-02 -3.9853e-01 +7.1383e-01
282 0 +5.002123698e+00 -5.395878763e+02 -5.395878763e+02 +1.3375e+00 -1.8714e-01 -2.7270e-02 -3.9741e-01 +7.0329e-01
297 0 +4.841462775e+00 -5.397485372e+02 -5.397485372e+02 +1.3595e+00 -1.8055e-01 -3.5796e-02 -4.0657e-01 +7.0596e-01
298 0 +4.752680625e+00 -5.398373194e+02 -5.398373194e+02 +1.3370e+00 -1.7684e-01 -2.3691e-02 -3.9979e-01 +6.6864e-01
313 0 +4.458603051e+00 -5.401313969e+02 -5.401313969e+02 +1.3393e+00 -1.6990e-01 -6.8481e-03 -4.1054e-01 +7.0799e-01
315 0 +4.301247094e+00 -5.402887529e+02 -5.402887529e+02 +1.3304e+00 -1.8079e-01 -2.3183e-02 -4.1045e-01 +7.0630e-01
321 0 +3.870072982e+00 -5.407199270e+02 -5.407199270e+02 +1.3358e+00 -1.7378e-01 -1.2067e-02 -4.1100e-01 +7.1850e-01
330 0 +3.775375179e+00 -5.408146248e+02 -5.408146248e+02 +1.3298e+00 -1.6638e-01 -8.1191e-03 -4.0668e-01 +7.0040e-01
337 0 +3.706421650e+00 -5.408835784e+02 -5.408835784e+02 +1.3186e+00 -1.7005e-01 -1.1600e-02 -4.0249e-01 +6.9605e-01
377 0 +3.270793495e+00 -5.413192065e+02 -5.413192065e+02 +1.3142e+00 -1.5990e-01 +2.4543e-03 -4.1918e-01 +7.0620e-01
451 0 +3.132653217e+00 -5.414573468e+02 -5.414573468e+02 +1.3144e+00 -1.6589e-01 -6.2221e-03 -4.2265e-01 +7.0480e-01
457 0 +3.015984259e+00 -5.415740157e+02 -5.415740157e+02 +1.3203e+00 -1.6572e-01 -7.3920e-03 -4.1925e-01 +7.0421e-01
537 0 +2.882887237e+00 -5.417071128e+02 -5.417071128e+02 +1.3205e+00 -1.6621e-01 -7.1355e-03 -4.1726e-01 +7.0617e-01
604 0 +2.803135981e+00 -5.417868640e+02 -5.417868640e+02 +1.3197e+00 -1.6599e-01 -6.8890e-03 -4.1798e-01 +7.0501e-01
681 0 +2.746214828e+00 -5.418437852e+02 -5.418437852e+02 +1.3199e+00 -1.6628e-01 -7.5647e-03 -4.1774e-01 +7.0464e-01
