% f evaluations | g evaluations | best noise-free fitness - Fopt (-5.465000000000e+02) + sum g_i+ | measured fitness | best measured fitness or single-digit g-values | x1 | x2...
1 0 +6.592654473e+03 +6.046154473e+03 +6.046154473e+03 +0.0000e+00 +0.0000e+00 +0.0000e+00 +0.0000e+00 +0.0000e+00
2 0 +6.383213734e+03 +5.836713734e+03 +5.836713734e+03 +4.3379e-01 +3.0692e-02 +9.8026e-02 +3.4094e-01 +2.4727e-01
4 0 +5.473096188e+03 +4.926596188e+03 +4.926596188e+03 +2.4817e-01 +6.3376e-02 -2.2359e-01 +8.0318e-02 +2.1275e-01
5 0 +5.004602965e+03 +4.458102965e+03 +4.458102965e+03 +5.3256e-02 -2.3477e-01 +7.8699e-02 +1.0710e-01 +2.4729e-01
10 0 +3.879961899e+03 +3.333461899e+03 +3.333461899e+03 +5.9264e-01 +1.9245e-01 +4.3440e-02 +6.4376e-02 +3.7918e-01
11 0 +2.389741545e+03 +1.843241545e+03 +1.843241545e+03 +2.2638e-01 -2.4045e-01 +6.2457e-02 +1.5227e-02 +6.0441e-01
15 0 +7.245349135e+02 +1.780349135e+02 +1.780349135e+02 +5.6004e-01 +1.8450e-01 +1.6856e-01 -5.6897e-01 +6.1235e-01
26 0 +3.309642408e+02 -2.155357592e+02 -2.155357592e+02 +4.2977e-01 -3.8007e-01 -3.6921e-01 -1.0310e+00 +1.0145e+00
28 0 +1.114179153e+01 -5.353582085e+02 -5.353582085e+02 +1.3508e+00 -2.3220e-01 +6.8841e-01 -7.7398e-01 +9.3802e-01
33 0 +5.751112995e+00 -5.407488870e+02 -5.407488870e+02 +1.1063e+00 -7.8425e-02 +4.0060e-01 -6.1848e-01 +1.0826e+00
38 0 +3.865475423e+00 -5.426345246e+02 -5.426345246e+02 +1.2114e+00 +4.0838e-02 +5.7415e-01 -9.0557e-01 +1.0384e+00
41 0 +3.479154876e+00 -5.430208451e+02 -5.430208451e+02 +1.3340e+00 -2.4261e-02 +4.7295e-01 -9.0000e-01 +1.3003e+00
80 0 +2.896247691e+00 -5.436037523e+02 -5.436037523e+02 +1.4990e+00 +3.5981e-01 +4.3787e-01 -2.2018e+00 +1.4929e+00
121 0 +2.291436885e+00 -5.442085631e+02 -5.442085631e+02 +1.4913e+00 +3.2383e-01 +4.5106e-01 -1.5239e+00 +1.1613e+00
182 0 +2.287356554e+00 -5.442126434e+02 -5.442126434e+02 +1.6338e+00 +4.3151e-01 +5.2775e-01 -1.7359e+00 +1.8325e+00
206 0 +2.224481785e+00 -5.442755182e+02 -5.442755182e+02 +1.3981e+00 +3.5147e-01 +5.1809e-01 -1.6267e+00 +1.8798e+00
245 0 +2.141742460e+00 -5.443582575e+02 -5.443582575e+02 +1.4900e+00 +3.4878e-01 +5.6194e-01 -1.6990e+00 +1.8854e+00
300 0 +2.039854967e+00 -5.444601450e+02 -5.444601450e+02 +1.4713e+00 +3.5079e-01 +5.6113e-01 -1.7318e+00 +1.8618e+00
312 0 +1.994691791e+00 -5.445053082e+02 -5.445053082e+02 +1.4770e+00 +3.2309e-01 +5.6982e-01 -1.7355e+00 +1.8654e+00
321 0 +1.944008279e+00 -5.445559917e+02 -5.445559917e+02 +1.5013e+00 +3.4072e-01 +5.4818e-01 -1.7365e+00 +1.8580e+00
377 0 +1.889889610e+00 -5.446101104e+02 -5.446101104e+02 +1.4727e+00 +3.0389e-01 +5.2416e-01 -1.7613e+00 +1.8399e+00
489 0 +1.861101749e+00 -5.446388983e+02 -5.446388983e+02 +1.5078e+00 +3.1059e-01 +5.1935e-01 -1.7560e+00 +1.8483e+00
% f evaluations | g evaluations | best noise-free fitness - Fopt (1.000000000000e+03) + sum g_i+ | measured fitness | best measured fitness or single-digit g-values | x1 | x2...
1 0 +6.592654473e+03 +7.592654473e+03 +7.592654473e+03 +0.0000e+00 +0.0000e+00 +0.0000e+00 +0.0000e+00 +0.0000e+00
3 0 +5.594530134e+03 +6.594530134e+03 +6.594530134e+03 +1.7369e-01 -1.1375e-01 -3.0566e-01 +1.1285e-01 -1.5359e-01
6 0 +3.586650418e+03 +4.586650418e+03 +4.586650418e+03 +2.1661e-01 -2.7248e-01 -1.4933e-01 +1.8171e-01 -5.0930e-01
13 0 +3.334980039e+03 +4.334980039e+03 +4.334980039e+03 -1.1912e-01 +9.5341e-02 -4.1205e-01 +1.3064e-03 -3.7627e-01
18 0 +1.976147114e+03 +2.976147114e+03 +2.976147114e+03 +3.2737e-01 +1.2126e-02 -7.0815e-01 +2.9850e-02 -6.0955e-01
21 0 +1.617772000e+03 +2.617772000e+03 +2.617772000e+03 +2.0405e-01 -1.0283e-01 -3.7973e-01 -2.4343e-01 -5.3580e-01
27 0 +2.271637848e+02 +1.227163785e+03 +1.227163785e+03 +1.0215e-01 +2.3250e-01 -7.6193e-01 -2.0552e-01 -1.0370e+00
29 0 +2.082709055e+02 +1.208270906e+03 +1.208270906e+03 +7.1297e-01 -5.1695e-01 -3.7516e-01 -4.1132e-01 -8.9304e-01
44 0 +4.706428274e+00 +1.004706428e+03 +1.004706428e+03 +5.3339e-01 -4.7089e-01 -6.0511e-01 -1.1072e+00 -1.2951e+00
45 0 +3.776874399e+00 +1.003776874e+03 +1.003776874e+03 +8.3309e-01 -1.1665e-02 -6.5420e-01 -6.4600e-01 -1.2867e+00
52 0 +3.551617465e+00 +1.003551617e+03 +1.003551617e+03 +7.4024e-01 +1.3820e-01 -9.8465e-01 -1.1269e+00 -1.4473e+00
54 0 +3.399254660e+00 +1.003399255e+03 +1.003399255e+03 +3.5738e-01 -1.2066e-01 -1.3225e+00 -7.2588e-01 -1.5706e+00
55 0 +3.098315395e+00 +1.003098315e+03 +1.003098315e+03 +5.8799e-01 +1.1853e-01 -6.9781e-01 -1.5581e+00 -1.0286e+00
120 0 +3.038364814e+00 +1.003038365e+03 +1.003038365e+03 +1.6415e+00 -2.8037e-01 -6.1008e-01 -9.7962e-01 -1.6892e+00
128 0 +2.940115566e+00 +1.002940116e+03 +1.002940116e+03 +1.4670e+00 +2.2127e-01 -5.3045e-01 -1.2510e+00 -1.3644e+00
161 0 +2.570561480e+00 +1.002570561e+03 +1.002570561e+03 +1.5446e+00 +2.7655e-01 -1.0227e+00 -1.2622e+00 -1.6237e+00
181 0 +2.478933946e+00 +1.002478934e+03 +1.002478934e+03 +1.2006e+00 +2.1098e-01 -4.1168e-01 -1.0414e+00 -1.2382e+00
195 0 +1.980352387e+00 +1.001980352e+03 +1.001980352e+03 +1.4137e+00 +3.4310e-01 -9.3285e-01 -8.9633e-01 -1.2842e+00
196 0 +1.809430849e+00 +1.001809431e+03 +1.001809431e+03 +1.3252e+00 +1.6444e-01 -6.2945e-01 -9.3388e-01 -1.2448e+00
212 0 +1.504341959e+00 +1.001504342e+03 +1.001504342e+03 +1.4435e+00 +2.2039e-01 -6.1768e-01 -9.3779e-01 -1.2361e+00
289 0 +1.462098574e+00 +1.001462099e+03 +1.001462099e+03 +1.4163e+00 +2.0180e-01 -5.9041e-01 -9.4855e-01 -1.2681e+00
305 0 +1.430335895e+00 +1.001430336e+03 +1.001430336e+03 +1.4158e+00 +2.0087e-01 -5.4533e-01 -9.4068e-01 -1.2387e+00
313 0 +1.377374763e+00 +1.001377375e+03 +1.001377375e+03 +1.4098e+00 +2.4047e-01 -5.8422e-01 -9.6600e-01 -1.2424e+00
333 0 +1.313252646e+00 +1.001313253e+03 +1.001313253e+03 +1.4325e+00 +2.5257e-01 -5.5798e-01 -9.7317e-01 -1.2256e+00
394 0 +1.273597352e+00 +1.001273597e+03 +1.001273597e+03 +1.4363e+00 +2.5930e-01 -5.5975e-01 -9.6147e-01 -1.2484e+00
424 0 +1.247223553e+00 +1.001247224e+03 +1.001247224e+03 +1.4587e+00 +2.6676e-01 -5.4454e-01 -9.5480e-01 -1.2384e+00
449 0 +1.222304781e+00 +1.001222305e+03 +1.001222305e+03 +1.4742e+00 +2.7817e-01 -5.4857e-01 -9.6236e-01 -1.2394e+00
479 0 +1.200449673e+00 +1.001200450e+03 +1.001200450e+03 +1.5064e+00 +2.8274e-01 -5.4319e-01 -9.7357e-01 -1.2491e+00
% f evaluations | g evaluations | best noise-free fitness - Fopt (2.083800000000e+02) + sum g_i+ | measured fitness | best measured fitness or single-digit g-values | x1 | x2...
1 0 +6.592654473e+03 +6.801034473e+03 +6.801034473e+03 +0.0000e+00 +0.0000e+00 +0.0000e+00 +0.0000e+00 +0.0000e+00
2 0 +3.079772718e+03 +3.288152718e+03 +3.288152718e+03 +4.3379e-01 +3.0692e-02 +9.8026e-02 +3.4094e-01 +2.4727e-01
10 0 +1.955368607e+03 +2.163748607e+03 +2.163748607e+03 +8.4321e-01 +1.9290e-01 +9.8037e-02 +2.6948e-01 +4.7498e-01
11 0 +1.136686715e+03 +1.345066715e+03 +1.345066715e+03 +4.3521e-01 -2.7803e-01 +1.1807e-01 +2.0957e-01 +7.1196e-01
19 0 +1.077101840e+03 +1.285481840e+03 +1.285481840e+03 +7.6645e-01 +1.0745e-01 +4.5115e-01 +4.4453e-01 +5.5473e-01
22 0 +5.337591322e+02 +7.421391322e+02 +7.421391322e+02 +8.9309e-01 +4.6776e-01 -1.7379e-01 +4.9410e-01 +7.3959e-01
28 0 +3.354030866e+02 +5.437830866e+02 +5.437830866e+02 +1.7872e+00 +1.0633e-01 +7.0785e-01 +1.2977e-01 +1.2458e+00
30 0 +2.563047682e+02 +4.646847682e+02 +4.646847682e+02 +1.2426e+00 +4.6175e-01 +5.6938e-01 +2.3723e-01 +1.0187e+00
31 0 +2.484631726e+02 +4.568431726e+02 +4.568431726e+02 +1.6315e+00 +2.3717e-01 -1.0961e-01 +3.9342e-01 +2.0038e+00
32 0 +4.905559123e+01 +2.574355912e+02 +2.574355912e+02 +7.5606e-01 +1.2636e-01 -1.8016e-01 +8.2422e-01 +1.1645e+00
34 0 +5.961360293e+00 +2.143413603e+02 +2.143413603e+02 +2.0935e+00 +1.0967e+00 +9.4286e-02 +1.2417e+00 +1.3198e+00
39 0 +4.638217161e+00 +2.130182172e+02 +2.130182172e+02 +1.8699e+00 +1.9151e-01 +3.2044e-02 +6.6402e-01 +1.8342e+00
99 0 +4.360632216e+00 +2.127406322e+02 +2.127406322e+02 +1.7502e+00 +3.4881e-01 +6.9777e-02 +2.5258e+00 +6.8190e-01
103 0 +3.641250913e+00 +2.120212509e+02 +2.120212509e+02 +1.8680e+00 +9.9246e-01 +3.0758e-01 +1.6216e+00 +1.8246e+00
108 0 +2.889751563e+00 +2.112697516e+02 +2.112697516e+02 +1.8248e+00 +1.3301e+00 +1.8734e-01 +9.8337e-01 +2.3977e+00
151 0 +2.782122056e+00 +2.111621221e+02 +2.111621221e+02 +1.4760e+00 +3.0172e-01 +6.3785e-01 +1.8151e+00 +1.8819e+00
153 0 +2.663820546e+00 +2.110438205e+02 +2.110438205e+02 +1.4626e+00 +4.6417e-01 +4.5287e-01 +1.3656e+00 +1.6365e+00
280 0 +2.444127135e+00 +2.108241271e+02 +2.108241271e+02 -1.1832e-01 -9.0825e-02 +1.1697e+00 +8.1891e-01 +1.2407e+00
281 0 +2.166877876e+00 +2.105468779e+02 +2.105468779e+02 -4.6397e-02 -6.6358e-02 +1.1225e+00 +8.2563e-01 +1.2698e+00
522 0 +2.136790718e+00 +2.105167907e+02 +2.105167907e+02 -2.1714e-02 -7.3680e-02 +1.1129e+00 +8.2743e-01 +1.2816e+00
% f evaluations | g evaluations | best noise-free fitness - Fopt (-1.449600000000e+02) + sum g_i+ | measured fitness | best measured fitness or single-digit g-values | x1 | x2...
1 0 +6.592654473e+03 +6.447694473e+03 +6.447694473e+03 +0.0000e+00 +0.0000e+00 +0.0000e+00 +0.0000e+00 +0.0000e+00
3 0 +5.594643565e+03 +5.449683565e+03 +5.449683565e+03 +1.7369e-01 -1.1375e-01 -3.0566e-01 +1.1285e-01 -1.5359e-01
6 0 +3.587548802e+03 +3.442588802e+03 +3.442588802e+03 +2.1661e-01 -2.7248e-01 -1.4933e-01 +1.8171e-01 -5.0930e-01
13 0 +3.334708981e+03 +3.189748981e+03 +3.189748981e+03 -1.1912e-01 +9.5341e-02 -4.1205e-01 +1.3064e-03 -3.7627e-01
18 0 +1.976114624e+03 +1.831154624e+03 +1.831154624e+03 +3.2737e-01 +1.2126e-02 -7.0815e-01 +2.9850e-02 -6.0955e-01
21 0 +1.617660937e+03 +1.472700937e+03 +1.472700937e+03 +2.0405e-01 -1.0283e-01 -3.7973e-01 -2.4343e-01 -5.3580e-01
27 0 +2.261808731e+02 +8.122087307e+01 +8.122087307e+01 +1.0215e-01 +2.3250e-01 -7.6193e-01 -2.0552e-01 -1.0370e+00
29 0 +2.070963432e+02 +6.213634322e+01 +6.213634322e+01 +7.1297e-01 -5.1695e-01 -3.7516e-01 -4.1132e-01 -8.9304e-01
44 0 +4.412284433e+00 -1.405477156e+02 -1.405477156e+02 +5.3339e-01 -4.7089e-01 -6.0511e-01 -1.1072e+00 -1.2951e+00
45 0 +3.703402347e+00 -1.412565977e+02 -1.412565977e+02 +8.3309e-01 -1.1665e-02 -6.5420e-01 -6.4600e-01 -1.2867e+00
54 0 +3.200550514e+00 -1.417594495e+02 -1.417594495e+02 +3.5738e-01 -1.2066e-01 -1.3225e+00 -7.2588e-01 -1.5706e+00
68 0 +2.880726305e+00 -1.420792737e+02 -1.420792737e+02 +1.5004e+00 -2.5553e-01 -1.5006e+00 -1.4777e+00 -1.5650e+00
93 0 +2.326451200e+00 -1.426335488e+02 -1.426335488e+02 +1.4360e+00 -9.5450e-01 -4.0163e-01 -5.8152e-01 -2.1861e+00
186 0 +2.095248132e+00 -1.428647519e+02 -1.428647519e+02 +1.4507e+00 -8.7361e-01 -9.2408e-01 -8.7303e-01 -1.2646e+00
361 0 +2.082713297e+00 -1.428772867e+02 -1.428772867e+02 +1.3942e+00 -1.1635e+00 -3.3903e-01 -1.0203e+00 -1.2363e+00
394 0 +1.996887762e+00 -1.429631122e+02 -1.429631122e+02 +1.4036e+00 -1.0868e+00 -3.6252e-01 -9.9985e-01 -1.2385e+00
424 0 +1.972255464e+00 -1.429877445e+02 -1.429877445e+02 +1.4322e+00 -1.1026e+00 -3.3754e-01 -9.8969e-01 -1.2379e+00
426 0 +1.899806420e+00 -1.430601936e+02 -1.430601936e+02 +1.4412e+00 -1.0658e+00 -3.4120e-01 -9.7893e-01 -1.2446e+00
434 0 +1.830617064e+00 -1.431293829e+02 -1.431293829e+02 +1.4604e+00 -1.0398e+00 -3.4897e-01 -9.7354e-01 -1.2306e+00
454 0 +1.791490125e+00 -1.431685099e+02 -1.431685099e+02 +1.4572e+00 -1.0250e+00 -4.0008e-01 -1.0039e+00 -1.2489e+00
459 0 +1.691573576e+00 -1.432684264e+02 -1.432684264e+02 +1.4972e+00 -1.0014e+00 -3.9642e-01 -9.8345e-01 -1.2313e+00
481 0 +1.655762710e+00 -1.433042373e+02 -1.433042373e+02 +1.4949e+00 -1.0224e+00 -3.6479e-01 -9.9439e-01 -1.2436e+00
533 0 +1.599276132e+00 -1.433607239e+02 -1.433607239e+02 +1.5250e+00 -9.9731e-01 -3.6760e-01 -9.9181e-01 -1.2378e+00
572 0 +1.578755850e+00 -1.433812442e+02 -1.433812442e+02 +1.5087e+00 -9.6081e-01 -3.6518e-01 -9.9799e-01 -1.2522e+00
593 0 +1.547951681e+00 -1.434120483e+02 -1.434120483e+02 +1.4953e+00 -9.6263e-01 -3.6111e-01 -1.0103e+00 -1.2397e+00
% f evaluations | g evaluations | best noise-free fitness - Fopt (-6.300000000000e+00) + sum g_i+ | measured fitness | best measured fitness or single-digit g-values | x1 | x2...
1 0 +6.592654473e+03 +6.586354473e+03 +6.586354473e+03 +0.0000e+00 +0.0000e+00 +0.0000e+00 +0.0000e+00 +0.0000e+00
3 0 +4.515214830e+03 +4.508914830e+03 +4.508914830e+03 +1.7369e-01 -1.1375e-01 -3.0566e-01 +1.1285e-01 -1.5359e-01
6 0 +2.040485684e+03 +2.034185684e+03 +2.034185684e+03 +2.1661e-01 -2.7248e-01 -1.4933e-01 +1.8171e-01 -5.0930e-01
12 0 +1.861283123e+03 +1.854983123e+03 +1.854983123e+03 +1.5526e-01 +1.2645e-01 -5.1822e-01 +3.3353e-01 -4.3098e-01
14 0 +1.592506934e+03 +1.586206934e+03 +1.586206934e+03 +3.4550e-01 -1.6544e-01 -8.1721e-01 +4.6804e-01 -4.2752e-01
16 0 +4.174588519e+02 +4.111588519e+02 +4.111588519e+02 +2.6118e-01 -6.0773e-01 -1.3243e-01 +6.4090e-01 -6.9400e-01
18 0 +2.980908798e+02 +2.917908798e+02 +2.917908798e+02 +5.9301e-01 -3.3083e-01 -6.9921e-01 +4.2627e-01 -8.0548e-01
23 0 +2.309430303e+01 +1.679430303e+01 +1.679430303e+01 +9.5054e-01 -3.6091e-01 -7.3323e-01 +6.8533e-01 -9.3388e-01
27 0 +4.235770731e+00 -2.064229269e+00 -2.064229269e+00 +4.1414e-01 +6.2047e-02 -8.1669e-01 +5.1032e-01 -1.4849e+00
39 0 +4.165427567e+00 -2.134572433e+00 -2.134572433e+00 +9.7775e-01 -5.4457e-01 -8.1732e-01 +7.5693e-01 -9.9163e-01
43 0 +3.784140244e+00 -2.515859756e+00 -2.515859756e+00 +1.8916e+00 +4.1361e-01 -1.0186e+00 +1.6226e+00 -1.4352e+00
52 0 +2.659962418e+00 -3.640037582e+00 -3.640037582e+00 +1.8570e+00 +5.6948e-01 -1.4768e+00 +7.5919e-01 -1.8537e+00
158 0 +2.497041492e+00 -3.802958508e+00 -3.802958508e+00 +2.0339e+00 -1.3401e+00 -1.0618e+00 +1.4759e+00 -1.1522e+00
237 0 +2.208622459e+00 -4.091377541e+00 -4.091377541e+00 +2.2357e+00 +7.2328e-01 -1.6037e+00 +2.2205e+00 -1.4733e+00
363 0 +2.146338704e+00 -4.153661296e+00 -4.153661296e+00 +2.1041e+00 -3.5105e-03 -2.0258e+00 +1.6501e+00 -1.3703e+00
427 0 +2.099047065e+00 -4.200952935e+00 -4.200952935e+00 +2.0779e+00 -5.2684e-02 -2.0115e+00 +1.6942e+00 -1.3393e+00
665 0 +2.089111627e+00 -4.210888373e+00 -4.210888373e+00 +2.0488e+00 -6.7963e-02 -2.0076e+00 +1.6633e+00 -1.3537e+00
% f evaluations | g evaluations | best noise-free fitness - Fopt (-1.367600000000e+02) + sum g_i+ | measured fitness | best measured fitness or single-digit g-values | x1 | x2...
1 0 +6.592654473e+03 +6.455894473e+03 +6.455894473e+03 +0.0000e+00 +0.0000e+00 +0.0000e+00 +0.0000e+00 +0.0000e+00
3 0 +4.515214830e+03 +4.378454830e+03 +4.378454830e+03 +1.7369e-01 -1.1375e-01 -3.0566e-01 +1.1285e-01 -1.5359e-01
6 0 +2.040485684e+03 +1.903725684e+03 +1.903725684e+03 +2.1661e-01 -2.7248e-01 -1.4933e-01 +1.8171e-01 -5.0930e-01
12 0 +1.861283123e+03 +1.724523123e+03 +1.724523123e+03 +1.5526e-01 +1.2645e-01 -5.1822e-01 +3.3353e-01 -4.3098e-01
14 0 +1.592506934e+03 +1.455746934e+03 +1.455746934e+03 +3.4550e-01 -1.6544e-01 -8.1721e-01 +4.6804e-01 -4.2752e-01
16 0 +4.174588519e+02 +2.806988519e+02 +2.806988519e+02 +2.6118e-01 -6.0773e-01 -1.3243e-01 +6.4090e-01 -6.9400e-01
18 0 +2.980908798e+02 +1.613308798e+02 +1.613308798e+02 +5.9301e-01 -3.3083e-01 -6.9921e-01 +4.2627e-01 -8.0548e-01
23 0 +2.309430303e+01 -1.136656970e+02 -1.136656970e+02 +9.5054e-01 -3.6091e-01 -7.3323e-01 +6.8533e-01 -9.3388e-01
27 0 +4.235770731e+00 -1.325242293e+02 -1.325242293e+02 +4.1414e-01 +6.2047e-02 -8.1669e-01 +5.1032e-01 -1.4849e+00
39 0 +4.165427567e+00 -1.325945724e+02 -1.325945724e+02 +9.7775e-01 -5.4457e-01 -8.1732e-01 +7.5693e-01 -9.9163e-01
43 0 +3.784140244e+00 -1.329758598e+02 -1.329758598e+02 +1.8916e+00 +4.1361e-01 -1.0186e+00 +1.6226e+00 -1.4352e+00
52 0 +2.659962418e+00 -1.341000376e+02 -1.341000376e+02 +1.8570e+00 +5.6948e-01 -1.4768e+00 +7.5919e-01 -1.8537e+00
158 0 +2.497041492e+00 -1.342629585e+02 -1.342629585e+02 +2.0339e+00 -1.3401e+00 -1.0618e+00 +1.4759e+00 -1.1522e+00
237 0 +2.208622459e+00 -1.345513775e+02 -1.345513775e+02 +2.2357e+00 +7.2328e-01 -1.6037e+00 +2.2205e+00 -1.4733e+00
363 0 +2.146338704e+00 -1.346136613e+02 -1.346136613e+02 +2.1041e+00 -3.5105e-03 -2.0258e+00 +1.6501e+00 -1.3703e+00
427 0 +2.099047065e+00 -1.346609529e+02 -1.346609529e+02 +2.0779e+00 -5.2684e-02 -2.0115e+00 +1.6942e+00 -1.3393e+00
665 0 +2.089111627e+00 -1.346708884e+02 -1.346708884e+02 +2.0488e+00 -6.7963e-02 -2.0076e+00 +1.6633e+00 -1.3537e+00
% f evaluations | g evaluations | best noise-free fitness - Fopt (3.667500000000e+02) + sum g_i+ | measured fitness | best measured fitness or single-digit g-values | x1 | x2...
1 0 +6.592654473e+03 +6.959404473e+03 +6.959404473e+03 +0.0000e+00 +0.0000e+00 +0.0000e+00 +0.0000e+00 +0.0000e+00
2 0 +3.079713326e+03 +3.446463326e+03 +3.446463326e+03 +4.3379e-01 +3.0692e-02 +9.8026e-02 +3.4094e-01 +2.4727e-01
10 0 +1.955762467e+03 +2.322512467e+03 +2.322512467e+03 +8.4321e-01 +1.9290e-01 +9.8037e-02 +2.6948e-01 +4.7498e-01
11 0 +1.137296340e+03 +1.504046340e+03 +1.504046340e+03 +4.3521e-01 -2.7803e-01 +1.1807e-01 +2.0957e-01 +7.1196e-01
19 0 +1.078156301e+03 +1.444906301e+03 +1.444906301e+03 +7.6645e-01 +1.0745e-01 +4.5115e-01 +4.4453e-01 +5.5473e-01
22 0 +6.618342735e+02 +1.028584274e+03 +1.028584274e+03 +8.9309e-01 +4.6776e-01 -1.7379e-01 +4.9410e-01 +7.3959e-01
28 0 +3.356386870e+02 +7.023886870e+02 +7.023886870e+02 +1.7872e+00 +1.0633e-01 +7.0785e-01 +1.2977e-01 +1.2458e+00
30 0 +2.564762138e+02 +6.232262138e+02 +6.232262138e+02 +1.2426e+00 +4.6175e-01 +5.6938e-01 +2.3723e-01 +1.0187e+00
32 0 +8.548559462e+01 +4.522355946e+02 +4.522355946e+02 +7.5606e-01 +1.2636e-01 -1.8016e-01 +8.2422e-01 +1.1645e+00
33 0 +7.713139638e+01 +4.438813964e+02 +4.438813964e+02 +1.2101e+00 +2.7509e-01 +9.3206e-02 +4.8496e-01 +1.3957e+00
39 0 +8.656047795e+00 +3.754060478e+02 +3.754060478e+02 +1.8699e+00 +1.9151e-01 +3.2044e-02 +6.6402e-01 +1.8342e+00
98 0 +5.335660959e+00 +3.720856610e+02 +3.720856610e+02 +1.7839e+00 -1.1258e+00 -1.6353e-01 +2.4317e+00 +1.0447e+00
100 0 +4.642936009e+00 +3.713929360e+02 +3.713929360e+02 +1.7256e+00 -8.6032e-01 -5.5537e-02 +2.1713e+00 +8.2600e-01
103 0 +2.967492497e+00 +3.697174925e+02 +3.697174925e+02 +1.6444e+00 -1.3009e-01 +6.2897e-02 +1.8606e+00 +2.1333e+00
151 0 +2.562801418e+00 +3.693128014e+02 +3.693128014e+02 +1.8261e+00 -1.2970e+00 +1.6618e-01 +2.5837e+00 +1.9721e+00
287 0 +2.482474451e+00 +3.692324745e+02 +3.692324745e+02 +1.5063e+00 -9.4377e-01 +3.8332e-01 +1.8265e+00 +1.3127e+00
608 0 +2.454674700e+00 +3.692046747e+02 +3.692046747e+02 +1.4920e+00 -9.5455e-01 +3.5098e-01 +1.6004e+00 +1.3703e+00
% f evaluations | g evaluations | best noise-free fitness - Fopt (-2.486900000000e+02) + sum g_i+ | measured fitness | best measured fitness or single-digit g-values | x1 | x2...
1 0 +6.592654473e+03 +6.343964473e+03 +6.343964473e+03 +0.0000e+00 +0.0000e+00 +0.0000e+00 +0.0000e+00 +0.0000e+00
3 0 +5.037287967e+03 +4.788597967e+03 +4.788597967e+03 +1.7369e-01 -1.1375e-01 -3.0566e-01 +1.1285e-01 -1.5359e-01
6 0 +2.227791090e+03 +1.979101090e+03 +1.979101090e+03 +2.1661e-01 -2.7248e-01 -1.4933e-01 +1.8171e-01 -5.0930e-01
16 0 +4.306172034e+02 +1.819272034e+02 +1.819272034e+02 +2.6118e-01 -6.0773e-01 -1.3243e-01 +6.4090e-01 -6.9400e-01
24 0 +1.221247380e+02 -1.265652620e+02 -1.265652620e+02 +2.9994e-01 -2.5387e-01 -1.1635e-01 +5.9709e-01 -8.8746e-01
57 0 +4.769192951e+01 -2.009980705e+02 -2.009980705e+02 +1.4138e+00 +4.2523e-02 -1.3290e-01 +8.4746e-01 -9.6028e-01
71 0 +3.792184494e+01 -2.107681551e+02 -2.107681551e+02 +2.0388e+00 +2.7742e-01 -5.4702e-02 +1.3323e+00 -1.3582e+00
73 0 +4.290658988e+00 -2.443993410e+02 -2.443993410e+02 +1.8098e+00 -4.3720e-01 -1.4448e-02 +1.2460e+00 -1.6467e+00
78 0 +3.257321464e+00 -2.454326785e+02 -2.454326785e+02 +1.9016e+00 -7.1808e-01 +3.3931e-01 +1.8102e+00 -1.5523e+00
91 0 +2.865735977e+00 -2.458242640e+02 -2.458242640e+02 +2.2683e+00 -1.3850e+00 +3.8458e-01 +1.6313e+00 -2.1643e+00
122 0 +2.565336134e+00 -2.461246639e+02 -2.461246639e+02 +2.0918e+00 -2.1008e+00 +4.2958e-01 +1.3814e+00 -1.4933e+00
153 0 +2.342121959e+00 -2.463478780e+02 -2.463478780e+02 +2.0687e+00 -2.2001e+00 +6.3508e-01 +2.0426e+00 -1.6091e+00
175 0 +2.100264675e+00 -2.465897353e+02 -2.465897353e+02 +2.0392e+00 -1.9946e+00 +1.1166e+00 +1.1611e+00 -1.2367e+00
196 0 +2.023816361e+00 -2.466661836e+02 -2.466661836e+02 +2.1740e+00 -2.0657e+00 +9.0431e-01 +1.7081e+00 -1.0408e+00
233 0 +1.653614544e+00 -2.470363855e+02 -2.470363855e+02 +2.0583e+00 -2.0818e+00 +8.4413e-01 +1.9962e+00 -1.0167e+00
270 0 +1.564192364e+00 -2.471258076e+02 -2.471258076e+02 +2.0096e+00 -2.1732e+00 +1.0877e+00 +1.9210e+00 -9.8817e-01
321 0 +1.513660225e+00 -2.471763398e+02 -2.471763398e+02 +2.0502e+00 -2.1237e+00 +8.6824e-01 +1.9610e+00 -1.0011e+00
330 0 +1.505852105e+00 -2.471841479e+02 -2.471841479e+02 +2.0532e+00 -2.1050e+00 +8.6178e-01 +1.9603e+00 -1.0064e+00
473 0 +1.478745364e+00 -2.472112546e+02 -2.472112546e+02 +2.0749e+00 -2.0955e+00 +8.5528e-01 +1.9663e+00 -9.9681e-01
% f evaluations | g evaluations | best noise-free fitness - Fopt (-6.786000000000e+01) + sum g_i+ | measured fitness | best measured fitness or single-digit g-values | x1 | x2...
1 0 +6.592654473e+03 +6.524794473e+03 +6.524794473e+03 +0.0000e+00 +0.0000e+00 +0.0000e+00 +0.0000e+00 +0.0000e+00
3 0 +5.087063776e+03 +5.019203776e+03 +5.019203776e+03 +1.7369e-01 -1.1375e-01 -3.0566e-01 +1.1285e-01 -1.5359e-01
6 0 +2.293701463e+03 +2.225841463e+03 +2.225841463e+03 +2.1661e-01 -2.7248e-01 -1.4933e-01 +1.8171e-01 -5.0930e-01
16 0 +5.652697245e+02 +4.974097245e+02 +4.974097245e+02 +2.6118e-01 -6.0773e-01 -1.3243e-01 +6.4090e-01 -6.9400e-01
19 0 +5.186189965e+02 +4.507589965e+02 +4.507589965e+02 +3.2956e-01 -1.6243e-01 -2.0162e-01 +9.0552e-01 -6.2792e-01
24 0 +1.728838177e+02 +1.050238177e+02 +1.050238177e+02 +2.9994e-01 -2.5387e-01 -1.1635e-01 +5.9709e-01 -8.8746e-01
41 0 +1.341659439e+02 +6.630594393e+01 +6.630594393e+01 +9.1376e-01 -3.0962e-02 -2.7159e-01 +7.6210e-01 -1.1914e+00
43 0 +2.947696633e+01 -3.838303367e+01 -3.838303367e+01 +1.4866e+00 +4.5306e-01 -2.2045e-01 +1.2185e+00 -1.1348e+00
53 0 +1.123223216e+01 -5.662776784e+01 -5.662776784e+01 +1.6645e+00 +4.9747e-01 -1.6415e-01 +1.0628e+00 -1.3606e+00
90 0 +4.560314991e+00 -6.329968501e+01 -6.329968501e+01 +2.0038e+00 -3.1299e-01 +1.8621e-01 +1.7330e+00 -1.3264e+00
97 0 +3.751056604e+00 -6.410894340e+01 -6.410894340e+01 +1.7537e+00 -4.1133e-01 +1.3616e-01 +1.6851e+00 -1.5128e+00
113 0 +3.288819417e+00 -6.457118058e+01 -6.457118058e+01 +1.5268e+00 -4.1877e-01 +1.7219e-01 +1.5898e+00 -1.5632e+00
162 0 +3.207426727e+00 -6.465257327e+01 -6.465257327e+01 +1.4030e+00 +8.4535e-02 +6.6192e-01 +1.5669e+00 -1.3314e+00
169 0 +2.540923615e+00 -6.531907638e+01 -6.531907638e+01 +1.7014e+00 +4.6086e-01 +4.8475e-01 +1.3896e+00 -1.4391e+00
225 0 +2.227460432e+00 -6.563253957e+01 -6.563253957e+01 +1.4553e+00 +2.9275e-01 +5.7538e-01 +1.7482e+00 -1.3010e+00
226 0 +2.089226989e+00 -6.577077301e+01 -6.577077301e+01 +1.5694e+00 +3.4255e-01 +4.9882e-01 +1.7754e+00 -1.3251e+00
245 0 +1.848282518e+00 -6.601171748e+01 -6.601171748e+01 +1.4133e+00 +2.8579e-01 +5.5392e-01 +1.7305e+00 -1.0781e+00
% f evaluations | g evaluations | best noise-free fitness - Fopt (-2.329000000000e+01) + sum g_i+ | measured fitness | best measured fitness or single-digit g-values | x1 | x2...
1 0 +6.592654473e+03 +6.569364473e+03 +6.569364473e+03 +0.0000e+00 +0.0000e+00 +0.0000e+00 +0.0000e+00 +0.0000e+00
3 0 +6.323180242e+03 +6.299890242e+03 +6.299890242e+03 +1.7369e-01 -1.1375e-01 -3.0566e-01 +1.1285e-01 -1.5359e-01
6 0 +3.962995780e+03 +3.939705780e+03 +3.939705780e+03 +2.1661e-01 -2.7248e-01 -1.4933e-01 +1.8171e-01 -5.0930e-01
18 0 +3.237959155e+03 +3.214669155e+03 +3.214669155e+03 +2.8278e-01 -1.2712e-01 -4.6780e-01 +8.6829e-02 -6.7903e-01
20 0 +2.348671492e+03 +2.325381492e+03 +2.325381492e+03 +2.8555e-01 -3.2847e-01 -1.5770e-01 -8.2096e-02 -5.8279e-01
21 0 +1.912392867e+03 +1.889102867e+03 +1.889102867e+03 +1.7078e-01 -2.2208e-01 -1.9695e-01 -1.6824e-01 -6.1597e-01
27 0 +1.282195442e+03 +1.258905442e+03 +1.258905442e+03 -1.2949e-02 +8.3647e-02 -3.2871e-01 -6.7016e-02 -1.1084e+00
29 0 +5.546637739e+02 +5.313737739e+02 +5.313737739e+02 +5.5478e-01 -6.0855e-01 -3.3180e-03 -2.3821e-01 -1.0129e+00
38 0 +3.891182856e+02 +3.658282856e+02 +3.658282856e+02 +3.6790e-01 -2.0073e-01 +1.0528e-01 -3.4821e-01 -8.8608e-01
44 0 +7.715242535e+01 +5.386242535e+01 +5.386242535e+01 +3.2613e-01 -7.8443e-01 -5.3372e-03 -1.1691e+00 -1.1947e+00
45 0 +3.963424747e+01 +1.634424747e+01 +1.634424747e+01 +5.8124e-01 -3.3926e-01 -4.2588e-02 -6.8952e-01 -1.1181e+00
67 0 +4.697188868e+00 -1.859281113e+01 -1.859281113e+01 +6.2142e-01 -7.2993e-01 +2.7004e-01 -2.4951e+00 -1.8987e+00
81 0 +4.125725820e+00 -1.916427418e+01 -1.916427418e+01 +1.0947e+00 -3.1240e-01 +7.9474e-02 -1.0171e+00 -9.3273e-01
97 0 +3.908587079e+00 -1.938141292e+01 -1.938141292e+01 +2.0335e+00 -1.2267e+00 +6.6217e-01 -1.3258e+00 -1.7162e+00
99 0 +3.713213791e+00 -1.957678621e+01 -1.957678621e+01 +1.6095e+00 -1.1907e+00 +8.4281e-01 -4.6321e-01 -1.4274e+00
108 0 +3.549391547e+00 -1.974060845e+01 -1.974060845e+01 +1.3467e+00 -3.4587e-01 +1.0551e+00 -2.4476e+00 -5.7851e-01
122 0 +2.992192811e+00 -2.029780719e+01 -2.029780719e+01 +2.2600e+00 -1.2718e+00 +1.0106e+00 -2.3053e+00 -1.3715e+00
157 0 +2.927541231e+00 -2.036245877e+01 -2.036245877e+01 +2.2092e+00 -6.9275e-01 +9.1193e-01 -1.8345e+00 -2.0677e+00
158 0 +2.867946188e+00 -2.042205381e+01 -2.042205381e+01 +2.4003e+00 -6.2072e-01 +1.1494e+00 -2.2978e+00 -1.3642e+00
184 0 +2.271307376e+00 -2.101869262e+01 -2.101869262e+01 +1.1478e+00 -3.6470e-01 +7.3338e-01 -1.4705e+00 -1.1403e+00
313 0 +2.063928936e+00 -2.122607106e+01 -2.122607106e+01 +1.1329e+00 -3.1663e-01 +7.0633e-01 -1.2721e+00 -1.1962e+00
321 0 +1.771229177e+00 -2.151877082e+01 -2.151877082e+01 +1.0477e+00 -3.3653e-01 +6.6968e-01 -1.3026e+00 -1.1736e+00
633 0 +1.737795386e+00 -2.155220461e+01 -2.155220461e+01 +1.0222e+00 -3.3575e-01 +6.7742e-01 -1.3122e+00 -1.1582e+00
% f evaluations | g evaluations | best noise-free fitness - Fopt (-1.028000000000e+01) + sum g_i+ | measured fitness | best measured fitness or single-digit g-values | x1 | x2...
1 0 +6.592654473e+03 +6.582374473e+03 +6.582374473e+03 +0.0000e+00 +0.0000e+00 +0.0000e+00 +0.0000e+00 +0.0000e+00
3 0 +6.323180242e+03 +6.312900242e+03 +6.312900242e+03 +1.7369e-01 -1.1375e-01 -3.0566e-01 +1.1285e-01 -1.5359e-01
6 0 +3.962995780e+03 +3.952715780e+03 +3.952715780e+03 +2.1661e-01 -2.7248e-01 -1.4933e-01 +1.8171e-01 -5.0930e-01
18 0 +3.237959155e+03 +3.227679155e+03 +3.227679155e+03 +2.8278e-01 -1.2712e-01 -4.6780e-01 +8.6829e-02 -6.7903e-01
20 0 +2.348671492e+03 +2.338391492e+03 +2.338391492e+03 +2.8555e-01 -3.2847e-01 -1.5770e-01 -8.2096e-02 -5.8279e-01
21 0 +1.912392867e+03 +1.902112867e+03 +1.902112867e+03 +1.7078e-01 -2.2208e-01 -1.9695e-01 -1.6824e-01 -6.1597e-01
27 0 +1.282195442e+03 +1.271915442e+03 +1.271915442e+03 -1.2949e-02 +8.3647e-02 -3.2871e-01 -6.7016e-02 -1.1084e+00
29 0 +5.546637739e+02 +5.443837739e+02 +5.443837739e+02 +5.5478e-01 -6.0855e-01 -3.3180e-03 -2.3821e-01 -1.0129e+00
38 0 +3.891182856e+02 +3.788382856e+02 +3.788382856e+02 +3.6790e-01 -2.0073e-01 +1.0528e-01 -3.4821e-01 -8.8608e-01
44 0 +7.715242535e+01 +6.687242535e+01 +6.687242535e+01 +3.2613e-01 -7.8443e-01 -5.3372e-03 -1.1691e+00 -1.1947e+00
45 0 +3.963424747e+01 +2.935424747e+01 +2.935424747e+01 +5.8124e-01 -3.3926e-01 -4.2588e-02 -6.8952e-01 -1.1181e+00
67 0 +4.697188868e+00 -5.582811132e+00 -5.582811132e+00 +6.2142e-01 -7.2993e-01 +2.7004e-01 -2.4951e+00 -1.8987e+00
81 0 +4.125725820e+00 -6.154274180e+00 -6.154274180e+00 +1.0947e+00 -3.1240e-01 +7.9474e-02 -1.0171e+00 -9.3273e-01
97 0 +3.908587079e+00 -6.371412921e+00 -6.371412921e+00 +2.0335e+00 -1.2267e+00 +6.6217e-01 -1.3258e+00 -1.7162e+00
99 0 +3.713213791e+00 -6.566786209e+00 -6.566786209e+00 +1.6095e+00 -1.1907e+00 +8.4281e-01 -4.6321e-01 -1.4274e+00
108 0 +3.549391547e+00 -6.730608453e+00 -6.730608453e+00 +1.3467e+00 -3.4587e-01 +1.0551e+00 -2.4476e+00 -5.7851e-01
122 0 +2.992192811e+00 -7.287807189e+00 -7.287807189e+00 +2.2600e+00 -1.2718e+00 +1.0106e+00 -2.3053e+00 -1.3715e+00
157 0 +2.927541231e+00 -7.352458769e+00 -7.352458769e+00 +2.2092e+00 -6.9275e-01 +9.1193e-01 -1.8345e+00 -2.0677e+00
158 0 +2.867946188e+00 -7.412053812e+00 -7.412053812e+00 +2.4003e+00 -6.2072e-01 +1.1494e+00 -2.2978e+00 -1.3642e+00
184 0 +2.271307376e+00 -8.008692624e+00 -8.008692624e+00 +1.1478e+00 -3.6470e-01 +7.3338e-01 -1.4705e+00 -1.1403e+00
313 0 +2.063928936e+00 -8.216071064e+00 -8.216071064e+00 +1.1329e+00 -3.1663e-01 +7.0633e-01 -1.2721e+00 -1.1962e+00
321 0 +1.771229177e+00 -8.508770823e+00 -8.508770823e+00 +1.0477e+00 -3.3653e-01 +6.6968e-01 -1.3026e+00 -1.1736e+00
633 0 +1.737795386e+00 -8.542204614e+00 -8.542204614e+00 +1.0222e+00 -3.3575e-01 +6.7742e-01 -1.3122e+00 -1.1582e+00
% f evaluations | g evaluations | best noise-free fitness - Fopt (1.799700000000e+02) + sum g_i+ | measured fitness | best measured fitness or single-digit g-values | x1 | x2...
1 0 +6.592654473e+03 +6.772624473e+03 +6.772624473e+03 +0.0000e+00 +0.0000e+00 +0.0000e+00 +0.0000e+00 +0.0000e+00
2 0 +3.079772718e+03 +3.259742718e+03 +3.259742718e+03 +4.3379e-01 +3.0692e-02 +9.8026e-02 +3.4094e-01 +2.4727e-01
10 0 +1.955368607e+03 +2.135338607e+03 +2.135338607e+03 +8.4321e-01 +1.9290e-01 +9.8037e-02 +2.6948e-01 +4.7498e-01
11 0 +1.136686715e+03 +1.316656715e+03 +1.316656715e+03 +4.3521e-01 -2.7803e-01 +1.1807e-01 +2.0957e-01 +7.1196e-01
19 0 +1.077101840e+03 +1.257071840e+03 +1.257071840e+03 +7.6645e-01 +1.0745e-01 +4.5115e-01 +4.4453e-01 +5.5473e-01
22 0 +5.337591322e+02 +7.137291322e+02 +7.137291322e+02 +8.9309e-01 +4.6776e-01 -1.7379e-01 +4.9410e-01 +7.3959e-01
28 0 +3.354030866e+02 +5.153730866e+02 +5.153730866e+02 +1.7872e+00 +1.0633e-01 +7.0785e-01 +1.2977e-01 +1.2458e+00
30 0 +2.563047682e+02 +4.362747682e+02 +4.362747682e+02 +1.2426e+00 +4.6175e-01 +5.6938e-01 +2.3723e-01 +1.0187e+00
31 0 +2.484631726e+02 +4.284331726e+02 +4.284331726e+02 +1.6315e+00 +2.3717e-01 -1.0961e-01 +3.9342e-01 +2.0038e+00
32 0 +4.905559123e+01 +2.290255912e+02 +2.290255912e+02 +7.5606e-01 +1.2636e-01 -1.8016e-01 +8.2422e-01 +1.1645e+00
34 0 +5.961360293e+00 +1.859313603e+02 +1.859313603e+02 +2.0935e+00 +1.0967e+00 +9.4286e-02 +1.2417e+00 +1.3198e+00
39 0 +4.638217161e+00 +1.846082172e+02 +1.846082172e+02 +1.8699e+00 +1.9151e-01 +3.2044e-02 +6.6402e-01 +1.8342e+00
99 0 +4.360632216e+00 +1.843306322e+02 +1.843306322e+02 +1.7502e+00 +3.4881e-01 +6.9777e-02 +2.5258e+00 +6.8190e-01
103 0 +3.641250913e+00 +1.836112509e+02 +1.836112509e+02 +1.8680e+00 +9.9246e-01 +3.0758e-01 +1.6216e+00 +1.8246e+00
108 0 +2.889751563e+00 +1.828597516e+02 +1.828597516e+02 +1.8248e+00 +1.3301e+00 +1.8734e-01 +9.8337e-01 +2.3977e+00
151 0 +2.782122056e+00 +1.827521221e+02 +1.827521221e+02 +1.4760e+00 +3.0172e-01 +6.3785e-01 +1.8151e+00 +1.8819e+00
153 0 +2.663820546e+00 +1.826338205e+02 +1.826338205e+02 +1.4626e+00 +4.6417e-01 +4.5287e-01 +1.3656e+00 +1.6365e+00
280 0 +2.444127135e+00 +1.824141271e+02 +1.824141271e+02 -1.1832e-01 -9.0825e-02 +1.1697e+00 +8.1891e-01 +1.2407e+00
281 0 +2.166877876e+00 +1.821368779e+02 +1.821368779e+02 -4.6397e-02 -6.6358e-02 +1.1225e+00 +8.2563e-01 +1.2698e+00
522 0 +2.136790718e+00 +1.821067907e+02 +1.821067907e+02 -2.1714e-02 -7.3680e-02 +1.1129e+00 +8.2743e-01 +1.2816e+00
% f evaluations | g evaluations | best noise-free fitness - Fopt (8.376000000000e+01) + sum g_i+ | measured fitness | best measured fitness or single-digit g-values | x1 | x2...
1 0 +6.592654473e+03 +6.676414473e+03 +6.676414473e+03 +0.0000e+00 +0.0000e+00 +0.0000e+00 +0.0000e+00 +0.0000e+00
3 0 +6.323226150e+03 +6.406986150e+03 +6.406986150e+03 +1.7369e-01 -1.1375e-01 -3.0566e-01 +1.1285e-01 -1.5359e-01
6 0 +3.963572989e+03 +4.047332989e+03 +4.047332989e+03 +2.1661e-01 -2.7248e-01 -1.4933e-01 +1.8171e-01 -5.0930e-01
18 0 +3.238392862e+03 +3.322152862e+03 +3.322152862e+03 +2.8278e-01 -1.2712e-01 -4.6780e-01 +8.6829e-02 -6.7903e-01
20 0 +2.349574176e+03 +2.433334176e+03 +2.433334176e+03 +2.8555e-01 -3.2847e-01 -1.5770e-01 -8.2096e-02 -5.8279e-01
21 0 +1.912695811e+03 +1.996455811e+03 +1.996455811e+03 +1.7078e-01 -2.2208e-01 -1.9695e-01 -1.6824e-01 -6.1597e-01
27 0 +1.282212231e+03 +1.365972231e+03 +1.365972231e+03 -1.2949e-02 +8.3647e-02 -3.2871e-01 -6.7016e-02 -1.1084e+00
29 0 +5.535617238e+02 +6.373217238e+02 +6.373217238e+02 +5.5478e-01 -6.0855e-01 -3.3180e-03 -2.3821e-01 -1.0129e+00
38 0 +3.899931043e+02 +4.737531043e+02 +4.737531043e+02 +3.6790e-01 -2.0073e-01 +1.0528e-01 -3.4821e-01 -8.8608e-01
44 0 +7.784975889e+01 +1.616097589e+02 +1.616097589e+02 +3.2613e-01 -7.8443e-01 -5.3372e-03 -1.1691e+00 -1.1947e+00
45 0 +4.037170340e+01 +1.241317034e+02 +1.241317034e+02 +5.8124e-01 -3.3926e-01 -4.2588e-02 -6.8952e-01 -1.1181e+00
67 0 +5.551442783e+00 +8.931144278e+01 +8.931144278e+01 +6.2142e-01 -7.2993e-01 +2.7004e-01 -2.4951e+00 -1.8987e+00
71 0 +3.301494704e+00 +8.706149470e+01 +8.706149470e+01 +6.6985e-01 +1.3459e-01 +3.7612e-03 -1.1455e+00 -9.8856e-01
148 0 +2.967379872e+00 +8.672737987e+01 +8.672737987e+01 +7.3903e-01 -3.4488e-02 +5.4432e-01 -1.3439e+00 -1.0755e+00
199 0 +2.037159853e+00 +8.579715985e+01 +8.579715985e+01 +1.5776e+00 +2.3521e-01 +6.5802e-01 -2.4929e+00 -1.4641e+00
298 0 +1.930151311e+00 +8.569015131e+01 +8.569015131e+01 +1.4632e+00 +3.3090e-01 +4.9152e-01 -2.0944e+00 -1.8051e+00
398 0 +1.895218456e+00 +8.565521846e+01 +8.565521846e+01 +1.4577e+00 +2.9213e-01 +5.3814e-01 -2.0410e+00 -1.5558e+00
625 0 +1.861991804e+00 +8.562199180e+01 +8.562199180e+01 +1.4987e+00 +2.8137e-01 +5.3278e-01 -2.0431e+00 -1.5595e+00
% f evaluations | g evaluations | best noise-free fitness - Fopt (-3.890100000000e+02) + sum g_i+ | measured fitness | best measured fitness or single-digit g-values | x1 | x2...
1 0 +6.592654473e+03 +6.203644473e+03 +6.203644473e+03 +0.0000e+00 +0.0000e+00 +0.0000e+00 +0.0000e+00 +0.0000e+00
3 0 +5.594643565e+03 +5.205633565e+03 +5.205633565e+03 +1.7369e-01 -1.1375e-01 -3.0566e-01 +1.1285e-01 -1.5359e-01
6 0 +3.587548802e+03 +3.198538802e+03 +3.198538802e+03 +2.1661e-01 -2.7248e-01 -1.4933e-01 +1.8171e-01 -5.0930e-01
13 0 +3.334708981e+03 +2.945698981e+03 +2.945698981e+03 -1.1912e-01 +9.5341e-02 -4.1205e-01 +1.3064e-03 -3.7627e-01
18 0 +1.976114624e+03 +1.587104624e+03 +1.587104624e+03 +3.2737e-01 +1.2126e-02 -7.0815e-01 +2.9850e-02 -6.0955e-01
21 0 +1.617660937e+03 +1.228650937e+03 +1.228650937e+03 +2.0405e-01 -1.0283e-01 -3.7973e-01 -2.4343e-01 -5.3580e-01
27 0 +2.261808731e+02 -1.628291269e+02 -1.628291269e+02 +1.0215e-01 +2.3250e-01 -7.6193e-01 -2.0552e-01 -1.0370e+00
29 0 +2.070963432e+02 -1.819136568e+02 -1.819136568e+02 +7.1297e-01 -5.1695e-01 -3.7516e-01 -4.1132e-01 -8.9304e-01
44 0 +4.412284433e+00 -3.845977156e+02 -3.845977156e+02 +5.3339e-01 -4.7089e-01 -6.0511e-01 -1.1072e+00 -1.2951e+00
45 0 +3.703402347e+00 -3.853065977e+02 -3.853065977e+02 +8.3309e-01 -1.1665e-02 -6.5420e-01 -6.4600e-01 -1.2867e+00
54 0 +3.200550514e+00 -3.858094495e+02 -3.858094495e+02 +3.5738e-01 -1.2066e-01 -1.3225e+00 -7.2588e-01 -1.5706e+00
68 0 +2.880726305e+00 -3.861292737e+02 -3.861292737e+02 +1.5004e+00 -2.5553e-01 -1.5006e+00 -1.4777e+00 -1.5650e+00
93 0 +2.326451200e+00 -3.866835488e+02 -3.866835488e+02 +1.4360e+00 -9.5450e-01 -4.0163e-01 -5.8152e-01 -2.1861e+00
186 0 +2.095248132e+00 -3.869147519e+02 -3.869147519e+02 +1.4507e+00 -8.7361e-01 -9.2408e-01 -8.7303e-01 -1.2646e+00
361 0 +2.082713297e+00 -3.869272867e+02 -3.869272867e+02 +1.3942e+00 -1.1635e+00 -3.3903e-01 -1.0203e+00 -1.2363e+00
394 0 +1.996887762e+00 -3.870131122e+02 -3.870131122e+02 +1.4036e+00 -1.0868e+00 -3.6252e-01 -9.9985e-01 -1.2385e+00
424 0 +1.972255464e+00 -3.870377445e+02 -3.870377445e+02 +1.4322e+00 -1.1026e+00 -3.3754e-01 -9.8969e-01 -1.2379e+00
426 0 +1.899806420e+00 -3.871101936e+02 -3.871101936e+02 +1.4412e+00 -1.0658e+00 -3.4120e-01 -9.7893e-01 -1.2446e+00
434 0 +1.830617064e+00 -3.871793829e+02 -3.871793829e+02 +1.4604e+00 -1.0398e+00 -3.4897e-01 -9.7354e-01 -1.2306e+00
454 0 +1.791490125e+00 -3.872185099e+02 -3.872185099e+02 +1.4572e+00 -1.0250e+00 -4.0008e-01 -1.0039e+00 -1.2489e+00
459 0 +1.691573576e+00 -3.873184264e+02 -3.873184264e+02 +1.4972e+00 -1.0014e+00 -3.9642e-01 -9.8345e-01 -1.2313e+00
481 0 +1.655762710e+00 -3.873542373e+02 -3.873542373e+02 +1.4949e+00 -1.0224e+00 -3.6479e-01 -9.9439e-01 -1.2436e+00
533 0 +1.599276132e+00 -3.874107239e+02 -3.874107239e+02 +1.5250e+00 -9.9731e-01 -3.6760e-01 -9.9181e-01 -1.2378e+00
572 0 +1.578755850e+00 -3.874312442e+02 -3.874312442e+02 +1.5087e+00 -9.6081e-01 -3.6518e-01 -9.9799e-01 -1.2522e+00
593 0 +1.547951681e+00 -3.874620483e+02 -3.874620483e+02 +1.4953e+00 -9.6263e-01 -3.6111e-01 -1.0103e+00 -1.2397e+00
% f evaluations | g evaluations | best noise-free fitness - Fopt (-1.455800000000e+02) + sum g_i+ | measured fitness | best measured fitness or single-digit g-values | x1 | x2...
1 0 +6.592654473e+03 +6.447074473e+03 +6.447074473e+03 +0.0000e+00 +0.0000e+00 +0.0000e+00 +0.0000e+00 +0.0000e+00
3 0 +6.273450341e+03 +6.127870341e+03 +6.127870341e+03 +1.7369e-01 -1.1375e-01 -3.0566e-01 +1.1285e-01 -1.5359e-01
6 0 +3.897662616e+03 +3.752082616e+03 +3.752082616e+03 +2.1661e-01 -2.7248e-01 -1.4933e-01 +1.8171e-01 -5.0930e-01
18 0 +3.156539840e+03 +3.010959840e+03 +3.010959840e+03 +2.8278e-01 -1.2712e-01 -4.6780e-01 +8.6829e-02 -6.7903e-01
20 0 +2.265871696e+03 +2.120291696e+03 +2.120291696e+03 +2.8555e-01 -3.2847e-01 -1.5770e-01 -8.2096e-02 -5.8279e-01
21 0 +1.845741013e+03 +1.700161013e+03 +1.700161013e+03 +1.7078e-01 -2.2208e-01 -1.9695e-01 -1.6824e-01 -6.1597e-01
27 0 +1.321343577e+03 +1.175763577e+03 +1.175763577e+03 -1.2949e-02 +8.3647e-02 -3.2871e-01 -6.7016e-02 -1.1084e+00
29 0 +5.063737183e+02 +3.607937183e+02 +3.607937183e+02 +5.5478e-01 -6.0855e-01 -3.3180e-03 -2.3821e-01 -1.0129e+00
36 0 +4.558046221e+02 +3.102246221e+02 +3.102246221e+02 +1.5428e-02 -5.9635e-01 -2.8144e-01 -4.2776e-01 -8.6392e-01
38 0 +3.908502387e+02 +2.452702387e+02 +2.452702387e+02 +3.6790e-01 -2.0073e-01 +1.0528e-01 -3.4821e-01 -8.8608e-01
44 0 +3.805279366e+00 -1.417747206e+02 -1.417747206e+02 +3.2613e-01 -7.8443e-01 -5.3372e-03 -1.1691e+00 -1.1947e+00
77 0 +3.695831009e+00 -1.418841690e+02 -1.418841690e+02 +9.0982e-01 -4.6021e-01 +4.3434e-03 -1.1445e+00 -9.2571e-01
82 0 +3.590772077e+00 -1.419892279e+02 -1.419892279e+02 +8.0681e-01 -1.2117e+00 +3.3556e-01 -1.7548e+00 -1.4930e+00
89 0 +3.298552068e+00 -1.422814479e+02 -1.422814479e+02 +1.2275e+00 -8.3168e-01 +3.2320e-01 -1.3917e+00 -1.4395e+00
110 0 +3.203841767e+00 -1.423761582e+02 -1.423761582e+02 +1.0113e+00 -1.4698e+00 +6.7375e-01 -1.7489e+00 -1.7928e+00
117 0 +3.022820970e+00 -1.425571790e+02 -1.425571790e+02 +9.8861e-01 -1.5728e+00 +9.7979e-01 -1.2004e+00 -1.5011e+00
157 0 +2.553980294e+00 -1.430260197e+02 -1.430260197e+02 +2.3876e+00 -2.0058e+00 +1.0898e+00 -1.1819e+00 -1.9829e+00
175 0 +1.815598834e+00 -1.437644012e+02 -1.437644012e+02 +2.0976e+00 -1.9229e+00 +1.5010e+00 -1.7529e+00 -1.0664e+00
297 0 +1.739692057e+00 -1.438403079e+02 -1.438403079e+02 +2.1439e+00 -1.3613e+00 +1.5313e+00 -2.2649e+00 -9.1755e-01
301 0 +1.376358402e+00 -1.442036416e+02 -1.442036416e+02 +2.1149e+00 -1.3842e+00 +1.6389e+00 -2.2567e+00 -9.2385e-01
307 0 +1.224891781e+00 -1.443551082e+02 -1.443551082e+02 +2.1607e+00 -1.3160e+00 +1.6862e+00 -2.1878e+00 -9.5824e-01
334 0 +1.148430584e+00 -1.444315694e+02 -1.444315694e+02 +2.1094e+00 -1.2619e+00 +1.6996e+00 -2.2113e+00 -9.5063e-01
401 0 +1.147610087e+00 -1.444323899e+02 -1.444323899e+02 +2.0623e+00 -1.3049e+00 +1.6795e+00 -2.2118e+00 -9.2125e-01
444 0 +1.113501747e+00 -1.444664983e+02 -1.444664983e+02 +2.0846e+00 -1.2889e+00 +1.7031e+00 -2.2114e+00 -9.3278e-01
