% f evaluations | g evaluations | best noise-free fitness - Fopt (2.997000000000e+01) + sum g_i+ | measured fitness | best measured fitness or single-digit g-values | x1 | x2...
1 0 +3.715498553e+02 +4.015198553e+02 +4.015198553e+02 +0.0000e+00 +0.0000e+00
2 0 +2.598438823e+02 +2.898138823e+02 +2.898138823e+02 +4.3379e-01 +3.0692e-02
8 0 +2.281659817e+02 +2.581359817e+02 +2.581359817e+02 +6.0117e-01 +1.6999e-01
14 0 +1.511338020e+02 +1.811038020e+02 +1.811038020e+02 +8.1870e-01 -5.5543e-02
18 0 +9.715002121e+01 +1.271200212e+02 +1.271200212e+02 +1.1066e+00 +1.9058e-01
23 0 +5.819100614e+00 +3.578910061e+01 +3.578910061e+01 +1.4651e+00 +2.1945e-01
85 0 +4.126902563e+00 +3.409690256e+01 +3.409690256e+01 +1.2342e+00 -5.0941e-01
95 0 +2.768529534e+00 +3.273852953e+01 +3.273852953e+01 +1.2789e+00 -3.8701e-01
666 0 +2.269760041e+00 +3.223976004e+01 +3.223976004e+01 +1.1975e+00 -6.4597e-01
670 0 +2.152867483e+00 +3.212286748e+01 +3.212286748e+01 +1.1819e+00 -6.9618e-01
671 0 +1.311632738e+00 +3.128163274e+01 +3.128163274e+01 +9.6111e-01 -1.4071e+00
988 0 +1.274953085e+00 +3.124495309e+01 +3.124495309e+01 +9.3789e-01 -1.4823e+00
999 0 +1.233902532e+00 +3.120390253e+01 +3.120390253e+01 +8.9741e-01 -1.6136e+00
1002 0 +1.211563584e+00 +3.118156358e+01 +3.118156358e+01 +9.5054e-01 -1.4423e+00
1004 0 +1.188460093e+00 +3.115846009e+01 +3.115846009e+01 +8.9927e-01 -1.6082e+00
1012 0 +1.151464238e+00 +3.112146424e+01 +3.112146424e+01 +9.0846e-01 -1.5789e+00
1014 0 +1.043468921e+00 +3.101346892e+01 +3.101346892e+01 +8.7010e-01 -1.7047e+00
1018 0 +1.005284445e+00 +3.097528445e+01 +3.097528445e+01 +8.7592e-01 -1.6863e+00
1025 0 +9.630104502e-01 +3.093301045e+01 +3.093301045e+01 +8.6644e-01 -1.7177e+00
1026 0 +8.268027351e-01 +3.079680274e+01 +3.079680274e+01 +8.6095e-01 -1.7372e+00
1028 0 +6.543579692e-01 +3.062435797e+01 +3.062435797e+01 +8.4649e-01 -1.7866e+00
1031 0 +4.386646939e-01 +3.040866469e+01 +3.040866469e+01 +8.4149e-01 -1.8057e+00
1042 0 +2.309244377e-01 +3.020092444e+01 +3.020092444e+01 +7.7746e-01 -2.0183e+00
1054 0 +1.431465459e-01 +3.011314655e+01 +3.011314655e+01 +8.0855e-01 -1.9172e+00
1063 0 +7.057119250e-02 +3.004057119e+01 +3.004057119e+01 +8.2254e-01 -1.8723e+00
1081 0 +2.072046405e-02 +2.999072046e+01 +2.999072046e+01 +8.4358e-01 -1.8042e+00
1083 0 +4.658710766e-03 +2.997465871e+01 +2.997465871e+01 +8.7673e-01 -1.6965e+00
1183 0 +1.588217100e-03 +2.997158822e+01 +2.997158822e+01 +8.8412e-01 -1.6724e+00
1191 0 +5.534160371e-04 +2.997055342e+01 +2.997055342e+01 +8.7157e-01 -1.7132e+00
1393 0 +4.268144170e-04 +2.997042681e+01 +2.997042681e+01 +8.7001e-01 -1.7183e+00
1399 0 +1.955656330e-04 +2.997019557e+01 +2.997019557e+01 +8.7194e-01 -1.7120e+00
1401 0 +1.049715494e-04 +2.997010497e+01 +2.997010497e+01 +8.7271e-01 -1.7095e+00
1406 0 +1.125055653e-05 +2.997001125e+01 +2.997001125e+01 +8.7409e-01 -1.7050e+00
1475 0 +3.236899300e-06 +2.997000324e+01 +2.997000324e+01 +8.7460e-01 -1.7034e+00
1486 0 +3.190523987e-06 +2.997000319e+01 +2.997000319e+01 +8.7425e-01 -1.7045e+00
1536 0 +2.998568984e-06 +2.997000300e+01 +2.997000300e+01 +8.7411e-01 -1.7049e+00
1542 0 +1.907790931e-06 +2.997000191e+01 +2.997000191e+01 +8.7418e-01 -1.7047e+00
1561 0 +1.748807023e-06 +2.997000175e+01 +2.997000175e+01 +8.7413e-01 -1.7049e+00
1567 0 +1.607981350e-06 +2.997000161e+01 +2.997000161e+01 +8.7418e-01 -1.7047e+00
1574 0 +1.254543552e-06 +2.997000125e+01 +2.997000125e+01 +8.7428e-01 -1.7044e+00
1579 0 +4.303764598e-07 +2.997000043e+01 +2.997000043e+01 +8.7428e-01 -1.7044e+00
1580 0 +3.049054165e-07 +2.997000030e+01 +2.997000030e+01 +8.7429e-01 -1.7044e+00
1585 0 +2.962480714e-07 +2.997000030e+01 +2.997000030e+01 +8.7431e-01 -1.7043e+00
1590 0 +2.505166101e-07 +2.997000025e+01 +2.997000025e+01 +8.7447e-01 -1.7038e+00
1597 0 +1.842477140e-07 +2.997000018e+01 +2.997000018e+01 +8.7432e-01 -1.7043e+00
1603 0 +2.511054475e-08 +2.997000003e+01 +2.997000003e+01 +8.7438e-01 -1.7041e+00
1930 0 +2.117814546e-08 +2.997000002e+01 +2.997000002e+01 +8.7443e-01 -1.7039e+00
1931 0 +1.856489362e-08 +2.997000002e+01 +2.997000002e+01 +8.7443e-01 -1.7039e+00
1936 0 +1.125233950e-08 +2.997000001e+01 +2.997000001e+01 +8.7441e-01 -1.7040e+00
1965 0 +1.029748375e-08 +2.997000001e+01 +2.997000001e+01 +8.7442e-01 -1.7039e+00
1976 0 +8.734570400e-09 +2.997000001e+01 +2.997000001e+01 +8.7441e-01 -1.7040e+00
% f evaluations | g evaluations | best noise-free fitness - Fopt (-5.171000000000e+01) + sum g_i+ | measured fitness | best measured fitness or single-digit g-values | x1 | x2...
1 0 +8.787843953e+01 +3.616843953e+01 +3.616843953e+01 +0.0000e+00 +0.0000e+00
3 0 +5.744439279e+01 +5.734392794e+00 +5.734392794e+00 +9.8026e-02 +3.4094e-01
12 0 +4.861433220e+01 -3.095667799e+00 -3.095667799e+00 +2.8148e-01 +4.9555e-01
80 0 +4.717919086e+01 -4.530809136e+00 -4.530809136e+00 +2.9468e-01 +5.3179e-01
84 0 +4.586031644e+01 -5.849683555e+00 -5.849683555e+00 +3.6191e-01 +6.2708e-01
86 0 +4.028403115e+01 -1.142596885e+01 -1.142596885e+01 +4.7524e-01 +7.3675e-01
98 0 +3.930051681e+01 -1.240948319e+01 -1.240948319e+01 +6.3240e-01 +9.7642e-01
102 0 +3.653108989e+01 -1.517891011e+01 -1.517891011e+01 +6.8069e-01 +1.0153e+00
107 0 +3.119710939e+01 -2.051289061e+01 -2.051289061e+01 +1.5261e+00 +1.7478e+00
109 0 +1.848808287e+01 -3.322191713e+01 -3.322191713e+01 +1.1904e+00 +1.5261e+00
110 0 +7.152865793e+00 -4.455713421e+01 -4.455713421e+01 +2.8564e+00 +3.3544e+00
115 0 +1.635016833e+00 -5.007498317e+01 -5.007498317e+01 +2.4070e+00 +2.8983e+00
194 0 +1.456657268e+00 -5.025334273e+01 -5.025334273e+01 +2.5286e+00 +3.0609e+00
205 0 +9.977901385e-01 -5.071220986e+01 -5.071220986e+01 +2.2920e+00 +2.7786e+00
208 0 +9.424119605e-01 -5.076758804e+01 -5.076758804e+01 +2.4423e+00 +2.9435e+00
217 0 +7.596358651e-01 -5.095036413e+01 -5.095036413e+01 +2.4248e+00 +2.9347e+00
229 0 +4.617968910e-01 -5.124820311e+01 -5.124820311e+01 +2.7076e+00 +3.2534e+00
236 0 +3.957646575e-01 -5.131423534e+01 -5.131423534e+01 +2.7562e+00 +3.3031e+00
237 0 +1.872853133e-01 -5.152271469e+01 -5.152271469e+01 +2.6954e+00 +3.2372e+00
241 0 +1.713610303e-01 -5.153863897e+01 -5.153863897e+01 +2.7258e+00 +3.2701e+00
319 0 +1.211181285e-01 -5.158888187e+01 -5.158888187e+01 +2.7052e+00 +3.2475e+00
321 0 +1.180860676e-01 -5.159191393e+01 -5.159191393e+01 +2.6695e+00 +3.2061e+00
325 0 +1.100588134e-01 -5.159994119e+01 -5.159994119e+01 +2.6957e+00 +3.2362e+00
352 0 +4.593331028e-02 -5.166406669e+01 -5.166406669e+01 +2.6551e+00 +3.1908e+00
443 0 +4.491398753e-02 -5.166508601e+01 -5.166508601e+01 +2.6756e+00 +3.2137e+00
449 0 +3.864222618e-02 -5.167135777e+01 -5.167135777e+01 +2.6676e+00 +3.2046e+00
458 0 +3.582914123e-02 -5.167417086e+01 -5.167417086e+01 +2.6664e+00 +3.2033e+00
460 0 +2.933649789e-02 -5.168066350e+01 -5.168066350e+01 +2.6592e+00 +3.1952e+00
474 0 +2.794827468e-02 -5.168205173e+01 -5.168205173e+01 +2.6589e+00 +3.1949e+00
476 0 +2.320706166e-02 -5.168679294e+01 -5.168679294e+01 +2.6468e+00 +3.1811e+00
480 0 +1.763552189e-02 -5.169236448e+01 -5.169236448e+01 +2.6467e+00 +3.1812e+00
483 0 +9.834210080e-03 -5.170016579e+01 -5.170016579e+01 +2.6375e+00 +3.1707e+00
494 0 +6.924883276e-03 -5.170307512e+01 -5.170307512e+01 +2.6140e+00 +3.1442e+00
505 0 +5.230696073e-03 -5.170476930e+01 -5.170476930e+01 +2.6234e+00 +3.1547e+00
511 0 +2.087870790e-03 -5.170791213e+01 -5.170791213e+01 +2.6074e+00 +3.1366e+00
513 0 +1.782155147e-03 -5.170821784e+01 -5.170821784e+01 +2.6046e+00 +3.1335e+00
517 0 +9.404012401e-04 -5.170905960e+01 -5.170905960e+01 +2.6098e+00 +3.1393e+00
541 0 +8.299160289e-04 -5.170917008e+01 -5.170917008e+01 +2.6056e+00 +3.1346e+00
552 0 +3.136325434e-04 -5.170968637e+01 -5.170968637e+01 +2.6055e+00 +3.1345e+00
557 0 +1.946180807e-04 -5.170980538e+01 -5.170980538e+01 +2.6031e+00 +3.1318e+00
590 0 +1.675886546e-04 -5.170983241e+01 -5.170983241e+01 +2.6080e+00 +3.1374e+00
592 0 +1.567412196e-04 -5.170984326e+01 -5.170984326e+01 +2.6038e+00 +3.1326e+00
595 0 +1.231513221e-04 -5.170987685e+01 -5.170987685e+01 +2.6059e+00 +3.1350e+00
597 0 +8.391006846e-05 -5.170991609e+01 -5.170991609e+01 +2.6039e+00 +3.1327e+00
610 0 +2.024482869e-05 -5.170997976e+01 -5.170997976e+01 +2.6039e+00 +3.1327e+00
618 0 +1.606767553e-05 -5.170998393e+01 -5.170998393e+01 +2.6045e+00 +3.1333e+00
619 0 +9.500318981e-06 -5.170999050e+01 -5.170999050e+01 +2.6038e+00 +3.1326e+00
654 0 +7.692025100e-06 -5.170999231e+01 -5.170999231e+01 +2.6049e+00 +3.1338e+00
673 0 +7.497014401e-06 -5.170999250e+01 -5.170999250e+01 +2.6039e+00 +3.1326e+00
675 0 +2.774233053e-06 -5.170999723e+01 -5.170999723e+01 +2.6042e+00 +3.1330e+00
679 0 +1.822994967e-06 -5.170999818e+01 -5.170999818e+01 +2.6040e+00 +3.1328e+00
691 0 +5.028105790e-07 -5.170999950e+01 -5.170999950e+01 +2.6039e+00 +3.1327e+00
721 0 +2.747203354e-08 -5.170999997e+01 -5.170999997e+01 +2.6040e+00 +3.1328e+00
776 0 +2.674023136e-08 -5.170999997e+01 -5.170999997e+01 +2.6040e+00 +3.1328e+00
805 0 +1.818153095e-08 -5.170999998e+01 -5.170999998e+01 +2.6040e+00 +3.1328e+00
812 0 +1.518762360e-08 -5.170999998e+01 -5.170999998e+01 +2.6040e+00 +3.1328e+00
816 0 +1.293251017e-08 -5.170999999e+01 -5.170999999e+01 +2.6040e+00 +3.1328e+00
817 0 +8.318238542e-09 -5.170999999e+01 -5.170999999e+01 +2.6040e+00 +3.1328e+00
1736 0 +0.000000000e+00 -5.171000000e+01 -5.171000000e+01 +2.6040e+00 +3.1328e+00
% f evaluations | g evaluations | best noise-free fitness - Fopt (-2.799500000000e+02) + sum g_i+ | measured fitness | best measured fitness or single-digit g-values | x1 | x2...
1 0 +5.395532116e+02 +2.596032116e+02 +2.596032116e+02 +0.0000e+00 +0.0000e+00
2 0 +5.188194087e+02 +2.388694087e+02 +2.388694087e+02 +4.3379e-01 +3.0692e-02
5 0 +4.872143335e+02 +2.072643335e+02 +2.072643335e+02 -1.1375e-01 -3.0566e-01
14 0 +4.467691719e+02 +1.668191719e+02 +1.668191719e+02 +3.4070e-01 -3.7342e-01
21 0 +4.336332431e+02 +1.536832431e+02 +1.536832431e+02 +4.0620e-01 -4.2244e-01
26 0 +3.952290205e+02 +1.152790205e+02 +1.152790205e+02 +7.4537e-01 -5.2601e-01
29 0 +3.682056080e+02 +8.825560804e+01 +8.825560804e+01 +9.4230e-01 -6.1510e-01
35 0 +2.366315336e+02 -4.331846635e+01 -4.331846635e+01 +1.2437e+00 -1.2502e+00
38 0 +2.207703845e+02 -5.917961552e+01 -5.917961552e+01 +2.3386e+00 -1.0912e+00
40 0 +1.405376225e+02 -1.394123775e+02 -1.394123775e+02 +2.4967e+00 -1.5194e+00
61 0 +1.334531328e+02 -1.464968672e+02 -1.464968672e+02 +2.3970e+00 -2.0179e+00
64 0 +6.024098606e+01 -2.197090139e+02 -2.197090139e+02 +1.2897e+00 -2.2217e+00
195 0 +3.114195200e+01 -2.488080480e+02 -2.488080480e+02 -2.1890e-01 -2.7429e+00
221 0 +2.084841728e+01 -2.591015827e+02 -2.591015827e+02 -1.8457e+00 -3.2643e+00
223 0 +1.956718540e+01 -2.603828146e+02 -2.603828146e+02 -1.8144e+00 -3.3759e+00
226 0 +1.127400670e+01 -2.686759933e+02 -2.686759933e+02 -3.8649e+00 -4.1035e+00
233 0 +7.796569192e+00 -2.721534308e+02 -2.721534308e+02 -4.4330e+00 -4.2189e+00
287 0 +4.175947022e+00 -2.757740530e+02 -2.757740530e+02 -4.6826e+00 -4.3443e+00
297 0 +3.984930166e+00 -2.759650698e+02 -2.759650698e+02 -3.7956e+00 -4.0427e+00
301 0 +2.129042008e+00 -2.778209580e+02 -2.778209580e+02 -3.6921e+00 -3.9759e+00
313 0 +5.265659788e-01 -2.794234340e+02 -2.794234340e+02 -3.9561e+00 -4.0788e+00
325 0 +4.438231232e-01 -2.795061769e+02 -2.795061769e+02 -3.6782e+00 -3.9836e+00
331 0 +3.700260969e-01 -2.795799739e+02 -2.795799739e+02 -3.4118e+00 -3.8857e+00
351 0 +1.125937286e-01 -2.798374063e+02 -2.798374063e+02 -3.7032e+00 -3.9908e+00
355 0 +4.194706850e-02 -2.799080529e+02 -2.799080529e+02 -3.5096e+00 -3.9217e+00
460 0 +2.766159775e-02 -2.799223384e+02 -2.799223384e+02 -3.7063e+00 -3.9915e+00
491 0 +1.552593064e-02 -2.799344741e+02 -2.799344741e+02 -3.6902e+00 -3.9857e+00
534 0 +1.391947234e-02 -2.799360805e+02 -2.799360805e+02 -3.6883e+00 -3.9851e+00
568 0 +1.297993522e-02 -2.799370201e+02 -2.799370201e+02 -3.6837e+00 -3.9834e+00
571 0 +1.134874610e-02 -2.799386513e+02 -2.799386513e+02 -3.6850e+00 -3.9839e+00
576 0 +9.654029038e-03 -2.799403460e+02 -2.799403460e+02 -3.6748e+00 -3.9803e+00
579 0 +8.592460893e-03 -2.799414075e+02 -2.799414075e+02 -3.6741e+00 -3.9800e+00
598 0 +6.010132381e-03 -2.799439899e+02 -2.799439899e+02 -3.6656e+00 -3.9770e+00
604 0 +5.243045816e-03 -2.799447570e+02 -2.799447570e+02 -3.6406e+00 -3.9682e+00
609 0 +2.447015878e-03 -2.799475530e+02 -2.799475530e+02 -3.6400e+00 -3.9679e+00
628 0 +1.549129545e-03 -2.799484509e+02 -2.799484509e+02 -3.6366e+00 -3.9667e+00
630 0 +1.331878525e-03 -2.799486681e+02 -2.799486681e+02 -3.6198e+00 -3.9608e+00
631 0 +6.191241106e-04 -2.799493809e+02 -2.799493809e+02 -3.6282e+00 -3.9638e+00
633 0 +1.573433378e-04 -2.799498427e+02 -2.799498427e+02 -3.6229e+00 -3.9619e+00
673 0 +1.463248627e-04 -2.799498537e+02 -2.799498537e+02 -3.6185e+00 -3.9603e+00
676 0 +1.215719627e-04 -2.799498784e+02 -2.799498784e+02 -3.6187e+00 -3.9604e+00
697 0 +1.702733249e-05 -2.799499830e+02 -2.799499830e+02 -3.6196e+00 -3.9607e+00
794 0 +1.520886264e-05 -2.799499848e+02 -2.799499848e+02 -3.6196e+00 -3.9607e+00
804 0 +1.427494959e-05 -2.799499857e+02 -2.799499857e+02 -3.6192e+00 -3.9606e+00
816 0 +8.406036500e-06 -2.799499916e+02 -2.799499916e+02 -3.6177e+00 -3.9600e+00
823 0 +5.166993162e-06 -2.799499948e+02 -2.799499948e+02 -3.6174e+00 -3.9599e+00
836 0 +4.851184315e-06 -2.799499951e+02 -2.799499951e+02 -3.6169e+00 -3.9598e+00
841 0 +3.194093381e-06 -2.799499968e+02 -2.799499968e+02 -3.6180e+00 -3.9601e+00
873 0 +2.303954545e-06 -2.799499977e+02 -2.799499977e+02 -3.6185e+00 -3.9603e+00
898 0 +5.606264040e-07 -2.799499994e+02 -2.799499994e+02 -3.6180e+00 -3.9601e+00
905 0 +4.626950272e-07 -2.799499995e+02 -2.799499995e+02 -3.6179e+00 -3.9601e+00
934 0 +3.882962574e-07 -2.799499996e+02 -2.799499996e+02 -3.6175e+00 -3.9600e+00
937 0 +8.468754231e-08 -2.799499999e+02 -2.799499999e+02 -3.6176e+00 -3.9600e+00
949 0 +7.042979178e-08 -2.799499999e+02 -2.799499999e+02 -3.6176e+00 -3.9600e+00
950 0 +3.940147053e-08 -2.799500000e+02 -2.799500000e+02 -3.6176e+00 -3.9600e+00
961 0 +2.547790245e-08 -2.799500000e+02 -2.799500000e+02 -3.6176e+00 -3.9600e+00
1024 0 +2.508153329e-08 -2.799500000e+02 -2.799500000e+02 -3.6177e+00 -3.9600e+00
1026 0 +1.522192861e-08 -2.799500000e+02 -2.799500000e+02 -3.6176e+00 -3.9600e+00
1027 0 +1.291493845e-08 -2.799500000e+02 -2.799500000e+02 -3.6177e+00 -3.9600e+00
1033 0 +9.007578683e-09 -2.799500000e+02 -2.799500000e+02 -3.6176e+00 -3.9600e+00
1535 0 +0.000000000e+00 -2.799500000e+02 -2.799500000e+02 -3.6176e+00 -3.9600e+00
% f evaluations | g evaluations | best noise-free fitness - Fopt (9.319900000000e+02) + sum g_i+ | measured fitness | best measured fitness or single-digit g-values | x1 | x2...
1 0 +2.054759652e+02 +1.137465965e+03 +1.137465965e+03 +0.0000e+00 +0.0000e+00
2 0 +1.680391219e+02 +1.100029122e+03 +1.100029122e+03 +4.3379e-01 +3.0692e-02
3 0 +1.518492528e+02 +1.083839253e+03 +1.083839253e+03 +9.8026e-02 +3.4094e-01
8 0 +1.309117565e+02 +1.062901756e+03 +1.062901756e+03 +3.9854e-01 +3.2976e-01
12 0 +1.174187166e+02 +1.049408717e+03 +1.049408717e+03 +2.8148e-01 +4.9555e-01
15 0 +1.114920240e+02 +1.043482024e+03 +1.043482024e+03 +2.2684e-01 +5.7032e-01
18 0 +9.119146409e+01 +1.023181464e+03 +1.023181464e+03 +7.3717e-01 +4.5395e-01
22 0 +2.800280595e+00 +9.347902806e+02 +9.347902806e+02 +6.8497e-01 +1.1613e+00
44 0 +1.685537006e+00 +9.336755370e+02 +9.336755370e+02 +1.4601e+00 +8.1901e-01
74 0 +5.220266195e-01 +9.325120266e+02 +9.325120266e+02 +1.5497e+00 +7.9171e-01
103 0 +1.049211931e-01 +9.320949212e+02 +9.320949212e+02 +1.2379e+00 +9.2613e-01
200 0 +7.231071798e-02 +9.320623107e+02 +9.320623107e+02 +1.2323e+00 +9.2815e-01
216 0 +5.723314570e-02 +9.320472331e+02 +9.320472331e+02 +1.2485e+00 +9.2124e-01
525 0 +4.897765813e-02 +9.320389777e+02 +9.320389777e+02 +1.2601e+00 +9.1648e-01
526 0 +4.251198977e-02 +9.320325120e+02 +9.320325120e+02 +1.2716e+00 +9.1163e-01
530 0 +3.756051102e-02 +9.320275605e+02 +9.320275605e+02 +1.2855e+00 +9.0578e-01
538 0 +3.598803913e-02 +9.320259880e+02 +9.320259880e+02 +1.3255e+00 +8.8894e-01
560 0 +3.474852476e-02 +9.320247485e+02 +9.320247485e+02 +1.2916e+00 +9.0320e-01
578 0 +3.452410216e-02 +9.320245241e+02 +9.320245241e+02 +1.3146e+00 +8.9352e-01
585 0 +3.326066925e-02 +9.320232607e+02 +9.320232607e+02 +1.3047e+00 +8.9768e-01
596 0 +3.257476305e-02 +9.320225748e+02 +9.320225748e+02 +1.3070e+00 +8.9673e-01
613 0 +3.213217181e-02 +9.320221322e+02 +9.320221322e+02 +1.3123e+00 +8.9449e-01
614 0 +3.060990194e-02 +9.320206099e+02 +9.320206099e+02 +1.3003e+00 +8.9953e-01
632 0 +2.990416153e-02 +9.320199042e+02 +9.320199042e+02 +1.3059e+00 +8.9717e-01
635 0 +2.943915942e-02 +9.320194392e+02 +9.320194392e+02 +1.3090e+00 +8.9583e-01
643 0 +2.872560415e-02 +9.320187256e+02 +9.320187256e+02 +1.3071e+00 +8.9666e-01
647 0 +2.722167556e-02 +9.320172217e+02 +9.320172217e+02 +1.2968e+00 +9.0096e-01
650 0 +2.496473289e-02 +9.320149647e+02 +9.320149647e+02 +1.3095e+00 +8.9561e-01
657 0 +2.249174581e-02 +9.320124917e+02 +9.320124917e+02 +1.2932e+00 +9.0241e-01
663 0 +1.940079906e-02 +9.320094008e+02 +9.320094008e+02 +1.2948e+00 +9.0173e-01
665 0 +1.868858223e-02 +9.320086886e+02 +9.320086886e+02 +1.3008e+00 +8.9921e-01
671 0 +1.719078497e-02 +9.320071908e+02 +9.320071908e+02 +1.3256e+00 +8.8877e-01
674 0 +1.460856155e-02 +9.320046086e+02 +9.320046086e+02 +1.3017e+00 +8.9880e-01
678 0 +8.942955935e-03 +9.319989430e+02 +9.319989430e+02 +1.3158e+00 +8.9282e-01
681 0 +4.425099183e-03 +9.319944251e+02 +9.319944251e+02 +1.3215e+00 +8.9037e-01
689 0 +4.290793048e-03 +9.319942908e+02 +9.319942908e+02 +1.3429e+00 +8.8124e-01
693 0 +3.213226147e-03 +9.319932132e+02 +9.319932132e+02 +1.3210e+00 +8.9057e-01
716 0 +1.600083560e-03 +9.319916001e+02 +9.319916001e+02 +1.3322e+00 +8.8582e-01
730 0 +1.559846539e-03 +9.319915598e+02 +9.319915598e+02 +1.3328e+00 +8.8556e-01
746 0 +2.075810403e-04 +9.319902076e+02 +9.319902076e+02 +1.3358e+00 +8.8430e-01
798 0 +4.191354026e-05 +9.319900419e+02 +9.319900419e+02 +1.3361e+00 +8.8418e-01
808 0 +4.045005062e-05 +9.319900405e+02 +9.319900405e+02 +1.3367e+00 +8.8390e-01
861 0 +3.087057200e-05 +9.319900309e+02 +9.319900309e+02 +1.3372e+00 +8.8370e-01
870 0 +2.820069574e-05 +9.319900282e+02 +9.319900282e+02 +1.3371e+00 +8.8375e-01
873 0 +1.625390416e-05 +9.319900163e+02 +9.319900163e+02 +1.3372e+00 +8.8370e-01
874 0 +1.560850455e-05 +9.319900156e+02 +9.319900156e+02 +1.3373e+00 +8.8368e-01
877 0 +8.260890468e-06 +9.319900083e+02 +9.319900083e+02 +1.3372e+00 +8.8369e-01
909 0 +6.897382491e-06 +9.319900069e+02 +9.319900069e+02 +1.3375e+00 +8.8360e-01
925 0 +5.839919027e-06 +9.319900058e+02 +9.319900058e+02 +1.3374e+00 +8.8360e-01
941 0 +4.899329156e-06 +9.319900049e+02 +9.319900049e+02 +1.3375e+00 +8.8357e-01
1046 0 +4.853964697e-06 +9.319900049e+02 +9.319900049e+02 +1.3375e+00 +8.8357e-01
1283 0 +4.749790833e-06 +9.319900047e+02 +9.319900047e+02 +1.3375e+00 +8.8357e-01
1286 0 +4.583290774e-06 +9.319900046e+02 +9.319900046e+02 +1.3376e+00 +8.8356e-01
1292 0 +4.404708193e-06 +9.319900044e+02 +9.319900044e+02 +1.3376e+00 +8.8354e-01
1294 0 +4.264767995e-06 +9.319900043e+02 +9.319900043e+02 +1.3376e+00 +8.8353e-01
1300 0 +3.265832333e-06 +9.319900033e+02 +9.319900033e+02 +1.3378e+00 +8.8344e-01
1302 0 +3.076224857e-06 +9.319900031e+02 +9.319900031e+02 +1.3379e+00 +8.8340e-01
1332 0 +2.973252208e-06 +9.319900030e+02 +9.319900030e+02 +1.3381e+00 +8.8331e-01
1393 0 +2.931445238e-06 +9.319900029e+02 +9.319900029e+02 +1.3381e+00 +8.8334e-01
1396 0 +2.875607834e-06 +9.319900029e+02 +9.319900029e+02 +1.3381e+00 +8.8333e-01
1492 0 +2.811415015e-06 +9.319900028e+02 +9.319900028e+02 +1.3380e+00 +8.8337e-01
1508 0 +2.707467615e-06 +9.319900027e+02 +9.319900027e+02 +1.3381e+00 +8.8331e-01
1515 0 +2.597965022e-06 +9.319900026e+02 +9.319900026e+02 +1.3381e+00 +8.8333e-01
1519 0 +2.554931598e-06 +9.319900026e+02 +9.319900026e+02 +1.3380e+00 +8.8337e-01
1520 0 +2.116168844e-06 +9.319900021e+02 +9.319900021e+02 +1.3381e+00 +8.8334e-01
1536 0 +1.756757683e-06 +9.319900018e+02 +9.319900018e+02 +1.3379e+00 +8.8339e-01
1543 0 +1.535532533e-06 +9.319900015e+02 +9.319900015e+02 +1.3381e+00 +8.8334e-01
1548 0 +5.474483942e-07 +9.319900005e+02 +9.319900005e+02 +1.3382e+00 +8.8330e-01
1555 0 +5.063623121e-07 +9.319900005e+02 +9.319900005e+02 +1.3381e+00 +8.8331e-01
1571 0 +4.832878631e-07 +9.319900005e+02 +9.319900005e+02 +1.3382e+00 +8.8330e-01
1574 0 +5.676827186e-08 +9.319900001e+02 +9.319900001e+02 +1.3383e+00 +8.8323e-01
1639 0 +4.140554211e-08 +9.319900000e+02 +9.319900000e+02 +1.3384e+00 +8.8322e-01
1651 0 +1.889725354e-08 +9.319900000e+02 +9.319900000e+02 +1.3384e+00 +8.8321e-01
1657 0 +1.672117378e-08 +9.319900000e+02 +9.319900000e+02 +1.3384e+00 +8.8321e-01
1663 0 +9.798895917e-09 +9.319900000e+02 +9.319900000e+02 +1.3384e+00 +8.8321e-01
2193 0 +0.000000000e+00 +9.319900000e+02 +9.319900000e+02 +1.3384e+00 +8.8320e-01
% f evaluations | g evaluations | best noise-free fitness - Fopt (1.133100000000e+02) + sum g_i+ | measured fitness | best measured fitness or single-digit g-values | x1 | x2...
1 0 +6.153732223e+02 +7.286832223e+02 +7.286832223e+02 +0.0000e+00 +0.0000e+00
3 0 +5.385582628e+02 +6.518682628e+02 +6.518682628e+02 +9.8026e-02 +3.4094e-01
9 0 +5.337687112e+02 +6.470787112e+02 +6.470787112e+02 -2.3771e-02 +3.2136e-01
12 0 +5.148109298e+02 +6.281209298e+02 +6.281209298e+02 +2.8148e-01 +4.9555e-01
15 0 +4.770843070e+02 +5.903943070e+02 +5.903943070e+02 +1.7727e-02 +5.6378e-01
16 0 +4.489944644e+02 +5.623044644e+02 +5.623044644e+02 -2.6119e-01 +5.9029e-01
20 0 +4.327667524e+02 +5.460767524e+02 +5.460767524e+02 -2.0657e-01 +6.7330e-01
22 0 +3.001266894e+02 +4.134366894e+02 +4.134366894e+02 -8.6224e-02 +1.2514e+00
32 0 +2.605595208e+02 +3.738695208e+02 +3.738695208e+02 -3.4086e-02 +1.4292e+00
38 0 +2.037318622e+02 +3.170418622e+02 +3.170418622e+02 +6.1176e-01 +1.8597e+00
41 0 +1.989693031e+02 +3.122793031e+02 +3.122793031e+02 -4.2928e-01 +1.5638e+00
46 0 +1.425959476e+02 +2.559059476e+02 +2.559059476e+02 -1.6822e-01 +1.8737e+00
47 0 +1.408744750e+01 +1.273974475e+02 +1.273974475e+02 +1.5048e-01 +2.4984e+00
121 0 +1.045091649e+01 +1.237609165e+02 +1.237609165e+02 -1.9298e-01 +2.4135e+00
157 0 +9.553510144e+00 +1.228635101e+02 +1.228635101e+02 -1.7765e-01 +2.4216e+00
175 0 +9.047178867e+00 +1.223571789e+02 +1.223571789e+02 -2.0950e-01 +2.4145e+00
187 0 +8.846998180e+00 +1.221569982e+02 +1.221569982e+02 -1.8714e-01 +2.4224e+00
536 0 +8.696833510e+00 +1.220068335e+02 +1.220068335e+02 -1.7210e-01 +2.4268e+00
563 0 +8.462808798e+00 +1.217728088e+02 +1.217728088e+02 -1.3305e-01 +2.4390e+00
572 0 +8.241343629e+00 +1.215513436e+02 +1.215513436e+02 -9.7139e-02 +2.4504e+00
584 0 +7.850669962e+00 +1.211606700e+02 +1.211606700e+02 -2.8916e-02 +2.4718e+00
590 0 +7.701766415e+00 +1.210117664e+02 +1.210117664e+02 -1.0338e-03 +2.4805e+00
599 0 +6.988460750e+00 +1.202984607e+02 +1.202984607e+02 +1.3606e-01 +2.5236e+00
603 0 +5.663729181e+00 +1.189737292e+02 +1.189737292e+02 +4.2740e-01 +2.6151e+00
617 0 +5.171022734e+00 +1.184810227e+02 +1.184810227e+02 +5.5943e-01 +2.6565e+00
620 0 +4.278244409e+00 +1.175882444e+02 +1.175882444e+02 +8.3116e-01 +2.7419e+00
621 0 +3.603158730e+00 +1.169131587e+02 +1.169131587e+02 +1.1445e+00 +2.8402e+00
628 0 +3.314500957e+00 +1.166245010e+02 +1.166245010e+02 +1.3742e+00 +2.9123e+00
629 0 +3.154363421e+00 +1.164643634e+02 +1.164643634e+02 +1.6850e+00 +3.0100e+00
929 0 +3.072897769e+00 +1.163828978e+02 +1.163828978e+02 +1.5160e+00 +2.9574e+00
953 0 +3.009122829e+00 +1.163191228e+02 +1.163191228e+02 +1.7896e+00 +3.0435e+00
964 0 +2.880236087e+00 +1.161902361e+02 +1.161902361e+02 +1.5332e+00 +2.9635e+00
975 0 +2.740376734e+00 +1.160503767e+02 +1.160503767e+02 +1.8035e+00 +3.0490e+00
986 0 +2.516851980e+00 +1.158268520e+02 +1.158268520e+02 +1.8352e+00 +3.0599e+00
1008 0 +2.199129407e+00 +1.155091294e+02 +1.155091294e+02 +1.6716e+00 +3.0097e+00
1020 0 +2.115619532e+00 +1.154256195e+02 +1.154256195e+02 +1.4158e+00 +2.9301e+00
1022 0 +1.845097725e+00 +1.151550977e+02 +1.151550977e+02 +1.3961e+00 +2.9251e+00
1029 0 +1.371866149e+00 +1.146818661e+02 +1.146818661e+02 +1.5667e+00 +2.9801e+00
1044 0 +1.345968215e+00 +1.146559682e+02 +1.146559682e+02 +1.4837e+00 +2.9543e+00
1048 0 +1.000124194e+00 +1.143101242e+02 +1.143101242e+02 +1.4746e+00 +2.9529e+00
1054 0 +6.588482763e-01 +1.139688483e+02 +1.139688483e+02 +1.6623e+00 +3.0130e+00
1058 0 +6.047970474e-01 +1.139147970e+02 +1.139147970e+02 +1.6142e+00 +2.9994e+00
1060 0 +4.015439692e-01 +1.137115440e+02 +1.137115440e+02 +1.7163e+00 +3.0310e+00
1073 0 +3.841162987e-01 +1.136941163e+02 +1.136941163e+02 +1.6738e+00 +3.0180e+00
1076 0 +3.694733888e-01 +1.136794734e+02 +1.136794734e+02 +1.7271e+00 +3.0345e+00
1083 0 +3.010070082e-01 +1.136110070e+02 +1.136110070e+02 +1.7068e+00 +3.0285e+00
1100 0 +1.665955166e-01 +1.134765955e+02 +1.134765955e+02 +1.8380e+00 +3.0704e+00
1110 0 +9.917827193e-02 +1.134091783e+02 +1.134091783e+02 +1.9237e+00 +3.0980e+00
1117 0 +1.714156667e-02 +1.133271416e+02 +1.133271416e+02 +2.0339e+00 +3.1332e+00
1154 0 +1.431981961e-02 +1.133243198e+02 +1.133243198e+02 +2.1417e+00 +3.1677e+00
1164 0 +1.221476131e-02 +1.133222148e+02 +1.133222148e+02 +2.1088e+00 +3.1571e+00
1183 0 +1.089472437e-02 +1.133208947e+02 +1.133208947e+02 +2.0612e+00 +3.1419e+00
1184 0 +7.334489024e-03 +1.133173345e+02 +1.133173345e+02 +2.0764e+00 +3.1468e+00
1194 0 +6.103938127e-03 +1.133161039e+02 +1.133161039e+02 +2.0756e+00 +3.1465e+00
1207 0 +2.248713091e-03 +1.133122487e+02 +1.133122487e+02 +2.1026e+00 +3.1552e+00
1229 0 +1.692132360e-03 +1.133116921e+02 +1.133116921e+02 +2.1506e+00 +3.1705e+00
1231 0 +1.640311711e-03 +1.133116403e+02 +1.133116403e+02 +2.1291e+00 +3.1637e+00
1235 0 +1.886781816e-04 +1.133101887e+02 +1.133101887e+02 +2.1374e+00 +3.1663e+00
1261 0 +1.565770842e-04 +1.133101566e+02 +1.133101566e+02 +2.1366e+00 +3.1660e+00
1282 0 +1.226452138e-04 +1.133101226e+02 +1.133101226e+02 +2.1291e+00 +3.1637e+00
1305 0 +1.041405449e-04 +1.133101041e+02 +1.133101041e+02 +2.1348e+00 +3.1655e+00
1327 0 +4.673486664e-05 +1.133100467e+02 +1.133100467e+02 +2.1393e+00 +3.1669e+00
1334 0 +4.224305310e-05 +1.133100422e+02 +1.133100422e+02 +2.1338e+00 +3.1652e+00
1348 0 +1.264897928e-05 +1.133100126e+02 +1.133100126e+02 +2.1330e+00 +3.1649e+00
1351 0 +9.881042487e-06 +1.133100099e+02 +1.133100099e+02 +2.1341e+00 +3.1652e+00
1420 0 +9.670218816e-06 +1.133100097e+02 +1.133100097e+02 +2.1339e+00 +3.1652e+00
1424 0 +6.935480243e-06 +1.133100069e+02 +1.133100069e+02 +2.1336e+00 +3.1651e+00
1449 0 +6.893084418e-06 +1.133100069e+02 +1.133100069e+02 +2.1334e+00 +3.1650e+00
1451 0 +4.152967648e-06 +1.133100042e+02 +1.133100042e+02 +2.1339e+00 +3.1652e+00
1470 0 +3.711816291e-06 +1.133100037e+02 +1.133100037e+02 +2.1346e+00 +3.1654e+00
1471 0 +1.995164482e-06 +1.133100020e+02 +1.133100020e+02 +2.1344e+00 +3.1654e+00
1477 0 +1.389178820e-06 +1.133100014e+02 +1.133100014e+02 +2.1343e+00 +3.1653e+00
1504 0 +4.976635495e-07 +1.133100005e+02 +1.133100005e+02 +2.1351e+00 +3.1656e+00
1667 0 +4.489541965e-07 +1.133100004e+02 +1.133100004e+02 +2.1347e+00 +3.1654e+00
1671 0 +4.081950067e-07 +1.133100004e+02 +1.133100004e+02 +2.1347e+00 +3.1654e+00
1672 0 +3.209847961e-07 +1.133100003e+02 +1.133100003e+02 +2.1349e+00 +3.1655e+00
1681 0 +3.039224055e-07 +1.133100003e+02 +1.133100003e+02 +2.1349e+00 +3.1655e+00
1685 0 +2.216377339e-07 +1.133100002e+02 +1.133100002e+02 +2.1350e+00 +3.1655e+00
1692 0 +1.046270057e-07 +1.133100001e+02 +1.133100001e+02 +2.1351e+00 +3.1656e+00
1702 0 +5.735235220e-08 +1.133100001e+02 +1.133100001e+02 +2.1351e+00 +3.1656e+00
1705 0 +4.635407436e-08 +1.133100000e+02 +1.133100000e+02 +2.1352e+00 +3.1656e+00
1710 0 +1.092062973e-08 +1.133100000e+02 +1.133100000e+02 +2.1351e+00 +3.1656e+00
1741 0 +7.345960285e-09 +1.133100000e+02 +1.133100000e+02 +2.1351e+00 +3.1656e+00
2267 0 +0.000000000e+00 +1.133100000e+02 +1.133100000e+02 +2.1352e+00 +3.1656e+00
% f evaluations | g evaluations | best noise-free fitness - Fopt (2.849000000000e+01) + sum g_i+ | measured fitness | best measured fitness or single-digit g-values | x1 | x2...
1 0 +3.356594126e+02 +3.641494126e+02 +3.641494126e+02 +0.0000e+00 +0.0000e+00
5 0 +2.759471145e+02 +3.044371145e+02 +3.044371145e+02 -1.1375e-01 -3.0566e-01
9 0 +2.711155056e+02 +2.996055056e+02 +2.996055056e+02 -1.8089e-01 -1.6063e-01
11 0 +2.685149879e+02 +2.970049879e+02 +2.970049879e+02 -1.8993e-01 -1.6206e-01
15 0 +2.533844756e+02 +2.818744756e+02 +2.818744756e+02 -2.8887e-01 -3.4668e-02
16 0 +1.876959199e+02 +2.161859199e+02 +2.161859199e+02 -5.4091e-01 -1.1226e-03
20 0 +1.822694795e+02 +2.107594795e+02 +2.107594795e+02 -5.3914e-01 -6.4786e-02
21 0 +1.810888100e+02 +2.095788100e+02 +2.095788100e+02 -4.7658e-01 -2.6224e-01
32 0 +1.593987488e+02 +1.878887488e+02 +1.878887488e+02 -5.8426e-01 -1.7935e-01
33 0 +1.367876784e+02 +1.652776784e+02 +1.652776784e+02 -6.1236e-01 -3.4273e-01
41 0 +6.792209792e+01 +9.641209792e+01 +9.641209792e+01 -9.0925e-01 -2.1334e-01
52 0 +5.174948279e+01 +8.023948279e+01 +8.023948279e+01 -9.2374e-01 -3.4842e-01
53 0 +3.659078425e+01 +6.508078425e+01 +6.508078425e+01 -9.7194e-01 -3.7164e-01
55 0 +8.037062256e+00 +3.652706226e+01 +3.652706226e+01 -1.0820e+00 -4.7937e-01
87 0 +3.323537385e+00 +3.181353739e+01 +3.181353739e+01 -1.0759e+00 -4.4026e-01
105 0 +2.604587800e+00 +3.109458780e+01 +3.109458780e+01 -1.0359e+00 -5.5769e-01
173 0 +2.556594005e+00 +3.104659400e+01 +3.104659400e+01 -1.0487e+00 -5.2090e-01
191 0 +2.458091270e+00 +3.094809127e+01 +3.094809127e+01 -1.0451e+00 -5.3170e-01
608 0 +2.415897435e+00 +3.090589743e+01 +3.090589743e+01 -1.0390e+00 -5.5115e-01
615 0 +2.357387664e+00 +3.084738766e+01 +3.084738766e+01 -1.0330e+00 -5.7043e-01
635 0 +2.310198344e+00 +3.080019834e+01 +3.080019834e+01 -1.0280e+00 -5.8637e-01
641 0 +2.232434305e+00 +3.072243430e+01 +3.072243430e+01 -1.0196e+00 -6.1323e-01
644 0 +2.123699864e+00 +3.061369986e+01 +3.061369986e+01 -1.0076e+00 -6.5149e-01
650 0 +1.967683762e+00 +3.045768376e+01 +3.045768376e+01 -9.8911e-01 -7.1033e-01
651 0 +1.808491436e+00 +3.029849144e+01 +3.029849144e+01 -9.6957e-01 -7.7259e-01
658 0 +1.675984427e+00 +3.016598443e+01 +3.016598443e+01 -9.5147e-01 -8.3033e-01
659 0 +1.599167282e+00 +3.008916728e+01 +3.008916728e+01 -9.4109e-01 -8.6340e-01
665 0 +1.407549880e+00 +2.989754988e+01 +2.989754988e+01 -9.1096e-01 -9.5950e-01
666 0 +1.071303987e+00 +2.956130399e+01 +2.956130399e+01 -8.4628e-01 -1.1657e+00
670 0 +1.012044873e+00 +2.950204487e+01 +2.950204487e+01 -8.3120e-01 -1.2138e+00
671 0 +8.646141579e-01 +2.935461416e+01 +2.935461416e+01 -6.1434e-01 -1.9052e+00
673 0 +7.655689276e-01 +2.925556893e+01 +2.925556893e+01 -6.9802e-01 -1.6384e+00
891 0 +7.575965013e-01 +2.924759650e+01 +2.924759650e+01 -6.9569e-01 -1.6457e+00
904 0 +7.308210026e-01 +2.922082100e+01 +2.922082100e+01 -6.9582e-01 -1.6450e+00
913 0 +7.210994789e-01 +2.921109948e+01 +2.921109948e+01 -6.9296e-01 -1.6540e+00
914 0 +6.570822090e-01 +2.914708221e+01 +2.914708221e+01 -7.0235e-01 -1.6233e+00
919 0 +6.077927937e-01 +2.909779279e+01 +2.909779279e+01 -6.7893e-01 -1.6973e+00
923 0 +3.964742797e-01 +2.888647428e+01 +2.888647428e+01 -6.8830e-01 -1.6650e+00
926 0 +2.267712113e-01 +2.871677121e+01 +2.871677121e+01 -7.1204e-01 -1.5872e+00
930 0 +1.607131106e-01 +2.865071311e+01 +2.865071311e+01 -6.6497e-01 -1.7331e+00
931 0 +6.097215541e-02 +2.855097216e+01 +2.855097216e+01 -6.8850e-01 -1.6602e+00
946 0 +1.800383575e-02 +2.850800384e+01 +2.850800384e+01 -6.4258e-01 -1.8058e+00
961 0 +1.039636628e-02 +2.850039637e+01 +2.850039637e+01 -6.1762e-01 -1.8845e+00
1090 0 +8.321883116e-03 +2.849832188e+01 +2.849832188e+01 -6.0530e-01 -1.9236e+00
1105 0 +3.229664628e-03 +2.849322966e+01 +2.849322966e+01 -6.1123e-01 -1.9048e+00
1135 0 +4.887788374e-04 +2.849048878e+01 +2.849048878e+01 -6.2474e-01 -1.8620e+00
1165 0 +4.102663343e-04 +2.849041027e+01 +2.849041027e+01 -6.2314e-01 -1.8671e+00
1173 0 +2.382985870e-04 +2.849023830e+01 +2.849023830e+01 -6.2541e-01 -1.8599e+00
1287 0 +2.145772119e-04 +2.849021458e+01 +2.849021458e+01 -6.2266e-01 -1.8686e+00
1303 0 +2.133137542e-04 +2.849021331e+01 +2.849021331e+01 -6.2252e-01 -1.8691e+00
1305 0 +2.059091605e-04 +2.849020591e+01 +2.849020591e+01 -6.2276e-01 -1.8683e+00
1330 0 +1.918911215e-04 +2.849019189e+01 +2.849019189e+01 -6.2284e-01 -1.8681e+00
1335 0 +1.815564908e-04 +2.849018156e+01 +2.849018156e+01 -6.2283e-01 -1.8681e+00
1338 0 +1.604062141e-04 +2.849016041e+01 +2.849016041e+01 -6.2303e-01 -1.8675e+00
1341 0 +1.551891075e-04 +2.849015519e+01 +2.849015519e+01 -6.2345e-01 -1.8661e+00
1345 0 +1.277606032e-04 +2.849012776e+01 +2.849012776e+01 -6.2340e-01 -1.8663e+00
1346 0 +1.151133526e-04 +2.849011511e+01 +2.849011511e+01 -6.2428e-01 -1.8635e+00
1353 0 +7.725630211e-05 +2.849007726e+01 +2.849007726e+01 -6.2546e-01 -1.8598e+00
1360 0 +6.643694908e-05 +2.849006644e+01 +2.849006644e+01 -6.2712e-01 -1.8545e+00
1362 0 +1.922551408e-05 +2.849001923e+01 +2.849001923e+01 -6.2750e-01 -1.8533e+00
1365 0 +5.691630307e-06 +2.849000569e+01 +2.849000569e+01 -6.2608e-01 -1.8578e+00
1375 0 +4.506534189e-06 +2.849000451e+01 +2.849000451e+01 -6.2693e-01 -1.8551e+00
1429 0 +2.900510907e-06 +2.849000290e+01 +2.849000290e+01 -6.2595e-01 -1.8582e+00
1441 0 +9.838433961e-07 +2.849000098e+01 +2.849000098e+01 -6.2623e-01 -1.8573e+00
1462 0 +8.373245670e-07 +2.849000084e+01 +2.849000084e+01 -6.2646e-01 -1.8566e+00
1495 0 +2.766183123e-07 +2.849000028e+01 +2.849000028e+01 -6.2635e-01 -1.8570e+00
1531 0 +1.095166766e-07 +2.849000011e+01 +2.849000011e+01 -6.2635e-01 -1.8569e+00
1537 0 +1.595131849e-08 +2.849000002e+01 +2.849000002e+01 -6.2638e-01 -1.8569e+00
1645 0 +6.221291926e-09 +2.849000001e+01 +2.849000001e+01 -6.2639e-01 -1.8568e+00
% f evaluations | g evaluations | best noise-free fitness - Fopt (-7.405800000000e+02) + sum g_i+ | measured fitness | best measured fitness or single-digit g-values | x1 | x2...
1 0 +3.202022222e+02 -4.203777778e+02 -4.203777778e+02 +0.0000e+00 +0.0000e+00
5 0 +2.279009821e+02 -5.126790179e+02 -5.126790179e+02 -1.1375e-01 -3.0566e-01
16 0 +2.211781943e+02 -5.194018057e+02 -5.194018057e+02 -5.4091e-01 -1.1226e-03
17 0 +1.949329505e+02 -5.456470495e+02 -5.456470495e+02 -3.6284e-01 -2.5216e-01
21 0 +1.719222270e+02 -5.686577730e+02 -5.686577730e+02 -4.7658e-01 -2.6224e-01
33 0 +1.285762295e+02 -6.120037705e+02 -6.120037705e+02 -6.1236e-01 -3.4273e-01
35 0 +1.003351246e+02 -6.402448754e+02 -6.402448754e+02 -3.0934e-01 -6.9917e-01
39 0 +2.193056876e+01 -7.186494312e+02 -7.186494312e+02 -2.6309e-01 -1.0711e+00
46 0 +1.913408240e+01 -7.214459176e+02 -7.214459176e+02 -7.5175e-01 -7.0455e-01
49 0 +6.758984493e+00 -7.338210155e+02 -7.338210155e+02 -7.2788e-01 -8.1750e-01
53 0 +1.826518750e+00 -7.387534812e+02 -7.387534812e+02 -9.1332e-01 -6.5453e-01
329 0 +1.764406635e+00 -7.388155934e+02 -7.388155934e+02 -8.4365e-01 -7.1035e-01
333 0 +1.505199337e+00 -7.390748007e+02 -7.390748007e+02 -9.6348e-01 -6.1740e-01
337 0 +1.278398877e+00 -7.393016011e+02 -7.393016011e+02 -9.3463e-01 -6.4084e-01
339 0 +9.645160120e-01 -7.396154840e+02 -7.396154840e+02 -1.2964e+00 -3.7018e-01
340 0 +7.633749134e-01 -7.398166251e+02 -7.398166251e+02 -1.2759e+00 -3.8165e-01
342 0 +7.252985878e-01 -7.398547014e+02 -7.398547014e+02 -1.4511e+00 -2.4849e-01
345 0 +2.834192055e-01 -7.402965808e+02 -7.402965808e+02 -1.4475e+00 -2.5405e-01
356 0 +1.609208176e-01 -7.404190792e+02 -7.404190792e+02 -1.9974e+00 +1.6160e-01
373 0 +1.536084702e-01 -7.404263915e+02 -7.404263915e+02 -1.6329e+00 -1.1420e-01
379 0 +1.823105797e-02 -7.405617689e+02 -7.405617689e+02 -1.6592e+00 -9.3816e-02
381 0 +1.368887373e-02 -7.405663111e+02 -7.405663111e+02 -1.8180e+00 +2.5979e-02
389 0 +4.699064849e-03 -7.405753009e+02 -7.405753009e+02 -1.7254e+00 -4.3874e-02
453 0 +4.576862704e-04 -7.405795423e+02 -7.405795423e+02 -1.7569e+00 -2.0105e-02
458 0 +3.237864496e-04 -7.405796762e+02 -7.405796762e+02 -1.7565e+00 -2.0432e-02
492 0 +2.152400631e-04 -7.405797848e+02 -7.405797848e+02 -1.7506e+00 -2.4875e-02
525 0 +1.117710955e-04 -7.405798882e+02 -7.405798882e+02 -1.7543e+00 -2.2039e-02
529 0 +1.077656647e-04 -7.405798922e+02 -7.405798922e+02 -1.7581e+00 -1.9207e-02
573 0 +5.151103790e-05 -7.405799485e+02 -7.405799485e+02 -1.7575e+00 -1.9677e-02
582 0 +4.810831706e-05 -7.405799519e+02 -7.405799519e+02 -1.7568e+00 -2.0159e-02
588 0 +3.098218360e-05 -7.405799690e+02 -7.405799690e+02 -1.7565e+00 -2.0428e-02
600 0 +1.593893296e-05 -7.405799841e+02 -7.405799841e+02 -1.7542e+00 -2.2165e-02
602 0 +1.062792478e-05 -7.405799894e+02 -7.405799894e+02 -1.7537e+00 -2.2535e-02
605 0 +2.663375653e-06 -7.405799973e+02 -7.405799973e+02 -1.7518e+00 -2.3918e-02
654 0 +2.466181741e-06 -7.405799975e+02 -7.405799975e+02 -1.7533e+00 -2.2791e-02
685 0 +2.011935862e-06 -7.405799980e+02 -7.405799980e+02 -1.7530e+00 -2.3071e-02
703 0 +1.163280444e-06 -7.405799988e+02 -7.405799988e+02 -1.7534e+00 -2.2764e-02
727 0 +1.069372956e-06 -7.405799989e+02 -7.405799989e+02 -1.7535e+00 -2.2662e-02
746 0 +8.178345752e-07 -7.405799992e+02 -7.405799992e+02 -1.7534e+00 -2.2752e-02
773 0 +7.443743471e-07 -7.405799993e+02 -7.405799993e+02 -1.7534e+00 -2.2777e-02
791 0 +7.058198435e-07 -7.405799993e+02 -7.405799993e+02 -1.7534e+00 -2.2749e-02
804 0 +6.902439509e-07 -7.405799993e+02 -7.405799993e+02 -1.7534e+00 -2.2757e-02
836 0 +6.526778407e-07 -7.405799993e+02 -7.405799993e+02 -1.7534e+00 -2.2766e-02
841 0 +6.307082003e-07 -7.405799994e+02 -7.405799994e+02 -1.7534e+00 -2.2762e-02
844 0 +6.137794344e-07 -7.405799994e+02 -7.405799994e+02 -1.7534e+00 -2.2770e-02
923 0 +5.522850870e-07 -7.405799994e+02 -7.405799994e+02 -1.7533e+00 -2.2792e-02
926 0 +5.476442766e-07 -7.405799995e+02 -7.405799995e+02 -1.7533e+00 -2.2797e-02
930 0 +4.741651765e-07 -7.405799995e+02 -7.405799995e+02 -1.7533e+00 -2.2825e-02
934 0 +3.857929869e-07 -7.405799996e+02 -7.405799996e+02 -1.7532e+00 -2.2888e-02
938 0 +2.007354851e-07 -7.405799998e+02 -7.405799998e+02 -1.7530e+00 -2.3046e-02
961 0 +1.573854433e-07 -7.405799998e+02 -7.405799998e+02 -1.7529e+00 -2.3143e-02
1058 0 +1.380360573e-07 -7.405799999e+02 -7.405799999e+02 -1.7529e+00 -2.3130e-02
1065 0 +6.537652553e-08 -7.405799999e+02 -7.405799999e+02 -1.7529e+00 -2.3156e-02
1072 0 +3.825050499e-08 -7.405800000e+02 -7.405800000e+02 -1.7528e+00 -2.3215e-02
1073 0 +2.725755621e-09 -7.405800000e+02 -7.405800000e+02 -1.7528e+00 -2.3192e-02
1573 0 +0.000000000e+00 -7.405800000e+02 -7.405800000e+02 -1.7528e+00 -2.3200e-02
% f evaluations | g evaluations | best noise-free fitness - Fopt (-5.177000000000e+01) + sum g_i+ | measured fitness | best measured fitness or single-digit g-values | x1 | x2...
1 0 +3.606311853e+02 +3.088611853e+02 +3.088611853e+02 +0.0000e+00 +0.0000e+00
3 0 +3.016705612e+02 +2.499005612e+02 +2.499005612e+02 +9.8026e-02 +3.4094e-01
12 0 +2.792321674e+02 +2.274621674e+02 +2.274621674e+02 +2.8148e-01 +4.9555e-01
15 0 +2.602190570e+02 +2.084490570e+02 +2.084490570e+02 +2.2965e-02 +5.6488e-01
16 0 +2.484297635e+02 +1.966597635e+02 +1.966597635e+02 -2.5615e-01 +5.9087e-01
20 0 +2.351891580e+02 +1.834191580e+02 +1.834191580e+02 -2.0100e-01 +6.7395e-01
22 0 +1.389980815e+02 +8.722808155e+01 +8.722808155e+01 -7.9413e-02 +1.2529e+00
32 0 +1.108036639e+02 +5.903366390e+01 +5.903366390e+01 -2.6927e-02 +1.4314e+00
38 0 +6.315474672e+01 +1.138474672e+01 +1.138474672e+01 +6.1949e-01 +1.8665e+00
46 0 +3.351207655e+01 -1.825792345e+01 -1.825792345e+01 -1.5925e-01 +1.8759e+00
52 0 +2.915751310e+01 -2.261248690e+01 -2.261248690e+01 -2.7686e-01 +2.0558e+00
53 0 +1.570512585e+01 -3.606487415e+01 -3.606487415e+01 -3.2138e-01 +1.9844e+00
81 0 +1.490217163e+01 -3.686782837e+01 -3.686782837e+01 -4.3133e-01 +1.9724e+00
118 0 +1.255767448e+01 -3.921232552e+01 -3.921232552e+01 -3.4236e-01 +1.9662e+00
380 0 +1.167448086e+01 -4.009551914e+01 -4.009551914e+01 -4.4672e-01 +1.9547e+00
383 0 +1.146755476e+01 -4.030244524e+01 -4.030244524e+01 -4.6641e-01 +1.9522e+00
386 0 +9.432646650e+00 -4.233735335e+01 -4.233735335e+01 -7.1861e-01 +1.9219e+00
395 0 +7.685031210e+00 -4.408496879e+01 -4.408496879e+01 -1.0582e+00 +1.8831e+00
400 0 +5.227736944e+00 -4.654226306e+01 -4.654226306e+01 -2.1458e+00 +1.7509e+00
573 0 +5.122060205e+00 -4.664793979e+01 -4.664793979e+01 -2.0022e+00 +1.7683e+00
578 0 +4.694901694e+00 -4.707509831e+01 -4.707509831e+01 -2.1075e+00 +1.7528e+00
580 0 +4.581411590e+00 -4.718858841e+01 -4.718858841e+01 -2.0933e+00 +1.7540e+00
586 0 +4.556467056e+00 -4.721353294e+01 -4.721353294e+01 -2.2664e+00 +1.7316e+00
592 0 +4.043763239e+00 -4.772623676e+01 -4.772623676e+01 -2.2203e+00 +1.7348e+00
597 0 +3.931207545e+00 -4.783879246e+01 -4.783879246e+01 -2.3194e+00 +1.7211e+00
600 0 +3.887404321e+00 -4.788259568e+01 -4.788259568e+01 -2.1713e+00 +1.7403e+00
602 0 +3.795128920e+00 -4.797487108e+01 -4.797487108e+01 -2.3232e+00 +1.7199e+00
604 0 +2.501413429e+00 -4.926858657e+01 -4.926858657e+01 -2.0477e+00 +1.7482e+00
615 0 +1.134978085e+00 -5.063502192e+01 -5.063502192e+01 -2.4325e+00 +1.6901e+00
632 0 +6.988844613e-01 -5.107111554e+01 -5.107111554e+01 -2.0094e+00 +1.7391e+00
640 0 +4.017130157e-01 -5.136828698e+01 -5.136828698e+01 -1.9970e+00 +1.7430e+00
663 0 +1.312498187e-01 -5.163875018e+01 -5.163875018e+01 -2.5314e+00 +1.6707e+00
781 0 +1.259306138e-01 -5.164406939e+01 -5.164406939e+01 -2.5257e+00 +1.6712e+00
785 0 +3.668901875e-02 -5.173331098e+01 -5.173331098e+01 -2.4196e+00 +1.6856e+00
802 0 +1.922565810e-02 -5.175077434e+01 -5.175077434e+01 -2.3078e+00 +1.7007e+00
805 0 +4.071915766e-03 -5.176592808e+01 -5.176592808e+01 -2.3640e+00 +1.6932e+00
838 0 +2.118059120e-03 -5.176788194e+01 -5.176788194e+01 -2.3511e+00 +1.6949e+00
870 0 +7.831344858e-04 -5.176921687e+01 -5.176921687e+01 -2.3422e+00 +1.6961e+00
899 0 +2.343238166e-04 -5.176976568e+01 -5.176976568e+01 -2.3396e+00 +1.6965e+00
931 0 +1.939991855e-04 -5.176980600e+01 -5.176980600e+01 -2.3481e+00 +1.6953e+00
940 0 +1.104651094e-04 -5.176988953e+01 -5.176988953e+01 -2.3473e+00 +1.6954e+00
961 0 +8.030446035e-05 -5.176991970e+01 -5.176991970e+01 -2.3479e+00 +1.6954e+00
1090 0 +6.551402338e-05 -5.176993449e+01 -5.176993449e+01 -2.3475e+00 +1.6954e+00
1091 0 +5.836845182e-05 -5.176994163e+01 -5.176994163e+01 -2.3473e+00 +1.6954e+00
1098 0 +4.311679873e-05 -5.176995688e+01 -5.176995688e+01 -2.3459e+00 +1.6956e+00
1101 0 +3.542944223e-05 -5.176996457e+01 -5.176996457e+01 -2.3457e+00 +1.6957e+00
1114 0 +3.295483840e-05 -5.176996705e+01 -5.176996705e+01 -2.3453e+00 +1.6957e+00
1126 0 +2.286466206e-05 -5.176997714e+01 -5.176997714e+01 -2.3454e+00 +1.6957e+00
1135 0 +7.646867964e-06 -5.176999235e+01 -5.176999235e+01 -2.3435e+00 +1.6960e+00
1153 0 +5.567591394e-06 -5.176999443e+01 -5.176999443e+01 -2.3433e+00 +1.6960e+00
1168 0 +4.585579759e-06 -5.176999541e+01 -5.176999541e+01 -2.3427e+00 +1.6961e+00
1176 0 +3.741180620e-06 -5.176999626e+01 -5.176999626e+01 -2.3437e+00 +1.6959e+00
1178 0 +3.275718065e-06 -5.176999672e+01 -5.176999672e+01 -2.3437e+00 +1.6959e+00
1183 0 +1.193933898e-06 -5.176999881e+01 -5.176999881e+01 -2.3437e+00 +1.6959e+00
1237 0 +8.043188444e-07 -5.176999920e+01 -5.176999920e+01 -2.3436e+00 +1.6959e+00
1249 0 +6.140884281e-07 -5.176999939e+01 -5.176999939e+01 -2.3436e+00 +1.6960e+00
1260 0 +3.791585073e-07 -5.176999962e+01 -5.176999962e+01 -2.3434e+00 +1.6960e+00
1287 0 +3.652380443e-07 -5.176999963e+01 -5.176999963e+01 -2.3435e+00 +1.6960e+00
1303 0 +3.296603097e-07 -5.176999967e+01 -5.176999967e+01 -2.3435e+00 +1.6960e+00
1326 0 +3.078163715e-07 -5.176999969e+01 -5.176999969e+01 -2.3435e+00 +1.6960e+00
1330 0 +2.855428178e-07 -5.176999971e+01 -5.176999971e+01 -2.3435e+00 +1.6960e+00
1335 0 +2.368490826e-07 -5.176999976e+01 -5.176999976e+01 -2.3435e+00 +1.6960e+00
1338 0 +1.788170039e-07 -5.176999982e+01 -5.176999982e+01 -2.3434e+00 +1.6960e+00
1345 0 +1.087516139e-07 -5.176999989e+01 -5.176999989e+01 -2.3434e+00 +1.6960e+00
1353 0 +6.941985475e-08 -5.176999993e+01 -5.176999993e+01 -2.3433e+00 +1.6960e+00
1360 0 +3.399375714e-08 -5.176999997e+01 -5.176999997e+01 -2.3431e+00 +1.6960e+00
1365 0 +2.487207951e-08 -5.176999998e+01 -5.176999998e+01 -2.3432e+00 +1.6960e+00
1405 0 +1.406019834e-08 -5.176999999e+01 -5.176999999e+01 -2.3432e+00 +1.6960e+00
1407 0 +1.286756657e-08 -5.176999999e+01 -5.176999999e+01 -2.3432e+00 +1.6960e+00
1412 0 +4.895106542e-09 -5.177000000e+01 -5.177000000e+01 -2.3432e+00 +1.6960e+00
% f evaluations | g evaluations | best noise-free fitness - Fopt (-2.229800000000e+02) + sum g_i+ | measured fitness | best measured fitness or single-digit g-values | x1 | x2...
1 0 +1.669401275e+02 -5.603987251e+01 -5.603987251e+01 +0.0000e+00 +0.0000e+00
2 0 +1.367719687e+02 -8.620803129e+01 -8.620803129e+01 +4.3379e-01 +3.0692e-02
5 0 +1.326885047e+02 -9.029149534e+01 -9.029149534e+01 -1.1375e-01 -3.0566e-01
8 0 +1.260049146e+02 -9.697508539e+01 -9.697508539e+01 +2.0017e-01 -1.7423e-01
14 0 +8.721630100e+01 -1.357636990e+02 -1.357636990e+02 +3.4070e-01 -3.7342e-01
21 0 +7.550572157e+01 -1.474742784e+02 -1.474742784e+02 +4.0620e-01 -4.2244e-01
26 0 +5.979133118e+01 -1.631886688e+02 -1.631886688e+02 +7.4537e-01 -5.2601e-01
28 0 +4.633003643e+01 -1.766499636e+02 -1.766499636e+02 +1.0453e+00 -4.2834e-01
47 0 +3.644885478e+01 -1.865311452e+02 -1.865311452e+02 +1.6756e+00 -3.5599e-01
56 0 +2.521855642e+01 -1.977614436e+02 -1.977614436e+02 +1.6604e+00 -2.0049e-01
77 0 +1.997279606e+01 -2.030072039e+02 -2.030072039e+02 +1.9483e+00 -1.2537e-01
84 0 +1.975861501e+01 -2.032213850e+02 -2.032213850e+02 +2.5195e+00 -1.4927e-01
87 0 +1.353746766e+01 -2.094425323e+02 -2.094425323e+02 +2.4928e+00 +2.0570e-02
91 0 +9.507573754e+00 -2.134724262e+02 -2.134724262e+02 +2.9208e+00 -3.1011e-03
100 0 +8.577246591e-01 -2.221222753e+02 -2.221222753e+02 +3.1351e+00 +1.0820e-01
175 0 +6.488456745e-01 -2.223311543e+02 -2.223311543e+02 +3.5308e+00 +2.0445e-01
180 0 +4.159844833e-01 -2.225640155e+02 -2.225640155e+02 +3.4994e+00 +1.8893e-01
196 0 +2.751251930e-01 -2.227048748e+02 -2.227048748e+02 +3.4183e+00 +1.7165e-01
200 0 +9.103968347e-02 -2.228889603e+02 -2.228889603e+02 +3.4747e+00 +1.8592e-01
260 0 +6.125365531e-02 -2.229187463e+02 -2.229187463e+02 +3.4784e+00 +1.8797e-01
265 0 +2.436411426e-02 -2.229556359e+02 -2.229556359e+02 +3.4829e+00 +1.8835e-01
277 0 +2.394503318e-02 -2.229560550e+02 -2.229560550e+02 +3.4759e+00 +1.8674e-01
280 0 +1.052620990e-02 -2.229694738e+02 -2.229694738e+02 +3.4511e+00 +1.8121e-01
287 0 +2.325254801e-03 -2.229776747e+02 -2.229776747e+02 +3.4426e+00 +1.7936e-01
338 0 +9.552778062e-04 -2.229790447e+02 -2.229790447e+02 +3.4595e+00 +1.8319e-01
347 0 +5.554912239e-04 -2.229794445e+02 -2.229794445e+02 +3.4571e+00 +1.8266e-01
397 0 +1.177754333e-04 -2.229798822e+02 -2.229798822e+02 +3.4536e+00 +1.8186e-01
433 0 +1.001589133e-04 -2.229798998e+02 -2.229798998e+02 +3.4559e+00 +1.8237e-01
453 0 +5.886970555e-05 -2.229799411e+02 -2.229799411e+02 +3.4544e+00 +1.8205e-01
467 0 +5.576952839e-05 -2.229799442e+02 -2.229799442e+02 +3.4542e+00 +1.8199e-01
483 0 +1.379775489e-05 -2.229799862e+02 -2.229799862e+02 +3.4549e+00 +1.8214e-01
506 0 +2.535947544e-06 -2.229799975e+02 -2.229799975e+02 +3.4556e+00 +1.8230e-01
603 0 +2.212991717e-06 -2.229799978e+02 -2.229799978e+02 +3.4555e+00 +1.8228e-01
861 0 +2.175707664e-06 -2.229799978e+02 -2.229799978e+02 +3.4555e+00 +1.8228e-01
872 0 +2.013065256e-06 -2.229799980e+02 -2.229799980e+02 +3.4555e+00 +1.8228e-01
878 0 +1.953672012e-06 -2.229799980e+02 -2.229799980e+02 +3.4555e+00 +1.8228e-01
891 0 +1.940170648e-06 -2.229799981e+02 -2.229799981e+02 +3.4555e+00 +1.8229e-01
897 0 +1.710820754e-06 -2.229799983e+02 -2.229799983e+02 +3.4556e+00 +1.8231e-01
905 0 +1.628554429e-06 -2.229799984e+02 -2.229799984e+02 +3.4556e+00 +1.8231e-01
909 0 +1.614334280e-06 -2.229799984e+02 -2.229799984e+02 +3.4557e+00 +1.8233e-01
910 0 +1.575610554e-06 -2.229799984e+02 -2.229799984e+02 +3.4558e+00 +1.8236e-01
918 0 +1.437751308e-06 -2.229799986e+02 -2.229799986e+02 +3.4558e+00 +1.8236e-01
1030 0 +1.392677831e-06 -2.229799986e+02 -2.229799986e+02 +3.4557e+00 +1.8233e-01
1045 0 +1.373902791e-06 -2.229799986e+02 -2.229799986e+02 +3.4557e+00 +1.8233e-01
1048 0 +1.291492282e-06 -2.229799987e+02 -2.229799987e+02 +3.4557e+00 +1.8232e-01
1054 0 +1.170157617e-06 -2.229799988e+02 -2.229799988e+02 +3.4557e+00 +1.8234e-01
1058 0 +1.041348952e-06 -2.229799990e+02 -2.229799990e+02 +3.4557e+00 +1.8234e-01
1065 0 +7.141734386e-07 -2.229799993e+02 -2.229799993e+02 +3.4557e+00 +1.8234e-01
1072 0 +5.622730157e-07 -2.229799994e+02 -2.229799994e+02 +3.4558e+00 +1.8235e-01
1073 0 +4.085784440e-07 -2.229799996e+02 -2.229799996e+02 +3.4558e+00 +1.8235e-01
1083 0 +3.172917786e-07 -2.229799997e+02 -2.229799997e+02 +3.4558e+00 +1.8235e-01
1092 0 +2.864494206e-07 -2.229799997e+02 -2.229799997e+02 +3.4558e+00 +1.8237e-01
1100 0 +1.844372832e-07 -2.229799998e+02 -2.229799998e+02 +3.4559e+00 +1.8238e-01
1104 0 +1.657627990e-07 -2.229799998e+02 -2.229799998e+02 +3.4559e+00 +1.8238e-01
1105 0 +7.759126675e-08 -2.229799999e+02 -2.229799999e+02 +3.4559e+00 +1.8238e-01
1135 0 +3.372252877e-08 -2.229800000e+02 -2.229800000e+02 +3.4559e+00 +1.8239e-01
1165 0 +1.058225507e-08 -2.229800000e+02 -2.229800000e+02 +3.4560e+00 +1.8241e-01
1181 0 +9.325617611e-09 -2.229800000e+02 -2.229800000e+02 +3.4560e+00 +1.8239e-01
% f evaluations | g evaluations | best noise-free fitness - Fopt (5.860000000000e+00) + sum g_i+ | measured fitness | best measured fitness or single-digit g-values | x1 | x2...
1 0 +5.889704843e+02 +5.948304843e+02 +5.948304843e+02 +0.0000e+00 +0.0000e+00
5 0 +5.571668020e+02 +5.630268020e+02 +5.630268020e+02 -1.1375e-01 -3.0566e-01
11 0 +5.488699083e+02 +5.547299083e+02 +5.547299083e+02 -1.8993e-01 -1.6206e-01
15 0 +5.359801907e+02 +5.418401907e+02 +5.418401907e+02 -2.8887e-01 -3.4668e-02
16 0 +4.925700477e+02 +4.984300477e+02 +4.984300477e+02 -5.4091e-01 -1.1226e-03
32 0 +4.788552958e+02 +4.847152958e+02 +4.847152958e+02 -5.8426e-01 -1.7935e-01
33 0 +4.686768848e+02 +4.745368848e+02 +4.745368848e+02 -6.1236e-01 -3.4273e-01
41 0 +4.214150107e+02 +4.272750107e+02 +4.272750107e+02 -9.0925e-01 -2.1334e-01
52 0 +4.149167383e+02 +4.207767383e+02 +4.207767383e+02 -9.2374e-01 -3.4842e-01
53 0 +4.060186923e+02 +4.118786923e+02 +4.118786923e+02 -9.7194e-01 -3.7164e-01
54 0 +3.631230571e+02 +3.689830571e+02 +3.689830571e+02 -1.1920e+00 -5.8709e-01
57 0 +3.397526521e+02 +3.456126521e+02 +3.456126521e+02 -1.3824e+00 -2.4828e-01
64 0 +2.429132695e+02 +2.487732695e+02 +2.487732695e+02 -1.9060e+00 -7.1837e-01
66 0 +2.118425645e+02 +2.177025645e+02 +2.177025645e+02 -2.1674e+00 -1.2688e-01
68 0 +8.995181334e+01 +9.581181334e+01 +9.581181334e+01 -2.9178e+00 -1.5029e-01
73 0 +2.022683957e+01 +2.608683957e+01 +2.608683957e+01 -3.3571e+00 -1.8373e-01
446 0 +1.694929806e+01 +2.280929806e+01 +2.280929806e+01 -3.4843e+00 +2.3732e-01
456 0 +1.242799890e+01 +1.828799890e+01 +1.828799890e+01 -3.6727e+00 +1.2106e+00
463 0 +1.180200558e+01 +1.766200558e+01 +1.766200558e+01 -3.7182e+00 +1.4588e+00
495 0 +1.149170132e+01 +1.735170132e+01 +1.735170132e+01 -3.7563e+00 +1.6701e+00
500 0 +1.134025058e+01 +1.720025058e+01 +1.720025058e+01 -3.7648e+00 +1.7215e+00
503 0 +1.114911603e+01 +1.700911603e+01 +1.700911603e+01 -3.7594e+00 +1.6980e+00
576 0 +1.076098283e+01 +1.662098283e+01 +1.662098283e+01 -3.7279e+00 +1.5410e+00
579 0 +1.066163694e+01 +1.652163694e+01 +1.652163694e+01 -3.7301e+00 +1.5556e+00
597 0 +1.025399791e+01 +1.611399791e+01 +1.611399791e+01 -3.6666e+00 +1.2411e+00
598 0 +9.781159756e+00 +1.564115976e+01 +1.564115976e+01 -3.6785e+00 +1.3147e+00
604 0 +7.855637116e+00 +1.371563712e+01 +1.371563712e+01 -3.6532e+00 +1.2422e+00
609 0 +7.290465803e+00 +1.315046580e+01 +1.315046580e+01 -3.6628e+00 +1.3069e+00
617 0 +6.300353978e+00 +1.216035398e+01 +1.216035398e+01 -3.6443e+00 +1.2421e+00
628 0 +5.483783751e+00 +1.134378375e+01 +1.134378375e+01 -3.6658e+00 +1.3745e+00
630 0 +3.045685600e+00 +8.905685600e+00 +8.905685600e+00 -3.6150e+00 +1.1876e+00
637 0 +2.542521128e+00 +8.402521128e+00 +8.402521128e+00 -3.6115e+00 +1.1979e+00
795 0 +2.496687145e+00 +8.356687145e+00 +8.356687145e+00 -3.6087e+00 +1.1751e+00
796 0 +2.397686568e+00 +8.257686568e+00 +8.257686568e+00 -3.6128e+00 +1.1948e+00
801 0 +1.928264561e+00 +7.788264561e+00 +7.788264561e+00 -3.6279e+00 +1.2908e+00
806 0 +1.710655134e+00 +7.570655134e+00 +7.570655134e+00 -3.6399e+00 +1.3518e+00
811 0 +1.557579061e+00 +7.417579061e+00 +7.417579061e+00 -3.6395e+00 +1.3583e+00
812 0 +9.012682362e-01 +6.761268236e+00 +6.761268236e+00 -3.6680e+00 +1.5279e+00
813 0 +7.291014953e-01 +6.589101495e+00 +6.589101495e+00 -3.7012e+00 +1.7387e+00
820 0 +3.888324654e-01 +6.248832465e+00 +6.248832465e+00 -3.7298e+00 +1.9039e+00
996 0 +3.724402957e-01 +6.232440296e+00 +6.232440296e+00 -3.7164e+00 +1.8208e+00
998 0 +3.656798290e-01 +6.225679829e+00 +6.225679829e+00 -3.7109e+00 +1.7859e+00
1005 0 +3.139045381e-01 +6.173904538e+00 +6.173904538e+00 -3.7091e+00 +1.7727e+00
1023 0 +3.028372373e-01 +6.162837237e+00 +6.162837237e+00 -3.7092e+00 +1.7668e+00
1024 0 +2.540817684e-01 +6.114081768e+00 +6.114081768e+00 -3.7054e+00 +1.7475e+00
1029 0 +1.085504038e-01 +5.968550404e+00 +5.968550404e+00 -3.7228e+00 +1.8511e+00
1073 0 +9.663473423e-02 +5.956634734e+00 +5.956634734e+00 -3.7248e+00 +1.8631e+00
1081 0 +7.026669105e-02 +5.930266691e+00 +5.930266691e+00 -3.7282e+00 +1.8825e+00
1087 0 +6.119111096e-02 +5.921191111e+00 +5.921191111e+00 -3.7314e+00 +1.9019e+00
1091 0 +4.842792853e-02 +5.908427929e+00 +5.908427929e+00 -3.7404e+00 +1.9536e+00
1096 0 +3.140386002e-02 +5.891403860e+00 +5.891403860e+00 -3.7421e+00 +1.9646e+00
1109 0 +2.970763433e-02 +5.889707634e+00 +5.889707634e+00 -3.7541e+00 +2.0373e+00
1111 0 +6.507810796e-03 +5.866507811e+00 +5.866507811e+00 -3.7475e+00 +1.9976e+00
1138 0 +4.846812107e-03 +5.864846812e+00 +5.864846812e+00 -3.7467e+00 +1.9927e+00
1139 0 +3.402276728e-03 +5.863402277e+00 +5.863402277e+00 -3.7548e+00 +2.0407e+00
1141 0 +2.148583981e-03 +5.862148584e+00 +5.862148584e+00 -3.7508e+00 +2.0167e+00
1147 0 +1.518195233e-03 +5.861518195e+00 +5.861518195e+00 -3.7484e+00 +2.0024e+00
1161 0 +4.549602354e-04 +5.860454960e+00 +5.860454960e+00 -3.7516e+00 +2.0218e+00
1171 0 +3.193275754e-04 +5.860319328e+00 +5.860319328e+00 -3.7497e+00 +2.0101e+00
1195 0 +1.926463983e-04 +5.860192646e+00 +5.860192646e+00 -3.7501e+00 +2.0124e+00
1201 0 +9.243626200e-05 +5.860092436e+00 +5.860092436e+00 -3.7503e+00 +2.0141e+00
1207 0 +6.393570752e-05 +5.860063936e+00 +5.860063936e+00 -3.7509e+00 +2.0174e+00
1237 0 +4.755059527e-05 +5.860047551e+00 +5.860047551e+00 -3.7514e+00 +2.0203e+00
1240 0 +3.352050437e-05 +5.860033521e+00 +5.860033521e+00 -3.7512e+00 +2.0190e+00
1263 0 +2.497723907e-05 +5.860024977e+00 +5.860024977e+00 -3.7509e+00 +2.0177e+00
1265 0 +7.753308803e-06 +5.860007753e+00 +5.860007753e+00 -3.7511e+00 +2.0189e+00
1297 0 +4.773822509e-06 +5.860004774e+00 +5.860004774e+00 -3.7512e+00 +2.0192e+00
1299 0 +4.607802584e-06 +5.860004608e+00 +5.860004608e+00 -3.7512e+00 +2.0190e+00
1304 0 +3.884347621e-06 +5.860003884e+00 +5.860003884e+00 -3.7512e+00 +2.0191e+00
1328 0 +2.975525339e-06 +5.860002976e+00 +5.860002976e+00 -3.7511e+00 +2.0188e+00
1333 0 +2.566008731e-06 +5.860002566e+00 +5.860002566e+00 -3.7512e+00 +2.0189e+00
1339 0 +5.033462038e-07 +5.860000503e+00 +5.860000503e+00 -3.7512e+00 +2.0189e+00
1352 0 +3.497311374e-07 +5.860000350e+00 +5.860000350e+00 -3.7512e+00 +2.0189e+00
1476 0 +3.431627551e-07 +5.860000343e+00 +5.860000343e+00 -3.7511e+00 +2.0189e+00
1784 0 +3.388268039e-07 +5.860000339e+00 +5.860000339e+00 -3.7511e+00 +2.0189e+00
1798 0 +3.298050775e-07 +5.860000330e+00 +5.860000330e+00 -3.7511e+00 +2.0189e+00
1805 0 +3.180922885e-07 +5.860000318e+00 +5.860000318e+00 -3.7511e+00 +2.0189e+00
1812 0 +3.161752806e-07 +5.860000316e+00 +5.860000316e+00 -3.7511e+00 +2.0189e+00
1815 0 +2.963622441e-07 +5.860000296e+00 +5.860000296e+00 -3.7512e+00 +2.0189e+00
1820 0 +2.803535457e-07 +5.860000280e+00 +5.860000280e+00 -3.7512e+00 +2.0189e+00
1826 0 +2.341227088e-07 +5.860000234e+00 +5.860000234e+00 -3.7512e+00 +2.0190e+00
1832 0 +2.172690907e-07 +5.860000217e+00 +5.860000217e+00 -3.7512e+00 +2.0190e+00
1835 0 +1.734073134e-07 +5.860000173e+00 +5.860000173e+00 -3.7512e+00 +2.0191e+00
1839 0 +1.632906201e-07 +5.860000163e+00 +5.860000163e+00 -3.7512e+00 +2.0191e+00
1845 0 +1.618235590e-07 +5.860000162e+00 +5.860000162e+00 -3.7512e+00 +2.0191e+00
1953 0 +1.576990867e-07 +5.860000158e+00 +5.860000158e+00 -3.7512e+00 +2.0191e+00
1970 0 +1.509020215e-07 +5.860000151e+00 +5.860000151e+00 -3.7512e+00 +2.0191e+00
1986 0 +1.435573056e-07 +5.860000144e+00 +5.860000144e+00 -3.7512e+00 +2.0191e+00
1993 0 +1.370782758e-07 +5.860000137e+00 +5.860000137e+00 -3.7512e+00 +2.0191e+00
1995 0 +1.290299654e-07 +5.860000129e+00 +5.860000129e+00 -3.7512e+00 +2.0191e+00
2008 0 +1.178489866e-07 +5.860000118e+00 +5.860000118e+00 -3.7512e+00 +2.0191e+00
2025 0 +1.114137849e-07 +5.860000111e+00 +5.860000111e+00 -3.7512e+00 +2.0191e+00
2026 0 +1.072515223e-07 +5.860000107e+00 +5.860000107e+00 -3.7512e+00 +2.0191e+00
2034 0 +9.985440119e-08 +5.860000100e+00 +5.860000100e+00 -3.7512e+00 +2.0191e+00
2039 0 +4.766028372e-08 +5.860000048e+00 +5.860000048e+00 -3.7512e+00 +2.0191e+00
2042 0 +4.571114154e-08 +5.860000046e+00 +5.860000046e+00 -3.7512e+00 +2.0191e+00
2044 0 +3.863966036e-08 +5.860000039e+00 +5.860000039e+00 -3.7512e+00 +2.0191e+00
2059 0 +3.792328851e-08 +5.860000038e+00 +5.860000038e+00 -3.7512e+00 +2.0191e+00
2061 0 +1.870181610e-08 +5.860000019e+00 +5.860000019e+00 -3.7512e+00 +2.0192e+00
2065 0 +1.103244696e-08 +5.860000011e+00 +5.860000011e+00 -3.7512e+00 +2.0192e+00
2095 0 +1.557044271e-09 +5.860000002e+00 +5.860000002e+00 -3.7512e+00 +2.0192e+00
% f evaluations | g evaluations | best noise-free fitness - Fopt (2.048600000000e+02) + sum g_i+ | measured fitness | best measured fitness or single-digit g-values | x1 | x2...
1 0 +4.922389930e+02 +6.970989930e+02 +6.970989930e+02 +0.0000e+00 +0.0000e+00
5 0 +4.681283819e+02 +6.729883819e+02 +6.729883819e+02 -1.1375e-01 -3.0566e-01
9 0 +4.432800612e+02 +6.481400612e+02 +6.481400612e+02 -1.5904e-01 +7.2161e-02
15 0 +4.122027385e+02 +6.170627385e+02 +6.170627385e+02 -2.5385e-01 +1.7801e-01
16 0 +3.479168832e+02 +5.527768832e+02 +5.527768832e+02 -4.6938e-01 +2.1135e-01
32 0 +3.305403032e+02 +5.354003032e+02 +5.354003032e+02 -5.0802e-01 +4.0807e-01
41 0 +2.427723477e+02 +4.476323477e+02 +4.476323477e+02 -8.0362e-01 +4.4482e-01
57 0 +1.436307061e+02 +3.484907061e+02 +3.484907061e+02 -1.1101e+00 +7.4779e-01
64 0 +1.326657220e+02 +3.375257220e+02 +3.375257220e+02 -1.1674e+00 +5.6685e-01
67 0 +1.546225331e+01 +2.203222533e+02 +2.203222533e+02 -1.5966e+00 +1.0725e+00
79 0 +4.613888773e+00 +2.094738888e+02 +2.094738888e+02 -1.5329e+00 +1.2391e+00
145 0 +4.066092035e+00 +2.089260920e+02 +2.089260920e+02 -1.6233e+00 +5.8210e-01
181 0 +1.941122969e+00 +2.068011230e+02 +2.068011230e+02 -1.6223e+00 +5.1987e-01
225 0 +1.833747819e+00 +2.066937478e+02 +2.066937478e+02 -1.6251e+00 +5.1068e-01
253 0 +1.717995468e+00 +2.065779955e+02 +2.065779955e+02 -1.6226e+00 +5.2626e-01
283 0 +1.681124784e+00 +2.065411248e+02 +2.065411248e+02 -1.6228e+00 +5.2351e-01
782 0 +1.656523000e+00 +2.065165230e+02 +2.065165230e+02 -1.6243e+00 +5.1139e-01
797 0 +1.597683041e+00 +2.064576830e+02 +2.064576830e+02 -1.6286e+00 +4.7849e-01
800 0 +1.546947152e+00 +2.064069472e+02 +2.064069472e+02 -1.6323e+00 +4.4890e-01
818 0 +1.447103802e+00 +2.063071038e+02 +2.063071038e+02 -1.6403e+00 +3.8634e-01
822 0 +1.436355814e+00 +2.062963558e+02 +2.062963558e+02 -1.6413e+00 +3.7917e-01
824 0 +1.372510744e+00 +2.062325107e+02 +2.062325107e+02 -1.6469e+00 +3.3527e-01
827 0 +1.340800843e+00 +2.062008008e+02 +2.062008008e+02 -1.6498e+00 +3.1205e-01
828 0 +1.259231679e+00 +2.061192317e+02 +2.061192317e+02 -1.6582e+00 +2.4709e-01
831 0 +1.188454606e+00 +2.060484546e+02 +2.060484546e+02 -1.6664e+00 +1.8253e-01
839 0 +9.943180708e-01 +2.058543181e+02 +2.058543181e+02 -1.7042e+00 -1.1258e-01
846 0 +9.768142130e-01 +2.058368142e+02 +2.058368142e+02 -1.7211e+00 -2.4490e-01
1367 0 +9.499557163e-01 +2.058099557e+02 +2.058099557e+02 -1.7143e+00 -1.9245e-01
1399 0 +9.312265686e-01 +2.057912266e+02 +2.057912266e+02 -1.7122e+00 -1.7670e-01
1416 0 +9.034898309e-01 +2.057634898e+02 +2.057634898e+02 -1.7320e+00 -3.3285e-01
1454 0 +8.842078708e-01 +2.057442079e+02 +2.057442079e+02 -1.7011e+00 -9.1577e-02
1462 0 +8.633879909e-01 +2.057233880e+02 +2.057233880e+02 -1.7185e+00 -2.2803e-01
1474 0 +8.200239231e-01 +2.056800239e+02 +2.056800239e+02 -1.6875e+00 +1.1750e-02
1475 0 +8.043694550e-01 +2.056643695e+02 +2.056643695e+02 -1.6940e+00 -3.9385e-02
1492 0 +6.888280701e-01 +2.055488281e+02 +2.055488281e+02 -1.6770e+00 +8.7336e-02
1494 0 +6.559954752e-01 +2.055159955e+02 +2.055159955e+02 -1.6776e+00 +8.2867e-02
1515 0 +5.878777630e-01 +2.054478778e+02 +2.054478778e+02 -1.7101e+00 -1.6962e-01
1520 0 +4.220102982e-01 +2.052820103e+02 +2.052820103e+02 -1.7150e+00 -2.1245e-01
1525 0 +4.037691992e-01 +2.052637692e+02 +2.052637692e+02 -1.7046e+00 -1.3243e-01
1574 0 +3.460635894e-01 +2.052060636e+02 +2.052060636e+02 -1.7052e+00 -1.3823e-01
1586 0 +3.178046075e-01 +2.051778046e+02 +2.051778046e+02 -1.7102e+00 -1.7776e-01
1609 0 +3.046181878e-01 +2.051646182e+02 +2.051646182e+02 -1.7071e+00 -1.5411e-01
1627 0 +2.765885670e-01 +2.051365886e+02 +2.051365886e+02 -1.7100e+00 -1.7724e-01
1631 0 +2.318732854e-01 +2.050918733e+02 +2.050918733e+02 -1.7147e+00 -2.1576e-01
1665 0 +1.462568536e-01 +2.050062569e+02 +2.050062569e+02 -1.7258e+00 -3.0479e-01
1672 0 +9.542828024e-02 +2.049554283e+02 +2.049554283e+02 -1.7388e+00 -4.0878e-01
1676 0 +5.004427202e-02 +2.049100443e+02 +2.049100443e+02 -1.7562e+00 -5.4977e-01
1694 0 +1.556067300e-02 +2.048755607e+02 +2.048755607e+02 -1.7549e+00 -5.3904e-01
1729 0 +1.475349649e-02 +2.048747535e+02 +2.048747535e+02 -1.7579e+00 -5.6222e-01
1738 0 +8.098013967e-03 +2.048680980e+02 +2.048680980e+02 -1.7595e+00 -5.7591e-01
1763 0 +1.478121111e-03 +2.048614781e+02 +2.048614781e+02 -1.7678e+00 -6.4260e-01
1789 0 +1.314433153e-03 +2.048613144e+02 +2.048613144e+02 -1.7654e+00 -6.2323e-01
1790 0 +4.572283228e-04 +2.048604572e+02 +2.048604572e+02 -1.7666e+00 -6.3252e-01
1807 0 +4.563728832e-04 +2.048604564e+02 +2.048604564e+02 -1.7678e+00 -6.4213e-01
1809 0 +2.602237241e-04 +2.048602602e+02 +2.048602602e+02 -1.7674e+00 -6.3900e-01
1819 0 +1.631458187e-04 +2.048601631e+02 +2.048601631e+02 -1.7680e+00 -6.4380e-01
1831 0 +3.303607093e-05 +2.048600330e+02 +2.048600330e+02 -1.7684e+00 -6.4696e-01
1879 0 +1.028235749e-05 +2.048600103e+02 +2.048600103e+02 -1.7687e+00 -6.4982e-01
1893 0 +7.319778319e-06 +2.048600073e+02 +2.048600073e+02 -1.7687e+00 -6.4957e-01
1900 0 +2.283268714e-06 +2.048600023e+02 +2.048600023e+02 -1.7687e+00 -6.4984e-01
1927 0 +9.235206164e-07 +2.048600009e+02 +2.048600009e+02 -1.7688e+00 -6.5028e-01
1946 0 +5.873257294e-07 +2.048600006e+02 +2.048600006e+02 -1.7687e+00 -6.4997e-01
1968 0 +5.529139173e-07 +2.048600006e+02 +2.048600006e+02 -1.7688e+00 -6.5012e-01
1969 0 +2.573370921e-07 +2.048600003e+02 +2.048600003e+02 -1.7688e+00 -6.5000e-01
2011 0 +2.140163247e-07 +2.048600002e+02 +2.048600002e+02 -1.7688e+00 -6.5012e-01
2031 0 +1.733451995e-07 +2.048600002e+02 +2.048600002e+02 -1.7688e+00 -6.5004e-01
2041 0 +1.429182248e-07 +2.048600001e+02 +2.048600001e+02 -1.7688e+00 -6.5007e-01
2131 0 +1.170780877e-07 +2.048600001e+02 +2.048600001e+02 -1.7688e+00 -6.5012e-01
2147 0 +8.137641316e-08 +2.048600001e+02 +2.048600001e+02 -1.7688e+00 -6.5019e-01
2149 0 +8.122984241e-08 +2.048600001e+02 +2.048600001e+02 -1.7688e+00 -6.5019e-01
2150 0 +5.916683676e-08 +2.048600001e+02 +2.048600001e+02 -1.7688e+00 -6.5032e-01
2159 0 +4.859910518e-08 +2.048600000e+02 +2.048600000e+02 -1.7688e+00 -6.5022e-01
2163 0 +3.921044822e-08 +2.048600000e+02 +2.048600000e+02 -1.7688e+00 -6.5030e-01
2167 0 +2.381702302e-08 +2.048600000e+02 +2.048600000e+02 -1.7688e+00 -6.5036e-01
2191 0 +5.541039627e-09 +2.048600000e+02 +2.048600000e+02 -1.7688e+00 -6.5038e-01
2761 0 +0.000000000e+00 +2.048600000e+02 +2.048600000e+02 -1.7688e+00 -6.5040e-01
% f evaluations | g evaluations | best noise-free fitness - Fopt (1.154900000000e+02) + sum g_i+ | measured fitness | best measured fitness or single-digit g-values | x1 | x2...
1 0 +3.069623969e+02 +4.224523969e+02 +4.224523969e+02 +0.0000e+00 +0.0000e+00
5 0 +2.916747563e+02 +4.071647563e+02 +4.071647563e+02 -1.1375e-01 -3.0566e-01
9 0 +2.838903866e+02 +3.993803866e+02 +3.993803866e+02 -1.8089e-01 -1.6063e-01
15 0 +2.714771318e+02 +3.869671318e+02 +3.869671318e+02 -2.8887e-01 -3.4668e-02
16 0 +2.414518113e+02 +3.569418113e+02 +3.569418113e+02 -5.4091e-01 -1.1226e-03
32 0 +2.355550235e+02 +3.510450235e+02 +3.510450235e+02 -5.8129e-01 -1.1097e-01
33 0 +2.313020638e+02 +3.467920638e+02 +3.467920638e+02 -6.0683e-01 -2.5007e-01
41 0 +1.995484389e+02 +3.150384389e+02 +3.150384389e+02 -8.8129e-01 -1.3529e-01
52 0 +1.978070362e+02 +3.132970362e+02 +3.132970362e+02 -8.8512e-01 -2.5359e-01
53 0 +1.926546643e+02 +3.081446643e+02 +3.081446643e+02 -9.2682e-01 -2.7103e-01
54 0 +1.689693910e+02 +2.844593910e+02 +2.844593910e+02 -1.1111e+00 -4.3771e-01
57 0 +1.498262464e+02 +2.653162464e+02 +2.653162464e+02 -1.3027e+00 -1.6445e-01
64 0 +9.405281739e+01 +2.095428174e+02 +2.095428174e+02 -1.7379e+00 -5.2325e-01
66 0 +7.140770330e+01 +1.868977033e+02 +1.868977033e+02 -2.0168e+00 -4.7575e-02
68 0 +4.194548027e+01 +1.574354803e+02 +1.574354803e+02 -2.6915e+00 -4.5689e-02
69 0 +1.265535332e+01 +1.281453533e+02 +1.281453533e+02 -2.5090e+00 -3.8800e-01
658 0 +1.186484719e+01 +1.273548472e+02 +1.273548472e+02 -2.4927e+00 -3.5988e-01
659 0 +1.148978377e+01 +1.269797838e+02 +1.269797838e+02 -2.4909e+00 -3.8456e-01
663 0 +1.144711770e+01 +1.269371177e+02 +1.269371177e+02 -2.4909e+00 -3.8671e-01
665 0 +1.017867270e+01 +1.256686727e+02 +1.256686727e+02 -2.4848e+00 -4.7281e-01
666 0 +7.928219379e+00 +1.234182194e+02 +1.234182194e+02 -2.4726e+00 -6.4744e-01
670 0 +7.432630358e+00 +1.229226304e+02 +1.229226304e+02 -2.4696e+00 -6.9052e-01
671 0 +3.202238481e+00 +1.186922385e+02 +1.186922385e+02 -2.4275e+00 -1.2942e+00
678 0 +2.943365352e+00 +1.184333654e+02 +1.184333654e+02 -2.4069e+00 -1.5922e+00
685 0 +2.883551428e+00 +1.183735514e+02 +1.183735514e+02 -2.4147e+00 -1.4806e+00
996 0 +2.799782037e+00 +1.182897820e+02 +1.182897820e+02 -2.4107e+00 -1.5499e+00
1008 0 +2.723457534e+00 +1.182134575e+02 +1.182134575e+02 -2.4108e+00 -1.5569e+00
1011 0 +2.680134410e+00 +1.181701344e+02 +1.181701344e+02 -2.4064e+00 -1.6374e+00
1020 0 +2.619672501e+00 +1.181096725e+02 +1.181096725e+02 -2.4024e+00 -1.7281e+00
1023 0 +2.555092020e+00 +1.180450920e+02 +1.180450920e+02 -2.4035e+00 -1.7166e+00
1029 0 +2.456630532e+00 +1.179466305e+02 +1.179466305e+02 -2.4093e+00 -1.6190e+00
1033 0 +2.353368450e+00 +1.178433684e+02 +1.178433684e+02 -2.4023e+00 -1.7838e+00
1042 0 +2.078365663e+00 +1.175683657e+02 +1.175683657e+02 -2.4067e+00 -1.7308e+00
1051 0 +1.836286203e+00 +1.173262862e+02 +1.173262862e+02 -2.4078e+00 -1.7511e+00
1054 0 +1.321912508e+00 +1.168119125e+02 +1.168119125e+02 -2.4057e+00 -1.9415e+00
1060 0 +1.153481061e+00 +1.166434811e+02 +1.166434811e+02 -2.4051e+00 -2.0511e+00
1072 0 +8.754854358e-01 +1.163654854e+02 +1.163654854e+02 -2.4085e+00 -1.9796e+00
1087 0 +7.415577561e-01 +1.162315578e+02 +1.162315578e+02 -2.4145e+00 -1.8049e+00
1100 0 +6.018474328e-01 +1.160918474e+02 +1.160918474e+02 -2.4152e+00 -1.9106e+00
1109 0 +3.067462928e-01 +1.157967463e+02 +1.157967463e+02 -2.4186e+00 -1.8355e+00
1116 0 +2.779645910e-01 +1.157679646e+02 +1.157679646e+02 -2.4232e+00 -1.6938e+00
1120 0 +1.418248555e-01 +1.156318249e+02 +1.156318249e+02 -2.4197e+00 -1.7980e+00
1135 0 +8.952923435e-02 +1.155795292e+02 +1.155795292e+02 -2.4223e+00 -1.7455e+00
1144 0 +6.527906950e-02 +1.155552791e+02 +1.155552791e+02 -2.4235e+00 -1.7237e+00
1147 0 +5.005611690e-02 +1.155400561e+02 +1.155400561e+02 -2.4234e+00 -1.7335e+00
1153 0 +1.634689712e-02 +1.155063469e+02 +1.155063469e+02 -2.4248e+00 -1.7047e+00
1164 0 +1.609294978e-02 +1.155060929e+02 +1.155060929e+02 -2.4259e+00 -1.6866e+00
1165 0 +1.130201798e-02 +1.155013020e+02 +1.155013020e+02 -2.4258e+00 -1.6844e+00
1171 0 +5.815812808e-03 +1.154958158e+02 +1.154958158e+02 -2.4264e+00 -1.6753e+00
1194 0 +4.757710497e-03 +1.154947577e+02 +1.154947577e+02 -2.4259e+00 -1.6849e+00
1201 0 +1.966944506e-03 +1.154919669e+02 +1.154919669e+02 -2.4265e+00 -1.6729e+00
1226 0 +1.270554163e-03 +1.154912706e+02 +1.154912706e+02 -2.4266e+00 -1.6717e+00
1237 0 +6.547197143e-04 +1.154906547e+02 +1.154906547e+02 -2.4272e+00 -1.6605e+00
1246 0 +3.489091216e-04 +1.154903489e+02 +1.154903489e+02 -2.4269e+00 -1.6654e+00
1261 0 +4.322519284e-05 +1.154900432e+02 +1.154900432e+02 -2.4272e+00 -1.6601e+00
1359 0 +2.765062115e-05 +1.154900277e+02 +1.154900277e+02 -2.4271e+00 -1.6611e+00
1473 0 +1.998142208e-05 +1.154900200e+02 +1.154900200e+02 -2.4271e+00 -1.6613e+00
1495 0 +1.899508634e-05 +1.154900190e+02 +1.154900190e+02 -2.4271e+00 -1.6615e+00
1496 0 +1.020785976e-05 +1.154900102e+02 +1.154900102e+02 -2.4272e+00 -1.6609e+00
1504 0 +7.833150207e-06 +1.154900078e+02 +1.154900078e+02 -2.4272e+00 -1.6596e+00
1516 0 +3.322318520e-06 +1.154900033e+02 +1.154900033e+02 -2.4272e+00 -1.6598e+00
1519 0 +2.213186491e-06 +1.154900022e+02 +1.154900022e+02 -2.4272e+00 -1.6602e+00
1527 0 +1.694526290e-06 +1.154900017e+02 +1.154900017e+02 -2.4272e+00 -1.6603e+00
1543 0 +1.485369637e-06 +1.154900015e+02 +1.154900015e+02 -2.4272e+00 -1.6602e+00
1552 0 +1.146292476e-06 +1.154900011e+02 +1.154900011e+02 -2.4272e+00 -1.6604e+00
1554 0 +1.000456507e-06 +1.154900010e+02 +1.154900010e+02 -2.4272e+00 -1.6604e+00
1555 0 +9.401017422e-07 +1.154900009e+02 +1.154900009e+02 -2.4272e+00 -1.6604e+00
1567 0 +6.081074844e-07 +1.154900006e+02 +1.154900006e+02 -2.4272e+00 -1.6600e+00
1575 0 +4.032593637e-07 +1.154900004e+02 +1.154900004e+02 -2.4272e+00 -1.6599e+00
1579 0 +5.301339456e-08 +1.154900001e+02 +1.154900001e+02 -2.4272e+00 -1.6600e+00
1609 0 +4.311958435e-08 +1.154900000e+02 +1.154900000e+02 -2.4272e+00 -1.6599e+00
1626 0 +4.064162340e-08 +1.154900000e+02 +1.154900000e+02 -2.4272e+00 -1.6600e+00
1652 0 +2.530732957e-08 +1.154900000e+02 +1.154900000e+02 -2.4272e+00 -1.6600e+00
1657 0 +1.617362955e-08 +1.154900000e+02 +1.154900000e+02 -2.4272e+00 -1.6600e+00
1677 0 +1.551691753e-08 +1.154900000e+02 +1.154900000e+02 -2.4272e+00 -1.6600e+00
1687 0 +9.802988643e-09 +1.154900000e+02 +1.154900000e+02 -2.4272e+00 -1.6600e+00
2407 0 +0.000000000e+00 +1.154900000e+02 +1.154900000e+02 -2.4272e+00 -1.6600e+00
% f evaluations | g evaluations | best noise-free fitness - Fopt (1.950500000000e+02) + sum g_i+ | measured fitness | best measured fitness or single-digit g-values | x1 | x2...
1 0 +1.870699115e+02 +3.821199115e+02 +3.821199115e+02 +0.0000e+00 +0.0000e+00
2 0 +9.207613895e+01 +2.871261390e+02 +2.871261390e+02 +4.3379e-01 +3.0692e-02
8 0 +5.845718107e+01 +2.535071811e+02 +2.535071811e+02 +6.0117e-01 +1.6999e-01
14 0 +7.064958258e+00 +2.021149583e+02 +2.021149583e+02 +8.1870e-01 -5.5543e-02
25 0 +9.354610177e-01 +1.959854610e+02 +1.959854610e+02 +8.5380e-01 +1.2299e-02
98 0 +6.754010480e-01 +1.957254010e+02 +1.957254010e+02 +8.4660e-01 -7.4911e-02
121 0 +2.947396848e-02 +1.950794740e+02 +1.950794740e+02 +8.4761e-01 -9.5884e-02
183 0 +2.581467744e-02 +1.950758147e+02 +1.950758147e+02 +8.5118e-01 -5.8752e-02
212 0 +2.369147469e-02 +1.950736915e+02 +1.950736915e+02 +8.4990e-01 -7.2119e-02
245 0 +5.433669476e-03 +1.950554337e+02 +1.950554337e+02 +8.5051e-01 -6.6715e-02
278 0 +3.706494511e-03 +1.950537065e+02 +1.950537065e+02 +8.5065e-01 -6.5314e-02
317 0 +3.190997635e-03 +1.950531910e+02 +1.950531910e+02 +8.5056e-01 -6.6308e-02
337 0 +3.148712971e-03 +1.950531487e+02 +1.950531487e+02 +8.5062e-01 -6.5685e-02
359 0 +2.990106751e-03 +1.950529901e+02 +1.950529901e+02 +8.5061e-01 -6.5805e-02
372 0 +2.922347772e-03 +1.950529223e+02 +1.950529223e+02 +8.5062e-01 -6.5624e-02
379 0 +2.837947314e-03 +1.950528379e+02 +1.950528379e+02 +8.5062e-01 -6.5633e-02
391 0 +2.814159909e-03 +1.950528142e+02 +1.950528142e+02 +8.5063e-01 -6.5605e-02
718 0 +2.754139401e-03 +1.950527541e+02 +1.950527541e+02 +8.5058e-01 -6.6052e-02
740 0 +2.633173604e-03 +1.950526332e+02 +1.950526332e+02 +8.5046e-01 -6.7301e-02
747 0 +2.559683030e-03 +1.950525597e+02 +1.950525597e+02 +8.5038e-01 -6.8226e-02
767 0 +2.296902178e-03 +1.950522969e+02 +1.950522969e+02 +8.5007e-01 -7.1438e-02
771 0 +2.173946841e-03 +1.950521739e+02 +1.950521739e+02 +8.4989e-01 -7.3263e-02
776 0 +2.111513993e-03 +1.950521115e+02 +1.950521115e+02 +8.4979e-01 -7.4407e-02
780 0 +1.887007771e-03 +1.950518870e+02 +1.950518870e+02 +8.4939e-01 -7.8591e-02
782 0 +1.776835212e-03 +1.950517768e+02 +1.950517768e+02 +8.4903e-01 -8.2354e-02
783 0 +1.735151305e-03 +1.950517352e+02 +1.950517352e+02 +8.4809e-01 -9.2191e-02
787 0 +1.697228356e-03 +1.950516972e+02 +1.950516972e+02 +8.4841e-01 -8.8829e-02
919 0 +1.655800632e-03 +1.950516558e+02 +1.950516558e+02 +8.4842e-01 -8.8680e-02
930 0 +1.603932391e-03 +1.950516039e+02 +1.950516039e+02 +8.4869e-01 -8.5902e-02
934 0 +1.530386558e-03 +1.950515304e+02 +1.950515304e+02 +8.4865e-01 -8.6268e-02
936 0 +1.504390496e-03 +1.950515044e+02 +1.950515044e+02 +8.4850e-01 -8.7937e-02
938 0 +1.411734790e-03 +1.950514117e+02 +1.950514117e+02 +8.4905e-01 -8.2142e-02
943 0 +1.373727900e-03 +1.950513737e+02 +1.950513737e+02 +8.4851e-01 -8.7811e-02
946 0 +1.302696630e-03 +1.950513027e+02 +1.950513027e+02 +8.4865e-01 -8.6370e-02
947 0 +1.224870800e-03 +1.950512249e+02 +1.950512249e+02 +8.4928e-01 -7.9699e-02
949 0 +1.182479271e-03 +1.950511825e+02 +1.950511825e+02 +8.4873e-01 -8.5449e-02
950 0 +9.647985582e-04 +1.950509648e+02 +1.950509648e+02 +8.4894e-01 -8.3355e-02
959 0 +8.929868833e-04 +1.950508930e+02 +1.950508930e+02 +8.4784e-01 -9.4831e-02
962 0 +6.356181819e-04 +1.950506356e+02 +1.950506356e+02 +8.4766e-01 -9.6772e-02
965 0 +1.247553480e-04 +1.950501248e+02 +1.950501248e+02 +8.4744e-01 -9.9094e-02
978 0 +3.574576598e-05 +1.950500357e+02 +1.950500357e+02 +8.4703e-01 -1.0340e-01
1033 0 +1.733659599e-05 +1.950500173e+02 +1.950500173e+02 +8.4720e-01 -1.0161e-01
1057 0 +9.000581571e-06 +1.950500090e+02 +1.950500090e+02 +8.4736e-01 -9.9892e-02
1077 0 +7.981917463e-06 +1.950500080e+02 +1.950500080e+02 +8.4703e-01 -1.0339e-01
1083 0 +5.223796933e-06 +1.950500052e+02 +1.950500052e+02 +8.4711e-01 -1.0257e-01
1107 0 +2.014126494e-06 +1.950500020e+02 +1.950500020e+02 +8.4714e-01 -1.0227e-01
1131 0 +1.858065048e-06 +1.950500019e+02 +1.950500019e+02 +8.4728e-01 -1.0078e-01
1153 0 +1.427768240e-06 +1.950500014e+02 +1.950500014e+02 +8.4727e-01 -1.0084e-01
1159 0 +9.698993040e-07 +1.950500010e+02 +1.950500010e+02 +8.4726e-01 -1.0093e-01
1176 0 +8.620906158e-07 +1.950500009e+02 +1.950500009e+02 +8.4725e-01 -1.0110e-01
1183 0 +6.221344222e-07 +1.950500006e+02 +1.950500006e+02 +8.4725e-01 -1.0109e-01
1187 0 +5.468561142e-07 +1.950500005e+02 +1.950500005e+02 +8.4725e-01 -1.0113e-01
1193 0 +5.090739137e-07 +1.950500005e+02 +1.950500005e+02 +8.4724e-01 -1.0113e-01
1196 0 +4.416072557e-07 +1.950500004e+02 +1.950500004e+02 +8.4723e-01 -1.0126e-01
1205 0 +3.341774004e-07 +1.950500003e+02 +1.950500003e+02 +8.4721e-01 -1.0149e-01
1207 0 +1.725636594e-07 +1.950500002e+02 +1.950500002e+02 +8.4722e-01 -1.0141e-01
1225 0 +5.000666192e-08 +1.950500001e+02 +1.950500001e+02 +8.4720e-01 -1.0156e-01
1282 0 +4.649859875e-08 +1.950500000e+02 +1.950500000e+02 +8.4719e-01 -1.0170e-01
1285 0 +3.779680924e-08 +1.950500000e+02 +1.950500000e+02 +8.4719e-01 -1.0169e-01
1287 0 +3.399915727e-08 +1.950500000e+02 +1.950500000e+02 +8.4720e-01 -1.0162e-01
1292 0 +2.983193781e-08 +1.950500000e+02 +1.950500000e+02 +8.4719e-01 -1.0170e-01
1297 0 +1.958977691e-08 +1.950500000e+02 +1.950500000e+02 +8.4720e-01 -1.0164e-01
1305 0 +1.551080686e-08 +1.950500000e+02 +1.950500000e+02 +8.4720e-01 -1.0162e-01
1306 0 +1.370955260e-08 +1.950500000e+02 +1.950500000e+02 +8.4720e-01 -1.0163e-01
1310 0 +1.321774334e-08 +1.950500000e+02 +1.950500000e+02 +8.4720e-01 -1.0165e-01
1346 0 +1.201823352e-08 +1.950500000e+02 +1.950500000e+02 +8.4720e-01 -1.0164e-01
1347 0 +9.894080222e-09 +1.950500000e+02 +1.950500000e+02 +8.4719e-01 -1.0166e-01
% f evaluations | g evaluations | best noise-free fitness - Fopt (-2.144800000000e+02) + sum g_i+ | measured fitness | best measured fitness or single-digit g-values | x1 | x2...
1 0 +3.673824357e+02 +1.529024357e+02 +1.529024357e+02 +0.0000e+00 +0.0000e+00
2 0 +2.639274510e+02 +4.944745101e+01 +4.944745101e+01 +4.3379e-01 +3.0692e-02
8 0 +1.972892662e+02 -1.719073382e+01 -1.719073382e+01 +5.0839e-01 +2.5718e-01
12 0 +1.898719465e+02 -2.460805346e+01 -2.460805346e+01 +3.8221e-01 +4.1863e-01
18 0 +8.470190481e+01 -1.297780952e+02 -1.297780952e+02 +8.8993e-01 +3.8205e-01
22 0 +7.373075649e+01 -1.407492435e+02 -1.407492435e+02 +8.2942e-01 +1.0599e+00
23 0 +2.039958837e+01 -1.940804116e+02 -1.940804116e+02 +9.4196e-01 +6.2167e-01
72 0 +1.724248494e+01 -1.972375151e+02 -1.972375151e+02 +9.9140e-01 +5.9579e-01
78 0 +1.474156051e+01 -1.997384395e+02 -1.997384395e+02 +7.8231e-01 +8.1931e-01
356 0 +1.419498741e+01 -2.002850126e+02 -2.002850126e+02 +8.1739e-01 +7.7706e-01
362 0 +1.411142613e+01 -2.003685739e+02 -2.003685739e+02 +8.0780e-01 +7.8744e-01
363 0 +1.371032705e+01 -2.007696730e+02 -2.007696730e+02 +7.6502e-01 +8.3229e-01
370 0 +1.303464372e+01 -2.014453563e+02 -2.014453563e+02 +7.0530e-01 +8.9632e-01
375 0 +1.275447052e+01 -2.017255295e+02 -2.017255295e+02 +6.7738e-01 +9.2612e-01
376 0 +1.129897322e+01 -2.031810268e+02 -2.031810268e+02 +5.3066e-01 +1.0829e+00
384 0 +1.025191548e+01 -2.042280845e+02 -2.042280845e+02 +4.3960e-01 +1.1811e+00
386 0 +8.439979334e+00 -2.060400207e+02 -2.060400207e+02 +1.8724e-01 +1.4490e+00
390 0 +6.387746566e+00 -2.080922534e+02 -2.080922534e+02 -6.3312e-02 +1.7176e+00
395 0 +2.832028090e+00 -2.116479719e+02 -2.116479719e+02 -7.3807e-01 +2.4382e+00
398 0 +7.344817297e-01 -2.137455183e+02 -2.137455183e+02 -2.1628e+00 +3.9683e+00
409 0 +2.725156333e-01 -2.142074844e+02 -2.142074844e+02 -1.4188e+00 +3.1714e+00
431 0 +1.785679405e-01 -2.143014321e+02 -2.143014321e+02 -1.9069e+00 +3.6932e+00
499 0 +6.930113442e-02 -2.144106989e+02 -2.144106989e+02 -1.7859e+00 +3.5637e+00
531 0 +3.025212627e-02 -2.144497479e+02 -2.144497479e+02 -1.6123e+00 +3.3779e+00
541 0 +1.835962499e-02 -2.144616404e+02 -2.144616404e+02 -1.6851e+00 +3.4560e+00
552 0 +1.766522569e-02 -2.144623348e+02 -2.144623348e+02 -1.6893e+00 +3.4606e+00
556 0 +1.633886438e-02 -2.144636611e+02 -2.144636611e+02 -1.7320e+00 +3.5061e+00
561 0 +3.224133496e-03 -2.144767759e+02 -2.144767759e+02 -1.6826e+00 +3.4533e+00
569 0 +2.495272384e-03 -2.144775047e+02 -2.144775047e+02 -1.6904e+00 +3.4617e+00
601 0 +2.206205163e-03 -2.144777938e+02 -2.144777938e+02 -1.6652e+00 +3.4347e+00
602 0 +1.505775532e-03 -2.144784942e+02 -2.144784942e+02 -1.6587e+00 +3.4277e+00
619 0 +5.161298477e-04 -2.144794839e+02 -2.144794839e+02 -1.6710e+00 +3.4408e+00
635 0 +2.463324133e-04 -2.144797537e+02 -2.144797537e+02 -1.6707e+00 +3.4406e+00
662 0 +2.106785679e-04 -2.144797893e+02 -2.144797893e+02 -1.6790e+00 +3.4494e+00
670 0 +1.388153344e-04 -2.144798612e+02 -2.144798612e+02 -1.6715e+00 +3.4415e+00
707 0 +1.047019493e-04 -2.144798953e+02 -2.144798953e+02 -1.6722e+00 +3.4422e+00
715 0 +1.020706873e-04 -2.144798979e+02 -2.144798979e+02 -1.6718e+00 +3.4417e+00
763 0 +9.763013171e-05 -2.144799024e+02 -2.144799024e+02 -1.6720e+00 +3.4420e+00
765 0 +8.209636658e-05 -2.144799179e+02 -2.144799179e+02 -1.6733e+00 +3.4433e+00
775 0 +8.042664939e-05 -2.144799196e+02 -2.144799196e+02 -1.6733e+00 +3.4433e+00
776 0 +7.833399752e-05 -2.144799217e+02 -2.144799217e+02 -1.6730e+00 +3.4430e+00
779 0 +7.576224425e-05 -2.144799242e+02 -2.144799242e+02 -1.6748e+00 +3.4450e+00
781 0 +6.315587467e-05 -2.144799368e+02 -2.144799368e+02 -1.6739e+00 +3.4440e+00
791 0 +6.226253734e-05 -2.144799377e+02 -2.144799377e+02 -1.6746e+00 +3.4447e+00
793 0 +5.385337502e-05 -2.144799461e+02 -2.144799461e+02 -1.6738e+00 +3.4438e+00
798 0 +3.490681004e-05 -2.144799651e+02 -2.144799651e+02 -1.6748e+00 +3.4449e+00
806 0 +2.369753074e-05 -2.144799763e+02 -2.144799763e+02 -1.6777e+00 +3.4480e+00
807 0 +1.428316349e-05 -2.144799857e+02 -2.144799857e+02 -1.6763e+00 +3.4466e+00
823 0 +1.030779697e-05 -2.144799897e+02 -2.144799897e+02 -1.6768e+00 +3.4471e+00
847 0 +9.245373349e-06 -2.144799908e+02 -2.144799908e+02 -1.6767e+00 +3.4470e+00
861 0 +6.102991961e-06 -2.144799939e+02 -2.144799939e+02 -1.6769e+00 +3.4472e+00
870 0 +4.429143502e-06 -2.144799956e+02 -2.144799956e+02 -1.6770e+00 +3.4473e+00
878 0 +3.470540207e-06 -2.144799965e+02 -2.144799965e+02 -1.6774e+00 +3.4477e+00
918 0 +2.339230349e-06 -2.144799977e+02 -2.144799977e+02 -1.6774e+00 +3.4477e+00
964 0 +1.886380687e-06 -2.144799981e+02 -2.144799981e+02 -1.6776e+00 +3.4479e+00
971 0 +1.860254145e-06 -2.144799981e+02 -2.144799981e+02 -1.6775e+00 +3.4479e+00
980 0 +1.704740157e-06 -2.144799983e+02 -2.144799983e+02 -1.6775e+00 +3.4479e+00
1023 0 +1.686382632e-06 -2.144799983e+02 -2.144799983e+02 -1.6776e+00 +3.4479e+00
1029 0 +1.627878220e-06 -2.144799984e+02 -2.144799984e+02 -1.6776e+00 +3.4479e+00
1030 0 +1.463499984e-06 -2.144799985e+02 -2.144799985e+02 -1.6776e+00 +3.4480e+00
1052 0 +1.445208881e-06 -2.144799986e+02 -2.144799986e+02 -1.6776e+00 +3.4480e+00
1059 0 +1.241401378e-06 -2.144799988e+02 -2.144799988e+02 -1.6777e+00 +3.4481e+00
1068 0 +1.168000296e-06 -2.144799988e+02 -2.144799988e+02 -1.6777e+00 +3.4481e+00
1071 0 +1.123264354e-06 -2.144799989e+02 -2.144799989e+02 -1.6777e+00 +3.4481e+00
1080 0 +9.197196675e-07 -2.144799991e+02 -2.144799991e+02 -1.6779e+00 +3.4482e+00
1085 0 +6.862386215e-07 -2.144799993e+02 -2.144799993e+02 -1.6779e+00 +3.4483e+00
1087 0 +5.969426127e-07 -2.144799994e+02 -2.144799994e+02 -1.6779e+00 +3.4483e+00
1088 0 +2.001727353e-07 -2.144799998e+02 -2.144799998e+02 -1.6784e+00 +3.4488e+00
1089 0 +1.806815817e-07 -2.144799998e+02 -2.144799998e+02 -1.6784e+00 +3.4488e+00
1099 0 +9.469835049e-08 -2.144799999e+02 -2.144799999e+02 -1.6786e+00 +3.4490e+00
1183 0 +7.362140764e-08 -2.144799999e+02 -2.144799999e+02 -1.6785e+00 +3.4489e+00
1189 0 +4.942052101e-08 -2.144800000e+02 -2.144800000e+02 -1.6784e+00 +3.4488e+00
1193 0 +3.008796057e-08 -2.144800000e+02 -2.144800000e+02 -1.6784e+00 +3.4488e+00
1231 0 +2.673169774e-08 -2.144800000e+02 -2.144800000e+02 -1.6784e+00 +3.4487e+00
1246 0 +5.088992339e-09 -2.144800000e+02 -2.144800000e+02 -1.6784e+00 +3.4488e+00
1799 0 +0.000000000e+00 -2.144800000e+02 -2.144800000e+02 -1.6784e+00 +3.4488e+00
% f evaluations | g evaluations | best noise-free fitness - Fopt (-4.590000000000e+01) + sum g_i+ | measured fitness | best measured fitness or single-digit g-values | x1 | x2...
1 0 +3.351869082e+02 +2.892869082e+02 +2.892869082e+02 +0.0000e+00 +0.0000e+00
5 0 +2.699844895e+02 +2.240844895e+02 +2.240844895e+02 -1.1375e-01 -3.0566e-01
14 0 +2.619586477e+02 +2.160586477e+02 +2.160586477e+02 -3.5398e-02 -3.5135e-01
21 0 +2.447842035e+02 +1.988842035e+02 +1.988842035e+02 -2.2114e-01 -4.2071e-01
26 0 +2.367246730e+02 +1.908246730e+02 +1.908246730e+02 -1.5116e-01 -4.6576e-01
29 0 +2.298646263e+02 +1.839646263e+02 +1.839646263e+02 -5.9071e-02 -5.0663e-01
33 0 +2.270586430e+02 +1.811586430e+02 +1.811586430e+02 -2.5792e-01 -5.0549e-01
35 0 +1.525514722e+02 +1.066514722e+02 +1.066514722e+02 -5.2642e-02 -8.9018e-01
39 0 +1.609019328e+01 -2.980980672e+01 -2.980980672e+01 +2.7514e-01 -1.5974e+00
45 0 +8.266029887e+00 -3.763397011e+01 -3.763397011e+01 +1.7678e-01 -1.7170e+00
81 0 +4.636966526e+00 -4.126303347e+01 -4.126303347e+01 -3.4244e-01 -1.6305e+00
91 0 +2.460320105e+00 -4.343967989e+01 -4.343967989e+01 +1.2918e-01 -1.6852e+00
109 0 +6.983579425e-01 -4.520164206e+01 -4.520164206e+01 +3.4873e-01 -1.6841e+00
163 0 +2.218964635e-01 -4.567810354e+01 -4.567810354e+01 +2.2728e-01 -1.6774e+00
174 0 +2.108442483e-01 -4.568915575e+01 -4.568915575e+01 +8.8232e-02 -1.6698e+00
226 0 +1.388160118e-01 -4.576118399e+01 -4.576118399e+01 +1.6892e-01 -1.6737e+00
241 0 +8.332374387e-02 -4.581667626e+01 -4.581667626e+01 +1.9147e-01 -1.6753e+00
295 0 +7.120848858e-02 -4.582879151e+01 -4.582879151e+01 +1.9748e-01 -1.6755e+00
324 0 +5.744333398e-02 -4.584255667e+01 -4.584255667e+01 +1.7620e-01 -1.6746e+00
366 0 +5.258566430e-02 -4.584741434e+01 -4.584741434e+01 +1.8003e-01 -1.6747e+00
780 0 +5.239166029e-02 -4.584760834e+01 -4.584760834e+01 +1.7980e-01 -1.6747e+00
782 0 +5.066652702e-02 -4.584933347e+01 -4.584933347e+01 +1.7710e-01 -1.6746e+00
783 0 +4.729915049e-02 -4.585270085e+01 -4.585270085e+01 +1.7176e-01 -1.6743e+00
788 0 +4.252623456e-02 -4.585747377e+01 -4.585747377e+01 +1.6363e-01 -1.6740e+00
797 0 +3.392219317e-02 -4.586607781e+01 -4.586607781e+01 +1.4728e-01 -1.6733e+00
800 0 +2.295124336e-02 -4.587704876e+01 -4.587704876e+01 +1.2073e-01 -1.6722e+00
810 0 +1.751812194e-02 -4.588248188e+01 -4.588248188e+01 +1.0179e-01 -1.6714e+00
818 0 +1.211213311e-02 -4.588788787e+01 -4.588788787e+01 +6.3326e-02 -1.6697e+00
822 0 +1.200703732e-02 -4.588799296e+01 -4.588799296e+01 +5.6493e-02 -1.6694e+00
949 0 +1.174884013e-02 -4.588825116e+01 -4.588825116e+01 +5.4497e-02 -1.6694e+00
988 0 +1.138026462e-02 -4.588861974e+01 -4.588861974e+01 +4.9649e-02 -1.6691e+00
1002 0 +1.089438291e-02 -4.588910562e+01 -4.588910562e+01 +5.9407e-02 -1.6696e+00
1014 0 +1.020207378e-02 -4.588979793e+01 -4.588979793e+01 +4.7009e-02 -1.6690e+00
1018 0 +9.942127826e-03 -4.589005787e+01 -4.589005787e+01 +5.0841e-02 -1.6692e+00
1025 0 +9.695714141e-03 -4.589030429e+01 -4.589030429e+01 +5.1430e-02 -1.6692e+00
1026 0 +8.991025626e-03 -4.589100897e+01 -4.589100897e+01 +5.8197e-02 -1.6695e+00
1028 0 +8.341862443e-03 -4.589165814e+01 -4.589165814e+01 +6.6008e-02 -1.6699e+00
1031 0 +8.299323760e-03 -4.589170068e+01 -4.589170068e+01 +7.7903e-02 -1.6704e+00
1034 0 +5.699883432e-03 -4.589430012e+01 -4.589430012e+01 +7.5769e-02 -1.6703e+00
1035 0 +5.187392623e-03 -4.589481261e+01 -4.589481261e+01 +7.8564e-02 -1.6704e+00
1041 0 +2.160451701e-03 -4.589783955e+01 -4.589783955e+01 +5.8327e-02 -1.6696e+00
1078 0 +1.679879307e-03 -4.589832012e+01 -4.589832012e+01 +5.6973e-02 -1.6695e+00
1107 0 +1.405453112e-03 -4.589859455e+01 -4.589859455e+01 +5.9806e-02 -1.6696e+00
1128 0 +1.347614552e-03 -4.589865239e+01 -4.589865239e+01 +6.1713e-02 -1.6697e+00
1135 0 +1.193520455e-03 -4.589880648e+01 -4.589880648e+01 +6.0538e-02 -1.6697e+00
1178 0 +1.049848402e-03 -4.589895015e+01 -4.589895015e+01 +5.9770e-02 -1.6696e+00
1241 0 +9.207252511e-04 -4.589907927e+01 -4.589907927e+01 +5.6658e-02 -1.6695e+00
1247 0 +7.066497874e-04 -4.589929335e+01 -4.589929335e+01 +5.4438e-02 -1.6694e+00
1249 0 +6.379627764e-04 -4.589936204e+01 -4.589936204e+01 +5.5033e-02 -1.6694e+00
1255 0 +5.064771601e-04 -4.589949352e+01 -4.589949352e+01 +5.2932e-02 -1.6693e+00
1263 0 +5.936568342e-05 -4.589994063e+01 -4.589994063e+01 +3.7205e-02 -1.6687e+00
1310 0 +3.910726652e-05 -4.589996089e+01 -4.589996089e+01 +3.6695e-02 -1.6687e+00
1331 0 +3.189835382e-05 -4.589996810e+01 -4.589996810e+01 +3.6556e-02 -1.6687e+00
1340 0 +2.731088317e-05 -4.589997269e+01 -4.589997269e+01 +4.1234e-02 -1.6689e+00
1349 0 +8.562692656e-06 -4.589999144e+01 -4.589999144e+01 +4.0126e-02 -1.6688e+00
1358 0 +7.148676431e-06 -4.589999285e+01 -4.589999285e+01 +3.9484e-02 -1.6688e+00
1360 0 +2.169608472e-06 -4.589999783e+01 -4.589999783e+01 +4.0372e-02 -1.6688e+00
1369 0 +2.395985987e-07 -4.589999976e+01 -4.589999976e+01 +3.9824e-02 -1.6688e+00
1455 0 +7.701131466e-08 -4.589999992e+01 -4.589999992e+01 +4.0131e-02 -1.6688e+00
1483 0 +5.899934763e-08 -4.589999994e+01 -4.589999994e+01 +4.0103e-02 -1.6688e+00
1491 0 +5.716857743e-08 -4.589999994e+01 -4.589999994e+01 +4.0122e-02 -1.6688e+00
1516 0 +1.957643292e-08 -4.589999998e+01 -4.589999998e+01 +4.0079e-02 -1.6688e+00
1563 0 +1.902699154e-08 -4.589999998e+01 -4.589999998e+01 +4.0073e-02 -1.6688e+00
1567 0 +1.654885295e-08 -4.589999998e+01 -4.589999998e+01 +4.0077e-02 -1.6688e+00
1569 0 +7.853564910e-09 -4.589999999e+01 -4.589999999e+01 +4.0046e-02 -1.6688e+00
2229 0 +0.000000000e+00 -4.590000000e+01 -4.590000000e+01 +4.0000e-02 -1.6688e+00
