% f evaluations | g evaluations | best noise-free fitness - Fopt (1.026100000000e+02) + sum g_i+ | measured fitness | best measured fitness or single-digit g-values | x1 | x2...
1 0 +6.587741914e+02 +7.613841914e+02 +7.613841914e+02
4 0 +6.377869217e+02 +7.403969217e+02 +7.403969217e+02
7 0 +5.610818287e+02 +6.636918287e+02 +6.636918287e+02
221 0 +5.306476737e+02 +6.332576737e+02 +6.332576737e+02
612 0 +5.159730107e+02 +6.185830107e+02 +6.185830107e+02
1179 0 +5.102149295e+02 +6.128249295e+02 +6.128249295e+02
1192 0 +4.968289758e+02 +5.994389758e+02 +5.994389758e+02
1393 0 +4.896313188e+02 +5.922413188e+02 +5.922413188e+02
1407 0 +4.693812623e+02 +5.719912623e+02 +5.719912623e+02
1409 0 +4.535067231e+02 +5.561167231e+02 +5.561167231e+02
1505 0 +4.429719407e+02 +5.455819407e+02 +5.455819407e+02
1537 0 +4.175573643e+02 +5.201673643e+02 +5.201673643e+02
1553 0 +4.114036950e+02 +5.140136950e+02 +5.140136950e+02
1601 0 +4.070492783e+02 +5.096592783e+02 +5.096592783e+02
1633 0 +3.978088632e+02 +5.004188632e+02 +5.004188632e+02
1649 0 +3.889122764e+02 +4.915222764e+02 +4.915222764e+02
1681 0 +3.686766690e+02 +4.712866690e+02 +4.712866690e+02
1697 0 +3.556990279e+02 +4.583090279e+02 +4.583090279e+02
1713 0 +3.547536911e+02 +4.573636911e+02 +4.573636911e+02
1777 0 +3.437452559e+02 +4.463552559e+02 +4.463552559e+02
1793 0 +3.309883086e+02 +4.335983086e+02 +4.335983086e+02
1825 0 +3.221800975e+02 +4.247900975e+02 +4.247900975e+02
1937 0 +3.125769552e+02 +4.151869552e+02 +4.151869552e+02
1953 0 +3.052526226e+02 +4.078626226e+02 +4.078626226e+02
1985 0 +3.015543104e+02 +4.041643104e+02 +4.041643104e+02
2033 0 +2.888074231e+02 +3.914174231e+02 +3.914174231e+02
2065 0 +2.848710001e+02 +3.874810001e+02 +3.874810001e+02
2097 0 +2.815232924e+02 +3.841332924e+02 +3.841332924e+02
2241 0 +2.753170661e+02 +3.779270661e+02 +3.779270661e+02
2312 0 +2.665718405e+02 +3.691818405e+02 +3.691818405e+02
2369 0 +2.625271099e+02 +3.651371099e+02 +3.651371099e+02
2433 0 +2.565511721e+02 +3.591611721e+02 +3.591611721e+02
2561 0 +2.502465062e+02 +3.528565062e+02 +3.528565062e+02
2833 0 +2.454239945e+02 +3.480339945e+02 +3.480339945e+02
3069 0 +2.398318208e+02 +3.424418208e+02 +3.424418208e+02
3665 0 +2.343604679e+02 +3.369704679e+02 +3.369704679e+02
4898 0 +2.290027670e+02 +3.316127670e+02 +3.316127670e+02
% f evaluations | g evaluations | best noise-free fitness - Fopt (9.330000000000e+01) + sum g_i+ | measured fitness | best measured fitness or single-digit g-values | x1 | x2...
1 0 +6.708457127e+02 +7.641457127e+02 +7.641457127e+02
2 0 +5.796932089e+02 +6.729932089e+02 +6.729932089e+02
6 0 +5.498905369e+02 +6.431905369e+02 +6.431905369e+02
173 0 +5.355149889e+02 +6.288149889e+02 +6.288149889e+02
314 0 +5.137417788e+02 +6.070417788e+02 +6.070417788e+02
618 0 +5.037243893e+02 +5.970243893e+02 +5.970243893e+02
791 0 +4.800643698e+02 +5.733643698e+02 +5.733643698e+02
860 0 +4.763966608e+02 +5.696966608e+02 +5.696966608e+02
929 0 +4.540301272e+02 +5.473301272e+02 +5.473301272e+02
1343 0 +4.326372089e+02 +5.259372089e+02 +5.259372089e+02
1521 0 +4.121892749e+02 +5.054892749e+02 +5.054892749e+02
1585 0 +4.065067020e+02 +4.998067020e+02 +4.998067020e+02
1681 0 +3.780668487e+02 +4.713668487e+02 +4.713668487e+02
1697 0 +3.688966126e+02 +4.621966126e+02 +4.621966126e+02
1729 0 +3.621480014e+02 +4.554480014e+02 +4.554480014e+02
1761 0 +3.544869703e+02 +4.477869703e+02 +4.477869703e+02
1905 0 +3.427365937e+02 +4.360365937e+02 +4.360365937e+02
1921 0 +3.358364387e+02 +4.291364387e+02 +4.291364387e+02
1937 0 +3.264227452e+02 +4.197227452e+02 +4.197227452e+02
1969 0 +3.213760983e+02 +4.146760983e+02 +4.146760983e+02
2033 0 +3.112719431e+02 +4.045719431e+02 +4.045719431e+02
2097 0 +3.066913595e+02 +3.999913595e+02 +3.999913595e+02
2145 0 +2.966318627e+02 +3.899318627e+02 +3.899318627e+02
2161 0 +2.914256714e+02 +3.847256714e+02 +3.847256714e+02
2241 0 +2.878835875e+02 +3.811835875e+02 +3.811835875e+02
2273 0 +2.808953186e+02 +3.741953186e+02 +3.741953186e+02
2529 0 +2.749103450e+02 +3.682103450e+02 +3.682103450e+02
2625 0 +2.670565833e+02 +3.603565833e+02 +3.603565833e+02
2733 0 +2.626040090e+02 +3.559040090e+02 +3.559040090e+02
2881 0 +2.569854812e+02 +3.502854812e+02 +3.502854812e+02
2993 0 +2.508373431e+02 +3.441373431e+02 +3.441373431e+02
3174 0 +2.442319494e+02 +3.375319494e+02 +3.375319494e+02
3304 0 +2.388849796e+02 +3.321849796e+02 +3.321849796e+02
3441 0 +2.339623413e+02 +3.272623413e+02 +3.272623413e+02
3556 0 +2.283719947e+02 +3.216719947e+02 +3.216719947e+02
3777 0 +2.237239100e+02 +3.170239100e+02 +3.170239100e+02
3951 0 +2.186299555e+02 +3.119299555e+02 +3.119299555e+02
4225 0 +2.136613223e+02 +3.069613223e+02 +3.069613223e+02
4489 0 +2.082866182e+02 +3.015866182e+02 +3.015866182e+02
4817 0 +2.040319517e+02 +2.973319517e+02 +2.973319517e+02
5297 0 +1.994307035e+02 +2.927307035e+02 +2.927307035e+02
6833 0 +1.949802683e+02 +2.882802683e+02 +2.882802683e+02
% f evaluations | g evaluations | best noise-free fitness - Fopt (1.364000000000e+01) + sum g_i+ | measured fitness | best measured fitness or single-digit g-values | x1 | x2...
1 0 +6.419713988e+02 +6.556113988e+02 +6.556113988e+02
4 0 +6.328652069e+02 +6.465052069e+02 +6.465052069e+02
6 0 +5.515961446e+02 +5.652361446e+02 +5.652361446e+02
129 0 +5.473282756e+02 +5.609682756e+02 +5.609682756e+02
213 0 +4.651953580e+02 +4.788353580e+02 +4.788353580e+02
1528 0 +4.009782852e+02 +4.146182852e+02 +4.146182852e+02
1665 0 +3.923644191e+02 +4.060044191e+02 +4.060044191e+02
1713 0 +3.815110524e+02 +3.951510524e+02 +3.951510524e+02
1743 0 +3.578667406e+02 +3.715067406e+02 +3.715067406e+02
1793 0 +3.537045194e+02 +3.673445194e+02 +3.673445194e+02
1809 0 +3.451182306e+02 +3.587582306e+02 +3.587582306e+02
1937 0 +3.344801904e+02 +3.481201904e+02 +3.481201904e+02
1953 0 +3.286996072e+02 +3.423396072e+02 +3.423396072e+02
2017 0 +3.191322737e+02 +3.327722737e+02 +3.327722737e+02
2033 0 +3.162094007e+02 +3.298494007e+02 +3.298494007e+02
2065 0 +3.079166527e+02 +3.215566527e+02 +3.215566527e+02
2115 0 +3.000853933e+02 +3.137253933e+02 +3.137253933e+02
2193 0 +2.884085251e+02 +3.020485251e+02 +3.020485251e+02
2273 0 +2.841815357e+02 +2.978215357e+02 +2.978215357e+02
2282 0 +2.784154372e+02 +2.920554372e+02 +2.920554372e+02
2305 0 +2.753615720e+02 +2.890015720e+02 +2.890015720e+02
2430 0 +2.656341996e+02 +2.792741996e+02 +2.792741996e+02
2465 0 +2.598912367e+02 +2.735312367e+02 +2.735312367e+02
2545 0 +2.555707128e+02 +2.692107128e+02 +2.692107128e+02
2641 0 +2.508558452e+02 +2.644958452e+02 +2.644958452e+02
2849 0 +2.453295026e+02 +2.589695026e+02 +2.589695026e+02
2961 0 +2.390344933e+02 +2.526744933e+02 +2.526744933e+02
3089 0 +2.343983056e+02 +2.480383056e+02 +2.480383056e+02
3291 0 +2.273134015e+02 +2.409534015e+02 +2.409534015e+02
3456 0 +2.232177842e+02 +2.368577842e+02 +2.368577842e+02
3665 0 +2.185098599e+02 +2.321498599e+02 +2.321498599e+02
4023 0 +2.137697430e+02 +2.274097430e+02 +2.274097430e+02
4547 0 +2.087537248e+02 +2.223937248e+02 +2.223937248e+02
7009 0 +2.041727783e+02 +2.178127783e+02 +2.178127783e+02
% f evaluations | g evaluations | best noise-free fitness - Fopt (1.948000000000e+02) + sum g_i+ | measured fitness | best measured fitness or single-digit g-values | x1 | x2...
1 0 +5.818754603e+02 +7.766754603e+02 +7.766754603e+02
4 0 +5.812047006e+02 +7.760047006e+02 +7.760047006e+02
13 0 +5.529201537e+02 +7.477201537e+02 +7.477201537e+02
122 0 +5.455504082e+02 +7.403504082e+02 +7.403504082e+02
153 0 +5.248820608e+02 +7.196820608e+02 +7.196820608e+02
169 0 +5.065746059e+02 +7.013746059e+02 +7.013746059e+02
197 0 +4.443519167e+02 +6.391519167e+02 +6.391519167e+02
1377 0 +4.140386616e+02 +6.088386616e+02 +6.088386616e+02
1569 0 +3.834348650e+02 +5.782348650e+02 +5.782348650e+02
1601 0 +3.801698518e+02 +5.749698518e+02 +5.749698518e+02
1793 0 +3.693955862e+02 +5.641955862e+02 +5.641955862e+02
1857 0 +3.621469580e+02 +5.569469580e+02 +5.569469580e+02
1873 0 +3.498128018e+02 +5.446128018e+02 +5.446128018e+02
1889 0 +3.374368871e+02 +5.322368871e+02 +5.322368871e+02
1921 0 +3.278910725e+02 +5.226910725e+02 +5.226910725e+02
1922 0 +3.211021666e+02 +5.159021666e+02 +5.159021666e+02
1969 0 +3.137369889e+02 +5.085369889e+02 +5.085369889e+02
2017 0 +3.065704181e+02 +5.013704181e+02 +5.013704181e+02
2033 0 +2.978712707e+02 +4.926712707e+02 +4.926712707e+02
2065 0 +2.943512290e+02 +4.891512290e+02 +4.891512290e+02
2081 0 +2.878525672e+02 +4.826525672e+02 +4.826525672e+02
2137 0 +2.801613704e+02 +4.749613704e+02 +4.749613704e+02
2193 0 +2.707146833e+02 +4.655146833e+02 +4.655146833e+02
2207 0 +2.681884831e+02 +4.629884831e+02 +4.629884831e+02
2241 0 +2.593889267e+02 +4.541889267e+02 +4.541889267e+02
2257 0 +2.552937968e+02 +4.500937968e+02 +4.500937968e+02
2289 0 +2.478278707e+02 +4.426278707e+02 +4.426278707e+02
2305 0 +2.441466768e+02 +4.389466768e+02 +4.389466768e+02
2337 0 +2.377923653e+02 +4.325923653e+02 +4.325923653e+02
2401 0 +2.320539156e+02 +4.268539156e+02 +4.268539156e+02
2497 0 +2.266461538e+02 +4.214461538e+02 +4.214461538e+02
2561 0 +2.225811991e+02 +4.173811991e+02 +4.173811991e+02
2657 0 +2.187733143e+02 +4.135733143e+02 +4.135733143e+02
2737 0 +2.132948488e+02 +4.080948488e+02 +4.080948488e+02
2884 0 +2.086790545e+02 +4.034790545e+02 +4.034790545e+02
3041 0 +2.040579013e+02 +3.988579013e+02 +3.988579013e+02
3249 0 +1.993319740e+02 +3.941319740e+02 +3.941319740e+02
3680 0 +1.949222286e+02 +3.897222286e+02 +3.897222286e+02
5025 0 +1.905435873e+02 +3.853435873e+02 +3.853435873e+02
% f evaluations | g evaluations | best noise-free fitness - Fopt (-1.335900000000e+02) + sum g_i+ | measured fitness | best measured fitness or single-digit g-values | x1 | x2...
1 0 +6.316373895e+02 +4.980473895e+02 +4.980473895e+02
2 0 +5.577479971e+02 +4.241579971e+02 +4.241579971e+02
39 0 +5.357317516e+02 +4.021417516e+02 +4.021417516e+02
125 0 +5.105381903e+02 +3.769481903e+02 +3.769481903e+02
467 0 +4.833164617e+02 +3.497264617e+02 +3.497264617e+02
866 0 +4.751087935e+02 +3.415187935e+02 +3.415187935e+02
1633 0 +4.333588671e+02 +2.997688671e+02 +2.997688671e+02
1681 0 +3.964294299e+02 +2.628394299e+02 +2.628394299e+02
1937 0 +3.631018372e+02 +2.295118372e+02 +2.295118372e+02
1985 0 +3.626249382e+02 +2.290349382e+02 +2.290349382e+02
2017 0 +3.493506569e+02 +2.157606569e+02 +2.157606569e+02
2123 0 +3.452031650e+02 +2.116131650e+02 +2.116131650e+02
2289 0 +3.352203184e+02 +2.016303184e+02 +2.016303184e+02
2337 0 +3.274962517e+02 +1.939062517e+02 +1.939062517e+02
2369 0 +3.201228013e+02 +1.865328013e+02 +1.865328013e+02
2417 0 +3.160985632e+02 +1.825085632e+02 +1.825085632e+02
2497 0 +3.072965875e+02 +1.737065875e+02 +1.737065875e+02
2689 0 +3.008962929e+02 +1.673062929e+02 +1.673062929e+02
2878 0 +2.940580586e+02 +1.604680586e+02 +1.604680586e+02
2941 0 +2.870525037e+02 +1.534625037e+02 +1.534625037e+02
3057 0 +2.816139223e+02 +1.480239223e+02 +1.480239223e+02
3207 0 +2.736957536e+02 +1.401057536e+02 +1.401057536e+02
3313 0 +2.690280201e+02 +1.354380201e+02 +1.354380201e+02
3397 0 +2.629413937e+02 +1.293513937e+02 +1.293513937e+02
3561 0 +2.568110953e+02 +1.232210953e+02 +1.232210953e+02
3713 0 +2.511018114e+02 +1.175118114e+02 +1.175118114e+02
3937 0 +2.452528468e+02 +1.116628468e+02 +1.116628468e+02
4273 0 +2.397604364e+02 +1.061704364e+02 +1.061704364e+02
4627 0 +2.339725869e+02 +1.003825869e+02 +1.003825869e+02
5261 0 +2.290044961e+02 +9.541449611e+01 +9.541449611e+01
5747 0 +2.235813213e+02 +8.999132129e+01 +8.999132129e+01
6656 0 +2.187682039e+02 +8.517820394e+01 +8.517820394e+01
% f evaluations | g evaluations | best noise-free fitness - Fopt (-3.085000000000e+01) + sum g_i+ | measured fitness | best measured fitness or single-digit g-values | x1 | x2...
1 0 +6.634383006e+02 +6.325883006e+02 +6.325883006e+02
2 0 +6.246674805e+02 +5.938174805e+02 +5.938174805e+02
4 0 +5.357980550e+02 +5.049480550e+02 +5.049480550e+02
153 0 +5.176767361e+02 +4.868267361e+02 +4.868267361e+02
788 0 +5.099070076e+02 +4.790570076e+02 +4.790570076e+02
791 0 +4.736400150e+02 +4.427900150e+02 +4.427900150e+02
1659 0 +4.560727420e+02 +4.252227420e+02 +4.252227420e+02
1743 0 +4.465434261e+02 +4.156934261e+02 +4.156934261e+02
1793 0 +4.307899826e+02 +3.999399826e+02 +3.999399826e+02
1809 0 +4.158799679e+02 +3.850299679e+02 +3.850299679e+02
1856 0 +4.034776824e+02 +3.726276824e+02 +3.726276824e+02
1873 0 +3.970057614e+02 +3.661557614e+02 +3.661557614e+02
1881 0 +3.865927848e+02 +3.557427848e+02 +3.557427848e+02
1889 0 +3.762771287e+02 +3.454271287e+02 +3.454271287e+02
1905 0 +3.630201371e+02 +3.321701371e+02 +3.321701371e+02
2001 0 +3.528660345e+02 +3.220160345e+02 +3.220160345e+02
2049 0 +3.446149418e+02 +3.137649418e+02 +3.137649418e+02
2065 0 +3.386186878e+02 +3.077686878e+02 +3.077686878e+02
2081 0 +3.302246142e+02 +2.993746142e+02 +2.993746142e+02
2161 0 +3.159307842e+02 +2.850807842e+02 +2.850807842e+02
2289 0 +3.088566195e+02 +2.780066195e+02 +2.780066195e+02
2353 0 +2.981376698e+02 +2.672876698e+02 +2.672876698e+02
2369 0 +2.949568308e+02 +2.641068308e+02 +2.641068308e+02
2449 0 +2.854215163e+02 +2.545715163e+02 +2.545715163e+02
2473 0 +2.801923270e+02 +2.493423270e+02 +2.493423270e+02
2496 0 +2.742788116e+02 +2.434288116e+02 +2.434288116e+02
2657 0 +2.682722024e+02 +2.374222024e+02 +2.374222024e+02
2757 0 +2.628798958e+02 +2.320298958e+02 +2.320298958e+02
2804 0 +2.529418410e+02 +2.220918410e+02 +2.220918410e+02
2865 0 +2.509645327e+02 +2.201145327e+02 +2.201145327e+02
2914 0 +2.446752934e+02 +2.138252934e+02 +2.138252934e+02
3009 0 +2.387104763e+02 +2.078604763e+02 +2.078604763e+02
3153 0 +2.342798348e+02 +2.034298348e+02 +2.034298348e+02
3329 0 +2.287155080e+02 +1.978655080e+02 +1.978655080e+02
3665 0 +2.235803040e+02 +1.927303040e+02 +1.927303040e+02
3941 0 +2.185441907e+02 +1.876941907e+02 +1.876941907e+02
4389 0 +2.137744770e+02 +1.829244770e+02 +1.829244770e+02
5616 0 +2.089203212e+02 +1.780703212e+02 +1.780703212e+02
% f evaluations | g evaluations | best noise-free fitness - Fopt (-9.200000000000e+00) + sum g_i+ | measured fitness | best measured fitness or single-digit g-values | x1 | x2...
1 0 +5.993142646e+02 +5.901142646e+02 +5.901142646e+02
17 0 +5.484808331e+02 +5.392808331e+02 +5.392808331e+02
38 0 +5.079274374e+02 +4.987274374e+02 +4.987274374e+02
303 0 +4.920533711e+02 +4.828533711e+02 +4.828533711e+02
760 0 +4.890626308e+02 +4.798626308e+02 +4.798626308e+02
1275 0 +4.532320535e+02 +4.440320535e+02 +4.440320535e+02
1697 0 +4.362332332e+02 +4.270332332e+02 +4.270332332e+02
1729 0 +4.178116446e+02 +4.086116446e+02 +4.086116446e+02
1761 0 +3.929540076e+02 +3.837540076e+02 +3.837540076e+02
1777 0 +3.631553438e+02 +3.539553438e+02 +3.539553438e+02
1793 0 +3.573697869e+02 +3.481697869e+02 +3.481697869e+02
1825 0 +3.514241438e+02 +3.422241438e+02 +3.422241438e+02
1857 0 +3.345204304e+02 +3.253204304e+02 +3.253204304e+02
1873 0 +3.279576148e+02 +3.187576148e+02 +3.187576148e+02
1905 0 +3.104414079e+02 +3.012414079e+02 +3.012414079e+02
1937 0 +3.042677729e+02 +2.950677729e+02 +2.950677729e+02
1953 0 +3.002735514e+02 +2.910735514e+02 +2.910735514e+02
2097 0 +2.942763662e+02 +2.850763662e+02 +2.850763662e+02
2193 0 +2.835375382e+02 +2.743375382e+02 +2.743375382e+02
2305 0 +2.805368396e+02 +2.713368396e+02 +2.713368396e+02
2321 0 +2.751651856e+02 +2.659651856e+02 +2.659651856e+02
2367 0 +2.690952543e+02 +2.598952543e+02 +2.598952543e+02
2481 0 +2.602686079e+02 +2.510686079e+02 +2.510686079e+02
2577 0 +2.555224224e+02 +2.463224224e+02 +2.463224224e+02
2641 0 +2.502058836e+02 +2.410058836e+02 +2.410058836e+02
2720 0 +2.449291430e+02 +2.357291430e+02 +2.357291430e+02
2929 0 +2.388451168e+02 +2.296451168e+02 +2.296451168e+02
3121 0 +2.342566643e+02 +2.250566643e+02 +2.250566643e+02
3265 0 +2.289609730e+02 +2.197609730e+02 +2.197609730e+02
3553 0 +2.237758846e+02 +2.145758846e+02 +2.145758846e+02
3745 0 +2.185093303e+02 +2.093093303e+02 +2.093093303e+02
4065 0 +2.136404799e+02 +2.044404799e+02 +2.044404799e+02
4497 0 +2.087102592e+02 +1.995102592e+02 +1.995102592e+02
5537 0 +2.041666138e+02 +1.949666138e+02 +1.949666138e+02
% f evaluations | g evaluations | best noise-free fitness - Fopt (-2.037600000000e+02) + sum g_i+ | measured fitness | best measured fitness or single-digit g-values | x1 | x2...
1 0 +5.794450868e+02 +3.756850868e+02 +3.756850868e+02
3 0 +5.406320384e+02 +3.368720384e+02 +3.368720384e+02
360 0 +5.298862164e+02 +3.261262164e+02 +3.261262164e+02
374 0 +5.139756810e+02 +3.102156810e+02 +3.102156810e+02
407 0 +5.114485252e+02 +3.076885252e+02 +3.076885252e+02
657 0 +4.938523347e+02 +2.900923347e+02 +2.900923347e+02
901 0 +4.573653646e+02 +2.536053646e+02 +2.536053646e+02
1457 0 +4.265910318e+02 +2.228310318e+02 +2.228310318e+02
1473 0 +4.111873642e+02 +2.074273642e+02 +2.074273642e+02
1489 0 +3.965037216e+02 +1.927437216e+02 +1.927437216e+02
1505 0 +3.843086531e+02 +1.805486531e+02 +1.805486531e+02
1553 0 +3.766887981e+02 +1.729287981e+02 +1.729287981e+02
1697 0 +3.700030411e+02 +1.662430411e+02 +1.662430411e+02
1761 0 +3.617335986e+02 +1.579735986e+02 +1.579735986e+02
1793 0 +3.474556908e+02 +1.436956908e+02 +1.436956908e+02
1864 0 +3.371305939e+02 +1.333705939e+02 +1.333705939e+02
1905 0 +3.288608845e+02 +1.251008845e+02 +1.251008845e+02
2001 0 +3.224285912e+02 +1.186685912e+02 +1.186685912e+02
2033 0 +3.156049336e+02 +1.118449336e+02 +1.118449336e+02
2097 0 +3.072313390e+02 +1.034713390e+02 +1.034713390e+02
2161 0 +3.017544912e+02 +9.799449118e+01 +9.799449118e+01
2276 0 +2.927828459e+02 +8.902284592e+01 +8.902284592e+01
2321 0 +2.857707293e+02 +8.201072929e+01 +8.201072929e+01
2385 0 +2.795221696e+02 +7.576216955e+01 +7.576216955e+01
2465 0 +2.741446116e+02 +7.038461156e+01 +7.038461156e+01
2513 0 +2.689409967e+02 +6.518099671e+01 +6.518099671e+01
2605 0 +2.604008982e+02 +5.664089823e+01 +5.664089823e+01
2769 0 +2.569130452e+02 +5.315304516e+01 +5.315304516e+01
2900 0 +2.510808869e+02 +4.732088693e+01 +4.732088693e+01
3030 0 +2.451573160e+02 +4.139731601e+01 +4.139731601e+01
3281 0 +2.397755460e+02 +3.601554604e+01 +3.601554604e+01
3644 0 +2.344063214e+02 +3.064632137e+01 +3.064632137e+01
4463 0 +2.290796263e+02 +2.531962635e+01 +2.531962635e+01
% f evaluations | g evaluations | best noise-free fitness - Fopt (3.399000000000e+01) + sum g_i+ | measured fitness | best measured fitness or single-digit g-values | x1 | x2...
1 0 +6.187746539e+02 +6.527646539e+02 +6.527646539e+02
6 0 +6.122715103e+02 +6.462615103e+02 +6.462615103e+02
9 0 +5.832178138e+02 +6.172078138e+02 +6.172078138e+02
12 0 +5.684708293e+02 +6.024608293e+02 +6.024608293e+02
34 0 +5.445660610e+02 +5.785560610e+02 +5.785560610e+02
92 0 +5.313007453e+02 +5.652907453e+02 +5.652907453e+02
136 0 +4.953234215e+02 +5.293134215e+02 +5.293134215e+02
442 0 +4.873393730e+02 +5.213293730e+02 +5.213293730e+02
1107 0 +4.617884727e+02 +4.957784727e+02 +4.957784727e+02
1360 0 +4.384292874e+02 +4.724192874e+02 +4.724192874e+02
1502 0 +4.125548980e+02 +4.465448980e+02 +4.465448980e+02
1601 0 +3.976337680e+02 +4.316237680e+02 +4.316237680e+02
1649 0 +3.635672109e+02 +3.975572109e+02 +3.975572109e+02
1665 0 +3.513996063e+02 +3.853896063e+02 +3.853896063e+02
1777 0 +3.420482156e+02 +3.760382156e+02 +3.760382156e+02
1857 0 +3.371730504e+02 +3.711630504e+02 +3.711630504e+02
1873 0 +3.300106573e+02 +3.640006573e+02 +3.640006573e+02
1889 0 +3.213964345e+02 +3.553864345e+02 +3.553864345e+02
1892 0 +3.137102116e+02 +3.477002116e+02 +3.477002116e+02
1937 0 +3.054963221e+02 +3.394863221e+02 +3.394863221e+02
2001 0 +3.015522719e+02 +3.355422719e+02 +3.355422719e+02
2161 0 +2.915393171e+02 +3.255293171e+02 +3.255293171e+02
2177 0 +2.845808002e+02 +3.185708002e+02 +3.185708002e+02
2257 0 +2.815340066e+02 +3.155240066e+02 +3.155240066e+02
2289 0 +2.749934841e+02 +3.089834841e+02 +3.089834841e+02
2321 0 +2.681876036e+02 +3.021776036e+02 +3.021776036e+02
2417 0 +2.626576598e+02 +2.966476598e+02 +2.966476598e+02
2490 0 +2.563908282e+02 +2.903808282e+02 +2.903808282e+02
2545 0 +2.509955466e+02 +2.849855466e+02 +2.849855466e+02
2593 0 +2.449875814e+02 +2.789775814e+02 +2.789775814e+02
2737 0 +2.374244240e+02 +2.714144240e+02 +2.714144240e+02
2760 0 +2.328207575e+02 +2.668107575e+02 +2.668107575e+02
2913 0 +2.260764989e+02 +2.600664989e+02 +2.600664989e+02
3057 0 +2.230739403e+02 +2.570639403e+02 +2.570639403e+02
3233 0 +2.180519746e+02 +2.520419746e+02 +2.520419746e+02
3473 0 +2.135353324e+02 +2.475253324e+02 +2.475253324e+02
3841 0 +2.086751456e+02 +2.426651456e+02 +2.426651456e+02
4508 0 +2.040572731e+02 +2.380472731e+02 +2.380472731e+02
6129 0 +1.995259768e+02 +2.335159768e+02 +2.335159768e+02
% f evaluations | g evaluations | best noise-free fitness - Fopt (-1.000000000000e+03) + sum g_i+ | measured fitness | best measured fitness or single-digit g-values | x1 | x2...
1 0 +6.961659813e+02 -3.038340187e+02 -3.038340187e+02
3 0 +5.845167030e+02 -4.154832970e+02 -4.154832970e+02
65 0 +5.629512929e+02 -4.370487071e+02 -4.370487071e+02
74 0 +5.367765349e+02 -4.632234651e+02 -4.632234651e+02
137 0 +5.230632085e+02 -4.769367915e+02 -4.769367915e+02
231 0 +5.015892379e+02 -4.984107621e+02 -4.984107621e+02
259 0 +4.841353490e+02 -5.158646510e+02 -5.158646510e+02
751 0 +4.756275137e+02 -5.243724863e+02 -5.243724863e+02
787 0 +4.274748689e+02 -5.725251311e+02 -5.725251311e+02
2001 0 +4.191182115e+02 -5.808817885e+02 -5.808817885e+02
2007 0 +4.093487295e+02 -5.906512705e+02 -5.906512705e+02
2049 0 +4.004058695e+02 -5.995941305e+02 -5.995941305e+02
2065 0 +3.965796318e+02 -6.034203682e+02 -6.034203682e+02
2097 0 +3.857978252e+02 -6.142021748e+02 -6.142021748e+02
2115 0 +3.761249555e+02 -6.238750445e+02 -6.238750445e+02
2161 0 +3.645578945e+02 -6.354421055e+02 -6.354421055e+02
2177 0 +3.612778268e+02 -6.387221732e+02 -6.387221732e+02
2193 0 +3.483129105e+02 -6.516870895e+02 -6.516870895e+02
2209 0 +3.454934594e+02 -6.545065406e+02 -6.545065406e+02
2273 0 +3.292237719e+02 -6.707762281e+02 -6.707762281e+02
2289 0 +3.213716941e+02 -6.786283059e+02 -6.786283059e+02
2353 0 +3.153813515e+02 -6.846186485e+02 -6.846186485e+02
2401 0 +3.062232604e+02 -6.937767396e+02 -6.937767396e+02
2417 0 +2.959372081e+02 -7.040627919e+02 -7.040627919e+02
2433 0 +2.895358714e+02 -7.104641286e+02 -7.104641286e+02
2481 0 +2.773241419e+02 -7.226758581e+02 -7.226758581e+02
2561 0 +2.724756949e+02 -7.275243051e+02 -7.275243051e+02
2657 0 +2.669392329e+02 -7.330607671e+02 -7.330607671e+02
2689 0 +2.628510905e+02 -7.371489095e+02 -7.371489095e+02
2785 0 +2.546558908e+02 -7.453441092e+02 -7.453441092e+02
2865 0 +2.484344853e+02 -7.515655147e+02 -7.515655147e+02
2913 0 +2.453434545e+02 -7.546565455e+02 -7.546565455e+02
3121 0 +2.396560910e+02 -7.603439090e+02 -7.603439090e+02
3249 0 +2.344203643e+02 -7.655796357e+02 -7.655796357e+02
3487 0 +2.287287820e+02 -7.712712180e+02 -7.712712180e+02
3604 0 +2.230276092e+02 -7.769723908e+02 -7.769723908e+02
3917 0 +2.187060800e+02 -7.812939200e+02 -7.812939200e+02
4161 0 +2.136108941e+02 -7.863891059e+02 -7.863891059e+02
4480 0 +2.088299512e+02 -7.911700488e+02 -7.911700488e+02
4817 0 +2.041058169e+02 -7.958941831e+02 -7.958941831e+02
5267 0 +1.995140383e+02 -8.004859617e+02 -8.004859617e+02
6609 0 +1.949693006e+02 -8.050306994e+02 -8.050306994e+02
% f evaluations | g evaluations | best noise-free fitness - Fopt (-1.000000000000e+03) + sum g_i+ | measured fitness | best measured fitness or single-digit g-values | x1 | x2...
1 0 +6.689238985e+02 -3.310761015e+02 -3.310761015e+02
3 0 +5.919489952e+02 -4.080510048e+02 -4.080510048e+02
5 0 +5.642230733e+02 -4.357769267e+02 -4.357769267e+02
26 0 +5.561941728e+02 -4.438058272e+02 -4.438058272e+02
75 0 +5.476971206e+02 -4.523028794e+02 -4.523028794e+02
85 0 +5.276818158e+02 -4.723181842e+02 -4.723181842e+02
210 0 +5.138468529e+02 -4.861531471e+02 -4.861531471e+02
357 0 +4.983770858e+02 -5.016229142e+02 -5.016229142e+02
1345 0 +4.871981918e+02 -5.128018082e+02 -5.128018082e+02
1457 0 +4.669444726e+02 -5.330555274e+02 -5.330555274e+02
1473 0 +4.515431990e+02 -5.484568010e+02 -5.484568010e+02
1585 0 +4.372103773e+02 -5.627896227e+02 -5.627896227e+02
1601 0 +4.182701634e+02 -5.817298366e+02 -5.817298366e+02
1665 0 +4.141866217e+02 -5.858133783e+02 -5.858133783e+02
1681 0 +3.980527812e+02 -6.019472188e+02 -6.019472188e+02
1793 0 +3.872499618e+02 -6.127500382e+02 -6.127500382e+02
1857 0 +3.585668253e+02 -6.414331747e+02 -6.414331747e+02
1889 0 +3.445696106e+02 -6.554303894e+02 -6.554303894e+02
1905 0 +3.379177958e+02 -6.620822042e+02 -6.620822042e+02
1969 0 +3.284213144e+02 -6.715786856e+02 -6.715786856e+02
1985 0 +3.212054646e+02 -6.787945354e+02 -6.787945354e+02
2049 0 +3.147133842e+02 -6.852866158e+02 -6.852866158e+02
2177 0 +3.058431300e+02 -6.941568700e+02 -6.941568700e+02
2180 0 +2.952517072e+02 -7.047482928e+02 -7.047482928e+02
2273 0 +2.938885312e+02 -7.061114688e+02 -7.061114688e+02
2353 0 +2.883300528e+02 -7.116699472e+02 -7.116699472e+02
2465 0 +2.808484199e+02 -7.191515801e+02 -7.191515801e+02
2513 0 +2.749472746e+02 -7.250527254e+02 -7.250527254e+02
2737 0 +2.688785050e+02 -7.311214950e+02 -7.311214950e+02
2884 0 +2.627740731e+02 -7.372259269e+02 -7.372259269e+02
3185 0 +2.569225368e+02 -7.430774632e+02 -7.430774632e+02
3379 0 +2.509288272e+02 -7.490711728e+02 -7.490711728e+02
3665 0 +2.452586903e+02 -7.547413097e+02 -7.547413097e+02
4114 0 +2.398100357e+02 -7.601899643e+02 -7.601899643e+02
5241 0 +2.343561662e+02 -7.656438338e+02 -7.656438338e+02
% f evaluations | g evaluations | best noise-free fitness - Fopt (-1.272000000000e+01) + sum g_i+ | measured fitness | best measured fitness or single-digit g-values | x1 | x2...
1 0 +5.725746029e+02 +5.598546029e+02 +5.598546029e+02
7 0 +5.720849920e+02 +5.593649920e+02 +5.593649920e+02
89 0 +5.593187443e+02 +5.465987443e+02 +5.465987443e+02
98 0 +5.475127908e+02 +5.347927908e+02 +5.347927908e+02
123 0 +5.018529982e+02 +4.891329982e+02 +4.891329982e+02
628 0 +4.860079865e+02 +4.732879865e+02 +4.732879865e+02
1531 0 +4.623124748e+02 +4.495924748e+02 +4.495924748e+02
1857 0 +4.558829679e+02 +4.431629679e+02 +4.431629679e+02
1873 0 +4.393367260e+02 +4.266167260e+02 +4.266167260e+02
1889 0 +4.287932559e+02 +4.160732559e+02 +4.160732559e+02
1937 0 +4.176104133e+02 +4.048904133e+02 +4.048904133e+02
1969 0 +4.078433936e+02 +3.951233936e+02 +3.951233936e+02
1985 0 +4.052710007e+02 +3.925510007e+02 +3.925510007e+02
2017 0 +3.946794529e+02 +3.819594529e+02 +3.819594529e+02
2033 0 +3.867091664e+02 +3.739891664e+02 +3.739891664e+02
2273 0 +3.801181486e+02 +3.673981486e+02 +3.673981486e+02
2289 0 +3.677394076e+02 +3.550194076e+02 +3.550194076e+02
2356 0 +3.629559720e+02 +3.502359720e+02 +3.502359720e+02
2401 0 +3.538118168e+02 +3.410918168e+02 +3.410918168e+02
2465 0 +3.422308753e+02 +3.295108753e+02 +3.295108753e+02
2481 0 +3.363914928e+02 +3.236714928e+02 +3.236714928e+02
2513 0 +3.309945356e+02 +3.182745356e+02 +3.182745356e+02
2561 0 +3.192531686e+02 +3.065331686e+02 +3.065331686e+02
2591 0 +3.152293308e+02 +3.025093308e+02 +3.025093308e+02
2833 0 +3.083114921e+02 +2.955914921e+02 +2.955914921e+02
2913 0 +3.010504650e+02 +2.883304650e+02 +2.883304650e+02
3001 0 +2.937447317e+02 +2.810247317e+02 +2.810247317e+02
3105 0 +2.876664285e+02 +2.749464285e+02 +2.749464285e+02
3265 0 +2.811528019e+02 +2.684328019e+02 +2.684328019e+02
3425 0 +2.750250108e+02 +2.623050108e+02 +2.623050108e+02
3539 0 +2.691195409e+02 +2.563995409e+02 +2.563995409e+02
3730 0 +2.627759900e+02 +2.500559900e+02 +2.500559900e+02
3928 0 +2.563662577e+02 +2.436462577e+02 +2.436462577e+02
4108 0 +2.505845925e+02 +2.378645925e+02 +2.378645925e+02
4389 0 +2.443606898e+02 +2.316406898e+02 +2.316406898e+02
4641 0 +2.395776035e+02 +2.268576035e+02 +2.268576035e+02
4945 0 +2.340892198e+02 +2.213692198e+02 +2.213692198e+02
5325 0 +2.287302466e+02 +2.160102466e+02 +2.160102466e+02
5662 0 +2.237780904e+02 +2.110580904e+02 +2.110580904e+02
6199 0 +2.186949197e+02 +2.059749197e+02 +2.059749197e+02
7569 0 +2.137434121e+02 +2.010234121e+02 +2.010234121e+02
% f evaluations | g evaluations | best noise-free fitness - Fopt (-5.954000000000e+01) + sum g_i+ | measured fitness | best measured fitness or single-digit g-values | x1 | x2...
1 0 +6.111664901e+02 +5.516264901e+02 +5.516264901e+02
2 0 +5.972757333e+02 +5.377357333e+02 +5.377357333e+02
18 0 +5.686008985e+02 +5.090608985e+02 +5.090608985e+02
21 0 +5.420514563e+02 +4.825114563e+02 +4.825114563e+02
189 0 +5.237727953e+02 +4.642327953e+02 +4.642327953e+02
277 0 +5.117345685e+02 +4.521945685e+02 +4.521945685e+02
306 0 +4.822727216e+02 +4.227327216e+02 +4.227327216e+02
910 0 +4.655942838e+02 +4.060542838e+02 +4.060542838e+02
940 0 +4.477214385e+02 +3.881814385e+02 +3.881814385e+02
1612 0 +4.400144335e+02 +3.804744335e+02 +3.804744335e+02
1642 0 +4.273028813e+02 +3.677628813e+02 +3.677628813e+02
1761 0 +4.263639553e+02 +3.668239553e+02 +3.668239553e+02
1777 0 +4.143391712e+02 +3.547991712e+02 +3.547991712e+02
1825 0 +3.964756668e+02 +3.369356668e+02 +3.369356668e+02
1849 0 +3.831228743e+02 +3.235828743e+02 +3.235828743e+02
1889 0 +3.795889070e+02 +3.200489070e+02 +3.200489070e+02
1905 0 +3.679729637e+02 +3.084329637e+02 +3.084329637e+02
1981 0 +3.570599310e+02 +2.975199310e+02 +2.975199310e+02
1985 0 +3.536581984e+02 +2.941181984e+02 +2.941181984e+02
2001 0 +3.326087201e+02 +2.730687201e+02 +2.730687201e+02
2017 0 +3.271400134e+02 +2.676000134e+02 +2.676000134e+02
2049 0 +3.153895031e+02 +2.558495031e+02 +2.558495031e+02
2065 0 +3.040232636e+02 +2.444832636e+02 +2.444832636e+02
2081 0 +2.982718047e+02 +2.387318047e+02 +2.387318047e+02
2097 0 +2.848973097e+02 +2.253573097e+02 +2.253573097e+02
2113 0 +2.810091802e+02 +2.214691802e+02 +2.214691802e+02
2129 0 +2.705319429e+02 +2.109919429e+02 +2.109919429e+02
2161 0 +2.627092280e+02 +2.031692280e+02 +2.031692280e+02
2300 0 +2.567081860e+02 +1.971681860e+02 +1.971681860e+02
2369 0 +2.495938577e+02 +1.900538577e+02 +1.900538577e+02
2433 0 +2.450440754e+02 +1.855040754e+02 +1.855040754e+02
2513 0 +2.386861038e+02 +1.791461038e+02 +1.791461038e+02
2577 0 +2.337635262e+02 +1.742235262e+02 +1.742235262e+02
2641 0 +2.284438031e+02 +1.689038031e+02 +1.689038031e+02
2961 0 +2.236444256e+02 +1.641044256e+02 +1.641044256e+02
3117 0 +2.186160655e+02 +1.590760655e+02 +1.590760655e+02
3473 0 +2.135660625e+02 +1.540260625e+02 +1.540260625e+02
3974 0 +2.088993173e+02 +1.493593173e+02 +1.493593173e+02
5041 0 +2.041543779e+02 +1.446143779e+02 +1.446143779e+02
% f evaluations | g evaluations | best noise-free fitness - Fopt (-1.000000000000e+03) + sum g_i+ | measured fitness | best measured fitness or single-digit g-values | x1 | x2...
1 0 +6.071550503e+02 -3.928449497e+02 -3.928449497e+02
4 0 +5.556950498e+02 -4.443049502e+02 -4.443049502e+02
97 0 +5.371373886e+02 -4.628626114e+02 -4.628626114e+02
129 0 +5.129857001e+02 -4.870142999e+02 -4.870142999e+02
669 0 +5.126224907e+02 -4.873775093e+02 -4.873775093e+02
1192 0 +4.768236625e+02 -5.231763375e+02 -5.231763375e+02
1425 0 +4.656429861e+02 -5.343570139e+02 -5.343570139e+02
1468 0 +4.333788048e+02 -5.666211952e+02 -5.666211952e+02
1489 0 +4.146994491e+02 -5.853005509e+02 -5.853005509e+02
1505 0 +4.065796865e+02 -5.934203135e+02 -5.934203135e+02
1521 0 +3.806687153e+02 -6.193312847e+02 -6.193312847e+02
1553 0 +3.618701028e+02 -6.381298972e+02 -6.381298972e+02
1569 0 +3.514384108e+02 -6.485615892e+02 -6.485615892e+02
1601 0 +3.423482518e+02 -6.576517482e+02 -6.576517482e+02
1681 0 +3.351503552e+02 -6.648496448e+02 -6.648496448e+02
1729 0 +3.282434509e+02 -6.717565491e+02 -6.717565491e+02
1761 0 +3.172772317e+02 -6.827227683e+02 -6.827227683e+02
1777 0 +3.132597685e+02 -6.867402315e+02 -6.867402315e+02
1809 0 +3.068765383e+02 -6.931234617e+02 -6.931234617e+02
1937 0 +2.991037103e+02 -7.008962897e+02 -7.008962897e+02
2017 0 +2.929422685e+02 -7.070577315e+02 -7.070577315e+02
2049 0 +2.870383628e+02 -7.129616372e+02 -7.129616372e+02
2097 0 +2.810226062e+02 -7.189773938e+02 -7.189773938e+02
2177 0 +2.740043205e+02 -7.259956795e+02 -7.259956795e+02
2305 0 +2.661916778e+02 -7.338083222e+02 -7.338083222e+02
2385 0 +2.623367861e+02 -7.376632139e+02 -7.376632139e+02
2481 0 +2.566254640e+02 -7.433745360e+02 -7.433745360e+02
2689 0 +2.505929633e+02 -7.494070367e+02 -7.494070367e+02
2865 0 +2.452163740e+02 -7.547836260e+02 -7.547836260e+02
3169 0 +2.397199827e+02 -7.602800173e+02 -7.602800173e+02
3617 0 +2.343659904e+02 -7.656340096e+02 -7.656340096e+02
6465 0 +2.290814660e+02 -7.709185340e+02 -7.709185340e+02
% f evaluations | g evaluations | best noise-free fitness - Fopt (4.303000000000e+01) + sum g_i+ | measured fitness | best measured fitness or single-digit g-values | x1 | x2...
1 0 +6.501579788e+02 +6.931879788e+02 +6.931879788e+02
2 0 +6.422227919e+02 +6.852527919e+02 +6.852527919e+02
9 0 +6.248115796e+02 +6.678415796e+02 +6.678415796e+02
10 0 +5.985621295e+02 +6.415921295e+02 +6.415921295e+02
15 0 +5.545356282e+02 +5.975656282e+02 +5.975656282e+02
16 0 +5.284450104e+02 +5.714750104e+02 +5.714750104e+02
181 0 +4.980555915e+02 +5.410855915e+02 +5.410855915e+02
935 0 +4.774004930e+02 +5.204304930e+02 +5.204304930e+02
1666 0 +4.571961135e+02 +5.002261135e+02 +5.002261135e+02
1669 0 +4.423721680e+02 +4.854021680e+02 +4.854021680e+02
1697 0 +4.332279950e+02 +4.762579950e+02 +4.762579950e+02
1745 0 +3.974020059e+02 +4.404320059e+02 +4.404320059e+02
1777 0 +3.888086493e+02 +4.318386493e+02 +4.318386493e+02
1937 0 +3.690957812e+02 +4.121257812e+02 +4.121257812e+02
1969 0 +3.626287394e+02 +4.056587394e+02 +4.056587394e+02
2033 0 +3.517600771e+02 +3.947900771e+02 +3.947900771e+02
2081 0 +3.400124080e+02 +3.830424080e+02 +3.830424080e+02
2300 0 +3.315644408e+02 +3.745944408e+02 +3.745944408e+02
2321 0 +3.283141744e+02 +3.713441744e+02 +3.713441744e+02
2364 0 +3.224313335e+02 +3.654613335e+02 +3.654613335e+02
2401 0 +3.111390989e+02 +3.541690989e+02 +3.541690989e+02
2433 0 +3.065625257e+02 +3.495925257e+02 +3.495925257e+02
2491 0 +2.953507055e+02 +3.383807055e+02 +3.383807055e+02
2513 0 +2.941941856e+02 +3.372241856e+02 +3.372241856e+02
2561 0 +2.860808575e+02 +3.291108575e+02 +3.291108575e+02
2641 0 +2.783024685e+02 +3.213324685e+02 +3.213324685e+02
2645 0 +2.730202058e+02 +3.160502058e+02 +3.160502058e+02
2673 0 +2.681294471e+02 +3.111594471e+02 +3.111594471e+02
2737 0 +2.626840999e+02 +3.057140999e+02 +3.057140999e+02
2790 0 +2.503353732e+02 +2.933653732e+02 +2.933653732e+02
2961 0 +2.421088957e+02 +2.851388957e+02 +2.851388957e+02
3009 0 +2.392897466e+02 +2.823197466e+02 +2.823197466e+02
3137 0 +2.342598547e+02 +2.772898547e+02 +2.772898547e+02
3265 0 +2.289821093e+02 +2.720121093e+02 +2.720121093e+02
3393 0 +2.238481537e+02 +2.668781537e+02 +2.668781537e+02
3521 0 +2.186580263e+02 +2.616880263e+02 +2.616880263e+02
3985 0 +2.135962987e+02 +2.566262987e+02 +2.566262987e+02
4527 0 +2.087664339e+02 +2.517964339e+02 +2.517964339e+02
5208 0 +2.039214841e+02 +2.469514841e+02 +2.469514841e+02
