% f evaluations | g evaluations | best noise-free fitness - Fopt (7.627000000000e+01) + sum g_i+ | measured fitness | best measured fitness or single-digit g-values | x1 | x2...
1 0 +1.019131247e+07 +1.019138874e+07 +1.019138874e+07 +0.0000e+00 +0.0000e+00
5 0 +8.564108260e+06 +8.564184530e+06 +8.564184530e+06 -1.1375e-01 -3.0566e-01
14 0 +8.487245596e+06 +8.487321866e+06 +8.487321866e+06 -3.5398e-02 -3.5135e-01
21 0 +8.054611344e+06 +8.054687614e+06 +8.054687614e+06 -2.2114e-01 -4.2071e-01
33 0 +7.754170129e+06 +7.754246399e+06 +7.754246399e+06 -2.5792e-01 -5.0549e-01
35 0 +6.595560462e+06 +6.595636732e+06 +6.595636732e+06 -5.2642e-02 -8.9018e-01
39 0 +3.049600100e+06 +3.049676370e+06 +3.049676370e+06 +2.7514e-01 -1.5974e+00
44 0 +1.997264384e+06 +1.997340654e+06 +1.997340654e+06 +8.8925e-01 -2.2801e+00
48 0 +1.930360510e+06 +1.930436780e+06 +1.930436780e+06 +1.0386e+00 -2.4147e+00
55 0 +4.655001965e+04 +4.662628965e+04 +4.662628965e+04 +1.3721e+00 -4.1053e+00
121 0 +3.821395345e+03 +3.897665345e+03 +3.897665345e+03 +1.9650e+00 -3.9993e+00
148 0 +5.412660588e+01 +1.303966059e+02 +1.303966059e+02 +1.9280e+00 -4.0645e+00
172 0 +3.635625610e+01 +1.126262561e+02 +1.126262561e+02 +1.8476e+00 -4.0259e+00
208 0 +3.415573650e+01 +1.104257365e+02 +1.104257365e+02 +1.8229e+00 -4.0186e+00
217 0 +1.332074415e+01 +8.959074415e+01 +8.959074415e+01 +1.7941e+00 -4.0125e+00
247 0 +8.867681816e+00 +8.513768182e+01 +8.513768182e+01 +1.7917e+00 -4.0148e+00
262 0 +8.354106475e+00 +8.462410647e+01 +8.462410647e+01 +1.7941e+00 -4.0143e+00
289 0 +8.248104788e+00 +8.451810479e+01 +8.451810479e+01 +1.7905e+00 -4.0137e+00
608 0 +8.119943695e+00 +8.438994369e+01 +8.438994369e+01 +1.7669e+00 -4.0060e+00
657 0 +7.937822959e+00 +8.420782296e+01 +8.420782296e+01 +1.7005e+00 -3.9848e+00
670 0 +7.735637302e+00 +8.400563730e+01 +8.400563730e+01 +1.6524e+00 -3.9697e+00
671 0 +7.358484999e+00 +8.362848500e+01 +8.362848500e+01 +1.5369e+00 -3.9331e+00
677 0 +7.021838827e+00 +8.329183883e+01 +8.329183883e+01 +1.4470e+00 -3.9046e+00
680 0 +6.070877993e+00 +8.234087799e+01 +8.234087799e+01 +1.2104e+00 -3.8294e+00
681 0 +5.455111565e+00 +8.172511157e+01 +8.172511157e+01 +1.1330e+00 -3.8050e+00
686 0 +3.335106792e+00 +7.960510679e+01 +7.960510679e+01 +6.4532e-01 -3.6503e+00
692 0 +2.880506292e+00 +7.915050629e+01 +7.915050629e+01 +6.8394e-01 -3.6628e+00
698 0 +2.748864944e+00 +7.901886494e+01 +7.901886494e+01 +5.9726e-01 -3.6353e+00
726 0 +2.630248744e+00 +7.890024874e+01 +7.890024874e+01 -1.5382e-01 -3.3969e+00
730 0 +2.545742550e+00 +7.881574255e+01 +7.881574255e+01 -2.3320e-01 -3.3718e+00
738 0 +2.464519713e+00 +7.873451971e+01 +7.873451971e+01 -1.4234e-01 -3.4006e+00
749 0 +2.436993976e+00 +7.870699398e+01 +7.870699398e+01 -1.0571e-01 -3.4122e+00
794 0 +2.363947496e+00 +7.863394750e+01 +7.863394750e+01 -1.2681e-01 -3.4056e+00
808 0 +2.344056177e+00 +7.861405618e+01 +7.861405618e+01 -9.4406e-02 -3.4159e+00
814 0 +2.281100590e+00 +7.855110059e+01 +7.855110059e+01 -2.9109e-02 -3.4368e+00
815 0 +1.994681646e+00 +7.826468165e+01 +7.826468165e+01 -8.9669e-02 -3.4177e+00
826 0 +1.769734479e+00 +7.803973448e+01 +7.803973448e+01 -3.4542e-01 -3.3368e+00
830 0 +1.716793977e+00 +7.798679398e+01 +7.798679398e+01 -2.8466e-01 -3.3561e+00
832 0 +8.580753337e-01 +7.712807533e+01 +7.712807533e+01 -4.3277e-01 -3.3095e+00
836 0 +5.070975747e-01 +7.677709757e+01 +7.677709757e+01 -2.3033e-01 -3.3744e+00
846 0 +3.865848276e-01 +7.665658483e+01 +7.665658483e+01 -4.1058e-01 -3.3172e+00
867 0 +2.889760933e-01 +7.655897609e+01 +7.655897609e+01 -6.4323e-01 -3.2433e+00
869 0 +2.262502294e-01 +7.649625023e+01 +7.649625023e+01 -5.1498e-01 -3.2846e+00
871 0 +1.438736871e-01 +7.641387369e+01 +7.641387369e+01 -5.7911e-01 -3.2639e+00
874 0 +1.396872901e-01 +7.640968729e+01 +7.640968729e+01 -5.8630e-01 -3.2619e+00
876 0 +5.796436179e-02 +7.632796436e+01 +7.632796436e+01 -7.6292e-01 -3.2061e+00
879 0 +1.380919264e-02 +7.628380919e+01 +7.628380919e+01 -8.9945e-01 -3.1626e+00
883 0 +9.302106998e-03 +7.627930211e+01 +7.627930211e+01 -9.6868e-01 -3.1409e+00
894 0 +6.887826268e-03 +7.627688783e+01 +7.627688783e+01 -8.7821e-01 -3.1695e+00
909 0 +4.462432919e-03 +7.627446243e+01 +7.627446243e+01 -9.7402e-01 -3.1391e+00
925 0 +4.676897633e-04 +7.627046769e+01 +7.627046769e+01 -9.4745e-01 -3.1476e+00
942 0 +3.702324993e-04 +7.627037023e+01 +7.627037023e+01 -9.3347e-01 -3.1520e+00
986 0 +4.989872522e-06 +7.627000499e+01 +7.627000499e+01 -9.3927e-01 -3.1501e+00
1069 0 +4.123109520e-06 +7.627000412e+01 +7.627000412e+01 -9.4036e-01 -3.1498e+00
1116 0 +2.733579450e-06 +7.627000273e+01 +7.627000273e+01 -9.3948e-01 -3.1501e+00
1120 0 +2.530743302e-06 +7.627000253e+01 +7.627000253e+01 -9.3745e-01 -3.1507e+00
1126 0 +3.327905063e-07 +7.627000033e+01 +7.627000033e+01 -9.3855e-01 -3.1504e+00
1129 0 +1.818126378e-07 +7.627000018e+01 +7.627000018e+01 -9.3862e-01 -3.1503e+00
1150 0 +7.198319452e-08 +7.627000007e+01 +7.627000007e+01 -9.3867e-01 -3.1503e+00
1159 0 +4.020061795e-08 +7.627000004e+01 +7.627000004e+01 -9.3823e-01 -3.1505e+00
1171 0 +6.514824236e-10 +7.627000000e+01 +7.627000000e+01 -9.3841e-01 -3.1504e+00
1413 0 +0.000000000e+00 +7.627000000e+01 +7.627000000e+01 -9.3840e-01 -3.1504e+00
% f evaluations | g evaluations | best noise-free fitness - Fopt (-2.255000000000e+01) + sum g_i+ | measured fitness | best measured fitness or single-digit g-values | x1 | x2...
1 0 +1.001445220e+07 +1.001442965e+07 +1.001442965e+07 +0.0000e+00 +0.0000e+00
2 0 +8.115119611e+06 +8.115097061e+06 +8.115097061e+06 +4.3379e-01 +3.0692e-02
8 0 +7.445754623e+06 +7.445732073e+06 +7.445732073e+06 +6.0117e-01 +1.6999e-01
14 0 +6.944756726e+06 +6.944734176e+06 +6.944734176e+06 +8.1870e-01 -5.5543e-02
18 0 +4.961955258e+06 +4.961932708e+06 +4.961932708e+06 +1.1066e+00 +1.9058e-01
22 0 +3.802959280e+06 +3.802936730e+06 +3.802936730e+06 +1.1182e+00 +6.9138e-01
23 0 +2.824694232e+06 +2.824671682e+06 +2.824671682e+06 +1.4651e+00 +2.1945e-01
26 0 +2.248184062e+06 +2.248161512e+06 +2.248161512e+06 +1.6609e+00 +1.8960e-01
27 0 +2.058983246e+06 +2.058960696e+06 +2.058960696e+06 +1.6905e+00 +5.2791e-01
28 0 +4.567709325e+05 +4.567483825e+05 +4.567483825e+05 +2.5901e+00 +5.5122e-01
36 0 +2.056667968e+02 +1.831167968e+02 +1.831167968e+02 +3.3600e+00 +1.9072e-01
158 0 +1.218928029e+01 -1.036071971e+01 -1.036071971e+01 +3.6513e+00 -6.2855e-01
245 0 +1.168916220e+01 -1.086083780e+01 -1.086083780e+01 +3.6698e+00 -6.8052e-01
408 0 +1.143344247e+01 -1.111655753e+01 -1.111655753e+01 +3.6581e+00 -6.4522e-01
428 0 +1.119248491e+01 -1.135751509e+01 -1.135751509e+01 +3.6472e+00 -6.1296e-01
434 0 +1.065180203e+01 -1.189819797e+01 -1.189819797e+01 +3.6232e+00 -5.4322e-01
456 0 +1.021127176e+01 -1.233872824e+01 -1.233872824e+01 +3.5985e+00 -4.7095e-01
470 0 +9.296939839e+00 -1.325306016e+01 -1.325306016e+01 +3.5459e+00 -3.1626e-01
479 0 +8.440186150e+00 -1.410981385e+01 -1.410981385e+01 +3.5187e+00 -2.3473e-01
486 0 +8.064113130e+00 -1.448588687e+01 -1.448588687e+01 +3.4954e+00 -1.6428e-01
490 0 +7.737675469e+00 -1.481232453e+01 -1.481232453e+01 +3.4668e+00 -7.9351e-02
506 0 +7.531033490e+00 -1.501896651e+01 -1.501896651e+01 +3.4558e+00 -4.6945e-02
515 0 +6.539278616e+00 -1.601072138e+01 -1.601072138e+01 +3.4118e+00 +8.2140e-02
520 0 +5.853942447e+00 -1.669605755e+01 -1.669605755e+01 +3.3667e+00 +2.1449e-01
531 0 +5.336329916e+00 -1.721367008e+01 -1.721367008e+01 +3.2948e+00 +4.2863e-01
532 0 +4.983275718e+00 -1.756672428e+01 -1.756672428e+01 +3.1593e+00 +8.2355e-01
535 0 +4.591775390e+00 -1.795822461e+01 -1.795822461e+01 +3.2408e+00 +5.8512e-01
536 0 +2.759574279e+00 -1.979042572e+01 -1.979042572e+01 +3.0544e+00 +1.1363e+00
563 0 +1.058122131e+00 -2.149187787e+01 -2.149187787e+01 +2.8511e+00 +1.7353e+00
567 0 +7.188952357e-01 -2.183110476e+01 -2.183110476e+01 +2.8499e+00 +1.7409e+00
572 0 +6.785896426e-01 -2.187141036e+01 -2.187141036e+01 +2.7204e+00 +2.1208e+00
574 0 +1.912084708e-01 -2.235879153e+01 -2.235879153e+01 +2.6596e+00 +2.3014e+00
587 0 +5.418789882e-02 -2.249581210e+01 -2.249581210e+01 +2.5936e+00 +2.4967e+00
621 0 +5.133222154e-04 -2.254948668e+01 -2.254948668e+01 +2.5679e+00 +2.5731e+00
649 0 +1.122200683e-04 -2.254988778e+01 -2.254988778e+01 +2.5633e+00 +2.5867e+00
675 0 +6.764346277e-05 -2.254993236e+01 -2.254993236e+01 +2.5685e+00 +2.5716e+00
698 0 +2.319756623e-05 -2.254997680e+01 -2.254997680e+01 +2.5642e+00 +2.5842e+00
756 0 +2.152926144e-05 -2.254997847e+01 -2.254997847e+01 +2.5654e+00 +2.5805e+00
757 0 +1.794708169e-05 -2.254998205e+01 -2.254998205e+01 +2.5661e+00 +2.5785e+00
762 0 +4.137240527e-06 -2.254999586e+01 -2.254999586e+01 +2.5656e+00 +2.5800e+00
768 0 +4.282078052e-07 -2.254999957e+01 -2.254999957e+01 +2.5656e+00 +2.5800e+00
793 0 +1.472726829e-07 -2.254999985e+01 -2.254999985e+01 +2.5657e+00 +2.5797e+00
819 0 +3.376968039e-09 -2.255000000e+01 -2.255000000e+01 +2.5656e+00 +2.5800e+00
1159 0 +0.000000000e+00 -2.255000000e+01 -2.255000000e+01 +2.5656e+00 +2.5800e+00
% f evaluations | g evaluations | best noise-free fitness - Fopt (1.366000000000e+01) + sum g_i+ | measured fitness | best measured fitness or single-digit g-values | x1 | x2...
1 0 +5.237814535e+05 +5.237951135e+05 +5.237951135e+05 +0.0000e+00 +0.0000e+00
3 0 +4.913903622e+05 +4.914040222e+05 +4.914040222e+05 +9.8026e-02 +3.4094e-01
9 0 +4.344778152e+05 +4.344914752e+05 +4.344914752e+05 -1.5904e-01 +7.2161e-02
15 0 +2.091431180e+05 +2.091567780e+05 +2.091567780e+05 -2.5385e-01 +1.7801e-01
16 0 +7.461928778e+04 +7.463294778e+04 +7.463294778e+04 -4.6938e-01 +2.1135e-01
20 0 +7.383341547e+04 +7.384707547e+04 +7.384707547e+04 -4.4209e-01 +2.5902e-01
22 0 +2.160648758e+04 +2.162014758e+04 +2.162014758e+04 -3.7023e-01 +6.0338e-01
32 0 +3.603715282e+03 +3.617375282e+03 +3.617375282e+03 -5.1530e-01 +5.4467e-01
45 0 +9.487701003e+02 +9.624301003e+02 +9.624301003e+02 -5.3750e-01 +5.5698e-01
49 0 +6.978792443e+02 +7.115392443e+02 +7.115392443e+02 -5.1594e-01 +7.0750e-01
62 0 +5.963253966e+02 +6.099853966e+02 +6.099853966e+02 -5.9672e-01 +5.6974e-01
75 0 +8.377813341e+01 +9.743813341e+01 +9.743813341e+01 -6.7092e-01 +4.1742e-01
85 0 +2.192319512e+01 +3.558319512e+01 +3.558319512e+01 -6.0382e-01 +5.1795e-01
114 0 +4.808828476e+00 +1.846882848e+01 +1.846882848e+01 -6.8741e-01 +3.7058e-01
151 0 +4.785362007e+00 +1.844536201e+01 +1.844536201e+01 -5.9017e-01 +5.3141e-01
181 0 +3.992273410e+00 +1.765227341e+01 +1.765227341e+01 -5.8408e-01 +5.4298e-01
360 0 +3.976348807e+00 +1.763634881e+01 +1.763634881e+01 -5.8386e-01 +5.4369e-01
396 0 +3.786828148e+00 +1.744682815e+01 +1.744682815e+01 -5.4846e-01 +6.0256e-01
398 0 +3.584803062e+00 +1.724480306e+01 +1.724480306e+01 -5.1036e-01 +6.6565e-01
405 0 +3.510555609e+00 +1.717055561e+01 +1.717055561e+01 -4.6437e-01 +7.4295e-01
408 0 +3.290857291e+00 +1.695085729e+01 +1.695085729e+01 -4.5556e-01 +7.5682e-01
410 0 +3.047037851e+00 +1.670703785e+01 +1.670703785e+01 -4.1103e-01 +8.3087e-01
416 0 +2.430220066e+00 +1.609022007e+01 +1.609022007e+01 -1.5391e-01 +1.2602e+00
423 0 +2.066782118e+00 +1.572678212e+01 +1.572678212e+01 +3.7908e-01 +2.1468e+00
427 0 +1.796487471e+00 +1.545648747e+01 +1.545648747e+01 +7.1419e-02 +1.6350e+00
431 0 +1.042904290e+00 +1.470290429e+01 +1.470290429e+01 +5.0741e-01 +2.3593e+00
444 0 +2.413206915e-01 +1.390132069e+01 +1.390132069e+01 +3.9335e-01 +2.1686e+00
448 0 +1.087793986e-01 +1.376877940e+01 +1.376877940e+01 +3.6506e-01 +2.1213e+00
455 0 +5.749666619e-02 +1.371749667e+01 +1.371749667e+01 +4.8550e-01 +2.3205e+00
457 0 +4.203944349e-02 +1.370203944e+01 +1.370203944e+01 +3.2482e-01 +2.0539e+00
469 0 +1.338709708e-02 +1.367338710e+01 +1.367338710e+01 +4.8133e-01 +2.3139e+00
507 0 +4.015837845e-03 +1.366401584e+01 +1.366401584e+01 +4.0596e-01 +2.1886e+00
516 0 +3.939643729e-03 +1.366393964e+01 +1.366393964e+01 +4.4497e-01 +2.2534e+00
517 0 +6.657143832e-04 +1.366066571e+01 +1.366066571e+01 +4.3578e-01 +2.2383e+00
541 0 +4.494842073e-04 +1.366044948e+01 +1.366044948e+01 +4.3492e-01 +2.2369e+00
555 0 +2.844270385e-04 +1.366028443e+01 +1.366028443e+01 +4.2868e-01 +2.2265e+00
557 0 +8.076428304e-05 +1.366008076e+01 +1.366008076e+01 +4.3113e-01 +2.2305e+00
559 0 +6.373829094e-05 +1.366006374e+01 +1.366006374e+01 +4.2991e-01 +2.2285e+00
570 0 +2.050100389e-05 +1.366002050e+01 +1.366002050e+01 +4.2519e-01 +2.2207e+00
582 0 +9.276105398e-06 +1.366000928e+01 +1.366000928e+01 +4.2642e-01 +2.2227e+00
588 0 +4.842826407e-06 +1.366000484e+01 +1.366000484e+01 +4.2652e-01 +2.2229e+00
612 0 +8.087100269e-07 +1.366000081e+01 +1.366000081e+01 +4.2766e-01 +2.2248e+00
625 0 +2.254428928e-07 +1.366000023e+01 +1.366000023e+01 +4.2725e-01 +2.2241e+00
661 0 +4.765929873e-09 +1.366000000e+01 +1.366000000e+01 +4.2717e-01 +2.2240e+00
985 0 +0.000000000e+00 +1.366000000e+01 +1.366000000e+01 +4.2720e-01 +2.2240e+00
% f evaluations | g evaluations | best noise-free fitness - Fopt (9.378400000000e+02) + sum g_i+ | measured fitness | best measured fitness or single-digit g-values | x1 | x2...
1 0 +4.596821521e+06 +4.597759361e+06 +4.597759361e+06 +0.0000e+00 +0.0000e+00
3 0 +4.284105181e+06 +4.285043021e+06 +4.285043021e+06 +9.8026e-02 +3.4094e-01
9 0 +4.069047020e+06 +4.069984860e+06 +4.069984860e+06 -1.5904e-01 +7.2161e-02
15 0 +3.687581491e+06 +3.688519331e+06 +3.688519331e+06 -2.5385e-01 +1.7801e-01
16 0 +3.137674030e+06 +3.138611870e+06 +3.138611870e+06 -4.6938e-01 +2.1135e-01
22 0 +2.766144130e+06 +2.767081970e+06 +2.767081970e+06 -3.7023e-01 +6.0338e-01
32 0 +2.477506682e+06 +2.478444522e+06 +2.478444522e+06 -5.1530e-01 +5.4467e-01
41 0 +1.375117971e+06 +1.376055811e+06 +1.376055811e+06 -8.1147e-01 +6.7505e-01
52 0 +9.763004707e+05 +9.772383107e+05 +9.772383107e+05 -7.5407e-01 +1.0060e+00
53 0 +9.463135533e+05 +9.472513933e+05 +9.472513933e+05 -7.7826e-01 +9.8811e-01
56 0 +3.849806918e+05 +3.859185318e+05 +3.859185318e+05 -8.6314e-01 +1.4218e+00
57 0 +5.092829084e+04 +5.186613084e+04 +5.186613084e+04 -1.2638e+00 +1.6335e+00
79 0 +1.363947804e+04 +1.457731804e+04 +1.457731804e+04 -1.2963e+00 +1.7870e+00
85 0 +1.275935121e+01 +9.505993512e+02 +9.505993512e+02 -1.3798e+00 +1.8654e+00
151 0 +1.039396633e+01 +9.482339663e+02 +9.482339663e+02 -1.3169e+00 +1.9651e+00
181 0 +4.396763855e+00 +9.422367639e+02 +9.422367639e+02 -1.3117e+00 +1.9768e+00
204 0 +4.297603670e+00 +9.421376037e+02 +9.421376037e+02 -1.3064e+00 +1.9852e+00
240 0 +4.213818842e+00 +9.420538188e+02 +9.420538188e+02 -1.3081e+00 +1.9826e+00
265 0 +4.018838890e+00 +9.418588389e+02 +9.418588389e+02 -1.3093e+00 +1.9811e+00
277 0 +3.801065910e+00 +9.416410659e+02 +9.416410659e+02 -1.3095e+00 +1.9814e+00
628 0 +3.714920295e+00 +9.415549203e+02 +9.415549203e+02 -1.2958e+00 +2.0034e+00
648 0 +3.597614486e+00 +9.414376145e+02 +9.414376145e+02 -1.2736e+00 +2.0384e+00
662 0 +3.547750986e+00 +9.413877510e+02 +9.413877510e+02 -1.2594e+00 +2.0610e+00
668 0 +3.244658043e+00 +9.410846580e+02 +9.410846580e+02 -1.2041e+00 +2.1480e+00
683 0 +2.895242625e+00 +9.407352426e+02 +9.407352426e+02 -1.1394e+00 +2.2499e+00
692 0 +2.743691638e+00 +9.405836916e+02 +9.405836916e+02 -1.0720e+00 +2.3554e+00
698 0 +2.583417432e+00 +9.404234174e+02 +9.404234174e+02 -1.0471e+00 +2.3945e+00
707 0 +2.552117214e+00 +9.403921172e+02 +9.403921172e+02 -1.0805e+00 +2.3427e+00
713 0 +2.491199588e+00 +9.403311996e+02 +9.403311996e+02 -1.0692e+00 +2.3604e+00
716 0 +2.162332587e+00 +9.400023326e+02 +9.400023326e+02 -1.0109e+00 +2.4520e+00
730 0 +2.062282986e+00 +9.399022830e+02 +9.399022830e+02 -9.9228e-01 +2.4813e+00
741 0 +1.503968902e+00 +9.393439689e+02 +9.393439689e+02 -9.1560e-01 +2.6025e+00
746 0 +1.370141862e+00 +9.392101419e+02 +9.392101419e+02 -8.9573e-01 +2.6340e+00
750 0 +1.264576542e+00 +9.391045765e+02 +9.391045765e+02 -8.7866e-01 +2.6610e+00
752 0 +1.136940780e+00 +9.389769408e+02 +9.389769408e+02 -8.5317e-01 +2.7009e+00
753 0 +9.273075909e-01 +9.387673076e+02 +9.387673076e+02 -8.1577e-01 +2.7604e+00
756 0 +6.046218307e-01 +9.384446218e+02 +9.384446218e+02 -7.3912e-01 +2.8812e+00
759 0 +4.079157543e-01 +9.382479158e+02 +9.382479158e+02 -5.4493e-01 +3.1880e+00
762 0 +3.933748924e-01 +9.382333749e+02 +9.382333749e+02 -6.5302e-01 +3.0170e+00
763 0 +3.674526936e-01 +9.382074527e+02 +9.382074527e+02 -5.9898e-01 +3.1025e+00
764 0 +2.366887428e-01 +9.380766887e+02 +9.380766887e+02 -2.6582e-01 +3.6282e+00
769 0 +1.498882807e-01 +9.379898883e+02 +9.379898883e+02 -4.5986e-01 +3.3218e+00
773 0 +2.135195242e-04 +9.378402135e+02 +9.378402135e+02 -2.9093e-01 +3.5876e+00
841 0 +1.523969779e-04 +9.378401524e+02 +9.378401524e+02 -2.9617e-01 +3.5794e+00
868 0 +4.418737467e-05 +9.378400442e+02 +9.378400442e+02 -2.9503e-01 +3.5812e+00
871 0 +6.118750321e-06 +9.378400061e+02 +9.378400061e+02 -2.9600e-01 +3.5797e+00
877 0 +1.039434551e-06 +9.378400010e+02 +9.378400010e+02 -2.9722e-01 +3.5777e+00
960 0 +2.346541805e-08 +9.378400000e+02 +9.378400000e+02 -2.9678e-01 +3.5784e+00
984 0 +1.583782705e-08 +9.378400000e+02 +9.378400000e+02 -2.9687e-01 +3.5783e+00
1012 0 +2.113893061e-09 +9.378400000e+02 +9.378400000e+02 -2.9680e-01 +3.5784e+00
1297 0 +0.000000000e+00 +9.378400000e+02 +9.378400000e+02 -2.9680e-01 +3.5784e+00
% f evaluations | g evaluations | best noise-free fitness - Fopt (-7.872000000000e+01) + sum g_i+ | measured fitness | best measured fitness or single-digit g-values | x1 | x2...
1 0 +9.358657819e+06 +9.358579099e+06 +9.358579099e+06 +0.0000e+00 +0.0000e+00
2 0 +8.378288836e+06 +8.378210116e+06 +8.378210116e+06 +4.3379e-01 +3.0692e-02
8 0 +8.113932049e+06 +8.113853329e+06 +8.113853329e+06 +5.0385e-01 -1.1789e-02
14 0 +7.112246451e+06 +7.112167731e+06 +7.112167731e+06 +7.0712e-01 -2.2898e-01
21 0 +6.693455448e+06 +6.693376728e+06 +6.693376728e+06 +7.9350e-01 -2.8879e-01
23 0 +6.502029463e+06 +6.501950743e+06 +6.501950743e+06 +1.2071e+00 -4.2460e-02
26 0 +4.036855393e+06 +4.036776673e+06 +4.036776673e+06 +1.3672e+00 -4.0792e-01
28 0 +2.812695511e+06 +2.812616791e+06 +2.812616791e+06 +1.9058e+00 -2.8856e-01
29 0 +2.552740926e+06 +2.552662206e+06 +2.552662206e+06 +1.7090e+00 -5.0906e-01
35 0 +4.851444841e+05 +4.850657641e+05 +4.850657641e+05 +2.5551e+00 -1.2081e+00
45 0 +1.401324807e+04 +1.393452807e+04 +1.393452807e+04 +3.5672e+00 -1.1695e+00
103 0 +1.244339553e+04 +1.236467553e+04 +1.236467553e+04 +6.4873e+00 +6.3703e-01
125 0 +3.669580179e+03 +3.590860179e+03 +3.590860179e+03 +5.4198e+00 +8.7921e-02
132 0 +8.233481549e+02 +7.446281549e+02 +7.446281549e+02 +6.6596e+00 +8.6267e-01
139 0 +9.539434125e+01 +1.667434125e+01 +1.667434125e+01 +6.2826e+00 +6.1600e-01
151 0 +1.580170914e+01 -6.291829086e+01 -6.291829086e+01 +6.2391e+00 +5.9932e-01
201 0 +1.047366329e+01 -6.824633671e+01 -6.824633671e+01 +6.0682e+00 +4.7420e-01
526 0 +9.907837389e+00 -6.881216261e+01 -6.881216261e+01 +5.9810e+00 +4.1357e-01
530 0 +9.462800774e+00 -6.925719923e+01 -6.925719923e+01 +5.8605e+00 +3.2778e-01
531 0 +9.311087187e+00 -6.940891281e+01 -6.940891281e+01 +5.9523e+00 +3.9247e-01
538 0 +8.955426234e+00 -6.976457377e+01 -6.976457377e+01 +5.4774e+00 +5.5036e-02
541 0 +8.650349659e+00 -7.006965034e+01 -7.006965034e+01 +5.7433e+00 +2.4387e-01
552 0 +7.629308192e+00 -7.109069181e+01 -7.109069181e+01 +5.3262e+00 -5.3292e-02
557 0 +6.156836475e+00 -7.256316352e+01 -7.256316352e+01 +5.0957e+00 -2.1748e-01
561 0 +5.677639854e+00 -7.304236015e+01 -7.304236015e+01 +4.8799e+00 -3.7110e-01
567 0 +4.179710867e+00 -7.454028913e+01 -7.454028913e+01 +4.9207e+00 -3.4289e-01
568 0 +3.997948869e+00 -7.472205113e+01 -7.472205113e+01 +4.7918e+00 -4.3463e-01
576 0 +2.771665113e+00 -7.594833489e+01 -7.594833489e+01 +4.2769e+00 -8.0223e-01
579 0 +2.105892115e+00 -7.661410789e+01 -7.661410789e+01 +4.0994e+00 -9.2888e-01
593 0 +1.958010581e+00 -7.676198942e+01 -7.676198942e+01 +4.3568e+00 -7.4596e-01
597 0 +1.809048035e+00 -7.691095196e+01 -7.691095196e+01 +3.8837e+00 -1.0829e+00
598 0 +7.086844491e-01 -7.801131555e+01 -7.801131555e+01 +3.3717e+00 -1.4488e+00
599 0 +1.903110984e-01 -7.852968890e+01 -7.852968890e+01 +3.7824e+00 -1.1566e+00
622 0 +1.148998135e-01 -7.860510019e+01 -7.860510019e+01 +3.3751e+00 -1.4470e+00
623 0 +6.718419738e-05 -7.871993282e+01 -7.871993282e+01 +3.4124e+00 -1.4208e+00
757 0 +5.597838157e-05 -7.871994402e+01 -7.871994402e+01 +3.4166e+00 -1.4178e+00
798 0 +1.810556059e-05 -7.871998189e+01 -7.871998189e+01 +3.4080e+00 -1.4239e+00
803 0 +1.546488747e-05 -7.871998454e+01 -7.871998454e+01 +3.4086e+00 -1.4235e+00
807 0 +1.134075404e-06 -7.871999887e+01 -7.871999887e+01 +3.4120e+00 -1.4210e+00
847 0 +3.261204284e-07 -7.871999967e+01 -7.871999967e+01 +3.4114e+00 -1.4214e+00
853 0 +1.857696361e-07 -7.871999981e+01 -7.871999981e+01 +3.4113e+00 -1.4215e+00
865 0 +5.353126653e-08 -7.871999995e+01 -7.871999995e+01 +3.4113e+00 -1.4216e+00
898 0 +2.224054185e-08 -7.871999998e+01 -7.871999998e+01 +3.4111e+00 -1.4217e+00
901 0 +5.289678029e-09 -7.871999999e+01 -7.871999999e+01 +3.4112e+00 -1.4216e+00
1219 0 +0.000000000e+00 -7.872000000e+01 -7.872000000e+01 +3.4112e+00 -1.4216e+00
% f evaluations | g evaluations | best noise-free fitness - Fopt (-4.151000000000e+01) + sum g_i+ | measured fitness | best measured fitness or single-digit g-values | x1 | x2...
1 0 +3.428438694e+06 +3.428397184e+06 +3.428397184e+06 +0.0000e+00 +0.0000e+00
2 0 +2.171635466e+06 +2.171593956e+06 +2.171593956e+06 +4.3379e-01 +3.0692e-02
8 0 +1.446829735e+06 +1.446788225e+06 +1.446788225e+06 +6.0117e-01 +1.6999e-01
14 0 +1.075346325e+06 +1.075304815e+06 +1.075304815e+06 +8.1870e-01 -5.5543e-02
18 0 +3.741881451e+05 +3.741466351e+05 +3.741466351e+05 +1.1066e+00 +1.9058e-01
22 0 +2.205159467e+05 +2.204744367e+05 +2.204744367e+05 +1.1182e+00 +6.9138e-01
23 0 +1.090798606e+05 +1.090383506e+05 +1.090383506e+05 +1.4651e+00 +2.1945e-01
26 0 +2.663852192e+04 +2.659701192e+04 +2.659701192e+04 +1.6609e+00 +1.8960e-01
27 0 +8.209915220e+00 -3.330008478e+01 -3.330008478e+01 +1.6905e+00 +5.2791e-01
177 0 +5.811548269e-02 -4.145188452e+01 -4.145188452e+01 +2.4912e+00 -1.4315e+00
262 0 +2.780786962e-02 -4.148219213e+01 -4.148219213e+01 +2.4374e+00 -1.2997e+00
265 0 +1.288438917e-02 -4.149711561e+01 -4.149711561e+01 +2.4367e+00 -1.2985e+00
283 0 +1.147911649e-02 -4.149852088e+01 -4.149852088e+01 +2.4371e+00 -1.2992e+00
299 0 +1.034936864e-02 -4.149965063e+01 -4.149965063e+01 +2.4388e+00 -1.3035e+00
307 0 +1.010128366e-02 -4.149989872e+01 -4.149989872e+01 +2.4373e+00 -1.2997e+00
312 0 +9.891661609e-03 -4.150010834e+01 -4.150010834e+01 +2.4377e+00 -1.3009e+00
322 0 +8.522615250e-03 -4.150147738e+01 -4.150147738e+01 +2.4362e+00 -1.2973e+00
331 0 +8.306268925e-03 -4.150169373e+01 -4.150169373e+01 +2.4360e+00 -1.2965e+00
343 0 +7.782363103e-03 -4.150221764e+01 -4.150221764e+01 +2.4352e+00 -1.2947e+00
353 0 +7.679485602e-03 -4.150232051e+01 -4.150232051e+01 +2.4353e+00 -1.2949e+00
379 0 +7.504979165e-03 -4.150249502e+01 -4.150249502e+01 +2.4351e+00 -1.2945e+00
395 0 +7.390934837e-03 -4.150260907e+01 -4.150260907e+01 +2.4349e+00 -1.2940e+00
409 0 +7.231352121e-03 -4.150276865e+01 -4.150276865e+01 +2.4346e+00 -1.2933e+00
416 0 +6.800618299e-03 -4.150319938e+01 -4.150319938e+01 +2.4337e+00 -1.2910e+00
427 0 +6.585938195e-03 -4.150341406e+01 -4.150341406e+01 +2.4333e+00 -1.2902e+00
434 0 +5.934323100e-03 -4.150406568e+01 -4.150406568e+01 +2.4293e+00 -1.2802e+00
436 0 +5.595142247e-03 -4.150440486e+01 -4.150440486e+01 +2.4297e+00 -1.2812e+00
440 0 +5.252913665e-03 -4.150474709e+01 -4.150474709e+01 +2.4302e+00 -1.2825e+00
446 0 +4.584698897e-03 -4.150541530e+01 -4.150541530e+01 +2.4280e+00 -1.2772e+00
456 0 +4.029361031e-03 -4.150597064e+01 -4.150597064e+01 +2.4258e+00 -1.2718e+00
462 0 +3.655345530e-03 -4.150634465e+01 -4.150634465e+01 +2.4230e+00 -1.2649e+00
464 0 +3.328847400e-03 -4.150667115e+01 -4.150667115e+01 +2.4229e+00 -1.2646e+00
473 0 +8.055730871e-04 -4.150919443e+01 -4.150919443e+01 +2.4061e+00 -1.2238e+00
478 0 +7.414066952e-04 -4.150925859e+01 -4.150925859e+01 +2.4006e+00 -1.2103e+00
481 0 +6.328214252e-04 -4.150936718e+01 -4.150936718e+01 +2.4067e+00 -1.2253e+00
506 0 +2.987905367e-04 -4.150970121e+01 -4.150970121e+01 +2.4044e+00 -1.2196e+00
517 0 +2.362916540e-04 -4.150976371e+01 -4.150976371e+01 +2.3993e+00 -1.2070e+00
521 0 +1.212101650e-04 -4.150987879e+01 -4.150987879e+01 +2.4023e+00 -1.2144e+00
524 0 +1.601453292e-06 -4.150999840e+01 -4.150999840e+01 +2.4004e+00 -1.2098e+00
589 0 +5.156085336e-08 -4.150999995e+01 -4.150999995e+01 +2.4000e+00 -1.2088e+00
625 0 +5.039701279e-08 -4.150999995e+01 -4.150999995e+01 +2.3999e+00 -1.2086e+00
633 0 +2.315542247e-08 -4.150999998e+01 -4.150999998e+01 +2.4001e+00 -1.2089e+00
643 0 +2.019703516e-08 -4.150999998e+01 -4.150999998e+01 +2.4000e+00 -1.2089e+00
667 0 +2.091390172e-09 -4.151000000e+01 -4.151000000e+01 +2.4000e+00 -1.2088e+00
922 0 +0.000000000e+00 -4.151000000e+01 -4.151000000e+01 +2.4000e+00 -1.2088e+00
% f evaluations | g evaluations | best noise-free fitness - Fopt (1.320700000000e+02) + sum g_i+ | measured fitness | best measured fitness or single-digit g-values | x1 | x2...
1 0 +7.729048989e+06 +7.729181059e+06 +7.729181059e+06 +0.0000e+00 +0.0000e+00
5 0 +7.265862044e+06 +7.265994114e+06 +7.265994114e+06 -1.1375e-01 -3.0566e-01
9 0 +6.811286798e+06 +6.811418868e+06 +6.811418868e+06 -1.5904e-01 +7.2161e-02
15 0 +6.285054494e+06 +6.285186564e+06 +6.285186564e+06 -2.5385e-01 +1.7801e-01
16 0 +5.336973658e+06 +5.337105728e+06 +5.337105728e+06 -4.6938e-01 +2.1135e-01
32 0 +5.111036851e+06 +5.111168921e+06 +5.111168921e+06 -5.0802e-01 +4.0807e-01
41 0 +4.134567270e+06 +4.134699340e+06 +4.134699340e+06 -8.0362e-01 +4.4482e-01
57 0 +3.201787003e+06 +3.201919073e+06 +3.201919073e+06 -1.1101e+00 +7.4779e-01
64 0 +3.094262747e+06 +3.094394817e+06 +3.094394817e+06 -1.1674e+00 +5.6685e-01
66 0 +3.913293095e+05 +3.914613795e+05 +3.914613795e+05 -2.0258e+00 +1.5782e+00
68 0 +5.021560147e+04 +5.034767147e+04 +5.034767147e+04 -2.8821e+00 +2.1085e+00
71 0 +2.993105458e+03 +3.125175458e+03 +3.125175458e+03 -2.7042e+00 +2.1322e+00
133 0 +2.940183563e+03 +3.072253563e+03 +3.072253563e+03 -2.5713e+00 +2.4009e+00
151 0 +1.811722327e+01 +1.501872233e+02 +1.501872233e+02 -2.5920e+00 +2.6883e+00
175 0 +4.130318111e+00 +1.362003181e+02 +1.362003181e+02 -2.6289e+00 +2.3887e+00
226 0 +1.956110755e+00 +1.340261108e+02 +1.340261108e+02 -2.6155e+00 +2.5030e+00
241 0 +1.692185738e+00 +1.337621857e+02 +1.337621857e+02 -2.6050e+00 +2.6022e+00
283 0 +1.507522474e+00 +1.335775225e+02 +1.335775225e+02 -2.5986e+00 +2.6641e+00
584 0 +1.471843801e+00 +1.335418438e+02 +1.335418438e+02 -2.5981e+00 +2.6676e+00
590 0 +1.445004336e+00 +1.335150043e+02 +1.335150043e+02 -2.5975e+00 +2.6736e+00
599 0 +1.366596134e+00 +1.334365961e+02 +1.334365961e+02 -2.5950e+00 +2.6981e+00
603 0 +1.261318592e+00 +1.333313186e+02 +1.333313186e+02 -2.5902e+00 +2.7453e+00
607 0 +1.242859391e+00 +1.333128594e+02 +1.333128594e+02 -2.5923e+00 +2.7230e+00
609 0 +1.066640649e+00 +1.331366406e+02 +1.331366406e+02 -2.5875e+00 +2.7689e+00
617 0 +9.341811159e-01 +1.330041811e+02 +1.330041811e+02 -2.5830e+00 +2.8129e+00
626 0 +9.143622839e-01 +1.329843623e+02 +1.329843623e+02 -2.5700e+00 +2.9396e+00
630 0 +7.859007599e-01 +1.328559008e+02 +1.328559008e+02 -2.5578e+00 +3.0551e+00
634 0 +6.228154111e-01 +1.326928154e+02 +1.326928154e+02 -2.5692e+00 +2.9437e+00
639 0 +5.434182743e-01 +1.326134183e+02 +1.326134183e+02 -2.5607e+00 +3.0245e+00
648 0 +4.846682109e-01 +1.325546682e+02 +1.325546682e+02 -2.5279e+00 +3.3401e+00
651 0 +1.997668584e-01 +1.322697669e+02 +1.322697669e+02 -2.5279e+00 +3.3335e+00
656 0 +1.102245124e-01 +1.321802245e+02 +1.321802245e+02 -2.4987e+00 +3.6152e+00
659 0 +6.681983361e-03 +1.320766820e+02 +1.320766820e+02 -2.4895e+00 +3.7008e+00
669 0 +3.721755291e-03 +1.320737218e+02 +1.320737218e+02 -2.4774e+00 +3.8153e+00
769 0 +2.779888945e-03 +1.320727799e+02 +1.320727799e+02 -2.4762e+00 +3.8268e+00
772 0 +7.825167230e-04 +1.320707825e+02 +1.320707825e+02 -2.4792e+00 +3.7985e+00
787 0 +2.761290920e-04 +1.320702761e+02 +1.320702761e+02 -2.4821e+00 +3.7699e+00
793 0 +1.094539639e-04 +1.320701095e+02 +1.320701095e+02 -2.4805e+00 +3.7860e+00
822 0 +4.660087106e-05 +1.320700466e+02 +1.320700466e+02 -2.4810e+00 +3.7810e+00
835 0 +3.574331026e-05 +1.320700357e+02 +1.320700357e+02 -2.4817e+00 +3.7742e+00
842 0 +2.276471116e-05 +1.320700228e+02 +1.320700228e+02 -2.4821e+00 +3.7709e+00
853 0 +1.609901119e-07 +1.320700002e+02 +1.320700002e+02 -2.4816e+00 +3.7756e+00
909 0 +1.247549619e-07 +1.320700001e+02 +1.320700001e+02 -2.4816e+00 +3.7750e+00
945 0 +6.324881952e-09 +1.320700000e+02 +1.320700000e+02 -2.4816e+00 +3.7751e+00
1177 0 +0.000000000e+00 +1.320700000e+02 +1.320700000e+02 -2.4816e+00 +3.7752e+00
% f evaluations | g evaluations | best noise-free fitness - Fopt (9.725000000000e+01) + sum g_i+ | measured fitness | best measured fitness or single-digit g-values | x1 | x2...
1 0 +1.056407122e+06 +1.056504372e+06 +1.056504372e+06 +0.0000e+00 +0.0000e+00
3 0 +4.901913697e+05 +4.902886197e+05 +4.902886197e+05 +9.8026e-02 +3.4094e-01
12 0 +3.415313072e+05 +3.416285572e+05 +3.416285572e+05 +2.8148e-01 +4.9555e-01
15 0 +1.885832661e+05 +1.886805161e+05 +1.886805161e+05 +2.2965e-02 +5.6488e-01
16 0 +1.449751271e+05 +1.450723771e+05 +1.450723771e+05 -2.5615e-01 +5.9087e-01
20 0 +1.101114627e+05 +1.102087127e+05 +1.102087127e+05 -2.0100e-01 +6.7395e-01
22 0 +5.736042446e+04 +5.745767446e+04 +5.745767446e+04 -7.9413e-02 +1.2529e+00
24 0 +3.562196837e+04 +3.571921837e+04 +3.571921837e+04 -5.8967e-02 +8.2640e-01
25 0 +7.214042869e+02 +8.186542869e+02 +8.186542869e+02 -6.9190e-02 +1.0397e+00
27 0 +3.002602540e+02 +3.975102540e+02 +3.975102540e+02 +8.7894e-02 +1.0453e+00
37 0 +2.322591751e+00 +9.957259175e+01 +9.957259175e+01 -3.7601e-03 +1.0176e+00
113 0 +1.143126199e+00 +9.839312620e+01 +9.839312620e+01 +1.8040e-02 +1.0223e+00
116 0 +7.406590719e-01 +9.799065907e+01 +9.799065907e+01 +7.3051e-02 +1.0260e+00
123 0 +3.741875073e-01 +9.762418751e+01 +9.762418751e+01 +3.0321e-02 +1.0222e+00
159 0 +3.105908231e-01 +9.756059082e+01 +9.756059082e+01 +5.3446e-02 +1.0246e+00
226 0 +2.684785534e-01 +9.751847855e+01 +9.751847855e+01 +4.8246e-02 +1.0243e+00
459 0 +2.623262827e-01 +9.751232628e+01 +9.751232628e+01 +5.5371e-02 +1.0250e+00
470 0 +2.542838315e-01 +9.750428383e+01 +9.750428383e+01 +6.7813e-02 +1.0262e+00
479 0 +2.414549626e-01 +9.749145496e+01 +9.749145496e+01 +8.6053e-02 +1.0280e+00
486 0 +2.228157350e-01 +9.747281573e+01 +9.747281573e+01 +1.1226e-01 +1.0305e+00
490 0 +1.928748730e-01 +9.744287487e+01 +9.744287487e+01 +1.5223e-01 +1.0344e+00
491 0 +1.724899223e-01 +9.742248992e+01 +9.742248992e+01 +1.8029e-01 +1.0371e+00
495 0 +7.800154696e-02 +9.732800155e+01 +9.732800155e+01 +3.0537e-01 +1.0493e+00
497 0 +5.824893285e-03 +9.725582489e+01 +9.725582489e+01 +5.5077e-01 +1.0732e+00
555 0 +5.413175174e-03 +9.725541318e+01 +9.725541318e+01 +6.0749e-01 +1.0788e+00
573 0 +4.734457831e-03 +9.725473446e+01 +9.725473446e+01 +6.1198e-01 +1.0792e+00
582 0 +2.838656568e-03 +9.725283866e+01 +9.725283866e+01 +5.7727e-01 +1.0758e+00
584 0 +9.212906178e-04 +9.725092129e+01 +9.725092129e+01 +5.5209e-01 +1.0734e+00
589 0 +8.258505942e-04 +9.725082585e+01 +9.725082585e+01 +5.7338e-01 +1.0755e+00
684 0 +7.481398098e-04 +9.725074814e+01 +9.725074814e+01 +5.6534e-01 +1.0747e+00
685 0 +6.264263124e-04 +9.725062643e+01 +9.725062643e+01 +5.8324e-01 +1.0764e+00
690 0 +4.283437023e-04 +9.725042834e+01 +9.725042834e+01 +5.6956e-01 +1.0751e+00
693 0 +4.049867125e-04 +9.725040499e+01 +9.725040499e+01 +5.7326e-01 +1.0755e+00
694 0 +2.332275272e-04 +9.725023323e+01 +9.725023323e+01 +5.7056e-01 +1.0752e+00
708 0 +3.562078548e-05 +9.725003562e+01 +9.725003562e+01 +5.8209e-01 +1.0764e+00
719 0 +5.569680866e-06 +9.725000557e+01 +9.725000557e+01 +5.7942e-01 +1.0761e+00
751 0 +1.501653159e-06 +9.725000150e+01 +9.725000150e+01 +5.7953e-01 +1.0761e+00
769 0 +6.926331508e-07 +9.725000069e+01 +9.725000069e+01 +5.7910e-01 +1.0761e+00
772 0 +2.684960947e-07 +9.725000027e+01 +9.725000027e+01 +5.7884e-01 +1.0760e+00
793 0 +1.765357069e-07 +9.725000018e+01 +9.725000018e+01 +5.7849e-01 +1.0760e+00
799 0 +1.633384272e-08 +9.725000002e+01 +9.725000002e+01 +5.7828e-01 +1.0760e+00
822 0 +3.867697274e-09 +9.725000000e+01 +9.725000000e+01 +5.7840e-01 +1.0760e+00
1045 0 +0.000000000e+00 +9.725000000e+01 +9.725000000e+01 +5.7840e-01 +1.0760e+00
% f evaluations | g evaluations | best noise-free fitness - Fopt (-2.033000000000e+01) + sum g_i+ | measured fitness | best measured fitness or single-digit g-values | x1 | x2...
1 0 +1.011602906e+07 +1.011600873e+07 +1.011600873e+07 +0.0000e+00 +0.0000e+00
2 0 +7.453001585e+06 +7.452981255e+06 +7.452981255e+06 +4.3379e-01 +3.0692e-02
8 0 +6.749026473e+06 +6.749006143e+06 +6.749006143e+06 +6.0117e-01 +1.6999e-01
14 0 +5.524693900e+06 +5.524673570e+06 +5.524673570e+06 +8.1870e-01 -5.5543e-02
18 0 +4.700165067e+06 +4.700144737e+06 +4.700144737e+06 +1.1066e+00 +1.9058e-01
23 0 +3.685757441e+06 +3.685737111e+06 +3.685737111e+06 +1.4651e+00 +2.1945e-01
26 0 +2.964303369e+06 +2.964283039e+06 +2.964283039e+06 +1.6877e+00 +3.6345e-02
28 0 +6.572774359e+05 +6.572571059e+05 +6.572571059e+05 +2.5118e+00 +3.0385e-01
35 0 +1.270785379e+05 +1.270582079e+05 +1.270582079e+05 +2.8038e+00 -6.6980e-01
36 0 +3.234200363e+03 +3.213870363e+03 +3.213870363e+03 +3.3669e+00 -3.5744e-02
98 0 +1.805875981e+03 +1.785545981e+03 +1.785545981e+03 +3.0319e+00 -1.0324e+00
117 0 +7.392300413e+01 +5.359300413e+01 +5.359300413e+01 +3.0771e+00 -9.7693e-01
133 0 +1.865346192e+01 -1.676538078e+00 -1.676538078e+00 +3.0897e+00 -9.7160e-01
151 0 +1.621315202e+01 -4.116847976e+00 -4.116847976e+00 +3.1202e+00 -8.2544e-01
205 0 +1.294212045e+01 -7.387879546e+00 -7.387879546e+00 +3.1077e+00 -8.9138e-01
221 0 +1.221410905e+01 -8.115890952e+00 -8.115890952e+00 +3.0994e+00 -9.1838e-01
260 0 +1.153203058e+01 -8.797969419e+00 -8.797969419e+00 +3.1090e+00 -8.8087e-01
271 0 +1.133942924e+01 -8.990570764e+00 -8.990570764e+00 +3.1146e+00 -8.5825e-01
416 0 +1.097426264e+01 -9.355737360e+00 -9.355737360e+00 +3.1291e+00 -7.9714e-01
423 0 +1.037004849e+01 -9.959951508e+00 -9.959951508e+00 +3.1492e+00 -7.1622e-01
434 0 +8.936482097e+00 -1.139351790e+01 -1.139351790e+01 +3.2107e+00 -4.6206e-01
446 0 +7.856821006e+00 -1.247317899e+01 -1.247317899e+01 +3.2825e+00 -1.6624e-01
456 0 +6.549612265e+00 -1.378038773e+01 -1.378038773e+01 +3.3805e+00 +2.3638e-01
462 0 +3.795184892e+00 -1.653481511e+01 -1.653481511e+01 +3.4917e+00 +6.9490e-01
464 0 +3.645204569e+00 -1.668479543e+01 -1.668479543e+01 +3.4714e+00 +6.1355e-01
465 0 +3.629174752e+00 -1.670082525e+01 -1.670082525e+01 +3.4848e+00 +6.6742e-01
470 0 +3.200645221e+00 -1.712935478e+01 -1.712935478e+01 +3.7526e+00 +1.7684e+00
473 0 +4.493120790e-01 -1.988068792e+01 -1.988068792e+01 +4.0506e+00 +3.0078e+00
475 0 +4.371632656e-01 -1.989283673e+01 -1.989283673e+01 +3.9016e+00 +2.3881e+00
481 0 +3.255652757e-01 -2.000443472e+01 -2.000443472e+01 +3.8077e+00 +2.0023e+00
507 0 +1.572612703e-01 -2.017273873e+01 -2.017273873e+01 +4.0147e+00 +2.8585e+00
511 0 +1.455829400e-01 -2.018441706e+01 -2.018441706e+01 +3.9679e+00 +2.6661e+00
513 0 +1.029125612e-01 -2.022708744e+01 -2.022708744e+01 +3.9106e+00 +2.4295e+00
517 0 +2.994348558e-02 -2.030005651e+01 -2.030005651e+01 +3.9661e+00 +2.6573e+00
531 0 +3.855342212e-03 -2.032614466e+01 -2.032614466e+01 +3.9339e+00 +2.5241e+00
565 0 +3.541390903e-03 -2.032645861e+01 -2.032645861e+01 +3.9397e+00 +2.5486e+00
573 0 +2.651585492e-03 -2.032734841e+01 -2.032734841e+01 +3.9293e+00 +2.5051e+00
591 0 +1.281975022e-03 -2.032871802e+01 -2.032871802e+01 +3.9299e+00 +2.5078e+00
611 0 +1.246304002e-03 -2.032875370e+01 -2.032875370e+01 +3.9201e+00 +2.4675e+00
613 0 +1.069384355e-03 -2.032893062e+01 -2.032893062e+01 +3.9241e+00 +2.4837e+00
614 0 +7.546813454e-04 -2.032924532e+01 -2.032924532e+01 +3.9289e+00 +2.5037e+00
616 0 +7.089759493e-05 -2.032992910e+01 -2.032992910e+01 +3.9261e+00 +2.4923e+00
649 0 +4.818897800e-06 -2.032999518e+01 -2.032999518e+01 +3.9285e+00 +2.5022e+00
679 0 +2.516389312e-06 -2.032999748e+01 -2.032999748e+01 +3.9280e+00 +2.5001e+00
709 0 +2.116035141e-06 -2.032999788e+01 -2.032999788e+01 +3.9281e+00 +2.5003e+00
713 0 +1.211297697e-06 -2.032999879e+01 -2.032999879e+01 +3.9282e+00 +2.5010e+00
723 0 +4.143541439e-07 -2.032999959e+01 -2.032999959e+01 +3.9281e+00 +2.5005e+00
732 0 +2.127166141e-07 -2.032999979e+01 -2.032999979e+01 +3.9280e+00 +2.4998e+00
746 0 +1.650842663e-08 -2.032999998e+01 -2.032999998e+01 +3.9280e+00 +2.4999e+00
775 0 +5.045258433e-09 -2.032999999e+01 -2.032999999e+01 +3.9280e+00 +2.5000e+00
980 0 +0.000000000e+00 -2.033000000e+01 -2.033000000e+01 +3.9280e+00 +2.5000e+00
% f evaluations | g evaluations | best noise-free fitness - Fopt (9.431000000000e+01) + sum g_i+ | measured fitness | best measured fitness or single-digit g-values | x1 | x2...
1 0 +1.733411353e+06 +1.733505663e+06 +1.733505663e+06 +0.0000e+00 +0.0000e+00
5 0 +8.638453673e+05 +8.639396773e+05 +8.639396773e+05 -1.1375e-01 -3.0566e-01
16 0 +5.339153278e+05 +5.340096378e+05 +5.340096378e+05 -5.4091e-01 -1.1226e-03
17 0 +5.204707898e+05 +5.205650998e+05 +5.205650998e+05 -3.6284e-01 -2.5216e-01
20 0 +4.786231213e+05 +4.787174313e+05 +4.787174313e+05 -5.3914e-01 -6.4786e-02
21 0 +3.943496121e+05 +3.944439221e+05 +3.944439221e+05 -4.7658e-01 -2.6224e-01
32 0 +3.582299905e+05 +3.583243005e+05 +3.583243005e+05 -5.8426e-01 -1.7935e-01
33 0 +2.646205056e+05 +2.647148156e+05 +2.647148156e+05 -6.1236e-01 -3.4273e-01
39 0 +1.464602907e+05 +1.465546007e+05 +1.465546007e+05 -2.6309e-01 -1.0711e+00
41 0 +1.041014477e+05 +1.041957577e+05 +1.041957577e+05 -7.8957e-01 -4.5984e-01
45 0 +9.849248757e+03 +9.943558757e+03 +9.943558757e+03 -7.0401e-01 -9.3045e-01
51 0 +3.242805444e+01 +1.267380544e+02 +1.267380544e+02 -6.0866e-01 -1.2241e+00
115 0 +2.578354504e+01 +1.200935450e+02 +1.200935450e+02 -7.7379e-01 -1.0094e+00
181 0 +2.542533267e+01 +1.197353327e+02 +1.197353327e+02 -7.7572e-01 -1.0064e+00
201 0 +2.403592008e+01 +1.183459201e+02 +1.183459201e+02 -8.6044e-01 -8.9345e-01
205 0 +2.376007314e+01 +1.180700731e+02 +1.180700731e+02 -8.7154e-01 -8.7762e-01
331 0 +2.343148479e+01 +1.177414848e+02 +1.177414848e+02 -8.9082e-01 -8.5233e-01
356 0 +2.282784900e+01 +1.171378490e+02 +1.171378490e+02 -9.3312e-01 -7.9609e-01
363 0 +2.219279030e+01 +1.165027903e+02 +1.165027903e+02 -9.7959e-01 -7.3450e-01
370 0 +2.144357494e+01 +1.157535749e+02 +1.157535749e+02 -1.0498e+00 -6.4174e-01
375 0 +2.106988974e+01 +1.153798897e+02 +1.153798897e+02 -1.0826e+00 -5.9821e-01
376 0 +1.929246261e+01 +1.136024626e+02 +1.136024626e+02 -1.2179e+00 -4.1825e-01
384 0 +1.865703911e+01 +1.129670391e+02 +1.129670391e+02 -1.2357e+00 -3.9369e-01
386 0 +1.549711647e+01 +1.098071165e+02 +1.098071165e+02 -1.6835e+00 +1.9904e-01
390 0 +1.191387163e+01 +1.062238716e+02 +1.062238716e+02 -1.8606e+00 +4.3523e-01
395 0 +1.053484319e+01 +1.048448432e+02 +1.048448432e+02 -2.6364e+00 +1.4652e+00
397 0 +8.151297416e+00 +1.024612974e+02 +1.024612974e+02 -2.2427e+00 +9.4454e-01
398 0 +4.766442674e+00 +9.907644267e+01 +9.907644267e+01 -3.1924e+00 +2.2126e+00
403 0 +2.995048342e-02 +9.433995048e+01 +9.433995048e+01 -3.7735e+00 +2.9822e+00
487 0 +2.896622241e-02 +9.433896622e+01 +9.433896622e+01 -3.8759e+00 +3.1184e+00
492 0 +1.256648682e-02 +9.432256649e+01 +9.432256649e+01 -3.7640e+00 +2.9699e+00
498 0 +5.378895005e-03 +9.431537890e+01 +9.431537890e+01 -3.8730e+00 +3.1148e+00
499 0 +2.898968535e-03 +9.431289897e+01 +9.431289897e+01 -3.8252e+00 +3.0511e+00
531 0 +1.130184192e-03 +9.431113018e+01 +9.431113018e+01 -3.8047e+00 +3.0240e+00
537 0 +5.636034852e-04 +9.431056360e+01 +9.431056360e+01 -3.8408e+00 +3.0719e+00
558 0 +7.664106086e-05 +9.431007664e+01 +9.431007664e+01 -3.8299e+00 +3.0575e+00
581 0 +3.940873046e-05 +9.431003941e+01 +9.431003941e+01 -3.8254e+00 +3.0515e+00
597 0 +1.087008042e-05 +9.431001087e+01 +9.431001087e+01 -3.8245e+00 +3.0502e+00
610 0 +6.812501567e-06 +9.431000681e+01 +9.431000681e+01 -3.8247e+00 +3.0506e+00
613 0 +3.051196927e-06 +9.431000305e+01 +9.431000305e+01 -3.8262e+00 +3.0525e+00
622 0 +6.767713785e-07 +9.431000068e+01 +9.431000068e+01 -3.8265e+00 +3.0530e+00
642 0 +5.244528865e-07 +9.431000052e+01 +9.431000052e+01 -3.8268e+00 +3.0533e+00
643 0 +2.941686290e-07 +9.431000029e+01 +9.431000029e+01 -3.8264e+00 +3.0529e+00
656 0 +3.398363901e-08 +9.431000003e+01 +9.431000003e+01 -3.8264e+00 +3.0528e+00
673 0 +3.315938102e-08 +9.431000003e+01 +9.431000003e+01 -3.8264e+00 +3.0527e+00
714 0 +1.640333380e-08 +9.431000002e+01 +9.431000002e+01 -3.8264e+00 +3.0527e+00
715 0 +1.356291079e-08 +9.431000001e+01 +9.431000001e+01 -3.8264e+00 +3.0528e+00
716 0 +3.438501039e-09 +9.431000000e+01 +9.431000000e+01 -3.8264e+00 +3.0528e+00
964 0 +0.000000000e+00 +9.431000000e+01 +9.431000000e+01 -3.8264e+00 +3.0528e+00
% f evaluations | g evaluations | best noise-free fitness - Fopt (-1.436900000000e+02) + sum g_i+ | measured fitness | best measured fitness or single-digit g-values | x1 | x2...
1 0 +4.662241693e+02 +3.225341693e+02 +3.225341693e+02 +0.0000e+00 +0.0000e+00
7 0 +1.845046750e+02 +4.081467502e+01 +4.081467502e+01 +2.7332e-01 -6.1448e-02
9 0 +9.053936326e+01 -5.315063674e+01 -5.315063674e+01 +6.3444e-02 +1.0005e-02
11 0 +2.623951120e+01 -1.174504888e+02 -1.174504888e+02 +5.3037e-02 +8.8135e-03
33 0 +3.408396608e+00 -1.402816034e+02 -1.402816034e+02 -1.4226e-01 +7.5666e-02
55 0 +2.624067827e+00 -1.410659322e+02 -1.410659322e+02 -1.0620e-02 +2.7763e-02
63 0 +2.125315737e+00 -1.415646843e+02 -1.415646843e+02 +6.0037e-02 +1.2046e-03
97 0 +2.029330103e+00 -1.416606699e+02 -1.416606699e+02 -3.7261e-02 +3.6664e-02
357 0 +1.994718392e+00 -1.416952816e+02 -1.416952816e+02 -8.0336e-02 +5.2133e-02
422 0 +1.940752001e+00 -1.417492480e+02 -1.417492480e+02 -1.9885e-01 +9.5195e-02
430 0 +1.893316399e+00 -1.417966836e+02 -1.417966836e+02 -2.0968e-01 +9.9069e-02
441 0 +1.644182013e+00 -1.420458180e+02 -1.420458180e+02 -3.1053e-01 +1.3557e-01
443 0 +1.610244950e+00 -1.420797550e+02 -1.420797550e+02 -3.7950e-01 +1.6076e-01
447 0 +1.527806007e+00 -1.421621940e+02 -1.421621940e+02 -5.4817e-01 +2.2197e-01
449 0 +1.222136672e+00 -1.424678633e+02 -1.424678633e+02 -6.3460e-01 +2.5309e-01
455 0 +1.100232855e+00 -1.425897671e+02 -1.425897671e+02 -4.9536e-01 +2.0253e-01
477 0 +9.746074969e-01 -1.427153925e+02 -1.427153925e+02 -5.6320e-01 +2.2705e-01
487 0 +8.879229792e-01 -1.428020770e+02 -1.428020770e+02 -6.0039e-01 +2.4045e-01
492 0 +8.188054846e-01 -1.428711945e+02 -1.428711945e+02 -6.0349e-01 +2.4151e-01
514 0 +7.649326319e-01 -1.429250674e+02 -1.429250674e+02 -5.8624e-01 +2.3519e-01
576 0 +7.531480440e-01 -1.429368520e+02 -1.429368520e+02 -5.8162e-01 +2.3349e-01
592 0 +7.362512458e-01 -1.429537488e+02 -1.429537488e+02 -6.5111e-01 +2.5865e-01
597 0 +7.175302075e-01 -1.429724698e+02 -1.429724698e+02 -6.5218e-01 +2.5901e-01
598 0 +6.838531800e-01 -1.430061468e+02 -1.430061468e+02 -6.3789e-01 +2.5378e-01
604 0 +5.554686919e-01 -1.431345313e+02 -1.431345313e+02 -6.7211e-01 +2.6597e-01
609 0 +5.356919478e-01 -1.431543081e+02 -1.431543081e+02 -6.6051e-01 +2.6171e-01
617 0 +5.103954835e-01 -1.431796045e+02 -1.431796045e+02 -6.8417e-01 +2.7017e-01
632 0 +4.782890309e-01 -1.432117110e+02 -1.432117110e+02 -7.9597e-01 +3.1023e-01
635 0 +4.151384716e-01 -1.432748615e+02 -1.432748615e+02 -8.3556e-01 +3.2452e-01
641 0 +2.914514374e-01 -1.433985486e+02 -1.433985486e+02 -9.2345e-01 +3.5616e-01
652 0 +2.552072538e-01 -1.434347927e+02 -1.434347927e+02 -9.8392e-01 +3.7796e-01
658 0 +2.413494767e-01 -1.434486505e+02 -1.434486505e+02 -1.1530e+00 +4.3890e-01
661 0 +1.289648150e-01 -1.435610352e+02 -1.435610352e+02 -1.0414e+00 +3.9895e-01
665 0 +6.122053968e-02 -1.436287795e+02 -1.436287795e+02 -1.1417e+00 +4.3528e-01
679 0 +6.017170622e-02 -1.436298283e+02 -1.436298283e+02 -1.1661e+00 +4.4420e-01
681 0 +2.611100108e-04 -1.436897389e+02 -1.436897389e+02 -1.3867e+00 +5.2371e-01
757 0 +1.706838615e-04 -1.436898293e+02 -1.436898293e+02 -1.3617e+00 +5.1468e-01
769 0 +9.933221122e-05 -1.436899007e+02 -1.436899007e+02 -1.3634e+00 +5.1529e-01
781 0 +3.957396703e-05 -1.436899604e+02 -1.436899604e+02 -1.3671e+00 +5.1665e-01
787 0 +6.931595522e-06 -1.436899931e+02 -1.436899931e+02 -1.3693e+00 +5.1744e-01
793 0 +5.712618076e-07 -1.436899994e+02 -1.436899994e+02 -1.3713e+00 +5.1815e-01
865 0 +3.009915872e-09 -1.436900000e+02 -1.436900000e+02 -1.3720e+00 +5.1840e-01
1144 0 +0.000000000e+00 -1.436900000e+02 -1.436900000e+02 -1.3720e+00 +5.1840e-01
% f evaluations | g evaluations | best noise-free fitness - Fopt (-3.533800000000e+02) + sum g_i+ | measured fitness | best measured fitness or single-digit g-values | x1 | x2...
1 0 +8.107004752e+06 +8.106651372e+06 +8.106651372e+06 +0.0000e+00 +0.0000e+00
5 0 +7.391467539e+06 +7.391114159e+06 +7.391114159e+06 -1.1375e-01 -3.0566e-01
15 0 +7.154364535e+06 +7.154011155e+06 +7.154011155e+06 -2.8887e-01 -3.4668e-02
16 0 +6.112040780e+06 +6.111687400e+06 +6.111687400e+06 -5.4091e-01 -1.1226e-03
20 0 +5.989067572e+06 +5.988714192e+06 +5.988714192e+06 -5.3914e-01 -6.4786e-02
32 0 +5.473150196e+06 +5.472796816e+06 +5.472796816e+06 -5.8426e-01 -1.7935e-01
33 0 +4.902771357e+06 +4.902417977e+06 +4.902417977e+06 -6.1236e-01 -3.4273e-01
41 0 +3.392719159e+06 +3.392365779e+06 +3.392365779e+06 -9.0925e-01 -2.1334e-01
52 0 +3.052939372e+06 +3.052585992e+06 +3.052585992e+06 -9.2374e-01 -3.4842e-01
53 0 +2.800120386e+06 +2.799767006e+06 +2.799767006e+06 -9.7194e-01 -3.7164e-01
54 0 +2.079476366e+06 +2.079122986e+06 +2.079122986e+06 -1.1920e+00 -5.8709e-01
57 0 +2.037445039e+06 +2.037091659e+06 +2.037091659e+06 -1.3824e+00 -2.4828e-01
64 0 +5.361680973e+05 +5.358147173e+05 +5.358147173e+05 -1.9060e+00 -7.1837e-01
66 0 +5.165591416e+05 +5.162057616e+05 +5.162057616e+05 -2.1674e+00 -1.2688e-01
68 0 +3.632817449e+03 +3.279437449e+03 +3.279437449e+03 -2.9178e+00 -1.5029e-01
69 0 +3.607460497e+03 +3.254080497e+03 +3.254080497e+03 -2.7544e+00 -5.7567e-01
103 0 +1.842877335e+03 +1.489497335e+03 +1.489497335e+03 -2.8847e+00 -2.8286e-01
109 0 +8.300093110e+02 +4.766293110e+02 +4.766293110e+02 -2.9347e+00 -3.5030e-01
111 0 +3.262502125e+02 -2.712978755e+01 -2.712978755e+01 -2.9767e+00 -2.1278e-01
126 0 +4.802779339e+01 -3.053522066e+02 -3.053522066e+02 -2.9635e+00 -2.1736e-01
138 0 +3.260086571e+01 -3.207791343e+02 -3.207791343e+02 -2.9125e+00 -3.4305e-01
169 0 +2.528603075e+01 -3.280939692e+02 -3.280939692e+02 -2.9197e+00 -3.2227e-01
201 0 +4.744443410e+00 -3.486355566e+02 -3.486355566e+02 -2.9041e+00 -3.5322e-01
208 0 +4.388587613e+00 -3.489914124e+02 -3.489914124e+02 -2.9043e+00 -3.4886e-01
223 0 +4.053281648e+00 -3.493267184e+02 -3.493267184e+02 -2.9053e+00 -3.4782e-01
405 0 +3.977033169e+00 -3.494029668e+02 -3.494029668e+02 -2.9150e+00 -3.2275e-01
440 0 +3.884573011e+00 -3.494954270e+02 -3.494954270e+02 -2.9267e+00 -2.9275e-01
456 0 +3.784326083e+00 -3.495956739e+02 -3.495956739e+02 -2.9412e+00 -2.5541e-01
462 0 +3.714270187e+00 -3.496657298e+02 -3.496657298e+02 -2.9512e+00 -2.2972e-01
470 0 +3.584467357e+00 -3.497955326e+02 -3.497955326e+02 -2.9665e+00 -1.8990e-01
481 0 +3.508385821e+00 -3.498716142e+02 -3.498716142e+02 -2.9764e+00 -1.6437e-01
487 0 +3.456761633e+00 -3.499232384e+02 -3.499232384e+02 -2.9869e+00 -1.3703e-01
489 0 +3.127124082e+00 -3.502528759e+02 -3.502528759e+02 -3.0343e+00 -1.5880e-02
506 0 +2.868108600e+00 -3.505118914e+02 -3.505118914e+02 -3.0783e+00 +9.9383e-02
515 0 +2.343008839e+00 -3.510369912e+02 -3.510369912e+02 -3.1427e+00 +2.6586e-01
520 0 +1.848091295e+00 -3.515319087e+02 -3.515319087e+02 -3.2101e+00 +4.3985e-01
524 0 +1.256379293e+00 -3.521236207e+02 -3.521236207e+02 -3.2346e+00 +5.0192e-01
527 0 +6.042615408e-01 -3.527757385e+02 -3.527757385e+02 -3.3253e+00 +7.3550e-01
539 0 +4.616465308e-01 -3.529183535e+02 -3.529183535e+02 -3.5404e+00 +1.2884e+00
541 0 +1.889344476e-01 -3.531910656e+02 -3.531910656e+02 -3.7817e+00 +1.9120e+00
555 0 +5.204057251e-02 -3.533279594e+02 -3.533279594e+02 -3.5518e+00 +1.3196e+00
588 0 +2.194792823e-02 -3.533580521e+02 -3.533580521e+02 -3.5977e+00 +1.4373e+00
590 0 +1.796940347e-02 -3.533620306e+02 -3.533620306e+02 -3.6685e+00 +1.6205e+00
612 0 +1.203127067e-02 -3.533679687e+02 -3.533679687e+02 -3.6503e+00 +1.5733e+00
617 0 +6.473464112e-03 -3.533735265e+02 -3.533735265e+02 -3.6021e+00 +1.4489e+00
628 0 +2.378469746e-03 -3.533776215e+02 -3.533776215e+02 -3.6278e+00 +1.5152e+00
631 0 +2.252278384e-03 -3.533777477e+02 -3.533777477e+02 -3.6108e+00 +1.4715e+00
633 0 +2.069249685e-03 -3.533779308e+02 -3.533779308e+02 -3.6092e+00 +1.4675e+00
638 0 +1.717642047e-03 -3.533782824e+02 -3.533782824e+02 -3.6173e+00 +1.4882e+00
643 0 +1.355520645e-03 -3.533786445e+02 -3.533786445e+02 -3.6125e+00 +1.4758e+00
656 0 +8.905721317e-04 -3.533791094e+02 -3.533791094e+02 -3.6245e+00 +1.5067e+00
668 0 +1.289578586e-04 -3.533798710e+02 -3.533798710e+02 -3.6265e+00 +1.5120e+00
673 0 +7.621483689e-05 -3.533799238e+02 -3.533799238e+02 -3.6227e+00 +1.5022e+00
713 0 +6.979289668e-05 -3.533799302e+02 -3.533799302e+02 -3.6259e+00 +1.5104e+00
716 0 +2.757429274e-05 -3.533799724e+02 -3.533799724e+02 -3.6259e+00 +1.5106e+00
742 0 +2.493949069e-05 -3.533799751e+02 -3.533799751e+02 -3.6236e+00 +1.5046e+00
746 0 +6.739922867e-06 -3.533799933e+02 -3.533799933e+02 -3.6241e+00 +1.5058e+00
752 0 +4.577040329e-06 -3.533799954e+02 -3.533799954e+02 -3.6234e+00 +1.5040e+00
757 0 +3.325983300e-06 -3.533799967e+02 -3.533799967e+02 -3.6246e+00 +1.5072e+00
768 0 +1.488895975e-06 -3.533799985e+02 -3.533799985e+02 -3.6236e+00 +1.5047e+00
769 0 +5.830592613e-07 -3.533799994e+02 -3.533799994e+02 -3.6241e+00 +1.5058e+00
778 0 +1.170036512e-08 -3.533800000e+02 -3.533800000e+02 -3.6240e+00 +1.5055e+00
865 0 +5.221863830e-09 -3.533800000e+02 -3.533800000e+02 -3.6240e+00 +1.5056e+00
1058 0 +0.000000000e+00 -3.533800000e+02 -3.533800000e+02 -3.6240e+00 +1.5056e+00
% f evaluations | g evaluations | best noise-free fitness - Fopt (-2.910000000000e+00) + sum g_i+ | measured fitness | best measured fitness or single-digit g-values | x1 | x2...
1 0 +1.727376777e+07 +1.727376486e+07 +1.727376486e+07 +0.0000e+00 +0.0000e+00
2 0 +1.388830108e+07 +1.388829817e+07 +1.388829817e+07 +4.3379e-01 +3.0692e-02
8 0 +1.229959216e+07 +1.229958925e+07 +1.229958925e+07 +6.0117e-01 +1.6999e-01
14 0 +1.125980483e+07 +1.125980192e+07 +1.125980192e+07 +8.1870e-01 -5.5543e-02
18 0 +8.800899697e+06 +8.800896787e+06 +8.800896787e+06 +1.1066e+00 +1.9058e-01
22 0 +7.768775679e+06 +7.768772769e+06 +7.768772769e+06 +1.1182e+00 +6.9138e-01
23 0 +6.755515729e+06 +6.755512819e+06 +6.755512819e+06 +1.4651e+00 +2.1945e-01
26 0 +5.905642342e+06 +5.905639432e+06 +5.905639432e+06 +1.6609e+00 +1.8960e-01
27 0 +5.346469035e+06 +5.346466125e+06 +5.346466125e+06 +1.6905e+00 +5.2791e-01
28 0 +2.711793326e+06 +2.711790416e+06 +2.711790416e+06 +2.5901e+00 +5.5122e-01
36 0 +7.301186392e+05 +7.301157292e+05 +7.301157292e+05 +3.3600e+00 +1.9072e-01
45 0 +3.234039654e+05 +3.234010554e+05 +3.234010554e+05 +4.3276e+00 -1.8541e+00
47 0 +1.600732933e+04 +1.600441933e+04 +1.600441933e+04 +4.3515e+00 +4.5435e-01
63 0 +1.954628190e+02 +1.925528190e+02 +1.925528190e+02 +4.4519e+00 -3.1662e-01
98 0 +1.722331497e+02 +1.693231497e+02 +1.693231497e+02 +4.1992e+00 +5.4177e-01
103 0 +2.720777386e+01 +2.429777386e+01 +2.429777386e+01 +4.3951e+00 -1.1291e-01
154 0 +7.456611426e+00 +4.546611426e+00 +4.546611426e+00 +4.1467e+00 +6.6787e-01
211 0 +4.164721841e+00 +1.254721841e+00 +1.254721841e+00 +4.3638e+00 -2.9400e-03
240 0 +3.772994160e+00 +8.629941601e-01 +8.629941601e-01 +4.3454e+00 +5.2386e-02
275 0 +3.208322347e+00 +2.983223474e-01 +2.983223474e-01 +4.3062e+00 +1.7438e-01
435 0 +3.134834949e+00 +2.248349492e-01 +2.248349492e-01 +4.3130e+00 +1.5230e-01
446 0 +3.025649227e+00 +1.156492267e-01 +1.156492267e-01 +4.2988e+00 +1.9440e-01
451 0 +2.953903796e+00 +4.390379645e-02 +4.390379645e-02 +4.3018e+00 +1.8627e-01
456 0 +2.940094075e+00 +3.009407489e-02 +3.009407489e-02 +4.2837e+00 +2.4035e-01
457 0 +2.822857545e+00 -8.714245462e-02 -8.714245462e-02 +4.2922e+00 +2.1529e-01
459 0 +2.817181932e+00 -9.281806835e-02 -9.281806835e-02 +4.2849e+00 +2.3911e-01
462 0 +2.642380997e+00 -2.676190030e-01 -2.676190030e-01 +4.2716e+00 +2.7788e-01
463 0 +2.625086838e+00 -2.849131621e-01 -2.849131621e-01 +4.2783e+00 +2.5849e-01
465 0 +2.551346512e+00 -3.586534877e-01 -3.586534877e-01 +4.2679e+00 +2.8929e-01
468 0 +2.362604030e+00 -5.473959699e-01 -5.473959699e-01 +4.2302e+00 +4.0687e-01
469 0 +2.335368006e+00 -5.746319943e-01 -5.746319943e-01 +4.2491e+00 +3.4808e-01
470 0 +2.019746167e+00 -8.902538331e-01 -8.902538331e-01 +4.1699e+00 +5.9055e-01
479 0 +1.324254522e+00 -1.585745478e+00 -1.585745478e+00 +4.0564e+00 +9.3883e-01
487 0 +1.220610198e+00 -1.689389802e+00 -1.689389802e+00 +4.0480e+00 +9.6453e-01
492 0 +1.183080917e+00 -1.726919083e+00 -1.726919083e+00 +4.0081e+00 +1.0879e+00
493 0 +6.281439883e-01 -2.281856012e+00 -2.281856012e+00 +4.0037e+00 +1.0986e+00
499 0 +5.845239901e-01 -2.325476010e+00 -2.325476010e+00 +3.9836e+00 +1.1611e+00
505 0 +5.518047784e-01 -2.358195222e+00 -2.358195222e+00 +3.8934e+00 +1.4383e+00
506 0 +4.883297919e-01 -2.421670208e+00 -2.421670208e+00 +3.6227e+00 +2.2671e+00
511 0 +1.284628969e-01 -2.781537103e+00 -2.781537103e+00 +3.7882e+00 +1.7596e+00
515 0 +3.384661710e-02 -2.876153383e+00 -2.876153383e+00 +3.6800e+00 +2.0897e+00
523 0 +5.009739461e-03 -2.904990261e+00 -2.904990261e+00 +3.7293e+00 +1.9387e+00
555 0 +2.775194064e-04 -2.909722481e+00 -2.909722481e+00 +3.7354e+00 +1.9201e+00
620 0 +2.566154520e-04 -2.909743385e+00 -2.909743385e+00 +3.7352e+00 +1.9208e+00
621 0 +1.478869196e-04 -2.909852113e+00 -2.909852113e+00 +3.7310e+00 +1.9336e+00
623 0 +8.667815659e-05 -2.909913322e+00 -2.909913322e+00 +3.7372e+00 +1.9146e+00
624 0 +2.870435704e-05 -2.909971296e+00 -2.909971296e+00 +3.7329e+00 +1.9279e+00
625 0 +6.149395605e-06 -2.909993851e+00 -2.909993851e+00 +3.7350e+00 +1.9212e+00
649 0 +5.768393280e-06 -2.909994232e+00 -2.909994232e+00 +3.7337e+00 +1.9253e+00
660 0 +4.961253619e-06 -2.909995039e+00 -2.909995039e+00 +3.7344e+00 +1.9233e+00
673 0 +1.704619697e-06 -2.909998295e+00 -2.909998295e+00 +3.7348e+00 +1.9221e+00
679 0 +1.434744149e-06 -2.909998565e+00 -2.909998565e+00 +3.7344e+00 +1.9233e+00
709 0 +1.333155484e-06 -2.909998667e+00 -2.909998667e+00 +3.7343e+00 +1.9234e+00
714 0 +4.612654663e-07 -2.909999539e+00 -2.909999539e+00 +3.7346e+00 +1.9226e+00
715 0 +2.749072170e-07 -2.909999725e+00 -2.909999725e+00 +3.7343e+00 +1.9234e+00
721 0 +2.566286792e-07 -2.909999743e+00 -2.909999743e+00 +3.7343e+00 +1.9235e+00
723 0 +8.813924257e-08 -2.909999912e+00 -2.909999912e+00 +3.7343e+00 +1.9235e+00
727 0 +7.975494309e-08 -2.909999920e+00 -2.909999920e+00 +3.7345e+00 +1.9230e+00
732 0 +4.583266211e-09 -2.909999995e+00 -2.909999995e+00 +3.7344e+00 +1.9232e+00
1058 0 +0.000000000e+00 -2.910000000e+00 -2.910000000e+00 +3.7344e+00 +1.9232e+00
% f evaluations | g evaluations | best noise-free fitness - Fopt (-2.970000000000e+00) + sum g_i+ | measured fitness | best measured fitness or single-digit g-values | x1 | x2...
1 0 +4.287891690e+06 +4.287888720e+06 +4.287888720e+06 +0.0000e+00 +0.0000e+00
2 0 +3.874051413e+06 +3.874048443e+06 +3.874048443e+06 +4.3379e-01 +3.0692e-02
3 0 +3.295205349e+06 +3.295202379e+06 +3.295202379e+06 +9.8026e-02 +3.4094e-01
8 0 +3.104267643e+06 +3.104264673e+06 +3.104264673e+06 +3.9854e-01 +3.2976e-01
12 0 +2.720538018e+06 +2.720535048e+06 +2.720535048e+06 +2.8148e-01 +4.9555e-01
15 0 +2.537499681e+06 +2.537496711e+06 +2.537496711e+06 +2.2684e-01 +5.7032e-01
18 0 +2.467267969e+06 +2.467264999e+06 +2.467264999e+06 +7.3717e-01 +4.5395e-01
20 0 +2.361370492e+06 +2.361367522e+06 +2.361367522e+06 +4.1081e-01 +5.7581e-01
22 0 +4.987312150e+05 +4.987282450e+05 +4.987282450e+05 +6.8497e-01 +1.1613e+00
28 0 +3.993810704e+05 +3.993781004e+05 +3.993781004e+05 +1.2392e+00 +1.0914e+00
32 0 +3.136821083e+05 +3.136791383e+05 +3.136791383e+05 +7.6674e-01 +1.3168e+00
40 0 +3.197816112e+01 +2.900816112e+01 +2.900816112e+01 +1.6365e+00 +1.7038e+00
162 0 +1.533426350e+01 +1.236426350e+01 +1.236426350e+01 +2.1231e-01 +2.0855e+00
538 0 +1.500572819e+01 +1.203572819e+01 +1.203572819e+01 +8.1936e-01 +1.9231e+00
541 0 +1.467567024e+01 +1.170567024e+01 +1.170567024e+01 +4.6378e-01 +2.0192e+00
542 0 +1.442621323e+01 +1.145621323e+01 +1.145621323e+01 +9.6302e-01 +1.8841e+00
547 0 +1.368588386e+01 +1.071588386e+01 +1.071588386e+01 +5.8724e-01 +1.9856e+00
549 0 +1.287549889e+01 +9.905498887e+00 +9.905498887e+00 +5.3588e-01 +1.9989e+00
560 0 +1.121624995e+01 +8.246249953e+00 +8.246249953e+00 +7.7453e-01 +1.9341e+00
596 0 +1.079294754e+01 +7.822947545e+00 +7.822947545e+00 +9.1669e-01 +1.8956e+00
602 0 +1.064705964e+01 +7.677059637e+00 +7.677059637e+00 +1.0357e+00 +1.8636e+00
608 0 +9.898174055e+00 +6.928174055e+00 +6.928174055e+00 +1.1952e+00 +1.8201e+00
614 0 +9.495101948e+00 +6.525101948e+00 +6.525101948e+00 +9.5816e-01 +1.8837e+00
632 0 +9.028782151e+00 +6.058782151e+00 +6.058782151e+00 +1.0787e+00 +1.8510e+00
635 0 +8.713300134e+00 +5.743300134e+00 +5.743300134e+00 +1.1630e+00 +1.8281e+00
641 0 +8.308237233e+00 +5.338237233e+00 +5.338237233e+00 +1.3094e+00 +1.7884e+00
644 0 +8.102447159e+00 +5.132447159e+00 +5.132447159e+00 +1.4157e+00 +1.7597e+00
650 0 +6.822635304e+00 +3.852635304e+00 +3.852635304e+00 +1.6338e+00 +1.7000e+00
658 0 +6.005745578e+00 +3.035745578e+00 +3.035745578e+00 +1.7579e+00 +1.6661e+00
665 0 +5.096234370e+00 +2.126234370e+00 +2.126234370e+00 +1.8856e+00 +1.6311e+00
671 0 +3.561107728e+00 +5.911077278e-01 +5.911077278e-01 +2.7597e+00 +1.3949e+00
672 0 +2.129572597e+00 -8.404274026e-01 -8.404274026e-01 +2.4799e+00 +1.4695e+00
678 0 +5.208915522e-01 -2.449108448e+00 -2.449108448e+00 +3.3565e+00 +1.2315e+00
680 0 +4.165315834e-01 -2.553468417e+00 -2.553468417e+00 +4.6454e+00 +8.8073e-01
685 0 +3.653578984e-01 -2.604642102e+00 -2.604642102e+00 +4.5997e+00 +8.9338e-01
709 0 +3.222100780e-01 -2.647789922e+00 -2.647789922e+00 +4.0142e+00 +1.0519e+00
730 0 +2.549268877e-01 -2.715073112e+00 -2.715073112e+00 +4.4525e+00 +9.3316e-01
737 0 +1.587611512e-01 -2.811238849e+00 -2.811238849e+00 +4.2620e+00 +9.8479e-01
738 0 +1.422439250e-01 -2.827756075e+00 -2.827756075e+00 +4.1609e+00 +1.0122e+00
745 0 +5.686845811e-02 -2.913131542e+00 -2.913131542e+00 +3.9351e+00 +1.0737e+00
752 0 +1.508357109e-02 -2.954916429e+00 -2.954916429e+00 +3.9125e+00 +1.0800e+00
777 0 +3.772259722e-03 -2.966227740e+00 -2.966227740e+00 +3.9241e+00 +1.0769e+00
789 0 +1.905446049e-03 -2.968094554e+00 -2.968094554e+00 +3.9537e+00 +1.0689e+00
793 0 +1.036181062e-03 -2.968963819e+00 -2.968963819e+00 +3.9638e+00 +1.0661e+00
818 0 +9.057880303e-04 -2.969094212e+00 -2.969094212e+00 +3.9717e+00 +1.0640e+00
836 0 +7.191502378e-04 -2.969280850e+00 -2.969280850e+00 +3.9610e+00 +1.0669e+00
841 0 +4.266081125e-05 -2.969957339e+00 -2.969957339e+00 +3.9834e+00 +1.0608e+00
888 0 +1.977631685e-05 -2.969980224e+00 -2.969980224e+00 +3.9787e+00 +1.0621e+00
892 0 +7.875462749e-06 -2.969992125e+00 -2.969992125e+00 +3.9749e+00 +1.0631e+00
907 0 +3.450629599e-06 -2.969996549e+00 -2.969996549e+00 +3.9788e+00 +1.0621e+00
964 0 +2.886040645e-06 -2.969997114e+00 -2.969997114e+00 +3.9790e+00 +1.0620e+00
974 0 +2.540222729e-06 -2.969997460e+00 -2.969997460e+00 +3.9790e+00 +1.0620e+00
979 0 +2.178491419e-06 -2.969997822e+00 -2.969997822e+00 +3.9783e+00 +1.0622e+00
980 0 +2.651724342e-07 -2.969999735e+00 -2.969999735e+00 +3.9780e+00 +1.0623e+00
1027 0 +2.180498324e-07 -2.969999782e+00 -2.969999782e+00 +3.9780e+00 +1.0623e+00
1028 0 +2.137781800e-07 -2.969999786e+00 -2.969999786e+00 +3.9778e+00 +1.0623e+00
1029 0 +3.073018462e-08 -2.969999969e+00 -2.969999969e+00 +3.9776e+00 +1.0624e+00
1054 0 +3.705767249e-09 -2.969999996e+00 -2.969999996e+00 +3.9776e+00 +1.0624e+00
1240 0 +0.000000000e+00 -2.970000000e+00 -2.970000000e+00 +3.9776e+00 +1.0624e+00
% f evaluations | g evaluations | best noise-free fitness - Fopt (2.996300000000e+02) + sum g_i+ | measured fitness | best measured fitness or single-digit g-values | x1 | x2...
1 0 +1.789781373e+06 +1.790081003e+06 +1.790081003e+06 +0.0000e+00 +0.0000e+00
2 0 +1.345551004e+06 +1.345850634e+06 +1.345850634e+06 +4.3379e-01 +3.0692e-02
5 0 +9.906272672e+05 +9.909268972e+05 +9.909268972e+05 -1.1375e-01 -3.0566e-01
14 0 +4.992127225e+05 +4.995123525e+05 +4.995123525e+05 +3.4070e-01 -3.7342e-01
21 0 +4.091771143e+05 +4.094767443e+05 +4.094767443e+05 +4.0620e-01 -4.2244e-01
26 0 +2.306018390e+05 +2.309014690e+05 +2.309014690e+05 +7.4537e-01 -5.2601e-01
28 0 +2.179065864e+05 +2.182062164e+05 +2.182062164e+05 +1.0453e+00 -4.2834e-01
29 0 +1.104318410e+05 +1.107314710e+05 +1.107314710e+05 +9.4230e-01 -6.1510e-01
36 0 +1.387160138e+03 +1.686790138e+03 +1.686790138e+03 +1.4730e+00 -7.9986e-01
43 0 +2.652980913e+02 +5.649280913e+02 +5.649280913e+02 +1.5121e+00 -7.6043e-01
59 0 +3.340821915e+01 +3.330382191e+02 +3.330382191e+02 +1.0806e+00 -9.0425e-01
117 0 +3.077632710e+01 +3.304063271e+02 +3.304063271e+02 +1.3022e+00 -8.3025e-01
157 0 +4.999063366e+00 +3.046290634e+02 +3.046290634e+02 +1.3113e+00 -8.2262e-01
169 0 +9.327730180e-01 +3.005627730e+02 +3.005627730e+02 +1.3128e+00 -8.2070e-01
180 0 +8.347277181e-01 +3.004647277e+02 +3.004647277e+02 +1.2935e+00 -8.2818e-01
181 0 +3.726204730e-01 +3.000026205e+02 +3.000026205e+02 +1.3024e+00 -8.2376e-01
290 0 +3.572079215e-01 +2.999872079e+02 +2.999872079e+02 +1.3059e+00 -8.2257e-01
494 0 +3.543040370e-01 +2.999843040e+02 +2.999843040e+02 +1.3044e+00 -8.2318e-01
518 0 +3.447916530e-01 +2.999747917e+02 +2.999747917e+02 +1.2966e+00 -8.2628e-01
533 0 +3.379372674e-01 +2.999679373e+02 +2.999679373e+02 +1.2905e+00 -8.2868e-01
539 0 +3.281816583e-01 +2.999581817e+02 +2.999581817e+02 +1.2847e+00 -8.3094e-01
546 0 +3.186385145e-01 +2.999486385e+02 +2.999486385e+02 +1.2804e+00 -8.3261e-01
549 0 +2.902413054e-01 +2.999202413e+02 +2.999202413e+02 +1.2630e+00 -8.3944e-01
560 0 +2.608040189e-01 +2.998908040e+02 +2.998908040e+02 +1.2131e+00 -8.5899e-01
565 0 +2.486813192e-01 +2.998786813e+02 +2.998786813e+02 +1.2333e+00 -8.5100e-01
569 0 +2.182724485e-01 +2.998482724e+02 +2.998482724e+02 +1.2238e+00 -8.5465e-01
582 0 +2.137145461e-01 +2.998437145e+02 +2.998437145e+02 +1.2117e+00 -8.5939e-01
584 0 +2.025813257e-01 +2.998325813e+02 +2.998325813e+02 +1.2209e+00 -8.5568e-01
589 0 +1.834325028e-01 +2.998134325e+02 +2.998134325e+02 +1.1892e+00 -8.6813e-01
591 0 +1.779413749e-01 +2.998079414e+02 +2.998079414e+02 +1.1730e+00 -8.7446e-01
614 0 +1.737217478e-01 +2.998037217e+02 +2.998037217e+02 +1.1204e+00 -8.9502e-01
620 0 +1.360822978e-01 +2.997660823e+02 +2.997660823e+02 +1.1173e+00 -8.9610e-01
629 0 +1.300293801e-01 +2.997600294e+02 +2.997600294e+02 +1.1306e+00 -8.9082e-01
645 0 +1.206049250e-01 +2.997506049e+02 +2.997506049e+02 +1.1060e+00 -9.0034e-01
647 0 +1.110376374e-01 +2.997410376e+02 +2.997410376e+02 +1.0889e+00 -9.0707e-01
652 0 +1.040169220e-01 +2.997340169e+02 +2.997340169e+02 +1.0784e+00 -9.1115e-01
655 0 +9.690097983e-02 +2.997269010e+02 +2.997269010e+02 +1.0549e+00 -9.2018e-01
657 0 +5.474875417e-02 +2.996847488e+02 +2.996847488e+02 +9.5620e-01 -9.5855e-01
663 0 +3.131105838e-02 +2.996613111e+02 +2.996613111e+02 +9.3180e-01 -9.6810e-01
672 0 +7.912346712e-04 +2.996307912e+02 +2.996307912e+02 +8.0025e-01 -1.0194e+00
679 0 +6.970263379e-04 +2.996306970e+02 +2.996306970e+02 +8.0738e-01 -1.0166e+00
741 0 +5.407871629e-05 +2.996300541e+02 +2.996300541e+02 +7.8310e-01 -1.0261e+00
798 0 +2.652785275e-05 +2.996300265e+02 +2.996300265e+02 +7.9050e-01 -1.0232e+00
804 0 +2.481750334e-05 +2.996300248e+02 +2.996300248e+02 +7.8825e-01 -1.0241e+00
805 0 +1.839322942e-05 +2.996300184e+02 +2.996300184e+02 +7.9014e-01 -1.0233e+00
811 0 +1.296697468e-05 +2.996300130e+02 +2.996300130e+02 +7.8916e-01 -1.0237e+00
816 0 +7.273170525e-06 +2.996300073e+02 +2.996300073e+02 +7.8862e-01 -1.0239e+00
838 0 +7.216432266e-06 +2.996300072e+02 +2.996300072e+02 +7.8911e-01 -1.0237e+00
842 0 +3.779098506e-06 +2.996300038e+02 +2.996300038e+02 +7.8455e-01 -1.0255e+00
847 0 +2.375497616e-06 +2.996300024e+02 +2.996300024e+02 +7.8745e-01 -1.0244e+00
868 0 +2.075717020e-07 +2.996300002e+02 +2.996300002e+02 +7.8622e-01 -1.0249e+00
877 0 +1.307130333e-07 +2.996300001e+02 +2.996300001e+02 +7.8627e-01 -1.0248e+00
909 0 +1.166085326e-07 +2.996300001e+02 +2.996300001e+02 +7.8609e-01 -1.0249e+00
910 0 +6.131637065e-08 +2.996300001e+02 +2.996300001e+02 +7.8651e-01 -1.0248e+00
913 0 +1.703580210e-08 +2.996300000e+02 +2.996300000e+02 +7.8630e-01 -1.0248e+00
920 0 +1.689500095e-09 +2.996300000e+02 +2.996300000e+02 +7.8637e-01 -1.0248e+00
1129 0 +0.000000000e+00 +2.996300000e+02 +2.996300000e+02 +7.8640e-01 -1.0248e+00
