% f evaluations | g evaluations | best noise-free fitness - Fopt (-1.000000000000e+03) + sum g_i+ | measured fitness | best measured fitness or single-digit g-values | x1 | x2...
1 0 +1.610802346e+01 -9.838919765e+02 -9.838919765e+02 +0.0000e+00 +0.0000e+00 +0.0000e+00
2 0 +9.931135627e+00 -9.900688644e+02 -9.900688644e+02 +4.3379e-01 +3.0692e-02 +9.8026e-02
16 0 +9.761602563e+00 -9.902383974e+02 -9.902383974e+02 +2.3675e-01 -3.4303e-02 +2.4508e-01
163 0 +9.464188619e+00 -9.905358114e+02 -9.905358114e+02 +2.9428e-01 -3.4403e-03 +6.1076e-02
230 0 +9.306677092e+00 -9.906933229e+02 -9.906933229e+02 +3.5108e-01 +8.6943e-02 -1.8146e-01
272 0 +9.105364146e+00 -9.908946359e+02 -9.908946359e+02 +3.9645e-01 +1.4739e-01 -4.7581e-01
312 0 +8.861797855e+00 -9.911382021e+02 -9.911382021e+02 +6.1658e-01 +3.5232e-01 -9.7433e-01
% f evaluations | g evaluations | best noise-free fitness - Fopt (1.000000000000e+03) + sum g_i+ | measured fitness | best measured fitness or single-digit g-values | x1 | x2...
1 0 +6.769756298e+01 +1.067697563e+03 +1.067697563e+03 +0.0000e+00 +0.0000e+00 +0.0000e+00
2 0 +5.619214261e+01 +1.056192143e+03 +1.056192143e+03 +4.3379e-01 +3.0692e-02 +9.8026e-02
3 0 +5.218778558e+01 +1.052187786e+03 +1.052187786e+03 +3.4094e-01 +2.4727e-01 +1.7369e-01
16 0 +4.063219428e+01 +1.040632194e+03 +1.040632194e+03 +3.8510e-01 +4.5697e-01 +2.8967e-01
25 0 +2.832881866e+01 +1.028328819e+03 +1.028328819e+03 +8.7358e-01 +7.4683e-01 +6.0561e-01
32 0 +2.807403345e+01 +1.028074033e+03 +1.028074033e+03 +7.3990e-01 +6.7004e-01 +7.0038e-01
41 0 +2.717226830e+01 +1.027172268e+03 +1.027172268e+03 +7.5905e-01 +8.2728e-01 +3.2885e-01
45 0 +2.603145826e+01 +1.026031458e+03 +1.026031458e+03 +8.5127e-01 +7.1134e-01 +3.5865e-01
48 0 +2.567698775e+01 +1.025676988e+03 +1.025676988e+03 +8.8517e-01 +5.4541e-01 +5.2110e-01
90 0 +2.511562199e+01 +1.025115622e+03 +1.025115622e+03 +8.0209e-01 +6.6650e-01 +2.5008e-01
96 0 +2.418343919e+01 +1.024183439e+03 +1.024183439e+03 +8.2724e-01 +6.3452e-01 +1.0984e-01
102 0 +2.372276713e+01 +1.023722767e+03 +1.023722767e+03 +9.2005e-01 +7.0244e-01 -9.1616e-02
106 0 +2.334500641e+01 +1.023345006e+03 +1.023345006e+03 +8.3422e-01 +5.2481e-01 -6.8675e-02
110 0 +2.100226859e+01 +1.021002269e+03 +1.021002269e+03 +1.0661e+00 +5.1459e-01 -5.1004e-01
188 0 +2.069765135e+01 +1.020697651e+03 +1.020697651e+03 +1.1810e+00 +2.8186e-01 -5.3818e-01
195 0 +2.024722687e+01 +1.020247227e+03 +1.020247227e+03 +1.2233e+00 +2.8088e-01 -7.2026e-01
219 0 +1.988160179e+01 +1.019881602e+03 +1.019881602e+03 +1.3312e+00 +3.1444e-01 -1.1280e+00
229 0 +1.937563535e+01 +1.019375635e+03 +1.019375635e+03 +1.2460e+00 +2.6174e-01 -1.1601e+00
264 0 +1.900827171e+01 +1.019008272e+03 +1.019008272e+03 +1.1424e+00 +3.8797e-01 -1.2197e+00
295 0 +1.860416170e+01 +1.018604162e+03 +1.018604162e+03 +1.1814e+00 +3.7318e-01 -1.5405e+00
% f evaluations | g evaluations | best noise-free fitness - Fopt (-4.913000000000e+01) + sum g_i+ | measured fitness | best measured fitness or single-digit g-values | x1 | x2...
1 0 +5.988076993e+01 +1.075076993e+01 +1.075076993e+01 +0.0000e+00 +0.0000e+00 +0.0000e+00
2 0 +4.590479979e+01 -3.225200205e+00 -3.225200205e+00 +4.3379e-01 +3.0692e-02 +9.8026e-02
3 0 +3.306063256e+01 -1.606936744e+01 -1.606936744e+01 +3.4094e-01 +2.4727e-01 +1.7369e-01
9 0 +3.105197973e+01 -1.807802027e+01 -1.807802027e+01 +3.2547e-01 +1.9921e-01 +3.1186e-01
16 0 +2.209360608e+01 -2.703639392e+01 -2.703639392e+01 +4.0570e-01 +3.2057e-01 +4.4498e-01
18 0 +1.695109029e+01 -3.217890971e+01 -3.217890971e+01 +3.1560e-01 +2.4937e-01 +8.2772e-01
31 0 +8.946630596e+00 -4.018336940e+01 -4.018336940e+01 +9.5122e-02 +6.5848e-01 +1.0016e+00
53 0 +3.230506151e+00 -4.589949385e+01 -4.589949385e+01 +1.0007e-01 +7.7264e-01 +1.6992e+00
88 0 +2.570548480e+00 -4.655945152e+01 -4.655945152e+01 +4.0063e-01 +4.1714e-01 +1.6241e+00
93 0 +2.149219025e+00 -4.698078098e+01 -4.698078098e+01 +2.7083e-01 +6.3460e-01 +1.9089e+00
100 0 +2.019896105e+00 -4.711010389e+01 -4.711010389e+01 +2.3161e-01 +5.2215e-01 +1.9376e+00
120 0 +1.979530090e+00 -4.715046991e+01 -4.715046991e+01 +3.5232e-01 +4.6524e-01 +2.2252e+00
% f evaluations | g evaluations | best noise-free fitness - Fopt (2.977300000000e+02) + sum g_i+ | measured fitness | best measured fitness or single-digit g-values | x1 | x2...
1 0 +4.847377275e+01 +3.462037728e+02 +3.462037728e+02 +0.0000e+00 +0.0000e+00 +0.0000e+00
5 0 +4.208380300e+01 +3.398138030e+02 +3.398138030e+02 -1.5359e-01 +2.4817e-01 +6.3376e-02
11 0 +3.805889228e+01 +3.357888923e+02 +3.357888923e+02 -4.3588e-01 +3.8180e-01 -5.3082e-02
12 0 +3.625493426e+01 +3.339849343e+02 +3.339849343e+02 -1.1661e-01 +5.5865e-01 +1.4588e-01
17 0 +2.968485716e+01 +3.274148572e+02 +3.274148572e+02 -2.9518e-02 +5.4730e-01 -1.1969e-01
29 0 +2.944866321e+01 +3.271786632e+02 +3.271786632e+02 -1.4197e-01 +8.2894e-01 +6.2430e-03
41 0 +2.574131540e+01 +3.234713154e+02 +3.234713154e+02 +5.0305e-02 +1.0014e+00 -2.7643e-01
72 0 +2.493599943e+01 +3.226659994e+02 +3.226659994e+02 +3.0165e-01 +1.5195e+00 +1.9801e-04
73 0 +2.430928104e+01 +3.220392810e+02 +3.220392810e+02 +2.3435e-01 +1.2994e+00 -2.7026e-02
79 0 +2.395086458e+01 +3.216808646e+02 +3.216808646e+02 +4.0252e-01 +1.7434e+00 -1.3966e-01
85 0 +2.331819278e+01 +3.210481928e+02 +3.210481928e+02 +3.0055e-01 +1.2862e+00 -6.8017e-02
87 0 +2.224561425e+01 +3.199756143e+02 +3.199756143e+02 +6.4486e-01 +1.5099e+00 +4.9070e-02
95 0 +2.097378821e+01 +3.187037882e+02 +3.187037882e+02 +5.8317e-01 +1.8131e+00 -1.4134e-01
96 0 +1.677168445e+01 +3.145016844e+02 +3.145016844e+02 +8.0224e-01 +2.1684e+00 -2.4476e-01
102 0 +1.592432824e+01 +3.136543282e+02 +3.136543282e+02 +1.2493e+00 +2.8354e+00 -4.7327e-01
106 0 +1.507990047e+01 +3.128099005e+02 +3.128099005e+02 +9.3926e-01 +2.1787e+00 -3.7944e-01
108 0 +1.405955836e+01 +3.117895584e+02 +3.117895584e+02 +1.1856e+00 +1.5175e+00 -2.9829e-01
113 0 +1.224863855e+01 +3.099786386e+02 +3.099786386e+02 +1.1868e+00 +2.0086e+00 -4.6884e-01
115 0 +1.028154211e+01 +3.080115421e+02 +3.080115421e+02 +1.6061e+00 +2.1563e+00 -8.2981e-01
116 0 +9.155892838e+00 +3.068858928e+02 +3.068858928e+02 +1.6501e+00 +2.6214e+00 -3.5430e-01
120 0 +8.747762816e+00 +3.064777628e+02 +3.064777628e+02 +1.6410e+00 +2.0613e+00 -4.7999e-01
126 0 +8.639629511e+00 +3.063696295e+02 +3.063696295e+02 +1.7371e+00 +1.1844e+00 -5.9913e-01
131 0 +7.547232196e+00 +3.052772322e+02 +3.052772322e+02 +2.1764e+00 +2.3250e+00 -7.1793e-01
183 0 +7.297101283e+00 +3.050271013e+02 +3.050271013e+02 +2.3560e+00 +2.3683e+00 -5.4955e-01
% f evaluations | g evaluations | best noise-free fitness - Fopt (5.157000000000e+01) + sum g_i+ | measured fitness | best measured fitness or single-digit g-values | x1 | x2...
1 0 +6.905006003e+01 +1.206200600e+02 +1.206200600e+02 +0.0000e+00 +0.0000e+00 +0.0000e+00
2 0 +6.731999692e+01 +1.188899969e+02 +1.188899969e+02 +4.3379e-01 +3.0692e-02 +9.8026e-02
3 0 +6.492360161e+01 +1.164936016e+02 +1.164936016e+02 +3.4094e-01 +2.4727e-01 +1.7369e-01
14 0 +5.862853748e+01 +1.101985375e+02 +1.101985375e+02 +3.4556e-02 +1.9117e-01 +7.0486e-01
18 0 +5.219752966e+01 +1.037675297e+02 +1.037675297e+02 +2.2435e-01 +2.2399e-01 +9.6350e-01
27 0 +5.070401353e+01 +1.022740135e+02 +1.022740135e+02 -2.6300e-02 +2.5236e-01 +1.0497e+00
31 0 +4.126545391e+01 +9.283545391e+01 +9.283545391e+01 +4.2346e-01 +4.3473e-01 +1.4108e+00
38 0 +3.528223847e+01 +8.685223847e+01 +8.685223847e+01 +1.1007e+00 +6.8309e-01 +2.4634e+00
50 0 +3.384934018e+01 +8.541934018e+01 +8.541934018e+01 +8.0639e-01 +2.6680e-01 +1.9987e+00
53 0 +2.258153891e+01 +7.415153891e+01 +7.415153891e+01 +1.1895e+00 +6.5893e-01 +4.7367e+00
94 0 +1.510019481e+01 +6.667019481e+01 +6.667019481e+01 +1.3323e+00 +2.2823e-01 +4.5735e+00
118 0 +1.384466513e+01 +6.541466513e+01 +6.541466513e+01 +1.2004e+00 +1.6046e-01 +4.7188e+00
119 0 +1.373418550e+01 +6.530418550e+01 +6.530418550e+01 +1.5154e+00 +2.8617e-01 +5.0336e+00
126 0 +9.958749095e+00 +6.152874909e+01 +6.152874909e+01 +1.3146e+00 -8.4276e-02 +4.5807e+00
147 0 +8.682351017e+00 +6.025235102e+01 +6.025235102e+01 +1.4153e+00 -1.2906e-01 +4.8176e+00
178 0 +8.429373280e+00 +5.999937328e+01 +5.999937328e+01 +1.2682e+00 -2.8499e-01 +4.5621e+00
187 0 +8.108912042e+00 +5.967891204e+01 +5.967891204e+01 +1.3297e+00 -2.8380e-01 +4.6161e+00
189 0 +7.132590003e+00 +5.870259000e+01 +5.870259000e+01 +1.5172e+00 -3.7925e-01 +4.9826e+00
196 0 +6.664274527e+00 +5.823427453e+01 +5.823427453e+01 +1.3655e+00 -5.5132e-01 +4.4543e+00
200 0 +6.027160259e+00 +5.759716026e+01 +5.759716026e+01 +1.4943e+00 -5.2264e-01 +4.5686e+00
204 0 +5.986990092e+00 +5.755699009e+01 +5.755699009e+01 +1.4127e+00 -5.4570e-01 +4.7613e+00
206 0 +3.978711120e+00 +5.554871112e+01 +5.554871112e+01 +1.5023e+00 -6.9170e-01 +4.6602e+00
212 0 +2.373686337e+00 +5.394368634e+01 +5.394368634e+01 +1.5267e+00 -1.0719e+00 +4.3039e+00
231 0 +2.307631491e+00 +5.387763149e+01 +5.387763149e+01 +1.5667e+00 -9.3870e-01 +4.7267e+00
236 0 +1.990372083e+00 +5.356037208e+01 +5.356037208e+01 +1.4900e+00 -1.3153e+00 +4.5576e+00
241 0 +1.879084956e+00 +5.344908496e+01 +5.344908496e+01 +1.6355e+00 -1.2624e+00 +4.5888e+00
250 0 +1.469422131e+00 +5.303942213e+01 +5.303942213e+01 +1.7518e+00 -1.6156e+00 +4.7401e+00
256 0 +8.489217298e-01 +5.241892173e+01 +5.241892173e+01 +1.8054e+00 -2.0053e+00 +4.5399e+00
278 0 +7.355328374e-01 +5.230553284e+01 +5.230553284e+01 +1.8893e+00 -2.0532e+00 +4.3518e+00
308 0 +7.029379600e-01 +5.227293796e+01 +5.227293796e+01 +1.8179e+00 -1.9762e+00 +4.4156e+00
% f evaluations | g evaluations | best noise-free fitness - Fopt (1.527100000000e+02) + sum g_i+ | measured fitness | best measured fitness or single-digit g-values | x1 | x2...
1 0 +6.938188894e+01 +2.220918889e+02 +2.220918889e+02 +0.0000e+00 +0.0000e+00 +0.0000e+00
4 0 +6.579032656e+01 +2.185003266e+02 +2.185003266e+02 -1.1375e-01 -3.0566e-01 +1.1285e-01
35 0 +6.419391989e+01 +2.169039199e+02 +2.169039199e+02 -3.1933e-01 -3.3630e-01 -7.5616e-02
48 0 +6.242791408e+01 +2.151379141e+02 +2.151379141e+02 -9.4902e-02 -4.5680e-01 -6.2647e-02
54 0 +6.134639856e+01 +2.140563986e+02 +2.140563986e+02 -4.1558e-01 -4.4207e-01 -2.4242e-01
60 0 +5.742944613e+01 +2.101394461e+02 +2.101394461e+02 -3.6871e-01 -5.9102e-01 -2.5202e-01
76 0 +5.463490718e+01 +2.073449072e+02 +2.073449072e+02 -1.3281e-01 -7.0339e-01 -2.9176e-01
77 0 +5.006119118e+01 +2.027711912e+02 +2.027711912e+02 -2.2833e-01 -7.9821e-01 -4.6609e-01
80 0 +4.660757117e+01 +1.993175712e+02 +1.993175712e+02 -7.5148e-02 -9.3120e-01 -4.0694e-01
88 0 +4.170363074e+01 +1.944136307e+02 +1.944136307e+02 -3.6404e-01 -9.9546e-01 -4.8611e-01
91 0 +3.872724771e+01 +1.914372477e+02 +1.914372477e+02 -2.9998e-01 -1.0776e+00 -5.6581e-01
94 0 +2.587985067e+01 +1.785898507e+02 +1.785898507e+02 -2.4751e-01 -1.5206e+00 -5.4815e-01
104 0 +2.446944995e+01 +1.771794499e+02 +1.771794499e+02 -1.3324e-01 -1.7315e+00 -9.9567e-01
107 0 +2.304290181e+01 +1.757529018e+02 +1.757529018e+02 -3.5205e-01 -1.7293e+00 -1.0177e+00
108 0 +1.451475692e+01 +1.672247569e+02 +1.672247569e+02 -1.3809e-02 -1.9966e+00 -1.0792e+00
128 0 +1.279687942e+01 +1.655068794e+02 +1.655068794e+02 -4.5073e-01 -3.2039e+00 -1.2921e+00
144 0 +9.310292135e+00 +1.620202921e+02 +1.620202921e+02 -6.1906e-01 -3.2009e+00 -1.4291e+00
276 0 +8.855194355e+00 +1.615651944e+02 +1.615651944e+02 -7.1785e-01 -2.6837e+00 -7.1976e-01
279 0 +8.394068044e+00 +1.611040680e+02 +1.611040680e+02 -6.1797e-01 -2.9044e+00 -6.8122e-01
344 0 +8.295087312e+00 +1.610050873e+02 +1.610050873e+02 -6.4158e-01 -2.8894e+00 -6.5894e-01
350 0 +8.115570994e+00 +1.608255710e+02 +1.608255710e+02 -6.2262e-01 -3.0405e+00 -6.1625e-01
363 0 +7.881672120e+00 +1.605916721e+02 +1.605916721e+02 -7.1286e-01 -3.0790e+00 -5.9408e-01
367 0 +7.498658731e+00 +1.602086587e+02 +1.602086587e+02 -7.1579e-01 -3.1264e+00 -3.7231e-01
395 0 +7.335165189e+00 +1.600451652e+02 +1.600451652e+02 -8.3581e-01 -3.0921e+00 -3.1162e-01
% f evaluations | g evaluations | best noise-free fitness - Fopt (9.980000000000e+01) + sum g_i+ | measured fitness | best measured fitness or single-digit g-values | x1 | x2...
1 0 +7.077945107e+01 +1.705794511e+02 +1.705794511e+02 +0.0000e+00 +0.0000e+00 +0.0000e+00
4 0 +6.260175073e+01 +1.624017507e+02 +1.624017507e+02 -1.1375e-01 -3.0566e-01 +1.1285e-01
10 0 +5.999154231e+01 +1.597915423e+02 +1.597915423e+02 -1.0047e-01 -2.9589e-01 +2.4335e-01
14 0 +5.545970869e+01 +1.552597087e+02 +1.552597087e+02 -2.6051e-02 -1.1592e-01 +6.1366e-01
18 0 +5.080676392e+01 +1.506067639e+02 +1.506067639e+02 +7.3928e-02 -1.7449e-01 +7.2426e-01
27 0 +4.386781834e+01 +1.436678183e+02 +1.436678183e+02 -1.7450e-01 -2.3819e-01 +6.7124e-01
38 0 +4.236550646e+01 +1.421655065e+02 +1.421655065e+02 +1.5123e-01 -2.3357e-01 +9.9929e-01
50 0 +3.920090813e+01 +1.390009081e+02 +1.390009081e+02 -1.7981e-01 -2.7773e-01 +8.0697e-01
53 0 +2.587848825e+01 +1.256784882e+02 +1.256784882e+02 -3.8496e-01 -3.3742e-01 +1.6513e+00
58 0 +1.131189432e+01 +1.111118943e+02 +1.111118943e+02 -4.5181e-01 -1.1718e-02 +1.6861e+00
75 0 +8.557852722e+00 +1.083578527e+02 +1.083578527e+02 -5.9446e-01 +7.1288e-02 +1.9198e+00
82 0 +4.846918384e-02 +9.984846918e+01 +9.984846918e+01 -7.8224e-01 +1.7390e-01 +3.2532e+00
111 0 +4.259646194e-02 +9.984259646e+01 +9.984259646e+01 -8.1363e-01 +1.4872e-01 +3.3825e+00
424 0 +4.048505902e-02 +9.984048506e+01 +9.984048506e+01 -7.3977e-01 +1.5490e-01 +3.2751e+00
443 0 +3.905422552e-02 +9.983905423e+01 +9.983905423e+01 -9.0570e-01 +1.0384e-01 +3.0096e+00
452 0 +3.704672092e-02 +9.983704672e+01 +9.983704672e+01 -9.2051e-01 +1.0565e-01 +3.0004e+00
487 0 +3.599842614e-02 +9.983599843e+01 +9.983599843e+01 -8.2163e-01 +1.3485e-01 +3.1603e+00
488 0 +3.535455934e-02 +9.983535456e+01 +9.983535456e+01 -8.6842e-01 +1.2033e-01 +3.0872e+00
492 0 +3.338672767e-02 +9.983338673e+01 +9.983338673e+01 -8.6473e-01 +1.2562e-01 +3.1100e+00
499 0 +3.251390734e-02 +9.983251391e+01 +9.983251391e+01 -8.3529e-01 +1.3527e-01 +3.1731e+00
501 0 +3.068236793e-02 +9.983068237e+01 +9.983068237e+01 -8.5678e-01 +1.3664e-01 +3.1577e+00
503 0 +2.977209959e-02 +9.982977210e+01 +9.982977210e+01 -8.6666e-01 +1.3270e-01 +3.1451e+00
509 0 +2.517341313e-02 +9.982517341e+01 +9.982517341e+01 -9.1138e-01 +1.3027e-01 +3.1188e+00
516 0 +2.417554505e-02 +9.982417555e+01 +9.982417555e+01 -9.5875e-01 +1.5342e-01 +3.1896e+00
519 0 +2.253226216e-02 +9.982253226e+01 +9.982253226e+01 -9.5240e-01 +1.2720e-01 +3.0848e+00
521 0 +2.051594306e-02 +9.982051594e+01 +9.982051594e+01 -9.6529e-01 +1.4169e-01 +3.1498e+00
524 0 +1.953613102e-02 +9.981953613e+01 +9.981953613e+01 -9.6356e-01 +1.3337e-01 +3.1258e+00
534 0 +1.766653458e-02 +9.981766653e+01 +9.981766653e+01 -1.0426e+00 +1.0837e-01 +2.9895e+00
543 0 +1.525983398e-02 +9.981525983e+01 +9.981525983e+01 -1.0548e+00 +1.1364e-01 +3.0379e+00
557 0 +1.446554608e-02 +9.981446555e+01 +9.981446555e+01 -1.1084e+00 +1.0201e-01 +2.9682e+00
563 0 +1.318082760e-02 +9.981318083e+01 +9.981318083e+01 -1.2132e+00 +8.7952e-02 +2.8573e+00
573 0 +7.275246867e-03 +9.980727525e+01 +9.980727525e+01 -1.3163e+00 +8.7452e-02 +2.8386e+00
576 0 +5.131300666e-03 +9.980513130e+01 +9.980513130e+01 -1.3908e+00 +6.9574e-02 +2.7435e+00
585 0 +3.748714921e-03 +9.980374871e+01 +9.980374871e+01 -1.4653e+00 +5.7434e-02 +2.6847e+00
592 0 +3.650275666e-03 +9.980365028e+01 +9.980365028e+01 -1.4452e+00 +6.3767e-02 +2.7340e+00
594 0 +2.811260983e-03 +9.980281126e+01 +9.980281126e+01 -1.6243e+00 +4.8419e-02 +2.6037e+00
596 0 +1.495253099e-03 +9.980149525e+01 +9.980149525e+01 -1.7771e+00 +3.0351e-02 +2.4839e+00
601 0 +8.565239154e-04 +9.980085652e+01 +9.980085652e+01 -2.1584e+00 -3.7197e-02 +2.1151e+00
615 0 +6.265798768e-04 +9.980062658e+01 +9.980062658e+01 -2.0055e+00 -1.7812e-02 +2.2468e+00
638 0 +3.484120327e-04 +9.980034841e+01 +9.980034841e+01 -2.0003e+00 -1.2759e-02 +2.2769e+00
639 0 +2.887150199e-04 +9.980028872e+01 +9.980028872e+01 -2.1913e+00 -2.5704e-02 +2.1811e+00
640 0 +2.342399610e-04 +9.980023424e+01 +9.980023424e+01 -1.8835e+00 +2.8555e-03 +2.4002e+00
645 0 +1.658224526e-04 +9.980016582e+01 +9.980016582e+01 -2.1128e+00 -2.5420e-02 +2.2098e+00
647 0 +1.201733891e-04 +9.980012017e+01 +9.980012017e+01 -2.0220e+00 -2.4193e-02 +2.2600e+00
667 0 +5.170136625e-05 +9.980005170e+01 +9.980005170e+01 -2.1402e+00 -2.7799e-02 +2.2128e+00
684 0 +3.026994300e-05 +9.980003027e+01 +9.980003027e+01 -2.2007e+00 -4.9997e-02 +2.1248e+00
688 0 +7.279144469e-06 +9.980000728e+01 +9.980000728e+01 -2.1114e+00 -3.0733e-02 +2.2347e+00
691 0 +6.108083284e-06 +9.980000611e+01 +9.980000611e+01 -2.2507e+00 -5.8005e-02 +2.1142e+00
694 0 +3.964179200e-06 +9.980000396e+01 +9.980000396e+01 -2.1958e+00 -4.8075e-02 +2.1589e+00
696 0 +4.055785041e-07 +9.980000041e+01 +9.980000041e+01 -2.2090e+00 -4.1999e-02 +2.1773e+00
711 0 +1.312056384e-07 +9.980000013e+01 +9.980000013e+01 -2.2322e+00 -4.5103e-02 +2.1634e+00
722 0 +4.811431609e-08 +9.980000005e+01 +9.980000005e+01 -2.1919e+00 -4.1394e-02 +2.1958e+00
731 0 +9.172680393e-09 +9.980000001e+01 +9.980000001e+01 -2.2172e+00 -4.2450e-02 +2.1909e+00
1228 0 +0.000000000e+00 +9.980000000e+01 +9.980000000e+01 -2.2331e+00 -4.6207e-02 +2.1712e+00
% f evaluations | g evaluations | best noise-free fitness - Fopt (-1.194100000000e+02) + sum g_i+ | measured fitness | best measured fitness or single-digit g-values | x1 | x2...
1 0 +6.672530806e+01 -5.268469194e+01 -5.268469194e+01 +0.0000e+00 +0.0000e+00 +0.0000e+00
4 0 +6.371479127e+01 -5.569520873e+01 -5.569520873e+01 -1.1375e-01 -3.0566e-01 +1.1285e-01
6 0 +5.859434362e+01 -6.081565638e+01 -6.081565638e+01 -2.2359e-01 +8.0318e-02 +2.1275e-01
10 0 +5.216976873e+01 -6.724023127e+01 -6.724023127e+01 -3.8979e-01 -1.1240e-01 +2.8237e-01
14 0 +4.658710377e+01 -7.282289623e+01 -7.282289623e+01 -3.3125e-01 +6.9240e-02 +6.5189e-01
18 0 +4.537134250e+01 -7.403865750e+01 -7.403865750e+01 -3.3908e-01 +6.2373e-02 +7.3263e-01
23 0 +4.393602145e+01 -7.547397855e+01 -7.547397855e+01 -5.2172e-01 +2.8364e-01 +4.4525e-01
24 0 +3.636684819e+01 -8.304315181e+01 -8.304315181e+01 -8.7019e-01 +3.6254e-01 +2.6082e-01
26 0 +3.368653669e+01 -8.572346331e+01 -8.572346331e+01 -9.5178e-01 +5.9937e-01 +4.4639e-01
30 0 +3.300158382e+01 -8.640841618e+01 -8.640841618e+01 -9.8540e-01 +3.2400e-01 +2.4937e-01
33 0 +2.841578979e+01 -9.099421021e+01 -9.099421021e+01 -1.3469e+00 +6.9458e-01 +2.5551e-01
39 0 +2.695762165e+01 -9.245237835e+01 -9.245237835e+01 -1.2477e+00 +4.2066e-01 +3.9991e-01
40 0 +2.531356068e+01 -9.409643932e+01 -9.409643932e+01 -1.8832e+00 +8.0870e-01 +3.7023e-01
43 0 +2.396213627e+01 -9.544786373e+01 -9.544786373e+01 -1.6233e+00 +5.5017e-01 +1.3116e-01
49 0 +1.980783074e+01 -9.960216926e+01 -9.960216926e+01 -2.3316e+00 +3.4648e-01 +2.0650e-01
147 0 +1.905148000e+01 -1.003585200e+02 -1.003585200e+02 -2.1773e+00 +2.1418e-01 -3.3628e-01
150 0 +1.737000215e+01 -1.020399978e+02 -1.020399978e+02 -2.2388e+00 +1.6348e-01 -1.8796e-01
178 0 +1.567735889e+01 -1.037326411e+02 -1.037326411e+02 -2.7055e+00 +2.3097e-01 -3.5711e-01
223 0 +1.535882637e+01 -1.040511736e+02 -1.040511736e+02 -2.9564e+00 +1.2892e-01 -6.4880e-01
256 0 +1.508659374e+01 -1.043234063e+02 -1.043234063e+02 -2.9324e+00 +7.9158e-02 -6.1336e-01
276 0 +1.478896271e+01 -1.046210373e+02 -1.046210373e+02 -3.0494e+00 +4.3372e-02 -6.0929e-01
% f evaluations | g evaluations | best noise-free fitness - Fopt (1.077000000000e+01) + sum g_i+ | measured fitness | best measured fitness or single-digit g-values | x1 | x2...
1 0 +2.892629566e+01 +3.969629566e+01 +3.969629566e+01 +0.0000e+00 +0.0000e+00 +0.0000e+00
4 0 +2.688119521e+01 +3.765119521e+01 +3.765119521e+01 -1.1375e-01 -3.0566e-01 +1.1285e-01
7 0 +2.614566111e+01 +3.691566111e+01 +3.691566111e+01 +5.3256e-02 -2.3477e-01 +7.8699e-02
20 0 +2.232837746e+01 +3.309837746e+01 +3.309837746e+01 -5.3385e-02 -2.5981e-01 -1.0129e-01
35 0 +2.172738026e+01 +3.249738026e+01 +3.249738026e+01 +3.9597e-02 -2.6301e-01 -1.0008e-01
45 0 +2.063542061e+01 +3.140542061e+01 +3.140542061e+01 +6.7214e-02 -2.4871e-01 -2.5863e-01
48 0 +1.966962127e+01 +3.043962127e+01 +3.043962127e+01 +1.0388e-01 -3.2308e-01 -1.5528e-01
60 0 +1.910600733e+01 +2.987600733e+01 +2.987600733e+01 -1.0472e-01 -4.2980e-01 -3.4170e-01
65 0 +1.758614797e+01 +2.835614797e+01 +2.835614797e+01 +4.9162e-02 -4.3334e-01 -2.2994e-01
76 0 +1.622870135e+01 +2.699870135e+01 +2.699870135e+01 +6.1509e-02 -5.1882e-01 -3.6875e-01
80 0 +1.321864846e+01 +2.398864846e+01 +2.398864846e+01 +1.7762e-01 -6.4463e-01 -3.8277e-01
94 0 +9.533472290e+00 +2.030347229e+01 +2.030347229e+01 +2.5258e-01 -9.3696e-01 -3.6048e-01
104 0 +9.246222432e+00 +2.001622243e+01 +2.001622243e+01 +3.7354e-01 -1.0542e+00 -5.2124e-01
108 0 +8.441022445e+00 +1.921102244e+01 +1.921102244e+01 +4.9134e-01 -1.2474e+00 -5.5314e-01
118 0 +7.780319465e+00 +1.855031946e+01 +1.855031946e+01 +5.2792e-01 -1.5715e+00 -4.9946e-01
119 0 +5.169025755e+00 +1.593902576e+01 +1.593902576e+01 +6.6566e-01 -1.5706e+00 -4.6052e-01
122 0 +4.063778048e-02 +1.081063778e+01 +1.081063778e+01 +6.6322e-01 -1.8046e+00 -5.8370e-01
128 0 +2.381973547e-02 +1.079381974e+01 +1.079381974e+01 +5.5001e-01 -1.8300e+00 -5.3267e-01
402 0 +2.260878891e-02 +1.079260879e+01 +1.079260879e+01 +6.3950e-01 -1.7743e+00 -5.6863e-01
408 0 +2.204416620e-02 +1.079204417e+01 +1.079204417e+01 +6.4396e-01 -1.7745e+00 -5.6935e-01
415 0 +2.044346029e-02 +1.079044346e+01 +1.079044346e+01 +6.4814e-01 -1.7821e+00 -5.6783e-01
422 0 +1.774823607e-02 +1.078774824e+01 +1.078774824e+01 +6.5332e-01 -1.7849e+00 -5.5467e-01
452 0 +1.735853856e-02 +1.078735854e+01 +1.078735854e+01 +6.5419e-01 -1.7839e+00 -5.5272e-01
464 0 +1.638644440e-02 +1.078638644e+01 +1.078638644e+01 +6.6350e-01 -1.7865e+00 -5.4552e-01
472 0 +1.617156311e-02 +1.078617156e+01 +1.078617156e+01 +6.6406e-01 -1.7873e+00 -5.4320e-01
473 0 +1.569525691e-02 +1.078569526e+01 +1.078569526e+01 +6.7073e-01 -1.7885e+00 -5.3761e-01
480 0 +1.530109809e-02 +1.078530110e+01 +1.078530110e+01 +6.8472e-01 -1.7949e+00 -5.2094e-01
486 0 +1.509975794e-02 +1.078509976e+01 +1.078509976e+01 +6.7678e-01 -1.7878e+00 -5.3195e-01
487 0 +1.457675251e-02 +1.078457675e+01 +1.078457675e+01 +6.7605e-01 -1.7838e+00 -5.2904e-01
492 0 +1.404278743e-02 +1.078404279e+01 +1.078404279e+01 +6.7965e-01 -1.7831e+00 -5.2215e-01
496 0 +1.379083196e-02 +1.078379083e+01 +1.078379083e+01 +6.8098e-01 -1.7768e+00 -5.1905e-01
499 0 +1.199707399e-02 +1.078199707e+01 +1.078199707e+01 +6.9921e-01 -1.7847e+00 -4.9976e-01
509 0 +1.051446661e-02 +1.078051447e+01 +1.078051447e+01 +7.0063e-01 -1.7790e+00 -4.9277e-01
515 0 +4.728113359e-03 +1.077472811e+01 +1.077472811e+01 +7.3661e-01 -1.7715e+00 -4.4831e-01
520 0 +4.677307139e-03 +1.077467731e+01 +1.077467731e+01 +7.7654e-01 -1.7540e+00 -3.9379e-01
521 0 +4.539382230e-03 +1.077453938e+01 +1.077453938e+01 +7.4788e-01 -1.7637e+00 -4.2866e-01
523 0 +3.886634479e-03 +1.077388663e+01 +1.077388663e+01 +7.5266e-01 -1.7702e+00 -4.2820e-01
529 0 +3.616273466e-03 +1.077361627e+01 +1.077361627e+01 +7.7744e-01 -1.7707e+00 -4.0115e-01
543 0 +3.481653253e-03 +1.077348165e+01 +1.077348165e+01 +8.0994e-01 -1.7642e+00 -3.5393e-01
570 0 +3.415473462e-03 +1.077341547e+01 +1.077341547e+01 +8.0616e-01 -1.7676e+00 -3.6526e-01
620 0 +3.387690523e-03 +1.077338769e+01 +1.077338769e+01 +8.1997e-01 -1.7696e+00 -3.4398e-01
919 0 +3.300227179e-03 +1.077330023e+01 +1.077330023e+01 +8.2242e-01 -1.7651e+00 -3.5409e-01
933 0 +3.217325903e-03 +1.077321733e+01 +1.077321733e+01 +8.4394e-01 -1.7623e+00 -3.3764e-01
943 0 +3.157477224e-03 +1.077315748e+01 +1.077315748e+01 +8.5740e-01 -1.7599e+00 -3.3177e-01
954 0 +3.059904429e-03 +1.077305990e+01 +1.077305990e+01 +8.8128e-01 -1.7548e+00 -3.2313e-01
968 0 +2.968228638e-03 +1.077296823e+01 +1.077296823e+01 +8.8999e-01 -1.7518e+00 -3.2277e-01
978 0 +2.936893744e-03 +1.077293689e+01 +1.077293689e+01 +8.8505e-01 -1.7533e+00 -3.2653e-01
984 0 +2.681079762e-03 +1.077268108e+01 +1.077268108e+01 +9.0606e-01 -1.7452e+00 -3.2696e-01
1024 0 +2.602936173e-03 +1.077260294e+01 +1.077260294e+01 +9.0435e-01 -1.7452e+00 -3.3063e-01
1027 0 +2.498435372e-03 +1.077249844e+01 +1.077249844e+01 +8.9760e-01 -1.7462e+00 -3.3874e-01
1028 0 +2.454460739e-03 +1.077245446e+01 +1.077245446e+01 +9.3477e-01 -1.7391e+00 -3.2087e-01
1032 0 +2.278514155e-03 +1.077227851e+01 +1.077227851e+01 +9.3903e-01 -1.7374e+00 -3.2443e-01
1034 0 +2.027491573e-03 +1.077202749e+01 +1.077202749e+01 +9.5382e-01 -1.7319e+00 -3.2719e-01
1045 0 +1.951739217e-03 +1.077195174e+01 +1.077195174e+01 +9.6605e-01 -1.7296e+00 -3.2406e-01
1046 0 +1.927599482e-03 +1.077192760e+01 +1.077192760e+01 +9.7774e-01 -1.7259e+00 -3.2154e-01
1047 0 +1.619576996e-03 +1.077161958e+01 +1.077161958e+01 +9.4334e-01 -1.7305e+00 -3.5287e-01
1052 0 +9.899993426e-04 +1.077099000e+01 +1.077099000e+01 +1.0652e+00 -1.6972e+00 -3.4158e-01
1063 0 +9.063588865e-04 +1.077090636e+01 +1.077090636e+01 +1.1373e+00 -1.6754e+00 -3.4315e-01
1067 0 +7.043634605e-04 +1.077070436e+01 +1.077070436e+01 +1.2557e+00 -1.6343e+00 -3.7154e-01
1068 0 +6.892617080e-04 +1.077068926e+01 +1.077068926e+01 +1.2155e+00 -1.6417e+00 -3.9720e-01
1073 0 +5.295943144e-04 +1.077052959e+01 +1.077052959e+01 +1.2937e+00 -1.6261e+00 -3.6664e-01
1093 0 +4.730264557e-04 +1.077047303e+01 +1.077047303e+01 +1.6039e+00 -1.5318e+00 -3.8951e-01
1110 0 +3.374052588e-04 +1.077033741e+01 +1.077033741e+01 +1.4277e+00 -1.5778e+00 -4.1344e-01
1129 0 +3.168171799e-04 +1.077031682e+01 +1.077031682e+01 +1.3959e+00 -1.5928e+00 -3.8776e-01
1159 0 +3.020832889e-04 +1.077030208e+01 +1.077030208e+01 +1.5156e+00 -1.5576e+00 -3.9186e-01
1188 0 +3.005197922e-04 +1.077030052e+01 +1.077030052e+01 +1.4294e+00 -1.5827e+00 -3.9046e-01
1232 0 +2.940249854e-04 +1.077029402e+01 +1.077029402e+01 +1.5109e+00 -1.5589e+00 -3.9306e-01
1241 0 +2.868448300e-04 +1.077028684e+01 +1.077028684e+01 +1.5204e+00 -1.5552e+00 -3.9795e-01
1254 0 +2.817646397e-04 +1.077028176e+01 +1.077028176e+01 +1.5019e+00 -1.5606e+00 -3.9765e-01
1272 0 +2.711435088e-04 +1.077027114e+01 +1.077027114e+01 +1.4435e+00 -1.5776e+00 -3.9806e-01
1287 0 +2.679465478e-04 +1.077026795e+01 +1.077026795e+01 +1.4478e+00 -1.5769e+00 -3.9601e-01
1292 0 +2.603726363e-04 +1.077026037e+01 +1.077026037e+01 +1.4738e+00 -1.5677e+00 -4.0468e-01
1295 0 +2.542577286e-04 +1.077025426e+01 +1.077025426e+01 +1.4452e+00 -1.5756e+00 -4.0762e-01
1298 0 +2.429646496e-04 +1.077024296e+01 +1.077024296e+01 +1.4589e+00 -1.5721e+00 -4.0727e-01
1304 0 +2.369911569e-04 +1.077023699e+01 +1.077023699e+01 +1.4407e+00 -1.5763e+00 -4.1441e-01
1311 0 +2.328715269e-04 +1.077023287e+01 +1.077023287e+01 +1.5085e+00 -1.5565e+00 -4.1529e-01
1314 0 +2.174593780e-04 +1.077021746e+01 +1.077021746e+01 +1.4405e+00 -1.5785e+00 -4.0680e-01
1318 0 +1.988800613e-04 +1.077019888e+01 +1.077019888e+01 +1.4789e+00 -1.5662e+00 -4.1515e-01
1326 0 +1.889757061e-04 +1.077018898e+01 +1.077018898e+01 +1.4308e+00 -1.5814e+00 -4.1207e-01
1332 0 +1.508862535e-04 +1.077015089e+01 +1.077015089e+01 +1.4400e+00 -1.5777e+00 -4.2459e-01
1341 0 +1.443478556e-04 +1.077014435e+01 +1.077014435e+01 +1.4118e+00 -1.5887e+00 -4.1273e-01
1346 0 +9.916095965e-05 +1.077009916e+01 +1.077009916e+01 +1.4532e+00 -1.5738e+00 -4.4197e-01
1376 0 +6.445838058e-05 +1.077006446e+01 +1.077006446e+01 +1.4551e+00 -1.5761e+00 -4.4063e-01
1398 0 +4.931170576e-05 +1.077004931e+01 +1.077004931e+01 +1.4590e+00 -1.5789e+00 -4.2075e-01
1409 0 +2.545370281e-05 +1.077002545e+01 +1.077002545e+01 +1.5146e+00 -1.5624e+00 -4.3577e-01
1416 0 +2.158517609e-05 +1.077002159e+01 +1.077002159e+01 +1.5144e+00 -1.5646e+00 -4.3156e-01
1434 0 +8.064307144e-06 +1.077000806e+01 +1.077000806e+01 +1.5523e+00 -1.5591e+00 -4.2455e-01
1435 0 +6.724175902e-06 +1.077000672e+01 +1.077000672e+01 +1.5576e+00 -1.5536e+00 -4.4048e-01
1492 0 +6.597239212e-06 +1.077000660e+01 +1.077000660e+01 +1.5773e+00 -1.5523e+00 -4.2479e-01
1498 0 +6.369308595e-06 +1.077000637e+01 +1.077000637e+01 +1.5918e+00 -1.5477e+00 -4.2417e-01
1506 0 +6.302012855e-06 +1.077000630e+01 +1.077000630e+01 +1.5891e+00 -1.5472e+00 -4.2647e-01
1510 0 +5.877466233e-06 +1.077000588e+01 +1.077000588e+01 +1.6266e+00 -1.5399e+00 -4.2088e-01
1513 0 +5.693476252e-06 +1.077000569e+01 +1.077000569e+01 +1.5941e+00 -1.5473e+00 -4.2818e-01
1514 0 +3.116000670e-06 +1.077000312e+01 +1.077000312e+01 +1.6186e+00 -1.5400e+00 -4.2797e-01
1522 0 +2.937521860e-06 +1.077000294e+01 +1.077000294e+01 +1.6143e+00 -1.5419e+00 -4.3269e-01
1524 0 +1.555618171e-06 +1.077000156e+01 +1.077000156e+01 +1.6366e+00 -1.5338e+00 -4.3626e-01
1531 0 +8.744090270e-07 +1.077000087e+01 +1.077000087e+01 +1.6544e+00 -1.5290e+00 -4.3925e-01
1540 0 +8.047638307e-07 +1.077000080e+01 +1.077000080e+01 +1.6594e+00 -1.5274e+00 -4.3793e-01
1543 0 +5.129629024e-07 +1.077000051e+01 +1.077000051e+01 +1.6675e+00 -1.5249e+00 -4.4081e-01
1549 0 +2.387377283e-07 +1.077000024e+01 +1.077000024e+01 +1.7146e+00 -1.5123e+00 -4.3901e-01
1569 0 +2.071235610e-07 +1.077000021e+01 +1.077000021e+01 +1.6985e+00 -1.5166e+00 -4.4222e-01
1570 0 +1.308919586e-07 +1.077000013e+01 +1.077000013e+01 +1.7377e+00 -1.5066e+00 -4.4287e-01
1571 0 +3.697631534e-08 +1.077000004e+01 +1.077000004e+01 +1.7266e+00 -1.5063e+00 -4.5163e-01
1583 0 +2.056496307e-08 +1.077000002e+01 +1.077000002e+01 +1.7370e+00 -1.5052e+00 -4.4799e-01
1652 0 +1.191472876e-08 +1.077000001e+01 +1.077000001e+01 +1.7932e+00 -1.4892e+00 -4.5212e-01
1654 0 +2.766926244e-09 +1.077000000e+01 +1.077000000e+01 +1.7744e+00 -1.4942e+00 -4.5218e-01
1827 0 +0.000000000e+00 +1.077000000e+01 +1.077000000e+01 +1.7738e+00 -1.4936e+00 -4.5770e-01
% f evaluations | g evaluations | best noise-free fitness - Fopt (2.137000000000e+01) + sum g_i+ | measured fitness | best measured fitness or single-digit g-values | x1 | x2...
1 0 +5.371423740e+01 +7.508423740e+01 +7.508423740e+01 +0.0000e+00 +0.0000e+00 +0.0000e+00
3 0 +4.787546154e+01 +6.924546154e+01 +6.924546154e+01 +3.4094e-01 +2.4727e-01 +1.7369e-01
5 0 +4.548744603e+01 +6.685744603e+01 +6.685744603e+01 -1.5359e-01 +2.4817e-01 +6.3376e-02
6 0 +4.262143514e+01 +6.399143514e+01 +6.399143514e+01 -2.2359e-01 +8.0318e-02 +2.1275e-01
9 0 +3.594368853e+01 +5.731368853e+01 +5.731368853e+01 +7.7526e-02 +4.0802e-01 +3.3722e-01
14 0 +2.994148528e+01 +5.131148528e+01 +5.131148528e+01 -1.6901e-01 +2.7284e-01 +6.8650e-01
18 0 +2.636419598e+01 +4.773419598e+01 +4.773419598e+01 +4.0693e-02 +4.9220e-01 +8.8429e-01
32 0 +2.507874659e+01 +4.644874659e+01 +4.644874659e+01 +4.0398e-01 +8.5481e-01 +1.1939e+00
48 0 +2.260913939e+01 +4.397913939e+01 +4.397913939e+01 +4.1994e-01 +5.2000e-01 +1.0965e+00
55 0 +1.127326494e+01 +3.264326494e+01 +3.264326494e+01 +8.9048e-01 +1.5370e+00 +2.1128e+00
64 0 +1.020626092e+01 +3.157626092e+01 +3.157626092e+01 +5.3679e-01 +1.5568e+00 +1.7237e+00
66 0 +9.742815913e+00 +3.111281591e+01 +3.111281591e+01 +9.0198e-01 +1.3939e+00 +1.7008e+00
67 0 +8.097607780e+00 +2.946760778e+01 +2.946760778e+01 +6.4250e-01 +1.7154e+00 +1.6962e+00
131 0 +7.681029711e+00 +2.905102971e+01 +2.905102971e+01 +6.4847e-01 +1.7329e+00 +1.3672e+00
218 0 +7.575214399e+00 +2.894521440e+01 +2.894521440e+01 +7.8000e-01 +1.6622e+00 +1.3465e+00
237 0 +7.412840705e+00 +2.878284070e+01 +2.878284070e+01 +9.2730e-01 +1.5181e+00 +1.1706e+00
% f evaluations | g evaluations | best noise-free fitness - Fopt (1.673000000000e+01) + sum g_i+ | measured fitness | best measured fitness or single-digit g-values | x1 | x2...
1 0 +6.447718107e+01 +8.120718107e+01 +8.120718107e+01 +0.0000e+00 +0.0000e+00 +0.0000e+00
2 0 +5.901657947e+01 +7.574657947e+01 +7.574657947e+01 +4.3379e-01 +3.0692e-02 +9.8026e-02
14 0 +5.587900341e+01 +7.260900341e+01 +7.260900341e+01 -1.3253e-01 +1.8803e-01 +6.3096e-01
26 0 +5.155673753e+01 +6.828673753e+01 +6.828673753e+01 -5.7000e-01 +7.7161e-01 +4.9483e-01
27 0 +4.940765055e+01 +6.613765055e+01 +6.613765055e+01 -3.5064e-01 +4.7119e-01 +7.6489e-01
31 0 +4.160455541e+01 +5.833455541e+01 +5.833455541e+01 -4.3580e-01 +7.4841e-01 +8.9084e-01
37 0 +1.954934562e+01 +3.627934562e+01 +3.627934562e+01 -5.6570e-01 +1.2675e+00 +2.3783e-01
40 0 +1.947977120e+01 +3.620977120e+01 +3.620977120e+01 -1.0904e+00 +1.0390e+00 +6.2663e-01
54 0 +1.994685117e+00 +1.872468512e+01 +1.872468512e+01 -2.0414e+00 +1.9035e+00 +5.4747e-01
74 0 +1.799966771e+00 +1.852996677e+01 +1.852996677e+01 -2.1746e+00 +2.0034e+00 +4.4143e-01
221 0 +1.722606367e+00 +1.845260637e+01 +1.845260637e+01 -2.1634e+00 +2.1601e+00 +7.9079e-01
235 0 +1.679695302e+00 +1.840969530e+01 +1.840969530e+01 -2.1503e+00 +2.0898e+00 +7.8071e-01
247 0 +1.608656684e+00 +1.833865668e+01 +1.833865668e+01 -2.0628e+00 +1.9369e+00 +7.3232e-01
264 0 +1.570021888e+00 +1.830002189e+01 +1.830002189e+01 -2.1804e+00 +2.0760e+00 +7.3159e-01
272 0 +1.244856912e+00 +1.797485691e+01 +1.797485691e+01 -2.1542e+00 +2.0038e+00 +6.2366e-01
287 0 +1.189728576e+00 +1.791972858e+01 +1.791972858e+01 -2.1963e+00 +2.0418e+00 +5.7880e-01
299 0 +1.152811262e+00 +1.788281126e+01 +1.788281126e+01 -2.2131e+00 +2.0071e+00 +5.8353e-01
312 0 +1.147182296e+00 +1.787718230e+01 +1.787718230e+01 -2.2980e+00 +2.0815e+00 +4.8017e-01
320 0 +1.069883739e+00 +1.779988374e+01 +1.779988374e+01 -2.2834e+00 +2.0421e+00 +4.2251e-01
349 0 +9.854458948e-01 +1.771544589e+01 +1.771544589e+01 -2.2167e+00 +1.9552e+00 +4.1872e-01
352 0 +9.426819480e-01 +1.767268195e+01 +1.767268195e+01 -2.1959e+00 +1.9057e+00 +3.9238e-01
363 0 +8.571971881e-01 +1.758719719e+01 +1.758719719e+01 -2.1901e+00 +1.9077e+00 +4.5406e-01
375 0 +8.468147546e-01 +1.757681475e+01 +1.757681475e+01 -2.1038e+00 +1.7908e+00 +4.5771e-01
379 0 +8.283548206e-01 +1.755835482e+01 +1.755835482e+01 -2.1425e+00 +1.8216e+00 +4.0941e-01
380 0 +7.298081295e-01 +1.745980813e+01 +1.745980813e+01 -2.1651e+00 +1.7966e+00 +3.5045e-01
387 0 +6.564407759e-01 +1.738644078e+01 +1.738644078e+01 -2.1006e+00 +1.6758e+00 +3.2852e-01
392 0 +6.300705795e-01 +1.736007058e+01 +1.736007058e+01 -2.1738e+00 +1.7262e+00 +2.6749e-01
398 0 +5.746628569e-01 +1.730466286e+01 +1.730466286e+01 -2.1823e+00 +1.6733e+00 +2.2380e-01
399 0 +5.333948321e-01 +1.726339483e+01 +1.726339483e+01 -2.0960e+00 +1.5382e+00 +2.0022e-01
406 0 +5.185170796e-01 +1.724851708e+01 +1.724851708e+01 -2.1152e+00 +1.4734e+00 +8.2175e-02
410 0 +5.070483374e-01 +1.723704834e+01 +1.723704834e+01 -2.0310e+00 +1.3740e+00 +1.2605e-01
412 0 +4.977464593e-01 +1.722774646e+01 +1.722774646e+01 -1.9911e+00 +1.2743e+00 +9.0945e-02
418 0 +4.159054335e-01 +1.714590543e+01 +1.714590543e+01 -1.9642e+00 +1.0731e+00 -4.5960e-02
422 0 +2.530476926e-01 +1.698304769e+01 +1.698304769e+01 -1.8980e+00 +8.2227e-01 -2.0010e-01
423 0 +1.870393656e-01 +1.691703937e+01 +1.691703937e+01 -1.9533e+00 +7.0638e-01 -4.0809e-01
437 0 +1.295239269e-01 +1.685952393e+01 +1.685952393e+01 -1.9028e+00 +3.7661e-01 -6.4827e-01
443 0 +6.952155718e-02 +1.679952156e+01 +1.679952156e+01 -1.7709e+00 -2.6495e-01 -1.1133e+00
452 0 +5.534959277e-02 +1.678534959e+01 +1.678534959e+01 -1.6713e+00 -7.7114e-01 -1.4707e+00
477 0 +5.155961701e-02 +1.678155962e+01 +1.678155962e+01 -1.5282e+00 -1.0300e+00 -1.5865e+00
478 0 +3.692952565e-02 +1.676692953e+01 +1.676692953e+01 -1.5604e+00 -1.0040e+00 -1.5787e+00
488 0 +1.628595375e-02 +1.674628595e+01 +1.674628595e+01 -1.4427e+00 -1.4061e+00 -1.7882e+00
492 0 +1.304118629e-02 +1.674304119e+01 +1.674304119e+01 -1.5799e+00 -7.8057e-01 -1.3240e+00
499 0 +8.422521481e-03 +1.673842252e+01 +1.673842252e+01 -1.4795e+00 -9.5075e-01 -1.3656e+00
503 0 +6.414338222e-03 +1.673641434e+01 +1.673641434e+01 -1.5401e+00 -7.8256e-01 -1.2582e+00
521 0 +4.035326189e-03 +1.673403533e+01 +1.673403533e+01 -1.5203e+00 -9.9162e-01 -1.4029e+00
523 0 +3.941165408e-03 +1.673394117e+01 +1.673394117e+01 -1.4621e+00 -1.0046e+00 -1.3793e+00
524 0 +3.005131972e-03 +1.673300513e+01 +1.673300513e+01 -1.4304e+00 -1.3739e+00 -1.6624e+00
526 0 +2.776115416e-03 +1.673277612e+01 +1.673277612e+01 -1.4709e+00 -1.1233e+00 -1.4815e+00
533 0 +1.501643080e-03 +1.673150164e+01 +1.673150164e+01 -1.3842e+00 -1.4176e+00 -1.6682e+00
543 0 +8.642519068e-04 +1.673086425e+01 +1.673086425e+01 -1.3666e+00 -1.4328e+00 -1.6485e+00
565 0 +6.634613615e-04 +1.673066346e+01 +1.673066346e+01 -1.4077e+00 -1.1899e+00 -1.4382e+00
568 0 +5.912129258e-04 +1.673059121e+01 +1.673059121e+01 -1.3785e+00 -1.3617e+00 -1.5857e+00
573 0 +3.439125391e-04 +1.673034391e+01 +1.673034391e+01 -1.3442e+00 -1.5929e+00 -1.7458e+00
580 0 +2.913316385e-04 +1.673029133e+01 +1.673029133e+01 -1.3431e+00 -1.5570e+00 -1.7201e+00
581 0 +2.397411278e-04 +1.673023974e+01 +1.673023974e+01 -1.3848e+00 -1.3250e+00 -1.5343e+00
582 0 +2.077218794e-04 +1.673020772e+01 +1.673020772e+01 -1.3459e+00 -1.5340e+00 -1.6941e+00
583 0 +9.446533175e-05 +1.673009447e+01 +1.673009447e+01 -1.3506e+00 -1.4677e+00 -1.6121e+00
584 0 +8.803023847e-05 +1.673008803e+01 +1.673008803e+01 -1.3285e+00 -1.4232e+00 -1.5457e+00
589 0 +3.997672609e-05 +1.673003998e+01 +1.673003998e+01 -1.3275e+00 -1.5108e+00 -1.6369e+00
590 0 +2.555903095e-05 +1.673002556e+01 +1.673002556e+01 -1.3184e+00 -1.4875e+00 -1.5864e+00
592 0 +6.403197201e-06 +1.673000640e+01 +1.673000640e+01 -1.2310e+00 -1.8148e+00 -1.7906e+00
594 0 +8.828276457e-07 +1.673000088e+01 +1.673000088e+01 -1.2452e+00 -1.8037e+00 -1.7914e+00
596 0 +2.423094507e-07 +1.673000024e+01 +1.673000024e+01 -1.2649e+00 -1.7020e+00 -1.7228e+00
617 0 +1.673803389e-07 +1.673000017e+01 +1.673000017e+01 -1.2494e+00 -1.7710e+00 -1.7664e+00
624 0 +5.010491577e-08 +1.673000005e+01 +1.673000005e+01 -1.2381e+00 -1.7800e+00 -1.7513e+00
631 0 +1.171748565e-08 +1.673000001e+01 +1.673000001e+01 -1.2622e+00 -1.7176e+00 -1.7283e+00
673 0 +9.964683301e-09 +1.673000001e+01 +1.673000001e+01 -1.2488e+00 -1.7522e+00 -1.7444e+00
882 0 +0.000000000e+00 +1.673000000e+01 +1.673000000e+01 -1.2529e+00 -1.7406e+00 -1.7365e+00
% f evaluations | g evaluations | best noise-free fitness - Fopt (1.000000000000e+03) + sum g_i+ | measured fitness | best measured fitness or single-digit g-values | x1 | x2...
1 0 +6.484171292e+01 +1.064841713e+03 +1.064841713e+03 +0.0000e+00 +0.0000e+00 +0.0000e+00
5 0 +6.456287305e+01 +1.064562873e+03 +1.064562873e+03 -1.5359e-01 +2.4817e-01 +6.3376e-02
11 0 +5.923529808e+01 +1.059235298e+03 +1.059235298e+03 -3.3526e-01 +1.6734e-01 -9.9417e-02
19 0 +5.666705724e+01 +1.056667057e+03 +1.056667057e+03 -1.9911e-01 +4.5123e-01 -2.1544e-01
24 0 +4.923485724e+01 +1.049234857e+03 +1.049234857e+03 -5.1472e-01 +4.4917e-01 -3.1723e-01
30 0 +4.145317178e+01 +1.041453172e+03 +1.041453172e+03 -6.7959e-01 +5.1800e-01 -4.7173e-01
33 0 +3.726195361e+01 +1.037261954e+03 +1.037261954e+03 -1.0148e+00 +9.4534e-01 -6.3628e-01
37 0 +3.355838912e+01 +1.033558389e+03 +1.033558389e+03 -1.0565e+00 +1.5309e+00 -1.0855e+00
41 0 +3.082311673e+01 +1.030823117e+03 +1.030823117e+03 -3.4708e-01 +7.8348e-01 -8.3700e-01
43 0 +2.675807227e+01 +1.026758072e+03 +1.026758072e+03 -1.0444e+00 +1.1051e+00 -1.1095e+00
54 0 +2.222035569e+01 +1.022220356e+03 +1.022220356e+03 -1.2240e+00 +7.1853e-01 -1.4780e+00
59 0 +2.167450005e+01 +1.021674500e+03 +1.021674500e+03 -8.9531e-01 +1.1733e+00 -1.4689e+00
68 0 +1.671448750e+01 +1.016714487e+03 +1.016714487e+03 -5.3385e-01 +5.2349e-01 -1.5157e+00
99 0 +1.621696502e+01 +1.016216965e+03 +1.016216965e+03 -8.1075e-01 +7.1877e-01 -1.7984e+00
104 0 +1.477304248e+01 +1.014773042e+03 +1.014773042e+03 -6.1270e-01 +3.8545e-01 -1.8609e+00
130 0 +1.425078845e+01 +1.014250788e+03 +1.014250788e+03 -4.6057e-01 +4.3510e-01 -1.7627e+00
141 0 +1.393723100e+01 +1.013937231e+03 +1.013937231e+03 -4.6888e-01 +7.1916e-01 -1.7780e+00
147 0 +1.351292770e+01 +1.013512928e+03 +1.013512928e+03 -4.5207e-01 +4.6107e-01 -1.8635e+00
158 0 +1.346307092e+01 +1.013463071e+03 +1.013463071e+03 -3.1624e-01 +4.7671e-01 -1.8007e+00
166 0 +1.316383652e+01 +1.013163837e+03 +1.013163837e+03 -4.6028e-01 +5.3535e-01 -1.9077e+00
169 0 +1.281089913e+01 +1.012810899e+03 +1.012810899e+03 -4.6252e-01 +6.1374e-01 -1.9918e+00
170 0 +1.223115596e+01 +1.012231156e+03 +1.012231156e+03 -3.4489e-01 +5.6027e-01 -2.0264e+00
195 0 +1.200328446e+01 +1.012003284e+03 +1.012003284e+03 -3.3181e-01 +5.9713e-01 -2.1080e+00
200 0 +1.171172597e+01 +1.011711726e+03 +1.011711726e+03 -1.5102e-01 +4.6848e-01 -2.2305e+00
215 0 +1.136046674e+01 +1.011360467e+03 +1.011360467e+03 -1.2024e-01 +5.9771e-01 -2.2827e+00
230 0 +1.117234045e+01 +1.011172340e+03 +1.011172340e+03 +7.3884e-02 +6.3037e-01 -2.3233e+00
% f evaluations | g evaluations | best noise-free fitness - Fopt (-1.079600000000e+02) + sum g_i+ | measured fitness | best measured fitness or single-digit g-values | x1 | x2...
1 0 +7.453483017e+01 -3.342516983e+01 -3.342516983e+01 +0.0000e+00 +0.0000e+00 +0.0000e+00
4 0 +7.056712417e+01 -3.739287583e+01 -3.739287583e+01 -1.1375e-01 -3.0566e-01 +1.1285e-01
11 0 +2.919586924e+01 -7.876413076e+01 -7.876413076e+01 -5.0271e-01 +4.0359e-02 -6.7743e-02
24 0 +2.373883674e+00 -1.055861163e+02 -1.055861163e+02 -7.0553e-01 +1.2977e-01 -2.3176e-01
30 0 +8.801754716e-03 -1.079511982e+02 -1.079511982e+02 -8.7794e-01 +1.7776e-01 -3.7753e-01
34 0 +7.839498654e-03 -1.079521605e+02 -1.079521605e+02 -9.5433e-01 +4.5510e-01 -3.9577e-01
39 0 +3.952277779e-03 -1.079560477e+02 -1.079560477e+02 -1.0465e+00 +2.1607e-01 -3.0150e-01
88 0 +5.474222031e-04 -1.079594526e+02 -1.079594526e+02 -1.0065e+00 +5.6904e-01 -4.4688e-01
99 0 +2.619416654e-04 -1.079597381e+02 -1.079597381e+02 -9.8962e-01 +8.1462e-01 -5.6685e-01
100 0 +1.215317649e-04 -1.079598785e+02 -1.079598785e+02 -1.0708e+00 +8.1496e-01 -5.1220e-01
135 0 +7.714875193e-05 -1.079599229e+02 -1.079599229e+02 -1.0321e+00 +8.9129e-01 -5.7189e-01
244 0 +5.332817913e-05 -1.079599467e+02 -1.079599467e+02 -1.0298e+00 +8.2954e-01 -5.3866e-01
263 0 +3.793944896e-05 -1.079599621e+02 -1.079599621e+02 -1.0539e+00 +8.6752e-01 -5.4200e-01
277 0 +3.569665883e-05 -1.079599643e+02 -1.079599643e+02 -1.0437e+00 +8.5876e-01 -5.4097e-01
305 0 +3.383578583e-05 -1.079599662e+02 -1.079599662e+02 -1.0368e+00 +8.5709e-01 -5.4595e-01
309 0 +3.268528745e-05 -1.079599673e+02 -1.079599673e+02 -1.0496e+00 +8.7014e-01 -5.4522e-01
311 0 +3.018068523e-05 -1.079599698e+02 -1.079599698e+02 -1.0602e+00 +9.0148e-01 -5.4745e-01
318 0 +2.870109499e-05 -1.079599713e+02 -1.079599713e+02 -1.0551e+00 +9.1010e-01 -5.5180e-01
323 0 +2.815739988e-05 -1.079599718e+02 -1.079599718e+02 -1.0421e+00 +8.7692e-01 -5.4981e-01
328 0 +2.435050448e-05 -1.079599756e+02 -1.079599756e+02 -1.0529e+00 +9.1231e-01 -5.5981e-01
360 0 +2.353385349e-05 -1.079599765e+02 -1.079599765e+02 -1.0570e+00 +9.2275e-01 -5.5942e-01
374 0 +2.266924784e-05 -1.079599773e+02 -1.079599773e+02 -1.0570e+00 +9.4188e-01 -5.6397e-01
385 0 +2.232744450e-05 -1.079599777e+02 -1.079599777e+02 -1.0575e+00 +9.4313e-01 -5.6430e-01
400 0 +2.184621961e-05 -1.079599782e+02 -1.079599782e+02 -1.0573e+00 +9.2780e-01 -5.6185e-01
401 0 +2.085334368e-05 -1.079599791e+02 -1.079599791e+02 -1.0543e+00 +9.2748e-01 -5.6227e-01
403 0 +1.905111134e-05 -1.079599809e+02 -1.079599809e+02 -1.0622e+00 +9.4594e-01 -5.6620e-01
409 0 +1.658934930e-05 -1.079599834e+02 -1.079599834e+02 -1.0641e+00 +9.5620e-01 -5.6942e-01
416 0 +1.603624638e-05 -1.079599840e+02 -1.079599840e+02 -1.0593e+00 +9.4555e-01 -5.6795e-01
425 0 +1.541155201e-05 -1.079599846e+02 -1.079599846e+02 -1.0619e+00 +9.5298e-01 -5.6948e-01
430 0 +1.235832714e-05 -1.079599876e+02 -1.079599876e+02 -1.0566e+00 +9.5216e-01 -5.7047e-01
435 0 +1.173673093e-05 -1.079599883e+02 -1.079599883e+02 -1.0634e+00 +9.6562e-01 -5.7346e-01
438 0 +1.134794685e-05 -1.079599887e+02 -1.079599887e+02 -1.0675e+00 +9.7854e-01 -5.7669e-01
442 0 +1.058519791e-05 -1.079599894e+02 -1.079599894e+02 -1.0622e+00 +9.6575e-01 -5.7480e-01
449 0 +8.910016376e-06 -1.079599911e+02 -1.079599911e+02 -1.0597e+00 +9.6591e-01 -5.7543e-01
450 0 +8.486725775e-06 -1.079599915e+02 -1.079599915e+02 -1.0636e+00 +9.7716e-01 -5.7856e-01
460 0 +8.057973886e-06 -1.079599919e+02 -1.079599919e+02 -1.0507e+00 +9.5626e-01 -5.7596e-01
462 0 +7.653810215e-06 -1.079599923e+02 -1.079599923e+02 -1.0609e+00 +9.7507e-01 -5.7841e-01
463 0 +7.201213535e-06 -1.079599928e+02 -1.079599928e+02 -1.0617e+00 +9.8038e-01 -5.8036e-01
481 0 +6.503699367e-06 -1.079599935e+02 -1.079599935e+02 -1.0594e+00 +9.9246e-01 -5.8581e-01
486 0 +6.401694790e-06 -1.079599936e+02 -1.079599936e+02 -1.0588e+00 +9.9735e-01 -5.8726e-01
497 0 +5.634982315e-06 -1.079599944e+02 -1.079599944e+02 -1.0604e+00 +1.0066e+00 -5.9160e-01
500 0 +4.141812141e-06 -1.079599959e+02 -1.079599959e+02 -1.0578e+00 +1.0141e+00 -5.9450e-01
520 0 +2.824992407e-06 -1.079599972e+02 -1.079599972e+02 -1.0674e+00 +1.0718e+00 -6.0969e-01
528 0 +2.677629212e-06 -1.079599973e+02 -1.079599973e+02 -1.0705e+00 +1.0686e+00 -6.0818e-01
532 0 +2.372858674e-06 -1.079599976e+02 -1.079599976e+02 -1.0607e+00 +1.0477e+00 -6.0449e-01
538 0 +1.763889486e-06 -1.079599982e+02 -1.079599982e+02 -1.0645e+00 +1.0600e+00 -6.0822e-01
539 0 +1.634013714e-06 -1.079599984e+02 -1.079599984e+02 -1.0671e+00 +1.0874e+00 -6.1667e-01
542 0 +1.567694085e-06 -1.079599984e+02 -1.079599984e+02 -1.0695e+00 +1.1163e+00 -6.2603e-01
544 0 +1.371268041e-06 -1.079599986e+02 -1.079599986e+02 -1.0593e+00 +1.0782e+00 -6.1718e-01
549 0 +1.322573368e-06 -1.079599987e+02 -1.079599987e+02 -1.0648e+00 +1.1503e+00 -6.4079e-01
554 0 +9.686981457e-07 -1.079599990e+02 -1.079599990e+02 -1.0680e+00 +1.1139e+00 -6.2675e-01
562 0 +5.396990161e-07 -1.079599995e+02 -1.079599995e+02 -1.0613e+00 +1.0938e+00 -6.2327e-01
574 0 +4.482409963e-07 -1.079599996e+02 -1.079599996e+02 -1.0718e+00 +1.1381e+00 -6.3593e-01
577 0 +2.743781238e-07 -1.079599997e+02 -1.079599997e+02 -1.0638e+00 +1.1152e+00 -6.3088e-01
587 0 +1.753993644e-07 -1.079599998e+02 -1.079599998e+02 -1.0667e+00 +1.1485e+00 -6.4201e-01
591 0 +1.659190048e-07 -1.079599998e+02 -1.079599998e+02 -1.0634e+00 +1.1670e+00 -6.5018e-01
607 0 +1.524797852e-07 -1.079599998e+02 -1.079599998e+02 -1.0687e+00 +1.1675e+00 -6.4854e-01
611 0 +1.487073149e-07 -1.079599999e+02 -1.079599999e+02 -1.0673e+00 +1.1810e+00 -6.5405e-01
612 0 +1.325108343e-07 -1.079599999e+02 -1.079599999e+02 -1.0651e+00 +1.1887e+00 -6.5801e-01
622 0 +6.529124619e-08 -1.079599999e+02 -1.079599999e+02 -1.0619e+00 +1.1798e+00 -6.5639e-01
623 0 +5.782850110e-08 -1.079599999e+02 -1.079599999e+02 -1.0648e+00 +1.1919e+00 -6.5989e-01
625 0 +1.335176592e-08 -1.079600000e+02 -1.079600000e+02 -1.0607e+00 +1.1517e+00 -6.4739e-01
634 0 +4.529269404e-09 -1.079600000e+02 -1.079600000e+02 -1.0584e+00 +1.1718e+00 -6.5654e-01
820 0 +0.000000000e+00 -1.079600000e+02 -1.079600000e+02 -1.0591e+00 +1.1778e+00 -6.5989e-01
% f evaluations | g evaluations | best noise-free fitness - Fopt (-3.025900000000e+02) + sum g_i+ | measured fitness | best measured fitness or single-digit g-values | x1 | x2...
1 0 +1.001771433e+01 -2.925722857e+02 -2.925722857e+02 +0.0000e+00 +0.0000e+00 +0.0000e+00
2 0 +4.414120109e+00 -2.981758799e+02 -2.981758799e+02 +4.3379e-01 +3.0692e-02 +9.8026e-02
3 0 +2.682992337e+00 -2.999070077e+02 -2.999070077e+02 +3.4094e-01 +2.4727e-01 +1.7369e-01
9 0 +2.038805518e+00 -3.005511945e+02 -3.005511945e+02 +2.9092e-01 +3.3496e-01 +3.5405e-01
16 0 +1.765239970e+00 -3.008247600e+02 -3.008247600e+02 +3.8152e-01 +4.7137e-01 +4.9906e-01
23 0 +1.732963260e+00 -3.008570367e+02 -3.008570367e+02 +1.6272e-01 +5.6603e-01 +6.2171e-01
36 0 +1.236155060e+00 -3.013538449e+02 -3.013538449e+02 +7.4081e-02 +8.2789e-01 +7.4129e-01
37 0 +8.825645820e-01 -3.017074354e+02 -3.017074354e+02 +1.8140e-01 +1.2789e+00 +5.1123e-01
43 0 +7.896145540e-01 -3.018003854e+02 -3.018003854e+02 +2.1448e-01 +9.1381e-01 +5.5226e-01
63 0 +7.699305790e-01 -3.018200694e+02 -3.018200694e+02 +3.1820e-01 +9.7460e-01 +5.1961e-01
75 0 +7.157946774e-01 -3.018742053e+02 -3.018742053e+02 +2.1672e-01 +1.0830e+00 +6.3718e-01
99 0 +7.006706968e-01 -3.018893293e+02 -3.018893293e+02 +1.8062e-01 +1.0851e+00 +5.8286e-01
% f evaluations | g evaluations | best noise-free fitness - Fopt (-3.065500000000e+02) + sum g_i+ | measured fitness | best measured fitness or single-digit g-values | x1 | x2...
1 0 +4.630791406e+01 -2.602420859e+02 -2.602420859e+02 +0.0000e+00 +0.0000e+00 +0.0000e+00
2 0 +3.031356264e+01 -2.762364374e+02 -2.762364374e+02 +4.3379e-01 +3.0692e-02 +9.8026e-02
6 0 +2.398066706e+01 -2.825693329e+02 -2.825693329e+02 -2.2359e-01 +8.0318e-02 +2.1275e-01
14 0 +2.019810903e+01 -2.863518910e+02 -2.863518910e+02 -1.3253e-01 +1.8803e-01 +6.3096e-01
23 0 +1.871587691e+01 -2.878341231e+02 -2.878341231e+02 -3.1536e-01 +3.8683e-01 +4.2088e-01
24 0 +1.740794188e+01 -2.891420581e+02 -2.891420581e+02 -6.3265e-01 +4.5559e-01 +2.3283e-01
25 0 +1.257575056e+01 -2.939742494e+02 -2.939742494e+02 +2.7231e-01 +4.6591e-01 +5.5506e-01
56 0 +6.160683854e+00 -3.003893161e+02 -3.003893161e+02 +3.3681e-01 +1.4465e-01 +8.7048e-01
191 0 +5.998666828e+00 -3.005513332e+02 -3.005513332e+02 +2.6450e-01 +2.5966e-01 +9.7934e-01
399 0 +5.878367797e+00 -3.006716322e+02 -3.006716322e+02 +2.6813e-01 +1.0686e-01 +9.7431e-01
422 0 +5.708856268e+00 -3.008411437e+02 -3.008411437e+02 +2.5558e-01 -9.1052e-02 +1.0055e+00
451 0 +5.576432874e+00 -3.009735671e+02 -3.009735671e+02 +2.4672e-01 -3.6081e-01 +1.0289e+00
473 0 +5.436893190e+00 -3.011131068e+02 -3.011131068e+02 +2.3700e-01 -7.1487e-01 +1.0814e+00
602 0 +5.367021866e+00 -3.011829781e+02 -3.011829781e+02 +2.2937e-01 -8.8834e-01 +1.1303e+00
681 0 +5.246007668e+00 -3.013039923e+02 -3.013039923e+02 +1.7333e-01 -1.3559e+00 +1.2539e+00
793 0 +5.111234070e+00 -3.014387659e+02 -3.014387659e+02 +1.3547e-01 -1.2611e+00 +1.3127e+00
