% f evaluations | g evaluations | best noise-free fitness - Fopt (-1.000000000000e+03) + sum g_i+ | measured fitness | best measured fitness or single-digit g-values | x1 | x2...
1 0 +8.057169867e+01 -9.194283013e+02 -9.194283013e+02 +0.0000e+00 +0.0000e+00 +0.0000e+00 +0.0000e+00 +0.0000e+00
2 0 +7.905803942e+01 -9.209419606e+02 -9.209419606e+02 +4.3379e-01 +3.0692e-02 +9.8026e-02 +3.4094e-01 +2.4727e-01
6 0 +7.125345540e+01 -9.287465446e+02 -9.287465446e+02 +2.1661e-01 -2.7248e-01 -1.4933e-01 +1.8171e-01 -5.0930e-01
10 0 +6.313136587e+01 -9.368686341e+02 -9.368686341e+02 +9.1006e-01 +8.0561e-02 +6.1412e-02 +4.1870e-01 +1.3254e-01
16 0 +3.750408336e+01 -9.624959166e+02 -9.624959166e+02 +3.5066e-01 -5.5021e-01 +1.8530e-02 +7.1756e-01 -5.4298e-01
23 0 +1.765028862e+01 -9.823497114e+02 -9.823497114e+02 +1.4520e+00 -2.3571e-01 -1.7611e-02 +4.2830e-01 -2.9365e-01
29 0 +1.670621555e+01 -9.832937845e+02 -9.832937845e+02 +1.9989e+00 -8.2734e-01 +2.4279e-01 -6.7137e-02 -6.3297e-01
34 0 +7.274296826e+00 -9.927257032e+02 -9.927257032e+02 +2.4297e+00 +2.0897e-01 +4.4126e-01 +6.4619e-01 -4.0565e-01
39 0 +2.399007374e+00 -9.976009926e+02 -9.976009926e+02 +2.3433e+00 -6.1927e-01 +4.2980e-01 +9.5161e-02 +2.2254e-02
78 0 +2.265006010e+00 -9.977349940e+02 -9.977349940e+02 +2.7515e+00 -2.3776e-01 +5.9121e-01 +7.3811e-01 +1.4748e-01
97 0 +2.118457396e+00 -9.978815426e+02 -9.978815426e+02 +2.2769e+00 -4.6537e-01 +2.9098e-01 +6.2791e-01 +9.7199e-02
124 0 +2.028427993e+00 -9.979715720e+02 -9.979715720e+02 +2.1081e+00 -1.7902e-01 +4.9719e-01 +5.2843e-01 -6.8235e-02
128 0 +1.897471634e+00 -9.981025284e+02 -9.981025284e+02 +2.3364e+00 -2.4823e-01 +7.0325e-01 +6.3296e-01 +1.0134e-01
166 0 +1.505057639e+00 -9.984949424e+02 -9.984949424e+02 +2.5755e+00 -3.0433e-02 +4.6549e-01 +7.5267e-01 +1.3185e-01
224 0 +1.429027931e+00 -9.985709721e+02 -9.985709721e+02 +2.4233e+00 -1.6584e-01 +5.3004e-01 +7.4548e-01 +9.9231e-02
236 0 +1.408293743e+00 -9.985917063e+02 -9.985917063e+02 +2.4330e+00 -9.6768e-02 +4.9825e-01 +7.9704e-01 +8.6868e-02
237 0 +1.255945543e+00 -9.987440545e+02 -9.987440545e+02 +2.3531e+00 -3.0075e-02 +5.5497e-01 +9.2833e-01 +1.0979e-01
255 0 +1.126513516e+00 -9.988734865e+02 -9.988734865e+02 +2.5636e+00 -6.8918e-03 +5.5524e-01 +8.8093e-01 +1.2222e-01
273 0 +1.029753492e+00 -9.989702465e+02 -9.989702465e+02 +2.4614e+00 -4.3177e-02 +5.8893e-01 +8.5435e-01 +1.1421e-01
277 0 +9.118230624e-01 -9.990881769e+02 -9.990881769e+02 +2.4580e+00 -3.5056e-02 +6.2803e-01 +8.7928e-01 +9.5720e-02
298 0 +7.922819714e-01 -9.992077180e+02 -9.992077180e+02 +2.4091e+00 -3.4746e-02 +7.2036e-01 +9.3929e-01 +9.3575e-02
307 0 +7.740729134e-01 -9.992259271e+02 -9.992259271e+02 +2.3817e+00 -2.1232e-02 +7.9846e-01 +1.0079e+00 +1.2437e-01
308 0 +7.369053441e-01 -9.992630947e+02 -9.992630947e+02 +2.3820e+00 +2.4153e-02 +7.0717e-01 +1.0025e+00 +1.2047e-01
313 0 +7.141959234e-01 -9.992858041e+02 -9.992858041e+02 +2.3922e+00 +1.7356e-02 +7.2092e-01 +9.8814e-01 +1.1434e-01
323 0 +6.384317961e-01 -9.993615682e+02 -9.993615682e+02 +2.3694e+00 +9.4379e-02 +7.9450e-01 +1.0484e+00 +1.2249e-01
333 0 +5.637996418e-01 -9.994362004e+02 -9.994362004e+02 +2.4898e+00 +1.1238e-01 +7.9813e-01 +1.0689e+00 +1.3265e-01
351 0 +5.426633039e-01 -9.994573367e+02 -9.994573367e+02 +2.4138e+00 +1.1508e-01 +8.8596e-01 +1.1371e+00 +1.2976e-01
357 0 +5.351239477e-01 -9.994648761e+02 -9.994648761e+02 +2.3705e+00 +1.1510e-01 +8.6555e-01 +1.1560e+00 +1.0434e-01
362 0 +5.014013023e-01 -9.994985987e+02 -9.994985987e+02 +2.4174e+00 +2.2346e-01 +1.0359e+00 +1.2555e+00 +1.3092e-01
371 0 +4.987327066e-01 -9.995012673e+02 -9.995012673e+02 +2.3663e+00 +2.3411e-01 +1.0823e+00 +1.2782e+00 +1.1495e-01
376 0 +4.791694145e-01 -9.995208306e+02 -9.995208306e+02 +2.4850e+00 +3.3740e-01 +1.1045e+00 +1.3867e+00 +1.4842e-01
382 0 +4.707710944e-01 -9.995292289e+02 -9.995292289e+02 +2.3199e+00 +3.3901e-01 +1.1809e+00 +1.4832e+00 +1.2608e-01
390 0 +4.114602008e-01 -9.995885398e+02 -9.995885398e+02 +2.3270e+00 +4.4844e-01 +1.2633e+00 +1.5476e+00 +1.2882e-01
391 0 +3.659201761e-01 -9.996340798e+02 -9.996340798e+02 +2.3155e+00 +4.2231e-01 +1.2025e+00 +1.5533e+00 +1.0195e-01
401 0 +3.547378875e-01 -9.996452621e+02 -9.996452621e+02 +2.4735e+00 +4.9107e-01 +1.2585e+00 +1.5451e+00 +1.1386e-01
404 0 +3.407258921e-01 -9.996592741e+02 -9.996592741e+02 +2.5795e+00 +6.4405e-01 +1.2886e+00 +1.7267e+00 +1.5282e-01
406 0 +2.047493199e-01 -9.997952507e+02 -9.997952507e+02 +2.2522e+00 +6.6875e-01 +1.5185e+00 +1.8743e+00 +9.4168e-02
410 0 +1.705331966e-01 -9.998294668e+02 -9.998294668e+02 +2.4125e+00 +8.4116e-01 +1.6257e+00 +1.9799e+00 +7.5270e-02
415 0 +1.359341305e-01 -9.998640659e+02 -9.998640659e+02 +2.3453e+00 +1.0610e+00 +1.6316e+00 +2.2393e+00 +1.3267e-01
423 0 +1.342295630e-01 -9.998657704e+02 -9.998657704e+02 +2.3577e+00 +1.0291e+00 +1.6469e+00 +2.2349e+00 +9.2756e-02
425 0 +1.288588931e-01 -9.998711411e+02 -9.998711411e+02 +2.3713e+00 +9.7484e-01 +1.6063e+00 +2.1334e+00 +1.2144e-01
430 0 +1.256045800e-01 -9.998743954e+02 -9.998743954e+02 +2.2951e+00 +1.0143e+00 +1.6494e+00 +2.1888e+00 +8.7989e-02
597 0 +1.215539901e-01 -9.998784460e+02 -9.998784460e+02 +2.3274e+00 +1.0953e+00 +1.7466e+00 +2.2643e+00 +8.9071e-02
604 0 +1.194944333e-01 -9.998805056e+02 -9.998805056e+02 +2.3325e+00 +1.1104e+00 +1.7640e+00 +2.2681e+00 +7.3354e-02
734 0 +1.164456320e-01 -9.998835544e+02 -9.998835544e+02 +2.3540e+00 +1.0872e+00 +1.7426e+00 +2.1917e+00 +5.4950e-02
767 0 +1.146976967e-01 -9.998853023e+02 -9.998853023e+02 +2.3390e+00 +1.1215e+00 +1.7873e+00 +2.2235e+00 +3.3239e-02
778 0 +1.116936172e-01 -9.998883064e+02 -9.998883064e+02 +2.3256e+00 +1.1401e+00 +1.8292e+00 +2.2247e+00 +2.6669e-02
790 0 +1.092903650e-01 -9.998907096e+02 -9.998907096e+02 +2.3329e+00 +1.0934e+00 +1.7694e+00 +2.1519e+00 +1.4300e-02
796 0 +1.069648954e-01 -9.998930351e+02 -9.998930351e+02 +2.3136e+00 +1.1497e+00 +1.8271e+00 +2.1840e+00 -2.3790e-02
802 0 +1.026597404e-01 -9.998973403e+02 -9.998973403e+02 +2.3288e+00 +1.0597e+00 +1.7637e+00 +2.0670e+00 -2.2261e-02
805 0 +9.184459792e-02 -9.999081554e+02 -9.999081554e+02 +2.2761e+00 +1.1582e+00 +1.8962e+00 +2.1090e+00 -1.0222e-01
810 0 +8.995033744e-02 -9.999100497e+02 -9.999100497e+02 +2.2612e+00 +1.1656e+00 +1.9041e+00 +2.0877e+00 -1.3108e-01
811 0 +7.472205218e-02 -9.999252779e+02 -9.999252779e+02 +2.2457e+00 +1.0788e+00 +1.8627e+00 +1.9253e+00 -1.8105e-01
825 0 +7.037364968e-02 -9.999296264e+02 -9.999296264e+02 +2.2335e+00 +1.0647e+00 +1.8710e+00 +1.8262e+00 -2.4630e-01
837 0 +6.075786044e-02 -9.999392421e+02 -9.999392421e+02 +2.1834e+00 +1.0643e+00 +1.9619e+00 +1.5885e+00 -4.3466e-01
842 0 +5.271995219e-02 -9.999472800e+02 -9.999472800e+02 +2.1325e+00 +9.6705e-01 +1.9475e+00 +1.3517e+00 -5.4923e-01
850 0 +4.316040325e-02 -9.999568396e+02 -9.999568396e+02 +2.0978e+00 +1.0712e+00 +2.0442e+00 +1.5608e+00 -4.9985e-01
869 0 +3.216388127e-02 -9.999678361e+02 -9.999678361e+02 +2.0393e+00 +1.1230e+00 +2.1826e+00 +1.6009e+00 -5.3666e-01
875 0 +2.922367222e-02 -9.999707763e+02 -9.999707763e+02 +2.0321e+00 +8.3517e-01 +1.9373e+00 +1.1228e+00 -6.4299e-01
880 0 +2.288702949e-02 -9.999771130e+02 -9.999771130e+02 +1.9719e+00 +1.0393e+00 +2.1415e+00 +1.4177e+00 -6.3287e-01
883 0 +1.839589556e-02 -9.999816041e+02 -9.999816041e+02 +1.9984e+00 +9.5375e-01 +2.0728e+00 +1.3355e+00 -5.9607e-01
889 0 +1.796274961e-02 -9.999820373e+02 -9.999820373e+02 +1.9888e+00 +8.3624e-01 +1.9901e+00 +1.0748e+00 -6.8692e-01
892 0 +1.362530064e-02 -9.999863747e+02 -9.999863747e+02 +1.8699e+00 +8.3558e-01 +2.1182e+00 +9.0162e-01 -8.7220e-01
899 0 +5.048622503e-03 -9.999949514e+02 -9.999949514e+02 +1.8394e+00 +8.6156e-01 +2.1957e+00 +9.0541e-01 -8.7468e-01
906 0 +4.689331647e-03 -9.999953107e+02 -9.999953107e+02 +1.7808e+00 +8.9762e-01 +2.2904e+00 +8.8138e-01 -9.7102e-01
915 0 +3.813118185e-03 -9.999961869e+02 -9.999961869e+02 +1.6960e+00 +6.1527e-01 +2.1838e+00 +3.7967e-01 -1.1056e+00
921 0 +3.537843892e-03 -9.999964622e+02 -9.999964622e+02 +1.7282e+00 +7.6534e-01 +2.2684e+00 +5.9012e-01 -1.0832e+00
929 0 +3.390513238e-03 -9.999966095e+02 -9.999966095e+02 +1.6553e+00 +6.7658e-01 +2.2656e+00 +3.2934e-01 -1.2305e+00
936 0 +1.171599177e-03 -9.999988284e+02 -9.999988284e+02 +1.6405e+00 +7.4980e-01 +2.3879e+00 +4.1718e-01 -1.2177e+00
953 0 +9.937885970e-04 -9.999990062e+02 -9.999990062e+02 +1.5798e+00 +7.5197e-01 +2.4253e+00 +4.2694e-01 -1.2393e+00
954 0 +7.224191962e-04 -9.999992776e+02 -9.999992776e+02 +1.5270e+00 +9.0812e-01 +2.5886e+00 +5.0719e-01 -1.3266e+00
961 0 +2.634704485e-04 -9.999997365e+02 -9.999997365e+02 +1.4804e+00 +8.3515e-01 +2.6018e+00 +2.8760e-01 -1.4536e+00
996 0 +2.355491755e-04 -9.999997645e+02 -9.999997645e+02 +1.5203e+00 +8.4193e-01 +2.5393e+00 +2.7576e-01 -1.4348e+00
1001 0 +2.107768870e-04 -9.999997892e+02 -9.999997892e+02 +1.5345e+00 +7.7089e-01 +2.4819e+00 +2.6062e-01 -1.3888e+00
1004 0 +1.998911887e-04 -9.999998001e+02 -9.999998001e+02 +1.4855e+00 +7.6462e-01 +2.5527e+00 +7.2176e-02 -1.5358e+00
1008 0 +1.899504580e-04 -9.999998100e+02 -9.999998100e+02 +1.4656e+00 +7.4435e-01 +2.5521e+00 +1.2838e-01 -1.4987e+00
1009 0 +1.659090694e-04 -9.999998341e+02 -9.999998341e+02 +1.4607e+00 +7.8837e-01 +2.6008e+00 +1.1678e-01 -1.5394e+00
1014 0 +2.886691914e-05 -9.999999711e+02 -9.999999711e+02 +1.4145e+00 +7.4979e-01 +2.5896e+00 -5.5921e-02 -1.6315e+00
1051 0 +1.421687557e-06 -9.999999986e+02 -9.999999986e+02 +1.3100e+00 +7.3215e-01 +2.6839e+00 -1.4488e-01 -1.7258e+00
1133 0 +4.941739462e-08 -1.000000000e+03 -1.000000000e+03 +1.3320e+00 +7.2519e-01 +2.6640e+00 -1.7420e-01 -1.7230e+00
1145 0 +1.568082553e-08 -1.000000000e+03 -1.000000000e+03 +1.3313e+00 +7.1881e-01 +2.6571e+00 -1.6955e-01 -1.7149e+00
1148 0 +4.152411748e-09 -1.000000000e+03 -1.000000000e+03 +1.3530e+00 +7.1774e-01 +2.6240e+00 -1.2632e-01 -1.6752e+00
1473 0 +0.000000000e+00 -1.000000000e+03 -1.000000000e+03 +1.3496e+00 +7.1891e-01 +2.6357e+00 -1.4310e-01 -1.6889e+00
% f evaluations | g evaluations | best noise-free fitness - Fopt (1.000000000000e+03) + sum g_i+ | measured fitness | best measured fitness or single-digit g-values | x1 | x2...
1 0 +7.299933294e+01 +1.072999333e+03 +1.072999333e+03 +0.0000e+00 +0.0000e+00 +0.0000e+00 +0.0000e+00 +0.0000e+00
2 0 +6.854920415e+01 +1.068549204e+03 +1.068549204e+03 +4.3379e-01 +3.0692e-02 +9.8026e-02 +3.4094e-01 +2.4727e-01
10 0 +6.131842894e+01 +1.061318429e+03 +1.061318429e+03 +8.4680e-01 +8.4917e-02 +1.3836e-01 +3.9604e-01 +3.9198e-01
15 0 +4.679558174e+01 +1.046795582e+03 +1.046795582e+03 +7.8122e-01 +9.2881e-02 +2.7956e-01 -3.4594e-01 +6.3570e-01
23 0 +4.219193596e+01 +1.042191936e+03 +1.042191936e+03 +1.4414e+00 -1.5838e-01 +7.4172e-02 +2.5646e-01 +3.2109e-01
30 0 +3.888709374e+01 +1.038887094e+03 +1.038887094e+03 +1.2799e+00 +7.4993e-02 +6.2490e-01 -1.5301e-01 +7.6685e-01
41 0 +3.404112224e+01 +1.034041122e+03 +1.034041122e+03 +1.3894e+00 +9.5971e-02 +3.3928e-02 -4.5029e-01 +1.0854e+00
124 0 +3.089363700e+01 +1.030893637e+03 +1.030893637e+03 +1.6522e+00 +1.7149e-01 +1.2601e-01 -3.8178e-01 +8.5221e-01
161 0 +2.968596307e+01 +1.029685963e+03 +1.029685963e+03 +1.7533e+00 +2.8657e-01 +2.4047e-01 -2.2486e-01 +9.6167e-01
164 0 +2.806157560e+01 +1.028061576e+03 +1.028061576e+03 +1.8287e+00 +3.5673e-01 +2.5926e-01 -3.9778e-01 +8.6081e-01
166 0 +2.737619013e+01 +1.027376190e+03 +1.027376190e+03 +1.9609e+00 +5.1706e-01 +3.7737e-01 -2.2071e-01 +1.0718e+00
168 0 +2.685135942e+01 +1.026851359e+03 +1.026851359e+03 +1.7588e+00 +3.3976e-01 +2.3990e-01 -7.0001e-01 +8.5481e-01
175 0 +2.629404914e+01 +1.026294049e+03 +1.026294049e+03 +1.8778e+00 +3.8373e-01 +4.5803e-01 -5.3375e-01 +9.2269e-01
183 0 +2.560590368e+01 +1.025605904e+03 +1.025605904e+03 +2.2331e+00 +7.7869e-01 +4.9092e-01 -7.1396e-01 +1.0172e+00
185 0 +2.399955161e+01 +1.023999552e+03 +1.023999552e+03 +1.8145e+00 +5.1327e-01 +4.8830e-01 -5.2370e-01 +8.6681e-01
190 0 +2.262144354e+01 +1.022621444e+03 +1.022621444e+03 +1.9533e+00 +1.0107e+00 +5.9969e-01 -7.9909e-01 +9.2417e-01
193 0 +2.231741176e+01 +1.022317412e+03 +1.022317412e+03 +1.8206e+00 +6.2787e-01 +5.7292e-01 -6.0717e-01 +7.6452e-01
200 0 +1.977276085e+01 +1.019772761e+03 +1.019772761e+03 +1.8592e+00 +7.9208e-01 +6.9643e-01 -7.8138e-01 +8.6967e-01
215 0 +1.810450616e+01 +1.018104506e+03 +1.018104506e+03 +1.8796e+00 +9.1867e-01 +1.0391e+00 -7.6747e-01 +4.0703e-01
216 0 +1.696240239e+01 +1.016962402e+03 +1.016962402e+03 +2.0642e+00 +1.0296e+00 +1.1456e+00 -9.5364e-01 +9.2654e-01
224 0 +1.633021229e+01 +1.016330212e+03 +1.016330212e+03 +1.8958e+00 +1.0116e+00 +1.1984e+00 -8.7896e-01 +6.2853e-01
236 0 +1.591712820e+01 +1.015917128e+03 +1.015917128e+03 +1.9150e+00 +1.1346e+00 +1.0620e+00 -8.9222e-01 +7.0625e-01
241 0 +1.493013214e+01 +1.014930132e+03 +1.014930132e+03 +1.9312e+00 +1.2142e+00 +1.2296e+00 -8.4954e-01 +7.7751e-01
244 0 +1.311889693e+01 +1.013118897e+03 +1.013118897e+03 +1.8610e+00 +1.3893e+00 +1.4728e+00 -1.0195e+00 +7.1690e-01
253 0 +1.254127368e+01 +1.012541274e+03 +1.012541274e+03 +2.1403e+00 +1.5361e+00 +1.2706e+00 -1.1362e+00 +1.0708e+00
261 0 +8.765865911e+00 +1.008765866e+03 +1.008765866e+03 +2.1815e+00 +1.9568e+00 +1.7986e+00 -1.4765e+00 +1.0591e+00
278 0 +7.993168313e+00 +1.007993168e+03 +1.007993168e+03 +2.2515e+00 +2.2260e+00 +2.0367e+00 -1.7269e+00 +1.1431e+00
300 0 +7.127901630e+00 +1.007127902e+03 +1.007127902e+03 +2.1458e+00 +2.5734e+00 +2.4334e+00 -2.1876e+00 +1.1038e+00
309 0 +6.448204092e+00 +1.006448204e+03 +1.006448204e+03 +2.1994e+00 +2.6854e+00 +2.4131e+00 -2.3604e+00 +1.2229e+00
316 0 +5.834650008e+00 +1.005834650e+03 +1.005834650e+03 +1.8112e+00 +2.4784e+00 +2.3489e+00 -2.5176e+00 +1.0924e+00
324 0 +4.742655261e+00 +1.004742655e+03 +1.004742655e+03 +1.9303e+00 +2.4530e+00 +2.1840e+00 -2.3848e+00 +1.4408e+00
353 0 +3.528461755e+00 +1.003528462e+03 +1.003528462e+03 +1.9289e+00 +3.2354e+00 +2.7244e+00 -3.2874e+00 +1.8290e+00
371 0 +2.979152004e+00 +1.002979152e+03 +1.002979152e+03 +1.6947e+00 +3.0372e+00 +2.5541e+00 -3.8882e+00 +1.5455e+00
401 0 +2.753051034e+00 +1.002753051e+03 +1.002753051e+03 +1.7100e+00 +2.8988e+00 +2.4393e+00 -3.5459e+00 +1.4895e+00
417 0 +2.680992129e+00 +1.002680992e+03 +1.002680992e+03 +1.7944e+00 +2.8097e+00 +2.2995e+00 -3.5289e+00 +1.4868e+00
769 0 +2.629852280e+00 +1.002629852e+03 +1.002629852e+03 +1.7507e+00 +2.7829e+00 +2.2965e+00 -3.5425e+00 +1.3838e+00
% f evaluations | g evaluations | best noise-free fitness - Fopt (-4.913000000000e+01) + sum g_i+ | measured fitness | best measured fitness or single-digit g-values | x1 | x2...
1 0 +6.940722089e+01 +2.027722089e+01 +2.027722089e+01 +0.0000e+00 +0.0000e+00 +0.0000e+00 +0.0000e+00 +0.0000e+00
2 0 +6.271160251e+01 +1.358160251e+01 +1.358160251e+01 +4.3379e-01 +3.0692e-02 +9.8026e-02 +3.4094e-01 +2.4727e-01
7 0 +5.687823609e+01 +7.748236086e+00 +7.748236086e+00 +2.3317e-01 -2.5183e-01 -1.2653e-01 +4.3300e-01 -1.9345e-02
10 0 +4.691606806e+01 -2.213931943e+00 -2.213931943e+00 +8.8779e-01 +1.2876e-01 +2.6691e-03 +3.9653e-01 +2.4932e-01
33 0 +4.631747182e+01 -2.812528176e+00 -2.812528176e+00 +7.4719e-01 -2.3387e-01 +1.5543e-01 +4.5630e-01 +1.4324e-01
39 0 +4.409610935e+01 -5.033890649e+00 -5.033890649e+00 +1.0697e+00 -3.5718e-01 +8.8965e-02 +5.9247e-01 +2.4365e-01
54 0 +4.210743067e+01 -7.022569334e+00 -7.022569334e+00 +5.7511e-01 -3.8816e-01 -6.2689e-01 +5.3822e-01 +3.5690e-01
66 0 +3.905046925e+01 -1.007953075e+01 -1.007953075e+01 +7.3330e-01 -6.3784e-01 -8.6915e-01 +6.3346e-01 +5.0612e-01
117 0 +3.875421237e+01 -1.037578763e+01 -1.037578763e+01 +5.3969e-01 -1.1797e+00 -1.2046e-01 +1.1120e+00 +1.4205e-01
209 0 +3.796715218e+01 -1.116284782e+01 -1.116284782e+01 +5.8220e-01 -9.5164e-01 -5.5295e-01 +9.3432e-01 +3.9976e-01
266 0 +3.684905750e+01 -1.228094250e+01 -1.228094250e+01 +3.5925e-01 -1.4512e+00 -4.7627e-01 +1.2057e+00 +2.4877e-01
360 0 +3.620647825e+01 -1.292352175e+01 -1.292352175e+01 +1.0832e-01 -1.7807e+00 -6.1550e-01 +1.2491e+00 +2.4346e-01
380 0 +3.515495054e+01 -1.397504946e+01 -1.397504946e+01 +2.0884e-01 -1.7326e+00 -7.8022e-01 +7.5948e-01 +3.2659e-01
402 0 +3.440976592e+01 -1.472023408e+01 -1.472023408e+01 +6.7357e-02 -2.0742e+00 -1.1048e+00 +7.6332e-01 +4.3649e-01
411 0 +3.384595064e+01 -1.528404936e+01 -1.528404936e+01 -4.6380e-03 -2.3319e+00 -1.2250e+00 +5.8625e-01 +4.0286e-01
461 0 +3.267257077e+01 -1.645742923e+01 -1.645742923e+01 -1.7467e-02 -2.8039e+00 -1.7303e+00 +8.5511e-02 +6.0464e-01
488 0 +3.218550515e+01 -1.694449485e+01 -1.694449485e+01 +1.2939e-01 -2.5562e+00 -2.1273e+00 -3.2001e-01 +7.8180e-01
533 0 +3.155104711e+01 -1.757895289e+01 -1.757895289e+01 +6.8551e-02 -2.8785e+00 -2.4255e+00 -7.9875e-01 +8.9240e-01
572 0 +3.058273081e+01 -1.854726919e+01 -1.854726919e+01 +2.8407e-01 -2.4315e+00 -2.5804e+00 -1.4216e+00 +9.7468e-01
642 0 +3.016839353e+01 -1.896160647e+01 -1.896160647e+01 +4.6264e-01 -2.2835e+00 -3.1862e+00 -2.4505e+00 +1.2172e+00
% f evaluations | g evaluations | best noise-free fitness - Fopt (2.977300000000e+02) + sum g_i+ | measured fitness | best measured fitness or single-digit g-values | x1 | x2...
1 0 +4.678244042e+01 +3.445124404e+02 +3.445124404e+02 +0.0000e+00 +0.0000e+00 +0.0000e+00 +0.0000e+00 +0.0000e+00
2 0 +4.242708765e+01 +3.401570876e+02 +3.401570876e+02 +4.3379e-01 +3.0692e-02 +9.8026e-02 +3.4094e-01 +2.4727e-01
3 0 +3.072425199e+01 +3.284542520e+02 +3.284542520e+02 +1.7369e-01 -1.1375e-01 -3.0566e-01 +1.1285e-01 -1.5359e-01
6 0 +2.690700691e+01 +3.246370069e+02 +3.246370069e+02 +2.1661e-01 -2.7248e-01 -1.4933e-01 +1.8171e-01 -5.0930e-01
34 0 +2.339846760e+01 +3.211284676e+02 +3.211284676e+02 +8.1308e-01 +1.8298e-01 -2.1959e-01 +3.8459e-01 -7.0656e-01
45 0 +2.143175756e+01 +3.191617576e+02 +3.191617576e+02 +1.0428e+00 -4.8481e-02 -3.5718e-01 -1.0473e-02 -9.6548e-01
52 0 +1.892131001e+01 +3.166513100e+02 +3.166513100e+02 +1.0563e+00 +1.3074e-01 -4.3172e-01 -3.0045e-01 -8.1325e-01
81 0 +1.824802686e+01 +3.159780269e+02 +3.159780269e+02 +1.4414e+00 +1.9496e-01 -4.1025e-01 -7.3789e-02 -9.4621e-01
89 0 +1.682513490e+01 +3.145551349e+02 +3.145551349e+02 +1.7847e+00 +2.5113e-01 -4.4848e-01 -5.9085e-02 -1.3209e+00
124 0 +1.389985572e+01 +3.116298557e+02 +3.116298557e+02 +1.7263e+00 +4.7094e-01 -3.1330e-01 -2.6197e-02 -1.3304e+00
152 0 +1.190095269e+01 +3.096309527e+02 +3.096309527e+02 +2.6786e+00 +8.5048e-01 -5.7051e-01 -1.5678e-01 -1.9661e+00
161 0 +1.111430230e+01 +3.088443023e+02 +3.088443023e+02 +2.2745e+00 +6.6469e-01 -4.8665e-01 -2.0947e-01 -1.5874e+00
164 0 +9.798482187e+00 +3.075284822e+02 +3.075284822e+02 +2.5732e+00 +8.0911e-01 -5.4845e-01 -4.1874e-01 -1.8572e+00
173 0 +9.441086405e+00 +3.071710864e+02 +3.071710864e+02 +2.3081e+00 +9.7048e-01 -5.9294e-01 -4.9570e-01 -1.8838e+00
249 0 +9.318689092e+00 +3.070486891e+02 +3.070486891e+02 +2.1635e+00 +9.8931e-01 -5.3430e-01 -5.1758e-01 -1.9355e+00
266 0 +9.118284902e+00 +3.068482849e+02 +3.068482849e+02 +2.3051e+00 +8.9532e-01 -6.1640e-01 -6.5594e-01 -2.0446e+00
360 0 +8.857299400e+00 +3.065872994e+02 +3.065872994e+02 +1.9862e+00 +8.6992e-01 -7.2122e-01 -9.4656e-01 -1.9725e+00
% f evaluations | g evaluations | best noise-free fitness - Fopt (5.157000000000e+01) + sum g_i+ | measured fitness | best measured fitness or single-digit g-values | x1 | x2...
1 0 +7.372267219e+01 +1.252926722e+02 +1.252926722e+02 +0.0000e+00 +0.0000e+00 +0.0000e+00 +0.0000e+00 +0.0000e+00
3 0 +7.309781822e+01 +1.246678182e+02 +1.246678182e+02 +1.7369e-01 -1.1375e-01 -3.0566e-01 +1.1285e-01 -1.5359e-01
12 0 +7.229484752e+01 +1.238648475e+02 +1.238648475e+02 +1.5526e-01 +1.2645e-01 -5.1822e-01 +3.3353e-01 -4.3098e-01
26 0 +7.070891305e+01 +1.222789131e+02 +1.222789131e+02 -1.8003e-01 -1.4147e-01 -1.0075e+00 -1.0560e-01 +1.6539e-01
36 0 +6.739457887e+01 +1.189645789e+02 +1.189645789e+02 -4.9710e-01 -2.4475e-01 -1.2430e+00 +1.0739e-01 -2.9790e-01
54 0 +6.554254071e+01 +1.171125407e+02 +1.171125407e+02 -6.7612e-01 +7.2584e-02 -2.5094e+00 +4.3139e-01 -2.3026e-01
58 0 +5.458896040e+01 +1.061589604e+02 +1.061589604e+02 -1.1975e+00 +6.0868e-01 -2.9370e+00 +2.3875e-01 +2.5088e-01
60 0 +5.339853558e+01 +1.049685356e+02 +1.049685356e+02 -6.4058e-01 +3.1972e-01 -3.0357e+00 +8.9205e-01 +6.3767e-01
69 0 +5.121738955e+01 +1.027873895e+02 +1.027873895e+02 -8.3812e-01 +7.2725e-01 -4.1688e+00 +1.0298e+00 +2.5547e-01
148 0 +5.004182526e+01 +1.016118253e+02 +1.016118253e+02 -9.1199e-01 +3.4417e-01 -3.0741e+00 +1.0641e+00 +4.6331e-01
165 0 +4.890780287e+01 +1.004778029e+02 +1.004778029e+02 -9.1151e-01 +4.9983e-01 -3.3589e+00 +1.0088e+00 +8.2822e-01
178 0 +4.763609782e+01 +9.920609782e+01 +9.920609782e+01 -1.0819e+00 +4.8432e-01 -3.1423e+00 +1.0390e+00 +8.0960e-01
190 0 +4.271356922e+01 +9.428356922e+01 +9.428356922e+01 -1.2903e+00 +8.8308e-01 -3.2579e+00 +7.7249e-01 +9.1529e-01
200 0 +4.077944858e+01 +9.234944858e+01 +9.234944858e+01 -1.2607e+00 +8.9912e-01 -3.1507e+00 +7.3357e-01 +8.2791e-01
210 0 +3.773935172e+01 +8.930935172e+01 +8.930935172e+01 -1.3084e+00 +1.1557e+00 -3.3993e+00 +8.2980e-01 +5.5610e-01
219 0 +3.610269218e+01 +8.767269218e+01 +8.767269218e+01 -1.3944e+00 +1.3047e+00 -3.3740e+00 +8.9922e-01 +5.4682e-01
227 0 +3.427381393e+01 +8.584381393e+01 +8.584381393e+01 -1.7393e+00 +1.6179e+00 -3.2998e+00 +9.8255e-01 +5.1668e-01
233 0 +3.351333008e+01 +8.508333008e+01 +8.508333008e+01 -1.5480e+00 +1.6391e+00 -3.3395e+00 +9.6591e-01 +3.4591e-01
241 0 +3.188936376e+01 +8.345936376e+01 +8.345936376e+01 -1.6784e+00 +1.8282e+00 -3.2935e+00 +8.8670e-01 +3.8085e-01
244 0 +3.017746236e+01 +8.174746236e+01 +8.174746236e+01 -1.8452e+00 +2.0333e+00 -2.9693e+00 +7.2220e-01 +3.7528e-01
261 0 +2.941262046e+01 +8.098262046e+01 +8.098262046e+01 -1.9356e+00 +2.2760e+00 -2.9225e+00 +8.2529e-01 +4.7012e-01
378 0 +2.879198879e+01 +8.036198879e+01 +8.036198879e+01 -2.2969e+00 +2.1803e+00 -3.0518e+00 +3.4867e-01 +4.3494e-01
464 0 +2.813049619e+01 +7.970049619e+01 +7.970049619e+01 -2.3481e+00 +2.3368e+00 -2.7530e+00 +4.1534e-01 +4.8855e-01
493 0 +2.751972804e+01 +7.908972804e+01 +7.908972804e+01 -2.4247e+00 +2.3140e+00 -2.5572e+00 +4.6220e-01 +4.9232e-01
531 0 +2.670656895e+01 +7.827656895e+01 +7.827656895e+01 -2.3785e+00 +2.3758e+00 -2.2875e+00 +7.8641e-01 +5.8912e-01
548 0 +2.626429746e+01 +7.783429746e+01 +7.783429746e+01 -2.2244e+00 +2.2418e+00 -1.9740e+00 +1.1069e+00 +7.3706e-01
641 0 +2.567018682e+01 +7.724018682e+01 +7.724018682e+01 -2.3768e+00 +2.1694e+00 -1.3521e+00 +1.3006e+00 +8.2578e-01
% f evaluations | g evaluations | best noise-free fitness - Fopt (1.527100000000e+02) + sum g_i+ | measured fitness | best measured fitness or single-digit g-values | x1 | x2...
1 0 +7.482008365e+01 +2.275300837e+02 +2.275300837e+02 +0.0000e+00 +0.0000e+00 +0.0000e+00 +0.0000e+00 +0.0000e+00
2 0 +7.395892511e+01 +2.266689251e+02 +2.266689251e+02 +4.3379e-01 +3.0692e-02 +9.8026e-02 +3.4094e-01 +2.4727e-01
15 0 +7.190772703e+01 +2.246177270e+02 +2.246177270e+02 +6.4001e-01 +1.7800e-01 +2.8964e-01 -4.8852e-01 +6.3655e-01
28 0 +6.645715159e+01 +2.191671516e+02 +2.191671516e+02 +1.3173e+00 -1.3055e-01 +1.0822e+00 -2.5486e-01 +9.5034e-01
31 0 +6.556271652e+01 +2.182727165e+02 +2.182727165e+02 +1.0461e+00 -2.6229e-02 +3.0444e-01 -4.4625e-02 +1.5484e+00
40 0 +6.158817153e+01 +2.142981715e+02 +2.142981715e+02 +1.0683e+00 +1.9617e-01 +8.0681e-01 -6.2117e-01 +1.4123e+00
42 0 +5.382546580e+01 +2.065354658e+02 +2.065354658e+02 +1.0578e+00 +1.1356e+00 +9.9165e-01 -5.2941e-01 +1.7121e+00
50 0 +4.986039774e+01 +2.025703977e+02 +2.025703977e+02 +2.2332e+00 +6.9609e-01 +1.2004e+00 -3.6661e-01 +3.0488e+00
52 0 +3.586301397e+01 +1.885730140e+02 +1.885730140e+02 +2.2573e+00 +1.1082e+00 +9.3427e-01 -9.5141e-01 +2.5058e+00
55 0 +1.388759924e+01 +1.665975992e+02 +1.665975992e+02 +2.6648e+00 +1.2554e+00 +1.4957e+00 -1.7598e+00 +3.5877e+00
73 0 +1.285619365e+01 +1.655661937e+02 +1.655661937e+02 +2.7143e+00 +1.8810e+00 +1.5320e+00 -1.6333e+00 +3.6225e+00
80 0 +5.657505518e+00 +1.583675055e+02 +1.583675055e+02 +2.9736e+00 +1.7248e+00 +1.9883e+00 -2.7948e+00 +3.2892e+00
266 0 +5.357147941e+00 +1.580671479e+02 +1.580671479e+02 +2.6212e+00 +1.8374e+00 +1.7617e+00 -2.5662e+00 +2.8731e+00
299 0 +4.818645007e+00 +1.575286450e+02 +1.575286450e+02 +2.6654e+00 +2.0866e+00 +1.5296e+00 -2.8658e+00 +2.8712e+00
312 0 +4.135354678e+00 +1.568453547e+02 +1.568453547e+02 +2.5715e+00 +1.9554e+00 +1.6777e+00 -2.9489e+00 +2.7916e+00
314 0 +3.633892002e+00 +1.563438920e+02 +1.563438920e+02 +2.7072e+00 +1.8664e+00 +1.7450e+00 -2.9567e+00 +2.7957e+00
327 0 +3.164526871e+00 +1.558745269e+02 +1.558745269e+02 +2.6776e+00 +1.7515e+00 +1.7969e+00 -3.0858e+00 +2.7431e+00
340 0 +2.980504347e+00 +1.556905043e+02 +1.556905043e+02 +2.6013e+00 +1.5583e+00 +1.9211e+00 -3.2159e+00 +2.6739e+00
349 0 +2.891710848e+00 +1.556017108e+02 +1.556017108e+02 +2.7582e+00 +1.4484e+00 +2.1532e+00 -3.1391e+00 +2.6920e+00
359 0 +2.648951833e+00 +1.553589518e+02 +1.553589518e+02 +2.7459e+00 +1.5103e+00 +1.9980e+00 -3.4705e+00 +2.7300e+00
457 0 +2.621080970e+00 +1.553310810e+02 +1.553310810e+02 +2.7798e+00 +1.4281e+00 +2.0218e+00 -3.4399e+00 +2.7713e+00
% f evaluations | g evaluations | best noise-free fitness - Fopt (9.980000000000e+01) + sum g_i+ | measured fitness | best measured fitness or single-digit g-values | x1 | x2...
1 0 +7.487523812e+01 +1.746752381e+02 +1.746752381e+02 +0.0000e+00 +0.0000e+00 +0.0000e+00 +0.0000e+00 +0.0000e+00
2 0 +7.305541216e+01 +1.728554122e+02 +1.728554122e+02 +4.3379e-01 +3.0692e-02 +9.8026e-02 +3.4094e-01 +2.4727e-01
10 0 +6.892245519e+01 +1.687224552e+02 +1.687224552e+02 +8.9389e-01 +1.8179e-01 +1.8081e-02 +2.9178e-01 +2.0704e-01
18 0 +6.736966862e+01 +1.671696686e+02 +1.671696686e+02 +8.4331e-01 +8.3275e-02 -5.1979e-01 +2.5275e-01 -2.7740e-01
22 0 +6.386526945e+01 +1.636652694e+02 +1.636652694e+02 +7.6052e-01 +5.7405e-01 -7.1397e-01 +7.8809e-01 +1.9060e-03
23 0 +6.303405003e+01 +1.628340500e+02 +1.628340500e+02 +1.2087e+00 +9.9700e-02 -5.3868e-01 +4.7800e-01 -3.4504e-01
27 0 +6.156909667e+01 +1.613690967e+02 +1.613690967e+02 +7.0833e-01 +6.3655e-01 -8.5063e-01 +4.0835e-01 -7.2076e-01
34 0 +2.711773031e+01 +1.269177303e+02 +1.269177303e+02 +1.8555e+00 +1.0471e+00 -8.0021e-01 +1.0410e+00 -7.4448e-01
42 0 +2.520383035e+01 +1.250038304e+02 +1.250038304e+02 +1.5045e+00 +1.9574e+00 -8.0390e-01 +7.8009e-01 -3.8000e-01
43 0 +2.346928238e+01 +1.232692824e+02 +1.232692824e+02 +3.2960e+00 +1.6729e+00 -1.2503e+00 +1.6726e+00 -7.2648e-01
45 0 +2.230867326e+01 +1.221086733e+02 +1.221086733e+02 +2.9825e+00 +1.0063e+00 -1.2244e+00 +7.8831e-01 -1.2663e+00
49 0 +2.084746485e+01 +1.206474649e+02 +1.206474649e+02 +2.7727e+00 +1.3004e+00 -1.3701e+00 +1.2136e+00 -1.1387e+00
57 0 +2.037436475e+01 +1.201743648e+02 +1.201743648e+02 +3.1762e+00 +1.6316e+00 -1.4030e+00 +1.1637e+00 -8.5626e-01
116 0 +1.990302405e+01 +1.197030240e+02 +1.197030240e+02 +2.4698e+00 +1.1034e+00 -8.4881e-01 +1.2393e+00 -1.1961e+00
123 0 +1.836603169e+01 +1.181660317e+02 +1.181660317e+02 +2.8691e+00 +1.2267e+00 -3.4130e-01 +1.2517e+00 -9.7327e-01
124 0 +1.632359773e+01 +1.161235977e+02 +1.161235977e+02 +3.7352e+00 +1.9719e+00 -6.7273e-01 +1.7474e+00 -1.5508e+00
134 0 +1.342600231e+01 +1.132260023e+02 +1.132260023e+02 +3.5044e+00 +1.9521e+00 -6.4178e-01 +1.5441e+00 -1.0286e+00
148 0 +8.152406301e+00 +1.079524063e+02 +1.079524063e+02 +2.8462e+00 +2.0328e+00 -6.3624e-01 +1.4686e+00 -1.2843e+00
175 0 +7.201755855e+00 +1.070017559e+02 +1.070017559e+02 +2.9827e+00 +2.4042e+00 -3.9358e-01 +1.2840e+00 -9.7282e-01
213 0 +7.011629601e+00 +1.068116296e+02 +1.068116296e+02 +3.0297e+00 +2.6656e+00 -8.7250e-01 +1.5018e+00 -1.3124e+00
217 0 +6.480781997e+00 +1.062807820e+02 +1.062807820e+02 +2.8540e+00 +2.7081e+00 -7.2521e-01 +1.3765e+00 -1.1326e+00
218 0 +6.157228825e+00 +1.059572288e+02 +1.059572288e+02 +2.8482e+00 +2.6148e+00 -6.3573e-01 +1.4615e+00 -1.2241e+00
277 0 +5.739267180e+00 +1.055392672e+02 +1.055392672e+02 +2.6686e+00 +2.8838e+00 -7.4936e-01 +1.6087e+00 -1.3285e+00
298 0 +5.433480741e+00 +1.052334807e+02 +1.052334807e+02 +2.7230e+00 +2.9269e+00 -6.9907e-01 +1.6650e+00 -1.4170e+00
323 0 +5.254337131e+00 +1.050543371e+02 +1.050543371e+02 +2.6268e+00 +3.0625e+00 -6.7215e-01 +1.6008e+00 -1.3764e+00
334 0 +5.141378877e+00 +1.049413789e+02 +1.049413789e+02 +2.6480e+00 +2.8481e+00 -6.9558e-01 +1.5999e+00 -1.4171e+00
351 0 +5.056461476e+00 +1.048564615e+02 +1.048564615e+02 +2.6467e+00 +2.8473e+00 -6.6388e-01 +1.6242e+00 -1.4447e+00
357 0 +4.979619878e+00 +1.047796199e+02 +1.047796199e+02 +2.6361e+00 +2.8489e+00 -6.9310e-01 +1.6574e+00 -1.4999e+00
362 0 +4.868476062e+00 +1.046684761e+02 +1.046684761e+02 +2.7077e+00 +2.9011e+00 -6.9676e-01 +1.6174e+00 -1.4836e+00
371 0 +4.582021123e+00 +1.043820211e+02 +1.043820211e+02 +2.6719e+00 +2.8154e+00 -6.9088e-01 +1.5861e+00 -1.5294e+00
378 0 +4.485977524e+00 +1.042859775e+02 +1.042859775e+02 +2.6282e+00 +2.8454e+00 -6.9308e-01 +1.6079e+00 -1.5544e+00
379 0 +4.466253828e+00 +1.042662538e+02 +1.042662538e+02 +2.6425e+00 +2.8564e+00 -7.2337e-01 +1.5776e+00 -1.5483e+00
387 0 +4.341218444e+00 +1.041412184e+02 +1.041412184e+02 +2.6572e+00 +2.7900e+00 -6.7617e-01 +1.6195e+00 -1.6206e+00
403 0 +4.212524406e+00 +1.040125244e+02 +1.040125244e+02 +2.6581e+00 +2.7426e+00 -7.2396e-01 +1.5380e+00 -1.6256e+00
410 0 +4.012181264e+00 +1.038121813e+02 +1.038121813e+02 +2.6499e+00 +2.8314e+00 -7.0162e-01 +1.5859e+00 -1.6585e+00
437 0 +3.972037688e+00 +1.037720377e+02 +1.037720377e+02 +2.6438e+00 +2.8932e+00 -6.9510e-01 +1.5682e+00 -1.6336e+00
445 0 +3.834324102e+00 +1.036343241e+02 +1.036343241e+02 +2.6159e+00 +2.8751e+00 -6.8753e-01 +1.5420e+00 -1.6513e+00
450 0 +3.680661775e+00 +1.034806618e+02 +1.034806618e+02 +2.5939e+00 +2.8584e+00 -6.7206e-01 +1.5133e+00 -1.6763e+00
458 0 +3.540667049e+00 +1.033406670e+02 +1.033406670e+02 +2.5514e+00 +2.9438e+00 -6.6362e-01 +1.5627e+00 -1.7352e+00
467 0 +3.366370756e+00 +1.031663708e+02 +1.031663708e+02 +2.5640e+00 +2.8666e+00 -6.2659e-01 +1.5528e+00 -1.7837e+00
469 0 +3.215862451e+00 +1.030158625e+02 +1.030158625e+02 +2.5877e+00 +2.9801e+00 -6.8961e-01 +1.5464e+00 -1.8689e+00
501 0 +3.142338816e+00 +1.029423388e+02 +1.029423388e+02 +2.5353e+00 +2.9383e+00 -7.6594e-01 +1.5629e+00 -2.0149e+00
522 0 +3.084286086e+00 +1.028842861e+02 +1.028842861e+02 +2.5445e+00 +3.0210e+00 -6.8423e-01 +1.5097e+00 -1.9637e+00
528 0 +3.005201506e+00 +1.028052015e+02 +1.028052015e+02 +2.4966e+00 +3.0611e+00 -6.6481e-01 +1.5133e+00 -2.0653e+00
533 0 +2.867311570e+00 +1.026673116e+02 +1.026673116e+02 +2.5289e+00 +2.9290e+00 -6.0871e-01 +1.4640e+00 -2.0272e+00
571 0 +2.746801030e+00 +1.025468010e+02 +1.025468010e+02 +2.5159e+00 +2.9770e+00 -4.9040e-01 +1.4563e+00 -2.2806e+00
612 0 +2.656645992e+00 +1.024566460e+02 +1.024566460e+02 +2.5701e+00 +2.9252e+00 -5.5055e-01 +1.4842e+00 -2.2514e+00
628 0 +2.627774949e+00 +1.024277749e+02 +1.024277749e+02 +2.6643e+00 +2.8873e+00 -5.5601e-01 +1.4950e+00 -2.2535e+00
% f evaluations | g evaluations | best noise-free fitness - Fopt (-1.194100000000e+02) + sum g_i+ | measured fitness | best measured fitness or single-digit g-values | x1 | x2...
1 0 +7.600240222e+01 -4.340759778e+01 -4.340759778e+01 +0.0000e+00 +0.0000e+00 +0.0000e+00 +0.0000e+00 +0.0000e+00
2 0 +7.125241294e+01 -4.815758706e+01 -4.815758706e+01 +4.3379e-01 +3.0692e-02 +9.8026e-02 +3.4094e-01 +2.4727e-01
10 0 +6.655625560e+01 -5.285374440e+01 -5.285374440e+01 +8.4321e-01 +1.9290e-01 +9.8037e-02 +2.6948e-01 +4.7498e-01
19 0 +6.578025666e+01 -5.362974334e+01 -5.362974334e+01 +7.6645e-01 +1.0745e-01 +4.5115e-01 +4.4453e-01 +5.5473e-01
22 0 +6.405279716e+01 -5.535720284e+01 -5.535720284e+01 +8.9309e-01 +4.6776e-01 -1.7379e-01 +4.9410e-01 +7.3959e-01
49 0 +6.296518995e+01 -5.644481005e+01 -5.644481005e+01 +1.0326e+00 +8.4993e-01 -3.5638e-01 +3.6999e-01 +6.5719e-01
101 0 +6.059771839e+01 -5.881228161e+01 -5.881228161e+01 +1.7800e+00 +9.9529e-01 -6.6285e-01 +1.1580e+00 +3.8771e-01
141 0 +5.865582126e+01 -6.075417874e+01 -6.075417874e+01 +1.8047e+00 +9.6700e-01 -5.6023e-02 +1.0809e+00 +2.5254e-01
211 0 +5.704671675e+01 -6.236328325e+01 -6.236328325e+01 +1.9286e+00 +8.1254e-01 +2.3065e-01 +1.4905e+00 +1.8949e-01
241 0 +5.622044436e+01 -6.318955564e+01 -6.318955564e+01 +1.9497e+00 +7.8491e-01 +4.2797e-01 +1.5979e+00 +5.0377e-02
264 0 +5.477007775e+01 -6.463992225e+01 -6.463992225e+01 +2.2064e+00 +5.5408e-01 +6.1100e-01 +1.8587e+00 -9.1518e-02
291 0 +5.358477809e+01 -6.582522191e+01 -6.582522191e+01 +2.3412e+00 +1.0969e-01 +1.4524e+00 +2.2165e+00 -3.3358e-01
304 0 +5.239765109e+01 -6.701234891e+01 -6.701234891e+01 +2.5395e+00 +7.8570e-02 +1.2959e+00 +2.1693e+00 -1.6313e-01
420 0 +5.127796213e+01 -6.813203787e+01 -6.813203787e+01 +2.9890e+00 -4.3230e-01 +2.1601e+00 +2.6163e+00 -4.0486e-01
% f evaluations | g evaluations | best noise-free fitness - Fopt (1.077000000000e+01) + sum g_i+ | measured fitness | best measured fitness or single-digit g-values | x1 | x2...
1 0 +6.658303204e+00 +1.742830320e+01 +1.742830320e+01 +0.0000e+00 +0.0000e+00 +0.0000e+00 +0.0000e+00 +0.0000e+00
2 0 +6.453144126e+00 +1.722314413e+01 +1.722314413e+01 +4.3379e-01 +3.0692e-02 +9.8026e-02 +3.4094e-01 +2.4727e-01
4 0 +2.639665253e+00 +1.340966525e+01 +1.340966525e+01 +2.4817e-01 +6.3376e-02 -2.2359e-01 +8.0318e-02 +2.1275e-01
5 0 +2.507261720e+00 +1.327726172e+01 +1.327726172e+01 +5.3256e-02 -2.3477e-01 +7.8699e-02 +1.0710e-01 +2.4729e-01
99 0 +2.278251980e+00 +1.304825198e+01 +1.304825198e+01 +2.7894e-01 -2.7320e-01 -3.1824e-01 +2.1722e-01 +1.8420e-01
101 0 +2.051785784e+00 +1.282178578e+01 +1.282178578e+01 +3.9763e-01 -3.2875e-01 -3.6357e-01 +3.5741e-01 +1.8552e-01
142 0 +2.009535174e+00 +1.277953517e+01 +1.277953517e+01 +5.4865e-01 -4.5987e-01 -3.6586e-01 +4.9424e-01 +2.8801e-01
153 0 +1.994831060e+00 +1.276483106e+01 +1.276483106e+01 +3.5337e-01 -4.0118e-01 -3.9327e-01 +4.5144e-01 +3.4244e-01
191 0 +1.652010680e+00 +1.242201068e+01 +1.242201068e+01 +4.4111e-01 -4.2477e-01 -1.7471e-01 +6.1075e-01 +2.6988e-01
204 0 +9.491450479e-01 +1.171914505e+01 +1.171914505e+01 +6.1913e-01 -5.3453e-01 -2.1123e-01 +9.1234e-01 +3.1923e-01
211 0 +8.044789308e-01 +1.157447893e+01 +1.157447893e+01 +5.2934e-01 -4.8000e-01 -3.0362e-02 +1.0064e+00 +2.9339e-01
215 0 +6.591597068e-01 +1.142915971e+01 +1.142915971e+01 +5.9134e-01 -3.5589e-01 -5.1750e-02 +9.3857e-01 +2.0464e-01
218 0 +6.124135525e-01 +1.138241355e+01 +1.138241355e+01 +5.5941e-01 -4.4973e-01 -3.9093e-03 +1.0157e+00 +2.0487e-01
220 0 +4.998195392e-01 +1.126981954e+01 +1.126981954e+01 +7.0606e-01 -4.6757e-01 +6.3357e-05 +1.1766e+00 +2.1004e-01
264 0 +4.719320739e-01 +1.124193207e+01 +1.124193207e+01 +7.8948e-01 -5.8763e-01 +1.2776e-01 +1.3659e+00 +1.9904e-01
272 0 +4.395475869e-01 +1.120954759e+01 +1.120954759e+01 +7.4622e-01 -5.5905e-01 +1.3946e-01 +1.3313e+00 +1.6222e-01
282 0 +4.184424808e-01 +1.118844248e+01 +1.118844248e+01 +7.7597e-01 -5.8473e-01 +8.2290e-02 +1.3351e+00 +1.2950e-01
286 0 +3.843869344e-01 +1.115438693e+01 +1.115438693e+01 +8.5672e-01 -6.2656e-01 +7.5110e-02 +1.4038e+00 +1.6016e-01
288 0 +3.035392524e-01 +1.107353925e+01 +1.107353925e+01 +8.3458e-01 -6.8673e-01 +1.8561e-01 +1.4958e+00 +1.2351e-01
292 0 +2.434394215e-01 +1.101343942e+01 +1.101343942e+01 +9.8025e-01 -7.4692e-01 +2.1729e-01 +1.7176e+00 +1.6646e-01
297 0 +2.281553651e-01 +1.099815537e+01 +1.099815537e+01 +8.9756e-01 -7.1308e-01 +3.0268e-01 +1.6418e+00 +1.0400e-01
308 0 +1.780641076e-01 +1.094806411e+01 +1.094806411e+01 +8.7793e-01 -6.3566e-01 +3.7424e-01 +1.7746e+00 +7.9430e-02
317 0 +1.341494018e-01 +1.090414940e+01 +1.090414940e+01 +9.3133e-01 -6.4783e-01 +3.1992e-01 +1.8479e+00 +1.1079e-01
333 0 +1.266439668e-01 +1.089664397e+01 +1.089664397e+01 +1.0376e+00 -6.0413e-01 +5.5490e-01 +2.0039e+00 +1.9847e-02
376 0 +1.120279772e-01 +1.088202798e+01 +1.088202798e+01 +1.1186e+00 -5.4279e-01 +6.1071e-01 +2.1030e+00 -3.5515e-02
390 0 +9.844663055e-02 +1.086844663e+01 +1.086844663e+01 +1.0614e+00 -5.4976e-01 +6.2482e-01 +2.1152e+00 -6.1430e-02
394 0 +9.620654753e-02 +1.086620655e+01 +1.086620655e+01 +1.3081e+00 -4.9728e-01 +7.5611e-01 +2.4168e+00 -1.4327e-01
402 0 +9.084555753e-02 +1.086084556e+01 +1.086084556e+01 +1.0957e+00 -4.6396e-01 +4.6568e-01 +2.0189e+00 +7.6943e-03
404 0 +8.432171559e-02 +1.085432172e+01 +1.085432172e+01 +1.3077e+00 -4.9617e-01 +6.5704e-01 +2.4546e+00 -4.8969e-02
409 0 +5.248865321e-02 +1.082248865e+01 +1.082248865e+01 +1.1858e+00 -5.0477e-01 +6.2311e-01 +2.2754e+00 -5.2354e-02
415 0 +3.521185210e-02 +1.080521185e+01 +1.080521185e+01 +1.2687e+00 -3.7873e-01 +6.9388e-01 +2.6438e+00 -6.6895e-02
417 0 +3.044271606e-02 +1.080044272e+01 +1.080044272e+01 +1.2303e+00 -4.4540e-01 +6.6966e-01 +2.4058e+00 -9.3235e-02
423 0 +2.092304299e-02 +1.079092304e+01 +1.079092304e+01 +1.3097e+00 -4.3061e-01 +7.2868e-01 +2.6530e+00 -1.2292e-01
433 0 +2.026740278e-02 +1.079026740e+01 +1.079026740e+01 +1.3467e+00 -4.1074e-01 +7.4489e-01 +2.7523e+00 -1.2052e-01
438 0 +1.286335248e-02 +1.078286335e+01 +1.078286335e+01 +1.5846e+00 -3.8537e-01 +6.2815e-01 +3.0789e+00 -1.5152e-01
481 0 +1.218113943e-02 +1.078218114e+01 +1.078218114e+01 +1.4236e+00 -3.6782e-01 +6.7745e-01 +2.7417e+00 -1.6273e-01
489 0 +1.070360372e-02 +1.078070360e+01 +1.078070360e+01 +1.4780e+00 -3.4095e-01 +6.7244e-01 +2.8414e+00 -1.7056e-01
497 0 +1.001064237e-02 +1.078001064e+01 +1.078001064e+01 +1.4590e+00 -3.2953e-01 +6.4197e-01 +2.8166e+00 -1.4722e-01
503 0 +9.381690183e-03 +1.077938169e+01 +1.077938169e+01 +1.4781e+00 -3.3939e-01 +6.1290e-01 +2.8492e+00 -1.3477e-01
553 0 +9.196935289e-03 +1.077919694e+01 +1.077919694e+01 +1.4624e+00 -3.2535e-01 +5.9414e-01 +2.8066e+00 -1.3291e-01
601 0 +8.982837120e-03 +1.077898284e+01 +1.077898284e+01 +1.4340e+00 -3.2455e-01 +5.7625e-01 +2.7294e+00 -1.3352e-01
618 0 +8.590894148e-03 +1.077859089e+01 +1.077859089e+01 +1.4239e+00 -3.3954e-01 +5.5492e-01 +2.7090e+00 -1.2448e-01
624 0 +8.490212820e-03 +1.077849021e+01 +1.077849021e+01 +1.4203e+00 -3.4554e-01 +5.5570e-01 +2.7027e+00 -1.2138e-01
648 0 +8.149392943e-03 +1.077814939e+01 +1.077814939e+01 +1.4492e+00 -3.5777e-01 +5.6989e-01 +2.7324e+00 -1.3270e-01
650 0 +8.021125685e-03 +1.077802113e+01 +1.077802113e+01 +1.4413e+00 -3.6048e-01 +5.6834e-01 +2.7247e+00 -1.3233e-01
653 0 +7.591331015e-03 +1.077759133e+01 +1.077759133e+01 +1.4496e+00 -3.6160e-01 +5.6450e-01 +2.7682e+00 -1.2627e-01
665 0 +7.371655902e-03 +1.077737166e+01 +1.077737166e+01 +1.4511e+00 -3.6732e-01 +5.6125e-01 +2.7449e+00 -1.2919e-01
666 0 +7.064053560e-03 +1.077706405e+01 +1.077706405e+01 +1.4687e+00 -3.6851e-01 +5.6741e-01 +2.7904e+00 -1.3124e-01
681 0 +6.824332781e-03 +1.077682433e+01 +1.077682433e+01 +1.4679e+00 -3.8670e-01 +5.7302e-01 +2.7920e+00 -1.2988e-01
696 0 +6.477456214e-03 +1.077647746e+01 +1.077647746e+01 +1.5029e+00 -4.0536e-01 +5.5381e-01 +2.8203e+00 -1.2594e-01
736 0 +5.935524061e-03 +1.077593552e+01 +1.077593552e+01 +1.4878e+00 -3.9795e-01 +5.3859e-01 +2.8050e+00 -1.1566e-01
754 0 +5.867602392e-03 +1.077586760e+01 +1.077586760e+01 +1.5206e+00 -4.1867e-01 +5.5698e-01 +2.8683e+00 -1.2737e-01
762 0 +5.448040930e-03 +1.077544804e+01 +1.077544804e+01 +1.4824e+00 -4.2620e-01 +5.2104e-01 +2.7766e+00 -1.1516e-01
775 0 +5.076417740e-03 +1.077507642e+01 +1.077507642e+01 +1.4877e+00 -4.3109e-01 +5.2274e-01 +2.8028e+00 -1.1265e-01
828 0 +4.960092949e-03 +1.077496009e+01 +1.077496009e+01 +1.5468e+00 -4.4354e-01 +5.0684e-01 +2.8911e+00 -1.1930e-01
833 0 +4.874500835e-03 +1.077487450e+01 +1.077487450e+01 +1.5283e+00 -4.4140e-01 +5.0795e-01 +2.8560e+00 -1.1465e-01
834 0 +4.524164202e-03 +1.077452416e+01 +1.077452416e+01 +1.5369e+00 -4.5327e-01 +4.9092e-01 +2.8695e+00 -1.0918e-01
840 0 +4.201925967e-03 +1.077420193e+01 +1.077420193e+01 +1.5381e+00 -4.7536e-01 +4.7035e-01 +2.8658e+00 -1.0411e-01
853 0 +4.080437985e-03 +1.077408044e+01 +1.077408044e+01 +1.5489e+00 -4.8393e-01 +4.6388e-01 +2.8873e+00 -1.0053e-01
858 0 +3.985912554e-03 +1.077398591e+01 +1.077398591e+01 +1.5318e+00 -4.8559e-01 +4.6012e-01 +2.8507e+00 -9.3638e-02
867 0 +3.702676906e-03 +1.077370268e+01 +1.077370268e+01 +1.5352e+00 -5.2453e-01 +3.8060e-01 +2.8293e+00 -7.1113e-02
890 0 +3.363585310e-03 +1.077336359e+01 +1.077336359e+01 +1.5792e+00 -6.6183e-01 +2.6331e-01 +2.8460e+00 -2.9987e-02
898 0 +3.265128621e-03 +1.077326513e+01 +1.077326513e+01 +1.5533e+00 -6.4125e-01 +2.9257e-01 +2.8202e+00 -2.9673e-02
905 0 +3.169713693e-03 +1.077316971e+01 +1.077316971e+01 +1.5734e+00 -6.5669e-01 +2.4898e-01 +2.8475e+00 -2.2671e-02
908 0 +1.941058738e-03 +1.077194106e+01 +1.077194106e+01 +1.6530e+00 -8.0870e-01 +1.1422e-01 +2.9747e+00 +2.8745e-02
910 0 +1.056853164e-03 +1.077105685e+01 +1.077105685e+01 +1.6351e+00 -8.6217e-01 +5.2950e-02 +2.8981e+00 +5.6389e-02
927 0 +1.006049067e-03 +1.077100605e+01 +1.077100605e+01 +1.6548e+00 -9.0594e-01 +2.7870e-03 +2.9187e+00 +7.3518e-02
931 0 +9.002471809e-04 +1.077090025e+01 +1.077090025e+01 +1.6851e+00 -1.0217e+00 -6.3696e-02 +2.9842e+00 +1.1064e-01
939 0 +5.685293629e-04 +1.077056853e+01 +1.077056853e+01 +1.6892e+00 -1.1182e+00 -6.8535e-02 +2.9601e+00 +1.3018e-01
955 0 +4.419487653e-04 +1.077044195e+01 +1.077044195e+01 +1.7550e+00 -1.1390e+00 -1.6460e-01 +3.0601e+00 +1.5385e-01
965 0 +3.985381624e-04 +1.077039854e+01 +1.077039854e+01 +1.7997e+00 -1.3092e+00 -2.2521e-01 +3.1326e+00 +1.9376e-01
977 0 +3.659592698e-04 +1.077036596e+01 +1.077036596e+01 +1.7265e+00 -1.1846e+00 -1.2450e-01 +3.0334e+00 +1.5478e-01
985 0 +3.485565774e-04 +1.077034856e+01 +1.077034856e+01 +1.7741e+00 -1.4027e+00 -3.5402e-01 +3.0472e+00 +2.4605e-01
1000 0 +2.809052678e-04 +1.077028091e+01 +1.077028091e+01 +1.7720e+00 -1.3790e+00 -2.8781e-01 +3.0851e+00 +2.3140e-01
1001 0 +2.631622858e-04 +1.077026316e+01 +1.077026316e+01 +1.7583e+00 -1.3303e+00 -2.8014e-01 +3.0349e+00 +2.1699e-01
1006 0 +2.292449741e-04 +1.077022924e+01 +1.077022924e+01 +1.7644e+00 -1.3218e+00 -2.6372e-01 +3.0316e+00 +2.1246e-01
1023 0 +2.087471169e-04 +1.077020875e+01 +1.077020875e+01 +1.7708e+00 -1.3187e+00 -2.2305e-01 +3.1120e+00 +2.1140e-01
1029 0 +1.893123355e-04 +1.077018931e+01 +1.077018931e+01 +1.7161e+00 -1.2380e+00 -1.6480e-01 +3.0155e+00 +1.8611e-01
1035 0 +1.645348813e-04 +1.077016453e+01 +1.077016453e+01 +1.7499e+00 -1.2790e+00 -1.9564e-01 +3.0849e+00 +2.0268e-01
1051 0 +1.264351625e-04 +1.077012644e+01 +1.077012644e+01 +1.7282e+00 -1.3533e+00 -3.0575e-01 +2.9935e+00 +2.4293e-01
1059 0 +1.018227045e-04 +1.077010182e+01 +1.077010182e+01 +1.7223e+00 -1.2948e+00 -2.7098e-01 +2.9855e+00 +2.2424e-01
1083 0 +7.954181495e-05 +1.077007954e+01 +1.077007954e+01 +1.7158e+00 -1.2451e+00 -1.8764e-01 +3.0175e+00 +2.0305e-01
1096 0 +3.537156812e-05 +1.077003537e+01 +1.077003537e+01 +1.7098e+00 -1.2989e+00 -2.7920e-01 +2.9714e+00 +2.3834e-01
1106 0 +3.301864239e-05 +1.077003302e+01 +1.077003302e+01 +1.7513e+00 -1.3348e+00 -2.5815e-01 +3.0642e+00 +2.3734e-01
1130 0 +2.999529028e-05 +1.077003000e+01 +1.077003000e+01 +1.7088e+00 -1.3773e+00 -3.6755e-01 +2.9572e+00 +2.8242e-01
1137 0 +2.732970820e-05 +1.077002733e+01 +1.077002733e+01 +1.7127e+00 -1.3106e+00 -2.9448e-01 +2.9988e+00 +2.5573e-01
1138 0 +2.389949844e-05 +1.077002390e+01 +1.077002390e+01 +1.7309e+00 -1.3502e+00 -3.1609e-01 +3.0250e+00 +2.6576e-01
1139 0 +1.773368975e-05 +1.077001773e+01 +1.077001773e+01 +1.7435e+00 -1.3786e+00 -3.3315e-01 +3.0366e+00 +2.7144e-01
1153 0 +1.574175869e-05 +1.077001574e+01 +1.077001574e+01 +1.7456e+00 -1.3708e+00 -3.5019e-01 +3.0315e+00 +2.7393e-01
1173 0 +1.115814231e-05 +1.077001116e+01 +1.077001116e+01 +1.7283e+00 -1.3457e+00 -3.3392e-01 +3.0073e+00 +2.7060e-01
1197 0 +8.943751888e-06 +1.077000894e+01 +1.077000894e+01 +1.7249e+00 -1.3795e+00 -3.4552e-01 +2.9977e+00 +2.7976e-01
1203 0 +7.386934744e-06 +1.077000739e+01 +1.077000739e+01 +1.7395e+00 -1.3949e+00 -3.5051e-01 +3.0161e+00 +2.7906e-01
1226 0 +6.159942867e-06 +1.077000616e+01 +1.077000616e+01 +1.7409e+00 -1.3820e+00 -3.4972e-01 +3.0236e+00 +2.8048e-01
1253 0 +5.460163880e-06 +1.077000546e+01 +1.077000546e+01 +1.7366e+00 -1.3826e+00 -3.3617e-01 +3.0195e+00 +2.7840e-01
1262 0 +5.339078566e-06 +1.077000534e+01 +1.077000534e+01 +1.7380e+00 -1.3854e+00 -3.4013e-01 +3.0274e+00 +2.8307e-01
1268 0 +3.317404554e-06 +1.077000332e+01 +1.077000332e+01 +1.7454e+00 -1.4022e+00 -3.5888e-01 +3.0359e+00 +2.9100e-01
1269 0 +2.824124872e-06 +1.077000282e+01 +1.077000282e+01 +1.7496e+00 -1.4056e+00 -3.5513e-01 +3.0329e+00 +2.8464e-01
1275 0 +2.019676275e-06 +1.077000202e+01 +1.077000202e+01 +1.7443e+00 -1.3910e+00 -3.5194e-01 +3.0304e+00 +2.8586e-01
1284 0 +1.301447297e-06 +1.077000130e+01 +1.077000130e+01 +1.7499e+00 -1.4273e+00 -3.7802e-01 +3.0267e+00 +2.9733e-01
1287 0 +9.212345358e-07 +1.077000092e+01 +1.077000092e+01 +1.7518e+00 -1.4086e+00 -3.7015e-01 +3.0337e+00 +2.9298e-01
1288 0 +8.969728142e-07 +1.077000090e+01 +1.077000090e+01 +1.7712e+00 -1.4475e+00 -3.9703e-01 +3.0671e+00 +3.0776e-01
1289 0 +7.359710175e-07 +1.077000074e+01 +1.077000074e+01 +1.7576e+00 -1.4278e+00 -3.8174e-01 +3.0425e+00 +2.9936e-01
1291 0 +2.980009910e-07 +1.077000030e+01 +1.077000030e+01 +1.7865e+00 -1.4931e+00 -4.5977e-01 +3.0685e+00 +3.2959e-01
1297 0 +2.711205571e-07 +1.077000027e+01 +1.077000027e+01 +1.7663e+00 -1.4501e+00 -4.0889e-01 +3.0506e+00 +3.1160e-01
1301 0 +1.389081241e-07 +1.077000014e+01 +1.077000014e+01 +1.7666e+00 -1.4984e+00 -4.5213e-01 +3.0305e+00 +3.3004e-01
1303 0 +6.259430840e-08 +1.077000006e+01 +1.077000006e+01 +1.7687e+00 -1.4864e+00 -4.6305e-01 +3.0371e+00 +3.3629e-01
1304 0 +4.574555490e-08 +1.077000005e+01 +1.077000005e+01 +1.7840e+00 -1.4885e+00 -4.5205e-01 +3.0643e+00 +3.3129e-01
1305 0 +3.824919048e-09 +1.077000000e+01 +1.077000000e+01 +1.7731e+00 -1.4911e+00 -4.5574e-01 +3.0440e+00 +3.3254e-01
1761 0 +0.000000000e+00 +1.077000000e+01 +1.077000000e+01 +1.7741e+00 -1.4937e+00 -4.5795e-01 +3.0407e+00 +3.3325e-01
% f evaluations | g evaluations | best noise-free fitness - Fopt (2.137000000000e+01) + sum g_i+ | measured fitness | best measured fitness or single-digit g-values | x1 | x2...
1 0 +7.510828647e+01 +9.647828647e+01 +9.647828647e+01 +0.0000e+00 +0.0000e+00 +0.0000e+00 +0.0000e+00 +0.0000e+00
2 0 +7.091966229e+01 +9.228966229e+01 +9.228966229e+01 +4.3379e-01 +3.0692e-02 +9.8026e-02 +3.4094e-01 +2.4727e-01
10 0 +7.031233419e+01 +9.168233419e+01 +9.168233419e+01 +9.2935e-01 +1.9294e-01 +2.6598e-02 +3.9323e-01 +3.8690e-01
34 0 +6.889273911e+01 +9.026273911e+01 +9.026273911e+01 +1.0573e+00 +8.5671e-01 -3.2780e-01 +9.0158e-01 +2.0406e-01
42 0 +6.290731878e+01 +8.427731878e+01 +8.427731878e+01 +8.4845e-01 +1.4721e+00 -3.6395e-01 +6.6588e-01 +4.8478e-01
52 0 +5.583293025e+01 +7.720293025e+01 +7.720293025e+01 +1.5647e+00 +1.5422e+00 -7.3570e-01 +6.1773e-01 +7.3134e-01
58 0 +5.353826451e+01 +7.490826451e+01 +7.490826451e+01 +5.5298e-01 +1.8877e+00 -1.1550e+00 -2.5601e-03 +7.6107e-01
65 0 +5.085187220e+01 +7.222187220e+01 +7.222187220e+01 +1.4137e+00 +1.4326e+00 -1.1373e+00 +5.1660e-01 +1.0389e+00
68 0 +5.218822641e+00 +2.658882264e+01 +2.658882264e+01 +3.1767e+00 +2.3254e+00 -1.8311e+00 +5.3484e-01 +1.8480e+00
75 0 +1.867714223e+00 +2.323771422e+01 +2.323771422e+01 +2.7921e+00 +2.1862e+00 -2.8202e+00 +3.2583e-01 +1.1306e+00
239 0 +8.753915355e-01 +2.224539154e+01 +2.224539154e+01 +2.8478e+00 +2.0568e+00 -2.2984e+00 +9.1503e-02 +1.1527e+00
245 0 +8.593061019e-01 +2.222930610e+01 +2.222930610e+01 +2.9405e+00 +2.1671e+00 -2.3205e+00 +9.3556e-02 +1.2703e+00
261 0 +3.614401723e-01 +2.173144017e+01 +2.173144017e+01 +2.9026e+00 +2.7664e+00 -2.4012e+00 +1.1868e-01 +1.4712e+00
263 0 +2.822334719e-01 +2.165223347e+01 +2.165223347e+01 +2.9439e+00 +2.8402e+00 -2.8757e+00 +1.3355e-01 +1.4034e+00
278 0 +1.474404616e-01 +2.151744046e+01 +2.151744046e+01 +2.9320e+00 +2.9449e+00 -2.7704e+00 -2.8923e-02 +1.5058e+00
305 0 +5.719748471e-02 +2.142719748e+01 +2.142719748e+01 +2.8467e+00 +2.6300e+00 -2.5789e+00 +4.5760e-03 +1.5000e+00
310 0 +3.225843673e-02 +2.140225844e+01 +2.140225844e+01 +2.8650e+00 +2.6522e+00 -2.3633e+00 +3.5778e-02 +1.6566e+00
327 0 +2.425157669e-02 +2.139425158e+01 +2.139425158e+01 +2.8021e+00 +2.4321e+00 -2.3873e+00 -5.1872e-02 +1.5482e+00
375 0 +2.262738527e-02 +2.139262739e+01 +2.139262739e+01 +2.7985e+00 +2.4857e+00 -2.4333e+00 -2.9820e-02 +1.6372e+00
377 0 +2.049203843e-02 +2.139049204e+01 +2.139049204e+01 +2.8411e+00 +2.6719e+00 -2.4597e+00 -9.2313e-03 +1.7013e+00
392 0 +1.475516271e-02 +2.138475516e+01 +2.138475516e+01 +2.8582e+00 +2.6275e+00 -2.3700e+00 -4.4840e-03 +1.7911e+00
400 0 +1.430597638e-02 +2.138430598e+01 +2.138430598e+01 +2.7917e+00 +2.3794e+00 -2.3274e+00 -5.1692e-02 +1.6464e+00
405 0 +1.322773869e-02 +2.138322774e+01 +2.138322774e+01 +2.8412e+00 +2.5118e+00 -2.3773e+00 -9.9839e-03 +1.7308e+00
416 0 +1.156033327e-02 +2.138156033e+01 +2.138156033e+01 +2.8504e+00 +2.5075e+00 -2.3033e+00 -2.8479e-02 +1.7794e+00
419 0 +1.147815250e-02 +2.138147815e+01 +2.138147815e+01 +2.8484e+00 +2.5427e+00 -2.2955e+00 -3.9478e-03 +1.7881e+00
425 0 +1.113410004e-02 +2.138113410e+01 +2.138113410e+01 +2.8275e+00 +2.4499e+00 -2.3383e+00 -1.8945e-02 +1.7131e+00
427 0 +7.992656477e-03 +2.137799266e+01 +2.137799266e+01 +2.8454e+00 +2.3594e+00 -2.2487e+00 -2.9842e-03 +1.7515e+00
443 0 +6.568184562e-03 +2.137656818e+01 +2.137656818e+01 +2.8211e+00 +2.3782e+00 -2.2139e+00 -7.9063e-03 +1.7467e+00
449 0 +5.899916550e-03 +2.137589992e+01 +2.137589992e+01 +2.8235e+00 +2.4122e+00 -2.2409e+00 -2.3902e-02 +1.7642e+00
455 0 +5.462368351e-03 +2.137546237e+01 +2.137546237e+01 +2.8236e+00 +2.4009e+00 -2.2306e+00 -2.3760e-02 +1.7740e+00
461 0 +5.230529985e-03 +2.137523053e+01 +2.137523053e+01 +2.8309e+00 +2.3163e+00 -2.1870e+00 -3.1621e-02 +1.7196e+00
465 0 +5.025117636e-03 +2.137502512e+01 +2.137502512e+01 +2.8365e+00 +2.3695e+00 -2.2108e+00 -1.7419e-02 +1.7616e+00
470 0 +4.242067869e-03 +2.137424207e+01 +2.137424207e+01 +2.8264e+00 +2.3424e+00 -2.1447e+00 -2.4109e-02 +1.7697e+00
473 0 +4.165108587e-03 +2.137416511e+01 +2.137416511e+01 +2.8228e+00 +2.3546e+00 -2.1772e+00 -2.9418e-02 +1.7694e+00
476 0 +3.901778267e-03 +2.137390178e+01 +2.137390178e+01 +2.7948e+00 +2.1588e+00 -2.0858e+00 -8.7078e-02 +1.7470e+00
481 0 +3.760500797e-03 +2.137376050e+01 +2.137376050e+01 +2.8016e+00 +2.2254e+00 -2.1255e+00 -7.2656e-02 +1.7459e+00
497 0 +3.711611988e-03 +2.137371161e+01 +2.137371161e+01 +2.8095e+00 +2.2334e+00 -2.1196e+00 -4.8052e-02 +1.7675e+00
720 0 +3.629477931e-03 +2.137362948e+01 +2.137362948e+01 +2.8034e+00 +2.2026e+00 -2.0653e+00 -6.1358e-02 +1.7769e+00
832 0 +3.499818823e-03 +2.137349982e+01 +2.137349982e+01 +2.7974e+00 +2.2303e+00 -2.0366e+00 -9.7327e-02 +1.7661e+00
837 0 +3.441238034e-03 +2.137344124e+01 +2.137344124e+01 +2.7887e+00 +2.1943e+00 -2.0169e+00 -1.1162e-01 +1.7538e+00
842 0 +3.338455474e-03 +2.137333846e+01 +2.137333846e+01 +2.7758e+00 +2.1629e+00 -1.9788e+00 -1.4016e-01 +1.7379e+00
868 0 +3.291736819e-03 +2.137329174e+01 +2.137329174e+01 +2.7740e+00 +2.1693e+00 -1.9838e+00 -1.5784e-01 +1.7264e+00
869 0 +2.998995747e-03 +2.137299900e+01 +2.137299900e+01 +2.7702e+00 +2.1740e+00 -1.9311e+00 -1.7195e-01 +1.7197e+00
878 0 +2.716758782e-03 +2.137271676e+01 +2.137271676e+01 +2.7707e+00 +2.1813e+00 -1.9409e+00 -1.8272e-01 +1.7231e+00
906 0 +2.641576932e-03 +2.137264158e+01 +2.137264158e+01 +2.7617e+00 +2.1840e+00 -1.9180e+00 -2.0523e-01 +1.7052e+00
907 0 +2.436503720e-03 +2.137243650e+01 +2.137243650e+01 +2.7639e+00 +2.1897e+00 -1.9184e+00 -2.0690e-01 +1.7118e+00
913 0 +2.329203565e-03 +2.137232920e+01 +2.137232920e+01 +2.7662e+00 +2.1955e+00 -1.9179e+00 -2.0668e-01 +1.7199e+00
921 0 +2.288329646e-03 +2.137228833e+01 +2.137228833e+01 +2.7546e+00 +2.1764e+00 -1.8854e+00 -2.3669e-01 +1.7009e+00
922 0 +1.723311126e-03 +2.137172331e+01 +2.137172331e+01 +2.7543e+00 +2.1868e+00 -1.8608e+00 -2.5902e-01 +1.6908e+00
923 0 +1.696197485e-03 +2.137169620e+01 +2.137169620e+01 +2.7717e+00 +2.2151e+00 -1.8845e+00 -2.2703e-01 +1.7012e+00
936 0 +1.362178348e-03 +2.137136218e+01 +2.137136218e+01 +2.7559e+00 +2.2100e+00 -1.8303e+00 -2.7529e-01 +1.6874e+00
941 0 +1.040808374e-03 +2.137104081e+01 +2.137104081e+01 +2.7326e+00 +2.1858e+00 -1.7502e+00 -3.8128e-01 +1.6230e+00
956 0 +9.078907321e-04 +2.137090789e+01 +2.137090789e+01 +2.7351e+00 +2.3104e+00 -1.7527e+00 -4.1676e-01 +1.5783e+00
983 0 +6.249409583e-04 +2.137062494e+01 +2.137062494e+01 +2.7027e+00 +2.3200e+00 -1.4245e+00 -6.8310e-01 +1.4770e+00
996 0 +5.053491224e-04 +2.137050535e+01 +2.137050535e+01 +2.7478e+00 +2.3901e+00 -1.7066e+00 -4.6132e-01 +1.5814e+00
997 0 +4.708841408e-04 +2.137047088e+01 +2.137047088e+01 +2.7180e+00 +2.3140e+00 -1.5640e+00 -5.7439e-01 +1.5174e+00
1001 0 +4.572875227e-04 +2.137045729e+01 +2.137045729e+01 +2.7316e+00 +2.3353e+00 -1.6435e+00 -5.1118e-01 +1.5467e+00
1004 0 +2.519479057e-04 +2.137025195e+01 +2.137025195e+01 +2.7072e+00 +2.3996e+00 -1.5075e+00 -6.7510e-01 +1.4541e+00
1029 0 +1.730980646e-04 +2.137017310e+01 +2.137017310e+01 +2.7119e+00 +2.4420e+00 -1.5634e+00 -6.4988e-01 +1.4757e+00
1038 0 +1.306629002e-04 +2.137013066e+01 +2.137013066e+01 +2.7092e+00 +2.4708e+00 -1.5267e+00 -7.0699e-01 +1.4309e+00
1047 0 +8.012596671e-05 +2.137008013e+01 +2.137008013e+01 +2.7208e+00 +2.5862e+00 -1.5048e+00 -7.6893e-01 +1.4029e+00
1053 0 +7.910235537e-05 +2.137007910e+01 +2.137007910e+01 +2.7181e+00 +2.5493e+00 -1.5160e+00 -7.6202e-01 +1.4056e+00
1059 0 +6.737691609e-05 +2.137006738e+01 +2.137006738e+01 +2.7133e+00 +2.5135e+00 -1.4973e+00 -7.4844e-01 +1.4215e+00
1063 0 +4.569705108e-05 +2.137004570e+01 +2.137004570e+01 +2.6889e+00 +2.5753e+00 -1.3531e+00 -9.0919e-01 +1.3387e+00
1071 0 +2.679055741e-05 +2.137002679e+01 +2.137002679e+01 +2.6916e+00 +2.5800e+00 -1.3919e+00 -8.8492e-01 +1.3505e+00
1075 0 +1.477502758e-05 +2.137001478e+01 +2.137001478e+01 +2.7035e+00 +2.5961e+00 -1.4821e+00 -8.0682e-01 +1.4051e+00
1081 0 +1.191238848e-05 +2.137001191e+01 +2.137001191e+01 +2.6938e+00 +2.5833e+00 -1.4190e+00 -8.7255e-01 +1.3614e+00
1084 0 +7.249015894e-06 +2.137000725e+01 +2.137000725e+01 +2.6895e+00 +2.5865e+00 -1.4016e+00 -8.8442e-01 +1.3624e+00
1085 0 +6.960832465e-06 +2.137000696e+01 +2.137000696e+01 +2.6780e+00 +2.6184e+00 -1.3518e+00 -9.6542e-01 +1.3150e+00
1096 0 +2.161757735e-06 +2.137000216e+01 +2.137000216e+01 +2.6844e+00 +2.6094e+00 -1.3727e+00 -9.3592e-01 +1.3449e+00
1138 0 +1.100485719e-06 +2.137000110e+01 +2.137000110e+01 +2.6875e+00 +2.7114e+00 -1.3940e+00 -9.6334e-01 +1.3320e+00
1139 0 +4.164282963e-07 +2.137000042e+01 +2.137000042e+01 +2.6860e+00 +2.6736e+00 -1.3854e+00 -9.5285e-01 +1.3378e+00
1191 0 +2.110649504e-07 +2.137000021e+01 +2.137000021e+01 +2.6801e+00 +2.7123e+00 -1.3339e+00 -1.0171e+00 +1.3058e+00
1209 0 +2.065833762e-07 +2.137000021e+01 +2.137000021e+01 +2.6761e+00 +2.7183e+00 -1.3178e+00 -1.0323e+00 +1.3023e+00
1217 0 +1.842956756e-07 +2.137000018e+01 +2.137000018e+01 +2.6784e+00 +2.7213e+00 -1.3218e+00 -1.0266e+00 +1.3050e+00
1225 0 +1.777658980e-07 +2.137000018e+01 +2.137000018e+01 +2.6790e+00 +2.7020e+00 -1.3338e+00 -1.0061e+00 +1.3161e+00
1226 0 +4.690522459e-08 +2.137000005e+01 +2.137000005e+01 +2.6775e+00 +2.6948e+00 -1.3149e+00 -1.0197e+00 +1.3123e+00
1255 0 +4.627138139e-08 +2.137000005e+01 +2.137000005e+01 +2.6821e+00 +2.7138e+00 -1.3442e+00 -1.0045e+00 +1.3209e+00
1257 0 +3.999260656e-08 +2.137000004e+01 +2.137000004e+01 +2.6822e+00 +2.7013e+00 -1.3419e+00 -9.9741e-01 +1.3227e+00
1262 0 +3.467040344e-08 +2.137000003e+01 +2.137000003e+01 +2.6793e+00 +2.7081e+00 -1.3206e+00 -1.0192e+00 +1.3130e+00
1265 0 +1.767288182e-08 +2.137000002e+01 +2.137000002e+01 +2.6818e+00 +2.6992e+00 -1.3398e+00 -9.9925e-01 +1.3224e+00
1268 0 +1.158126750e-08 +2.137000001e+01 +2.137000001e+01 +2.6808e+00 +2.7075e+00 -1.3248e+00 -1.0141e+00 +1.3174e+00
1286 0 +9.438121396e-09 +2.137000001e+01 +2.137000001e+01 +2.6789e+00 +2.7045e+00 -1.3210e+00 -1.0177e+00 +1.3165e+00
1577 0 +0.000000000e+00 +2.137000000e+01 +2.137000000e+01 +2.6811e+00 +2.6931e+00 -1.3269e+00 -1.0034e+00 +1.3297e+00
% f evaluations | g evaluations | best noise-free fitness - Fopt (1.673000000000e+01) + sum g_i+ | measured fitness | best measured fitness or single-digit g-values | x1 | x2...
1 0 +6.848308311e+01 +8.521308311e+01 +8.521308311e+01 +0.0000e+00 +0.0000e+00 +0.0000e+00 +0.0000e+00 +0.0000e+00
2 0 +6.517268154e+01 +8.190268154e+01 +8.190268154e+01 +4.3379e-01 +3.0692e-02 +9.8026e-02 +3.4094e-01 +2.4727e-01
10 0 +5.769230363e+01 +7.442230363e+01 +7.442230363e+01 +7.6424e-01 +2.9576e-01 +5.5299e-02 +1.6026e-01 +4.0058e-01
15 0 +5.106247545e+01 +6.779247545e+01 +6.779247545e+01 +7.2046e-01 +2.8684e-01 +1.8484e-01 -5.0498e-01 +6.3529e-01
20 0 +4.905053733e+01 +6.578053733e+01 +6.578053733e+01 +9.6387e-01 -1.4723e-01 +2.9870e-01 -3.9370e-01 +4.5461e-01
23 0 +4.848606484e+01 +6.521606484e+01 +6.521606484e+01 +1.3047e+00 +8.8635e-02 -1.3072e-02 +8.0278e-03 +3.2700e-01
28 0 +4.174293402e+01 +5.847293402e+01 +5.847293402e+01 +1.8193e+00 -1.1839e-01 +7.7891e-01 -6.3901e-01 +1.0142e+00
29 0 +4.032354920e+01 +5.705354920e+01 +5.705354920e+01 +1.7371e+00 -4.9559e-01 +3.8161e-01 -7.0705e-01 +1.2171e-01
30 0 +3.925721704e+01 +5.598721704e+01 +5.598721704e+01 +1.2206e+00 +2.3666e-01 +6.2530e-01 -4.4928e-01 +8.0816e-01
33 0 +3.780273614e+01 +5.453273614e+01 +5.453273614e+01 +1.5923e+00 -1.2577e-01 +5.9528e-01 -5.9845e-01 +6.4801e-01
34 0 +2.715837738e+01 +4.388837738e+01 +4.388837738e+01 +2.1190e+00 +6.1529e-01 +5.3595e-01 +5.4037e-02 +3.8555e-01
99 0 +2.386326932e+01 +4.059326932e+01 +4.059326932e+01 +2.5906e+00 +7.1285e-01 +5.5827e-01 +3.7414e-01 +5.9328e-02
114 0 +2.216378483e+01 +3.889378483e+01 +3.889378483e+01 +2.6722e+00 +7.5224e-01 +9.4871e-01 +1.2830e-01 +5.2942e-02
121 0 +2.173489977e+01 +3.846489977e+01 +3.846489977e+01 +3.3037e+00 +2.9956e-01 +6.7491e-01 +3.6955e-01 -3.6054e-01
141 0 +2.092931765e+01 +3.765931765e+01 +3.765931765e+01 +3.9425e+00 -1.0046e-01 +1.3587e+00 +8.2467e-01 -1.1759e+00
145 0 +2.049370171e+01 +3.722370171e+01 +3.722370171e+01 +3.6850e+00 +3.3898e-01 +8.9659e-01 +7.9738e-01 -7.1967e-01
191 0 +1.975613632e+01 +3.648613632e+01 +3.648613632e+01 +3.1902e+00 +3.0393e-01 +8.9450e-01 +4.4629e-01 -5.6347e-01
211 0 +1.911081208e+01 +3.584081208e+01 +3.584081208e+01 +3.1585e+00 +4.9595e-01 +1.2527e+00 +4.9711e-01 -3.9367e-01
218 0 +1.898977474e+01 +3.571977474e+01 +3.571977474e+01 +3.1257e+00 +5.0538e-01 +1.2283e+00 +4.6315e-01 -4.5380e-01
265 0 +1.860844174e+01 +3.533844174e+01 +3.533844174e+01 +2.9914e+00 +1.8604e-01 +1.3724e+00 +5.5863e-01 -5.1782e-01
% f evaluations | g evaluations | best noise-free fitness - Fopt (1.000000000000e+03) + sum g_i+ | measured fitness | best measured fitness or single-digit g-values | x1 | x2...
1 0 +6.885104203e+01 +1.068851042e+03 +1.068851042e+03 +0.0000e+00 +0.0000e+00 +0.0000e+00 +0.0000e+00 +0.0000e+00
2 0 +6.611785036e+01 +1.066117850e+03 +1.066117850e+03 +4.3379e-01 +3.0692e-02 +9.8026e-02 +3.4094e-01 +2.4727e-01
10 0 +6.346612088e+01 +1.063466121e+03 +1.063466121e+03 +9.2935e-01 +1.9294e-01 +2.6598e-02 +3.9323e-01 +3.8690e-01
19 0 +6.093224854e+01 +1.060932249e+03 +1.060932249e+03 +4.9522e-01 +2.8279e-01 +2.0488e-02 +7.0401e-01 +3.4789e-02
22 0 +5.733103960e+01 +1.057331040e+03 +1.057331040e+03 +6.2080e-01 +6.2652e-01 -5.6302e-01 +7.8110e-01 +1.8289e-01
30 0 +5.571049077e+01 +1.055710491e+03 +1.055710491e+03 +5.5808e-01 +5.6735e-01 +2.0428e-01 +5.4481e-01 +2.5471e-01
34 0 +3.172646441e+01 +1.031726464e+03 +1.031726464e+03 +1.0669e+00 +1.1547e+00 -5.3642e-03 +1.1131e+00 -1.4275e-01
42 0 +2.342213546e+01 +1.023422135e+03 +1.023422135e+03 +9.7069e-01 +1.9428e+00 -5.1472e-02 +9.8355e-01 +6.9328e-02
43 0 +1.869454711e+01 +1.018694547e+03 +1.018694547e+03 +1.9359e+00 +1.6729e+00 -6.6096e-02 +1.6235e+00 +5.7678e-02
53 0 +1.259500155e+01 +1.012595002e+03 +1.012595002e+03 +2.2935e+00 +2.2480e+00 +1.8520e-01 +1.5669e+00 +1.5367e-01
73 0 +1.204231332e+01 +1.012042313e+03 +1.012042313e+03 +2.0468e+00 +2.5634e+00 -5.0409e-01 +1.8617e+00 +7.7763e-02
81 0 +1.178756678e+01 +1.011787567e+03 +1.011787567e+03 +2.5264e+00 +2.7767e+00 -6.6692e-01 +2.3548e+00 +3.6006e-02
115 0 +1.159763719e+01 +1.011597637e+03 +1.011597637e+03 +2.6955e+00 +2.4576e+00 +2.0319e-01 +2.2130e+00 +2.3676e-01
121 0 +1.073291392e+01 +1.010732914e+03 +1.010732914e+03 +2.8797e+00 +2.4782e+00 +4.2755e-01 +2.2963e+00 +9.8526e-03
146 0 +1.069030266e+01 +1.010690303e+03 +1.010690303e+03 +2.8896e+00 +2.3507e+00 +2.0610e-02 +2.6732e+00 -4.1415e-01
148 0 +9.402770519e+00 +1.009402771e+03 +1.009402771e+03 +2.7523e+00 +2.7202e+00 +3.1480e-01 +2.5309e+00 -2.3219e-01
169 0 +9.219199816e+00 +1.009219200e+03 +1.009219200e+03 +2.7179e+00 +2.6557e+00 +2.1975e-01 +2.3745e+00 -1.4494e-01
173 0 +8.886766883e+00 +1.008886767e+03 +1.008886767e+03 +2.3928e+00 +2.7225e+00 +1.2355e-01 +2.2607e+00 -2.1184e-01
% f evaluations | g evaluations | best noise-free fitness - Fopt (-1.079600000000e+02) + sum g_i+ | measured fitness | best measured fitness or single-digit g-values | x1 | x2...
1 0 +6.147480593e+01 -4.648519407e+01 -4.648519407e+01 +0.0000e+00 +0.0000e+00 +0.0000e+00 +0.0000e+00 +0.0000e+00
2 0 +6.009219284e+01 -4.786780716e+01 -4.786780716e+01 +4.3379e-01 +3.0692e-02 +9.8026e-02 +3.4094e-01 +2.4727e-01
5 0 +5.624600184e+01 -5.171399816e+01 -5.171399816e+01 +5.3256e-02 -2.3477e-01 +7.8699e-02 +1.0710e-01 +2.4729e-01
11 0 +5.251981403e+01 -5.544018597e+01 -5.544018597e+01 +4.3340e-01 -3.9715e-01 +1.5674e-01 +3.3680e-01 +6.3905e-01
19 0 +5.230113628e+01 -5.565886372e+01 -5.565886372e+01 +3.0768e-01 -2.4120e-01 +2.5719e-01 +7.8346e-01 +4.9792e-02
31 0 +4.930384911e+01 -5.865615089e+01 -5.865615089e+01 +4.7867e-01 -1.6936e-01 -1.2772e-01 +7.1296e-01 +8.9323e-01
32 0 +4.220895671e+01 -6.575104329e+01 -6.575104329e+01 +1.3812e-01 -2.0919e-01 -1.0964e-01 +1.0618e+00 +4.5633e-01
61 0 +3.817894332e+01 -6.978105668e+01 -6.978105668e+01 +2.0698e-01 -9.1840e-01 -5.8449e-01 +9.7269e-01 +2.1193e+00
65 0 +3.715405132e+01 -7.080594868e+01 -7.080594868e+01 +2.4172e-01 -8.2739e-01 -6.0655e-01 +1.1745e+00 +1.5854e+00
70 0 +3.542825849e+01 -7.253174151e+01 -7.253174151e+01 +4.2177e-01 -1.3915e+00 -2.3768e-01 +1.8383e+00 +8.4407e-01
78 0 +3.253587060e+01 -7.542412940e+01 -7.542412940e+01 +4.3315e-01 -1.0978e+00 -1.8882e-01 +2.1213e+00 +1.5325e+00
82 0 +2.718618155e+01 -8.077381845e+01 -8.077381845e+01 -8.8513e-02 -1.4103e+00 -1.4803e-01 +1.2772e+00 +9.4862e-01
92 0 +2.526150264e+01 -8.269849736e+01 -8.269849736e+01 -6.7110e-02 -1.3652e+00 +3.5775e-02 +1.9260e+00 +8.9612e-01
103 0 +2.332866360e+01 -8.463133640e+01 -8.463133640e+01 +1.4430e-01 -1.0721e+00 +4.1393e-01 +1.7523e+00 +1.6926e+00
106 0 +2.209631820e+01 -8.586368180e+01 -8.586368180e+01 -3.2947e-01 -1.0956e+00 +3.5416e-01 +1.5090e+00 +7.5377e-01
117 0 +2.158679981e+01 -8.637320019e+01 -8.637320019e+01 -1.3078e-01 -1.6315e+00 +4.7389e-01 +2.0181e+00 +1.3784e+00
121 0 +2.082394336e+01 -8.713605664e+01 -8.713605664e+01 -1.2623e-01 -1.1789e+00 +3.3373e-01 +1.5707e+00 +1.5824e+00
148 0 +1.935017455e+01 -8.860982545e+01 -8.860982545e+01 -3.0438e-01 -1.3840e+00 +7.9464e-01 +1.6239e+00 +1.4440e+00
169 0 +1.854678417e+01 -8.941321583e+01 -8.941321583e+01 -4.5437e-01 -1.0729e+00 +3.7489e-01 +1.8486e+00 +1.9469e+00
173 0 +1.656286162e+01 -9.139713838e+01 -9.139713838e+01 -8.3780e-01 -7.0866e-01 +2.7087e-01 +1.6785e+00 +1.6304e+00
184 0 +1.500536897e+01 -9.295463103e+01 -9.295463103e+01 -1.0149e+00 -8.5823e-01 +2.3862e-01 +1.5220e+00 +1.3810e+00
201 0 +1.436890682e+01 -9.359109318e+01 -9.359109318e+01 -8.5819e-01 -9.3060e-01 +6.3627e-01 +1.7066e+00 +1.3605e+00
210 0 +1.359707118e+01 -9.436292882e+01 -9.436292882e+01 -1.2254e+00 -8.0175e-01 +5.6758e-01 +1.3876e+00 +1.5231e+00
217 0 +1.274050973e+01 -9.521949027e+01 -9.521949027e+01 -1.2734e+00 -1.0610e+00 +8.3659e-01 +1.5311e+00 +1.4446e+00
222 0 +1.178870575e+01 -9.617129425e+01 -9.617129425e+01 -1.8277e+00 -1.0826e+00 +6.7083e-01 +1.4224e+00 +1.3828e+00
233 0 +1.149604264e+01 -9.646395736e+01 -9.646395736e+01 -1.8497e+00 -8.3614e-01 +6.7360e-01 +1.5833e+00 +1.4327e+00
242 0 +1.135268009e+01 -9.660731991e+01 -9.660731991e+01 -1.8217e+00 -1.1300e+00 +7.5131e-01 +1.7667e+00 +1.5788e+00
297 0 +1.119387532e+01 -9.676612468e+01 -9.676612468e+01 -1.6985e+00 -9.8461e-01 +7.1796e-01 +1.8525e+00 +1.3244e+00
% f evaluations | g evaluations | best noise-free fitness - Fopt (-3.025900000000e+02) + sum g_i+ | measured fitness | best measured fitness or single-digit g-values | x1 | x2...
1 0 +4.273386691e+01 -2.598561331e+02 -2.598561331e+02 +0.0000e+00 +0.0000e+00 +0.0000e+00 +0.0000e+00 +0.0000e+00
3 0 +3.367201838e+01 -2.689179816e+02 -2.689179816e+02 +1.7369e-01 -1.1375e-01 -3.0566e-01 +1.1285e-01 -1.5359e-01
6 0 +1.722075509e+01 -2.853692449e+02 -2.853692449e+02 +2.1661e-01 -2.7248e-01 -1.4933e-01 +1.8171e-01 -5.0930e-01
12 0 +2.053339543e+00 -3.005366605e+02 -3.005366605e+02 +5.0993e-02 +2.1054e-01 -4.5822e-01 +1.1670e-01 -3.8243e-01
13 0 +5.117894665e-01 -3.020782105e+02 -3.020782105e+02 -1.1912e-01 +9.5341e-02 -4.1205e-01 +1.3064e-03 -3.7627e-01
18 0 +1.114573712e-01 -3.024785426e+02 -3.024785426e+02 +3.2737e-01 +1.2126e-02 -7.0815e-01 +2.9850e-02 -6.0955e-01
21 0 +3.859635721e-02 -3.025514036e+02 -3.025514036e+02 +2.0405e-01 -1.0283e-01 -3.7973e-01 -2.4343e-01 -5.3580e-01
63 0 +1.923443771e-02 -3.025707656e+02 -3.025707656e+02 +1.4969e-01 -1.9232e-03 -7.9004e-01 -4.1427e-02 -5.6685e-01
65 0 +9.083406565e-04 -3.025890917e+02 -3.025890917e+02 -8.4881e-03 +2.1745e-01 -9.2839e-01 -1.7977e-01 -2.8365e-01
227 0 +5.285926622e-04 -3.025894714e+02 -3.025894714e+02 +2.3923e-01 +5.2907e-02 -9.7740e-01 -1.7873e-01 -4.0470e-01
243 0 +3.975472427e-04 -3.025896025e+02 -3.025896025e+02 +2.3998e-01 +3.7530e-02 -1.0662e+00 -1.7978e-01 -4.0127e-01
258 0 +2.861276336e-04 -3.025897139e+02 -3.025897139e+02 +2.4346e-01 +6.7420e-02 -1.0697e+00 -1.7226e-01 -3.9830e-01
284 0 +2.159133041e-04 -3.025897841e+02 -3.025897841e+02 +2.5279e-01 +5.9283e-02 -1.1213e+00 -1.8502e-01 -3.7446e-01
308 0 +2.124970660e-04 -3.025897875e+02 -3.025897875e+02 +2.7975e-01 +5.9955e-02 -1.0948e+00 -1.6287e-01 -3.9856e-01
315 0 +1.975251088e-04 -3.025898025e+02 -3.025898025e+02 +2.7467e-01 +5.0262e-02 -1.1084e+00 -1.7681e-01 -3.9138e-01
317 0 +1.648598420e-04 -3.025898351e+02 -3.025898351e+02 +2.7721e-01 +7.1659e-02 -1.1242e+00 -1.6416e-01 -3.8302e-01
322 0 +1.431659933e-04 -3.025898568e+02 -3.025898568e+02 +2.5238e-01 +7.6422e-02 -1.1139e+00 -1.7085e-01 -3.6468e-01
329 0 +1.352299159e-04 -3.025898648e+02 -3.025898648e+02 +2.5070e-01 +7.0269e-02 -1.1164e+00 -1.7759e-01 -3.6463e-01
330 0 +1.335873926e-04 -3.025898664e+02 -3.025898664e+02 +2.5492e-01 +7.7582e-02 -1.1323e+00 -1.7458e-01 -3.6744e-01
332 0 +7.648805098e-05 -3.025899235e+02 -3.025899235e+02 +2.3736e-01 +8.7916e-02 -1.1672e+00 -1.6811e-01 -3.4807e-01
377 0 +7.441155401e-05 -3.025899256e+02 -3.025899256e+02 +2.1576e-01 +1.1187e-01 -1.1595e+00 -1.6952e-01 -3.3043e-01
382 0 +4.909506748e-05 -3.025899509e+02 -3.025899509e+02 +2.0991e-01 +1.1586e-01 -1.1669e+00 -1.4753e-01 -3.3513e-01
390 0 +4.292091012e-05 -3.025899571e+02 -3.025899571e+02 +2.0177e-01 +1.3141e-01 -1.1741e+00 -1.5087e-01 -3.2497e-01
404 0 +3.764412304e-05 -3.025899624e+02 -3.025899624e+02 +1.9272e-01 +1.5081e-01 -1.2162e+00 -1.3675e-01 -3.0133e-01
409 0 +3.583297189e-05 -3.025899642e+02 -3.025899642e+02 +1.9401e-01 +1.3534e-01 -1.2008e+00 -1.4748e-01 -3.0840e-01
411 0 +3.406383729e-05 -3.025899659e+02 -3.025899659e+02 +1.9978e-01 +1.3119e-01 -1.1988e+00 -1.5090e-01 -3.1406e-01
417 0 +3.213758606e-05 -3.025899679e+02 -3.025899679e+02 +1.8766e-01 +1.5185e-01 -1.2153e+00 -1.3976e-01 -3.0547e-01
425 0 +3.025446148e-05 -3.025899697e+02 -3.025899697e+02 +1.9198e-01 +1.5749e-01 -1.2203e+00 -1.3146e-01 -3.0733e-01
433 0 +2.985420588e-05 -3.025899701e+02 -3.025899701e+02 +1.8763e-01 +1.6293e-01 -1.2240e+00 -1.3449e-01 -3.0084e-01
440 0 +2.929046701e-05 -3.025899707e+02 -3.025899707e+02 +1.8838e-01 +1.6480e-01 -1.2338e+00 -1.4239e-01 -2.9078e-01
441 0 +2.853133861e-05 -3.025899715e+02 -3.025899715e+02 +1.9004e-01 +1.6977e-01 -1.2407e+00 -1.3146e-01 -2.9692e-01
489 0 +2.795834649e-05 -3.025899720e+02 -3.025899720e+02 +2.0876e-01 +1.5027e-01 -1.2212e+00 -1.3495e-01 -3.1606e-01
503 0 +2.725900566e-05 -3.025899727e+02 -3.025899727e+02 +2.0116e-01 +1.6167e-01 -1.2411e+00 -1.2905e-01 -3.0545e-01
517 0 +2.678415336e-05 -3.025899732e+02 -3.025899732e+02 +2.0787e-01 +1.5835e-01 -1.2421e+00 -1.3475e-01 -3.0649e-01
589 0 +2.629189254e-05 -3.025899737e+02 -3.025899737e+02 +2.0462e-01 +1.5373e-01 -1.2408e+00 -1.3627e-01 -3.0525e-01
618 0 +2.560144219e-05 -3.025899744e+02 -3.025899744e+02 +2.0697e-01 +1.5015e-01 -1.2463e+00 -1.3828e-01 -3.0267e-01
628 0 +2.510721362e-05 -3.025899749e+02 -3.025899749e+02 +2.1572e-01 +1.4689e-01 -1.2461e+00 -1.3706e-01 -3.0958e-01
647 0 +2.332954068e-05 -3.025899767e+02 -3.025899767e+02 +2.2362e-01 +1.4864e-01 -1.2725e+00 -1.4190e-01 -3.0054e-01
665 0 +2.272125494e-05 -3.025899773e+02 -3.025899773e+02 +2.2150e-01 +1.4654e-01 -1.2696e+00 -1.4191e-01 -2.9928e-01
666 0 +2.213733325e-05 -3.025899779e+02 -3.025899779e+02 +2.1816e-01 +1.5294e-01 -1.2798e+00 -1.3659e-01 -2.9511e-01
674 0 +2.114994032e-05 -3.025899789e+02 -3.025899789e+02 +2.2550e-01 +1.4404e-01 -1.2751e+00 -1.4256e-01 -2.9992e-01
679 0 +2.053305309e-05 -3.025899795e+02 -3.025899795e+02 +2.3073e-01 +1.4933e-01 -1.2949e+00 -1.4067e-01 -2.9768e-01
681 0 +2.021952997e-05 -3.025899798e+02 -3.025899798e+02 +2.2690e-01 +1.4760e-01 -1.2825e+00 -1.3935e-01 -2.9930e-01
683 0 +1.892317329e-05 -3.025899811e+02 -3.025899811e+02 +2.3413e-01 +1.4804e-01 -1.2900e+00 -1.3445e-01 -3.0330e-01
736 0 +1.728949212e-05 -3.025899827e+02 -3.025899827e+02 +2.3827e-01 +1.4779e-01 -1.3098e+00 -1.3925e-01 -2.9423e-01
750 0 +1.549747168e-05 -3.025899845e+02 -3.025899845e+02 +2.4067e-01 +1.3950e-01 -1.2904e+00 -1.3654e-01 -3.0700e-01
754 0 +1.515539202e-05 -3.025899848e+02 -3.025899848e+02 +2.4863e-01 +1.4473e-01 -1.3141e+00 -1.3359e-01 -3.0273e-01
761 0 +1.496928581e-05 -3.025899850e+02 -3.025899850e+02 +2.4547e-01 +1.4182e-01 -1.3011e+00 -1.3448e-01 -3.0673e-01
762 0 +1.264309975e-05 -3.025899874e+02 -3.025899874e+02 +2.6041e-01 +1.2872e-01 -1.3105e+00 -1.4216e-01 -3.1041e-01
775 0 +9.515421027e-06 -3.025899905e+02 -3.025899905e+02 +2.5894e-01 +1.3475e-01 -1.3234e+00 -1.3610e-01 -3.0769e-01
828 0 +8.329975572e-06 -3.025899917e+02 -3.025899917e+02 +2.6847e-01 +1.3478e-01 -1.3442e+00 -1.3333e-01 -3.0742e-01
834 0 +7.434775455e-06 -3.025899926e+02 -3.025899926e+02 +2.6774e-01 +1.3507e-01 -1.3575e+00 -1.3506e-01 -3.0249e-01
840 0 +6.665099590e-06 -3.025899933e+02 -3.025899933e+02 +2.8067e-01 +1.2193e-01 -1.3673e+00 -1.3574e-01 -3.1056e-01
853 0 +6.479448302e-06 -3.025899935e+02 -3.025899935e+02 +2.7951e-01 +1.2371e-01 -1.3733e+00 -1.3281e-01 -3.0867e-01
860 0 +6.449025307e-06 -3.025899936e+02 -3.025899936e+02 +2.8871e-01 +1.2387e-01 -1.3944e+00 -1.3126e-01 -3.0725e-01
862 0 +6.189052954e-06 -3.025899938e+02 -3.025899938e+02 +2.8554e-01 +1.1929e-01 -1.3721e+00 -1.3227e-01 -3.1276e-01
873 0 +6.097871164e-06 -3.025899939e+02 -3.025899939e+02 +2.8646e-01 +1.1887e-01 -1.3852e+00 -1.3500e-01 -3.0770e-01
877 0 +4.608883899e-06 -3.025899954e+02 -3.025899954e+02 +2.9379e-01 +1.0735e-01 -1.3746e+00 -1.3619e-01 -3.1631e-01
889 0 +4.311665407e-06 -3.025899957e+02 -3.025899957e+02 +2.9378e-01 +1.1111e-01 -1.3816e+00 -1.3587e-01 -3.1230e-01
890 0 +1.637039304e-06 -3.025899984e+02 -3.025899984e+02 +3.2072e-01 +8.9396e-02 -1.4179e+00 -1.3798e-01 -3.1791e-01
910 0 +9.452381278e-07 -3.025899991e+02 -3.025899991e+02 +3.3079e-01 +7.9092e-02 -1.4763e+00 -1.3542e-01 -3.0532e-01
916 0 +6.552289165e-07 -3.025899993e+02 -3.025899993e+02 +3.4856e-01 +9.0049e-02 -1.5295e+00 -1.2284e-01 -3.0149e-01
927 0 +6.220385558e-07 -3.025899994e+02 -3.025899994e+02 +3.3168e-01 +8.9020e-02 -1.4669e+00 -1.2676e-01 -3.1260e-01
932 0 +4.483300700e-07 -3.025899996e+02 -3.025899996e+02 +3.6408e-01 +7.2660e-02 -1.5351e+00 -1.2049e-01 -3.1278e-01
955 0 +4.295268354e-07 -3.025899996e+02 -3.025899996e+02 +3.6747e-01 +7.9760e-02 -1.5113e+00 -1.1861e-01 -3.1871e-01
961 0 +3.004498694e-07 -3.025899997e+02 -3.025899997e+02 +3.8137e-01 +6.1933e-02 -1.5097e+00 -1.1975e-01 -3.3290e-01
977 0 +1.588479108e-07 -3.025899998e+02 -3.025899998e+02 +3.8699e-01 +5.0752e-02 -1.5244e+00 -1.2394e-01 -3.3104e-01
978 0 +4.925738040e-08 -3.025900000e+02 -3.025900000e+02 +3.7671e-01 +5.9922e-02 -1.5444e+00 -1.2908e-01 -3.1160e-01
998 0 +2.439520586e-08 -3.025900000e+02 -3.025900000e+02 +4.0302e-01 +4.6666e-02 -1.5474e+00 -1.2904e-01 -3.2793e-01
1001 0 +1.892180990e-08 -3.025900000e+02 -3.025900000e+02 +3.9477e-01 +4.7591e-02 -1.5436e+00 -1.2623e-01 -3.2593e-01
1006 0 +9.097732345e-09 -3.025900000e+02 -3.025900000e+02 +3.9837e-01 +4.8869e-02 -1.5417e+00 -1.2921e-01 -3.2418e-01
1265 0 +0.000000000e+00 -3.025900000e+02 -3.025900000e+02 +4.0575e-01 +4.1689e-02 -1.5644e+00 -1.3224e-01 -3.2010e-01
% f evaluations | g evaluations | best noise-free fitness - Fopt (-3.065500000000e+02) + sum g_i+ | measured fitness | best measured fitness or single-digit g-values | x1 | x2...
1 0 +6.255320396e+01 -2.439967960e+02 -2.439967960e+02 +0.0000e+00 +0.0000e+00 +0.0000e+00 +0.0000e+00 +0.0000e+00
3 0 +6.087597497e+01 -2.456740250e+02 -2.456740250e+02 +1.7369e-01 -1.1375e-01 -3.0566e-01 +1.1285e-01 -1.5359e-01
4 0 +5.758828422e+01 -2.489617158e+02 -2.489617158e+02 +2.4817e-01 +6.3376e-02 -2.2359e-01 +8.0318e-02 +2.1275e-01
14 0 +5.728529874e+01 -2.492647013e+02 -2.492647013e+02 +3.4792e-01 -4.0181e-02 -8.1416e-01 +4.1743e-01 -1.4699e-01
26 0 +5.546322597e+01 -2.510867740e+02 -2.510867740e+02 -3.6109e-02 -4.4959e-02 -1.1973e+00 -9.7109e-02 +3.3079e-01
36 0 +5.077729112e+01 -2.557727089e+02 -2.557727089e+02 -8.1575e-02 -2.2809e-01 -7.7212e-01 -1.7328e-01 +1.8134e-01
50 0 +4.969772795e+01 -2.568522720e+02 -2.568522720e+02 +1.7012e-01 +1.0721e-02 -6.1131e-01 -3.7489e-01 +3.1356e-01
57 0 +4.779807671e+01 -2.587519233e+02 -2.587519233e+02 +1.7698e-01 +1.3899e-01 -6.5916e-01 -8.2604e-01 +2.6338e-01
58 0 +4.381051510e+01 -2.627394849e+02 -2.627394849e+02 -2.5694e-01 +4.5127e-01 -1.0080e+00 -1.2103e+00 +2.9135e-01
68 0 +4.121548824e+01 -2.653345118e+02 -2.653345118e+02 +7.2554e-01 +1.2230e-01 -1.1676e+00 -1.3429e+00 +5.8403e-01
144 0 +4.045659689e+01 -2.660934031e+02 -2.660934031e+02 +6.0957e-01 +2.7913e-02 -1.0974e+00 -1.4450e+00 +5.3774e-01
169 0 +3.935985145e+01 -2.671901485e+02 -2.671901485e+02 +3.5485e-01 +2.0261e-01 -1.2266e+00 -1.6842e+00 +5.5069e-01
183 0 +3.769931205e+01 -2.688506880e+02 -2.688506880e+02 +5.1244e-01 +6.7068e-01 -1.3000e+00 -1.9419e+00 +6.3931e-01
205 0 +3.661387207e+01 -2.699361279e+02 -2.699361279e+02 +6.0671e-01 +1.0152e+00 -1.6533e+00 -2.0870e+00 +5.8906e-01
287 0 +3.629999966e+01 -2.702500003e+02 -2.702500003e+02 +5.6022e-01 +7.5247e-01 -1.5716e+00 -2.0223e+00 +5.1690e-01
325 0 +3.541717595e+01 -2.711328241e+02 -2.711328241e+02 +6.7601e-01 +7.9959e-01 -1.6698e+00 -2.3522e+00 +5.9641e-01
358 0 +3.458603140e+01 -2.719639686e+02 -2.719639686e+02 +8.7797e-01 +8.0488e-01 -1.6577e+00 -2.5463e+00 +6.4209e-01
410 0 +3.381638233e+01 -2.727336177e+02 -2.727336177e+02 +1.1161e+00 +1.1635e+00 -1.8777e+00 -2.7701e+00 +6.2437e-01
443 0 +3.301551643e+01 -2.735344836e+02 -2.735344836e+02 +1.4923e+00 +1.2658e+00 -1.8887e+00 -2.7959e+00 +6.5298e-01
474 0 +3.227885317e+01 -2.742711468e+02 -2.742711468e+02 +1.7657e+00 +1.1903e+00 -1.8756e+00 -2.9441e+00 +6.4883e-01
491 0 +3.149762664e+01 -2.750523734e+02 -2.750523734e+02 +2.6071e+00 +1.3744e+00 -2.0792e+00 -3.2146e+00 +6.4796e-01
524 0 +3.067142169e+01 -2.758785783e+02 -2.758785783e+02 +2.8006e+00 +1.0667e+00 -2.1009e+00 -3.1760e+00 +6.6047e-01
632 0 +3.012590284e+01 -2.764240972e+02 -2.764240972e+02 +3.7784e+00 +8.3933e-01 -2.1957e+00 -3.1879e+00 +6.7019e-01
