% f evaluations | g evaluations | best noise-free fitness - Fopt (1.491500000000e+02) + sum g_i+ | measured fitness | best measured fitness or single-digit g-values | x1 | x2...
1 0 +6.626101642e+00 +1.557761016e+02 +1.557761016e+02 +0.0000e+00 +0.0000e+00
4 0 +2.400353056e+00 +1.515503531e+02 +1.515503531e+02 +2.4727e-01 +1.7369e-01
6 0 +2.192971129e+00 +1.513429711e+02 +1.513429711e+02 +1.1285e-01 -1.5359e-01
11 0 +8.586119236e-02 +1.492358612e+02 +1.492358612e+02 +1.6209e-01 +9.1340e-02
23 0 +3.452159590e-02 +1.491845216e+02 +1.491845216e+02 +1.1397e-01 -1.1515e-02
272 0 +3.333559931e-02 +1.491833356e+02 +1.491833356e+02 +1.2738e-01 +2.7793e-02
287 0 +3.293486400e-02 +1.491829349e+02 +1.491829349e+02 +1.2206e-01 +1.9031e-02
300 0 +2.895536967e-02 +1.491789554e+02 +1.491789554e+02 +1.1289e-01 -3.7214e-03
329 0 +2.739495189e-02 +1.491773950e+02 +1.491773950e+02 +1.0877e-01 -1.8232e-02
333 0 +2.633190528e-02 +1.491763319e+02 +1.491763319e+02 +1.0614e-01 -2.3813e-02
368 0 +2.613631404e-02 +1.491761363e+02 +1.491761363e+02 +1.0475e-01 -2.7678e-02
375 0 +2.411676829e-02 +1.491741168e+02 +1.491741168e+02 +9.7463e-02 -4.5016e-02
384 0 +2.327737344e-02 +1.491732774e+02 +1.491732774e+02 +9.2158e-02 -5.8323e-02
401 0 +2.164089601e-02 +1.491716409e+02 +1.491716409e+02 +8.0911e-02 -8.5633e-02
414 0 +2.128454608e-02 +1.491712845e+02 +1.491712845e+02 +7.4083e-02 -1.0228e-01
423 0 +2.088971980e-02 +1.491708897e+02 +1.491708897e+02 +7.5926e-02 -9.7433e-02
442 0 +2.021085368e-02 +1.491702109e+02 +1.491702109e+02 +6.9869e-02 -1.1178e-01
445 0 +1.973006625e-02 +1.491697301e+02 +1.491697301e+02 +7.8440e-02 -8.9985e-02
449 0 +1.886092789e-02 +1.491688609e+02 +1.491688609e+02 +6.2424e-02 -1.2881e-01
452 0 +1.759277258e-02 +1.491675928e+02 +1.491675928e+02 +5.6118e-02 -1.4298e-01
458 0 +1.586263645e-02 +1.491658626e+02 +1.491658626e+02 +6.4123e-02 -1.2195e-01
467 0 +1.318480443e-02 +1.491631848e+02 +1.491631848e+02 +5.6319e-02 -1.3806e-01
497 0 +1.215943170e-02 +1.491621594e+02 +1.491621594e+02 +3.3299e-02 -1.9255e-01
512 0 +1.126699833e-02 +1.491612670e+02 +1.491612670e+02 +3.7663e-02 -1.8159e-01
540 0 +1.090476979e-02 +1.491609048e+02 +1.491609048e+02 +3.7255e-02 -1.8220e-01
542 0 +1.058682953e-02 +1.491605868e+02 +1.491605868e+02 +3.4048e-02 -1.8946e-01
548 0 +9.759435673e-03 +1.491597594e+02 +1.491597594e+02 +3.5414e-02 -1.8530e-01
555 0 +9.445735731e-03 +1.491594457e+02 +1.491594457e+02 +3.0663e-02 -1.9625e-01
561 0 +8.643939436e-03 +1.491586439e+02 +1.491586439e+02 +2.5730e-02 -2.0697e-01
566 0 +8.408831798e-03 +1.491584088e+02 +1.491584088e+02 +2.5256e-02 -2.0782e-01
567 0 +7.940647349e-03 +1.491579406e+02 +1.491579406e+02 +2.3754e-02 -2.1079e-01
573 0 +7.702363124e-03 +1.491577024e+02 +1.491577024e+02 +1.8232e-02 -2.2335e-01
574 0 +7.101476457e-03 +1.491571015e+02 +1.491571015e+02 +1.0825e-02 -2.3963e-01
580 0 +3.889459459e-03 +1.491538895e+02 +1.491538895e+02 -8.3795e-03 -2.7909e-01
586 0 +3.055277052e-03 +1.491530553e+02 +1.491530553e+02 -3.1584e-02 -3.2801e-01
598 0 +1.960778160e-03 +1.491519608e+02 +1.491519608e+02 -2.9488e-02 -3.2232e-01
605 0 +1.820295938e-03 +1.491518203e+02 +1.491518203e+02 -1.7319e-02 -2.9557e-01
607 0 +1.298565786e-03 +1.491512986e+02 +1.491512986e+02 -2.9258e-02 -3.2074e-01
629 0 +1.277579939e-03 +1.491512776e+02 +1.491512776e+02 -2.5046e-02 -3.1150e-01
630 0 +1.128185601e-03 +1.491511282e+02 +1.491511282e+02 -3.4342e-02 -3.3128e-01
632 0 +9.160876678e-04 +1.491509161e+02 +1.491509161e+02 -3.6285e-02 -3.3498e-01
644 0 +5.920749814e-04 +1.491505921e+02 +1.491505921e+02 -3.7536e-02 -3.3683e-01
666 0 +5.721366785e-04 +1.491505721e+02 +1.491505721e+02 -3.2892e-02 -3.2655e-01
672 0 +4.171578206e-04 +1.491504172e+02 +1.491504172e+02 -3.7276e-02 -3.3561e-01
676 0 +3.385352024e-04 +1.491503385e+02 +1.491503385e+02 -4.9904e-02 -3.6194e-01
684 0 +2.759005417e-04 +1.491502759e+02 +1.491502759e+02 -4.0827e-02 -3.4268e-01
710 0 +2.100211104e-04 +1.491502100e+02 +1.491502100e+02 -4.7610e-02 -3.5680e-01
714 0 +2.030207064e-04 +1.491502030e+02 +1.491502030e+02 -4.5772e-02 -3.5292e-01
717 0 +1.430651732e-04 +1.491501431e+02 +1.491501431e+02 -4.7288e-02 -3.5581e-01
737 0 +1.218004602e-04 +1.491501218e+02 +1.491501218e+02 -5.2220e-02 -3.6589e-01
745 0 +1.071644072e-04 +1.491501072e+02 +1.491501072e+02 -5.1079e-02 -3.6349e-01
746 0 +1.056724402e-04 +1.491501057e+02 +1.491501057e+02 -4.8254e-02 -3.5762e-01
749 0 +9.809197803e-05 +1.491500981e+02 +1.491500981e+02 -4.6644e-02 -3.5411e-01
751 0 +7.262669700e-05 +1.491500726e+02 +1.491500726e+02 -4.6941e-02 -3.5442e-01
755 0 +7.050506943e-05 +1.491500705e+02 +1.491500705e+02 -4.7402e-02 -3.5546e-01
756 0 +4.135974802e-05 +1.491500414e+02 +1.491500414e+02 -5.1670e-02 -3.6426e-01
766 0 +3.472067391e-05 +1.491500347e+02 +1.491500347e+02 -5.0648e-02 -3.6130e-01
778 0 +2.690843922e-05 +1.491500269e+02 +1.491500269e+02 -5.0061e-02 -3.6043e-01
786 0 +2.153617601e-05 +1.491500215e+02 +1.491500215e+02 -5.1373e-02 -3.6339e-01
788 0 +1.894116298e-05 +1.491500189e+02 +1.491500189e+02 -5.2554e-02 -3.6585e-01
793 0 +1.321301653e-05 +1.491500132e+02 +1.491500132e+02 -5.3636e-02 -3.6800e-01
797 0 +1.128671497e-05 +1.491500113e+02 +1.491500113e+02 -5.3241e-02 -3.6715e-01
799 0 +9.711220287e-06 +1.491500097e+02 +1.491500097e+02 -5.3942e-02 -3.6857e-01
804 0 +2.734059308e-07 +1.491500003e+02 +1.491500003e+02 -5.5449e-02 -3.7134e-01
888 0 +1.246759211e-07 +1.491500001e+02 +1.491500001e+02 -5.5169e-02 -3.7077e-01
901 0 +4.095787176e-08 +1.491500000e+02 +1.491500000e+02 -5.5240e-02 -3.7086e-01
903 0 +1.297794938e-08 +1.491500000e+02 +1.491500000e+02 -5.5124e-02 -3.7066e-01
925 0 +6.055245194e-09 +1.491500000e+02 +1.491500000e+02 -5.5212e-02 -3.7083e-01
1189 0 +0.000000000e+00 +1.491500000e+02 +1.491500000e+02 -5.5200e-02 -3.7080e-01
% f evaluations | g evaluations | best noise-free fitness - Fopt (-1.000000000000e+03) + sum g_i+ | measured fitness | best measured fitness or single-digit g-values | x1 | x2...
1 0 +2.246386374e+04 +2.146386374e+04 +2.146386374e+04 +0.0000e+00 +0.0000e+00
5 0 +2.082526356e+04 +1.982526356e+04 +1.982526356e+04 -1.1375e-01 -3.0566e-01
8 0 +1.982257577e+04 +1.882257577e+04 +1.882257577e+04 -1.1781e-01 +1.5775e-02
14 0 +1.423051258e+04 +1.323051258e+04 +1.323051258e+04 -3.9445e-01 +1.7836e-01
35 0 +1.244654213e+04 +1.144654213e+04 +1.144654213e+04 -5.0611e-01 +1.9222e-01
56 0 +7.777359601e+03 +6.777359601e+03 +6.777359601e+03 -8.5847e-01 +2.9842e-01
64 0 +4.062499178e+03 +3.062499178e+03 +3.062499178e+03 -1.2833e+00 +3.8336e-01
68 0 +1.928444919e+03 +9.284449187e+02 +9.284449187e+02 -1.6468e+00 +6.3294e-01
74 0 +1.081854542e+01 -9.891814546e+02 -9.891814546e+02 -2.8564e+00 +1.4892e+00
85 0 +8.550190641e+00 -9.914498094e+02 -9.914498094e+02 -2.7245e+00 +1.1471e+00
94 0 +2.158731955e+00 -9.978412680e+02 -9.978412680e+02 -2.7414e+00 +1.5482e+00
113 0 +2.030096258e+00 -9.979699037e+02 -9.979699037e+02 -2.7969e+00 +1.4242e+00
197 0 +7.325629842e-02 -9.999267437e+02 -9.999267437e+02 -2.8001e+00 +1.2485e+00
239 0 +4.380446722e-02 -9.999561955e+02 -9.999561955e+02 -2.9172e+00 +1.0235e+00
243 0 +4.247607206e-02 -9.999575239e+02 -9.999575239e+02 -2.9029e+00 +1.0900e+00
245 0 +2.045961277e-02 -9.999795404e+02 -9.999795404e+02 -2.9520e+00 +9.8955e-01
296 0 +1.304100019e-02 -9.999869590e+02 -9.999869590e+02 -2.9203e+00 +1.0288e+00
331 0 +1.936540148e-03 -9.999980635e+02 -9.999980635e+02 -2.8903e+00 +1.0930e+00
332 0 +1.904977546e-04 -9.999998095e+02 -9.999998095e+02 -2.8391e+00 +1.1939e+00
390 0 +8.006361816e-05 -9.999999199e+02 -9.999999199e+02 -2.8569e+00 +1.1595e+00
401 0 +2.392171177e-05 -9.999999761e+02 -9.999999761e+02 -2.8513e+00 +1.1699e+00
414 0 +9.905034858e-06 -9.999999901e+02 -9.999999901e+02 -2.8473e+00 +1.1787e+00
416 0 +8.257740319e-06 -9.999999917e+02 -9.999999917e+02 -2.8507e+00 +1.1718e+00
419 0 +6.309950777e-06 -9.999999937e+02 -9.999999937e+02 -2.8499e+00 +1.1730e+00
428 0 +9.629985698e-07 -9.999999990e+02 -9.999999990e+02 -2.8486e+00 +1.1757e+00
464 0 +7.028562550e-07 -9.999999993e+02 -9.999999993e+02 -2.8490e+00 +1.1751e+00
472 0 +3.062928045e-07 -9.999999997e+02 -9.999999997e+02 -2.8476e+00 +1.1777e+00
480 0 +4.710420853e-08 -1.000000000e+03 -1.000000000e+03 -2.8481e+00 +1.1769e+00
491 0 +2.396188847e-08 -1.000000000e+03 -1.000000000e+03 -2.8483e+00 +1.1764e+00
522 0 +1.522971615e-08 -1.000000000e+03 -1.000000000e+03 -2.8482e+00 +1.1767e+00
528 0 +5.465608410e-09 -1.000000000e+03 -1.000000000e+03 -2.8482e+00 +1.1767e+00
749 0 +0.000000000e+00 -1.000000000e+03 -1.000000000e+03 -2.8482e+00 +1.1766e+00
% f evaluations | g evaluations | best noise-free fitness - Fopt (9.862000000000e+01) + sum g_i+ | measured fitness | best measured fitness or single-digit g-values | x1 | x2...
1 0 +1.240686796e+02 +2.226886796e+02 +2.226886796e+02 +0.0000e+00 +0.0000e+00
5 0 +1.042859144e+02 +2.029059144e+02 +2.029059144e+02 -1.1375e-01 -3.0566e-01
8 0 +4.721748558e+01 +1.458374856e+02 +1.458374856e+02 -1.1781e-01 +1.5775e-02
10 0 +4.395615701e+01 +1.425761570e+02 +1.425761570e+02 -1.2536e-01 +1.4549e-02
14 0 +1.145416747e+01 +1.100741675e+02 +1.100741675e+02 -3.9445e-01 +1.7836e-01
15 0 +1.043652693e+01 +1.090565269e+02 +1.090565269e+02 -2.4371e-01 -2.7673e-02
21 0 +7.844979235e-01 +9.940449792e+01 +9.940449792e+01 -2.0737e-01 +3.3992e-01
55 0 +3.267646472e-01 +9.894676465e+01 +9.894676465e+01 -2.8732e-01 +1.3197e-01
100 0 +2.869325199e-01 +9.890693252e+01 +9.890693252e+01 -2.8479e-01 +1.7653e-01
394 0 +2.813277249e-01 +9.890132772e+01 +9.890132772e+01 -2.7523e-01 +1.9515e-01
405 0 +2.646806701e-01 +9.888468067e+01 +9.888468067e+01 -2.9107e-01 +1.4666e-01
410 0 +2.526225087e-01 +9.887262251e+01 +9.887262251e+01 -3.1658e-01 +5.6398e-02
427 0 +2.351831818e-01 +9.885518318e+01 +9.885518318e+01 -3.3131e-01 +1.4237e-02
432 0 +2.312562568e-01 +9.885125626e+01 +9.885125626e+01 -3.4489e-01 -2.9204e-02
449 0 +2.253356203e-01 +9.884533562e+01 +9.884533562e+01 -3.4380e-01 -2.3268e-02
497 0 +2.231046873e-01 +9.884310469e+01 +9.884310469e+01 -3.5057e-01 -4.4656e-02
512 0 +2.184064834e-01 +9.883840648e+01 +9.883840648e+01 -3.5155e-01 -4.5927e-02
542 0 +2.127722931e-01 +9.883277229e+01 +9.883277229e+01 -3.6790e-01 -9.6658e-02
555 0 +2.074548988e-01 +9.882745490e+01 +9.882745490e+01 -3.6662e-01 -9.0582e-02
561 0 +2.031714383e-01 +9.882317144e+01 +9.882317144e+01 -3.6900e-01 -9.6499e-02
572 0 +1.975974916e-01 +9.881759749e+01 +9.881759749e+01 -3.7512e-01 -1.1390e-01
574 0 +1.918107037e-01 +9.881181070e+01 +9.881181070e+01 -3.7781e-01 -1.1991e-01
580 0 +1.799386469e-01 +9.879993865e+01 +9.879993865e+01 -3.8113e-01 -1.2081e-01
584 0 +1.753670971e-01 +9.879536710e+01 +9.879536710e+01 -3.8651e-01 -1.3589e-01
585 0 +1.651477257e-01 +9.878514773e+01 +9.878514773e+01 -3.9926e-01 -1.7303e-01
587 0 +1.590455491e-01 +9.877904555e+01 +9.877904555e+01 -4.0746e-01 -1.9702e-01
592 0 +1.577965368e-01 +9.877779654e+01 +9.877779654e+01 -4.6330e-01 -3.2688e-01
596 0 +1.409089770e-01 +9.876090898e+01 +9.876090898e+01 -4.3145e-01 -2.5713e-01
606 0 +1.285617785e-01 +9.874856178e+01 +9.874856178e+01 -4.5900e-01 -3.2622e-01
608 0 +1.073040057e-01 +9.872730401e+01 +9.872730401e+01 -5.0014e-01 -4.3268e-01
610 0 +4.716790083e-02 +9.866716790e+01 +9.866716790e+01 -6.0944e-01 -7.0856e-01
625 0 +3.364659466e-02 +9.865364659e+01 +9.865364659e+01 -6.3622e-01 -7.8843e-01
646 0 +2.379142234e-02 +9.864379142e+01 +9.864379142e+01 -6.8123e-01 -8.9366e-01
652 0 +2.306272159e-02 +9.864306272e+01 +9.864306272e+01 -6.7205e-01 -8.7108e-01
656 0 +1.921377458e-02 +9.863921377e+01 +9.863921377e+01 -7.0203e-01 -9.4007e-01
703 0 +1.788687504e-02 +9.863788688e+01 +9.863788688e+01 -6.7233e-01 -8.6592e-01
714 0 +1.727737345e-02 +9.863727737e+01 +9.863727737e+01 -7.0331e-01 -9.4195e-01
717 0 +1.364745916e-02 +9.863364746e+01 +9.863364746e+01 -7.0470e-01 -9.4266e-01
756 0 +1.313182880e-02 +9.863313183e+01 +9.863313183e+01 -7.1303e-01 -9.6176e-01
766 0 +1.109829055e-02 +9.863109829e+01 +9.863109829e+01 -6.9985e-01 -9.2603e-01
797 0 +1.095518476e-02 +9.863095518e+01 +9.863095518e+01 -7.1675e-01 -9.6867e-01
804 0 +9.204169383e-03 +9.862920417e+01 +9.862920417e+01 -7.2359e-01 -9.8295e-01
841 0 +8.792038954e-03 +9.862879204e+01 +9.862879204e+01 -7.2360e-01 -9.8255e-01
858 0 +8.513927040e-03 +9.862851393e+01 +9.862851393e+01 -7.2321e-01 -9.8134e-01
859 0 +7.185171776e-03 +9.862718517e+01 +9.862718517e+01 -7.2636e-01 -9.8702e-01
874 0 +6.955105064e-03 +9.862695511e+01 +9.862695511e+01 -7.2578e-01 -9.8519e-01
879 0 +6.563343715e-03 +9.862656334e+01 +9.862656334e+01 -7.2516e-01 -9.8256e-01
882 0 +6.321229316e-03 +9.862632123e+01 +9.862632123e+01 -7.2674e-01 -9.8601e-01
883 0 +4.910334090e-03 +9.862491033e+01 +9.862491033e+01 -7.4484e-01 -1.0270e+00
888 0 +4.605838641e-03 +9.862460584e+01 +9.862460584e+01 -7.3869e-01 -1.0090e+00
891 0 +2.622676537e-03 +9.862262268e+01 +9.862262268e+01 -7.5701e-01 -1.0474e+00
905 0 +6.503423866e-04 +9.862065034e+01 +9.862065034e+01 -7.8129e-01 -1.1003e+00
912 0 +5.287296057e-04 +9.862052873e+01 +9.862052873e+01 -8.1536e-01 -1.1701e+00
974 0 +4.211060637e-04 +9.862042111e+01 +9.862042111e+01 -8.1426e-01 -1.1640e+00
981 0 +1.997652903e-04 +9.862019977e+01 +9.862019977e+01 -7.9183e-01 -1.1213e+00
984 0 +1.782985583e-04 +9.862017830e+01 +9.862017830e+01 -7.9740e-01 -1.1332e+00
996 0 +1.122266118e-04 +9.862011223e+01 +9.862011223e+01 -7.9478e-01 -1.1267e+00
1013 0 +8.218912301e-05 +9.862008219e+01 +9.862008219e+01 -8.0065e-01 -1.1379e+00
1022 0 +4.534124088e-05 +9.862004534e+01 +9.862004534e+01 -8.0529e-01 -1.1473e+00
1031 0 +4.002718941e-05 +9.862004003e+01 +9.862004003e+01 -7.9887e-01 -1.1351e+00
1039 0 +2.843924418e-05 +9.862002844e+01 +9.862002844e+01 -8.0416e-01 -1.1452e+00
1055 0 +5.100526906e-06 +9.862000510e+01 +9.862000510e+01 -8.0330e-01 -1.1441e+00
1074 0 +2.763045956e-06 +9.862000276e+01 +9.862000276e+01 -8.0650e-01 -1.1505e+00
1082 0 +4.988041269e-07 +9.862000050e+01 +9.862000050e+01 -8.0471e-01 -1.1468e+00
1106 0 +9.502990395e-08 +9.862000010e+01 +9.862000010e+01 -8.0508e-01 -1.1476e+00
1114 0 +3.017532890e-10 +9.862000000e+01 +9.862000000e+01 -8.0518e-01 -1.1478e+00
1382 0 +0.000000000e+00 +9.862000000e+01 +9.862000000e+01 -8.0520e-01 -1.1478e+00
% f evaluations | g evaluations | best noise-free fitness - Fopt (-4.715000000000e+01) + sum g_i+ | measured fitness | best measured fitness or single-digit g-values | x1 | x2...
1 0 +2.023435653e-01 -4.694765643e+01 -4.694765643e+01 +0.0000e+00 +0.0000e+00
5 0 +6.838870793e-02 -4.708161129e+01 -4.708161129e+01 -1.1375e-01 -3.0566e-01
303 0 +6.201143740e-02 -4.708798856e+01 -4.708798856e+01 -1.3930e-01 -3.6587e-01
304 0 +1.183808587e-02 -4.713816191e+01 -4.713816191e+01 -2.2182e-01 -5.7138e-01
310 0 +1.007620882e-02 -4.713992379e+01 -4.713992379e+01 -2.3064e-01 -5.9017e-01
319 0 +7.539742693e-03 -4.714246026e+01 -4.714246026e+01 -2.4860e-01 -6.3312e-01
349 0 +6.353837267e-03 -4.714364616e+01 -4.714364616e+01 -2.6141e-01 -6.6179e-01
355 0 +5.956219234e-03 -4.714404378e+01 -4.714404378e+01 -2.6577e-01 -6.7134e-01
372 0 +5.818071209e-03 -4.714418193e+01 -4.714418193e+01 -2.5687e-01 -6.5007e-01
517 0 +5.433001254e-03 -4.714456700e+01 -4.714456700e+01 -2.6137e-01 -6.6028e-01
518 0 +5.072712717e-03 -4.714492729e+01 -4.714492729e+01 -2.6106e-01 -6.5863e-01
525 0 +4.376892667e-03 -4.714562311e+01 -4.714562311e+01 -2.6605e-01 -6.6917e-01
536 0 +4.243036380e-03 -4.714575696e+01 -4.714575696e+01 -2.6760e-01 -6.7269e-01
545 0 +2.910066168e-03 -4.714708993e+01 -4.714708993e+01 -2.7723e-01 -6.9220e-01
552 0 +2.394756714e-03 -4.714760524e+01 -4.714760524e+01 -2.8220e-01 -7.0113e-01
557 0 +2.218259782e-03 -4.714778174e+01 -4.714778174e+01 -2.8731e-01 -7.1069e-01
563 0 +2.069454564e-03 -4.714793055e+01 -4.714793055e+01 -2.8739e-01 -7.1129e-01
570 0 +1.694500365e-03 -4.714830550e+01 -4.714830550e+01 -2.9902e-01 -7.3420e-01
571 0 +1.346395466e-03 -4.714865360e+01 -4.714865360e+01 -2.9403e-01 -7.2623e-01
579 0 +1.183810906e-03 -4.714881619e+01 -4.714881619e+01 -2.9799e-01 -7.3362e-01
590 0 +2.524758521e-04 -4.714974752e+01 -4.714974752e+01 -3.1749e-01 -7.7371e-01
605 0 +1.388460905e-04 -4.714986115e+01 -4.714986115e+01 -3.2695e-01 -7.9480e-01
633 0 +6.499637686e-05 -4.714993500e+01 -4.714993500e+01 -3.2592e-01 -7.9227e-01
642 0 +2.305266769e-06 -4.714999769e+01 -4.714999769e+01 -3.2910e-01 -7.9797e-01
685 0 +1.455633452e-06 -4.714999854e+01 -4.714999854e+01 -3.2964e-01 -7.9916e-01
720 0 +1.173272850e-06 -4.714999883e+01 -4.714999883e+01 -3.2966e-01 -7.9917e-01
724 0 +2.534916348e-07 -4.714999975e+01 -4.714999975e+01 -3.3019e-01 -8.0016e-01
726 0 +1.023733418e-07 -4.714999990e+01 -4.714999990e+01 -3.3092e-01 -8.0164e-01
750 0 +6.237258532e-08 -4.714999994e+01 -4.714999994e+01 -3.3071e-01 -8.0119e-01
758 0 +1.437170027e-08 -4.714999999e+01 -4.714999999e+01 -3.3071e-01 -8.0123e-01
786 0 +1.762572310e-10 -4.715000000e+01 -4.715000000e+01 -3.3061e-01 -8.0102e-01
995 0 +0.000000000e+00 -4.715000000e+01 -4.715000000e+01 -3.3060e-01 -8.0100e-01
% f evaluations | g evaluations | best noise-free fitness - Fopt (3.752000000000e+01) + sum g_i+ | measured fitness | best measured fitness or single-digit g-values | x1 | x2...
1 0 +6.231518100e+01 +9.983518100e+01 +9.983518100e+01 +0.0000e+00 +0.0000e+00
5 0 +7.617113108e+00 +4.513711311e+01 +4.513711311e+01 -1.1375e-01 -3.0566e-01
38 0 +7.437220406e+00 +4.495722041e+01 +4.495722041e+01 -1.9201e-01 -9.0648e-02
39 0 +7.354533085e+00 +4.487453308e+01 +4.487453308e+01 -2.2152e-01 -3.5227e-02
165 0 +7.207052315e+00 +4.472705232e+01 +4.472705232e+01 -1.7940e-01 -1.5378e-01
184 0 +6.901666556e+00 +4.442166656e+01 +4.442166656e+01 -1.2220e-01 -3.9797e-01
192 0 +6.703611316e+00 +4.422361132e+01 +4.422361132e+01 -7.9535e-02 -4.7396e-01
202 0 +6.505804478e+00 +4.402580448e+01 +4.402580448e+01 -5.7685e-02 -5.8616e-01
206 0 +6.094172321e+00 +4.361417232e+01 +4.361417232e+01 +2.6541e-02 -8.1151e-01
218 0 +5.897877314e+00 +4.341787731e+01 +4.341787731e+01 +6.5058e-02 -9.2550e-01
224 0 +5.265361639e+00 +4.278536164e+01 +4.278536164e+01 +1.9700e-01 -1.3060e+00
235 0 +4.952060664e+00 +4.247206066e+01 +4.247206066e+01 +2.8621e-01 -1.5510e+00
308 0 +4.846226172e+00 +4.236622617e+01 +4.236622617e+01 +3.2195e-01 -1.6430e+00
311 0 +4.752695114e+00 +4.227269511e+01 +4.227269511e+01 +3.3458e-01 -1.6669e+00
315 0 +4.627925153e+00 +4.214792515e+01 +4.214792515e+01 +3.7800e-01 -1.7736e+00
331 0 +4.195232581e+00 +4.171523258e+01 +4.171523258e+01 +5.0595e-01 -2.0517e+00
338 0 +3.399342562e+00 +4.091934256e+01 +4.091934256e+01 +6.5943e-01 -2.2574e+00
345 0 +3.325643622e+00 +4.084564362e+01 +4.084564362e+01 +6.7772e-01 -2.3297e+00
347 0 +2.686042993e+00 +4.020604299e+01 +4.020604299e+01 +8.8058e-01 -2.6288e+00
381 0 +2.560518705e+00 +4.008051870e+01 +4.008051870e+01 +9.3504e-01 -2.6990e+00
451 0 +2.455994798e+00 +3.997599480e+01 +3.997599480e+01 +9.6812e-01 -2.7342e+00
453 0 +2.145902366e+00 +3.966590237e+01 +3.966590237e+01 +1.1594e+00 -2.9212e+00
458 0 +2.012420958e+00 +3.953242096e+01 +3.953242096e+01 +1.0987e+00 -2.7884e+00
555 0 +1.974248539e+00 +3.949424854e+01 +3.949424854e+01 +1.1172e+00 -2.8602e+00
561 0 +1.925671457e+00 +3.944567146e+01 +3.944567146e+01 +1.1373e+00 -2.8758e+00
572 0 +1.861576050e+00 +3.938157605e+01 +3.938157605e+01 +1.1469e+00 -2.8755e+00
574 0 +1.805314214e+00 +3.932531421e+01 +3.932531421e+01 +1.1822e+00 -2.9053e+00
585 0 +1.763927972e+00 +3.928392797e+01 +3.928392797e+01 +1.2639e+00 -2.9691e+00
587 0 +1.677284806e+00 +3.919728481e+01 +3.919728481e+01 +1.2616e+00 -2.9581e+00
617 0 +1.652517939e+00 +3.917251794e+01 +3.917251794e+01 +1.2466e+00 -2.9425e+00
640 0 +1.608237365e+00 +3.912823737e+01 +3.912823737e+01 +1.2503e+00 -2.9385e+00
651 0 +1.532106990e+00 +3.905210699e+01 +3.905210699e+01 +1.2818e+00 -2.9528e+00
659 0 +1.473297062e+00 +3.899329706e+01 +3.899329706e+01 +1.3391e+00 -2.9850e+00
683 0 +1.395669967e+00 +3.891566997e+01 +3.891566997e+01 +1.3509e+00 -2.9812e+00
697 0 +1.372545452e+00 +3.889254545e+01 +3.889254545e+01 +1.3535e+00 -2.9790e+00
724 0 +1.339659999e+00 +3.885966000e+01 +3.885966000e+01 +1.3952e+00 -2.9978e+00
738 0 +1.313250019e+00 +3.883325002e+01 +3.883325002e+01 +1.4166e+00 -3.0040e+00
741 0 +1.264637930e+00 +3.878463793e+01 +3.878463793e+01 +1.4463e+00 -3.0092e+00
743 0 +1.227282959e+00 +3.874728296e+01 +3.874728296e+01 +1.4656e+00 -3.0108e+00
753 0 +1.142986912e+00 +3.866298691e+01 +3.866298691e+01 +1.4932e+00 -3.0078e+00
758 0 +1.106559872e+00 +3.862655987e+01 +3.862655987e+01 +1.4693e+00 -2.9942e+00
762 0 +9.663949321e-01 +3.848639493e+01 +3.848639493e+01 +1.5525e+00 -2.9949e+00
763 0 +9.386843392e-01 +3.845868434e+01 +3.845868434e+01 +1.5227e+00 -2.9627e+00
776 0 +6.211373972e-01 +3.814113740e+01 +3.814113740e+01 +1.7063e+00 -2.9141e+00
790 0 +5.641475471e-01 +3.808414755e+01 +3.808414755e+01 +1.7516e+00 -2.9145e+00
796 0 +5.548958974e-01 +3.807489590e+01 +3.807489590e+01 +1.7455e+00 -2.9013e+00
888 0 +5.458003246e-01 +3.806580032e+01 +3.806580032e+01 +1.7943e+00 -2.9015e+00
909 0 +5.154149578e-01 +3.803541496e+01 +3.803541496e+01 +1.7886e+00 -2.8954e+00
910 0 +5.103587738e-01 +3.803035877e+01 +3.803035877e+01 +1.8150e+00 -2.8870e+00
938 0 +4.507896680e-01 +3.797078967e+01 +3.797078967e+01 +1.8980e+00 -2.8344e+00
946 0 +4.033875180e-01 +3.792338752e+01 +3.792338752e+01 +1.8594e+00 -2.8403e+00
961 0 +3.905157234e-01 +3.791051572e+01 +3.791051572e+01 +1.8894e+00 -2.8269e+00
970 0 +3.844519008e-01 +3.790445190e+01 +3.790445190e+01 +1.8863e+00 -2.8263e+00
1020 0 +3.745487979e-01 +3.789454880e+01 +3.789454880e+01 +1.8987e+00 -2.8180e+00
1022 0 +3.711883467e-01 +3.789118835e+01 +3.789118835e+01 +1.9006e+00 -2.8160e+00
1051 0 +3.586152156e-01 +3.787861522e+01 +3.787861522e+01 +1.9135e+00 -2.8060e+00
1058 0 +3.386299790e-01 +3.785862998e+01 +3.785862998e+01 +1.9085e+00 -2.7962e+00
1069 0 +3.286174915e-01 +3.784861749e+01 +3.784861749e+01 +1.9178e+00 -2.7897e+00
1073 0 +3.071942016e-01 +3.782719420e+01 +3.782719420e+01 +1.9407e+00 -2.7587e+00
1078 0 +2.934109027e-01 +3.781341090e+01 +3.781341090e+01 +1.9734e+00 -2.7518e+00
1118 0 +2.730970415e-01 +3.779309704e+01 +3.779309704e+01 +1.9707e+00 -2.7324e+00
1121 0 +2.644210394e-01 +3.778442104e+01 +3.778442104e+01 +1.9814e+00 -2.7353e+00
1128 0 +2.304931527e-01 +3.775049315e+01 +3.775049315e+01 +2.0150e+00 -2.6866e+00
1134 0 +1.957648766e-01 +3.771576488e+01 +3.771576488e+01 +2.0478e+00 -2.6595e+00
1136 0 +1.825877341e-01 +3.770258773e+01 +3.770258773e+01 +2.1369e+00 -2.5748e+00
1137 0 +9.693579800e-02 +3.761693580e+01 +3.761693580e+01 +2.1835e+00 -2.4937e+00
1150 0 +5.831251707e-02 +3.757831252e+01 +3.757831252e+01 +2.2689e+00 -2.3722e+00
1258 0 +5.368173161e-02 +3.757368173e+01 +3.757368173e+01 +2.2592e+00 -2.3796e+00
1274 0 +4.529791902e-02 +3.756529792e+01 +3.756529792e+01 +2.2848e+00 -2.3431e+00
1280 0 +4.354395959e-02 +3.756354396e+01 +3.756354396e+01 +2.2815e+00 -2.3436e+00
1282 0 +3.935164894e-02 +3.755935165e+01 +3.755935165e+01 +2.3271e+00 -2.2798e+00
1283 0 +3.847413678e-02 +3.755847414e+01 +3.755847414e+01 +2.2953e+00 -2.3230e+00
1288 0 +3.465742348e-02 +3.755465742e+01 +3.755465742e+01 +2.3230e+00 -2.2835e+00
1289 0 +2.943038635e-02 +3.754943039e+01 +3.754943039e+01 +2.3205e+00 -2.2821e+00
1293 0 +1.919954302e-02 +3.753919954e+01 +3.753919954e+01 +2.3514e+00 -2.2273e+00
1302 0 +1.537747673e-02 +3.753537748e+01 +3.753537748e+01 +2.3944e+00 -2.1591e+00
1306 0 +1.412150891e-02 +3.753412151e+01 +3.753412151e+01 +2.3733e+00 -2.1913e+00
1307 0 +9.439454841e-03 +3.752943945e+01 +3.752943945e+01 +2.3975e+00 -2.1428e+00
1311 0 +7.510649634e-03 +3.752751065e+01 +3.752751065e+01 +2.4277e+00 -2.0839e+00
1314 0 +5.479984857e-03 +3.752547998e+01 +3.752547998e+01 +2.4838e+00 -1.9889e+00
1317 0 +4.965187835e-03 +3.752496519e+01 +3.752496519e+01 +2.4280e+00 -2.0861e+00
1348 0 +1.178809636e-04 +3.752011788e+01 +3.752011788e+01 +2.4879e+00 -1.9724e+00
1520 0 +1.149906289e-05 +3.752001150e+01 +3.752001150e+01 +2.4887e+00 -1.9721e+00
1575 0 +7.123270315e-06 +3.752000712e+01 +3.752000712e+01 +2.4876e+00 -1.9739e+00
1581 0 +5.547783502e-06 +3.752000555e+01 +3.752000555e+01 +2.4901e+00 -1.9687e+00
1601 0 +2.159778383e-06 +3.752000216e+01 +3.752000216e+01 +2.4915e+00 -1.9663e+00
1605 0 +1.225974572e-06 +3.752000123e+01 +3.752000123e+01 +2.4893e+00 -1.9705e+00
1615 0 +4.786380714e-08 +3.752000005e+01 +3.752000005e+01 +2.4898e+00 -1.9696e+00
1678 0 +3.854743369e-08 +3.752000004e+01 +3.752000004e+01 +2.4900e+00 -1.9692e+00
1695 0 +3.310181285e-08 +3.752000003e+01 +3.752000003e+01 +2.4901e+00 -1.9690e+00
1698 0 +8.318494338e-09 +3.752000001e+01 +3.752000001e+01 +2.4900e+00 -1.9691e+00
1962 0 +0.000000000e+00 +3.752000000e+01 +3.752000000e+01 +2.4900e+00 -1.9692e+00
% f evaluations | g evaluations | best noise-free fitness - Fopt (6.740000000000e+00) + sum g_i+ | measured fitness | best measured fitness or single-digit g-values | x1 | x2...
1 0 +4.626381579e+01 +5.300381579e+01 +5.300381579e+01 +0.0000e+00 +0.0000e+00
3 0 +1.050745130e+01 +1.724745130e+01 +1.724745130e+01 +9.8026e-02 +3.4094e-01
11 0 +6.469836437e+00 +1.320983644e+01 +1.320983644e+01 +3.1024e-01 +4.2322e-01
20 0 +1.934434906e+00 +8.674434906e+00 +8.674434906e+00 +2.5234e-01 +7.5426e-01
23 0 +1.116470198e+00 +7.856470198e+00 +7.856470198e+00 +1.4595e-01 +6.1545e-01
34 0 +4.538871901e-01 +7.193887190e+00 +7.193887190e+00 +4.9444e-01 +7.5336e-01
187 0 +4.211626573e-01 +7.161162657e+00 +7.161162657e+00 +5.2014e-01 +7.6168e-01
195 0 +4.071864342e-01 +7.147186434e+00 +7.147186434e+00 +5.3516e-01 +7.6882e-01
208 0 +3.643863565e-01 +7.104386357e+00 +7.104386357e+00 +5.7119e-01 +7.9588e-01
215 0 +3.613287341e-01 +7.101328734e+00 +7.101328734e+00 +5.8250e-01 +8.0081e-01
226 0 +3.334047058e-01 +7.073404706e+00 +7.073404706e+00 +6.1748e-01 +8.2741e-01
236 0 +3.116822254e-01 +7.051682225e+00 +7.051682225e+00 +6.1683e-01 +8.3506e-01
251 0 +3.015696848e-01 +7.041569685e+00 +7.041569685e+00 +6.6077e-01 +8.6472e-01
252 0 +2.698475711e-01 +7.009847571e+00 +7.009847571e+00 +6.5282e-01 +8.7083e-01
255 0 +2.611069952e-01 +7.001106995e+00 +7.001106995e+00 +6.8033e-01 +8.9013e-01
265 0 +2.474108584e-01 +6.987410858e+00 +6.987410858e+00 +6.7297e-01 +8.9242e-01
266 0 +2.011540510e-01 +6.941154051e+00 +6.941154051e+00 +7.7644e-01 +9.9157e-01
273 0 +1.782630191e-01 +6.918263019e+00 +6.918263019e+00 +7.8268e-01 +1.0038e+00
285 0 +1.346790318e-01 +6.874679032e+00 +6.874679032e+00 +8.4006e-01 +1.0785e+00
306 0 +1.005213847e-01 +6.840521385e+00 +6.840521385e+00 +8.8889e-01 +1.1481e+00
320 0 +9.047457690e-02 +6.830474577e+00 +6.830474577e+00 +8.7225e-01 +1.1336e+00
382 0 +8.731719798e-02 +6.827317198e+00 +6.827317198e+00 +8.7432e-01 +1.1384e+00
384 0 +8.631198587e-02 +6.826311986e+00 +6.826311986e+00 +8.7346e-01 +1.1425e+00
385 0 +7.489050596e-02 +6.814890506e+00 +6.814890506e+00 +9.0022e-01 +1.1737e+00
389 0 +7.334503080e-02 +6.813345031e+00 +6.813345031e+00 +9.0542e-01 +1.1804e+00
401 0 +5.881107859e-02 +6.798811079e+00 +6.798811079e+00 +9.3050e-01 +1.2198e+00
405 0 +5.641382674e-02 +6.796413827e+00 +6.796413827e+00 +9.2954e-01 +1.2242e+00
412 0 +4.181037200e-02 +6.781810372e+00 +6.781810372e+00 +9.9732e-01 +1.3202e+00
421 0 +2.497179239e-02 +6.764971792e+00 +6.764971792e+00 +1.0113e+00 +1.3577e+00
425 0 +2.218042069e-02 +6.762180421e+00 +6.762180421e+00 +1.0359e+00 +1.4043e+00
427 0 +2.041372380e-02 +6.760413724e+00 +6.760413724e+00 +1.0394e+00 +1.3969e+00
428 0 +1.972918182e-02 +6.759729182e+00 +6.759729182e+00 +1.0434e+00 +1.4036e+00
452 0 +1.557082396e-02 +6.755570824e+00 +6.755570824e+00 +1.0840e+00 +1.4737e+00
482 0 +1.387814017e-02 +6.753878140e+00 +6.753878140e+00 +1.0496e+00 +1.4202e+00
484 0 +1.329268827e-02 +6.753292688e+00 +6.753292688e+00 +1.0518e+00 +1.4246e+00
489 0 +1.228214380e-02 +6.752282144e+00 +6.752282144e+00 +1.0603e+00 +1.4372e+00
494 0 +8.952520571e-03 +6.748952521e+00 +6.748952521e+00 +1.0806e+00 +1.4730e+00
501 0 +6.824082353e-03 +6.746824082e+00 +6.746824082e+00 +1.0846e+00 +1.4849e+00
505 0 +5.966558265e-03 +6.745966558e+00 +6.745966558e+00 +1.0936e+00 +1.4984e+00
506 0 +5.592019593e-03 +6.745592020e+00 +6.745592020e+00 +1.0943e+00 +1.5004e+00
516 0 +5.482195984e-03 +6.745482196e+00 +6.745482196e+00 +1.0947e+00 +1.5012e+00
522 0 +3.776094341e-03 +6.743776094e+00 +6.743776094e+00 +1.1056e+00 +1.5230e+00
524 0 +3.532617420e-03 +6.743532617e+00 +6.743532617e+00 +1.1076e+00 +1.5272e+00
526 0 +2.185393360e-03 +6.742185393e+00 +6.742185393e+00 +1.1205e+00 +1.5518e+00
531 0 +1.207047682e-03 +6.741207048e+00 +6.741207048e+00 +1.1323e+00 +1.5738e+00
533 0 +1.127510622e-03 +6.741127511e+00 +6.741127511e+00 +1.1334e+00 +1.5761e+00
546 0 +1.072005688e-03 +6.741072006e+00 +6.741072006e+00 +1.1362e+00 +1.5805e+00
547 0 +7.701693876e-04 +6.740770169e+00 +6.740770169e+00 +1.1415e+00 +1.5930e+00
550 0 +2.506547162e-04 +6.740250655e+00 +6.740250655e+00 +1.1633e+00 +1.6332e+00
577 0 +2.121536836e-04 +6.740212154e+00 +6.740212154e+00 +1.1565e+00 +1.6203e+00
704 0 +1.876333831e-04 +6.740187633e+00 +6.740187633e+00 +1.1535e+00 +1.6151e+00
711 0 +1.575811469e-04 +6.740157581e+00 +6.740157581e+00 +1.1548e+00 +1.6177e+00
722 0 +1.170147955e-04 +6.740117015e+00 +6.740117015e+00 +1.1568e+00 +1.6215e+00
729 0 +1.088752098e-04 +6.740108875e+00 +6.740108875e+00 +1.1568e+00 +1.6217e+00
731 0 +8.598512829e-05 +6.740085985e+00 +6.740085985e+00 +1.1585e+00 +1.6250e+00
734 0 +4.982385509e-05 +6.740049824e+00 +6.740049824e+00 +1.1606e+00 +1.6291e+00
739 0 +9.269885066e-06 +6.740009270e+00 +6.740009270e+00 +1.1640e+00 +1.6362e+00
741 0 +5.136389818e-06 +6.740005136e+00 +6.740005136e+00 +1.1649e+00 +1.6381e+00
758 0 +3.562524167e-06 +6.740003563e+00 +6.740003563e+00 +1.1654e+00 +1.6390e+00
785 0 +3.084689642e-06 +6.740003085e+00 +6.740003085e+00 +1.1653e+00 +1.6389e+00
789 0 +5.315543081e-07 +6.740000532e+00 +6.740000532e+00 +1.1671e+00 +1.6425e+00
797 0 +1.101340681e-07 +6.740000110e+00 +6.740000110e+00 +1.1667e+00 +1.6417e+00
812 0 +5.451295948e-08 +6.740000055e+00 +6.740000055e+00 +1.1672e+00 +1.6426e+00
857 0 +5.113580492e-08 +6.740000051e+00 +6.740000051e+00 +1.1670e+00 +1.6423e+00
864 0 +4.151247701e-08 +6.740000042e+00 +6.740000042e+00 +1.1672e+00 +1.6426e+00
869 0 +2.176310421e-08 +6.740000022e+00 +6.740000022e+00 +1.1671e+00 +1.6425e+00
874 0 +1.770542379e-08 +6.740000018e+00 +6.740000018e+00 +1.1669e+00 +1.6421e+00
879 0 +3.859499387e-09 +6.740000004e+00 +6.740000004e+00 +1.1670e+00 +1.6423e+00
1208 0 +0.000000000e+00 +6.740000000e+00 +6.740000000e+00 +1.1670e+00 +1.6422e+00
% f evaluations | g evaluations | best noise-free fitness - Fopt (-1.897900000000e+02) + sum g_i+ | measured fitness | best measured fitness or single-digit g-values | x1 | x2...
1 0 +1.875450827e+03 +1.685660827e+03 +1.685660827e+03 +0.0000e+00 +0.0000e+00
5 0 +1.809146110e+03 +1.619356110e+03 +1.619356110e+03 -1.1375e-01 -3.0566e-01
8 0 +1.535712280e+03 +1.345922280e+03 +1.345922280e+03 -1.1781e-01 +1.5775e-02
14 0 +8.616578073e+02 +6.718678073e+02 +6.718678073e+02 -3.9445e-01 +1.7836e-01
27 0 +8.463981995e+02 +6.566081995e+02 +6.566081995e+02 -3.1212e-01 +4.3278e-01
35 0 +4.934140055e+02 +3.036240055e+02 +3.036240055e+02 -5.5956e-01 +4.7553e-01
48 0 +4.588720336e+02 +2.690820336e+02 +2.690820336e+02 -4.8640e-01 +7.3273e-01
56 0 +4.598173369e+01 -1.438082663e+02 -1.438082663e+02 -9.5912e-01 +1.2360e+00
64 0 +1.866857578e+00 -1.879231424e+02 -1.879231424e+02 -1.3791e+00 +1.5556e+00
127 0 +2.641653099e-01 -1.895258347e+02 -1.895258347e+02 -1.1323e+00 +1.6404e+00
147 0 +1.545175747e-01 -1.896354824e+02 -1.896354824e+02 -1.1207e+00 +1.6782e+00
376 0 +1.429828058e-01 -1.896470172e+02 -1.896470172e+02 -1.1160e+00 +1.6967e+00
381 0 +1.112224895e-01 -1.896787775e+02 -1.896787775e+02 -1.0523e+00 +1.7886e+00
386 0 +1.075081053e-01 -1.896824919e+02 -1.896824919e+02 -9.8464e-01 +1.8528e+00
388 0 +1.021394110e-01 -1.896878606e+02 -1.896878606e+02 -1.0581e+00 +1.7713e+00
399 0 +7.969862199e-02 -1.897103014e+02 -1.897103014e+02 -1.0009e+00 +1.8397e+00
408 0 +7.728654250e-02 -1.897127135e+02 -1.897127135e+02 -1.0170e+00 +1.8278e+00
455 0 +7.272444175e-02 -1.897172756e+02 -1.897172756e+02 -1.0079e+00 +1.8377e+00
460 0 +6.865635432e-02 -1.897213436e+02 -1.897213436e+02 -9.8966e-01 +1.8593e+00
469 0 +6.452440254e-02 -1.897254756e+02 -1.897254756e+02 -9.9321e-01 +1.8615e+00
478 0 +6.068919536e-02 -1.897293108e+02 -1.897293108e+02 -9.7029e-01 +1.8879e+00
512 0 +5.799201624e-02 -1.897320080e+02 -1.897320080e+02 -9.7175e-01 +1.8879e+00
519 0 +5.609178939e-02 -1.897339082e+02 -1.897339082e+02 -9.6048e-01 +1.9032e+00
532 0 +5.378396463e-02 -1.897362160e+02 -1.897362160e+02 -9.4783e-01 +1.9213e+00
536 0 +5.290150964e-02 -1.897370985e+02 -1.897370985e+02 -9.4427e-01 +1.9267e+00
544 0 +5.180388518e-02 -1.897381961e+02 -1.897381961e+02 -9.4748e-01 +1.9228e+00
548 0 +4.545406372e-02 -1.897445459e+02 -1.897445459e+02 -9.2909e-01 +1.9518e+00
561 0 +4.342819993e-02 -1.897465718e+02 -1.897465718e+02 -9.4034e-01 +1.9379e+00
566 0 +4.155484728e-02 -1.897484452e+02 -1.897484452e+02 -9.3322e-01 +1.9486e+00
567 0 +3.915982442e-02 -1.897508402e+02 -1.897508402e+02 -9.2735e-01 +1.9582e+00
574 0 +3.880417828e-02 -1.897511958e+02 -1.897511958e+02 -9.3391e-01 +1.9507e+00
576 0 +3.525816736e-02 -1.897547418e+02 -1.897547418e+02 -9.0735e-01 +1.9888e+00
580 0 +2.182452328e-02 -1.897681755e+02 -1.897681755e+02 -8.8084e-01 +2.0378e+00
584 0 +2.114012180e-02 -1.897688599e+02 -1.897688599e+02 -8.8191e-01 +2.0374e+00
586 0 +1.473035377e-02 -1.897752696e+02 -1.897752696e+02 -8.4306e-01 +2.1020e+00
588 0 +1.441492139e-02 -1.897755851e+02 -1.897755851e+02 -8.5625e-01 +2.0821e+00
610 0 +1.290995160e-02 -1.897770900e+02 -1.897770900e+02 -8.4114e-01 +2.1167e+00
612 0 +1.035485969e-02 -1.897796451e+02 -1.897796451e+02 -8.2392e-01 +2.1373e+00
617 0 +9.619350420e-03 -1.897803806e+02 -1.897803806e+02 -8.2762e-01 +2.1404e+00
625 0 +6.541416243e-03 -1.897834586e+02 -1.897834586e+02 -8.1950e-01 +2.1501e+00
630 0 +6.185594635e-03 -1.897838144e+02 -1.897838144e+02 -8.0625e-01 +2.1715e+00
640 0 +5.207271509e-03 -1.897847927e+02 -1.897847927e+02 -8.1102e-01 +2.1674e+00
643 0 +4.911194914e-03 -1.897850888e+02 -1.897850888e+02 -7.9567e-01 +2.1913e+00
647 0 +4.354331330e-03 -1.897856457e+02 -1.897856457e+02 -8.0051e-01 +2.1839e+00
651 0 +1.955956894e-03 -1.897880440e+02 -1.897880440e+02 -7.8066e-01 +2.2225e+00
667 0 +1.852443536e-03 -1.897881476e+02 -1.897881476e+02 -7.6386e-01 +2.2530e+00
687 0 +1.671374942e-03 -1.897883286e+02 -1.897883286e+02 -7.7595e-01 +2.2313e+00
694 0 +1.554761991e-03 -1.897884452e+02 -1.897884452e+02 -7.7861e-01 +2.2280e+00
700 0 +1.357034420e-03 -1.897886430e+02 -1.897886430e+02 -7.4941e-01 +2.2814e+00
701 0 +1.324154691e-03 -1.897886758e+02 -1.897886758e+02 -7.6553e-01 +2.2507e+00
704 0 +7.098937540e-04 -1.897892901e+02 -1.897892901e+02 -7.6525e-01 +2.2532e+00
724 0 +5.553546227e-04 -1.897894446e+02 -1.897894446e+02 -7.5231e-01 +2.2772e+00
728 0 +5.244547131e-04 -1.897894755e+02 -1.897894755e+02 -7.5108e-01 +2.2796e+00
738 0 +3.239482737e-04 -1.897896761e+02 -1.897896761e+02 -7.4708e-01 +2.2879e+00
739 0 +1.146696885e-04 -1.897898853e+02 -1.897898853e+02 -7.3817e-01 +2.3062e+00
741 0 +2.449954314e-05 -1.897899755e+02 -1.897899755e+02 -7.4274e-01 +2.2978e+00
758 0 +1.813234141e-05 -1.897899819e+02 -1.897899819e+02 -7.4230e-01 +2.2987e+00
774 0 +5.876965645e-06 -1.897899941e+02 -1.897899941e+02 -7.4154e-01 +2.3006e+00
799 0 +3.165445889e-06 -1.897899968e+02 -1.897899968e+02 -7.4075e-01 +2.3022e+00
801 0 +1.929118639e-06 -1.897899981e+02 -1.897899981e+02 -7.3887e-01 +2.3057e+00
810 0 +2.627325557e-07 -1.897899997e+02 -1.897899997e+02 -7.3871e-01 +2.3062e+00
852 0 +2.528782375e-07 -1.897899997e+02 -1.897899997e+02 -7.3910e-01 +2.3054e+00
853 0 +1.859872611e-07 -1.897899998e+02 -1.897899998e+02 -7.3901e-01 +2.3055e+00
855 0 +1.790810984e-07 -1.897899998e+02 -1.897899998e+02 -7.3886e-01 +2.3058e+00
857 0 +6.626572713e-08 -1.897899999e+02 -1.897899999e+02 -7.3897e-01 +2.3057e+00
858 0 +3.073935773e-08 -1.897900000e+02 -1.897900000e+02 -7.3937e-01 +2.3049e+00
874 0 +2.454612513e-09 -1.897900000e+02 -1.897900000e+02 -7.3915e-01 +2.3053e+00
1120 0 +0.000000000e+00 -1.897900000e+02 -1.897900000e+02 -7.3920e-01 +2.3052e+00
% f evaluations | g evaluations | best noise-free fitness - Fopt (-2.774000000000e+01) + sum g_i+ | measured fitness | best measured fitness or single-digit g-values | x1 | x2...
1 0 +1.076835731e+03 +1.049095731e+03 +1.049095731e+03 +0.0000e+00 +0.0000e+00
2 0 +8.026822988e+02 +7.749422988e+02 +7.749422988e+02 +4.3379e-01 +3.0692e-02
12 0 +6.665071601e+02 +6.387671601e+02 +6.387671601e+02 +3.3015e-01 -3.6944e-01
16 0 +5.274245667e+02 +4.996845667e+02 +4.996845667e+02 +6.2926e-01 -1.6720e-01
24 0 +4.174460357e+02 +3.897060357e+02 +3.897060357e+02 +6.9868e-01 -2.8198e-01
26 0 +2.715951281e+02 +2.438551281e+02 +2.438551281e+02 +7.5538e-01 -5.5675e-01
30 0 +1.174111879e+02 +8.967118785e+01 +8.967118785e+01 +8.5561e-01 -8.9280e-01
37 0 +6.097946555e+01 +3.323946555e+01 +3.323946555e+01 +1.4443e+00 -1.0053e+00
38 0 +2.638193657e+01 -1.358063432e+00 -1.358063432e+00 +1.0934e+00 -8.4175e-01
40 0 +8.236043147e-01 -2.691639569e+01 -2.691639569e+01 +1.4273e+00 -3.3776e-01
76 0 +4.735347465e-01 -2.726646525e+01 -2.726646525e+01 +1.2892e+00 -7.2691e-01
94 0 +4.212830532e-01 -2.731871695e+01 -2.731871695e+01 +1.3070e+00 -7.0794e-01
676 0 +3.995603858e-01 -2.734043961e+01 -2.734043961e+01 +1.2959e+00 -7.2968e-01
693 0 +3.813859710e-01 -2.735861403e+01 -2.735861403e+01 +1.2830e+00 -7.7654e-01
702 0 +3.486277423e-01 -2.739137226e+01 -2.739137226e+01 +1.2558e+00 -8.6359e-01
707 0 +3.309803531e-01 -2.740901965e+01 -2.740901965e+01 +1.2406e+00 -9.1258e-01
715 0 +3.111630225e-01 -2.742883698e+01 -2.742883698e+01 +1.2174e+00 -9.9228e-01
717 0 +3.060110862e-01 -2.743398891e+01 -2.743398891e+01 +1.2186e+00 -9.8025e-01
732 0 +2.609987951e-01 -2.747900120e+01 -2.747900120e+01 +1.1747e+00 -1.1108e+00
751 0 +2.509301261e-01 -2.748906987e+01 -2.748906987e+01 +1.1206e+00 -1.2962e+00
755 0 +2.328654624e-01 -2.750713454e+01 -2.750713454e+01 +1.1248e+00 -1.2778e+00
775 0 +1.982199522e-01 -2.754178005e+01 -2.754178005e+01 +1.0855e+00 -1.3909e+00
804 0 +1.885068134e-01 -2.755149319e+01 -2.755149319e+01 +1.0576e+00 -1.4732e+00
822 0 +1.802231810e-01 -2.755977682e+01 -2.755977682e+01 +1.0816e+00 -1.3956e+00
860 0 +1.617891287e-01 -2.757821087e+01 -2.757821087e+01 +1.0498e+00 -1.4882e+00
867 0 +1.406586753e-01 -2.759934132e+01 -2.759934132e+01 +1.0070e+00 -1.6083e+00
967 0 +1.363217730e-01 -2.760367823e+01 -2.760367823e+01 +9.6296e-01 -1.7310e+00
971 0 +1.347135076e-01 -2.760528649e+01 -2.760528649e+01 +9.5442e-01 -1.7538e+00
973 0 +1.312220716e-01 -2.760877793e+01 -2.760877793e+01 +9.6254e-01 -1.7309e+00
976 0 +1.204091822e-01 -2.761959082e+01 -2.761959082e+01 +9.4428e-01 -1.7779e+00
983 0 +1.139583669e-01 -2.762604163e+01 -2.762604163e+01 +9.4033e-01 -1.7869e+00
990 0 +1.120358177e-01 -2.762796418e+01 -2.762796418e+01 +9.5457e-01 -1.7477e+00
991 0 +1.092180419e-01 -2.763078196e+01 -2.763078196e+01 +9.2360e-01 -1.8303e+00
993 0 +8.830986254e-02 -2.765169014e+01 -2.765169014e+01 +9.4717e-01 -1.7593e+00
999 0 +7.157361704e-02 -2.766842638e+01 -2.766842638e+01 +9.3291e-01 -1.7866e+00
1005 0 +5.480262721e-02 -2.768519737e+01 -2.768519737e+01 +8.9948e-01 -1.8695e+00
1008 0 +5.027183201e-02 -2.768972817e+01 -2.768972817e+01 +8.8194e-01 -1.9186e+00
1010 0 +4.473653109e-02 -2.769526347e+01 -2.769526347e+01 +8.4637e-01 -1.9872e+00
1021 0 +1.872053836e-02 -2.772127946e+01 -2.772127946e+01 +8.0203e-01 -2.1001e+00
1029 0 +7.884781077e-03 -2.773211522e+01 -2.773211522e+01 +7.3567e-01 -2.2528e+00
1032 0 +6.162128990e-03 -2.773383787e+01 -2.773383787e+01 +7.4117e-01 -2.2376e+00
1063 0 +3.516477202e-03 -2.773648352e+01 -2.773648352e+01 +6.7543e-01 -2.3785e+00
1064 0 +4.187245725e-04 -2.773958128e+01 -2.773958128e+01 +6.8572e-01 -2.3520e+00
1130 0 +3.292748456e-04 -2.773967073e+01 -2.773967073e+01 +6.8177e-01 -2.3606e+00
1147 0 +2.684123832e-04 -2.773973159e+01 -2.773973159e+01 +6.8161e-01 -2.3604e+00
1162 0 +2.416636716e-04 -2.773975834e+01 -2.773975834e+01 +6.8090e-01 -2.3617e+00
1176 0 +1.975009796e-04 -2.773980250e+01 -2.773980250e+01 +6.7859e-01 -2.3667e+00
1180 0 +1.500795846e-04 -2.773984992e+01 -2.773984992e+01 +6.7479e-01 -2.3747e+00
1182 0 +1.368271831e-04 -2.773986317e+01 -2.773986317e+01 +6.7691e-01 -2.3694e+00
1186 0 +3.886713484e-05 -2.773996113e+01 -2.773996113e+01 +6.7062e-01 -2.3827e+00
1204 0 +2.702021003e-06 -2.773999730e+01 -2.773999730e+01 +6.6548e-01 -2.3928e+00
1223 0 +2.541331583e-06 -2.773999746e+01 -2.773999746e+01 +6.6576e-01 -2.3919e+00
1237 0 +1.843537877e-06 -2.773999816e+01 -2.773999816e+01 +6.6555e-01 -2.3924e+00
1257 0 +1.166221288e-06 -2.773999883e+01 -2.773999883e+01 +6.6621e-01 -2.3911e+00
1261 0 +7.559384976e-07 -2.773999924e+01 -2.773999924e+01 +6.6592e-01 -2.3917e+00
1262 0 +3.498684542e-07 -2.773999965e+01 -2.773999965e+01 +6.6481e-01 -2.3940e+00
1264 0 +3.347986315e-07 -2.773999967e+01 -2.773999967e+01 +6.6583e-01 -2.3919e+00
1272 0 +1.533314311e-07 -2.773999985e+01 -2.773999985e+01 +6.6564e-01 -2.3923e+00
1295 0 +4.134414056e-08 -2.773999996e+01 -2.773999996e+01 +6.6560e-01 -2.3924e+00
1300 0 +1.187691367e-08 -2.773999999e+01 -2.773999999e+01 +6.6530e-01 -2.3930e+00
1315 0 +5.172971385e-09 -2.773999999e+01 -2.773999999e+01 +6.6533e-01 -2.3929e+00
1578 0 +0.000000000e+00 -2.774000000e+01 -2.774000000e+01 +6.6540e-01 -2.3928e+00
% f evaluations | g evaluations | best noise-free fitness - Fopt (6.930000000000e+00) + sum g_i+ | measured fitness | best measured fitness or single-digit g-values | x1 | x2...
1 0 +6.699765651e+02 +6.769065651e+02 +6.769065651e+02 +0.0000e+00 +0.0000e+00
3 0 +6.444434844e+02 +6.513734844e+02 +6.513734844e+02 +9.8026e-02 +3.4094e-01
8 0 +5.054550703e+02 +5.123850703e+02 +5.123850703e+02 -1.1781e-01 +1.5775e-02
10 0 +4.971170638e+02 +5.040470638e+02 +5.040470638e+02 -1.2536e-01 +1.4549e-02
14 0 +2.054045213e+02 +2.123345213e+02 +2.123345213e+02 -3.9445e-01 +1.7836e-01
27 0 +1.841274601e+02 +1.910574601e+02 +1.910574601e+02 -3.1212e-01 +4.3278e-01
35 0 +6.720071299e+01 +7.413071299e+01 +7.413071299e+01 -5.5956e-01 +4.7553e-01
48 0 +4.843226308e+01 +5.536226308e+01 +5.536226308e+01 -4.8640e-01 +7.3273e-01
56 0 +2.338413995e+01 +3.031413995e+01 +3.031413995e+01 -9.5912e-01 +1.2360e+00
57 0 +3.292298292e+00 +1.022229829e+01 +1.022229829e+01 -6.6904e-01 +9.3556e-01
59 0 +8.158275680e-01 +7.745827568e+00 +7.745827568e+00 -8.1677e-01 +9.9287e-01
77 0 +4.573453206e-01 +7.387345321e+00 +7.387345321e+00 -8.6628e-01 +8.0015e-01
78 0 +1.901722410e-01 +7.120172241e+00 +7.120172241e+00 -8.4829e-01 +8.8694e-01
128 0 +1.297049372e-01 +7.059704937e+00 +7.059704937e+00 -7.8969e-01 +9.5148e-01
131 0 +9.440194944e-02 +7.024401949e+00 +7.024401949e+00 -7.3496e-01 +1.0255e+00
308 0 +9.292884611e-02 +7.022928846e+00 +7.022928846e+00 -7.3872e-01 +1.0110e+00
311 0 +8.857344454e-02 +7.018573445e+00 +7.018573445e+00 -7.3165e-01 +1.0211e+00
315 0 +8.092939936e-02 +7.010929399e+00 +7.010929399e+00 -7.1806e-01 +1.0400e+00
321 0 +7.526286059e-02 +7.005262861e+00 +7.005262861e+00 -7.0932e-01 +1.0551e+00
328 0 +7.366730559e-02 +7.003667306e+00 +7.003667306e+00 -6.9555e-01 +1.0680e+00
331 0 +5.532916503e-02 +6.985329165e+00 +6.985329165e+00 -6.5828e-01 +1.1247e+00
335 0 +4.581976063e-02 +6.975819761e+00 +6.975819761e+00 -6.4037e-01 +1.1542e+00
336 0 +4.492817760e-02 +6.974928178e+00 +6.974928178e+00 -6.3671e-01 +1.1596e+00
343 0 +4.262367266e-02 +6.972623673e+00 +6.972623673e+00 -6.3986e-01 +1.1585e+00
346 0 +4.071716708e-02 +6.970717167e+00 +6.970717167e+00 -6.3631e-01 +1.1653e+00
348 0 +2.789788514e-02 +6.957897885e+00 +6.957897885e+00 -5.6813e-01 +1.2702e+00
357 0 +2.672592591e-02 +6.956725926e+00 +6.956725926e+00 -5.6560e-01 +1.2748e+00
373 0 +1.220244854e-02 +6.942202449e+00 +6.942202449e+00 -5.3555e-01 +1.3332e+00
377 0 +7.634234077e-03 +6.937634234e+00 +6.937634234e+00 -5.1526e-01 +1.3713e+00
456 0 +6.116467172e-03 +6.936116467e+00 +6.936116467e+00 -5.0562e-01 +1.3892e+00
458 0 +5.538467851e-03 +6.935538468e+00 +6.935538468e+00 -4.9416e-01 +1.4095e+00
467 0 +4.085486940e-03 +6.934085487e+00 +6.934085487e+00 -4.7227e-01 +1.4505e+00
542 0 +3.884573858e-03 +6.933884574e+00 +6.933884574e+00 -4.9467e-01 +1.4112e+00
548 0 +3.410225228e-03 +6.933410225e+00 +6.933410225e+00 -4.8683e-01 +1.4251e+00
555 0 +3.156497650e-03 +6.933156498e+00 +6.933156498e+00 -4.8707e-01 +1.4253e+00
561 0 +2.640868533e-03 +6.932640869e+00 +6.932640869e+00 -4.8213e-01 +1.4347e+00
566 0 +2.529914367e-03 +6.932529914e+00 +6.932529914e+00 -4.8022e-01 +1.4382e+00
567 0 +2.331620175e-03 +6.932331620e+00 +6.932331620e+00 -4.7652e-01 +1.4450e+00
572 0 +2.063806151e-03 +6.932063806e+00 +6.932063806e+00 -4.7738e-01 +1.4442e+00
573 0 +2.005678211e-03 +6.932005678e+00 +6.932005678e+00 -4.7534e-01 +1.4478e+00
574 0 +1.519187650e-03 +6.931519188e+00 +6.931519188e+00 -4.6938e-01 +1.4594e+00
581 0 +1.264153172e-03 +6.931264153e+00 +6.931264153e+00 -4.5772e-01 +1.4811e+00
585 0 +8.869763322e-04 +6.930886976e+00 +6.930886976e+00 -4.4918e-01 +1.4980e+00
587 0 +6.618940646e-04 +6.930661894e+00 +6.930661894e+00 -4.4689e-01 +1.5029e+00
617 0 +5.923701264e-04 +6.930592370e+00 +6.930592370e+00 -4.4075e-01 +1.5150e+00
620 0 +3.399691884e-04 +6.930339969e+00 +6.930339969e+00 -4.4150e-01 +1.5141e+00
645 0 +2.223822194e-04 +6.930222382e+00 +6.930222382e+00 -4.4312e-01 +1.5114e+00
651 0 +9.629825002e-05 +6.930096298e+00 +6.930096298e+00 -4.3582e-01 +1.5262e+00
661 0 +5.369262009e-05 +6.930053693e+00 +6.930053693e+00 -4.3797e-01 +1.5222e+00
682 0 +3.597104501e-05 +6.930035971e+00 +6.930035971e+00 -4.3744e-01 +1.5234e+00
692 0 +1.060301884e-05 +6.930010603e+00 +6.930010603e+00 -4.3188e-01 +1.5351e+00
724 0 +1.314191049e-06 +6.930001314e+00 +6.930001314e+00 -4.3410e-01 +1.5307e+00
726 0 +9.251588491e-07 +6.930000925e+00 +6.930000925e+00 -4.3584e-01 +1.5271e+00
758 0 +5.960840799e-08 +6.930000060e+00 +6.930000060e+00 -4.3497e-01 +1.5288e+00
786 0 +2.632122875e-08 +6.930000026e+00 +6.930000026e+00 -4.3485e-01 +1.5291e+00
797 0 +8.207038604e-09 +6.930000008e+00 +6.930000008e+00 -4.3493e-01 +1.5289e+00
1162 0 +0.000000000e+00 +6.930000000e+00 +6.930000000e+00 -4.3500e-01 +1.5288e+00
% f evaluations | g evaluations | best noise-free fitness - Fopt (-4.456000000000e+01) + sum g_i+ | measured fitness | best measured fitness or single-digit g-values | x1 | x2...
1 0 +7.102388350e+02 +6.656788350e+02 +6.656788350e+02 +0.0000e+00 +0.0000e+00
2 0 +5.269475579e+02 +4.823875579e+02 +4.823875579e+02 +4.3379e-01 +3.0692e-02
12 0 +4.101616099e+02 +3.656016099e+02 +3.656016099e+02 +3.3015e-01 -3.6944e-01
16 0 +3.220252716e+02 +2.774652716e+02 +2.774652716e+02 +6.2926e-01 -1.6720e-01
24 0 +2.414016652e+02 +1.968416652e+02 +1.968416652e+02 +6.9868e-01 -2.8198e-01
25 0 +2.376860983e+02 +1.931260983e+02 +1.931260983e+02 +6.1610e-01 -4.4283e-01
26 0 +1.366291797e+02 +9.206917966e+01 +9.206917966e+01 +7.5538e-01 -5.5675e-01
30 0 +3.876973789e+01 -5.790262106e+00 -5.790262106e+00 +8.5561e-01 -8.9280e-01
38 0 +1.004535223e+00 -4.355546478e+01 -4.355546478e+01 +1.0934e+00 -8.4175e-01
53 0 +3.368801706e-01 -4.422311983e+01 -4.422311983e+01 +1.3099e+00 -3.2799e-01
107 0 +2.099038608e-01 -4.435009614e+01 -4.435009614e+01 +1.1571e+00 -7.3947e-01
151 0 +1.956955169e-01 -4.436430448e+01 -4.436430448e+01 +1.1985e+00 -6.4210e-01
571 0 +1.947194989e-01 -4.436528050e+01 -4.436528050e+01 +1.1978e+00 -6.4716e-01
607 0 +1.904372147e-01 -4.436956279e+01 -4.436956279e+01 +1.1910e+00 -6.7005e-01
621 0 +1.854891532e-01 -4.437451085e+01 -4.437451085e+01 +1.1816e+00 -6.9944e-01
635 0 +1.814099441e-01 -4.437859006e+01 -4.437859006e+01 +1.1610e+00 -7.6432e-01
639 0 +1.760974490e-01 -4.438390255e+01 -4.438390255e+01 +1.1711e+00 -7.2885e-01
649 0 +1.699912737e-01 -4.439000873e+01 -4.439000873e+01 +1.1648e+00 -7.4609e-01
650 0 +1.688012560e-01 -4.439119874e+01 -4.439119874e+01 +1.1185e+00 -8.8775e-01
655 0 +1.606468578e-01 -4.439935314e+01 -4.439935314e+01 +1.1265e+00 -8.6206e-01
658 0 +1.509816664e-01 -4.440901833e+01 -4.440901833e+01 +1.1167e+00 -8.8794e-01
662 0 +1.371876064e-01 -4.442281239e+01 -4.442281239e+01 +1.1176e+00 -8.7922e-01
675 0 +1.241975660e-01 -4.443580243e+01 -4.443580243e+01 +1.0731e+00 -1.0056e+00
680 0 +9.034138243e-02 -4.446965862e+01 -4.446965862e+01 +1.0045e+00 -1.1830e+00
738 0 +8.897439499e-02 -4.447102561e+01 -4.447102561e+01 +1.0527e+00 -1.0469e+00
739 0 +8.530933602e-02 -4.447469066e+01 -4.447469066e+01 +1.0476e+00 -1.0539e+00
741 0 +7.862453809e-02 -4.448137546e+01 -4.448137546e+01 +1.0370e+00 -1.0839e+00
743 0 +6.957072125e-02 -4.449042928e+01 -4.449042928e+01 +1.0202e+00 -1.1256e+00
747 0 +6.759241555e-02 -4.449240758e+01 -4.449240758e+01 +1.0165e+00 -1.1352e+00
754 0 +5.837595767e-02 -4.450162404e+01 -4.450162404e+01 +9.8509e-01 -1.2062e+00
762 0 +4.083207266e-02 -4.451916793e+01 -4.451916793e+01 +9.5776e-01 -1.2823e+00
765 0 +7.994795247e-03 -4.455200520e+01 -4.455200520e+01 +8.2696e-01 -1.5830e+00
834 0 +6.376968619e-03 -4.455362303e+01 -4.455362303e+01 +8.3049e-01 -1.5669e+00
846 0 +1.008083065e-03 -4.455899192e+01 -4.455899192e+01 +7.8786e-01 -1.6603e+00
868 0 +8.999227317e-04 -4.455910008e+01 -4.455910008e+01 +7.7965e-01 -1.6785e+00
931 0 +8.641598718e-04 -4.455913584e+01 -4.455913584e+01 +7.8392e-01 -1.6689e+00
986 0 +8.135114733e-04 -4.455918649e+01 -4.455918649e+01 +7.8512e-01 -1.6653e+00
989 0 +8.045786047e-04 -4.455919542e+01 -4.455919542e+01 +7.8322e-01 -1.6702e+00
990 0 +7.569439308e-04 -4.455924306e+01 -4.455924306e+01 +7.8315e-01 -1.6701e+00
993 0 +3.699393086e-04 -4.455963006e+01 -4.455963006e+01 +7.7573e-01 -1.6844e+00
999 0 +1.059617547e-04 -4.455989404e+01 -4.455989404e+01 +7.6372e-01 -1.7082e+00
1005 0 +7.102171111e-06 -4.455999290e+01 -4.455999290e+01 +7.5643e-01 -1.7233e+00
1055 0 +1.259030739e-06 -4.455999874e+01 -4.455999874e+01 +7.5720e-01 -1.7219e+00
1082 0 +6.975671596e-07 -4.455999930e+01 -4.455999930e+01 +7.5694e-01 -1.7226e+00
1088 0 +1.098690348e-07 -4.455999989e+01 -4.455999989e+01 +7.5673e-01 -1.7229e+00
1106 0 +6.180234635e-08 -4.455999994e+01 -4.455999994e+01 +7.5665e-01 -1.7231e+00
1125 0 +4.898502226e-08 -4.455999995e+01 -4.455999995e+01 +7.5667e-01 -1.7230e+00
1126 0 +4.289992717e-08 -4.455999996e+01 -4.455999996e+01 +7.5674e-01 -1.7229e+00
1138 0 +6.777163719e-09 -4.455999999e+01 -4.455999999e+01 +7.5668e-01 -1.7230e+00
1340 0 +0.000000000e+00 -4.456000000e+01 -4.456000000e+01 +7.5660e-01 -1.7232e+00
% f evaluations | g evaluations | best noise-free fitness - Fopt (1.000000000000e+03) + sum g_i+ | measured fitness | best measured fitness or single-digit g-values | x1 | x2...
1 0 +8.550519955e+03 +9.550519955e+03 +9.550519955e+03 +0.0000e+00 +0.0000e+00
5 0 +7.762575951e+03 +8.762575951e+03 +8.762575951e+03 -1.1375e-01 -3.0566e-01
8 0 +7.162588447e+03 +8.162588447e+03 +8.162588447e+03 -1.1781e-01 +1.5775e-02
14 0 +4.364756837e+03 +5.364756837e+03 +5.364756837e+03 -3.9445e-01 +1.7836e-01
35 0 +3.543035920e+03 +4.543035920e+03 +4.543035920e+03 -5.0611e-01 +1.9222e-01
56 0 +1.591031935e+03 +2.591031935e+03 +2.591031935e+03 -8.5847e-01 +2.9842e-01
64 0 +3.978571475e+02 +1.397857148e+03 +1.397857148e+03 -1.2833e+00 +3.8336e-01
68 0 +1.608878304e+01 +1.016088783e+03 +1.016088783e+03 -1.6468e+00 +6.3294e-01
78 0 +2.558605945e-01 +1.000255861e+03 +1.000255861e+03 -1.8195e+00 +4.7236e-01
761 0 +2.303074766e-01 +1.000230307e+03 +1.000230307e+03 -1.8691e+00 +3.5186e-01
764 0 +2.132948903e-01 +1.000213295e+03 +1.000213295e+03 -1.8822e+00 +3.1241e-01
770 0 +2.067608277e-01 +1.000206761e+03 +1.000206761e+03 -1.8697e+00 +3.4097e-01
776 0 +1.424543223e-01 +1.000142454e+03 +1.000142454e+03 -1.9592e+00 +7.0074e-02
777 0 +1.316710750e-01 +1.000131671e+03 +1.000131671e+03 -1.9550e+00 +9.2846e-02
791 0 +1.205915832e-01 +1.000120592e+03 +1.000120592e+03 -1.9808e+00 +1.5478e-02
842 0 +1.198692672e-01 +1.000119869e+03 +1.000119869e+03 -1.9804e+00 +1.7157e-02
892 0 +1.165719863e-01 +1.000116572e+03 +1.000116572e+03 -1.9842e+00 +7.5215e-03
896 0 +1.136755376e-01 +1.000113676e+03 +1.000113676e+03 -1.9925e+00 -1.6118e-02
912 0 +1.109816147e-01 +1.000110982e+03 +1.000110982e+03 -1.9890e+00 -3.5430e-03
920 0 +1.084762633e-01 +1.000108476e+03 +1.000108476e+03 -1.9886e+00 +1.9453e-03
923 0 +1.057000247e-01 +1.000105700e+03 +1.000105700e+03 -1.9971e+00 -2.4910e-02
931 0 +1.039672589e-01 +1.000103967e+03 +1.000103967e+03 -1.9989e+00 -2.9092e-02
979 0 +1.014798524e-01 +1.000101480e+03 +1.000101480e+03 -2.0008e+00 -3.2397e-02
982 0 +9.995676909e-02 +1.000099957e+03 +1.000099957e+03 -2.0036e+00 -4.0044e-02
990 0 +9.730951423e-02 +1.000097310e+03 +1.000097310e+03 -2.0079e+00 -5.1416e-02
993 0 +8.646626591e-02 +1.000086466e+03 +1.000086466e+03 -2.0238e+00 -8.8806e-02
999 0 +7.525845243e-02 +1.000075258e+03 +1.000075258e+03 -2.0479e+00 -1.4622e-01
1005 0 +6.804019686e-02 +1.000068040e+03 +1.000068040e+03 -2.0624e+00 -1.8253e-01
1010 0 +3.981950221e-02 +1.000039820e+03 +1.000039820e+03 -2.1448e+00 -3.7789e-01
1019 0 +1.187961306e-02 +1.000011880e+03 +1.000011880e+03 -2.2202e+00 -5.5428e-01
1031 0 +9.670828317e-03 +1.000009671e+03 +1.000009671e+03 -2.2223e+00 -5.6131e-01
1035 0 +7.170093955e-03 +1.000007170e+03 +1.000007170e+03 -2.2738e+00 -6.8109e-01
1040 0 +4.728766800e-03 +1.000004729e+03 +1.000004729e+03 -2.2497e+00 -6.2198e-01
1053 0 +4.363665750e-03 +1.000004364e+03 +1.000004364e+03 -2.2545e+00 -6.3516e-01
1119 0 +2.932021850e-03 +1.000002932e+03 +1.000002932e+03 -2.2645e+00 -6.5534e-01
1135 0 +1.381147073e-03 +1.000001381e+03 +1.000001381e+03 -2.2985e+00 -7.2810e-01
1143 0 +1.346174923e-03 +1.000001346e+03 +1.000001346e+03 -2.2812e+00 -6.8946e-01
1144 0 +1.253928868e-03 +1.000001254e+03 +1.000001254e+03 -2.2824e+00 -6.9164e-01
1149 0 +1.083798042e-03 +1.000001084e+03 +1.000001084e+03 -2.3045e+00 -7.3407e-01
1153 0 +4.985245677e-04 +1.000000499e+03 +1.000000499e+03 -2.2975e+00 -7.2377e-01
1154 0 +4.336130756e-04 +1.000000434e+03 +1.000000434e+03 -2.2974e+00 -7.2305e-01
1159 0 +1.209790996e-04 +1.000000121e+03 +1.000000121e+03 -2.3207e+00 -7.7074e-01
1173 0 +4.955583108e-07 +1.000000000e+03 +1.000000000e+03 -2.3180e+00 -7.6425e-01
1261 0 +4.866381005e-07 +1.000000000e+03 +1.000000000e+03 -2.3179e+00 -7.6392e-01
1264 0 +3.663075177e-07 +1.000000000e+03 +1.000000000e+03 -2.3175e+00 -7.6314e-01
1272 0 +3.724881026e-08 +1.000000000e+03 +1.000000000e+03 -2.3176e+00 -7.6346e-01
1310 0 +2.883132311e-08 +1.000000000e+03 +1.000000000e+03 -2.3179e+00 -7.6401e-01
1319 0 +6.299501365e-09 +1.000000000e+03 +1.000000000e+03 -2.3177e+00 -7.6367e-01
1563 0 +0.000000000e+00 +1.000000000e+03 +1.000000000e+03 -2.3178e+00 -7.6380e-01
% f evaluations | g evaluations | best noise-free fitness - Fopt (-6.797100000000e+02) + sum g_i+ | measured fitness | best measured fitness or single-digit g-values | x1 | x2...
1 0 +1.083051806e+03 +4.033418057e+02 +4.033418057e+02 +0.0000e+00 +0.0000e+00
2 0 +9.755030075e+02 +2.957930075e+02 +2.957930075e+02 +4.3379e-01 +3.0692e-02
5 0 +8.852669053e+02 +2.055569053e+02 +2.055569053e+02 -1.1375e-01 -3.0566e-01
12 0 +7.867018529e+02 +1.069918529e+02 +1.069918529e+02 +3.3015e-01 -3.6944e-01
22 0 +7.539449972e+02 +7.423499718e+01 +7.423499718e+01 +3.6082e-01 -4.0656e-01
24 0 +7.109445038e+02 +3.123450379e+01 +3.123450379e+01 +5.4395e-01 -3.1610e-01
25 0 +6.703419224e+02 -9.368077598e+00 -9.368077598e+00 +4.7565e-01 -4.6458e-01
26 0 +5.583477417e+02 -1.213622583e+02 -1.213622583e+02 +5.8852e-01 -5.6805e-01
30 0 +3.783620957e+02 -3.013479043e+02 -3.013479043e+02 +6.7360e-01 -8.7658e-01
32 0 +1.033427114e+02 -5.763672886e+02 -5.763672886e+02 +1.2636e+00 -6.4982e-01
33 0 +7.358511687e+01 -6.061248831e+02 -6.061248831e+02 +1.5241e+00 -1.7903e+00
34 0 +2.953306169e+01 -6.501769383e+02 -6.501769383e+02 +1.3339e+00 -9.3965e-01
36 0 +2.343221092e+01 -6.562777891e+02 -6.562777891e+02 +1.4904e+00 -1.5181e+00
38 0 +1.362591367e+01 -6.660840863e+02 -6.660840863e+02 +1.1899e+00 -1.4798e+00
48 0 +1.201814322e+01 -6.676918568e+02 -6.676918568e+02 -2.4256e+00 +2.4829e+00
86 0 +1.119435386e+01 -6.685156461e+02 -6.685156461e+02 -2.3000e+00 +1.8908e+00
135 0 +1.087006620e+01 -6.688399338e+02 -6.688399338e+02 -2.3075e+00 +1.9886e+00
287 0 +1.070325638e+01 -6.690067436e+02 -6.690067436e+02 -2.2822e+00 +1.8700e+00
405 0 +1.042058775e+01 -6.692894122e+02 -6.692894122e+02 -2.2268e+00 +1.5944e+00
425 0 +1.022914466e+01 -6.694808553e+02 -6.694808553e+02 -2.1601e+00 +1.2751e+00
648 0 +9.969793883e+00 -6.697402061e+02 -6.697402061e+02 -2.1388e+00 +1.1969e+00
782 0 +9.664091129e+00 -6.700459089e+02 -6.700459089e+02 -2.1175e+00 +1.1387e+00
794 0 +9.540412246e+00 -6.701695878e+02 -6.701695878e+02 -2.0879e+00 +9.9900e-01
800 0 +9.218651236e+00 -6.704913488e+02 -6.704913488e+02 -2.0290e+00 +7.5134e-01
802 0 +9.094680251e+00 -6.706153197e+02 -6.706153197e+02 -2.0129e+00 +6.9120e-01
805 0 +8.731336510e+00 -6.709786635e+02 -6.709786635e+02 -1.9377e+00 +3.8384e-01
807 0 +8.434250344e+00 -6.712757497e+02 -6.712757497e+02 -1.9096e+00 +2.9907e-01
808 0 +8.016709181e+00 -6.716932908e+02 -6.716932908e+02 -1.7955e+00 -1.5466e-01
809 0 +7.913795402e+00 -6.717962046e+02 -6.717962046e+02 -1.8169e+00 -4.6611e-02
813 0 +7.295976911e+00 -6.724140231e+02 -6.724140231e+02 -1.7006e+00 -4.0914e-01
921 0 +7.113591963e+00 -6.725964080e+02 -6.725964080e+02 -1.5979e+00 -8.3482e-01
927 0 +7.048301820e+00 -6.726616982e+02 -6.726616982e+02 -1.4920e+00 -1.1896e+00
928 0 +6.765553919e+00 -6.729444461e+02 -6.729444461e+02 -1.5608e+00 -9.3754e-01
938 0 +6.579635998e+00 -6.731303640e+02 -6.731303640e+02 -1.2719e+00 -1.8199e+00
946 0 +5.669819221e+00 -6.740401808e+02 -6.740401808e+02 -1.2496e+00 -1.8355e+00
975 0 +5.612983188e+00 -6.740970168e+02 -6.740970168e+02 -1.3778e+00 -1.4298e+00
1128 0 +5.361624441e+00 -6.743483756e+02 -6.743483756e+02 -1.2801e+00 -1.7239e+00
1135 0 +5.155413703e+00 -6.745545863e+02 -6.745545863e+02 -1.2394e+00 -1.8231e+00
1150 0 +4.993566657e+00 -6.747164333e+02 -6.747164333e+02 -1.1082e+00 -2.1619e+00
1169 0 +4.877783751e+00 -6.748322162e+02 -6.748322162e+02 -1.1672e+00 -1.9995e+00
1204 0 +4.745354590e+00 -6.749646454e+02 -6.749646454e+02 -1.1633e+00 -1.9943e+00
1222 0 +4.587739609e+00 -6.751222604e+02 -6.751222604e+02 -1.1040e+00 -2.1393e+00
1241 0 +4.469323615e+00 -6.752406764e+02 -6.752406764e+02 -1.0530e+00 -2.2577e+00
1245 0 +4.333613966e+00 -6.753763860e+02 -6.753763860e+02 -1.0846e+00 -2.1539e+00
1249 0 +4.211026998e+00 -6.754989730e+02 -6.754989730e+02 -9.9426e-01 -2.3746e+00
1251 0 +4.061866756e+00 -6.756481332e+02 -6.756481332e+02 -1.0233e+00 -2.2536e+00
1258 0 +3.762484117e+00 -6.759475159e+02 -6.759475159e+02 -9.4948e-01 -2.4138e+00
1262 0 +3.673025683e+00 -6.760369743e+02 -6.760369743e+02 -9.2625e-01 -2.4570e+00
1266 0 +3.256376733e+00 -6.764536233e+02 -6.764536233e+02 -8.0180e-01 -2.6417e+00
1271 0 +2.982122937e+00 -6.767278771e+02 -6.767278771e+02 -7.3705e-01 -2.7657e+00
1278 0 +2.762555859e+00 -6.769474441e+02 -6.769474441e+02 -6.4270e-01 -2.9215e+00
1283 0 +2.531964704e+00 -6.771780353e+02 -6.771780353e+02 -5.6585e-01 -3.0149e+00
1300 0 +2.498133548e+00 -6.772118665e+02 -6.772118665e+02 -5.8403e-01 -2.9458e+00
1307 0 +2.377394680e+00 -6.773326053e+02 -6.773326053e+02 -4.5245e-01 -3.1490e+00
1309 0 +2.262255481e+00 -6.774477445e+02 -6.774477445e+02 -5.1396e-01 -3.0316e+00
1324 0 +2.211621670e+00 -6.774983783e+02 -6.774983783e+02 -4.7132e-01 -3.1053e+00
1334 0 +2.179983553e+00 -6.775300164e+02 -6.775300164e+02 -4.8650e-01 -3.0590e+00
1641 0 +2.137909424e+00 -6.775720906e+02 -6.775720906e+02 -4.6309e-01 -3.1016e+00
1659 0 +2.076525199e+00 -6.776334748e+02 -6.776334748e+02 -4.2790e-01 -3.1415e+00
1671 0 +2.024311185e+00 -6.776856888e+02 -6.776856888e+02 -4.1937e-01 -3.1424e+00
1691 0 +1.973748106e+00 -6.777362519e+02 -6.777362519e+02 -3.9109e-01 -3.1709e+00
1707 0 +1.941542485e+00 -6.777684575e+02 -6.777684575e+02 -3.9047e-01 -3.1647e+00
1720 0 +1.889498864e+00 -6.778205011e+02 -6.778205011e+02 -3.6677e-01 -3.1852e+00
1730 0 +1.834562419e+00 -6.778754376e+02 -6.778754376e+02 -3.4076e-01 -3.2061e+00
1743 0 +1.761872405e+00 -6.779481276e+02 -6.779481276e+02 -3.1816e-01 -3.2178e+00
1746 0 +1.715027519e+00 -6.779949725e+02 -6.779949725e+02 -3.1390e-01 -3.2104e+00
1750 0 +1.670051997e+00 -6.780399480e+02 -6.780399480e+02 -3.0184e-01 -3.1995e+00
1753 0 +1.582623481e+00 -6.781273765e+02 -6.781273765e+02 -2.6460e-01 -3.2351e+00
1763 0 +1.280395167e+00 -6.784296048e+02 -6.784296048e+02 -1.3934e-01 -3.2651e+00
1769 0 +1.005931933e+00 -6.787040681e+02 -6.787040681e+02 +1.2964e-02 -3.2661e+00
1789 0 +8.102043107e-01 -6.788997957e+02 -6.788997957e+02 +1.0662e-01 -3.2583e+00
1850 0 +7.858203191e-01 -6.789241797e+02 -6.789241797e+02 +1.2491e-01 -3.2909e+00
1874 0 +7.501406324e-01 -6.789598594e+02 -6.789598594e+02 +1.2333e-01 -3.2725e+00
1879 0 +7.335858053e-01 -6.789764142e+02 -6.789764142e+02 +1.7516e-01 -3.2817e+00
1882 0 +6.839074673e-01 -6.790260925e+02 -6.790260925e+02 +1.6307e-01 -3.2627e+00
1928 0 +6.710618018e-01 -6.790389382e+02 -6.790389382e+02 +2.0662e-01 -3.2666e+00
1938 0 +6.412210456e-01 -6.790687790e+02 -6.790687790e+02 +1.9746e-01 -3.2582e+00
1946 0 +6.216444536e-01 -6.790883555e+02 -6.790883555e+02 +2.0098e-01 -3.2454e+00
1955 0 +5.776231016e-01 -6.791323769e+02 -6.791323769e+02 +2.3454e-01 -3.2383e+00
1965 0 +5.272619274e-01 -6.791827381e+02 -6.791827381e+02 +2.7948e-01 -3.2207e+00
1974 0 +5.129524026e-01 -6.791970476e+02 -6.791970476e+02 +2.7568e-01 -3.2136e+00
1977 0 +4.739125870e-01 -6.792360874e+02 -6.792360874e+02 +3.0483e-01 -3.1974e+00
1982 0 +4.589716958e-01 -6.792510283e+02 -6.792510283e+02 +3.1435e-01 -3.1897e+00
1986 0 +4.358006249e-01 -6.792741994e+02 -6.792741994e+02 +3.7383e-01 -3.1657e+00
1991 0 +3.364749217e-01 -6.793735251e+02 -6.793735251e+02 +4.1271e-01 -3.1167e+00
2004 0 +2.609355868e-01 -6.794490644e+02 -6.794490644e+02 +4.9107e-01 -3.0492e+00
2071 0 +2.562363547e-01 -6.794537636e+02 -6.794537636e+02 +5.2801e-01 -3.0203e+00
2088 0 +2.479991571e-01 -6.794620008e+02 -6.794620008e+02 +5.1360e-01 -3.0295e+00
2107 0 +2.424195109e-01 -6.794675805e+02 -6.794675805e+02 +5.1829e-01 -3.0242e+00
2108 0 +2.377270371e-01 -6.794722730e+02 -6.794722730e+02 +5.2537e-01 -3.0173e+00
2109 0 +2.279868051e-01 -6.794820132e+02 -6.794820132e+02 +5.2415e-01 -3.0144e+00
2114 0 +2.020906522e-01 -6.795079093e+02 -6.795079093e+02 +5.4201e-01 -2.9886e+00
2140 0 +1.897509380e-01 -6.795202491e+02 -6.795202491e+02 +5.5593e-01 -2.9729e+00
2149 0 +1.730239683e-01 -6.795369760e+02 -6.795369760e+02 +5.8835e-01 -2.9419e+00
2151 0 +1.476585231e-01 -6.795623415e+02 -6.795623415e+02 +6.0547e-01 -2.9117e+00
2157 0 +1.393398834e-01 -6.795706601e+02 -6.795706601e+02 +6.1729e-01 -2.8983e+00
2158 0 +1.370224519e-01 -6.795729775e+02 -6.795729775e+02 +6.3853e-01 -2.8564e+00
2162 0 +1.130520891e-01 -6.795969479e+02 -6.795969479e+02 +6.7171e-01 -2.8351e+00
2164 0 +7.203583579e-02 -6.796379642e+02 -6.796379642e+02 +7.2220e-01 -2.7501e+00
2168 0 +6.813573584e-02 -6.796418643e+02 -6.796418643e+02 +7.4000e-01 -2.7339e+00
2171 0 +3.847462005e-02 -6.796715254e+02 -6.796715254e+02 +8.1414e-01 -2.6182e+00
2211 0 +3.751272325e-02 -6.796724873e+02 -6.796724873e+02 +7.9910e-01 -2.6376e+00
2249 0 +3.414030020e-02 -6.796758597e+02 -6.796758597e+02 +8.1556e-01 -2.6133e+00
2252 0 +2.929003765e-02 -6.796807100e+02 -6.796807100e+02 +8.2524e-01 -2.5958e+00
2273 0 +2.562410168e-02 -6.796843759e+02 -6.796843759e+02 +8.3147e-01 -2.5831e+00
2304 0 +2.277801499e-02 -6.796872220e+02 -6.796872220e+02 +8.4492e-01 -2.5533e+00
2308 0 +2.153541275e-02 -6.796884646e+02 -6.796884646e+02 +8.8273e-01 -2.5016e+00
2310 0 +1.971611197e-02 -6.796902839e+02 -6.796902839e+02 +8.5500e-01 -2.5444e+00
2312 0 +1.855844649e-02 -6.796914416e+02 -6.796914416e+02 +9.0848e-01 -2.4559e+00
2317 0 +1.553423977e-02 -6.796944658e+02 -6.796944658e+02 +8.8806e-01 -2.4893e+00
2322 0 +1.019278923e-02 -6.796998072e+02 -6.796998072e+02 +8.8882e-01 -2.4815e+00
2339 0 +4.190522179e-03 -6.797058095e+02 -6.797058095e+02 +9.2485e-01 -2.4150e+00
2414 0 +3.382055570e-03 -6.797066179e+02 -6.797066179e+02 +9.3176e-01 -2.4023e+00
2423 0 +2.112915907e-03 -6.797078871e+02 -6.797078871e+02 +9.4718e-01 -2.3704e+00
2424 0 +6.737034370e-04 -6.797093263e+02 -6.797093263e+02 +9.6479e-01 -2.3390e+00
2435 0 +4.612155443e-04 -6.797095388e+02 -6.797095388e+02 +9.8549e-01 -2.2995e+00
2438 0 +3.065917656e-04 -6.797096934e+02 -6.797096934e+02 +9.7999e-01 -2.3098e+00
2460 0 +1.377156548e-05 -6.797099862e+02 -6.797099862e+02 +9.9173e-01 -2.2852e+00
2503 0 +3.369779051e-07 -6.797099997e+02 -6.797099997e+02 +9.8887e-01 -2.2907e+00
2592 0 +3.978470886e-08 -6.797100000e+02 -6.797100000e+02 +9.8921e-01 -2.2900e+00
2673 0 +8.892129699e-09 -6.797100000e+02 -6.797100000e+02 +9.8946e-01 -2.2895e+00
2842 0 +0.000000000e+00 -6.797100000e+02 -6.797100000e+02 +9.8940e-01 -2.2896e+00
% f evaluations | g evaluations | best noise-free fitness - Fopt (1.000000000000e+03) + sum g_i+ | measured fitness | best measured fitness or single-digit g-values | x1 | x2...
1 0 +2.986587026e+03 +3.986587026e+03 +3.986587026e+03 +0.0000e+00 +0.0000e+00
5 0 +2.691231337e+03 +3.691231337e+03 +3.691231337e+03 -1.1375e-01 -3.0566e-01
8 0 +2.348456938e+03 +3.348456938e+03 +3.348456938e+03 -1.1781e-01 +1.5775e-02
10 0 +2.313224412e+03 +3.313224412e+03 +3.313224412e+03 -1.2536e-01 +1.4549e-02
14 0 +1.140097792e+03 +2.140097792e+03 +2.140097792e+03 -3.9445e-01 +1.7836e-01
35 0 +7.191798215e+02 +1.719179822e+03 +1.719179822e+03 -5.3216e-01 +2.7959e-01
56 0 +1.349149100e+02 +1.134914910e+03 +1.134914910e+03 -9.0094e-01 +3.9726e-01
64 0 +8.861850804e+00 +1.008861851e+03 +1.008861851e+03 -1.3550e+00 +4.9975e-01
83 0 +8.285429814e+00 +1.008285430e+03 +1.008285430e+03 -1.2048e+00 +3.2044e-01
86 0 +3.791356203e+00 +1.003791356e+03 +1.003791356e+03 -1.3100e+00 +5.1126e-01
115 0 +9.400031327e-01 +1.000940003e+03 +1.000940003e+03 -1.2058e+00 +5.1476e-01
142 0 +3.230981112e-01 +1.000323098e+03 +1.000323098e+03 -1.2771e+00 +3.6058e-01
156 0 +1.314875797e-01 +1.000131488e+03 +1.000131488e+03 -1.2566e+00 +4.5866e-01
711 0 +1.287008177e-01 +1.000128701e+03 +1.000128701e+03 -1.2599e+00 +4.5437e-01
739 0 +1.256987249e-01 +1.000125699e+03 +1.000125699e+03 -1.2638e+00 +4.4301e-01
753 0 +1.219386326e-01 +1.000121939e+03 +1.000121939e+03 -1.2691e+00 +4.2846e-01
754 0 +1.174889031e-01 +1.000117489e+03 +1.000117489e+03 -1.2755e+00 +4.0995e-01
761 0 +1.126682779e-01 +1.000112668e+03 +1.000112668e+03 -1.2842e+00 +3.9046e-01
764 0 +1.100218116e-01 +1.000110022e+03 +1.000110022e+03 -1.2877e+00 +3.8070e-01
765 0 +8.305504985e-02 +1.000083055e+03 +1.000083055e+03 -1.3390e+00 +2.3679e-01
777 0 +8.122313860e-02 +1.000081223e+03 +1.000081223e+03 -1.4064e+00 +5.6904e-02
791 0 +7.264781613e-02 +1.000072648e+03 +1.000072648e+03 -1.3553e+00 +1.9659e-01
806 0 +6.997407860e-02 +1.000069974e+03 +1.000069974e+03 -1.3584e+00 +1.8966e-01
816 0 +6.522640718e-02 +1.000065226e+03 +1.000065226e+03 -1.3984e+00 +8.2602e-02
825 0 +6.301771197e-02 +1.000063018e+03 +1.000063018e+03 -1.3826e+00 +1.2573e-01
828 0 +5.965892851e-02 +1.000059659e+03 +1.000059659e+03 -1.3869e+00 +1.1591e-01
837 0 +5.599368844e-02 +1.000055994e+03 +1.000055994e+03 -1.3969e+00 +9.0879e-02
847 0 +5.460366213e-02 +1.000054604e+03 +1.000054604e+03 -1.3901e+00 +1.1068e-01
875 0 +5.358664462e-02 +1.000053587e+03 +1.000053587e+03 -1.3927e+00 +1.0436e-01
878 0 +5.238655487e-02 +1.000052387e+03 +1.000052387e+03 -1.3982e+00 +8.9808e-02
881 0 +5.102586092e-02 +1.000051026e+03 +1.000051026e+03 -1.4079e+00 +6.4114e-02
885 0 +4.947050083e-02 +1.000049471e+03 +1.000049471e+03 -1.4096e+00 +6.0703e-02
887 0 +4.785844556e-02 +1.000047858e+03 +1.000047858e+03 -1.4037e+00 +7.8319e-02
890 0 +4.665531272e-02 +1.000046655e+03 +1.000046655e+03 -1.4110e+00 +5.8910e-02
892 0 +4.189183172e-02 +1.000041892e+03 +1.000041892e+03 -1.4198e+00 +3.8829e-02
896 0 +3.790080162e-02 +1.000037901e+03 +1.000037901e+03 -1.4506e+00 -3.9120e-02
900 0 +3.418356798e-02 +1.000034184e+03 +1.000034184e+03 -1.4376e+00 -2.4424e-03
905 0 +2.896052915e-02 +1.000028961e+03 +1.000028961e+03 -1.4500e+00 -2.5104e-02
912 0 +2.448032916e-02 +1.000024480e+03 +1.000024480e+03 -1.4623e+00 -5.7472e-02
913 0 +2.384703252e-02 +1.000023847e+03 +1.000023847e+03 -1.4640e+00 -6.1145e-02
919 0 +1.850041762e-02 +1.000018500e+03 +1.000018500e+03 -1.4861e+00 -1.0748e-01
920 0 +6.544053528e-03 +1.000006544e+03 +1.000006544e+03 -1.5396e+00 -2.3093e-01
963 0 +6.272878238e-03 +1.000006273e+03 +1.000006273e+03 -1.5457e+00 -2.4537e-01
966 0 +5.707232578e-03 +1.000005707e+03 +1.000005707e+03 -1.5512e+00 -2.5040e-01
969 0 +3.636232305e-03 +1.000003636e+03 +1.000003636e+03 -1.5596e+00 -2.7328e-01
972 0 +2.031107147e-03 +1.000002031e+03 +1.000002031e+03 -1.5921e+00 -3.4330e-01
978 0 +1.514403673e-03 +1.000001514e+03 +1.000001514e+03 -1.5797e+00 -3.1331e-01
1022 0 +1.372799721e-03 +1.000001373e+03 +1.000001373e+03 -1.5812e+00 -3.1698e-01
1039 0 +1.032020363e-03 +1.000001032e+03 +1.000001032e+03 -1.5894e+00 -3.3551e-01
1073 0 +7.683311096e-04 +1.000000768e+03 +1.000000768e+03 -1.5925e+00 -3.4127e-01
1113 0 +7.396856311e-04 +1.000000740e+03 +1.000000740e+03 -1.5959e+00 -3.4885e-01
1116 0 +6.520748274e-04 +1.000000652e+03 +1.000000652e+03 -1.5959e+00 -3.4858e-01
1118 0 +4.278290133e-04 +1.000000428e+03 +1.000000428e+03 -1.6019e+00 -3.6074e-01
1128 0 +1.449733743e-04 +1.000000145e+03 +1.000000145e+03 -1.6149e+00 -3.8697e-01
1134 0 +6.245982649e-05 +1.000000062e+03 +1.000000062e+03 -1.6110e+00 -3.7839e-01
1151 0 +2.184871425e-05 +1.000000022e+03 +1.000000022e+03 -1.6181e+00 -3.9266e-01
1173 0 +1.542410359e-06 +1.000000002e+03 +1.000000002e+03 -1.6174e+00 -3.9072e-01
1212 0 +5.338740721e-07 +1.000000001e+03 +1.000000001e+03 -1.6185e+00 -3.9314e-01
1215 0 +4.492682137e-07 +1.000000000e+03 +1.000000000e+03 -1.6177e+00 -3.9128e-01
1257 0 +2.439220452e-07 +1.000000000e+03 +1.000000000e+03 -1.6185e+00 -3.9297e-01
1261 0 +1.698596179e-07 +1.000000000e+03 +1.000000000e+03 -1.6186e+00 -3.9318e-01
1264 0 +1.691958005e-07 +1.000000000e+03 +1.000000000e+03 -1.6186e+00 -3.9318e-01
1279 0 +1.633989086e-07 +1.000000000e+03 +1.000000000e+03 -1.6178e+00 -3.9167e-01
1281 0 +1.000466909e-07 +1.000000000e+03 +1.000000000e+03 -1.6184e+00 -3.9288e-01
1300 0 +5.212473297e-08 +1.000000000e+03 +1.000000000e+03 -1.6180e+00 -3.9200e-01
1303 0 +1.520106707e-08 +1.000000000e+03 +1.000000000e+03 -1.6182e+00 -3.9230e-01
1317 0 +2.740648597e-09 +1.000000000e+03 +1.000000000e+03 -1.6182e+00 -3.9231e-01
1495 0 +0.000000000e+00 +1.000000000e+03 +1.000000000e+03 -1.6182e+00 -3.9240e-01
% f evaluations | g evaluations | best noise-free fitness - Fopt (1.007000000000e+01) + sum g_i+ | measured fitness | best measured fitness or single-digit g-values | x1 | x2...
1 0 +5.467747085e+02 +5.568447085e+02 +5.568447085e+02 +0.0000e+00 +0.0000e+00
2 0 +3.608536817e+02 +3.709236817e+02 +3.709236817e+02 +4.3379e-01 +3.0692e-02
12 0 +2.708834729e+02 +2.809534729e+02 +2.809534729e+02 +3.3015e-01 -3.6944e-01
16 0 +1.869848799e+02 +1.970548799e+02 +1.970548799e+02 +6.2926e-01 -1.6720e-01
24 0 +1.244514018e+02 +1.345214018e+02 +1.345214018e+02 +6.9868e-01 -2.8198e-01
26 0 +5.209290705e+01 +6.216290705e+01 +6.216290705e+01 +7.5538e-01 -5.5675e-01
30 0 +2.572948547e+00 +1.264294855e+01 +1.264294855e+01 +8.5561e-01 -8.9280e-01
80 0 +9.618093673e-02 +1.016618094e+01 +1.016618094e+01 +9.8673e-01 -7.2698e-01
599 0 +9.283312094e-02 +1.016283312e+01 +1.016283312e+01 +9.6414e-01 -7.9470e-01
602 0 +8.482619225e-02 +1.015482619e+01 +1.015482619e+01 +9.1966e-01 -9.1317e-01
612 0 +8.131251012e-02 +1.015131251e+01 +1.015131251e+01 +9.2815e-01 -8.8940e-01
613 0 +7.794291085e-02 +1.014794291e+01 +1.014794291e+01 +9.0835e-01 -9.4069e-01
632 0 +7.748166201e-02 +1.014748166e+01 +1.014748166e+01 +9.0590e-01 -9.4692e-01
638 0 +7.398395225e-02 +1.014398395e+01 +1.014398395e+01 +9.3361e-01 -8.7118e-01
666 0 +7.194197979e-02 +1.014194198e+01 +1.014194198e+01 +9.1544e-01 -9.1982e-01
672 0 +7.066095161e-02 +1.014066095e+01 +1.014066095e+01 +9.0526e-01 -9.4627e-01
732 0 +6.851188033e-02 +1.013851188e+01 +1.013851188e+01 +9.1283e-01 -9.2534e-01
756 0 +6.721940567e-02 +1.013721941e+01 +1.013721941e+01 +9.0403e-01 -9.4820e-01
766 0 +6.484345208e-02 +1.013484345e+01 +1.013484345e+01 +9.1342e-01 -9.2199e-01
771 0 +6.456361144e-02 +1.013456361e+01 +1.013456361e+01 +9.1704e-01 -9.1187e-01
817 0 +6.290500089e-02 +1.013290500e+01 +1.013290500e+01 +9.0242e-01 -9.5062e-01
827 0 +6.129157226e-02 +1.013129157e+01 +1.013129157e+01 +8.9107e-01 -9.7975e-01
841 0 +5.739846489e-02 +1.012739846e+01 +1.012739846e+01 +8.8449e-01 -9.9523e-01
859 0 +4.909244126e-02 +1.011909244e+01 +1.011909244e+01 +8.7104e-01 -1.0263e+00
884 0 +4.814381582e-02 +1.011814382e+01 +1.011814382e+01 +8.7712e-01 -1.0100e+00
888 0 +4.525995720e-02 +1.011525996e+01 +1.011525996e+01 +8.5183e-01 -1.0732e+00
891 0 +4.119386999e-02 +1.011119387e+01 +1.011119387e+01 +8.3777e-01 -1.1063e+00
901 0 +2.842220909e-02 +1.009842221e+01 +1.009842221e+01 +8.3430e-01 -1.1080e+00
906 0 +2.487219098e-02 +1.009487219e+01 +1.009487219e+01 +8.0933e-01 -1.1677e+00
909 0 +1.796196466e-02 +1.008796196e+01 +1.008796196e+01 +7.7371e-01 -1.2478e+00
910 0 +1.356958914e-02 +1.008356959e+01 +1.008356959e+01 +7.7501e-01 -1.2420e+00
914 0 +1.288290096e-02 +1.008288290e+01 +1.008288290e+01 +7.8262e-01 -1.2231e+00
915 0 +5.517049666e-03 +1.007551705e+01 +1.007551705e+01 +7.0678e-01 -1.3877e+00
974 0 +1.006308374e-03 +1.007100631e+01 +1.007100631e+01 +7.0183e-01 -1.3892e+00
1040 0 +5.736367448e-04 +1.007057364e+01 +1.007057364e+01 +6.7298e-01 -1.4471e+00
1053 0 +2.239372326e-04 +1.007022394e+01 +1.007022394e+01 +6.8488e-01 -1.4243e+00
1081 0 +4.269111404e-06 +1.007000427e+01 +1.007000427e+01 +6.7756e-01 -1.4401e+00
1126 0 +1.771142268e-06 +1.007000177e+01 +1.007000177e+01 +6.7792e-01 -1.4396e+00
1148 0 +2.170317472e-07 +1.007000022e+01 +1.007000022e+01 +6.7722e-01 -1.4410e+00
1156 0 +1.725246879e-07 +1.007000017e+01 +1.007000017e+01 +6.7717e-01 -1.4410e+00
1180 0 +5.761912014e-08 +1.007000006e+01 +1.007000006e+01 +6.7673e-01 -1.4419e+00
1208 0 +5.506818113e-09 +1.007000001e+01 +1.007000001e+01 +6.7673e-01 -1.4419e+00
1531 0 +0.000000000e+00 +1.007000000e+01 +1.007000000e+01 +6.7680e-01 -1.4418e+00
% f evaluations | g evaluations | best noise-free fitness - Fopt (-7.540000000000e+00) + sum g_i+ | measured fitness | best measured fitness or single-digit g-values | x1 | x2...
1 0 +7.765892630e+02 +7.690492630e+02 +7.690492630e+02 +0.0000e+00 +0.0000e+00
2 0 +2.572412484e+02 +2.497012484e+02 +2.497012484e+02 +4.3379e-01 +3.0692e-02
9 0 +1.617561826e+02 +1.542161826e+02 +1.542161826e+02 +5.3630e-01 +1.4690e-01
16 0 +3.523723120e+01 +2.769723120e+01 +2.769723120e+01 +9.8724e-01 +1.2127e-01
20 0 +3.677005366e+00 -3.862994634e+00 -3.862994634e+00 +1.0660e+00 +4.9024e-01
24 0 +2.055886533e+00 -5.484113467e+00 -5.484113467e+00 +1.3382e+00 +3.4684e-01
31 0 +1.580719506e+00 -5.959280494e+00 -5.959280494e+00 +1.4095e+00 +3.4564e-01
32 0 +9.025541492e-01 -6.637445851e+00 -6.637445851e+00 +2.3622e+00 +9.5041e-01
34 0 +2.739447547e-01 -7.266055245e+00 -7.266055245e+00 +2.1042e+00 +6.6203e-01
49 0 +1.061530947e-01 -7.433846905e+00 -7.433846905e+00 +2.6459e+00 +1.6173e+00
458 0 +1.026587573e-01 -7.437341243e+00 -7.437341243e+00 +2.2538e+00 +8.6598e-01
497 0 +9.550919273e-02 -7.444490807e+00 -7.444490807e+00 +2.2439e+00 +8.5911e-01
507 0 +8.888458930e-02 -7.451115411e+00 -7.451115411e+00 +2.2675e+00 +9.0851e-01
512 0 +7.191868776e-02 -7.468081312e+00 -7.468081312e+00 +2.3006e+00 +9.3660e-01
523 0 +5.661911520e-02 -7.483380885e+00 -7.483380885e+00 +2.3144e+00 +9.6328e-01
536 0 +5.229547429e-02 -7.487704526e+00 -7.487704526e+00 +2.3237e+00 +9.7765e-01
540 0 +4.115417909e-02 -7.498845821e+00 -7.498845821e+00 +2.3541e+00 +1.0243e+00
542 0 +3.768412028e-02 -7.502315880e+00 -7.502315880e+00 +2.3815e+00 +1.0653e+00
559 0 +3.668414569e-02 -7.503315854e+00 -7.503315854e+00 +2.3655e+00 +1.0430e+00
560 0 +2.821556379e-02 -7.511784436e+00 -7.511784436e+00 +2.3810e+00 +1.0768e+00
566 0 +2.716146204e-02 -7.512838538e+00 -7.512838538e+00 +2.4077e+00 +1.1111e+00
568 0 +2.348140259e-02 -7.516518597e+00 -7.516518597e+00 +2.3946e+00 +1.0966e+00
572 0 +1.886533429e-02 -7.521134666e+00 -7.521134666e+00 +2.4347e+00 +1.1592e+00
575 0 +1.461641195e-02 -7.525383588e+00 -7.525383588e+00 +2.4426e+00 +1.1751e+00
619 0 +1.328761243e-02 -7.526712388e+00 -7.526712388e+00 +2.4456e+00 +1.1810e+00
620 0 +1.276875547e-02 -7.527231245e+00 -7.527231245e+00 +2.4762e+00 +1.2336e+00
627 0 +9.407345639e-03 -7.530592654e+00 -7.530592654e+00 +2.4652e+00 +1.2170e+00
641 0 +8.775284452e-03 -7.531224716e+00 -7.531224716e+00 +2.4548e+00 +1.2017e+00
645 0 +6.338814407e-03 -7.533661186e+00 -7.533661186e+00 +2.5020e+00 +1.2843e+00
648 0 +4.954730507e-03 -7.535045269e+00 -7.535045269e+00 +2.4786e+00 +1.2454e+00
661 0 +4.469425037e-03 -7.535530575e+00 -7.535530575e+00 +2.4817e+00 +1.2537e+00
671 0 +3.900617760e-03 -7.536099382e+00 -7.536099382e+00 +2.4884e+00 +1.2671e+00
682 0 +3.417387258e-03 -7.536582613e+00 -7.536582613e+00 +2.4961e+00 +1.2768e+00
683 0 +9.965111995e-04 -7.539003489e+00 -7.539003489e+00 +2.5165e+00 +1.3183e+00
697 0 +6.699956437e-04 -7.539330004e+00 -7.539330004e+00 +2.5245e+00 +1.3332e+00
748 0 +2.333961432e-04 -7.539766604e+00 -7.539766604e+00 +2.5352e+00 +1.3562e+00
758 0 +2.209164466e-04 -7.539779084e+00 -7.539779084e+00 +2.5352e+00 +1.3545e+00
780 0 +1.408199464e-04 -7.539859180e+00 -7.539859180e+00 +2.5442e+00 +1.3743e+00
784 0 +1.240974980e-04 -7.539875903e+00 -7.539875903e+00 +2.5438e+00 +1.3734e+00
785 0 +6.228182958e-05 -7.539937718e+00 -7.539937718e+00 +2.5441e+00 +1.3737e+00
789 0 +5.322556232e-05 -7.539946774e+00 -7.539946774e+00 +2.5432e+00 +1.3718e+00
791 0 +3.595598854e-05 -7.539964044e+00 -7.539964044e+00 +2.5442e+00 +1.3728e+00
792 0 +2.404633680e-05 -7.539975954e+00 -7.539975954e+00 +2.5461e+00 +1.3775e+00
794 0 +8.121118506e-06 -7.539991879e+00 -7.539991879e+00 +2.5448e+00 +1.3744e+00
812 0 +7.710394240e-06 -7.539992290e+00 -7.539992290e+00 +2.5495e+00 +1.3837e+00
856 0 +6.058381439e-06 -7.539993942e+00 -7.539993942e+00 +2.5463e+00 +1.3772e+00
860 0 +8.790242640e-07 -7.539999121e+00 -7.539999121e+00 +2.5484e+00 +1.3814e+00
869 0 +2.064658577e-08 -7.539999979e+00 -7.539999979e+00 +2.5477e+00 +1.3802e+00
939 0 +7.567384053e-09 -7.539999992e+00 -7.539999992e+00 +2.5476e+00 +1.3801e+00
1346 0 +0.000000000e+00 -7.540000000e+00 -7.540000000e+00 +2.5476e+00 +1.3800e+00
