% f evaluations | g evaluations | best noise-free fitness - Fopt (6.870000000000e+00) + sum g_i+ | measured fitness | best measured fitness or single-digit g-values | x1 | x2...
1 0 +4.405119605e+00 +1.127511961e+01 +1.127511961e+01 +0.0000e+00 +0.0000e+00 +0.0000e+00
134 0 +3.764508200e+00 +1.063450820e+01 +1.063450820e+01 -4.8717e-01 +8.5715e-01 +3.8133e-01
203 0 +2.674596185e+00 +9.544596185e+00 +9.544596185e+00 -2.2317e-01 +7.6479e-01 +6.0280e-01
214 0 +1.953435154e+00 +8.823435154e+00 +8.823435154e+00 -3.2757e-01 +8.7547e-01 +6.4212e-01
523 0 +1.794191984e+00 +8.664191984e+00 +8.664191984e+00 -3.3468e-01 +8.9654e-01 +6.5232e-01
527 0 +1.426704892e+00 +8.296704892e+00 +8.296704892e+00 -3.3752e-01 +9.0851e-01 +6.5849e-01
548 0 +1.352920907e+00 +8.222920907e+00 +8.222920907e+00 -3.3649e-01 +9.0482e-01 +6.5731e-01
564 0 +1.199833789e+00 +8.069833789e+00 +8.069833789e+00 -3.3721e-01 +9.0500e-01 +6.5720e-01
568 0 +1.157143691e+00 +8.027143691e+00 +8.027143691e+00 -3.3693e-01 +9.0536e-01 +6.5696e-01
571 0 +1.100858886e+00 +7.970858886e+00 +7.970858886e+00 -3.3817e-01 +9.0908e-01 +6.5892e-01
636 0 +1.077902088e+00 +7.947902088e+00 +7.947902088e+00 -3.3711e-01 +9.0569e-01 +6.5748e-01
644 0 +1.046390437e+00 +7.916390437e+00 +7.916390437e+00 -3.3700e-01 +9.0516e-01 +6.5701e-01
661 0 +9.861251729e-01 +7.856125173e+00 +7.856125173e+00 -3.3722e-01 +9.0570e-01 +6.5737e-01
671 0 +9.592320343e-01 +7.829232034e+00 +7.829232034e+00 -3.3742e-01 +9.0634e-01 +6.5766e-01
725 0 +9.487007798e-01 +7.818700780e+00 +7.818700780e+00 -3.3746e-01 +9.0655e-01 +6.5768e-01
743 0 +9.250596122e-01 +7.795059612e+00 +7.795059612e+00 -3.3747e-01 +9.0660e-01 +6.5772e-01
812 0 +9.117534624e-01 +7.781753462e+00 +7.781753462e+00 -3.3746e-01 +9.0655e-01 +6.5772e-01
% f evaluations | g evaluations | best noise-free fitness - Fopt (1.000000000000e-02) + sum g_i+ | measured fitness | best measured fitness or single-digit g-values | x1 | x2...
1 0 +1.295653969e+01 +1.296653969e+01 +1.296653969e+01 +0.0000e+00 +0.0000e+00 +0.0000e+00
7 0 +4.937344772e+00 +4.947344772e+00 +4.947344772e+00 +5.3256e-02 -2.3477e-01 +7.8699e-02
32 0 +3.807492695e+00 +3.817492695e+00 +3.817492695e+00 -2.0133e-01 +9.3587e-01 -5.2254e-01
103 0 +3.738559287e+00 +3.748559287e+00 +3.748559287e+00 +2.5661e-01 +4.6740e-01 +3.5157e-01
339 0 +3.395822671e+00 +3.405822671e+00 +3.405822671e+00 +1.2674e-01 +5.9964e-01 +1.6173e-01
368 0 +3.336738768e+00 +3.346738768e+00 +3.346738768e+00 +1.2555e-01 +5.9832e-01 +1.6092e-01
380 0 +3.310503523e+00 +3.320503523e+00 +3.320503523e+00 +1.2649e-01 +5.9733e-01 +1.6135e-01
442 0 +3.172731993e+00 +3.182731993e+00 +3.182731993e+00 +1.2629e-01 +5.9755e-01 +1.6125e-01
463 0 +3.100683114e+00 +3.110683114e+00 +3.110683114e+00 +1.2626e-01 +5.9796e-01 +1.6119e-01
479 0 +3.086349721e+00 +3.096349721e+00 +3.096349721e+00 +1.2653e-01 +5.9827e-01 +1.6135e-01
500 0 +3.004368785e+00 +3.014368785e+00 +3.014368785e+00 +1.2646e-01 +5.9827e-01 +1.6139e-01
% f evaluations | g evaluations | best noise-free fitness - Fopt (-1.306100000000e+02) + sum g_i+ | measured fitness | best measured fitness or single-digit g-values | x1 | x2...
1 0 +1.229607456e+01 -1.183139254e+02 -1.183139254e+02 +0.0000e+00 +0.0000e+00 +0.0000e+00
5 0 +1.070832462e+01 -1.199016754e+02 -1.199016754e+02 -1.5359e-01 +2.4817e-01 +6.3376e-02
10 0 +9.081907094e+00 -1.215280929e+02 -1.215280929e+02 -4.4113e-01 +2.4428e-01 -5.9634e-02
12 0 +7.954914578e+00 -1.226550854e+02 -1.226550854e+02 -1.2237e-01 +1.2962e-01 +1.1041e-01
20 0 +6.857388521e+00 -1.237526115e+02 -1.237526115e+02 -4.2834e-01 +2.6878e-01 +3.0465e-01
32 0 +6.532825129e+00 -1.240771749e+02 -1.240771749e+02 -2.3082e-01 +5.6893e-01 +6.2921e-02
35 0 +6.410590527e+00 -1.241994095e+02 -1.241994095e+02 -5.1518e-01 +3.8032e-01 +2.4093e-01
66 0 +6.253343381e+00 -1.243566566e+02 -1.243566566e+02 -1.0115e-01 +2.8194e-01 +5.7174e-02
74 0 +5.710040800e+00 -1.248999592e+02 -1.248999592e+02 -3.0439e-01 +5.2799e-01 +1.0375e-01
88 0 +5.523809814e+00 -1.250861902e+02 -1.250861902e+02 +7.9322e-02 +8.7983e-01 -1.5941e-01
180 0 +5.061857382e+00 -1.255481426e+02 -1.255481426e+02 -6.3166e-02 +2.3189e-01 +3.5331e-01
231 0 +3.468851630e+00 -1.271411484e+02 -1.271411484e+02 -3.2806e-02 +2.5318e-01 +3.1891e-01
235 0 +3.234294998e+00 -1.273757050e+02 -1.273757050e+02 -3.3741e-02 +2.6874e-01 +2.9889e-01
365 0 +2.334082490e+00 -1.282759175e+02 -1.282759175e+02 -2.8051e-02 +2.6072e-01 +3.1115e-01
366 0 +2.113452500e+00 -1.284965475e+02 -1.284965475e+02 -5.1822e-02 +2.6002e-01 +3.0557e-01
378 0 +1.983038787e+00 -1.286269612e+02 -1.286269612e+02 -4.7539e-02 +2.6258e-01 +3.0109e-01
411 0 +1.159368095e+00 -1.294506319e+02 -1.294506319e+02 -5.4162e-02 +2.6026e-01 +3.0090e-01
435 0 +9.516479424e-01 -1.296583521e+02 -1.296583521e+02 -5.5857e-02 +2.5882e-01 +3.0214e-01
458 0 +6.983019468e-01 -1.299116981e+02 -1.299116981e+02 -5.6322e-02 +2.5694e-01 +3.0527e-01
500 0 +6.793653160e-01 -1.299306347e+02 -1.299306347e+02 -5.7142e-02 +2.5689e-01 +3.0579e-01
528 0 +5.465740815e-01 -1.300634259e+02 -1.300634259e+02 -5.6217e-02 +2.5550e-01 +3.0810e-01
560 0 +5.098556090e-01 -1.301001444e+02 -1.301001444e+02 -5.6494e-02 +2.5512e-01 +3.0849e-01
564 0 +4.487497508e-01 -1.301612502e+02 -1.301612502e+02 -5.5923e-02 +2.5383e-01 +3.1109e-01
591 0 +3.889580500e-01 -1.302210420e+02 -1.302210420e+02 -5.5790e-02 +2.5344e-01 +3.1199e-01
592 0 +3.511912621e-01 -1.302588087e+02 -1.302588087e+02 -5.6805e-02 +2.5354e-01 +3.1145e-01
601 0 +3.081085207e-01 -1.303018915e+02 -1.303018915e+02 -5.4826e-02 +2.5134e-01 +3.1593e-01
611 0 +2.919967061e-01 -1.303180033e+02 -1.303180033e+02 -5.3800e-02 +2.5139e-01 +3.1661e-01
614 0 +2.804928635e-01 -1.303295071e+02 -1.303295071e+02 -5.5559e-02 +2.4927e-01 +3.1969e-01
629 0 +2.714048647e-01 -1.303385951e+02 -1.303385951e+02 -5.4358e-02 +2.5171e-01 +3.1591e-01
639 0 +2.677497596e-01 -1.303422502e+02 -1.303422502e+02 -5.4747e-02 +2.5059e-01 +3.1714e-01
649 0 +2.544959776e-01 -1.303555040e+02 -1.303555040e+02 -5.4950e-02 +2.5182e-01 +3.1535e-01
655 0 +1.753399212e-01 -1.304346601e+02 -1.304346601e+02 -5.5371e-02 +2.5120e-01 +3.1629e-01
673 0 +1.594109046e-01 -1.304505891e+02 -1.304505891e+02 -5.5757e-02 +2.5132e-01 +3.1586e-01
674 0 +1.566931965e-01 -1.304533068e+02 -1.304533068e+02 -5.5833e-02 +2.5131e-01 +3.1581e-01
680 0 +1.451332109e-01 -1.304648668e+02 -1.304648668e+02 -5.5694e-02 +2.5104e-01 +3.1646e-01
687 0 +1.307238287e-01 -1.304792762e+02 -1.304792762e+02 -5.5696e-02 +2.5085e-01 +3.1688e-01
697 0 +1.216197024e-01 -1.304883803e+02 -1.304883803e+02 -5.6577e-02 +2.5035e-01 +3.1747e-01
703 0 +1.112585760e-01 -1.304987414e+02 -1.304987414e+02 -5.6654e-02 +2.5061e-01 +3.1682e-01
711 0 +1.008057531e-01 -1.305091942e+02 -1.305091942e+02 -5.6177e-02 +2.5059e-01 +3.1714e-01
720 0 +8.497095200e-02 -1.305250290e+02 -1.305250290e+02 -5.6190e-02 +2.5077e-01 +3.1670e-01
730 0 +8.167070941e-02 -1.305283293e+02 -1.305283293e+02 -5.6441e-02 +2.5076e-01 +3.1670e-01
763 0 +8.017077786e-02 -1.305298292e+02 -1.305298292e+02 -5.6388e-02 +2.5063e-01 +3.1704e-01
780 0 +6.296441761e-02 -1.305470356e+02 -1.305470356e+02 -5.6443e-02 +2.5056e-01 +3.1711e-01
789 0 +6.005938344e-02 -1.305499406e+02 -1.305499406e+02 -5.6448e-02 +2.5056e-01 +3.1709e-01
794 0 +4.243719584e-02 -1.305675628e+02 -1.305675628e+02 -5.6381e-02 +2.5051e-01 +3.1714e-01
802 0 +2.365396697e-02 -1.305863460e+02 -1.305863460e+02 -5.6325e-02 +2.5040e-01 +3.1724e-01
842 0 +1.477780762e-02 -1.305952222e+02 -1.305952222e+02 -5.6301e-02 +2.5038e-01 +3.1726e-01
871 0 +9.830203091e-03 -1.306001698e+02 -1.306001698e+02 -5.6260e-02 +2.5042e-01 +3.1718e-01
894 0 +3.266447436e-03 -1.306067336e+02 -1.306067336e+02 -5.6272e-02 +2.5040e-01 +3.1721e-01
896 0 +2.334873528e-03 -1.306076651e+02 -1.306076651e+02 -5.6269e-02 +2.5041e-01 +3.1720e-01
956 0 +1.769882142e-03 -1.306082301e+02 -1.306082301e+02 -5.6268e-02 +2.5041e-01 +3.1721e-01
967 0 +1.515578211e-03 -1.306084844e+02 -1.306084844e+02 -5.6263e-02 +2.5041e-01 +3.1721e-01
997 0 +1.396033515e-03 -1.306086040e+02 -1.306086040e+02 -5.6269e-02 +2.5041e-01 +3.1721e-01
1003 0 +1.065279043e-03 -1.306089347e+02 -1.306089347e+02 -5.6269e-02 +2.5041e-01 +3.1721e-01
1013 0 +5.006499487e-04 -1.306094994e+02 -1.306094994e+02 -5.6268e-02 +2.5040e-01 +3.1721e-01
1069 0 +4.829373213e-04 -1.306095171e+02 -1.306095171e+02 -5.6267e-02 +2.5040e-01 +3.1722e-01
1080 0 +3.932308275e-04 -1.306096068e+02 -1.306096068e+02 -5.6267e-02 +2.5040e-01 +3.1722e-01
1087 0 +1.158677281e-04 -1.306098841e+02 -1.306098841e+02 -5.6268e-02 +2.5040e-01 +3.1722e-01
1130 0 +1.120655489e-04 -1.306098879e+02 -1.306098879e+02 -5.6268e-02 +2.5040e-01 +3.1722e-01
1170 0 +3.871602468e-05 -1.306099613e+02 -1.306099613e+02 -5.6268e-02 +2.5040e-01 +3.1722e-01
1188 0 +2.748036727e-05 -1.306099725e+02 -1.306099725e+02 -5.6268e-02 +2.5040e-01 +3.1722e-01
1197 0 +1.422901173e-05 -1.306099858e+02 -1.306099858e+02 -5.6268e-02 +2.5040e-01 +3.1722e-01
1238 0 +1.272861147e-05 -1.306099873e+02 -1.306099873e+02 -5.6268e-02 +2.5040e-01 +3.1722e-01
1259 0 +1.152814116e-05 -1.306099885e+02 -1.306099885e+02 -5.6268e-02 +2.5040e-01 +3.1722e-01
1262 0 +8.949981577e-06 -1.306099911e+02 -1.306099911e+02 -5.6268e-02 +2.5040e-01 +3.1722e-01
1263 0 +7.261766655e-06 -1.306099927e+02 -1.306099927e+02 -5.6268e-02 +2.5040e-01 +3.1722e-01
1272 0 +2.833894115e-06 -1.306099972e+02 -1.306099972e+02 -5.6268e-02 +2.5040e-01 +3.1722e-01
1285 0 +2.702631548e-06 -1.306099973e+02 -1.306099973e+02 -5.6268e-02 +2.5040e-01 +3.1722e-01
1305 0 +1.770286303e-06 -1.306099982e+02 -1.306099982e+02 -5.6268e-02 +2.5040e-01 +3.1722e-01
1332 0 +6.350364572e-07 -1.306099994e+02 -1.306099994e+02 -5.6268e-02 +2.5040e-01 +3.1722e-01
1352 0 +6.198051494e-07 -1.306099994e+02 -1.306099994e+02 -5.6268e-02 +2.5040e-01 +3.1722e-01
1423 0 +5.149062758e-07 -1.306099995e+02 -1.306099995e+02 -5.6268e-02 +2.5040e-01 +3.1722e-01
1428 0 +3.979409939e-07 -1.306099996e+02 -1.306099996e+02 -5.6268e-02 +2.5040e-01 +3.1722e-01
1430 0 +3.166891815e-07 -1.306099997e+02 -1.306099997e+02 -5.6268e-02 +2.5040e-01 +3.1722e-01
1440 0 +2.808076829e-07 -1.306099997e+02 -1.306099997e+02 -5.6268e-02 +2.5040e-01 +3.1722e-01
1475 0 +1.777601994e-07 -1.306099998e+02 -1.306099998e+02 -5.6268e-02 +2.5040e-01 +3.1722e-01
1497 0 +1.566464789e-07 -1.306099998e+02 -1.306099998e+02 -5.6268e-02 +2.5040e-01 +3.1722e-01
1529 0 +7.933942925e-08 -1.306099999e+02 -1.306099999e+02 -5.6268e-02 +2.5040e-01 +3.1722e-01
1544 0 +5.428813665e-08 -1.306099999e+02 -1.306099999e+02 -5.6268e-02 +2.5040e-01 +3.1722e-01
1551 0 +4.787517582e-08 -1.306100000e+02 -1.306100000e+02 -5.6268e-02 +2.5040e-01 +3.1722e-01
1588 0 +4.517372076e-08 -1.306100000e+02 -1.306100000e+02 -5.6268e-02 +2.5040e-01 +3.1722e-01
1607 0 +3.448201369e-08 -1.306100000e+02 -1.306100000e+02 -5.6268e-02 +2.5040e-01 +3.1722e-01
1628 0 +3.165936846e-08 -1.306100000e+02 -1.306100000e+02 -5.6268e-02 +2.5040e-01 +3.1722e-01
1637 0 +2.705235147e-08 -1.306100000e+02 -1.306100000e+02 -5.6268e-02 +2.5040e-01 +3.1722e-01
1640 0 +2.516082986e-08 -1.306100000e+02 -1.306100000e+02 -5.6268e-02 +2.5040e-01 +3.1722e-01
1647 0 +1.601037525e-08 -1.306100000e+02 -1.306100000e+02 -5.6268e-02 +2.5040e-01 +3.1722e-01
1662 0 +1.439764219e-08 -1.306100000e+02 -1.306100000e+02 -5.6268e-02 +2.5040e-01 +3.1722e-01
1674 0 +7.012999959e-09 -1.306100000e+02 -1.306100000e+02 -5.6268e-02 +2.5040e-01 +3.1722e-01
2298 0 +0.000000000e+00 -1.306100000e+02 -1.306100000e+02 -5.6268e-02 +2.5040e-01 +3.1722e-01
% f evaluations | g evaluations | best noise-free fitness - Fopt (-2.231200000000e+02) + sum g_i+ | measured fitness | best measured fitness or single-digit g-values | x1 | x2...
1 0 +5.339703202e+01 -1.697229680e+02 -1.697229680e+02 +0.0000e+00 +0.0000e+00 +0.0000e+00
2 0 +2.341926561e+01 -1.997007344e+02 -1.997007344e+02 +4.3379e-01 +3.0692e-02 +9.8026e-02
3 0 +7.046919069e+00 -2.160730809e+02 -2.160730809e+02 +3.4094e-01 +2.4727e-01 +1.7369e-01
52 0 +5.521442848e+00 -2.175985572e+02 -2.175985572e+02 -9.3922e-01 +2.1303e-01 -1.4387e-01
172 0 +2.668389676e+00 -2.204516103e+02 -2.204516103e+02 +5.4373e-01 +4.1101e-01 +3.4973e-01
374 0 +1.574676129e+00 -2.215453239e+02 -2.215453239e+02 +5.2653e-01 +5.9739e-01 +4.1737e-01
395 0 +7.054607827e-01 -2.224145392e+02 -2.224145392e+02 +5.2829e-01 +5.8288e-01 +4.1627e-01
531 0 +6.201981633e-01 -2.224998018e+02 -2.224998018e+02 +5.2966e-01 +5.7804e-01 +4.1837e-01
537 0 +5.045782331e-01 -2.226154218e+02 -2.226154218e+02 +5.2938e-01 +5.7853e-01 +4.1810e-01
564 0 +4.781198876e-01 -2.226418801e+02 -2.226418801e+02 +5.2967e-01 +5.7718e-01 +4.1837e-01
591 0 +4.248895485e-01 -2.226951105e+02 -2.226951105e+02 +5.2962e-01 +5.7708e-01 +4.1835e-01
628 0 +4.142692654e-01 -2.227057307e+02 -2.227057307e+02 +5.2962e-01 +5.7695e-01 +4.1827e-01
648 0 +4.032281691e-01 -2.227167718e+02 -2.227167718e+02 +5.2962e-01 +5.7704e-01 +4.1828e-01
830 0 +3.975684648e-01 -2.227224315e+02 -2.227224315e+02 +5.2962e-01 +5.7702e-01 +4.1830e-01
% f evaluations | g evaluations | best noise-free fitness - Fopt (-4.443000000000e+01) + sum g_i+ | measured fitness | best measured fitness or single-digit g-values | x1 | x2...
1 0 +4.437367499e+00 -3.999263250e+01 -3.999263250e+01 +0.0000e+00 +0.0000e+00 +0.0000e+00
6 0 +4.261449018e+00 -4.016855098e+01 -4.016855098e+01 -2.2359e-01 +8.0318e-02 +2.1275e-01
23 0 +1.521322819e+00 -4.290867718e+01 -4.290867718e+01 -4.7329e-01 +5.1761e-01 +1.6594e-01
494 0 +1.511766874e+00 -4.291823313e+01 -4.291823313e+01 -3.3354e-02 +4.3018e-01 +2.9603e-01
511 0 +1.472025286e+00 -4.295797471e+01 -4.295797471e+01 -3.3844e-02 +4.2987e-01 +2.9603e-01
517 0 +1.417592640e+00 -4.301240736e+01 -4.301240736e+01 -3.3481e-02 +4.3063e-01 +2.9641e-01
523 0 +1.360465811e+00 -4.306953419e+01 -4.306953419e+01 -3.4777e-02 +4.2927e-01 +2.9604e-01
526 0 +1.340759121e+00 -4.308924088e+01 -4.308924088e+01 -3.4946e-02 +4.2912e-01 +2.9601e-01
528 0 +1.287810996e+00 -4.314218900e+01 -4.314218900e+01 -3.4985e-02 +4.2900e-01 +2.9598e-01
542 0 +1.249695701e+00 -4.318030430e+01 -4.318030430e+01 -3.5093e-02 +4.2901e-01 +2.9604e-01
617 0 +1.197061253e+00 -4.323293875e+01 -4.323293875e+01 -3.6429e-02 +4.2713e-01 +2.9541e-01
% f evaluations | g evaluations | best noise-free fitness - Fopt (2.557800000000e+02) + sum g_i+ | measured fitness | best measured fitness or single-digit g-values | x1 | x2...
1 0 +4.720781675e+01 +3.029878168e+02 +3.029878168e+02 +0.0000e+00 +0.0000e+00 +0.0000e+00
2 0 +3.593158198e+01 +2.917115820e+02 +2.917115820e+02 +4.3379e-01 +3.0692e-02 +9.8026e-02
4 0 +2.246449048e+01 +2.782444905e+02 +2.782444905e+02 -1.1375e-01 -3.0566e-01 +1.1285e-01
5 0 +1.766866379e+01 +2.734486638e+02 +2.734486638e+02 -1.5359e-01 +2.4817e-01 +6.3376e-02
6 0 +1.288463821e+01 +2.686646382e+02 +2.686646382e+02 -2.2359e-01 +8.0318e-02 +2.1275e-01
8 0 +1.194924213e+01 +2.677292421e+02 +2.677292421e+02 +1.0710e-01 +2.4729e-01 +2.1661e-01
37 0 +7.586922698e+00 +2.633669227e+02 +2.633669227e+02 -4.6248e-01 +4.5792e-02 -3.7473e-02
48 0 +3.888599205e+00 +2.596685992e+02 +2.596685992e+02 -1.4467e-03 +6.4807e-01 +7.9168e-01
293 0 +2.534460780e+00 +2.583144608e+02 +2.583144608e+02 +1.1006e-01 +3.2865e-01 +1.2838e+00
353 0 +1.893261974e+00 +2.576732620e+02 +2.576732620e+02 +1.0965e-01 +3.3012e-01 +1.2853e+00
373 0 +1.623022846e+00 +2.574030228e+02 +2.574030228e+02 +1.0446e-01 +3.3551e-01 +1.2805e+00
376 0 +1.394082832e+00 +2.571740828e+02 +2.571740828e+02 +1.0362e-01 +3.3647e-01 +1.2808e+00
397 0 +1.312655761e+00 +2.570926558e+02 +2.570926558e+02 +1.0552e-01 +3.3440e-01 +1.2832e+00
425 0 +1.258966953e+00 +2.570389670e+02 +2.570389670e+02 +1.0429e-01 +3.3521e-01 +1.2833e+00
441 0 +1.212259482e+00 +2.569922595e+02 +2.569922595e+02 +1.0410e-01 +3.3547e-01 +1.2829e+00
444 0 +1.126648103e+00 +2.569066481e+02 +2.569066481e+02 +1.0264e-01 +3.3606e-01 +1.2827e+00
445 0 +1.118783860e+00 +2.568987839e+02 +2.568987839e+02 +1.0487e-01 +3.3424e-01 +1.2831e+00
464 0 +9.253970586e-01 +2.567053971e+02 +2.567053971e+02 +1.0316e-01 +3.3593e-01 +1.2824e+00
709 0 +9.027171133e-01 +2.566827171e+02 +2.566827171e+02 +1.0358e-01 +3.3553e-01 +1.2827e+00
712 0 +8.536423249e-01 +2.566336423e+02 +2.566336423e+02 +1.0359e-01 +3.3559e-01 +1.2825e+00
992 0 +8.510323486e-01 +2.566310323e+02 +2.566310323e+02 +1.0359e-01 +3.3559e-01 +1.2826e+00
% f evaluations | g evaluations | best noise-free fitness - Fopt (1.000000000000e+03) + sum g_i+ | measured fitness | best measured fitness or single-digit g-values | x1 | x2...
1 0 +2.642453467e+01 +1.026424535e+03 +1.026424535e+03 +0.0000e+00 +0.0000e+00 +0.0000e+00
3 0 +1.588646186e+01 +1.015886462e+03 +1.015886462e+03 +3.4094e-01 +2.4727e-01 +1.7369e-01
9 0 +1.097356638e+01 +1.010973566e+03 +1.010973566e+03 -2.1630e-01 -1.1362e-01 +3.0997e-01
16 0 +7.409554329e+00 +1.007409554e+03 +1.007409554e+03 -1.1183e-01 +5.3355e-02 +4.9322e-01
46 0 +5.072286789e+00 +1.005072287e+03 +1.005072287e+03 -3.5383e-01 +2.6946e-02 +4.3369e-01
53 0 +4.699942611e+00 +1.004699943e+03 +1.004699943e+03 -4.5998e-01 +1.7443e-01 +5.7191e-01
225 0 +2.628161944e+00 +1.002628162e+03 +1.002628162e+03 -1.9497e-01 +3.2642e-02 +5.6632e-01
358 0 +2.167725921e+00 +1.002167726e+03 +1.002167726e+03 -3.5238e-01 +1.5801e-01 +3.7520e-01
430 0 +1.716115485e+00 +1.001716115e+03 +1.001716115e+03 -3.5577e-01 +1.5642e-01 +3.6616e-01
506 0 +1.493962858e+00 +1.001493963e+03 +1.001493963e+03 -3.5481e-01 +1.5583e-01 +3.6522e-01
619 0 +1.466356016e+00 +1.001466356e+03 +1.001466356e+03 -3.5473e-01 +1.5583e-01 +3.6530e-01
634 0 +1.436210479e+00 +1.001436210e+03 +1.001436210e+03 -3.5468e-01 +1.5602e-01 +3.6594e-01
677 0 +1.390656574e+00 +1.001390657e+03 +1.001390657e+03 -3.5468e-01 +1.5624e-01 +3.6673e-01
692 0 +1.371587439e+00 +1.001371587e+03 +1.001371587e+03 -3.5458e-01 +1.5634e-01 +3.6699e-01
696 0 +1.335230286e+00 +1.001335230e+03 +1.001335230e+03 -3.5458e-01 +1.5641e-01 +3.6740e-01
705 0 +1.316105685e+00 +1.001316106e+03 +1.001316106e+03 -3.5457e-01 +1.5659e-01 +3.6787e-01
720 0 +1.272633714e+00 +1.001272634e+03 +1.001272634e+03 -3.5454e-01 +1.5661e-01 +3.6803e-01
% f evaluations | g evaluations | best noise-free fitness - Fopt (-1.869500000000e+02) + sum g_i+ | measured fitness | best measured fitness or single-digit g-values | x1 | x2...
1 0 +3.063117627e+01 -1.563188237e+02 -1.563188237e+02 +0.0000e+00 +0.0000e+00 +0.0000e+00
4 0 +1.577124468e+01 -1.711787553e+02 -1.711787553e+02 -1.1375e-01 -3.0566e-01 +1.1285e-01
10 0 +9.528328116e+00 -1.774216719e+02 -1.774216719e+02 -5.0132e-01 +4.1418e-02 -6.6868e-02
36 0 +7.602256674e+00 -1.793477433e+02 -1.793477433e+02 -1.2101e-01 +7.9010e-02 +4.7142e-02
45 0 +4.197526429e+00 -1.827524736e+02 -1.827524736e+02 -2.7983e-01 +2.0439e-01 +5.2971e-01
307 0 +2.602140266e+00 -1.843478597e+02 -1.843478597e+02 -5.1817e-01 -4.3776e-01 +5.2368e-01
360 0 +2.444204828e+00 -1.845057952e+02 -1.845057952e+02 -5.1928e-01 -4.4504e-01 +5.1549e-01
374 0 +2.009459195e+00 -1.849405408e+02 -1.849405408e+02 -5.2331e-01 -4.4833e-01 +5.1317e-01
413 0 +1.775221017e+00 -1.851747790e+02 -1.851747790e+02 -5.1875e-01 -4.4702e-01 +5.1420e-01
454 0 +1.706809963e+00 -1.852431900e+02 -1.852431900e+02 -5.1477e-01 -4.4954e-01 +5.1663e-01
457 0 +1.684837535e+00 -1.852651625e+02 -1.852651625e+02 -5.1622e-01 -4.5098e-01 +5.1620e-01
460 0 +1.447935487e+00 -1.855020645e+02 -1.855020645e+02 -5.1705e-01 -4.5132e-01 +5.1649e-01
464 0 +1.260407183e+00 -1.856895928e+02 -1.856895928e+02 -5.1874e-01 -4.4872e-01 +5.1592e-01
476 0 +1.102080690e+00 -1.858479193e+02 -1.858479193e+02 -5.1657e-01 -4.5117e-01 +5.1739e-01
513 0 +1.077839245e+00 -1.858721608e+02 -1.858721608e+02 -5.1587e-01 -4.5143e-01 +5.1756e-01
521 0 +1.027843305e+00 -1.859221567e+02 -1.859221567e+02 -5.1637e-01 -4.5068e-01 +5.1706e-01
548 0 +1.001024115e+00 -1.859489759e+02 -1.859489759e+02 -5.1575e-01 -4.5114e-01 +5.1756e-01
561 0 +9.774543924e-01 -1.859725456e+02 -1.859725456e+02 -5.1571e-01 -4.5126e-01 +5.1767e-01
629 0 +9.683845628e-01 -1.859816154e+02 -1.859816154e+02 -5.1566e-01 -4.5127e-01 +5.1769e-01
708 0 +9.519520624e-01 -1.859980479e+02 -1.859980479e+02 -5.1612e-01 -4.5098e-01 +5.1739e-01
727 0 +9.235827863e-01 -1.860264172e+02 -1.860264172e+02 -5.1666e-01 -4.5062e-01 +5.1704e-01
836 0 +9.119904631e-01 -1.860380095e+02 -1.860380095e+02 -5.1663e-01 -4.5066e-01 +5.1706e-01
% f evaluations | g evaluations | best noise-free fitness - Fopt (5.859500000000e+02) + sum g_i+ | measured fitness | best measured fitness or single-digit g-values | x1 | x2...
1 0 +1.357088189e+01 +5.995208819e+02 +5.995208819e+02 +0.0000e+00 +0.0000e+00 +0.0000e+00
2 0 +4.671738159e+00 +5.906217382e+02 +5.906217382e+02 +4.3379e-01 +3.0692e-02 +9.8026e-02
42 0 +3.252950616e+00 +5.892029506e+02 +5.892029506e+02 +3.5200e-01 +3.1117e-02 +2.4797e-01
218 0 +3.188642027e+00 +5.891386420e+02 +5.891386420e+02 +2.3132e-01 +2.4697e-01 +2.5356e-01
241 0 +3.146629756e+00 +5.890966298e+02 +5.890966298e+02 +2.5176e-01 +2.3734e-01 +2.6103e-01
259 0 +2.926259229e+00 +5.888762592e+02 +5.888762592e+02 +2.5674e-01 +2.3285e-01 +2.6023e-01
260 0 +1.995187304e+00 +5.879451873e+02 +5.879451873e+02 +2.4286e-01 +2.4240e-01 +2.5511e-01
272 0 +1.376552517e+00 +5.873265525e+02 +5.873265525e+02 +2.3609e-01 +2.4939e-01 +2.4965e-01
311 0 +1.289867021e+00 +5.872398670e+02 +5.872398670e+02 +2.3810e-01 +2.4781e-01 +2.5183e-01
315 0 +9.248568905e-01 +5.868748569e+02 +5.868748569e+02 +2.3841e-01 +2.4755e-01 +2.5487e-01
331 0 +7.551873155e-01 +5.867051873e+02 +5.867051873e+02 +2.4165e-01 +2.4595e-01 +2.5516e-01
337 0 +6.908143997e-01 +5.866408144e+02 +5.866408144e+02 +2.3644e-01 +2.4875e-01 +2.5257e-01
363 0 +5.583665405e-01 +5.865083665e+02 +5.865083665e+02 +2.3468e-01 +2.4969e-01 +2.5221e-01
400 0 +4.073058479e-01 +5.863573058e+02 +5.863573058e+02 +2.2586e-01 +2.5416e-01 +2.4793e-01
431 0 +3.757631133e-01 +5.863257631e+02 +5.863257631e+02 +2.1229e-01 +2.6060e-01 +2.4129e-01
435 0 +7.894735044e-02 +5.860289474e+02 +5.860289474e+02 +2.1205e-01 +2.6135e-01 +2.4141e-01
480 0 +5.746758654e-02 +5.860074676e+02 +5.860074676e+02 +2.1149e-01 +2.6163e-01 +2.4146e-01
521 0 +4.776543558e-02 +5.859977654e+02 +5.859977654e+02 +2.1156e-01 +2.6158e-01 +2.4143e-01
524 0 +3.213992797e-02 +5.859821399e+02 +5.859821399e+02 +2.1091e-01 +2.6185e-01 +2.4114e-01
551 0 +2.917174022e-02 +5.859791717e+02 +5.859791717e+02 +2.1108e-01 +2.6179e-01 +2.4122e-01
563 0 +1.323543200e-02 +5.859632354e+02 +5.859632354e+02 +2.1127e-01 +2.6168e-01 +2.4132e-01
608 0 +9.718046642e-03 +5.859597180e+02 +5.859597180e+02 +2.1136e-01 +2.6162e-01 +2.4138e-01
662 0 +6.188358893e-03 +5.859561884e+02 +5.859561884e+02 +2.1141e-01 +2.6160e-01 +2.4140e-01
690 0 +5.352198266e-03 +5.859553522e+02 +5.859553522e+02 +2.1140e-01 +2.6160e-01 +2.4139e-01
712 0 +3.650613658e-03 +5.859536506e+02 +5.859536506e+02 +2.1141e-01 +2.6160e-01 +2.4138e-01
758 0 +2.059450771e-03 +5.859520595e+02 +5.859520595e+02 +2.1142e-01 +2.6160e-01 +2.4138e-01
765 0 +1.951181529e-03 +5.859519512e+02 +5.859519512e+02 +2.1141e-01 +2.6160e-01 +2.4138e-01
771 0 +1.776845030e-03 +5.859517768e+02 +5.859517768e+02 +2.1142e-01 +2.6159e-01 +2.4138e-01
795 0 +1.692289532e-03 +5.859516923e+02 +5.859516923e+02 +2.1144e-01 +2.6159e-01 +2.4139e-01
804 0 +8.850747729e-04 +5.859508851e+02 +5.859508851e+02 +2.1143e-01 +2.6159e-01 +2.4139e-01
830 0 +8.181662810e-04 +5.859508182e+02 +5.859508182e+02 +2.1144e-01 +2.6159e-01 +2.4139e-01
839 0 +5.794237566e-04 +5.859505794e+02 +5.859505794e+02 +2.1143e-01 +2.6159e-01 +2.4139e-01
843 0 +5.429423694e-04 +5.859505429e+02 +5.859505429e+02 +2.1144e-01 +2.6159e-01 +2.4139e-01
864 0 +3.800255723e-04 +5.859503800e+02 +5.859503800e+02 +2.1143e-01 +2.6159e-01 +2.4139e-01
865 0 +2.890543934e-04 +5.859502891e+02 +5.859502891e+02 +2.1143e-01 +2.6159e-01 +2.4139e-01
867 0 +2.455862891e-04 +5.859502456e+02 +5.859502456e+02 +2.1143e-01 +2.6159e-01 +2.4139e-01
871 0 +1.280910246e-04 +5.859501281e+02 +5.859501281e+02 +2.1143e-01 +2.6159e-01 +2.4139e-01
894 0 +1.571577718e-05 +5.859500157e+02 +5.859500157e+02 +2.1143e-01 +2.6159e-01 +2.4139e-01
1028 0 +7.476633186e-06 +5.859500075e+02 +5.859500075e+02 +2.1143e-01 +2.6159e-01 +2.4139e-01
1083 0 +4.990016578e-06 +5.859500050e+02 +5.859500050e+02 +2.1143e-01 +2.6159e-01 +2.4139e-01
1084 0 +3.925485998e-06 +5.859500039e+02 +5.859500039e+02 +2.1143e-01 +2.6159e-01 +2.4139e-01
1109 0 +3.543275966e-06 +5.859500035e+02 +5.859500035e+02 +2.1143e-01 +2.6159e-01 +2.4139e-01
1114 0 +2.714081120e-06 +5.859500027e+02 +5.859500027e+02 +2.1143e-01 +2.6159e-01 +2.4139e-01
1123 0 +2.219608405e-06 +5.859500022e+02 +5.859500022e+02 +2.1143e-01 +2.6159e-01 +2.4139e-01
1155 0 +1.916093765e-06 +5.859500019e+02 +5.859500019e+02 +2.1143e-01 +2.6159e-01 +2.4139e-01
1158 0 +1.810371373e-06 +5.859500018e+02 +5.859500018e+02 +2.1143e-01 +2.6159e-01 +2.4139e-01
1164 0 +1.472312647e-06 +5.859500015e+02 +5.859500015e+02 +2.1143e-01 +2.6159e-01 +2.4139e-01
1176 0 +1.396894504e-06 +5.859500014e+02 +5.859500014e+02 +2.1143e-01 +2.6159e-01 +2.4139e-01
1182 0 +1.278988179e-06 +5.859500013e+02 +5.859500013e+02 +2.1143e-01 +2.6159e-01 +2.4139e-01
1186 0 +8.439034218e-07 +5.859500008e+02 +5.859500008e+02 +2.1143e-01 +2.6159e-01 +2.4139e-01
1202 0 +5.524417475e-07 +5.859500006e+02 +5.859500006e+02 +2.1143e-01 +2.6159e-01 +2.4139e-01
1221 0 +4.800348279e-07 +5.859500005e+02 +5.859500005e+02 +2.1143e-01 +2.6159e-01 +2.4139e-01
1254 0 +3.571963134e-07 +5.859500004e+02 +5.859500004e+02 +2.1143e-01 +2.6159e-01 +2.4139e-01
1265 0 +8.009942576e-08 +5.859500001e+02 +5.859500001e+02 +2.1143e-01 +2.6159e-01 +2.4139e-01
1285 0 +6.783739082e-08 +5.859500001e+02 +5.859500001e+02 +2.1143e-01 +2.6159e-01 +2.4139e-01
1395 0 +4.824403277e-08 +5.859500000e+02 +5.859500000e+02 +2.1143e-01 +2.6159e-01 +2.4139e-01
1424 0 +3.057755293e-08 +5.859500000e+02 +5.859500000e+02 +2.1143e-01 +2.6159e-01 +2.4139e-01
1454 0 +2.859701453e-08 +5.859500000e+02 +5.859500000e+02 +2.1143e-01 +2.6159e-01 +2.4139e-01
1462 0 +1.548869477e-08 +5.859500000e+02 +5.859500000e+02 +2.1143e-01 +2.6159e-01 +2.4139e-01
1475 0 +1.396028892e-08 +5.859500000e+02 +5.859500000e+02 +2.1143e-01 +2.6159e-01 +2.4139e-01
1494 0 +6.422055776e-09 +5.859500000e+02 +5.859500000e+02 +2.1143e-01 +2.6159e-01 +2.4139e-01
1978 0 +0.000000000e+00 +5.859500000e+02 +5.859500000e+02 +2.1143e-01 +2.6159e-01 +2.4139e-01
% f evaluations | g evaluations | best noise-free fitness - Fopt (2.871600000000e+02) + sum g_i+ | measured fitness | best measured fitness or single-digit g-values | x1 | x2...
1 0 +3.573828768e+01 +3.228982877e+02 +3.228982877e+02 +0.0000e+00 +0.0000e+00 +0.0000e+00
2 0 +3.281362085e+01 +3.199736209e+02 +3.199736209e+02 +4.3379e-01 +3.0692e-02 +9.8026e-02
7 0 +1.785525475e+01 +3.050152547e+02 +3.050152547e+02 +5.3256e-02 -2.3477e-01 +7.8699e-02
10 0 +4.623966263e+00 +2.917839663e+02 +2.917839663e+02 -3.1092e-01 +3.6497e-02 -1.1934e-01
61 0 +3.619674685e+00 +2.907796747e+02 +2.907796747e+02 -3.4900e-02 +1.0826e-02 +1.6437e-01
62 0 +1.885841987e+00 +2.890458420e+02 +2.890458420e+02 +6.1989e-02 +1.7941e-01 +1.3180e-01
377 0 +1.467628465e+00 +2.886276285e+02 +2.886276285e+02 +7.4446e-02 -3.3165e-02 +1.7488e-01
426 0 +1.230079840e+00 +2.883900798e+02 +2.883900798e+02 +7.2510e-02 -3.4167e-02 +1.7559e-01
452 0 +1.177558558e+00 +2.883375586e+02 +2.883375586e+02 +7.3274e-02 -3.4044e-02 +1.7576e-01
474 0 +1.027343633e+00 +2.881873436e+02 +2.881873436e+02 +7.2957e-02 -3.4156e-02 +1.7545e-01
500 0 +1.017510857e+00 +2.881775109e+02 +2.881775109e+02 +7.2895e-02 -3.4156e-02 +1.7544e-01
538 0 +9.978560247e-01 +2.881578560e+02 +2.881578560e+02 +7.2916e-02 -3.4173e-02 +1.7555e-01
% f evaluations | g evaluations | best noise-free fitness - Fopt (-3.943800000000e+02) + sum g_i+ | measured fitness | best measured fitness or single-digit g-values | x1 | x2...
1 0 +2.122502245e+01 -3.731549775e+02 -3.731549775e+02 +0.0000e+00 +0.0000e+00 +0.0000e+00
2 0 +1.469055115e+01 -3.796894489e+02 -3.796894489e+02 +4.3379e-01 +3.0692e-02 +9.8026e-02
4 0 +4.500786558e+00 -3.898792134e+02 -3.898792134e+02 -1.1375e-01 -3.0566e-01 +1.1285e-01
65 0 +1.813062865e+00 -3.925669371e+02 -3.925669371e+02 +8.7265e-02 +1.7278e-01 +2.3919e-01
262 0 +1.619312238e+00 -3.927606878e+02 -3.927606878e+02 +3.4090e-01 +1.0063e-02 +1.7817e-01
269 0 +1.092530168e+00 -3.932874698e+02 -3.932874698e+02 +3.4927e-01 +2.3898e-03 +1.8610e-01
367 0 +1.011374746e+00 -3.933686253e+02 -3.933686253e+02 +3.3437e-01 +1.0336e-03 +1.9330e-01
462 0 +9.671984342e-01 -3.934128016e+02 -3.934128016e+02 +3.3413e-01 +1.0440e-03 +1.9336e-01
500 0 +9.361088696e-01 -3.934438911e+02 -3.934438911e+02 +3.3390e-01 +1.0404e-03 +1.9356e-01
531 0 +9.142873098e-01 -3.934657127e+02 -3.934657127e+02 +3.3392e-01 +1.0374e-03 +1.9353e-01
629 0 +9.119547997e-01 -3.934680452e+02 -3.934680452e+02 +3.3388e-01 +1.0211e-03 +1.9357e-01
1857 0 +8.780341489e-01 -3.935019659e+02 -3.935019659e+02 +3.3468e-01 +1.5319e-03 +1.9238e-01
1873 0 +8.255898595e-01 -3.935544101e+02 -3.935544101e+02 +3.3602e-01 +2.3941e-03 +1.9039e-01
1875 0 +7.758316898e-01 -3.936041683e+02 -3.936041683e+02 +3.3702e-01 +3.0438e-03 +1.8889e-01
1889 0 +7.166869176e-01 -3.936633131e+02 -3.936633131e+02 +3.3811e-01 +3.7476e-03 +1.8726e-01
1898 0 +4.890393192e-01 -3.938909607e+02 -3.938909607e+02 +3.4171e-01 +6.0625e-03 +1.8190e-01
1899 0 +4.565215367e-01 -3.939234785e+02 -3.939234785e+02 +3.4213e-01 +6.3335e-03 +1.8128e-01
1904 0 +2.209039119e-01 -3.941590961e+02 -3.941590961e+02 +3.4552e-01 +8.5206e-03 +1.7622e-01
1912 0 +8.839619489e-02 -3.942916038e+02 -3.942916038e+02 +3.4828e-01 +1.0297e-02 +1.7211e-01
1936 0 +2.484031404e-02 -3.943551597e+02 -3.943551597e+02 +3.4772e-01 +9.9387e-03 +1.7294e-01
2030 0 +2.020054352e-02 -3.943597995e+02 -3.943597995e+02 +3.4769e-01 +9.9192e-03 +1.7298e-01
2104 0 +1.936049226e-02 -3.943606395e+02 -3.943606395e+02 +3.4767e-01 +9.9055e-03 +1.7301e-01
2117 0 +1.873204276e-02 -3.943612680e+02 -3.943612680e+02 +3.4768e-01 +9.9137e-03 +1.7299e-01
2160 0 +1.824006911e-02 -3.943617599e+02 -3.943617599e+02 +3.4768e-01 +9.9121e-03 +1.7300e-01
2164 0 +1.804027166e-02 -3.943619597e+02 -3.943619597e+02 +3.4768e-01 +9.9101e-03 +1.7300e-01
% f evaluations | g evaluations | best noise-free fitness - Fopt (5.443000000000e+01) + sum g_i+ | measured fitness | best measured fitness or single-digit g-values | x1 | x2...
1 0 +1.107096658e+01 +6.550096658e+01 +6.550096658e+01 +0.0000e+00 +0.0000e+00 +0.0000e+00
2 0 +6.421475619e+00 +6.085147562e+01 +6.085147562e+01 +4.3379e-01 +3.0692e-02 +9.8026e-02
47 0 +4.357720033e+00 +5.878772003e+01 +5.878772003e+01 -4.7118e-01 +2.8545e-01 -1.0395e-01
289 0 +3.395467481e+00 +5.782546748e+01 +5.782546748e+01 +2.5090e-01 -2.4507e-01 -5.2609e-02
926 0 +3.279438151e+00 +5.770943815e+01 +5.770943815e+01 +1.0120e-01 -1.0863e-01 -6.5905e-02
954 0 +3.229985051e+00 +5.765998505e+01 +5.765998505e+01 +7.1298e-02 -5.2424e-02 -6.1875e-02
% f evaluations | g evaluations | best noise-free fitness - Fopt (1.396900000000e+02) + sum g_i+ | measured fitness | best measured fitness or single-digit g-values | x1 | x2...
1 0 +3.773127736e+01 +1.774212774e+02 +1.774212774e+02 +0.0000e+00 +0.0000e+00 +0.0000e+00
2 0 +1.431781056e+01 +1.540078106e+02 +1.540078106e+02 +4.3379e-01 +3.0692e-02 +9.8026e-02
4 0 +1.180100215e+01 +1.514910021e+02 +1.514910021e+02 -1.1375e-01 -3.0566e-01 +1.1285e-01
18 0 +7.637372214e+00 +1.473273722e+02 +1.473273722e+02 +1.4928e-01 -1.9208e-01 -1.5410e-03
23 0 +4.263471123e+00 +1.439534711e+02 +1.439534711e+02 -2.9598e-01 +2.7279e-01 +1.0824e-01
164 0 +1.506236869e+00 +1.411962369e+02 +1.411962369e+02 +2.1412e-01 -2.2959e-01 +1.4227e-02
420 0 +1.469424624e+00 +1.411594246e+02 +1.411594246e+02 +3.0591e-01 -2.0173e-01 -4.8078e-02
430 0 +1.348199997e+00 +1.410382000e+02 +1.410382000e+02 +3.0390e-01 -2.0194e-01 -4.2656e-02
464 0 +1.314116669e+00 +1.410041167e+02 +1.410041167e+02 +3.0444e-01 -2.0123e-01 -4.4273e-02
486 0 +1.286124180e+00 +1.409761242e+02 +1.409761242e+02 +3.0422e-01 -2.0150e-01 -4.3669e-02
506 0 +1.231994465e+00 +1.409219945e+02 +1.409219945e+02 +3.0435e-01 -2.0157e-01 -4.3941e-02
524 0 +1.230207061e+00 +1.409202071e+02 +1.409202071e+02 +3.0455e-01 -2.0161e-01 -4.4411e-02
712 0 +1.201910830e+00 +1.408919108e+02 +1.408919108e+02 +3.0447e-01 -2.0159e-01 -4.4248e-02
% f evaluations | g evaluations | best noise-free fitness - Fopt (-5.794000000000e+01) + sum g_i+ | measured fitness | best measured fitness or single-digit g-values | x1 | x2...
1 0 +3.297391708e+01 -2.496608292e+01 -2.496608292e+01 +0.0000e+00 +0.0000e+00 +0.0000e+00
2 0 +1.543475130e+01 -4.250524870e+01 -4.250524870e+01 +4.3379e-01 +3.0692e-02 +9.8026e-02
4 0 +1.131377258e+01 -4.662622742e+01 -4.662622742e+01 -1.1375e-01 -3.0566e-01 +1.1285e-01
12 0 +7.339087792e+00 -5.060091221e+01 -5.060091221e+01 +1.3946e-01 +5.9725e-02 +1.0160e-01
27 0 +6.806551705e+00 -5.113344829e+01 -5.113344829e+01 +4.8974e-01 +2.3870e-01 +4.3626e-01
81 0 +3.155889553e+00 -5.478411045e+01 -5.478411045e+01 +3.0285e-01 +6.7009e-02 +3.0555e-01
472 0 +3.017665945e+00 -5.492233405e+01 -5.492233405e+01 +3.2053e-01 +1.6726e-01 +2.1094e-01
480 0 +2.944198330e+00 -5.499580167e+01 -5.499580167e+01 +3.2055e-01 +1.6674e-01 +2.1147e-01
521 0 +2.758403558e+00 -5.518159644e+01 -5.518159644e+01 +3.2046e-01 +1.6711e-01 +2.1167e-01
713 0 +2.750579835e+00 -5.518942017e+01 -5.518942017e+01 +3.2045e-01 +1.6705e-01 +2.1169e-01
% f evaluations | g evaluations | best noise-free fitness - Fopt (1.253900000000e+02) + sum g_i+ | measured fitness | best measured fitness or single-digit g-values | x1 | x2...
1 0 +1.694790389e+01 +1.423379039e+02 +1.423379039e+02 +0.0000e+00 +0.0000e+00 +0.0000e+00
4 0 +1.298543608e+01 +1.383754361e+02 +1.383754361e+02 -1.1375e-01 -3.0566e-01 +1.1285e-01
6 0 +2.904578029e+00 +1.282945780e+02 +1.282945780e+02 -2.2359e-01 +8.0318e-02 +2.1275e-01
137 0 +2.704453256e+00 +1.280944533e+02 +1.280944533e+02 -1.9504e-01 +1.3775e-01 +2.6877e-01
202 0 +2.000804439e+00 +1.273908044e+02 +1.273908044e+02 -1.3534e-01 +1.3035e-01 +2.8017e-01
279 0 +1.668559032e+00 +1.270585590e+02 +1.270585590e+02 -1.3430e-01 +1.2969e-01 +2.8466e-01
281 0 +1.101087954e+00 +1.264910880e+02 +1.264910880e+02 -1.3654e-01 +1.2727e-01 +2.7400e-01
393 0 +1.090098022e+00 +1.264800980e+02 +1.264800980e+02 -1.3438e-01 +1.2935e-01 +2.8270e-01
408 0 +1.039152005e+00 +1.264291520e+02 +1.264291520e+02 -1.3457e-01 +1.2915e-01 +2.8199e-01
521 0 +1.018920083e+00 +1.264089201e+02 +1.264089201e+02 -1.3465e-01 +1.2899e-01 +2.8178e-01
937 0 +9.927061904e-01 +1.263827062e+02 +1.263827062e+02 -1.3463e-01 +1.2916e-01 +2.8155e-01
942 0 +9.672346308e-01 +1.263572346e+02 +1.263572346e+02 -1.3462e-01 +1.2934e-01 +2.8131e-01
953 0 +9.506396330e-01 +1.263406396e+02 +1.263406396e+02 -1.3458e-01 +1.2969e-01 +2.8084e-01
955 0 +9.330097148e-01 +1.263230097e+02 +1.263230097e+02 -1.3459e-01 +1.2954e-01 +2.8105e-01
