% f evaluations | g evaluations | best noise-free fitness - Fopt (6.870000000000e+00) + sum g_i+ | measured fitness | best measured fitness or single-digit g-values | x1 | x2...
1 0 +1.700119263e+01 +2.387119263e+01 +2.387119263e+01 +0.0000e+00 +0.0000e+00 +0.0000e+00 +0.0000e+00 +0.0000e+00 +0.0000e+00 +0.0000e+00 +0.0000e+00 +0.0000e+00 +0.0000e+00
2 0 +3.778242784e+00 +1.064824278e+01 +1.064824278e+01 +4.3379e-01 +3.0692e-02 +9.8026e-02 +3.4094e-01 +2.4727e-01 +1.7369e-01 -1.1375e-01 -3.0566e-01 +1.1285e-01 -1.5359e-01
435 0 +3.543944032e+00 +1.041394403e+01 +1.041394403e+01 +8.1972e-01 +5.6850e-01 -1.4236e+00 +1.5266e-01 -8.5259e-01 -2.4781e-01 +5.8007e-01 -1.1325e+00 +8.8766e-02 +4.0274e-01
769 0 +3.348506723e+00 +1.021850672e+01 +1.021850672e+01 +8.0172e-01 +3.5544e-01 -1.1134e+00 +2.8892e-01 -8.5421e-01 -1.5786e-01 +4.2468e-01 -9.4040e-01 +5.9583e-02 +2.4466e-01
799 0 +2.184814891e+00 +9.054814891e+00 +9.054814891e+00 +8.3998e-01 +3.9049e-01 -1.1303e+00 +2.8218e-01 -8.2597e-01 -1.3830e-01 +4.2936e-01 -9.2737e-01 +2.6291e-02 +2.6832e-01
951 0 +2.083540738e+00 +8.953540738e+00 +8.953540738e+00 +8.5164e-01 +3.6771e-01 -1.1641e+00 +3.0224e-01 -8.4840e-01 -1.2864e-01 +3.9786e-01 -9.2931e-01 +4.9817e-02 +2.5172e-01
952 0 +1.626212954e+00 +8.496212954e+00 +8.496212954e+00 +8.5287e-01 +3.7296e-01 -1.1465e+00 +2.9265e-01 -8.5586e-01 -1.3139e-01 +4.1026e-01 -9.4749e-01 +3.4504e-02 +2.5797e-01
986 0 +1.214917209e+00 +8.084917209e+00 +8.084917209e+00 +8.3172e-01 +3.8172e-01 -1.1501e+00 +2.8689e-01 -8.5804e-01 -1.5080e-01 +3.9549e-01 -9.3035e-01 +4.3070e-02 +2.6056e-01
1045 0 +1.097347395e+00 +7.967347395e+00 +7.967347395e+00 +8.3475e-01 +3.6532e-01 -1.1277e+00 +2.9604e-01 -8.4418e-01 -1.7616e-01 +3.8051e-01 -9.4732e-01 +3.5330e-02 +2.5341e-01
1072 0 +1.089111897e+00 +7.959111897e+00 +7.959111897e+00 +8.3166e-01 +3.6862e-01 -1.1564e+00 +2.8792e-01 -8.4971e-01 -1.4993e-01 +3.9495e-01 -9.4497e-01 +3.5130e-02 +2.6246e-01
1076 0 +8.054503050e-01 +7.675450305e+00 +7.675450305e+00 +8.3829e-01 +3.7339e-01 -1.1424e+00 +2.9232e-01 -8.5933e-01 -1.6034e-01 +3.8790e-01 -9.3847e-01 +5.1233e-02 +2.5309e-01
1096 0 +7.722358342e-01 +7.642235834e+00 +7.642235834e+00 +8.3560e-01 +3.6737e-01 -1.1441e+00 +2.9150e-01 -8.4994e-01 -1.6117e-01 +3.8819e-01 -9.4575e-01 +4.2594e-02 +2.5792e-01
1170 0 +6.518059080e-01 +7.521805908e+00 +7.521805908e+00 +8.3470e-01 +3.6892e-01 -1.1462e+00 +2.9003e-01 -8.5317e-01 -1.6432e-01 +3.8760e-01 -9.4265e-01 +3.8609e-02 +2.5969e-01
1183 0 +6.206636595e-01 +7.490663659e+00 +7.490663659e+00 +8.3477e-01 +3.6826e-01 -1.1432e+00 +2.9150e-01 -8.5268e-01 -1.6968e-01 +3.8546e-01 -9.4278e-01 +3.6719e-02 +2.5850e-01
1318 0 +6.066790754e-01 +7.476679075e+00 +7.476679075e+00 +8.3433e-01 +3.6627e-01 -1.1445e+00 +2.9050e-01 -8.5436e-01 -1.6681e-01 +3.8702e-01 -9.4588e-01 +3.5036e-02 +2.5929e-01
1343 0 +5.600999972e-01 +7.430099997e+00 +7.430099997e+00 +8.3402e-01 +3.6614e-01 -1.1448e+00 +2.9041e-01 -8.5402e-01 -1.6768e-01 +3.8661e-01 -9.4623e-01 +3.4265e-02 +2.5998e-01
1359 0 +5.404379470e-01 +7.410437947e+00 +7.410437947e+00 +8.3356e-01 +3.6642e-01 -1.1434e+00 +2.9169e-01 -8.5379e-01 -1.6708e-01 +3.8767e-01 -9.4540e-01 +3.3513e-02 +2.5929e-01
1366 0 +5.112519753e-01 +7.381251975e+00 +7.381251975e+00 +8.3317e-01 +3.6667e-01 -1.1431e+00 +2.9120e-01 -8.5324e-01 -1.6692e-01 +3.8758e-01 -9.4594e-01 +3.3558e-02 +2.5929e-01
1391 0 +4.954596195e-01 +7.365459620e+00 +7.365459620e+00 +8.3291e-01 +3.6648e-01 -1.1436e+00 +2.9120e-01 -8.5465e-01 -1.6771e-01 +3.8687e-01 -9.4663e-01 +3.2363e-02 +2.5966e-01
1425 0 +4.855749548e-01 +7.355574955e+00 +7.355574955e+00 +8.3245e-01 +3.6667e-01 -1.1435e+00 +2.9126e-01 -8.5383e-01 -1.6789e-01 +3.8650e-01 -9.4562e-01 +3.3307e-02 +2.5943e-01
1430 0 +4.734381649e-01 +7.343438165e+00 +7.343438165e+00 +8.3226e-01 +3.6685e-01 -1.1422e+00 +2.9133e-01 -8.5334e-01 -1.6841e-01 +3.8694e-01 -9.4651e-01 +3.2648e-02 +2.5892e-01
1431 0 +4.534258673e-01 +7.323425867e+00 +7.323425867e+00 +8.3233e-01 +3.6614e-01 -1.1429e+00 +2.9151e-01 -8.5348e-01 -1.6776e-01 +3.8725e-01 -9.4634e-01 +3.3205e-02 +2.5892e-01
1550 0 +4.424966806e-01 +7.312496681e+00 +7.312496681e+00 +8.3189e-01 +3.6789e-01 -1.1425e+00 +2.9130e-01 -8.5200e-01 -1.6811e-01 +3.8639e-01 -9.4403e-01 +3.4041e-02 +2.5880e-01
1622 0 +4.253010358e-01 +7.295301036e+00 +7.295301036e+00 +8.3189e-01 +3.6769e-01 -1.1431e+00 +2.9118e-01 -8.5276e-01 -1.6803e-01 +3.8654e-01 -9.4463e-01 +3.3624e-02 +2.5917e-01
1748 0 +4.104750333e-01 +7.280475033e+00 +7.280475033e+00 +8.3203e-01 +3.6772e-01 -1.1429e+00 +2.9110e-01 -8.5256e-01 -1.6803e-01 +3.8644e-01 -9.4459e-01 +3.3560e-02 +2.5905e-01
1834 0 +4.051823160e-01 +7.275182316e+00 +7.275182316e+00 +8.3204e-01 +3.6767e-01 -1.1429e+00 +2.9110e-01 -8.5250e-01 -1.6821e-01 +3.8637e-01 -9.4459e-01 +3.3477e-02 +2.5912e-01
% f evaluations | g evaluations | best noise-free fitness - Fopt (1.000000000000e-02) + sum g_i+ | measured fitness | best measured fitness or single-digit g-values | x1 | x2...
1 0 +9.237923688e+00 +9.247923688e+00 +9.247923688e+00 +0.0000e+00 +0.0000e+00 +0.0000e+00 +0.0000e+00 +0.0000e+00 +0.0000e+00 +0.0000e+00 +0.0000e+00 +0.0000e+00 +0.0000e+00
3 0 +8.380208402e+00 +8.390208402e+00 +8.390208402e+00 +2.4817e-01 +6.3376e-02 -2.2359e-01 +8.0318e-02 +2.1275e-01 +5.3256e-02 -2.3477e-01 +7.8699e-02 +1.0710e-01 +2.4729e-01
5 0 +5.125399856e+00 +5.135399856e+00 +5.135399856e+00 -9.0564e-02 +8.4424e-02 -2.8183e-02 -1.8777e-01 +7.4957e-02 +6.4105e-01 +2.7589e-01 +1.3137e-01 +7.7185e-02 +2.3934e-01
138 0 +4.652411477e+00 +4.662411477e+00 +4.662411477e+00 +4.0706e-01 +1.5260e-01 -2.1865e-01 -2.9062e-01 -2.6222e-01 -9.6069e-02 +4.2709e-01 -1.2470e-01 -2.7058e-01 +7.2881e-01
184 0 +4.178063051e+00 +4.188063051e+00 +4.188063051e+00 +5.5251e-01 +2.1727e-01 -3.1302e-01 -1.2664e-01 -4.0333e-02 -3.1598e-01 +7.0234e-01 +6.8242e-02 -6.2383e-02 +1.0512e+00
307 0 +3.971902511e+00 +3.981902511e+00 +3.981902511e+00 +9.1722e-01 +2.4027e-01 -4.2223e-01 +1.1431e-02 -1.7428e-01 -3.0621e-01 +1.0669e+00 -2.5098e-01 -1.0285e-01 +9.7323e-01
360 0 +3.144640826e+00 +3.154640826e+00 +3.154640826e+00 +9.3989e-01 +2.5810e-01 -4.4124e-01 -2.3724e-02 -1.5544e-01 -2.9487e-01 +1.0419e+00 -2.0393e-01 -1.2886e-01 +9.4169e-01
448 0 +3.014172548e+00 +3.024172548e+00 +3.024172548e+00 +7.3649e-01 +9.1879e-02 -3.5672e-01 +6.1621e-03 -8.5554e-02 -2.3670e-01 +1.1238e+00 -9.1902e-02 -2.2276e-01 +9.8178e-01
592 0 +2.628776571e+00 +2.638776571e+00 +2.638776571e+00 +7.5922e-01 +2.4644e-01 -3.5057e-01 +9.6026e-03 -1.0639e-01 -2.7217e-01 +1.0546e+00 +8.1435e-03 -1.7994e-01 +9.4544e-01
775 0 +2.072947510e+00 +2.082947510e+00 +2.082947510e+00 +7.5656e-01 +2.3550e-01 -3.1864e-01 -3.1302e-02 -5.8181e-02 -2.8940e-01 +9.9658e-01 +3.8491e-02 -2.0627e-01 +9.6673e-01
798 0 +1.248035919e+00 +1.258035919e+00 +1.258035919e+00 +7.8502e-01 +2.5267e-01 -3.2394e-01 -1.8721e-02 -7.2527e-02 -2.7720e-01 +1.0348e+00 +3.4947e-02 -2.0349e-01 +9.7560e-01
818 0 +1.207034987e+00 +1.217034987e+00 +1.217034987e+00 +7.7902e-01 +2.4262e-01 -3.2021e-01 -1.9516e-02 -6.4657e-02 -2.8316e-01 +1.0302e+00 +2.8178e-02 -2.0273e-01 +9.7465e-01
881 0 +1.188379465e+00 +1.198379465e+00 +1.198379465e+00 +7.7530e-01 +2.4998e-01 -3.2427e-01 -1.2144e-02 -7.0398e-02 -2.7577e-01 +1.0399e+00 +2.9787e-02 -2.0061e-01 +9.6369e-01
893 0 +1.030791026e+00 +1.040791026e+00 +1.040791026e+00 +7.7307e-01 +2.5116e-01 -3.1939e-01 -1.5391e-02 -6.7108e-02 -2.8264e-01 +1.0339e+00 +3.0288e-02 -2.0173e-01 +9.5994e-01
895 0 +9.228105095e-01 +9.328105095e-01 +9.328105095e-01 +7.7380e-01 +2.4719e-01 -3.1721e-01 -1.8694e-02 -6.5030e-02 -2.8314e-01 +1.0320e+00 +2.9038e-02 -2.0160e-01 +9.6571e-01
912 0 +6.762572338e-01 +6.862572338e-01 +6.862572338e-01 +7.7578e-01 +2.5184e-01 -3.2381e-01 -1.6046e-02 -6.8111e-02 -2.7832e-01 +1.0351e+00 +3.1843e-02 -2.0363e-01 +9.6094e-01
922 0 +5.279074096e-01 +5.379074096e-01 +5.379074096e-01 +7.6951e-01 +2.5177e-01 -3.2527e-01 -1.6951e-02 -6.8446e-02 -2.7966e-01 +1.0331e+00 +2.9110e-02 -2.0277e-01 +9.5982e-01
951 0 +4.381148756e-01 +4.481148756e-01 +4.481148756e-01 +7.7072e-01 +2.4887e-01 -3.2316e-01 -1.3492e-02 -6.7738e-02 -2.8053e-01 +1.0277e+00 +2.9727e-02 -2.0164e-01 +9.5729e-01
1063 0 +4.300717390e-01 +4.400717390e-01 +4.400717390e-01 +7.6787e-01 +2.5339e-01 -3.2823e-01 -1.2044e-02 -7.0988e-02 -2.8084e-01 +1.0331e+00 +2.7749e-02 -2.0045e-01 +9.6085e-01
1180 0 +3.842638482e-01 +3.942638482e-01 +3.942638482e-01 +7.6788e-01 +2.5236e-01 -3.2775e-01 -1.1212e-02 -7.2358e-02 -2.7962e-01 +1.0315e+00 +2.7797e-02 -2.0040e-01 +9.6050e-01
1262 0 +3.687802396e-01 +3.787802396e-01 +3.787802396e-01 +7.6822e-01 +2.5215e-01 -3.2770e-01 -1.1631e-02 -7.2141e-02 -2.7982e-01 +1.0310e+00 +2.8240e-02 -2.0031e-01 +9.6022e-01
1304 0 +3.427360210e-01 +3.527360210e-01 +3.527360210e-01 +7.6791e-01 +2.5179e-01 -3.2742e-01 -1.2067e-02 -7.1960e-02 -2.7984e-01 +1.0316e+00 +2.8022e-02 -2.0024e-01 +9.6034e-01
1352 0 +3.384734879e-01 +3.484734879e-01 +3.484734879e-01 +7.6765e-01 +2.5176e-01 -3.2680e-01 -1.2034e-02 -7.1306e-02 -2.8016e-01 +1.0309e+00 +2.7986e-02 -2.0052e-01 +9.6051e-01
1400 0 +3.278187194e-01 +3.378187194e-01 +3.378187194e-01 +7.6757e-01 +2.5190e-01 -3.2684e-01 -1.2239e-02 -7.1606e-02 -2.7999e-01 +1.0310e+00 +2.8364e-02 -2.0043e-01 +9.6065e-01
1410 0 +3.234344735e-01 +3.334344735e-01 +3.334344735e-01 +7.6759e-01 +2.5177e-01 -3.2690e-01 -1.2242e-02 -7.1629e-02 -2.7992e-01 +1.0309e+00 +2.8104e-02 -2.0044e-01 +9.6067e-01
1459 0 +3.151944225e-01 +3.251944225e-01 +3.251944225e-01 +7.6760e-01 +2.5170e-01 -3.2692e-01 -1.2182e-02 -7.1593e-02 -2.7997e-01 +1.0309e+00 +2.8095e-02 -2.0037e-01 +9.6037e-01
1534 0 +3.079750043e-01 +3.179750043e-01 +3.179750043e-01 +7.6754e-01 +2.5164e-01 -3.2682e-01 -1.2252e-02 -7.1544e-02 -2.7997e-01 +1.0308e+00 +2.8169e-02 -2.0044e-01 +9.6048e-01
1581 0 +3.014755572e-01 +3.114755572e-01 +3.114755572e-01 +7.6750e-01 +2.5160e-01 -3.2678e-01 -1.2297e-02 -7.1561e-02 -2.7996e-01 +1.0307e+00 +2.8226e-02 -2.0042e-01 +9.6043e-01
1830 0 +2.945609609e-01 +3.045609609e-01 +3.045609609e-01 +7.6747e-01 +2.5152e-01 -3.2673e-01 -1.2395e-02 -7.1522e-02 -2.8006e-01 +1.0306e+00 +2.8311e-02 -2.0039e-01 +9.6056e-01
2272 0 +2.883681627e-01 +2.983681627e-01 +2.983681627e-01 +7.6735e-01 +2.5137e-01 -3.2660e-01 -1.2506e-02 -7.1503e-02 -2.8012e-01 +1.0304e+00 +2.8435e-02 -2.0033e-01 +9.6065e-01
2375 0 +2.814823966e-01 +2.914823966e-01 +2.914823966e-01 +7.6715e-01 +2.5111e-01 -3.2636e-01 -1.2704e-02 -7.1428e-02 -2.8022e-01 +1.0300e+00 +2.8627e-02 -2.0027e-01 +9.6077e-01
2414 0 +2.743131184e-01 +2.843131184e-01 +2.843131184e-01 +7.6704e-01 +2.5093e-01 -3.2622e-01 -1.2833e-02 -7.1383e-02 -2.8030e-01 +1.0297e+00 +2.8782e-02 -2.0022e-01 +9.6085e-01
2433 0 +2.688498726e-01 +2.788498726e-01 +2.788498726e-01 +7.6679e-01 +2.5061e-01 -3.2590e-01 -1.3076e-02 -7.1286e-02 -2.8041e-01 +1.0292e+00 +2.9021e-02 -2.0014e-01 +9.6101e-01
2463 0 +2.599171816e-01 +2.699171816e-01 +2.699171816e-01 +7.6649e-01 +2.5021e-01 -3.2554e-01 -1.3387e-02 -7.1175e-02 -2.8059e-01 +1.0286e+00 +2.9340e-02 -2.0003e-01 +9.6122e-01
2502 0 +2.570166382e-01 +2.670166382e-01 +2.670166382e-01 +7.6634e-01 +2.4996e-01 -3.2535e-01 -1.3578e-02 -7.1120e-02 -2.8071e-01 +1.0282e+00 +2.9548e-02 -1.9996e-01 +9.6136e-01
2506 0 +2.496082745e-01 +2.596082745e-01 +2.596082745e-01 +7.6619e-01 +2.4983e-01 -3.2523e-01 -1.3687e-02 -7.1081e-02 -2.8076e-01 +1.0280e+00 +2.9650e-02 -1.9992e-01 +9.6139e-01
2654 0 +2.447686337e-01 +2.547686337e-01 +2.547686337e-01 +7.6616e-01 +2.4982e-01 -3.2521e-01 -1.3704e-02 -7.1072e-02 -2.8075e-01 +1.0279e+00 +2.9681e-02 -1.9994e-01 +9.6137e-01
% f evaluations | g evaluations | best noise-free fitness - Fopt (-1.306100000000e+02) + sum g_i+ | measured fitness | best measured fitness or single-digit g-values | x1 | x2...
1 0 +1.631815340e+01 -1.142918466e+02 -1.142918466e+02 +0.0000e+00 +0.0000e+00 +0.0000e+00 +0.0000e+00 +0.0000e+00 +0.0000e+00 +0.0000e+00 +0.0000e+00 +0.0000e+00 +0.0000e+00
4 0 +1.499876931e+01 -1.156112307e+02 -1.156112307e+02 +2.1661e-01 -2.7248e-01 -1.4933e-01 +1.8171e-01 -5.0930e-01 +2.3317e-01 -2.5183e-01 -1.2653e-01 +4.3300e-01 -1.9345e-02
6 0 +9.998692438e+00 -1.206113076e+02 -1.206113076e+02 +1.8723e-01 -2.5702e-01 +1.5212e-01 +1.5671e-02 +5.1476e-01 -6.3323e-02 +3.7553e-01 -3.4671e-01 +9.3874e-02 -2.1343e-01
8 0 +8.558776978e+00 -1.220512230e+02 -1.220512230e+02 +6.0234e-01 +2.6527e-01 +2.8700e-01 -7.0577e-01 +5.2611e-01 +2.0125e-02 -3.9010e-01 +9.9670e-02 +3.8961e-01 -4.6269e-01
11 0 +5.290994266e+00 -1.253190057e+02 -1.253190057e+02 +1.6047e-01 +4.4277e-01 -3.3358e-01 +4.6382e-01 +8.0465e-02 +6.6341e-01 -8.5054e-02 -1.4430e-01 +9.7733e-02 -3.1199e-01
55 0 +4.629157825e+00 -1.259808422e+02 -1.259808422e+02 +8.3647e-01 -2.2284e-01 +3.8932e-02 -2.8354e-01 -1.1128e-01 +3.1357e-01 +2.2782e-01 +8.2541e-02 -6.4562e-02 +1.8288e-01
94 0 +3.343878672e+00 -1.272661213e+02 -1.272661213e+02 +6.7199e-01 -3.9221e-01 +5.6747e-02 -1.6829e-01 -2.2911e-01 +4.0982e-01 +2.7684e-02 -2.8019e-01 +2.0981e-01 +6.1048e-01
581 0 +3.038805858e+00 -1.275711941e+02 -1.275711941e+02 +5.4350e-01 -7.0199e-01 -1.7567e-01 -2.7345e-01 -4.8150e-01 +2.1589e-01 +4.8056e-01 -2.6156e-01 +3.7238e-01 +6.7789e-01
600 0 +1.862981237e+00 -1.287470188e+02 -1.287470188e+02 +5.9665e-01 -6.8932e-01 -1.7608e-01 -2.7019e-01 -5.6230e-01 +2.3023e-01 +5.0896e-01 -2.9441e-01 +3.6879e-01 +6.8276e-01
677 0 +1.717895890e+00 -1.288921041e+02 -1.288921041e+02 +5.6374e-01 -6.9150e-01 -1.7937e-01 -2.9128e-01 -5.2943e-01 +2.3243e-01 +4.8154e-01 -2.6599e-01 +3.5992e-01 +7.0365e-01
687 0 +9.578016795e-01 -1.296521983e+02 -1.296521983e+02 +5.4537e-01 -7.0244e-01 -1.6624e-01 -2.9877e-01 -5.1437e-01 +2.3205e-01 +4.8874e-01 -2.5824e-01 +3.4863e-01 +6.8159e-01
999 0 +9.330945463e-01 -1.296769055e+02 -1.296769055e+02 +5.5613e-01 -6.9603e-01 -1.9150e-01 -2.8437e-01 -5.3421e-01 +2.1944e-01 +4.7844e-01 -2.6776e-01 +3.6582e-01 +6.9272e-01
1061 0 +9.085334065e-01 -1.297014666e+02 -1.297014666e+02 +5.5456e-01 -6.9271e-01 -1.8988e-01 -2.8566e-01 -5.3830e-01 +2.2178e-01 +4.7790e-01 -2.6628e-01 +3.6655e-01 +6.9602e-01
1139 0 +8.500273490e-01 -1.297599727e+02 -1.297599727e+02 +5.5543e-01 -6.9650e-01 -1.9207e-01 -2.8425e-01 -5.3761e-01 +2.2123e-01 +4.7640e-01 -2.6648e-01 +3.6502e-01 +6.9870e-01
1140 0 +8.002859305e-01 -1.298097141e+02 -1.298097141e+02 +5.5317e-01 -6.9635e-01 -1.9155e-01 -2.8479e-01 -5.3830e-01 +2.2250e-01 +4.7737e-01 -2.6595e-01 +3.6255e-01 +6.9925e-01
1226 0 +7.620561139e-01 -1.298479439e+02 -1.298479439e+02 +5.5454e-01 -6.9714e-01 -1.9197e-01 -2.8433e-01 -5.3813e-01 +2.2076e-01 +4.7699e-01 -2.6682e-01 +3.6278e-01 +6.9884e-01
1298 0 +7.552493931e-01 -1.298547506e+02 -1.298547506e+02 +5.5447e-01 -6.9713e-01 -1.9186e-01 -2.8417e-01 -5.3819e-01 +2.2151e-01 +4.7711e-01 -2.6696e-01 +3.6280e-01 +6.9948e-01
1390 0 +7.413077518e-01 -1.298686922e+02 -1.298686922e+02 +5.5424e-01 -6.9714e-01 -1.9184e-01 -2.8429e-01 -5.3794e-01 +2.2147e-01 +4.7698e-01 -2.6691e-01 +3.6282e-01 +6.9967e-01
1450 0 +7.136493132e-01 -1.298963507e+02 -1.298963507e+02 +5.5402e-01 -6.9702e-01 -1.9204e-01 -2.8421e-01 -5.3846e-01 +2.2124e-01 +4.7687e-01 -2.6724e-01 +3.6282e-01 +7.0008e-01
1511 0 +7.058328799e-01 -1.299041671e+02 -1.299041671e+02 +5.5390e-01 -6.9704e-01 -1.9195e-01 -2.8433e-01 -5.3808e-01 +2.2135e-01 +4.7702e-01 -2.6716e-01 +3.6264e-01 +6.9981e-01
1749 0 +6.903349809e-01 -1.299196650e+02 -1.299196650e+02 +5.5366e-01 -6.9709e-01 -1.9191e-01 -2.8443e-01 -5.3812e-01 +2.2127e-01 +4.7692e-01 -2.6715e-01 +3.6244e-01 +6.9993e-01
3860 0 +6.757167330e-01 -1.299342833e+02 -1.299342833e+02 +5.5335e-01 -6.9732e-01 -1.9200e-01 -2.8443e-01 -5.3805e-01 +2.2137e-01 +4.7687e-01 -2.6714e-01 +3.6214e-01 +7.0018e-01
3892 0 +6.593181141e-01 -1.299506819e+02 -1.299506819e+02 +5.5297e-01 -6.9756e-01 -1.9210e-01 -2.8445e-01 -5.3793e-01 +2.2148e-01 +4.7682e-01 -2.6715e-01 +3.6180e-01 +7.0044e-01
3926 0 +6.442558714e-01 -1.299657441e+02 -1.299657441e+02 +5.5232e-01 -6.9798e-01 -1.9228e-01 -2.8447e-01 -5.3774e-01 +2.2166e-01 +4.7674e-01 -2.6715e-01 +3.6122e-01 +7.0089e-01
3945 0 +6.232191376e-01 -1.299867809e+02 -1.299867809e+02 +5.5150e-01 -6.9850e-01 -1.9250e-01 -2.8451e-01 -5.3750e-01 +2.2189e-01 +4.7664e-01 -2.6715e-01 +3.6048e-01 +7.0146e-01
3970 0 +6.041912766e-01 -1.300058087e+02 -1.300058087e+02 +5.5094e-01 -6.9886e-01 -1.9265e-01 -2.8453e-01 -5.3733e-01 +2.2206e-01 +4.7656e-01 -2.6715e-01 +3.5997e-01 +7.0186e-01
3975 0 +5.896449020e-01 -1.300203551e+02 -1.300203551e+02 +5.5009e-01 -6.9941e-01 -1.9288e-01 -2.8457e-01 -5.3708e-01 +2.2230e-01 +4.7646e-01 -2.6716e-01 +3.5921e-01 +7.0245e-01
3976 0 +5.880945912e-01 -1.300219054e+02 -1.300219054e+02 +5.5004e-01 -6.9944e-01 -1.9289e-01 -2.8457e-01 -5.3706e-01 +2.2231e-01 +4.7645e-01 -2.6716e-01 +3.5916e-01 +7.0248e-01
3985 0 +5.682564493e-01 -1.300417436e+02 -1.300417436e+02 +5.4944e-01 -6.9982e-01 -1.9305e-01 -2.8460e-01 -5.3688e-01 +2.2248e-01 +4.7638e-01 -2.6716e-01 +3.5863e-01 +7.0290e-01
% f evaluations | g evaluations | best noise-free fitness - Fopt (-2.231200000000e+02) + sum g_i+ | measured fitness | best measured fitness or single-digit g-values | x1 | x2...
1 0 +2.847414819e+01 -1.946458518e+02 -1.946458518e+02 +0.0000e+00 +0.0000e+00 +0.0000e+00 +0.0000e+00 +0.0000e+00 +0.0000e+00 +0.0000e+00 +0.0000e+00 +0.0000e+00 +0.0000e+00
2 0 +2.828492424e+01 -1.948350758e+02 -1.948350758e+02 +4.3379e-01 +3.0692e-02 +9.8026e-02 +3.4094e-01 +2.4727e-01 +1.7369e-01 -1.1375e-01 -3.0566e-01 +1.1285e-01 -1.5359e-01
3 0 +2.023141873e+01 -2.028885813e+02 -2.028885813e+02 +2.4817e-01 +6.3376e-02 -2.2359e-01 +8.0318e-02 +2.1275e-01 +5.3256e-02 -2.3477e-01 +7.8699e-02 +1.0710e-01 +2.4729e-01
4 0 +1.166451009e+01 -2.114554899e+02 -2.114554899e+02 +2.1661e-01 -2.7248e-01 -1.4933e-01 +1.8171e-01 -5.0930e-01 +2.3317e-01 -2.5183e-01 -1.2653e-01 +4.3300e-01 -1.9345e-02
9 0 +7.329957083e+00 -2.157900429e+02 -2.157900429e+02 +3.2075e-01 -8.8256e-02 -1.5931e-01 -1.1698e-01 -2.3584e-01 +6.5800e-02 +8.0156e-02 +3.1223e-01 +4.1734e-01 -8.7755e-02
16 0 +5.646564321e+00 -2.174734357e+02 -2.174734357e+02 +5.2949e-01 +4.1129e-01 -1.0642e-01 +4.2556e-01 -2.0742e-01 +5.9770e-01 +4.3508e-01 -1.5208e-01 +4.8099e-01 -2.4721e-01
20 0 +3.059900451e+00 -2.200600995e+02 -2.200600995e+02 +5.4679e-01 +3.0377e-01 -2.3489e-03 +2.7263e-01 +1.9858e-01 +1.9398e-01 -3.5358e-01 +1.0926e-02 -4.6290e-01 -2.0090e-01
592 0 +2.094619413e+00 -2.210253806e+02 -2.210253806e+02 +9.2303e-01 +1.8206e-01 -3.5487e-01 -2.1691e-01 -4.3083e-01 -8.2999e-02 +1.8699e-01 -5.3344e-01 +6.8569e-01 +6.5422e-01
665 0 +1.935408125e+00 -2.211845919e+02 -2.211845919e+02 +9.3599e-01 +1.6708e-01 -3.6920e-01 -2.4552e-01 -4.5247e-01 -1.0887e-01 +1.8895e-01 -5.2459e-01 +6.3232e-01 +6.6919e-01
706 0 +1.513431373e+00 -2.216065686e+02 -2.216065686e+02 +9.2307e-01 +1.7329e-01 -3.5032e-01 -2.4301e-01 -4.5847e-01 -9.5465e-02 +1.9810e-01 -5.2577e-01 +6.3217e-01 +6.4326e-01
719 0 +9.772895320e-01 -2.221427105e+02 -2.221427105e+02 +9.3970e-01 +1.6972e-01 -3.5573e-01 -2.4289e-01 -4.4744e-01 -1.0011e-01 +1.9097e-01 -5.1896e-01 +6.2882e-01 +6.5865e-01
777 0 +8.206134708e-01 -2.222993865e+02 -2.222993865e+02 +9.3523e-01 +1.6622e-01 -3.8057e-01 -2.6514e-01 -4.4742e-01 -9.4134e-02 +2.0034e-01 -5.2544e-01 +6.4611e-01 +6.8216e-01
827 0 +7.342592336e-01 -2.223857408e+02 -2.223857408e+02 +9.2642e-01 +1.7027e-01 -3.7863e-01 -2.7009e-01 -4.3271e-01 -1.0516e-01 +1.9383e-01 -5.2998e-01 +6.4695e-01 +6.7101e-01
867 0 +6.983058498e-01 -2.224216942e+02 -2.224216942e+02 +9.2839e-01 +1.7372e-01 -3.6805e-01 -2.6922e-01 -4.3471e-01 -9.7863e-02 +1.9810e-01 -5.3196e-01 +6.5121e-01 +6.7401e-01
880 0 +5.100008890e-01 -2.226099991e+02 -2.226099991e+02 +9.3313e-01 +1.7066e-01 -3.7078e-01 -2.6819e-01 -4.3523e-01 -9.8071e-02 +1.9834e-01 -5.3035e-01 +6.4770e-01 +6.7432e-01
881 0 +3.795719514e-01 -2.227404280e+02 -2.227404280e+02 +9.3101e-01 +1.7272e-01 -3.6789e-01 -2.5907e-01 -4.3911e-01 -9.1669e-02 +1.9954e-01 -5.2543e-01 +6.4773e-01 +6.7052e-01
893 0 +3.541560957e-01 -2.227658439e+02 -2.227658439e+02 +9.2592e-01 +1.7370e-01 -3.6991e-01 -2.6526e-01 -4.3533e-01 -1.0059e-01 +1.9692e-01 -5.3000e-01 +6.4633e-01 +6.6778e-01
963 0 +3.464714504e-01 -2.227735285e+02 -2.227735285e+02 +9.2826e-01 +1.7333e-01 -3.7133e-01 -2.7008e-01 -4.3720e-01 -1.0218e-01 +1.9685e-01 -5.3235e-01 +6.4375e-01 +6.6776e-01
972 0 +3.162489735e-01 -2.228037510e+02 -2.228037510e+02 +9.2811e-01 +1.7333e-01 -3.7102e-01 -2.6761e-01 -4.3766e-01 -9.9324e-02 +1.9541e-01 -5.3191e-01 +6.4419e-01 +6.6810e-01
976 0 +2.946407823e-01 -2.228253592e+02 -2.228253592e+02 +9.2862e-01 +1.7143e-01 -3.7210e-01 -2.6713e-01 -4.4002e-01 -9.9610e-02 +1.9310e-01 -5.3085e-01 +6.4255e-01 +6.6839e-01
992 0 +2.859377370e-01 -2.228340623e+02 -2.228340623e+02 +9.2920e-01 +1.7169e-01 -3.7108e-01 -2.6670e-01 -4.3866e-01 -1.0332e-01 +1.9509e-01 -5.2899e-01 +6.4119e-01 +6.6767e-01
1001 0 +2.625704949e-01 -2.228574295e+02 -2.228574295e+02 +9.2988e-01 +1.7335e-01 -3.7054e-01 -2.6276e-01 -4.3905e-01 -1.0140e-01 +1.9621e-01 -5.2782e-01 +6.4287e-01 +6.6587e-01
1012 0 +2.451152756e-01 -2.228748847e+02 -2.228748847e+02 +9.2594e-01 +1.7097e-01 -3.7171e-01 -2.6415e-01 -4.3805e-01 -1.0271e-01 +1.9611e-01 -5.2966e-01 +6.4288e-01 +6.6556e-01
1030 0 +2.179673209e-01 -2.229020327e+02 -2.229020327e+02 +9.2802e-01 +1.7146e-01 -3.7124e-01 -2.5811e-01 -4.4250e-01 -1.0085e-01 +1.9777e-01 -5.2426e-01 +6.4234e-01 +6.6380e-01
1036 0 +1.958534464e-01 -2.229241466e+02 -2.229241466e+02 +9.2627e-01 +1.7337e-01 -3.6999e-01 -2.6158e-01 -4.3909e-01 -1.0199e-01 +1.9523e-01 -5.2644e-01 +6.4157e-01 +6.6493e-01
1056 0 +1.867511571e-01 -2.229332488e+02 -2.229332488e+02 +9.2611e-01 +1.7229e-01 -3.7224e-01 -2.6135e-01 -4.4112e-01 -1.0299e-01 +1.9552e-01 -5.2526e-01 +6.4296e-01 +6.6637e-01
1154 0 +1.736895855e-01 -2.229463104e+02 -2.229463104e+02 +9.2915e-01 +1.7162e-01 -3.7392e-01 -2.6298e-01 -4.4167e-01 -1.0173e-01 +1.9536e-01 -5.2618e-01 +6.4151e-01 +6.6748e-01
1173 0 +1.697200804e-01 -2.229502799e+02 -2.229502799e+02 +9.2933e-01 +1.7198e-01 -3.7390e-01 -2.6185e-01 -4.4190e-01 -1.0211e-01 +1.9683e-01 -5.2555e-01 +6.4189e-01 +6.6660e-01
1214 0 +1.580643028e-01 -2.229619357e+02 -2.229619357e+02 +9.2905e-01 +1.7092e-01 -3.7468e-01 -2.6295e-01 -4.4215e-01 -1.0236e-01 +1.9642e-01 -5.2687e-01 +6.4203e-01 +6.6718e-01
1235 0 +1.532356473e-01 -2.229667644e+02 -2.229667644e+02 +9.2909e-01 +1.7132e-01 -3.7495e-01 -2.6223e-01 -4.4250e-01 -1.0210e-01 +1.9713e-01 -5.2616e-01 +6.4129e-01 +6.6659e-01
1237 0 +1.360368967e-01 -2.229839631e+02 -2.229839631e+02 +9.2913e-01 +1.7122e-01 -3.7518e-01 -2.6260e-01 -4.4260e-01 -1.0246e-01 +1.9712e-01 -5.2655e-01 +6.4164e-01 +6.6611e-01
1253 0 +1.163226309e-01 -2.230036774e+02 -2.230036774e+02 +9.2889e-01 +1.7115e-01 -3.7507e-01 -2.6245e-01 -4.4261e-01 -1.0260e-01 +1.9761e-01 -5.2690e-01 +6.4181e-01 +6.6596e-01
1316 0 +1.090407674e-01 -2.230109592e+02 -2.230109592e+02 +9.2905e-01 +1.7157e-01 -3.7584e-01 -2.6344e-01 -4.4221e-01 -1.0260e-01 +1.9804e-01 -5.2747e-01 +6.4223e-01 +6.6585e-01
1411 0 +1.041731342e-01 -2.230158269e+02 -2.230158269e+02 +9.2915e-01 +1.7200e-01 -3.7559e-01 -2.6242e-01 -4.4223e-01 -1.0207e-01 +1.9784e-01 -5.2654e-01 +6.4219e-01 +6.6566e-01
1482 0 +1.020858643e-01 -2.230179141e+02 -2.230179141e+02 +9.2938e-01 +1.7208e-01 -3.7570e-01 -2.6207e-01 -4.4218e-01 -1.0191e-01 +1.9769e-01 -5.2634e-01 +6.4199e-01 +6.6553e-01
1505 0 +9.993616507e-02 -2.230200638e+02 -2.230200638e+02 +9.2919e-01 +1.7202e-01 -3.7580e-01 -2.6225e-01 -4.4222e-01 -1.0194e-01 +1.9755e-01 -5.2629e-01 +6.4197e-01 +6.6580e-01
1515 0 +9.752311877e-02 -2.230224769e+02 -2.230224769e+02 +9.2930e-01 +1.7199e-01 -3.7566e-01 -2.6210e-01 -4.4224e-01 -1.0190e-01 +1.9766e-01 -5.2627e-01 +6.4193e-01 +6.6570e-01
1579 0 +9.469954339e-02 -2.230253005e+02 -2.230253005e+02 +9.2918e-01 +1.7198e-01 -3.7567e-01 -2.6205e-01 -4.4231e-01 -1.0202e-01 +1.9769e-01 -5.2617e-01 +6.4192e-01 +6.6568e-01
1623 0 +9.278663704e-02 -2.230272134e+02 -2.230272134e+02 +9.2924e-01 +1.7195e-01 -3.7571e-01 -2.6207e-01 -4.4235e-01 -1.0202e-01 +1.9769e-01 -5.2613e-01 +6.4190e-01 +6.6572e-01
1702 0 +9.112275847e-02 -2.230288772e+02 -2.230288772e+02 +9.2923e-01 +1.7194e-01 -3.7573e-01 -2.6201e-01 -4.4239e-01 -1.0202e-01 +1.9770e-01 -5.2608e-01 +6.4194e-01 +6.6574e-01
% f evaluations | g evaluations | best noise-free fitness - Fopt (-4.443000000000e+01) + sum g_i+ | measured fitness | best measured fitness or single-digit g-values | x1 | x2...
1 0 +1.456676615e+01 -2.986323385e+01 -2.986323385e+01 +0.0000e+00 +0.0000e+00 +0.0000e+00 +0.0000e+00 +0.0000e+00 +0.0000e+00 +0.0000e+00 +0.0000e+00 +0.0000e+00 +0.0000e+00
6 0 +1.157568994e+01 -3.285431006e+01 -3.285431006e+01 +1.8723e-01 -2.5702e-01 +1.5212e-01 +1.5671e-02 +5.1476e-01 -6.3323e-02 +3.7553e-01 -3.4671e-01 +9.3874e-02 -2.1343e-01
15 0 +5.304707471e+00 -3.912529253e+01 -3.912529253e+01 +3.2078e-01 +2.1844e-02 -2.8462e-01 +1.1319e-01 +1.0403e+00 -3.4927e-02 -2.5506e-02 -5.0827e-01 +3.9248e-01 +2.6237e-01
64 0 +3.930085845e+00 -4.049991415e+01 -4.049991415e+01 +7.2449e-01 -3.6909e-01 -5.8907e-01 +1.2580e-01 -2.8779e-01 +4.0759e-01 +2.8335e-01 -2.0017e-01 +2.8322e-01 +1.9925e-01
575 0 +3.805277259e+00 -4.062472274e+01 -4.062472274e+01 +2.4719e-01 -3.7456e-02 -3.8343e-01 +2.8025e-01 +1.8459e-03 +7.9264e-02 +5.5462e-01 -1.5183e-01 +4.2874e-01 +2.7324e-01
718 0 +3.730122047e+00 -4.069987795e+01 -4.069987795e+01 +2.4347e-01 -5.0241e-02 -4.0538e-01 +2.7759e-01 +1.2263e-02 +8.0929e-02 +5.6608e-01 -1.5108e-01 +4.4263e-01 +2.8506e-01
721 0 +3.553407509e+00 -4.087659249e+01 -4.087659249e+01 +2.4394e-01 -4.7974e-02 -4.1488e-01 +2.7603e-01 +1.9221e-02 +8.6395e-02 +5.6051e-01 -1.5790e-01 +4.4323e-01 +2.9701e-01
740 0 +2.823833236e+00 -4.160616676e+01 -4.160616676e+01 +2.4456e-01 -4.4206e-02 -4.1923e-01 +2.7523e-01 +1.5913e-02 +7.6844e-02 +5.7004e-01 -1.5751e-01 +4.4640e-01 +2.9989e-01
744 0 +2.528052891e+00 -4.190194711e+01 -4.190194711e+01 +2.3870e-01 -4.6883e-02 -4.1244e-01 +2.7651e-01 +1.5124e-02 +7.6113e-02 +5.6951e-01 -1.5284e-01 +4.5713e-01 +2.9705e-01
785 0 +2.260345713e+00 -4.216965429e+01 -4.216965429e+01 +2.4053e-01 -5.4659e-02 -4.3194e-01 +2.6198e-01 +1.7720e-02 +7.2852e-02 +5.6394e-01 -1.6225e-01 +4.5524e-01 +2.9941e-01
814 0 +2.073185237e+00 -4.235681476e+01 -4.235681476e+01 +2.4989e-01 -4.7012e-02 -4.3897e-01 +2.6708e-01 +1.3377e-02 +6.9872e-02 +5.7058e-01 -1.6536e-01 +4.6240e-01 +3.0396e-01
831 0 +2.030196734e+00 -4.239980327e+01 -4.239980327e+01 +2.3861e-01 -4.6971e-02 -4.3450e-01 +2.6551e-01 +1.9110e-02 +6.8601e-02 +5.6785e-01 -1.6177e-01 +4.5559e-01 +3.0622e-01
834 0 +1.991525411e+00 -4.243847459e+01 -4.243847459e+01 +2.4199e-01 -5.1464e-02 -4.3755e-01 +2.6422e-01 +1.8502e-02 +7.1041e-02 +5.6820e-01 -1.5594e-01 +4.5948e-01 +3.0402e-01
838 0 +1.730320321e+00 -4.269967968e+01 -4.269967968e+01 +2.4439e-01 -4.7256e-02 -4.3706e-01 +2.7055e-01 +1.6954e-02 +6.8314e-02 +5.7153e-01 -1.6347e-01 +4.6034e-01 +3.1238e-01
846 0 +1.596754239e+00 -4.283324576e+01 -4.283324576e+01 +2.4162e-01 -4.9378e-02 -4.3343e-01 +2.7075e-01 +1.5858e-02 +7.0082e-02 +5.7748e-01 -1.5990e-01 +4.6365e-01 +3.0780e-01
858 0 +1.497597005e+00 -4.293240300e+01 -4.293240300e+01 +2.3767e-01 -5.0990e-02 -4.3057e-01 +2.6502e-01 +1.9022e-02 +6.8251e-02 +5.7614e-01 -1.5867e-01 +4.5997e-01 +3.0881e-01
882 0 +1.380665918e+00 -4.304933408e+01 -4.304933408e+01 +2.3741e-01 -4.6946e-02 -4.3297e-01 +2.6898e-01 +1.6587e-02 +6.6686e-02 +5.7725e-01 -1.6071e-01 +4.6093e-01 +3.0639e-01
963 0 +1.255980131e+00 -4.317401987e+01 -4.317401987e+01 +2.3322e-01 -4.8586e-02 -4.3362e-01 +2.6841e-01 +1.8610e-02 +6.6961e-02 +5.7970e-01 -1.6238e-01 +4.5677e-01 +3.0917e-01
974 0 +1.144824982e+00 -4.328517502e+01 -4.328517502e+01 +2.3137e-01 -4.8289e-02 -4.3200e-01 +2.7117e-01 +1.8617e-02 +6.6299e-02 +5.8286e-01 -1.6255e-01 +4.5894e-01 +3.1208e-01
1022 0 +1.086622704e+00 -4.334337730e+01 -4.334337730e+01 +2.3366e-01 -4.6975e-02 -4.3085e-01 +2.7209e-01 +1.7533e-02 +6.5589e-02 +5.8406e-01 -1.5981e-01 +4.6030e-01 +3.1168e-01
1076 0 +1.025754960e+00 -4.340424504e+01 -4.340424504e+01 +2.3133e-01 -4.7282e-02 -4.2970e-01 +2.7072e-01 +1.6025e-02 +6.6695e-02 +5.8239e-01 -1.5953e-01 +4.6141e-01 +3.1220e-01
1107 0 +9.421361557e-01 -4.348786384e+01 -4.348786384e+01 +2.3246e-01 -4.5334e-02 -4.3145e-01 +2.7309e-01 +1.5509e-02 +6.4339e-02 +5.8186e-01 -1.5904e-01 +4.6329e-01 +3.1767e-01
1191 0 +9.283486268e-01 -4.350165137e+01 -4.350165137e+01 +2.3129e-01 -4.7072e-02 -4.3153e-01 +2.7116e-01 +1.8237e-02 +6.5161e-02 +5.8353e-01 -1.6055e-01 +4.6055e-01 +3.1595e-01
1192 0 +9.052344589e-01 -4.352476554e+01 -4.352476554e+01 +2.3124e-01 -4.6237e-02 -4.3151e-01 +2.7158e-01 +1.7791e-02 +6.4958e-02 +5.8364e-01 -1.6094e-01 +4.6092e-01 +3.1644e-01
1208 0 +8.793693517e-01 -4.355063065e+01 -4.355063065e+01 +2.2954e-01 -4.7051e-02 -4.3012e-01 +2.7206e-01 +1.8802e-02 +6.5307e-02 +5.8614e-01 -1.6236e-01 +4.6037e-01 +3.1704e-01
1221 0 +8.328483397e-01 -4.359715166e+01 -4.359715166e+01 +2.3008e-01 -4.7913e-02 -4.3148e-01 +2.7132e-01 +1.8737e-02 +6.5314e-02 +5.8536e-01 -1.6065e-01 +4.6082e-01 +3.1663e-01
1292 0 +7.731871984e-01 -4.365681280e+01 -4.365681280e+01 +2.2976e-01 -4.7500e-02 -4.3044e-01 +2.7122e-01 +1.8893e-02 +6.5923e-02 +5.8683e-01 -1.6125e-01 +4.6050e-01 +3.1524e-01
1351 0 +7.217580117e-01 -4.370824199e+01 -4.370824199e+01 +2.2807e-01 -4.8155e-02 -4.3009e-01 +2.7081e-01 +1.9853e-02 +6.5828e-02 +5.8813e-01 -1.6188e-01 +4.5987e-01 +3.1480e-01
1403 0 +7.009450089e-01 -4.372905499e+01 -4.372905499e+01 +2.2804e-01 -4.8087e-02 -4.3012e-01 +2.7079e-01 +1.9674e-02 +6.5309e-02 +5.8762e-01 -1.6146e-01 +4.5962e-01 +3.1496e-01
1414 0 +6.782520011e-01 -4.375174800e+01 -4.375174800e+01 +2.2769e-01 -4.7952e-02 -4.2988e-01 +2.7069e-01 +2.0351e-02 +6.5503e-02 +5.8852e-01 -1.6150e-01 +4.6024e-01 +3.1492e-01
1426 0 +6.583893904e-01 -4.377161061e+01 -4.377161061e+01 +2.2767e-01 -4.7656e-02 -4.2958e-01 +2.7061e-01 +2.0198e-02 +6.5052e-02 +5.8860e-01 -1.6172e-01 +4.6033e-01 +3.1527e-01
1456 0 +6.415558139e-01 -4.378844419e+01 -4.378844419e+01 +2.2833e-01 -4.8003e-02 -4.3053e-01 +2.7104e-01 +2.0328e-02 +6.5367e-02 +5.8868e-01 -1.6122e-01 +4.6042e-01 +3.1475e-01
1561 0 +6.262932479e-01 -4.380370675e+01 -4.380370675e+01 +2.2798e-01 -4.7829e-02 -4.3011e-01 +2.7058e-01 +2.0244e-02 +6.5342e-02 +5.8855e-01 -1.6124e-01 +4.6029e-01 +3.1453e-01
1590 0 +6.099960548e-01 -4.382000395e+01 -4.382000395e+01 +2.2815e-01 -4.7646e-02 -4.3042e-01 +2.7096e-01 +2.0183e-02 +6.5104e-02 +5.8884e-01 -1.6115e-01 +4.6060e-01 +3.1486e-01
1682 0 +6.022235925e-01 -4.382777641e+01 -4.382777641e+01 +2.2796e-01 -4.7638e-02 -4.3049e-01 +2.7081e-01 +2.0364e-02 +6.5080e-02 +5.8870e-01 -1.6121e-01 +4.6025e-01 +3.1488e-01
1802 0 +5.874294516e-01 -4.384257055e+01 -4.384257055e+01 +2.2820e-01 -4.7651e-02 -4.3048e-01 +2.7086e-01 +2.0310e-02 +6.5109e-02 +5.8871e-01 -1.6118e-01 +4.6030e-01 +3.1482e-01
% f evaluations | g evaluations | best noise-free fitness - Fopt (2.557800000000e+02) + sum g_i+ | measured fitness | best measured fitness or single-digit g-values | x1 | x2...
1 0 +2.397319266e+01 +2.797531927e+02 +2.797531927e+02 +0.0000e+00 +0.0000e+00 +0.0000e+00 +0.0000e+00 +0.0000e+00 +0.0000e+00 +0.0000e+00 +0.0000e+00 +0.0000e+00 +0.0000e+00
2 0 +1.801319427e+01 +2.737931943e+02 +2.737931943e+02 +4.3379e-01 +3.0692e-02 +9.8026e-02 +3.4094e-01 +2.4727e-01 +1.7369e-01 -1.1375e-01 -3.0566e-01 +1.1285e-01 -1.5359e-01
4 0 +9.617790784e+00 +2.653977908e+02 +2.653977908e+02 +2.1661e-01 -2.7248e-01 -1.4933e-01 +1.8171e-01 -5.0930e-01 +2.3317e-01 -2.5183e-01 -1.2653e-01 +4.3300e-01 -1.9345e-02
11 0 +5.310471383e+00 +2.610904714e+02 +2.610904714e+02 +1.6047e-01 +4.4277e-01 -3.3358e-01 +4.6382e-01 +8.0465e-02 +6.6341e-01 -8.5054e-02 -1.4430e-01 +9.7733e-02 -3.1199e-01
68 0 +4.970772081e+00 +2.607507721e+02 +2.607507721e+02 +1.1140e+00 +2.9623e-01 -4.7671e-01 -2.5566e-01 -1.1040e+00 +4.2965e-01 +3.9251e-03 -1.2875e-01 +1.9059e-01 +6.9130e-01
161 0 +4.078100163e+00 +2.598581002e+02 +2.598581002e+02 +3.1265e-01 +2.7032e-01 -1.6790e-01 +3.7296e-02 -5.9790e-01 -1.4778e-01 +2.3336e-01 -5.8020e-01 +1.4889e-01 +1.9654e-01
167 0 +3.767119077e+00 +2.595471191e+02 +2.595471191e+02 +2.0192e-01 +2.1581e-01 -3.0907e-01 -6.9291e-02 -5.7185e-01 -2.4938e-01 +4.1516e-01 -4.7662e-01 -1.4483e-01 +3.4255e-01
240 0 +2.164039349e+00 +2.579440393e+02 +2.579440393e+02 +5.3492e-01 -1.8216e-02 -2.1163e-01 -3.8314e-01 -4.2724e-01 -3.3905e-01 +4.2955e-01 -5.9743e-01 +4.7943e-02 +1.6130e-02
737 0 +1.603445396e+00 +2.573834454e+02 +2.573834454e+02 +5.6333e-01 +2.4645e-01 -4.0568e-01 -9.5462e-02 -4.3159e-01 -3.1080e-01 +7.6550e-01 -5.7662e-01 +2.7408e-01 -3.4571e-02
758 0 +1.450229634e+00 +2.572302296e+02 +2.572302296e+02 +5.7256e-01 +2.4594e-01 -4.0353e-01 -1.0996e-01 -4.3438e-01 -3.1826e-01 +7.6511e-01 -5.6971e-01 +2.8319e-01 -3.1409e-02
781 0 +1.343672516e+00 +2.571236725e+02 +2.571236725e+02 +5.6495e-01 +2.4836e-01 -4.1215e-01 -1.2449e-01 -4.2502e-01 -3.0541e-01 +7.6832e-01 -5.7875e-01 +2.8781e-01 -4.9470e-02
801 0 +1.266703156e+00 +2.570467032e+02 +2.570467032e+02 +5.8127e-01 +2.5609e-01 -4.0602e-01 -1.0553e-01 -4.3736e-01 -3.0720e-01 +7.6300e-01 -5.6261e-01 +2.8354e-01 -2.4331e-02
837 0 +1.097223185e+00 +2.568772232e+02 +2.568772232e+02 +5.7222e-01 +2.6226e-01 -4.2228e-01 -1.0789e-01 -4.2069e-01 -2.9558e-01 +7.6651e-01 -5.7041e-01 +2.9325e-01 -1.8118e-02
856 0 +8.298462687e-01 +2.566098463e+02 +2.566098463e+02 +5.7661e-01 +2.6209e-01 -4.1996e-01 -1.0068e-01 -4.2653e-01 -2.9905e-01 +7.6247e-01 -5.7287e-01 +2.9017e-01 -2.4388e-02
894 0 +7.147236897e-01 +2.564947237e+02 +2.564947237e+02 +5.7427e-01 +2.6049e-01 -4.2450e-01 -1.0684e-01 -4.3317e-01 -2.9579e-01 +7.5202e-01 -5.7211e-01 +2.9325e-01 -1.9316e-02
913 0 +6.238664523e-01 +2.564038665e+02 +2.564038665e+02 +5.7118e-01 +2.5744e-01 -4.2849e-01 -1.0926e-01 -4.3790e-01 -2.9953e-01 +7.5314e-01 -5.6559e-01 +2.9294e-01 -2.1600e-02
922 0 +5.506240450e-01 +2.563306240e+02 +2.563306240e+02 +5.7073e-01 +2.6718e-01 -4.3289e-01 -1.0477e-01 -4.3319e-01 -2.9525e-01 +7.5360e-01 -5.6873e-01 +2.9113e-01 -2.3682e-02
933 0 +5.372369786e-01 +2.563172370e+02 +2.563172370e+02 +5.7940e-01 +2.6552e-01 -4.3139e-01 -1.0041e-01 -4.3593e-01 -2.9055e-01 +7.5068e-01 -5.7224e-01 +2.8963e-01 -2.1860e-02
951 0 +5.344396518e-01 +2.563144397e+02 +2.563144397e+02 +5.7678e-01 +2.6269e-01 -4.2853e-01 -9.8622e-02 -4.3131e-01 -2.9551e-01 +7.4664e-01 -5.6877e-01 +2.9321e-01 -2.5922e-02
978 0 +4.982326295e-01 +2.562782326e+02 +2.562782326e+02 +5.7917e-01 +2.6659e-01 -4.2672e-01 -1.0056e-01 -4.3224e-01 -2.9550e-01 +7.5078e-01 -5.7263e-01 +2.9361e-01 -2.4470e-02
991 0 +4.523301092e-01 +2.562323301e+02 +2.562323301e+02 +5.7844e-01 +2.6766e-01 -4.2778e-01 -1.0000e-01 -4.3440e-01 -3.0319e-01 +7.5236e-01 -5.7294e-01 +2.8985e-01 -2.1970e-02
1018 0 +4.388484464e-01 +2.562188484e+02 +2.562188484e+02 +5.7554e-01 +2.7071e-01 -4.2839e-01 -9.9144e-02 -4.3747e-01 -3.0106e-01 +7.4929e-01 -5.7520e-01 +2.8892e-01 -2.1740e-02
1069 0 +4.263868685e-01 +2.562063869e+02 +2.562063869e+02 +5.7568e-01 +2.7169e-01 -4.3173e-01 -9.8635e-02 -4.3975e-01 -2.9619e-01 +7.4890e-01 -5.7097e-01 +2.8565e-01 -1.6444e-02
1070 0 +3.897739973e-01 +2.561697740e+02 +2.561697740e+02 +5.7684e-01 +2.6893e-01 -4.3283e-01 -1.0129e-01 -4.4101e-01 -2.9735e-01 +7.4761e-01 -5.7554e-01 +2.8765e-01 -1.9537e-02
1093 0 +3.399369538e-01 +2.561199370e+02 +2.561199370e+02 +5.7541e-01 +2.6715e-01 -4.3239e-01 -1.0158e-01 -4.4063e-01 -2.9764e-01 +7.4761e-01 -5.7257e-01 +2.8681e-01 -2.0044e-02
1096 0 +3.375446622e-01 +2.561175447e+02 +2.561175447e+02 +5.7726e-01 +2.6697e-01 -4.2931e-01 -1.0263e-01 -4.3919e-01 -2.9684e-01 +7.4987e-01 -5.7513e-01 +2.8902e-01 -1.9236e-02
1185 0 +3.209839775e-01 +2.561009840e+02 +2.561009840e+02 +5.7823e-01 +2.6836e-01 -4.2907e-01 -1.0089e-01 -4.3985e-01 -2.9881e-01 +7.5024e-01 -5.7130e-01 +2.8605e-01 -1.8055e-02
1206 0 +3.156090321e-01 +2.560956090e+02 +2.560956090e+02 +5.7876e-01 +2.6771e-01 -4.2894e-01 -1.0219e-01 -4.4138e-01 -2.9920e-01 +7.4982e-01 -5.7304e-01 +2.8597e-01 -1.8133e-02
1214 0 +2.848206436e-01 +2.560648206e+02 +2.560648206e+02 +5.7692e-01 +2.6673e-01 -4.2934e-01 -1.0284e-01 -4.4122e-01 -2.9856e-01 +7.4949e-01 -5.7339e-01 +2.8748e-01 -1.9256e-02
1292 0 +2.777214352e-01 +2.560577214e+02 +2.560577214e+02 +5.7824e-01 +2.6729e-01 -4.2927e-01 -1.0282e-01 -4.4035e-01 -2.9772e-01 +7.5051e-01 -5.7348e-01 +2.8768e-01 -1.8951e-02
1312 0 +2.735483001e-01 +2.560535483e+02 +2.560535483e+02 +5.7859e-01 +2.6726e-01 -4.2906e-01 -1.0272e-01 -4.4015e-01 -2.9754e-01 +7.5040e-01 -5.7288e-01 +2.8737e-01 -1.9001e-02
1433 0 +2.671255841e-01 +2.560471256e+02 +2.560471256e+02 +5.7701e-01 +2.6843e-01 -4.2921e-01 -1.0218e-01 -4.4011e-01 -2.9809e-01 +7.5014e-01 -5.7285e-01 +2.8697e-01 -1.8834e-02
1478 0 +2.610999350e-01 +2.560410999e+02 +2.560410999e+02 +5.7761e-01 +2.6897e-01 -4.2870e-01 -1.0143e-01 -4.3879e-01 -2.9830e-01 +7.5080e-01 -5.7231e-01 +2.8764e-01 -1.8826e-02
1489 0 +2.502971233e-01 +2.560302971e+02 +2.560302971e+02 +5.7728e-01 +2.6853e-01 -4.2938e-01 -1.0254e-01 -4.3961e-01 -2.9777e-01 +7.5065e-01 -5.7295e-01 +2.8779e-01 -1.8965e-02
1510 0 +2.327063527e-01 +2.560127064e+02 +2.560127064e+02 +5.7755e-01 +2.6885e-01 -4.2868e-01 -1.0239e-01 -4.3907e-01 -2.9764e-01 +7.5118e-01 -5.7286e-01 +2.8763e-01 -1.8973e-02
1577 0 +2.103299279e-01 +2.559903299e+02 +2.559903299e+02 +5.7669e-01 +2.6969e-01 -4.2921e-01 -1.0270e-01 -4.3880e-01 -2.9704e-01 +7.5117e-01 -5.7256e-01 +2.8821e-01 -1.8845e-02
1912 0 +2.086545569e-01 +2.559886546e+02 +2.559886546e+02 +5.7646e-01 +2.7026e-01 -4.2978e-01 -1.0293e-01 -4.3864e-01 -2.9719e-01 +7.5163e-01 -5.7301e-01 +2.8841e-01 -1.8259e-02
2097 0 +2.039323776e-01 +2.559839324e+02 +2.559839324e+02 +5.7654e-01 +2.7018e-01 -4.2969e-01 -1.0304e-01 -4.3867e-01 -2.9708e-01 +7.5170e-01 -5.7298e-01 +2.8838e-01 -1.8256e-02
3273 0 +1.991829944e-01 +2.559791830e+02 +2.559791830e+02 +5.7659e-01 +2.7002e-01 -4.2957e-01 -1.0312e-01 -4.3865e-01 -2.9699e-01 +7.5176e-01 -5.7282e-01 +2.8832e-01 -1.8323e-02
3392 0 +1.942158299e-01 +2.559742158e+02 +2.559742158e+02 +5.7660e-01 +2.6968e-01 -4.2934e-01 -1.0332e-01 -4.3860e-01 -2.9682e-01 +7.5190e-01 -5.7241e-01 +2.8822e-01 -1.8463e-02
3426 0 +1.896572975e-01 +2.559696573e+02 +2.559696573e+02 +5.7661e-01 +2.6939e-01 -4.2914e-01 -1.0349e-01 -4.3856e-01 -2.9667e-01 +7.5201e-01 -5.7206e-01 +2.8812e-01 -1.8582e-02
3459 0 +1.842931971e-01 +2.559642932e+02 +2.559642932e+02 +5.7661e-01 +2.6909e-01 -4.2895e-01 -1.0367e-01 -4.3852e-01 -2.9652e-01 +7.5213e-01 -5.7172e-01 +2.8803e-01 -1.8705e-02
% f evaluations | g evaluations | best noise-free fitness - Fopt (1.000000000000e+03) + sum g_i+ | measured fitness | best measured fitness or single-digit g-values | x1 | x2...
1 0 +9.391019891e+00 +1.009391020e+03 +1.009391020e+03 +0.0000e+00 +0.0000e+00 +0.0000e+00 +0.0000e+00 +0.0000e+00 +0.0000e+00 +0.0000e+00 +0.0000e+00 +0.0000e+00 +0.0000e+00
6 0 +8.643309945e+00 +1.008643310e+03 +1.008643310e+03 +1.8723e-01 -2.5702e-01 +1.5212e-01 +1.5671e-02 +5.1476e-01 -6.3323e-02 +3.7553e-01 -3.4671e-01 +9.3874e-02 -2.1343e-01
9 0 +7.557581349e+00 +1.007557581e+03 +1.007557581e+03 +3.2075e-01 -8.8256e-02 -1.5931e-01 -1.1698e-01 -2.3584e-01 +6.5800e-02 +8.0156e-02 +3.1223e-01 +4.1734e-01 -8.7755e-02
29 0 +5.426426730e+00 +1.005426427e+03 +1.005426427e+03 +3.8031e-02 -9.2656e-02 -7.5148e-02 -1.3570e-02 -2.4457e-01 +3.3889e-01 +1.8032e-01 +5.9552e-01 +2.3628e-01 +3.7345e-01
86 0 +3.467724505e+00 +1.003467725e+03 +1.003467725e+03 +7.3125e-01 -9.9730e-02 -1.4253e-01 +2.4039e-01 -4.2153e-01 +5.0747e-01 -9.6125e-02 +5.7125e-02 +6.7506e-01 +7.0393e-01
249 0 +1.523946741e+00 +1.001523947e+03 +1.001523947e+03 +3.3987e-01 -5.0781e-01 -1.5124e-01 +3.0879e-01 -2.0921e-01 +2.7060e-01 +1.8799e-01 +9.2523e-01 +2.0219e-01 +7.4559e-01
753 0 +1.213012464e+00 +1.001213012e+03 +1.001213012e+03 +2.3586e-01 -6.4440e-01 -2.3528e-01 +1.9743e-01 -3.1178e-01 +1.1704e-01 +4.6903e-01 +6.1367e-01 -2.6590e-03 +6.6145e-01
845 0 +1.100254631e+00 +1.001100255e+03 +1.001100255e+03 +2.5951e-01 -6.3490e-01 -2.2061e-01 +1.9250e-01 -3.1087e-01 +1.2107e-01 +4.5569e-01 +6.1869e-01 +8.8717e-03 +6.5861e-01
847 0 +7.886446745e-01 +1.000788645e+03 +1.000788645e+03 +2.6825e-01 -6.2755e-01 -2.1932e-01 +1.9533e-01 -3.0239e-01 +1.1878e-01 +4.6000e-01 +6.1633e-01 +2.0224e-02 +6.5923e-01
954 0 +7.118154335e-01 +1.000711815e+03 +1.000711815e+03 +2.6385e-01 -6.3659e-01 -2.2857e-01 +1.9120e-01 -3.0793e-01 +1.1144e-01 +4.6528e-01 +6.0731e-01 +1.0276e-02 +6.4949e-01
992 0 +6.310568285e-01 +1.000631057e+03 +1.000631057e+03 +2.6306e-01 -6.3366e-01 -2.2965e-01 +1.9295e-01 -3.0970e-01 +1.0764e-01 +4.6269e-01 +6.1154e-01 +7.7622e-03 +6.5476e-01
1027 0 +5.421523161e-01 +1.000542152e+03 +1.000542152e+03 +2.6123e-01 -6.3088e-01 -2.3185e-01 +1.9650e-01 -3.0801e-01 +1.1243e-01 +4.5812e-01 +6.0804e-01 +9.4117e-03 +6.5533e-01
1077 0 +5.035185853e-01 +1.000503519e+03 +1.000503519e+03 +2.6212e-01 -6.3247e-01 -2.2986e-01 +1.9356e-01 -3.0593e-01 +1.0672e-01 +4.5973e-01 +6.1199e-01 +9.0422e-03 +6.5539e-01
1108 0 +4.335774094e-01 +1.000433577e+03 +1.000433577e+03 +2.6466e-01 -6.3019e-01 -2.2949e-01 +1.9304e-01 -3.0855e-01 +1.0824e-01 +4.6032e-01 +6.1172e-01 +7.2539e-03 +6.5524e-01
1242 0 +4.154388249e-01 +1.000415439e+03 +1.000415439e+03 +2.6628e-01 -6.2806e-01 -2.3102e-01 +1.9246e-01 -3.0825e-01 +1.0897e-01 +4.5821e-01 +6.1085e-01 +9.3162e-03 +6.5380e-01
1316 0 +3.979907155e-01 +1.000397991e+03 +1.000397991e+03 +2.6619e-01 -6.2801e-01 -2.3001e-01 +1.9168e-01 -3.0862e-01 +1.0855e-01 +4.5925e-01 +6.1169e-01 +9.1349e-03 +6.5393e-01
1319 0 +3.890124419e-01 +1.000389012e+03 +1.000389012e+03 +2.6616e-01 -6.2785e-01 -2.3040e-01 +1.9154e-01 -3.0893e-01 +1.0917e-01 +4.5944e-01 +6.1046e-01 +9.4003e-03 +6.5349e-01
1335 0 +3.617902187e-01 +1.000361790e+03 +1.000361790e+03 +2.6600e-01 -6.2754e-01 -2.3102e-01 +1.9155e-01 -3.0911e-01 +1.0909e-01 +4.6013e-01 +6.1167e-01 +8.5837e-03 +6.5425e-01
1356 0 +3.529745041e-01 +1.000352975e+03 +1.000352975e+03 +2.6592e-01 -6.2803e-01 -2.3042e-01 +1.9264e-01 -3.0897e-01 +1.0890e-01 +4.6045e-01 +6.1224e-01 +7.8882e-03 +6.5507e-01
1435 0 +3.365487787e-01 +1.000336549e+03 +1.000336549e+03 +2.6525e-01 -6.2732e-01 -2.3059e-01 +1.9350e-01 -3.0917e-01 +1.0979e-01 +4.5917e-01 +6.1197e-01 +7.4339e-03 +6.5572e-01
1436 0 +3.222771514e-01 +1.000322277e+03 +1.000322277e+03 +2.6550e-01 -6.2734e-01 -2.3054e-01 +1.9317e-01 -3.0901e-01 +1.0978e-01 +4.5928e-01 +6.1088e-01 +8.0031e-03 +6.5493e-01
1510 0 +3.114151589e-01 +1.000311415e+03 +1.000311415e+03 +2.6524e-01 -6.2691e-01 -2.2982e-01 +1.9276e-01 -3.0905e-01 +1.0936e-01 +4.6027e-01 +6.1140e-01 +7.8975e-03 +6.5477e-01
1525 0 +3.064659971e-01 +1.000306466e+03 +1.000306466e+03 +2.6517e-01 -6.2681e-01 -2.2995e-01 +1.9349e-01 -3.0898e-01 +1.0924e-01 +4.5977e-01 +6.1206e-01 +7.5604e-03 +6.5531e-01
1570 0 +3.010193211e-01 +1.000301019e+03 +1.000301019e+03 +2.6494e-01 -6.2670e-01 -2.3028e-01 +1.9301e-01 -3.0886e-01 +1.0932e-01 +4.6021e-01 +6.1130e-01 +7.9862e-03 +6.5484e-01
1613 0 +2.903723813e-01 +1.000290372e+03 +1.000290372e+03 +2.6489e-01 -6.2675e-01 -2.3020e-01 +1.9303e-01 -3.0894e-01 +1.0938e-01 +4.5997e-01 +6.1131e-01 +8.0724e-03 +6.5495e-01
1634 0 +2.853248888e-01 +1.000285325e+03 +1.000285325e+03 +2.6472e-01 -6.2673e-01 -2.3029e-01 +1.9301e-01 -3.0900e-01 +1.0934e-01 +4.6002e-01 +6.1132e-01 +7.9364e-03 +6.5501e-01
1732 0 +2.801503603e-01 +1.000280150e+03 +1.000280150e+03 +2.6467e-01 -6.2677e-01 -2.3022e-01 +1.9300e-01 -3.0894e-01 +1.0925e-01 +4.6015e-01 +6.1146e-01 +7.8583e-03 +6.5513e-01
2054 0 +2.754189473e-01 +1.000275419e+03 +1.000275419e+03 +2.6477e-01 -6.2669e-01 -2.3010e-01 +1.9301e-01 -3.0893e-01 +1.0918e-01 +4.6021e-01 +6.1154e-01 +7.8287e-03 +6.5510e-01
6186 0 +2.681550590e-01 +1.000268155e+03 +1.000268155e+03 +2.6501e-01 -6.2665e-01 -2.3057e-01 +1.9277e-01 -3.0926e-01 +1.0920e-01 +4.5947e-01 +6.1250e-01 +7.2770e-03 +6.5614e-01
6222 0 +2.622973044e-01 +1.000262297e+03 +1.000262297e+03 +2.6515e-01 -6.2662e-01 -2.3085e-01 +1.9263e-01 -3.0946e-01 +1.0921e-01 +4.5903e-01 +6.1306e-01 +6.9512e-03 +6.5675e-01
6245 0 +2.558715253e-01 +1.000255872e+03 +1.000255872e+03 +2.6528e-01 -6.2660e-01 -2.3111e-01 +1.9250e-01 -3.0964e-01 +1.0922e-01 +4.5864e-01 +6.1356e-01 +6.6607e-03 +6.5730e-01
6285 0 +2.486297898e-01 +1.000248630e+03 +1.000248630e+03 +2.6575e-01 -6.2652e-01 -2.3206e-01 +1.9202e-01 -3.1032e-01 +1.0927e-01 +4.5716e-01 +6.1546e-01 +5.5599e-03 +6.5937e-01
6298 0 +2.431693545e-01 +1.000243169e+03 +1.000243169e+03 +2.6589e-01 -6.2649e-01 -2.3233e-01 +1.9189e-01 -3.1051e-01 +1.0928e-01 +4.5674e-01 +6.1600e-01 +5.2481e-03 +6.5995e-01
6302 0 +2.384624944e-01 +1.000238462e+03 +1.000238462e+03 +2.6603e-01 -6.2647e-01 -2.3262e-01 +1.9175e-01 -3.1071e-01 +1.0929e-01 +4.5629e-01 +6.1657e-01 +4.9177e-03 +6.6057e-01
6308 0 +2.330498815e-01 +1.000233050e+03 +1.000233050e+03 +2.6613e-01 -6.2645e-01 -2.3283e-01 +1.9164e-01 -3.1086e-01 +1.0930e-01 +4.5597e-01 +6.1698e-01 +4.6771e-03 +6.6103e-01
6320 0 +2.275214428e-01 +1.000227521e+03 +1.000227521e+03 +2.6628e-01 -6.2642e-01 -2.3311e-01 +1.9150e-01 -3.1106e-01 +1.0932e-01 +4.5553e-01 +6.1755e-01 +4.3500e-03 +6.6164e-01
6325 0 +2.134281629e-01 +1.000213428e+03 +1.000213428e+03 +2.6657e-01 -6.2637e-01 -2.3370e-01 +1.9120e-01 -3.1147e-01 +1.0935e-01 +4.5462e-01 +6.1872e-01 +3.6688e-03 +6.6292e-01
6333 0 +2.025102540e-01 +1.000202510e+03 +1.000202510e+03 +2.6673e-01 -6.2634e-01 -2.3402e-01 +1.9105e-01 -3.1170e-01 +1.0936e-01 +4.5412e-01 +6.1935e-01 +3.3037e-03 +6.6361e-01
6343 0 +1.836809924e-01 +1.000183681e+03 +1.000183681e+03 +2.6702e-01 -6.2629e-01 -2.3460e-01 +1.9075e-01 -3.1211e-01 +1.0939e-01 +4.5322e-01 +6.2051e-01 +2.6326e-03 +6.6487e-01
6352 0 +1.783428171e-01 +1.000178343e+03 +1.000178343e+03 +2.6708e-01 -6.2628e-01 -2.3472e-01 +1.9070e-01 -3.1219e-01 +1.0939e-01 +4.5304e-01 +6.2075e-01 +2.4952e-03 +6.6513e-01
% f evaluations | g evaluations | best noise-free fitness - Fopt (-1.869500000000e+02) + sum g_i+ | measured fitness | best measured fitness or single-digit g-values | x1 | x2...
1 0 +2.348465466e+01 -1.634653453e+02 -1.634653453e+02 +0.0000e+00 +0.0000e+00 +0.0000e+00 +0.0000e+00 +0.0000e+00 +0.0000e+00 +0.0000e+00 +0.0000e+00 +0.0000e+00 +0.0000e+00
2 0 +6.578878555e+00 -1.803711214e+02 -1.803711214e+02 +4.3379e-01 +3.0692e-02 +9.8026e-02 +3.4094e-01 +2.4727e-01 +1.7369e-01 -1.1375e-01 -3.0566e-01 +1.1285e-01 -1.5359e-01
129 0 +5.400843245e+00 -1.815491568e+02 -1.815491568e+02 +5.4437e-01 -1.5318e-01 -1.6982e-01 +7.9892e-03 -3.1749e-01 +2.8001e-02 +7.7021e-02 -4.8384e-01 +5.5926e-02 +7.1611e-01
229 0 +5.227181541e+00 -1.817228185e+02 -1.817228185e+02 +3.3898e-01 -1.2986e-03 -1.3990e-01 -4.0355e-01 -3.2164e-01 +2.4226e-02 +1.6175e-01 -8.9541e-02 -2.6161e-01 +7.6970e-01
282 0 +3.280903643e+00 -1.836690964e+02 -1.836690964e+02 +3.1788e-01 -4.3361e-02 -3.1345e-01 -3.8383e-01 -4.6390e-01 +8.6665e-02 +3.0461e-01 -3.2080e-01 -3.5633e-01 +9.0618e-01
566 0 +2.761926591e+00 -1.841880734e+02 -1.841880734e+02 +4.1304e-01 +1.1810e-01 -4.0187e-01 -2.5007e-01 -3.0482e-01 +1.3408e-01 +2.8091e-01 -2.4067e-01 -1.9604e-01 +7.9849e-01
581 0 +2.169980394e+00 -1.847800196e+02 -1.847800196e+02 +4.1738e-01 +1.1962e-01 -3.8077e-01 -2.3532e-01 -3.0561e-01 +1.3920e-01 +2.8855e-01 -2.2503e-01 -2.0269e-01 +8.0814e-01
679 0 +1.805980021e+00 -1.851440200e+02 -1.851440200e+02 +4.2175e-01 +1.1199e-01 -3.5888e-01 -2.4744e-01 -2.9824e-01 +1.3976e-01 +2.7258e-01 -2.0883e-01 -1.9077e-01 +7.8982e-01
769 0 +1.769977797e+00 -1.851800222e+02 -1.851800222e+02 +4.2424e-01 +1.0006e-01 -3.6254e-01 -2.4599e-01 -3.0609e-01 +1.4137e-01 +2.6385e-01 -2.0850e-01 -1.9000e-01 +7.9757e-01
770 0 +1.695370478e+00 -1.852546295e+02 -1.852546295e+02 +4.2266e-01 +1.0247e-01 -3.5806e-01 -2.4600e-01 -3.0198e-01 +1.4338e-01 +2.6236e-01 -1.9287e-01 -1.8595e-01 +7.9033e-01
776 0 +1.645320946e+00 -1.853046791e+02 -1.853046791e+02 +4.2791e-01 +1.0389e-01 -3.7065e-01 -2.4330e-01 -3.0316e-01 +1.4440e-01 +2.6456e-01 -1.9611e-01 -1.9056e-01 +7.9931e-01
782 0 +1.551829415e+00 -1.853981706e+02 -1.853981706e+02 +4.2930e-01 +1.0341e-01 -3.5911e-01 -2.4511e-01 -2.9743e-01 +1.4083e-01 +2.6822e-01 -1.9574e-01 -1.8638e-01 +7.9688e-01
786 0 +1.519238635e+00 -1.854307614e+02 -1.854307614e+02 +4.2749e-01 +9.8775e-02 -3.6080e-01 -2.5325e-01 -2.9837e-01 +1.5066e-01 +2.6618e-01 -1.9542e-01 -1.9408e-01 +7.9343e-01
804 0 +1.491400574e+00 -1.854585994e+02 -1.854585994e+02 +4.2918e-01 +1.0444e-01 -3.5477e-01 -2.4889e-01 -3.0184e-01 +1.4232e-01 +2.6239e-01 -1.9164e-01 -1.8988e-01 +7.9629e-01
807 0 +1.226257000e+00 -1.857237430e+02 -1.857237430e+02 +4.2331e-01 +1.0464e-01 -3.5102e-01 -2.4724e-01 -2.9153e-01 +1.3804e-01 +2.6646e-01 -1.8882e-01 -1.9250e-01 +7.9255e-01
856 0 +1.187536278e+00 -1.857624637e+02 -1.857624637e+02 +4.2606e-01 +1.0478e-01 -3.5902e-01 -2.4251e-01 -2.9717e-01 +1.4191e-01 +2.6949e-01 -1.9391e-01 -1.9175e-01 +7.9955e-01
871 0 +9.990862965e-01 -1.859509137e+02 -1.859509137e+02 +4.2456e-01 +1.0239e-01 -3.5975e-01 -2.4520e-01 -2.9708e-01 +1.4385e-01 +2.6817e-01 -1.8873e-01 -1.9204e-01 +8.0049e-01
904 0 +9.334656002e-01 -1.860165344e+02 -1.860165344e+02 +4.2454e-01 +1.0373e-01 -3.6217e-01 -2.4399e-01 -3.0001e-01 +1.4427e-01 +2.6851e-01 -1.9030e-01 -1.9134e-01 +7.9836e-01
976 0 +9.246415949e-01 -1.860253584e+02 -1.860253584e+02 +4.2601e-01 +1.0300e-01 -3.6132e-01 -2.4352e-01 -3.0047e-01 +1.4270e-01 +2.6829e-01 -1.9576e-01 -1.9146e-01 +8.0058e-01
1011 0 +9.111622602e-01 -1.860388377e+02 -1.860388377e+02 +4.2665e-01 +1.0413e-01 -3.6112e-01 -2.4300e-01 -2.9907e-01 +1.4140e-01 +2.6907e-01 -1.9570e-01 -1.9137e-01 +8.0097e-01
1032 0 +8.793115530e-01 -1.860706884e+02 -1.860706884e+02 +4.2805e-01 +1.0378e-01 -3.6175e-01 -2.4239e-01 -3.0040e-01 +1.4183e-01 +2.6807e-01 -1.9630e-01 -1.9015e-01 +8.0166e-01
1058 0 +7.915106385e-01 -1.861584894e+02 -1.861584894e+02 +4.2660e-01 +1.0301e-01 -3.6065e-01 -2.4247e-01 -2.9956e-01 +1.4189e-01 +2.6791e-01 -1.9394e-01 -1.9112e-01 +8.0063e-01
1127 0 +7.471704501e-01 -1.862028295e+02 -1.862028295e+02 +4.2704e-01 +1.0350e-01 -3.6083e-01 -2.4145e-01 -2.9962e-01 +1.4099e-01 +2.6831e-01 -1.9472e-01 -1.9047e-01 +8.0200e-01
1162 0 +7.339489574e-01 -1.862160510e+02 -1.862160510e+02 +4.2613e-01 +1.0277e-01 -3.6072e-01 -2.4224e-01 -2.9982e-01 +1.4198e-01 +2.6818e-01 -1.9434e-01 -1.9086e-01 +8.0126e-01
1198 0 +7.168743597e-01 -1.862331256e+02 -1.862331256e+02 +4.2561e-01 +1.0290e-01 -3.6057e-01 -2.4188e-01 -2.9973e-01 +1.4164e-01 +2.6828e-01 -1.9383e-01 -1.9071e-01 +8.0089e-01
1287 0 +7.066137038e-01 -1.862433863e+02 -1.862433863e+02 +4.2612e-01 +1.0266e-01 -3.6110e-01 -2.4205e-01 -2.9985e-01 +1.4226e-01 +2.6846e-01 -1.9400e-01 -1.9085e-01 +8.0098e-01
1363 0 +6.838546875e-01 -1.862661453e+02 -1.862661453e+02 +4.2562e-01 +1.0248e-01 -3.6128e-01 -2.4192e-01 -2.9982e-01 +1.4225e-01 +2.6834e-01 -1.9385e-01 -1.9104e-01 +8.0102e-01
1375 0 +6.723312067e-01 -1.862776688e+02 -1.862776688e+02 +4.2563e-01 +1.0243e-01 -3.6117e-01 -2.4188e-01 -2.9979e-01 +1.4218e-01 +2.6828e-01 -1.9397e-01 -1.9099e-01 +8.0095e-01
1381 0 +6.596676944e-01 -1.862903323e+02 -1.862903323e+02 +4.2567e-01 +1.0267e-01 -3.6135e-01 -2.4168e-01 -2.9995e-01 +1.4214e-01 +2.6824e-01 -1.9404e-01 -1.9093e-01 +8.0092e-01
1419 0 +6.456030821e-01 -1.863043969e+02 -1.863043969e+02 +4.2550e-01 +1.0268e-01 -3.6148e-01 -2.4139e-01 -3.0002e-01 +1.4207e-01 +2.6818e-01 -1.9382e-01 -1.9084e-01 +8.0110e-01
1635 0 +6.296177200e-01 -1.863203823e+02 -1.863203823e+02 +4.2543e-01 +1.0289e-01 -3.6136e-01 -2.4119e-01 -2.9967e-01 +1.4166e-01 +2.6830e-01 -1.9364e-01 -1.9090e-01 +8.0107e-01
2014 0 +6.162761768e-01 -1.863337238e+02 -1.863337238e+02 +4.2543e-01 +1.0296e-01 -3.6137e-01 -2.4115e-01 -2.9970e-01 +1.4163e-01 +2.6829e-01 -1.9365e-01 -1.9088e-01 +8.0109e-01
% f evaluations | g evaluations | best noise-free fitness - Fopt (5.859500000000e+02) + sum g_i+ | measured fitness | best measured fitness or single-digit g-values | x1 | x2...
1 0 +2.472371669e+01 +6.106737167e+02 +6.106737167e+02 +0.0000e+00 +0.0000e+00 +0.0000e+00 +0.0000e+00 +0.0000e+00 +0.0000e+00 +0.0000e+00 +0.0000e+00 +0.0000e+00 +0.0000e+00
2 0 +1.846604782e+01 +6.044160478e+02 +6.044160478e+02 +4.3379e-01 +3.0692e-02 +9.8026e-02 +3.4094e-01 +2.4727e-01 +1.7369e-01 -1.1375e-01 -3.0566e-01 +1.1285e-01 -1.5359e-01
3 0 +1.420331547e+01 +6.001533155e+02 +6.001533155e+02 +2.4817e-01 +6.3376e-02 -2.2359e-01 +8.0318e-02 +2.1275e-01 +5.3256e-02 -2.3477e-01 +7.8699e-02 +1.0710e-01 +2.4729e-01
5 0 +1.309577460e+01 +5.990457746e+02 +5.990457746e+02 -9.0564e-02 +8.4424e-02 -2.8183e-02 -1.8777e-01 +7.4957e-02 +6.4105e-01 +2.7589e-01 +1.3137e-01 +7.7185e-02 +2.3934e-01
6 0 +3.916614422e+00 +5.898666144e+02 +5.898666144e+02 +1.8723e-01 -2.5702e-01 +1.5212e-01 +1.5671e-02 +5.1476e-01 -6.3323e-02 +3.7553e-01 -3.4671e-01 +9.3874e-02 -2.1343e-01
475 0 +3.814736035e+00 +5.897647360e+02 +5.897647360e+02 +3.2983e-01 +3.9258e-03 -4.3712e-01 -9.3129e-02 -6.6344e-02 +2.5811e-01 +4.5595e-01 -3.7529e-01 +3.3805e-01 +4.5466e-01
514 0 +3.494494986e+00 +5.894444950e+02 +5.894444950e+02 +2.6093e-01 -2.3325e-02 -5.0150e-01 -1.1640e-01 -8.1180e-02 +2.6062e-01 +4.5372e-01 -4.0454e-01 +3.2116e-01 +4.7768e-01
603 0 +3.375236220e+00 +5.893252362e+02 +5.893252362e+02 +2.7024e-01 -3.4938e-04 -4.5926e-01 -1.8671e-01 -7.4214e-02 +2.0465e-01 +4.6085e-01 -4.7861e-01 +3.6869e-01 +3.8860e-01
690 0 +2.959307296e+00 +5.889093073e+02 +5.889093073e+02 +2.4523e-01 +9.4721e-03 -4.2241e-01 -1.4619e-01 -4.8462e-02 +2.2540e-01 +4.3113e-01 -4.5475e-01 +3.3568e-01 +3.9942e-01
693 0 +2.840555790e+00 +5.887905558e+02 +5.887905558e+02 +2.3696e-01 -2.4162e-03 -4.4063e-01 -1.6881e-01 -6.9169e-02 +2.2732e-01 +4.3605e-01 -4.6229e-01 +3.3231e-01 +4.0301e-01
705 0 +2.727296617e+00 +5.886772966e+02 +5.886772966e+02 +2.2250e-01 +4.6552e-03 -4.4446e-01 -1.8004e-01 -7.3183e-02 +2.3109e-01 +4.3424e-01 -4.6150e-01 +3.3378e-01 +4.0453e-01
707 0 +2.255298017e+00 +5.882052980e+02 +5.882052980e+02 +2.5040e-01 +1.1261e-02 -4.4296e-01 -1.5844e-01 -7.4653e-02 +2.1410e-01 +4.1952e-01 -4.6598e-01 +3.3294e-01 +4.0130e-01
717 0 +2.101282422e+00 +5.880512824e+02 +5.880512824e+02 +2.3980e-01 +1.6327e-02 -4.2419e-01 -1.6380e-01 -6.7083e-02 +2.1792e-01 +4.1095e-01 -4.5482e-01 +3.3813e-01 +3.9728e-01
720 0 +1.701963857e+00 +5.876519639e+02 +5.876519639e+02 +2.3068e-01 +5.9294e-03 -4.3709e-01 -1.6714e-01 -7.2347e-02 +2.1805e-01 +4.2923e-01 -4.6053e-01 +3.3863e-01 +3.9723e-01
733 0 +1.352050901e+00 +5.873020509e+02 +5.873020509e+02 +2.3193e-01 -2.5016e-04 -4.4327e-01 -1.6926e-01 -6.9400e-02 +2.2657e-01 +4.2420e-01 -4.7003e-01 +3.4278e-01 +3.9022e-01
770 0 +1.302537091e+00 +5.872525371e+02 +5.872525371e+02 +2.3187e-01 +3.6329e-03 -4.3696e-01 -1.7037e-01 -6.6693e-02 +2.3226e-01 +4.2178e-01 -4.6617e-01 +3.3954e-01 +3.8623e-01
783 0 +9.827968561e-01 +5.869327969e+02 +5.869327969e+02 +2.3347e-01 -3.2025e-03 -4.4095e-01 -1.7136e-01 -7.4959e-02 +2.3053e-01 +4.2220e-01 -4.6940e-01 +3.4327e-01 +3.8915e-01
870 0 +6.644386163e-01 +5.866144386e+02 +5.866144386e+02 +2.2388e-01 -4.2137e-03 -4.4250e-01 -1.7265e-01 -6.8391e-02 +2.3424e-01 +4.2563e-01 -4.6936e-01 +3.3402e-01 +3.8257e-01
923 0 +6.461060749e-01 +5.865961061e+02 +5.865961061e+02 +2.3146e-01 +9.9299e-04 -4.4575e-01 -1.6827e-01 -7.4335e-02 +2.3311e-01 +4.2664e-01 -4.7154e-01 +3.3326e-01 +3.8784e-01
1136 0 +6.014984054e-01 +5.865514984e+02 +5.865514984e+02 +2.3096e-01 +3.4480e-03 -4.4431e-01 -1.6700e-01 -7.9171e-02 +2.3283e-01 +4.2707e-01 -4.6962e-01 +3.2931e-01 +3.9274e-01
1164 0 +5.798451086e-01 +5.865298451e+02 +5.865298451e+02 +2.3146e-01 +4.4540e-03 -4.4464e-01 -1.6655e-01 -7.8476e-02 +2.3321e-01 +4.2688e-01 -4.6968e-01 +3.2938e-01 +3.9253e-01
1205 0 +5.621148212e-01 +5.865121148e+02 +5.865121148e+02 +2.3034e-01 +3.2384e-03 -4.4468e-01 -1.6713e-01 -7.9037e-02 +2.3322e-01 +4.2665e-01 -4.6954e-01 +3.3007e-01 +3.9227e-01
1219 0 +5.462312995e-01 +5.864962313e+02 +5.864962313e+02 +2.3032e-01 +2.9720e-03 -4.4468e-01 -1.6765e-01 -7.9109e-02 +2.3299e-01 +4.2674e-01 -4.6967e-01 +3.3009e-01 +3.9182e-01
1386 0 +5.355045752e-01 +5.864855046e+02 +5.864855046e+02 +2.3075e-01 +3.3479e-03 -4.4496e-01 -1.6709e-01 -7.9362e-02 +2.3346e-01 +4.2686e-01 -4.6978e-01 +3.2979e-01 +3.9246e-01
1567 0 +5.240516893e-01 +5.864740517e+02 +5.864740517e+02 +2.3059e-01 +3.4424e-03 -4.4489e-01 -1.6716e-01 -7.9179e-02 +2.3352e-01 +4.2691e-01 -4.6985e-01 +3.2989e-01 +3.9227e-01
1830 0 +5.127855415e-01 +5.864627855e+02 +5.864627855e+02 +2.3066e-01 +3.3648e-03 -4.4489e-01 -1.6715e-01 -7.9123e-02 +2.3350e-01 +4.2692e-01 -4.6984e-01 +3.2992e-01 +3.9224e-01
% f evaluations | g evaluations | best noise-free fitness - Fopt (2.871600000000e+02) + sum g_i+ | measured fitness | best measured fitness or single-digit g-values | x1 | x2...
1 0 +1.418167891e+01 +3.013416789e+02 +3.013416789e+02 +0.0000e+00 +0.0000e+00 +0.0000e+00 +0.0000e+00 +0.0000e+00 +0.0000e+00 +0.0000e+00 +0.0000e+00 +0.0000e+00 +0.0000e+00
2 0 +9.846044461e+00 +2.970060445e+02 +2.970060445e+02 +4.3379e-01 +3.0692e-02 +9.8026e-02 +3.4094e-01 +2.4727e-01 +1.7369e-01 -1.1375e-01 -3.0566e-01 +1.1285e-01 -1.5359e-01
3 0 +5.616108229e+00 +2.927761082e+02 +2.927761082e+02 +2.4817e-01 +6.3376e-02 -2.2359e-01 +8.0318e-02 +2.1275e-01 +5.3256e-02 -2.3477e-01 +7.8699e-02 +1.0710e-01 +2.4729e-01
4 0 +4.834867550e+00 +2.919948675e+02 +2.919948675e+02 +2.1661e-01 -2.7248e-01 -1.4933e-01 +1.8171e-01 -5.0930e-01 +2.3317e-01 -2.5183e-01 -1.2653e-01 +4.3300e-01 -1.9345e-02
89 0 +4.465716725e+00 +2.916257167e+02 +2.916257167e+02 +3.5609e-01 +7.3758e-02 -5.1890e-02 -7.5608e-02 -3.8590e-01 +7.3744e-02 +4.1086e-02 +2.1025e-01 +2.4667e-01 +5.0420e-01
257 0 +2.786779869e+00 +2.899467799e+02 +2.899467799e+02 -1.0913e-02 -1.9922e-01 -7.6042e-02 -2.2232e-01 -2.9140e-01 -1.0342e-01 +1.0699e-01 -2.0320e-01 +2.1836e-01 +4.9972e-01
755 0 +2.575687316e+00 +2.897356873e+02 +2.897356873e+02 +5.7151e-01 +1.9417e-01 -3.4951e-01 +2.7004e-01 -5.7089e-01 +2.2078e-01 +4.7900e-01 -2.3100e-01 +3.8666e-01 +4.3621e-01
874 0 +1.938569289e+00 +2.890985693e+02 +2.890985693e+02 +5.7193e-01 +1.9964e-01 -3.6141e-01 +2.6372e-01 -5.6012e-01 +2.3412e-01 +4.9046e-01 -2.2291e-01 +3.8321e-01 +4.4843e-01
895 0 +1.712852045e+00 +2.888728520e+02 +2.888728520e+02 +5.6933e-01 +1.9279e-01 -3.5237e-01 +2.5911e-01 -5.6509e-01 +2.2184e-01 +4.9742e-01 -2.2620e-01 +3.8727e-01 +4.4355e-01
940 0 +1.549015213e+00 +2.887090152e+02 +2.887090152e+02 +5.7823e-01 +1.9369e-01 -3.5564e-01 +2.5578e-01 -5.7039e-01 +2.2263e-01 +4.9659e-01 -2.2632e-01 +3.8684e-01 +4.3500e-01
987 0 +1.323882302e+00 +2.884838823e+02 +2.884838823e+02 +5.7576e-01 +1.9054e-01 -3.5510e-01 +2.5597e-01 -5.7225e-01 +2.1761e-01 +4.9432e-01 -2.2613e-01 +3.8609e-01 +4.3573e-01
1110 0 +1.220683216e+00 +2.883806832e+02 +2.883806832e+02 +5.7935e-01 +1.9182e-01 -3.5388e-01 +2.5769e-01 -5.7274e-01 +2.1760e-01 +4.8915e-01 -2.2560e-01 +3.8974e-01 +4.3944e-01
1122 0 +1.196734710e+00 +2.883567347e+02 +2.883567347e+02 +5.7983e-01 +1.9176e-01 -3.5380e-01 +2.5731e-01 -5.7115e-01 +2.1663e-01 +4.8834e-01 -2.2725e-01 +3.8867e-01 +4.3940e-01
1170 0 +1.145079768e+00 +2.883050798e+02 +2.883050798e+02 +5.8012e-01 +1.9273e-01 -3.5441e-01 +2.5660e-01 -5.7164e-01 +2.1730e-01 +4.8833e-01 -2.2600e-01 +3.8863e-01 +4.3869e-01
1261 0 +1.105375661e+00 +2.882653757e+02 +2.882653757e+02 +5.7949e-01 +1.9226e-01 -3.5398e-01 +2.5725e-01 -5.7081e-01 +2.1600e-01 +4.8618e-01 -2.2653e-01 +3.8692e-01 +4.3774e-01
1275 0 +1.070167959e+00 +2.882301680e+02 +2.882301680e+02 +5.8005e-01 +1.9258e-01 -3.5358e-01 +2.5718e-01 -5.7033e-01 +2.1681e-01 +4.8629e-01 -2.2593e-01 +3.8773e-01 +4.3828e-01
1296 0 +1.026359015e+00 +2.881863590e+02 +2.881863590e+02 +5.7977e-01 +1.9253e-01 -3.5371e-01 +2.5699e-01 -5.7002e-01 +2.1641e-01 +4.8642e-01 -2.2675e-01 +3.8746e-01 +4.3816e-01
1325 0 +1.017683128e+00 +2.881776831e+02 +2.881776831e+02 +5.7886e-01 +1.9262e-01 -3.5353e-01 +2.5729e-01 -5.7017e-01 +2.1727e-01 +4.8788e-01 -2.2647e-01 +3.8692e-01 +4.3843e-01
1346 0 +9.606473125e-01 +2.881206473e+02 +2.881206473e+02 +5.7881e-01 +1.9313e-01 -3.5309e-01 +2.5688e-01 -5.6936e-01 +2.1708e-01 +4.8697e-01 -2.2625e-01 +3.8692e-01 +4.3896e-01
1369 0 +9.458433274e-01 +2.881058433e+02 +2.881058433e+02 +5.7880e-01 +1.9276e-01 -3.5350e-01 +2.5718e-01 -5.6909e-01 +2.1668e-01 +4.8602e-01 -2.2620e-01 +3.8660e-01 +4.3875e-01
1383 0 +9.247273324e-01 +2.880847273e+02 +2.880847273e+02 +5.7830e-01 +1.9279e-01 -3.5293e-01 +2.5734e-01 -5.6894e-01 +2.1650e-01 +4.8599e-01 -2.2634e-01 +3.8601e-01 +4.3866e-01
1426 0 +9.031927423e-01 +2.880631927e+02 +2.880631927e+02 +5.7799e-01 +1.9274e-01 -3.5280e-01 +2.5698e-01 -5.6871e-01 +2.1619e-01 +4.8628e-01 -2.2624e-01 +3.8624e-01 +4.3870e-01
1442 0 +8.828476366e-01 +2.880428476e+02 +2.880428476e+02 +5.7782e-01 +1.9328e-01 -3.5372e-01 +2.5781e-01 -5.6756e-01 +2.1692e-01 +4.8528e-01 -2.2632e-01 +3.8590e-01 +4.3893e-01
1473 0 +8.255857115e-01 +2.879855857e+02 +2.879855857e+02 +5.7655e-01 +1.9334e-01 -3.5310e-01 +2.5824e-01 -5.6674e-01 +2.1625e-01 +4.8456e-01 -2.2607e-01 +3.8488e-01 +4.3863e-01
1485 0 +8.079109954e-01 +2.879679110e+02 +2.879679110e+02 +5.7678e-01 +1.9343e-01 -3.5308e-01 +2.5808e-01 -5.6659e-01 +2.1664e-01 +4.8478e-01 -2.2637e-01 +3.8509e-01 +4.3877e-01
1525 0 +7.549513877e-01 +2.879149514e+02 +2.879149514e+02 +5.7537e-01 +1.9370e-01 -3.5269e-01 +2.5821e-01 -5.6537e-01 +2.1635e-01 +4.8443e-01 -2.2601e-01 +3.8376e-01 +4.3930e-01
1550 0 +7.276804906e-01 +2.878876805e+02 +2.878876805e+02 +5.7475e-01 +1.9387e-01 -3.5287e-01 +2.5841e-01 -5.6402e-01 +2.1618e-01 +4.8339e-01 -2.2592e-01 +3.8340e-01 +4.3916e-01
1593 0 +7.144900830e-01 +2.878744901e+02 +2.878744901e+02 +5.7468e-01 +1.9347e-01 -3.5310e-01 +2.5844e-01 -5.6454e-01 +2.1566e-01 +4.8286e-01 -2.2637e-01 +3.8327e-01 +4.3958e-01
1613 0 +6.972527383e-01 +2.878572527e+02 +2.878572527e+02 +5.7508e-01 +1.9349e-01 -3.5293e-01 +2.5827e-01 -5.6465e-01 +2.1611e-01 +4.8354e-01 -2.2604e-01 +3.8374e-01 +4.3950e-01
1651 0 +6.790953002e-01 +2.878390953e+02 +2.878390953e+02 +5.7469e-01 +1.9327e-01 -3.5308e-01 +2.5828e-01 -5.6405e-01 +2.1557e-01 +4.8325e-01 -2.2602e-01 +3.8333e-01 +4.3944e-01
1682 0 +6.754547448e-01 +2.878354547e+02 +2.878354547e+02 +5.7439e-01 +1.9348e-01 -3.5262e-01 +2.5820e-01 -5.6436e-01 +2.1568e-01 +4.8333e-01 -2.2599e-01 +3.8329e-01 +4.3960e-01
1726 0 +6.565009909e-01 +2.878165010e+02 +2.878165010e+02 +5.7405e-01 +1.9327e-01 -3.5243e-01 +2.5808e-01 -5.6413e-01 +2.1534e-01 +4.8345e-01 -2.2594e-01 +3.8316e-01 +4.3979e-01
1735 0 +6.418161907e-01 +2.878018162e+02 +2.878018162e+02 +5.7381e-01 +1.9321e-01 -3.5233e-01 +2.5795e-01 -5.6408e-01 +2.1517e-01 +4.8360e-01 -2.2583e-01 +3.8314e-01 +4.3962e-01
1808 0 +6.217335537e-01 +2.877817336e+02 +2.877817336e+02 +5.7325e-01 +1.9307e-01 -3.5187e-01 +2.5764e-01 -5.6334e-01 +2.1464e-01 +4.8329e-01 -2.2582e-01 +3.8270e-01 +4.4022e-01
1834 0 +6.101258520e-01 +2.877701259e+02 +2.877701259e+02 +5.7340e-01 +1.9295e-01 -3.5181e-01 +2.5743e-01 -5.6326e-01 +2.1432e-01 +4.8305e-01 -2.2588e-01 +3.8263e-01 +4.4027e-01
1847 0 +6.019595461e-01 +2.877619595e+02 +2.877619595e+02 +5.7298e-01 +1.9290e-01 -3.5166e-01 +2.5746e-01 -5.6276e-01 +2.1405e-01 +4.8248e-01 -2.2579e-01 +3.8237e-01 +4.4046e-01
1869 0 +5.861767342e-01 +2.877461767e+02 +2.877461767e+02 +5.7286e-01 +1.9285e-01 -3.5161e-01 +2.5698e-01 -5.6278e-01 +2.1342e-01 +4.8236e-01 -2.2615e-01 +3.8239e-01 +4.4058e-01
1874 0 +5.424854341e-01 +2.877024854e+02 +2.877024854e+02 +5.7200e-01 +1.9271e-01 -3.5125e-01 +2.5695e-01 -5.6212e-01 +2.1316e-01 +4.8227e-01 -2.2603e-01 +3.8178e-01 +4.4080e-01
1912 0 +5.249961523e-01 +2.876849962e+02 +2.876849962e+02 +5.7187e-01 +1.9297e-01 -3.5140e-01 +2.5718e-01 -5.6170e-01 +2.1294e-01 +4.8172e-01 -2.2597e-01 +3.8167e-01 +4.4090e-01
1915 0 +5.081141318e-01 +2.876681141e+02 +2.876681141e+02 +5.7146e-01 +1.9268e-01 -3.5116e-01 +2.5687e-01 -5.6185e-01 +2.1270e-01 +4.8220e-01 -2.2589e-01 +3.8169e-01 +4.4098e-01
1917 0 +4.802805400e-01 +2.876402805e+02 +2.876402805e+02 +5.7169e-01 +1.9291e-01 -3.5121e-01 +2.5690e-01 -5.6148e-01 +2.1280e-01 +4.8167e-01 -2.2596e-01 +3.8156e-01 +4.4096e-01
1954 0 +4.781298815e-01 +2.876381299e+02 +2.876381299e+02 +5.7153e-01 +1.9280e-01 -3.5108e-01 +2.5680e-01 -5.6171e-01 +2.1282e-01 +4.8204e-01 -2.2577e-01 +3.8167e-01 +4.4104e-01
1987 0 +4.667239966e-01 +2.876267240e+02 +2.876267240e+02 +5.7185e-01 +1.9293e-01 -3.5093e-01 +2.5670e-01 -5.6150e-01 +2.1272e-01 +4.8158e-01 -2.2581e-01 +3.8162e-01 +4.4103e-01
2027 0 +4.557618137e-01 +2.876157618e+02 +2.876157618e+02 +5.7152e-01 +1.9302e-01 -3.5095e-01 +2.5683e-01 -5.6135e-01 +2.1281e-01 +4.8159e-01 -2.2572e-01 +3.8152e-01 +4.4081e-01
2923 0 +4.463903994e-01 +2.876063904e+02 +2.876063904e+02 +5.7132e-01 +1.9279e-01 -3.5069e-01 +2.5651e-01 -5.6157e-01 +2.1241e-01 +4.8173e-01 -2.2565e-01 +3.8158e-01 +4.4078e-01
3276 0 +4.360666388e-01 +2.875960666e+02 +2.875960666e+02 +5.7124e-01 +1.9277e-01 -3.5073e-01 +2.5642e-01 -5.6158e-01 +2.1231e-01 +4.8185e-01 -2.2560e-01 +3.8156e-01 +4.4077e-01
4716 0 +4.263645552e-01 +2.875863646e+02 +2.875863646e+02 +5.7114e-01 +1.9276e-01 -3.5076e-01 +2.5630e-01 -5.6163e-01 +2.1221e-01 +4.8193e-01 -2.2556e-01 +3.8151e-01 +4.4066e-01
% f evaluations | g evaluations | best noise-free fitness - Fopt (-3.943800000000e+02) + sum g_i+ | measured fitness | best measured fitness or single-digit g-values | x1 | x2...
1 0 +3.742343468e+01 -3.569565653e+02 -3.569565653e+02 +0.0000e+00 +0.0000e+00 +0.0000e+00 +0.0000e+00 +0.0000e+00 +0.0000e+00 +0.0000e+00 +0.0000e+00 +0.0000e+00 +0.0000e+00
2 0 +2.204041427e+01 -3.723395857e+02 -3.723395857e+02 +4.3379e-01 +3.0692e-02 +9.8026e-02 +3.4094e-01 +2.4727e-01 +1.7369e-01 -1.1375e-01 -3.0566e-01 +1.1285e-01 -1.5359e-01
3 0 +7.499129315e+00 -3.868808707e+02 -3.868808707e+02 +2.4817e-01 +6.3376e-02 -2.2359e-01 +8.0318e-02 +2.1275e-01 +5.3256e-02 -2.3477e-01 +7.8699e-02 +1.0710e-01 +2.4729e-01
13 0 +6.357616081e+00 -3.880223839e+02 -3.880223839e+02 +2.4643e-02 +3.5798e-01 -2.3359e-01 -3.1103e-01 -4.2217e-01 +4.1758e-01 -2.2761e-01 +4.3500e-01 -4.5453e-02 +2.0728e-01
22 0 +6.303226369e+00 -3.880767736e+02 -3.880767736e+02 +1.0145e-01 +1.4074e-01 -3.7732e-01 -2.9222e-01 -6.2724e-01 +3.7890e-01 -2.4544e-01 -4.7425e-01 +1.9288e-01 +6.1238e-01
23 0 +5.362880618e+00 -3.890171194e+02 -3.890171194e+02 +2.9485e-01 -6.6012e-02 -4.8375e-02 -3.6687e-01 +6.3692e-02 +4.7608e-01 -7.9469e-01 +1.9318e-01 +4.4006e-03 +5.9180e-01
50 0 +3.792189370e+00 -3.905878106e+02 -3.905878106e+02 +5.1003e-01 -3.5414e-01 -3.8882e-01 -3.5438e-01 -1.0063e+00 +2.3029e-02 -6.1506e-01 -1.7540e-01 +7.2832e-02 +2.3225e-01
87 0 +3.563136066e+00 -3.908168639e+02 -3.908168639e+02 +6.9573e-01 -1.6783e-01 -5.3504e-01 -1.6760e-01 -9.5159e-01 +2.7513e-01 -6.8938e-01 +5.5727e-01 +1.0750e-01 +1.0992e+00
197 0 +2.765776141e+00 -3.916142239e+02 -3.916142239e+02 +3.5275e-01 +1.0005e-01 -8.3679e-01 -2.7377e-01 -1.6185e+00 -2.0489e-01 +8.8476e-03 +1.0647e-01 -1.1962e-01 +1.3791e+00
503 0 +2.373103880e+00 -3.920068961e+02 -3.920068961e+02 +4.0381e-01 -1.0751e-01 -8.2791e-01 -6.2052e-01 -1.3272e+00 -7.3312e-03 -1.7121e-01 +2.6414e-01 -2.7789e-01 +1.5159e+00
526 0 +2.248995734e+00 -3.921310043e+02 -3.921310043e+02 +3.8038e-01 -7.0007e-02 -8.1138e-01 -6.2367e-01 -1.3475e+00 -4.7692e-02 -1.3590e-01 +2.7377e-01 -2.7587e-01 +1.4934e+00
616 0 +2.199984794e+00 -3.921800152e+02 -3.921800152e+02 +4.0224e-01 -8.9622e-02 -8.1950e-01 -5.8683e-01 -1.3426e+00 -1.8822e-02 -1.8110e-01 +2.6196e-01 -2.9252e-01 +1.5309e+00
650 0 +2.028482102e+00 -3.923515179e+02 -3.923515179e+02 +4.1716e-01 -7.7503e-02 -8.2504e-01 -5.9976e-01 -1.3711e+00 -3.6707e-02 -1.7451e-01 +2.7405e-01 -2.9867e-01 +1.5550e+00
663 0 +1.800839432e+00 -3.925791606e+02 -3.925791606e+02 +4.1267e-01 -7.3310e-02 -8.1633e-01 -6.0170e-01 -1.3433e+00 -4.8747e-02 -1.6876e-01 +2.8168e-01 -3.0427e-01 +1.5301e+00
665 0 +1.660536190e+00 -3.927194638e+02 -3.927194638e+02 +4.1322e-01 -7.3699e-02 -8.2215e-01 -6.0428e-01 -1.3530e+00 -4.9948e-02 -1.6905e-01 +2.6521e-01 -3.0264e-01 +1.5288e+00
677 0 +1.534411807e+00 -3.928455882e+02 -3.928455882e+02 +4.1522e-01 -6.4918e-02 -8.2566e-01 -6.1150e-01 -1.3553e+00 -4.5104e-02 -1.7239e-01 +2.7259e-01 -3.0328e-01 +1.5421e+00
681 0 +1.439667615e+00 -3.929403324e+02 -3.929403324e+02 +4.0492e-01 -7.8083e-02 -8.2502e-01 -6.1218e-01 -1.3555e+00 -5.5450e-02 -1.6842e-01 +2.7927e-01 -3.0975e-01 +1.5320e+00
691 0 +9.981591206e-01 -3.933818409e+02 -3.933818409e+02 +4.0967e-01 -7.3160e-02 -8.0999e-01 -6.2319e-01 -1.3472e+00 -5.5519e-02 -1.6013e-01 +2.8330e-01 -3.0754e-01 +1.5308e+00
708 0 +9.029018623e-01 -3.934770981e+02 -3.934770981e+02 +3.8882e-01 -8.5468e-02 -8.1784e-01 -6.2248e-01 -1.3509e+00 -6.5988e-02 -1.7296e-01 +2.5512e-01 -3.1202e-01 +1.5297e+00
725 0 +7.725012736e-01 -3.936074987e+02 -3.936074987e+02 +4.2157e-01 -6.2910e-02 -8.2129e-01 -6.0501e-01 -1.3505e+00 -5.1612e-02 -1.6438e-01 +2.7471e-01 -2.9719e-01 +1.5419e+00
779 0 +6.244335548e-01 -3.937555664e+02 -3.937555664e+02 +4.2326e-01 -7.0595e-02 -8.2452e-01 -6.1097e-01 -1.3581e+00 -5.1172e-02 -1.8183e-01 +2.7733e-01 -3.0652e-01 +1.5393e+00
877 0 +5.970175124e-01 -3.937829825e+02 -3.937829825e+02 +4.2470e-01 -6.1688e-02 -8.1730e-01 -6.0317e-01 -1.3557e+00 -4.7478e-02 -1.6935e-01 +2.8241e-01 -3.0053e-01 +1.5426e+00
894 0 +5.637811274e-01 -3.938162189e+02 -3.938162189e+02 +4.2645e-01 -6.4953e-02 -8.2000e-01 -6.0429e-01 -1.3583e+00 -4.8127e-02 -1.7320e-01 +2.8133e-01 -3.0029e-01 +1.5437e+00
903 0 +5.443496192e-01 -3.938356504e+02 -3.938356504e+02 +4.2300e-01 -6.7613e-02 -8.1905e-01 -6.0486e-01 -1.3529e+00 -5.1663e-02 -1.7048e-01 +2.8008e-01 -3.0261e-01 +1.5362e+00
922 0 +4.872278633e-01 -3.938927721e+02 -3.938927721e+02 +4.2072e-01 -6.4475e-02 -8.2027e-01 -6.0429e-01 -1.3554e+00 -4.9694e-02 -1.7094e-01 +2.8128e-01 -3.0262e-01 +1.5366e+00
939 0 +4.516637730e-01 -3.939283362e+02 -3.939283362e+02 +4.1889e-01 -6.7296e-02 -8.2113e-01 -6.0679e-01 -1.3536e+00 -5.1778e-02 -1.7055e-01 +2.7950e-01 -3.0337e-01 +1.5376e+00
999 0 +4.427668535e-01 -3.939372331e+02 -3.939372331e+02 +4.2332e-01 -6.5557e-02 -8.2170e-01 -6.0219e-01 -1.3541e+00 -5.2669e-02 -1.7191e-01 +2.7864e-01 -3.0245e-01 +1.5373e+00
1024 0 +4.172853045e-01 -3.939627147e+02 -3.939627147e+02 +4.2244e-01 -6.4260e-02 -8.2058e-01 -6.0044e-01 -1.3563e+00 -5.2025e-02 -1.7020e-01 +2.7930e-01 -3.0134e-01 +1.5366e+00
1040 0 +4.051275517e-01 -3.939748724e+02 -3.939748724e+02 +4.2084e-01 -6.5184e-02 -8.2117e-01 -6.0148e-01 -1.3550e+00 -5.2001e-02 -1.7063e-01 +2.7759e-01 -3.0229e-01 +1.5376e+00
1053 0 +3.887874564e-01 -3.939912125e+02 -3.939912125e+02 +4.2211e-01 -6.5707e-02 -8.2201e-01 -6.0325e-01 -1.3564e+00 -5.1519e-02 -1.7355e-01 +2.7949e-01 -3.0268e-01 +1.5384e+00
1073 0 +3.570642373e-01 -3.940229358e+02 -3.940229358e+02 +4.2081e-01 -6.6157e-02 -8.2175e-01 -6.0274e-01 -1.3563e+00 -5.2632e-02 -1.7234e-01 +2.7816e-01 -3.0277e-01 +1.5370e+00
1100 0 +3.510924652e-01 -3.940289075e+02 -3.940289075e+02 +4.2174e-01 -6.5807e-02 -8.2216e-01 -6.0191e-01 -1.3577e+00 -5.1840e-02 -1.7276e-01 +2.7850e-01 -3.0230e-01 +1.5384e+00
1103 0 +3.449102938e-01 -3.940350897e+02 -3.940350897e+02 +4.2158e-01 -6.5866e-02 -8.2279e-01 -6.0308e-01 -1.3578e+00 -5.1987e-02 -1.7428e-01 +2.7781e-01 -3.0313e-01 +1.5389e+00
1146 0 +3.315529002e-01 -3.940484471e+02 -3.940484471e+02 +4.2266e-01 -6.5603e-02 -8.2259e-01 -6.0236e-01 -1.3570e+00 -5.1920e-02 -1.7378e-01 +2.7796e-01 -3.0269e-01 +1.5394e+00
1204 0 +3.272855984e-01 -3.940527144e+02 -3.940527144e+02 +4.2080e-01 -6.6055e-02 -8.2221e-01 -6.0267e-01 -1.3570e+00 -5.2440e-02 -1.7305e-01 +2.7774e-01 -3.0276e-01 +1.5383e+00
1236 0 +3.181147185e-01 -3.940618853e+02 -3.940618853e+02 +4.2095e-01 -6.6749e-02 -8.2196e-01 -6.0269e-01 -1.3571e+00 -5.2180e-02 -1.7260e-01 +2.7744e-01 -3.0236e-01 +1.5385e+00
1300 0 +3.059707779e-01 -3.940740292e+02 -3.940740292e+02 +4.2160e-01 -6.6178e-02 -8.2253e-01 -6.0220e-01 -1.3572e+00 -5.2386e-02 -1.7279e-01 +2.7693e-01 -3.0255e-01 +1.5387e+00
1313 0 +2.999583566e-01 -3.940800416e+02 -3.940800416e+02 +4.2170e-01 -6.6053e-02 -8.2279e-01 -6.0181e-01 -1.3569e+00 -5.2729e-02 -1.7253e-01 +2.7688e-01 -3.0248e-01 +1.5381e+00
1343 0 +2.925327376e-01 -3.940874673e+02 -3.940874673e+02 +4.2122e-01 -6.6431e-02 -8.2274e-01 -6.0222e-01 -1.3568e+00 -5.2783e-02 -1.7262e-01 +2.7678e-01 -3.0262e-01 +1.5382e+00
1402 0 +2.805827289e-01 -3.940994173e+02 -3.940994173e+02 +4.2124e-01 -6.5980e-02 -8.2315e-01 -6.0147e-01 -1.3571e+00 -5.3026e-02 -1.7272e-01 +2.7628e-01 -3.0260e-01 +1.5380e+00
1451 0 +2.637211150e-01 -3.941162789e+02 -3.941162789e+02 +4.2028e-01 -6.6291e-02 -8.2317e-01 -6.0166e-01 -1.3567e+00 -5.3609e-02 -1.7262e-01 +2.7593e-01 -3.0299e-01 +1.5373e+00
1544 0 +2.611521046e-01 -3.941188479e+02 -3.941188479e+02 +4.2053e-01 -6.6017e-02 -8.2336e-01 -6.0162e-01 -1.3564e+00 -5.3769e-02 -1.7233e-01 +2.7598e-01 -3.0295e-01 +1.5372e+00
1574 0 +2.546569085e-01 -3.941253431e+02 -3.941253431e+02 +4.2053e-01 -6.5959e-02 -8.2354e-01 -6.0162e-01 -1.3562e+00 -5.3960e-02 -1.7255e-01 +2.7581e-01 -3.0308e-01 +1.5371e+00
1632 0 +2.476872238e-01 -3.941323128e+02 -3.941323128e+02 +4.2067e-01 -6.6025e-02 -8.2349e-01 -6.0163e-01 -1.3563e+00 -5.3896e-02 -1.7259e-01 +2.7576e-01 -3.0311e-01 +1.5373e+00
1704 0 +2.454679997e-01 -3.941345320e+02 -3.941345320e+02 +4.2047e-01 -6.5962e-02 -8.2328e-01 -6.0164e-01 -1.3560e+00 -5.3939e-02 -1.7227e-01 +2.7575e-01 -3.0307e-01 +1.5372e+00
1953 0 +2.398173135e-01 -3.941401827e+02 -3.941401827e+02 +4.2046e-01 -6.6037e-02 -8.2331e-01 -6.0180e-01 -1.3561e+00 -5.3877e-02 -1.7241e-01 +2.7575e-01 -3.0311e-01 +1.5374e+00
% f evaluations | g evaluations | best noise-free fitness - Fopt (5.443000000000e+01) + sum g_i+ | measured fitness | best measured fitness or single-digit g-values | x1 | x2...
1 0 +1.626782493e+01 +7.069782493e+01 +7.069782493e+01 +0.0000e+00 +0.0000e+00 +0.0000e+00 +0.0000e+00 +0.0000e+00 +0.0000e+00 +0.0000e+00 +0.0000e+00 +0.0000e+00 +0.0000e+00
2 0 +1.364747944e+01 +6.807747944e+01 +6.807747944e+01 +4.3379e-01 +3.0692e-02 +9.8026e-02 +3.4094e-01 +2.4727e-01 +1.7369e-01 -1.1375e-01 -3.0566e-01 +1.1285e-01 -1.5359e-01
4 0 +1.169749123e+01 +6.612749123e+01 +6.612749123e+01 +2.1661e-01 -2.7248e-01 -1.4933e-01 +1.8171e-01 -5.0930e-01 +2.3317e-01 -2.5183e-01 -1.2653e-01 +4.3300e-01 -1.9345e-02
15 0 +1.113779327e+01 +6.556779327e+01 +6.556779327e+01 +3.6006e-01 -7.4464e-02 -2.7307e-01 +1.0247e-01 +1.0421e+00 -2.9882e-02 -2.9308e-02 -3.5527e-01 +5.2494e-01 +4.8665e-01
16 0 +1.068330993e+01 +6.511330993e+01 +6.511330993e+01 +5.5973e-01 +4.3882e-01 -5.1393e-02 +5.2789e-01 -1.0355e-01 +6.2510e-01 +3.9502e-01 -2.8687e-01 +4.1953e-01 -2.6365e-01
17 0 +8.612675358e+00 +6.304267536e+01 +6.304267536e+01 -1.6744e-01 -4.3786e-01 -3.2250e-01 -2.1542e-01 +7.1276e-02 +6.6924e-01 -5.8014e-02 -3.3919e-01 +3.4436e-01 -4.6184e-02
18 0 +2.051124713e+00 +5.648112471e+01 +5.648112471e+01 +2.1911e-01 +2.8669e-02 +7.7407e-02 -9.8322e-02 +3.6389e-02 +4.5307e-01 -9.3725e-02 -1.8099e-01 +2.4230e-01 +1.2768e-01
465 0 +1.777105822e+00 +5.620710582e+01 +5.620710582e+01 +3.2445e-01 -1.6567e-01 -5.5085e-01 -6.2027e-02 +1.6596e-01 +4.4549e-01 -9.6844e-02 -5.4912e-02 +4.1937e-01 +1.0027e+00
706 0 +1.527278980e+00 +5.595727898e+01 +5.595727898e+01 +3.5049e-01 -1.2062e-01 -5.2654e-01 -3.6299e-02 +1.7053e-01 +4.4435e-01 -8.7377e-02 -2.2791e-03 +4.2518e-01 +9.9068e-01
759 0 +1.378290368e+00 +5.580829037e+01 +5.580829037e+01 +3.5548e-01 -1.1229e-01 -5.2881e-01 -3.6744e-02 +1.7223e-01 +4.4311e-01 -8.5509e-02 +9.8869e-03 +4.3066e-01 +9.9844e-01
877 0 +1.288028625e+00 +5.571802862e+01 +5.571802862e+01 +3.5363e-01 -1.1407e-01 -5.2978e-01 -3.6844e-02 +1.7311e-01 +4.4609e-01 -8.5604e-02 +3.7304e-03 +4.2816e-01 +9.9617e-01
912 0 +1.207135606e+00 +5.563713561e+01 +5.563713561e+01 +3.5329e-01 -1.1574e-01 -5.3038e-01 -3.8163e-02 +1.7352e-01 +4.4479e-01 -8.5040e-02 +3.1293e-03 +4.2621e-01 +9.9290e-01
948 0 +1.198650846e+00 +5.562865085e+01 +5.562865085e+01 +3.5438e-01 -1.1530e-01 -5.3107e-01 -3.6987e-02 +1.7204e-01 +4.4517e-01 -8.4524e-02 +2.5203e-03 +4.2785e-01 +9.9417e-01
975 0 +1.131484970e+00 +5.556148497e+01 +5.556148497e+01 +3.5369e-01 -1.1484e-01 -5.3041e-01 -3.7654e-02 +1.7242e-01 +4.4269e-01 -8.4355e-02 +3.7474e-05 +4.2683e-01 +9.9314e-01
1016 0 +1.060918914e+00 +5.549091891e+01 +5.549091891e+01 +3.5460e-01 -1.1494e-01 -5.3072e-01 -3.6588e-02 +1.7265e-01 +4.4421e-01 -8.4683e-02 +1.9384e-03 +4.2723e-01 +9.9390e-01
1326 0 +1.012511709e+00 +5.544251171e+01 +5.544251171e+01 +3.5473e-01 -1.1464e-01 -5.3110e-01 -3.6414e-02 +1.7200e-01 +4.4407e-01 -8.3978e-02 +2.4674e-03 +4.2816e-01 +9.9343e-01
1385 0 +9.963625808e-01 +5.542636258e+01 +5.542636258e+01 +3.5464e-01 -1.1428e-01 -5.3125e-01 -3.6123e-02 +1.7222e-01 +4.4423e-01 -8.3934e-02 +2.3630e-03 +4.2813e-01 +9.9353e-01
1464 0 +9.675771301e-01 +5.539757713e+01 +5.539757713e+01 +3.5496e-01 -1.1324e-01 -5.3178e-01 -3.5570e-02 +1.7245e-01 +4.4446e-01 -8.3603e-02 +2.6405e-03 +4.2831e-01 +9.9373e-01
1507 0 +9.487179325e-01 +5.537871793e+01 +5.537871793e+01 +3.5523e-01 -1.1320e-01 -5.3179e-01 -3.5747e-02 +1.7246e-01 +4.4448e-01 -8.3570e-02 +3.1970e-03 +4.2852e-01 +9.9391e-01
1528 0 +9.283020583e-01 +5.535830206e+01 +5.535830206e+01 +3.5527e-01 -1.1301e-01 -5.3196e-01 -3.5386e-02 +1.7255e-01 +4.4471e-01 -8.3456e-02 +3.4989e-03 +4.2850e-01 +9.9369e-01
1552 0 +8.764604293e-01 +5.530646043e+01 +5.530646043e+01 +3.5534e-01 -1.1243e-01 -5.3231e-01 -3.5106e-02 +1.7262e-01 +4.4464e-01 -8.3152e-02 +3.8078e-03 +4.2857e-01 +9.9362e-01
1608 0 +8.605863880e-01 +5.529058639e+01 +5.529058639e+01 +3.5529e-01 -1.1204e-01 -5.3280e-01 -3.4996e-02 +1.7251e-01 +4.4475e-01 -8.2904e-02 +3.7894e-03 +4.2872e-01 +9.9362e-01
1634 0 +8.507912023e-01 +5.528079120e+01 +5.528079120e+01 +3.5526e-01 -1.1176e-01 -5.3295e-01 -3.5024e-02 +1.7281e-01 +4.4466e-01 -8.2796e-02 +4.0929e-03 +4.2885e-01 +9.9364e-01
1636 0 +8.227712575e-01 +5.525277126e+01 +5.525277126e+01 +3.5553e-01 -1.1130e-01 -5.3322e-01 -3.4624e-02 +1.7299e-01 +4.4484e-01 -8.2636e-02 +4.4306e-03 +4.2881e-01 +9.9358e-01
1637 0 +8.034443581e-01 +5.523344436e+01 +5.523344436e+01 +3.5549e-01 -1.1102e-01 -5.3341e-01 -3.4551e-02 +1.7308e-01 +4.4487e-01 -8.2540e-02 +4.4714e-03 +4.2879e-01 +9.9361e-01
1664 0 +7.586600273e-01 +5.518866003e+01 +5.518866003e+01 +3.5590e-01 -1.1003e-01 -5.3407e-01 -3.4008e-02 +1.7309e-01 +4.4519e-01 -8.1982e-02 +5.1555e-03 +4.2938e-01 +9.9365e-01
1741 0 +7.423361514e-01 +5.517233615e+01 +5.517233615e+01 +3.5599e-01 -1.0924e-01 -5.3446e-01 -3.3992e-02 +1.7339e-01 +4.4498e-01 -8.1766e-02 +5.7039e-03 +4.2944e-01 +9.9393e-01
1772 0 +7.344173784e-01 +5.516441738e+01 +5.516441738e+01 +3.5598e-01 -1.0930e-01 -5.3473e-01 -3.3844e-02 +1.7334e-01 +4.4514e-01 -8.1686e-02 +5.8629e-03 +4.2954e-01 +9.9386e-01
1819 0 +7.219924488e-01 +5.515199245e+01 +5.515199245e+01 +3.5599e-01 -1.0962e-01 -5.3440e-01 -3.4229e-02 +1.7313e-01 +4.4504e-01 -8.1911e-02 +5.7225e-03 +4.2960e-01 +9.9416e-01
1994 0 +7.066009773e-01 +5.513660098e+01 +5.513660098e+01 +3.5607e-01 -1.0949e-01 -5.3448e-01 -3.4140e-02 +1.7310e-01 +4.4511e-01 -8.1762e-02 +5.8788e-03 +4.2975e-01 +9.9408e-01
% f evaluations | g evaluations | best noise-free fitness - Fopt (1.396900000000e+02) + sum g_i+ | measured fitness | best measured fitness or single-digit g-values | x1 | x2...
1 0 +2.266168168e+01 +1.623516817e+02 +1.623516817e+02 +0.0000e+00 +0.0000e+00 +0.0000e+00 +0.0000e+00 +0.0000e+00 +0.0000e+00 +0.0000e+00 +0.0000e+00 +0.0000e+00 +0.0000e+00
2 0 +1.520882407e+01 +1.548988241e+02 +1.548988241e+02 +4.3379e-01 +3.0692e-02 +9.8026e-02 +3.4094e-01 +2.4727e-01 +1.7369e-01 -1.1375e-01 -3.0566e-01 +1.1285e-01 -1.5359e-01
4 0 +8.132615665e+00 +1.478226157e+02 +1.478226157e+02 +2.1661e-01 -2.7248e-01 -1.4933e-01 +1.8171e-01 -5.0930e-01 +2.3317e-01 -2.5183e-01 -1.2653e-01 +4.3300e-01 -1.9345e-02
6 0 +6.964269807e+00 +1.466542698e+02 +1.466542698e+02 +1.8723e-01 -2.5702e-01 +1.5212e-01 +1.5671e-02 +5.1476e-01 -6.3323e-02 +3.7553e-01 -3.4671e-01 +9.3874e-02 -2.1343e-01
25 0 +6.891285972e+00 +1.465812860e+02 +1.465812860e+02 -6.8108e-02 +1.4128e-01 -4.6756e-01 -4.1088e-02 +9.3520e-02 +2.4918e-01 +3.6004e-01 -1.7889e-01 -6.3365e-01 +4.4686e-01
66 0 +5.236244460e+00 +1.449262445e+02 +1.449262445e+02 +1.2741e-01 +2.5737e-02 -3.4744e-01 +2.2233e-01 -5.3253e-02 +2.4449e-01 -3.4655e-01 -1.5499e-01 -4.5106e-01 +7.2789e-01
76 0 +4.915673060e+00 +1.446056731e+02 +1.446056731e+02 +4.0719e-01 +2.7379e-01 -7.6534e-01 +3.0737e-01 +1.3181e-02 +3.0754e-01 -4.5992e-01 -6.8544e-01 +2.9563e-02 +5.2889e-01
104 0 +4.247545868e+00 +1.439375459e+02 +1.439375459e+02 -1.4067e-01 +9.8051e-02 -5.1070e-01 +2.4235e-01 -3.1558e-01 +3.2670e-01 +5.0840e-02 -3.4806e-01 -3.3982e-02 +3.9157e-01
196 0 +3.240501753e+00 +1.429305018e+02 +1.429305018e+02 -3.2645e-03 +1.0876e-02 -6.0074e-01 +3.5122e-01 -1.3355e-01 +9.6460e-02 -1.1773e-01 -5.9539e-01 -2.1116e-01 +3.4614e-01
206 0 +2.072550533e+00 +1.417625505e+02 +1.417625505e+02 +7.8622e-02 +6.3281e-02 -5.9052e-01 +4.1888e-01 +2.3532e-02 +1.7752e-03 -5.8779e-04 -6.1477e-01 -3.5636e-01 +3.8444e-01
816 0 +1.670877845e+00 +1.413608778e+02 +1.413608778e+02 +2.2724e-01 +8.8399e-02 -8.1446e-01 +2.1944e-01 -6.1583e-02 +2.6632e-01 +1.0227e-01 -4.6155e-01 -1.8810e-01 +4.1486e-01
844 0 +1.524655171e+00 +1.412146552e+02 +1.412146552e+02 +2.2246e-01 +8.1041e-02 -8.0498e-01 +2.1545e-01 -5.9006e-02 +2.6774e-01 +1.0515e-01 -4.5016e-01 -1.9150e-01 +4.1453e-01
846 0 +1.394131937e+00 +1.410841319e+02 +1.410841319e+02 +2.2727e-01 +8.2261e-02 -8.1076e-01 +2.1710e-01 -5.7843e-02 +2.6709e-01 +1.1110e-01 -4.6023e-01 -1.8312e-01 +4.1436e-01
932 0 +1.258340532e+00 +1.409483405e+02 +1.409483405e+02 +2.1978e-01 +7.7382e-02 -8.0906e-01 +2.1749e-01 -6.0907e-02 +2.6428e-01 +1.0556e-01 -4.5000e-01 -1.9189e-01 +4.0966e-01
951 0 +1.069083603e+00 +1.407590836e+02 +1.407590836e+02 +2.1947e-01 +7.6101e-02 -8.0792e-01 +2.1689e-01 -5.7763e-02 +2.6316e-01 +1.0509e-01 -4.5269e-01 -1.9164e-01 +4.0883e-01
972 0 +1.004219554e+00 +1.406942196e+02 +1.406942196e+02 +2.1877e-01 +7.8284e-02 -8.0649e-01 +2.1747e-01 -6.0963e-02 +2.6357e-01 +1.0745e-01 -4.5442e-01 -1.9438e-01 +4.1055e-01
986 0 +9.806509126e-01 +1.406706509e+02 +1.406706509e+02 +2.1916e-01 +7.9631e-02 -8.0684e-01 +2.1712e-01 -6.2516e-02 +2.6210e-01 +1.0681e-01 -4.5308e-01 -1.9549e-01 +4.1033e-01
1007 0 +8.710598235e-01 +1.405610598e+02 +1.405610598e+02 +2.2065e-01 +7.9839e-02 -8.0611e-01 +2.1878e-01 -6.4620e-02 +2.6125e-01 +1.0687e-01 -4.5578e-01 -1.9571e-01 +4.1217e-01
1097 0 +8.601696985e-01 +1.405501697e+02 +1.405501697e+02 +2.1826e-01 +8.0139e-02 -8.0629e-01 +2.1878e-01 -6.4786e-02 +2.6165e-01 +1.0606e-01 -4.5467e-01 -1.9625e-01 +4.1266e-01
1112 0 +8.124465037e-01 +1.405024465e+02 +1.405024465e+02 +2.1883e-01 +7.8981e-02 -8.0691e-01 +2.1904e-01 -6.3712e-02 +2.6208e-01 +1.0637e-01 -4.5423e-01 -1.9503e-01 +4.1167e-01
1139 0 +7.817513659e-01 +1.404717514e+02 +1.404717514e+02 +2.1940e-01 +7.8146e-02 -8.0604e-01 +2.1810e-01 -6.3604e-02 +2.6189e-01 +1.0738e-01 -4.5387e-01 -1.9605e-01 +4.1152e-01
1193 0 +7.582606228e-01 +1.404482606e+02 +1.404482606e+02 +2.1953e-01 +7.8761e-02 -8.0597e-01 +2.1783e-01 -6.3727e-02 +2.6091e-01 +1.0764e-01 -4.5425e-01 -1.9709e-01 +4.1104e-01
1208 0 +7.164475822e-01 +1.404064476e+02 +1.404064476e+02 +2.1850e-01 +7.8648e-02 -8.0569e-01 +2.1792e-01 -6.3746e-02 +2.6135e-01 +1.0764e-01 -4.5509e-01 -1.9728e-01 +4.1154e-01
1450 0 +7.046132578e-01 +1.403946133e+02 +1.403946133e+02 +2.1886e-01 +7.8794e-02 -8.0596e-01 +2.1796e-01 -6.3631e-02 +2.6137e-01 +1.0734e-01 -4.5467e-01 -1.9685e-01 +4.1134e-01
% f evaluations | g evaluations | best noise-free fitness - Fopt (-5.794000000000e+01) + sum g_i+ | measured fitness | best measured fitness or single-digit g-values | x1 | x2...
1 0 +1.147678309e+01 -4.646321691e+01 -4.646321691e+01 +0.0000e+00 +0.0000e+00 +0.0000e+00 +0.0000e+00 +0.0000e+00 +0.0000e+00 +0.0000e+00 +0.0000e+00 +0.0000e+00 +0.0000e+00
7 0 +9.578538178e+00 -4.836146182e+01 -4.836146182e+01 -2.6321e-01 +2.3560e-01 -2.9494e-01 -4.1433e-02 -2.1060e-01 +1.1878e-01 +8.3286e-02 -6.4943e-01 +2.1039e-01 -1.8282e-01
10 0 +9.320632186e+00 -4.861936781e+01 -4.861936781e+01 +3.2216e-01 -3.3442e-01 +1.9285e-01 -3.1559e-01 -1.5896e-01 +1.8278e-01 -2.1053e-01 +1.4883e-01 -4.2076e-01 -2.0280e-01
12 0 +7.649711019e+00 -5.029028898e+01 -5.029028898e+01 +1.3585e-01 -2.2439e-02 +2.3591e-01 -2.4333e-02 -3.7069e-01 -1.2380e-01 -2.4309e-01 -5.1423e-01 -4.6699e-01 +5.2905e-01
23 0 +6.513235181e+00 -5.142676482e+01 -5.142676482e+01 +1.9831e-01 +2.4186e-01 -6.3144e-02 -2.2716e-02 +1.0713e-01 +5.5605e-01 -4.4092e-01 +2.6459e-01 -2.3193e-01 +5.1344e-01
36 0 +5.331674800e+00 -5.260832520e+01 -5.260832520e+01 +9.5796e-01 +2.6938e-01 -1.4810e-01 +2.5635e-01 +8.8467e-02 +2.5778e-01 -6.2200e-02 +8.4710e-02 -6.7730e-01 -4.0979e-02
61 0 +2.907824051e+00 -5.503217595e+01 -5.503217595e+01 +3.8010e-01 +4.8284e-01 -4.1837e-01 +2.2534e-01 -4.0096e-01 +1.6033e-01 -3.1484e-03 -2.3402e-01 -2.1143e-01 +3.7085e-01
382 0 +2.674578230e+00 -5.526542177e+01 -5.526542177e+01 +5.3275e-01 +8.5680e-01 -8.0473e-01 +6.3003e-02 -5.9763e-01 +1.9176e-01 +5.5444e-02 -1.7607e-01 -4.0998e-01 +6.1146e-01
742 0 +2.039490046e+00 -5.590050995e+01 -5.590050995e+01 +5.7516e-01 +7.8377e-01 -7.6624e-01 +1.0582e-01 -6.6989e-01 +2.0021e-01 -4.9086e-03 -1.3255e-01 -4.0371e-01 +5.8480e-01
825 0 +1.043049969e+00 -5.689695003e+01 -5.689695003e+01 +5.8611e-01 +7.9915e-01 -7.6157e-01 +8.7508e-02 -6.4123e-01 +1.7957e-01 -1.5125e-03 -1.3460e-01 -3.7950e-01 +5.6862e-01
942 0 +8.361622504e-01 -5.710383775e+01 -5.710383775e+01 +5.5809e-01 +8.0410e-01 -7.7363e-01 +8.9735e-02 -6.4527e-01 +1.7803e-01 -3.8245e-03 -1.5937e-01 -4.0583e-01 +5.8195e-01
1066 0 +7.890359367e-01 -5.715096406e+01 -5.715096406e+01 +5.5666e-01 +8.0122e-01 -7.7200e-01 +8.7487e-02 -6.5019e-01 +1.7690e-01 -3.2801e-03 -1.5808e-01 -4.0424e-01 +5.8194e-01
1103 0 +7.204656180e-01 -5.721953438e+01 -5.721953438e+01 +5.5649e-01 +8.0485e-01 -7.7757e-01 +8.4460e-02 -6.5097e-01 +1.7400e-01 -7.6595e-03 -1.6519e-01 -4.0850e-01 +5.8387e-01
1164 0 +6.922790443e-01 -5.724772096e+01 -5.724772096e+01 +5.5928e-01 +8.0444e-01 -7.7611e-01 +8.3661e-02 -6.5121e-01 +1.7352e-01 -4.2587e-03 -1.6409e-01 -4.0841e-01 +5.8252e-01
1175 0 +6.649518480e-01 -5.727504815e+01 -5.727504815e+01 +5.5733e-01 +8.0306e-01 -7.7532e-01 +8.2979e-02 -6.5134e-01 +1.7324e-01 -5.5534e-03 -1.6585e-01 -4.0866e-01 +5.8153e-01
1183 0 +6.229662023e-01 -5.731703380e+01 -5.731703380e+01 +5.5711e-01 +8.0280e-01 -7.7480e-01 +8.3692e-02 -6.5042e-01 +1.7255e-01 -3.3907e-03 -1.6301e-01 -4.0729e-01 +5.8168e-01
1223 0 +6.085453959e-01 -5.733145460e+01 -5.733145460e+01 +5.5732e-01 +8.0362e-01 -7.7527e-01 +8.5126e-02 -6.5238e-01 +1.7480e-01 -2.8988e-03 -1.6217e-01 -4.0666e-01 +5.8190e-01
1268 0 +5.769296524e-01 -5.736307035e+01 -5.736307035e+01 +5.5782e-01 +8.0366e-01 -7.7477e-01 +8.3691e-02 -6.5114e-01 +1.7348e-01 -3.8657e-03 -1.6449e-01 -4.0635e-01 +5.8130e-01
1281 0 +5.527387175e-01 -5.738726128e+01 -5.738726128e+01 +5.5884e-01 +8.0349e-01 -7.7338e-01 +8.4250e-02 -6.5076e-01 +1.7325e-01 -2.2939e-03 -1.6281e-01 -4.0515e-01 +5.8105e-01
1283 0 +5.033768194e-01 -5.743662318e+01 -5.743662318e+01 +5.5792e-01 +8.0391e-01 -7.7430e-01 +8.3561e-02 -6.5111e-01 +1.7277e-01 -3.5651e-03 -1.6455e-01 -4.0653e-01 +5.8097e-01
1307 0 +4.709096091e-01 -5.746909039e+01 -5.746909039e+01 +5.5846e-01 +8.0378e-01 -7.7351e-01 +8.3626e-02 -6.5028e-01 +1.7323e-01 -2.8208e-03 -1.6364e-01 -4.0565e-01 +5.8008e-01
1503 0 +4.673056211e-01 -5.747269438e+01 -5.747269438e+01 +5.5824e-01 +8.0384e-01 -7.7354e-01 +8.4079e-02 -6.5036e-01 +1.7332e-01 -2.8697e-03 -1.6370e-01 -4.0604e-01 +5.8031e-01
1543 0 +4.497560220e-01 -5.749024398e+01 -5.749024398e+01 +5.5833e-01 +8.0366e-01 -7.7321e-01 +8.4132e-02 -6.5018e-01 +1.7348e-01 -2.3733e-03 -1.6359e-01 -4.0586e-01 +5.7993e-01
1567 0 +4.368513077e-01 -5.750314869e+01 -5.750314869e+01 +5.5800e-01 +8.0376e-01 -7.7341e-01 +8.3937e-02 -6.5025e-01 +1.7343e-01 -2.7879e-03 -1.6395e-01 -4.0606e-01 +5.7992e-01
1682 0 +4.337151906e-01 -5.750628481e+01 -5.750628481e+01 +5.5806e-01 +8.0367e-01 -7.7335e-01 +8.3947e-02 -6.5023e-01 +1.7355e-01 -2.6986e-03 -1.6382e-01 -4.0611e-01 +5.7986e-01
1800 0 +4.261029351e-01 -5.751389706e+01 -5.751389706e+01 +5.5806e-01 +8.0365e-01 -7.7327e-01 +8.3902e-02 -6.5029e-01 +1.7355e-01 -2.5845e-03 -1.6386e-01 -4.0601e-01 +5.7975e-01
2065 0 +4.166212227e-01 -5.752337878e+01 -5.752337878e+01 +5.5806e-01 +8.0370e-01 -7.7323e-01 +8.3867e-02 -6.5021e-01 +1.7354e-01 -2.5950e-03 -1.6390e-01 -4.0593e-01 +5.7964e-01
% f evaluations | g evaluations | best noise-free fitness - Fopt (1.253900000000e+02) + sum g_i+ | measured fitness | best measured fitness or single-digit g-values | x1 | x2...
1 0 +1.698073339e+01 +1.423707334e+02 +1.423707334e+02 +0.0000e+00 +0.0000e+00 +0.0000e+00 +0.0000e+00 +0.0000e+00 +0.0000e+00 +0.0000e+00 +0.0000e+00 +0.0000e+00 +0.0000e+00
2 0 +1.116168643e+01 +1.365516864e+02 +1.365516864e+02 +4.3379e-01 +3.0692e-02 +9.8026e-02 +3.4094e-01 +2.4727e-01 +1.7369e-01 -1.1375e-01 -3.0566e-01 +1.1285e-01 -1.5359e-01
9 0 +8.625981895e+00 +1.340159819e+02 +1.340159819e+02 +3.2075e-01 -8.8256e-02 -1.5931e-01 -1.1698e-01 -2.3584e-01 +6.5800e-02 +8.0156e-02 +3.1223e-01 +4.1734e-01 -8.7755e-02
11 0 +8.177390355e+00 +1.335673904e+02 +1.335673904e+02 +1.6047e-01 +4.4277e-01 -3.3358e-01 +4.6382e-01 +8.0465e-02 +6.6341e-01 -8.5054e-02 -1.4430e-01 +9.7733e-02 -3.1199e-01
20 0 +6.791918299e+00 +1.321819183e+02 +1.321819183e+02 +5.7661e-01 +4.9179e-01 -8.6207e-02 +4.6863e-01 +7.9781e-02 +2.8166e-01 -4.7853e-01 -1.8246e-01 -4.6418e-01 -4.0213e-01
42 0 +4.482384165e+00 +1.298723842e+02 +1.298723842e+02 +1.0380e+00 -1.6593e-01 +1.9666e-01 +2.6247e-01 -4.9665e-01 +4.2154e-01 -1.9834e-01 -1.3626e-01 +6.2830e-01 +2.4556e-01
48 0 +2.693800201e+00 +1.280838002e+02 +1.280838002e+02 +8.7055e-01 -9.9992e-02 -3.2858e-01 +2.4979e-01 -6.6834e-01 +8.9896e-02 +1.5859e-01 -1.4526e-01 -2.5749e-01 +9.0582e-01
647 0 +2.554684782e+00 +1.279446848e+02 +1.279446848e+02 +1.1913e+00 +1.4859e-01 -4.3871e-01 +1.0063e+00 -6.8525e-01 +3.0081e-01 -4.9236e-02 -7.1052e-01 +4.3791e-01 +1.2225e+00
717 0 +2.458209987e+00 +1.278482100e+02 +1.278482100e+02 +1.1192e+00 +1.4623e-01 -3.9317e-01 +9.6878e-01 -6.8942e-01 +2.8083e-01 -1.0019e-01 -6.8392e-01 +4.4179e-01 +1.2043e+00
743 0 +2.300827208e+00 +1.276908272e+02 +1.276908272e+02 +1.1612e+00 +1.5066e-01 -4.2580e-01 +9.9794e-01 -6.9066e-01 +2.9860e-01 -8.9600e-02 -7.3430e-01 +4.2719e-01 +1.2226e+00
773 0 +2.101473899e+00 +1.274914739e+02 +1.274914739e+02 +1.1728e+00 +1.5927e-01 -4.1480e-01 +1.0047e+00 -7.0543e-01 +3.0752e-01 -7.4115e-02 -7.2536e-01 +4.4872e-01 +1.2376e+00
818 0 +1.929779300e+00 +1.273197793e+02 +1.273197793e+02 +1.1786e+00 +1.5576e-01 -4.3043e-01 +1.0071e+00 -7.1040e-01 +3.1018e-01 -6.7244e-02 -7.3853e-01 +4.4045e-01 +1.2395e+00
866 0 +1.505491158e+00 +1.268954912e+02 +1.268954912e+02 +1.1553e+00 +1.6462e-01 -4.2824e-01 +1.0053e+00 -7.0037e-01 +3.0570e-01 -8.2476e-02 -7.3577e-01 +4.2449e-01 +1.2423e+00
872 0 +8.820750655e-01 +1.262720751e+02 +1.262720751e+02 +1.1607e+00 +1.6246e-01 -4.1893e-01 +1.0065e+00 -7.0789e-01 +3.0652e-01 -7.8612e-02 -7.3088e-01 +4.2813e-01 +1.2393e+00
1073 0 +8.234604449e-01 +1.262134604e+02 +1.262134604e+02 +1.1658e+00 +1.6128e-01 -4.2761e-01 +1.0072e+00 -7.0978e-01 +3.0185e-01 -7.9790e-02 -7.3422e-01 +4.3227e-01 +1.2382e+00
1084 0 +7.266638658e-01 +1.261166639e+02 +1.261166639e+02 +1.1667e+00 +1.6370e-01 -4.2357e-01 +1.0081e+00 -7.0971e-01 +3.0346e-01 -8.0397e-02 -7.3299e-01 +4.3269e-01 +1.2389e+00
1133 0 +7.111250707e-01 +1.261011251e+02 +1.261011251e+02 +1.1669e+00 +1.6289e-01 -4.2720e-01 +1.0069e+00 -7.1060e-01 +3.0286e-01 -7.9804e-02 -7.3340e-01 +4.3294e-01 +1.2374e+00
1157 0 +6.637671514e-01 +1.260537672e+02 +1.260537672e+02 +1.1661e+00 +1.6169e-01 -4.2638e-01 +1.0056e+00 -7.0988e-01 +3.0176e-01 -8.0480e-02 -7.3268e-01 +4.3190e-01 +1.2364e+00
1197 0 +6.561775696e-01 +1.260461776e+02 +1.260461776e+02 +1.1658e+00 +1.6198e-01 -4.2566e-01 +1.0055e+00 -7.1019e-01 +3.0213e-01 -7.9021e-02 -7.3267e-01 +4.3210e-01 +1.2370e+00
1218 0 +5.810456065e-01 +1.259710456e+02 +1.259710456e+02 +1.1658e+00 +1.6272e-01 -4.2580e-01 +1.0063e+00 -7.1004e-01 +3.0248e-01 -7.8696e-02 -7.3254e-01 +4.3313e-01 +1.2366e+00
1278 0 +5.662611595e-01 +1.259562612e+02 +1.259562612e+02 +1.1675e+00 +1.6266e-01 -4.2673e-01 +1.0060e+00 -7.0981e-01 +3.0324e-01 -7.9118e-02 -7.3331e-01 +4.3416e-01 +1.2362e+00
1316 0 +5.417419188e-01 +1.259317419e+02 +1.259317419e+02 +1.1666e+00 +1.6246e-01 -4.2632e-01 +1.0058e+00 -7.1010e-01 +3.0279e-01 -7.8934e-02 -7.3306e-01 +4.3365e-01 +1.2363e+00
1376 0 +5.335697988e-01 +1.259235698e+02 +1.259235698e+02 +1.1666e+00 +1.6275e-01 -4.2616e-01 +1.0066e+00 -7.0993e-01 +3.0309e-01 -7.8628e-02 -7.3272e-01 +4.3368e-01 +1.2368e+00
1403 0 +5.182107216e-01 +1.259082107e+02 +1.259082107e+02 +1.1661e+00 +1.6263e-01 -4.2630e-01 +1.0064e+00 -7.0990e-01 +3.0287e-01 -7.9106e-02 -7.3278e-01 +4.3323e-01 +1.2366e+00
1440 0 +5.124425327e-01 +1.259024425e+02 +1.259024425e+02 +1.1668e+00 +1.6300e-01 -4.2666e-01 +1.0066e+00 -7.0998e-01 +3.0309e-01 -7.9140e-02 -7.3305e-01 +4.3360e-01 +1.2365e+00
1486 0 +4.986019873e-01 +1.258886020e+02 +1.258886020e+02 +1.1670e+00 +1.6317e-01 -4.2667e-01 +1.0066e+00 -7.0997e-01 +3.0306e-01 -7.8726e-02 -7.3293e-01 +4.3383e-01 +1.2365e+00
1566 0 +4.836932829e-01 +1.258736933e+02 +1.258736933e+02 +1.1672e+00 +1.6340e-01 -4.2672e-01 +1.0069e+00 -7.0968e-01 +3.0328e-01 -7.8546e-02 -7.3302e-01 +4.3404e-01 +1.2366e+00
1583 0 +4.786202800e-01 +1.258686203e+02 +1.258686203e+02 +1.1672e+00 +1.6330e-01 -4.2682e-01 +1.0071e+00 -7.0959e-01 +3.0330e-01 -7.8425e-02 -7.3289e-01 +4.3407e-01 +1.2366e+00
1709 0 +4.646301486e-01 +1.258546301e+02 +1.258546301e+02 +1.1672e+00 +1.6333e-01 -4.2676e-01 +1.0070e+00 -7.0953e-01 +3.0335e-01 -7.8468e-02 -7.3289e-01 +4.3408e-01 +1.2366e+00
