% f evaluations | g evaluations | best noise-free fitness - Fopt (-1.694000000000e+01) + sum g_i+ | measured fitness | best measured fitness or single-digit g-values | x1 | x2...
1 0 +2.014078356e+02 +1.844678356e+02 +1.844678356e+02 +0.0000e+00 +0.0000e+00 +0.0000e+00 +0.0000e+00 +0.0000e+00 +0.0000e+00 +0.0000e+00 +0.0000e+00 +0.0000e+00 +0.0000e+00
2 0 +9.557739163e+01 +7.863739163e+01 +7.863739163e+01 +4.3379e-01 +3.0692e-02 +9.8026e-02 +3.4094e-01 +2.4727e-01 +1.7369e-01 -1.1375e-01 -3.0566e-01 +1.1285e-01 -1.5359e-01
41 0 +9.119323773e+01 +7.425323773e+01 +7.425323773e+01 +9.7675e-01 +8.8047e-02 +1.0308e-01 -2.9947e-01 -7.3025e-02 -2.5596e-01 -3.7343e-02 -6.8848e-02 -5.7633e-02 +6.6999e-02
57 0 +8.357899903e+01 +6.663899903e+01 +6.663899903e+01 +1.5369e+00 +3.1479e-01 +6.1687e-02 +2.1499e-01 -5.2947e-01 +2.5144e-02 +3.7237e-01 +1.5517e-01 -2.9869e-01 +5.3520e-01
89 0 +7.869712238e+01 +6.175712238e+01 +6.175712238e+01 +1.1582e+00 +6.7526e-01 -1.3345e-01 -1.2379e-01 -2.1752e-01 -4.2917e-01 +1.6698e-01 +3.9599e-01 -3.1297e-01 +7.5906e-01
91 0 +7.132701913e+01 +5.438701913e+01 +5.438701913e+01 +1.7129e+00 +7.5871e-01 -2.4506e-01 +1.5081e-01 -6.4270e-01 -4.9951e-01 -1.1025e-01 +1.1172e-02 -3.7918e-01 +1.1028e+00
113 0 +6.209918251e+01 +4.515918251e+01 +4.515918251e+01 +1.5673e+00 +1.1339e+00 -3.0314e-01 +2.8891e-02 -2.2857e-01 -4.7301e-01 +6.8905e-01 -4.5588e-01 -4.3917e-01 +5.7167e-01
130 0 +6.024239453e+01 +4.330239453e+01 +4.330239453e+01 +1.4946e+00 +1.1169e+00 -6.1583e-01 -2.5727e-01 -4.6908e-01 -3.1125e-01 +7.9740e-01 -2.8175e-01 -6.0089e-01 +6.7697e-01
148 0 +5.035048192e+01 +3.341048192e+01 +3.341048192e+01 +1.2534e+00 +1.3388e+00 -4.5474e-01 -1.1684e-01 -6.3338e-02 -5.5023e-01 +5.5061e-01 -7.2131e-01 -3.9574e-01 +3.8587e-01
155 0 +4.831048282e+01 +3.137048282e+01 +3.137048282e+01 +1.2429e+00 +1.2701e+00 -3.1967e-01 +1.0924e-01 -2.5737e-01 -4.9280e-01 +9.4094e-01 -3.2336e-01 -3.5305e-01 +7.9682e-01
172 0 +4.657391860e+01 +2.963391860e+01 +2.963391860e+01 +1.4038e+00 +1.2915e+00 -2.5398e-01 +9.0490e-02 +4.9281e-02 -6.0355e-01 +1.0757e+00 -4.1798e-01 -6.0324e-02 +6.5860e-01
194 0 +4.409314450e+01 +2.715314450e+01 +2.715314450e+01 +1.9253e+00 +1.4514e+00 -5.0425e-01 -6.0933e-02 +2.6340e-01 -5.5691e-01 +1.0448e+00 -3.0500e-01 -7.3072e-01 +9.9801e-01
214 0 +2.742658121e+01 +1.048658121e+01 +1.048658121e+01 +2.4813e+00 +1.9023e+00 -6.1912e-01 +5.1374e-01 +1.3163e-01 -1.4813e+00 +1.9473e+00 -7.2234e-01 -5.8406e-01 +1.3738e+00
242 0 +2.615552491e+01 +9.215524912e+00 +9.215524912e+00 +2.7141e+00 +2.3757e+00 -7.3964e-01 +5.6920e-01 +2.6943e-01 -8.8279e-01 +1.8145e+00 -8.5502e-01 -3.5931e-01 +1.3972e+00
267 0 +2.387200919e+01 +6.932009190e+00 +6.932009190e+00 +2.7808e+00 +2.4818e+00 -9.7924e-01 +1.4081e-01 +5.0039e-01 -1.4881e+00 +2.4332e+00 -1.3780e+00 -3.5488e-01 +1.3669e+00
274 0 +1.984742862e+01 +2.907428616e+00 +2.907428616e+00 +3.1535e+00 +3.2648e+00 -1.3621e+00 +4.9303e-01 +6.2492e-01 -1.9285e+00 +3.4887e+00 -1.4623e+00 -3.6503e-01 +1.6344e+00
322 0 +1.711938410e+01 +1.793841048e-01 +1.793841048e-01 +3.2783e+00 +4.1222e+00 -1.0644e+00 +1.4393e+00 +1.0062e+00 -1.4403e+00 +4.5493e+00 -1.4522e+00 -7.4735e-01 +1.7677e+00
360 0 +1.435509574e+01 -2.584904261e+00 -2.584904261e+00 +2.5925e+00 +3.7205e+00 -1.0110e+00 +8.2569e-01 +9.8840e-01 -1.4407e+00 +3.7690e+00 -2.3028e+00 -1.3178e+00 +1.1715e+00
431 0 +1.406844189e+01 -2.871558106e+00 -2.871558106e+00 +3.1692e+00 +3.3951e+00 -1.2931e+00 +7.5438e-01 +1.0708e+00 -1.2846e+00 +3.6894e+00 -1.9852e+00 -5.5108e-01 +8.8862e-01
654 0 +1.375614947e+01 -3.183850534e+00 -3.183850534e+00 +3.4892e+00 +3.4945e+00 -1.1749e+00 +9.1168e-01 +4.9167e-01 -1.4467e+00 +3.8417e+00 -2.1454e+00 -6.1222e-01 +1.0245e+00
664 0 +1.220849184e+01 -4.731508162e+00 -4.731508162e+00 +3.4416e+00 +3.4802e+00 -1.2347e+00 +9.9325e-01 +4.2508e-01 -1.3717e+00 +3.7130e+00 -2.0893e+00 -5.2541e-01 +1.0562e+00
831 0 +1.198568638e+01 -4.954313615e+00 -4.954313615e+00 +3.4481e+00 +3.4993e+00 -1.3105e+00 +9.7529e-01 +4.8427e-01 -1.4148e+00 +3.6650e+00 -2.0887e+00 -5.2225e-01 +1.1142e+00
876 0 +1.161355281e+01 -5.326447194e+00 -5.326447194e+00 +3.4314e+00 +3.5116e+00 -1.2657e+00 +9.9512e-01 +4.8866e-01 -1.3941e+00 +3.5864e+00 -2.0869e+00 -5.3969e-01 +1.1155e+00
1022 0 +1.140937425e+01 -5.530625747e+00 -5.530625747e+00 +3.4530e+00 +3.5353e+00 -1.3231e+00 +1.0303e+00 +4.3967e-01 -1.4095e+00 +3.5902e+00 -2.1622e+00 -5.6083e-01 +1.1312e+00
1280 0 +1.118796640e+01 -5.752033597e+00 -5.752033597e+00 +3.4519e+00 +3.5274e+00 -1.3401e+00 +1.0255e+00 +4.4381e-01 -1.4147e+00 +3.5890e+00 -2.1578e+00 -5.6078e-01 +1.1156e+00
1432 0 +1.091191852e+01 -6.028081476e+00 -6.028081476e+00 +3.4297e+00 +3.5329e+00 -1.3537e+00 +1.0370e+00 +4.5130e-01 -1.4104e+00 +3.5991e+00 -2.1537e+00 -5.5815e-01 +1.1083e+00
1540 0 +1.071045408e+01 -6.229545918e+00 -6.229545918e+00 +3.4307e+00 +3.5504e+00 -1.3865e+00 +1.0595e+00 +4.9497e-01 -1.4144e+00 +3.5997e+00 -2.1404e+00 -5.4984e-01 +1.1016e+00
1656 0 +1.046450195e+01 -6.475498048e+00 -6.475498048e+00 +3.4288e+00 +3.5429e+00 -1.4093e+00 +1.0622e+00 +4.8139e-01 -1.4124e+00 +3.5551e+00 -2.1272e+00 -5.5026e-01 +1.1142e+00
1793 0 +1.022157992e+01 -6.718420083e+00 -6.718420083e+00 +3.4054e+00 +3.5393e+00 -1.4424e+00 +1.0801e+00 +5.1124e-01 -1.4251e+00 +3.5234e+00 -2.1002e+00 -5.4149e-01 +1.1170e+00
2640 0 +9.999177991e+00 -6.940822009e+00 -6.940822009e+00 +3.4200e+00 +3.5484e+00 -1.4585e+00 +1.0884e+00 +5.7038e-01 -1.4531e+00 +3.4660e+00 -2.0549e+00 -5.3338e-01 +1.1189e+00
% f evaluations | g evaluations | best noise-free fitness - Fopt (1.881000000000e+01) + sum g_i+ | measured fitness | best measured fitness or single-digit g-values | x1 | x2...
1 0 +1.945093650e+01 +3.826093650e+01 +3.826093650e+01 +0.0000e+00 +0.0000e+00 +0.0000e+00 +0.0000e+00 +0.0000e+00 +0.0000e+00 +0.0000e+00 +0.0000e+00 +0.0000e+00 +0.0000e+00
39 0 +1.902413937e+01 +3.783413937e+01 +3.783413937e+01 +6.5177e-01 +3.5345e-01 -7.9460e-01 -5.5302e-01 +1.1622e-01 +2.1240e-01 -2.7401e-01 -4.1964e-01 +3.1217e-01 +5.9547e-01
77 0 +1.692781906e+01 +3.573781906e+01 +3.573781906e+01 +5.1038e-01 +3.1411e-01 -5.5791e-01 -6.1366e-02 +8.6387e-03 +1.4951e-01 +3.9120e-01 -1.0962e-01 +6.7283e-01 +1.2686e+00
78 0 +1.609079753e+01 +3.490079753e+01 +3.490079753e+01 +9.1057e-01 -1.1558e-02 -1.1303e-01 -1.9690e-01 +2.0377e-01 -3.3115e-01 -1.5036e-02 -1.2044e-01 +8.4002e-01 +1.1528e+00
111 0 +1.441582440e+01 +3.322582440e+01 +3.322582440e+01 +9.7230e-01 +3.8102e-01 -1.0437e+00 +1.1599e-01 +1.4673e-01 -4.8945e-01 +6.8501e-01 -2.8010e-01 +1.1984e+00 +1.2613e+00
127 0 +1.385931889e+01 +3.266931889e+01 +3.266931889e+01 +8.7624e-01 +2.0305e-01 -5.7215e-01 +3.3591e-01 +1.4217e-01 -3.0555e-01 +1.9963e-01 +1.4912e-01 +1.3151e+00 +1.3352e+00
131 0 +1.083085041e+01 +2.964085041e+01 +2.964085041e+01 +4.5327e-01 +2.8094e-01 -2.3736e-01 +1.1370e-01 +4.1776e-01 -4.6791e-01 +4.3986e-01 +1.7352e-01 +8.1911e-01 +6.4046e-01
292 0 +1.069366713e+01 +2.950366713e+01 +2.950366713e+01 +3.6796e-01 +1.5741e-01 -3.4972e-01 +2.2042e-01 +1.1045e+00 -9.7658e-01 +5.5165e-01 +2.7793e-01 +7.5431e-01 +6.1075e-01
312 0 +7.973621623e+00 +2.678362162e+01 +2.678362162e+01 +2.7007e-01 +4.2827e-01 -5.3679e-01 +1.7453e-01 +1.2420e+00 -1.0757e+00 +6.3414e-01 -1.4900e-02 +8.8085e-01 +9.3010e-01
328 0 +7.074772606e+00 +2.588477261e+01 +2.588477261e+01 +5.2873e-01 +3.9911e-01 -6.0191e-01 +3.7653e-01 +1.1058e+00 -1.0087e+00 +8.1148e-01 -1.4080e-01 +6.6311e-01 +1.1143e+00
4916 0 +6.909029083e+00 +2.571902908e+01 +2.571902908e+01 +4.2238e-01 +3.5343e-01 -7.4372e-01 +2.2673e-01 +9.7273e-01 -1.0898e+00 +9.8407e-01 -8.5881e-03 +5.8581e-01 +8.0390e-01
34272 0 +6.756900395e+00 +2.556690040e+01 +2.556690040e+01 +3.9267e-01 +3.6553e-01 -7.4629e-01 +2.2033e-01 +9.8793e-01 -1.1084e+00 +1.0120e+00 -3.0650e-02 +5.8722e-01 +8.0947e-01
% f evaluations | g evaluations | best noise-free fitness - Fopt (2.731500000000e+02) + sum g_i+ | measured fitness | best measured fitness or single-digit g-values | x1 | x2...
1 0 +1.192829884e+02 +3.924329884e+02 +3.924329884e+02 +0.0000e+00 +0.0000e+00 +0.0000e+00 +0.0000e+00 +0.0000e+00 +0.0000e+00 +0.0000e+00 +0.0000e+00 +0.0000e+00 +0.0000e+00
2 0 +9.477576324e+01 +3.679257632e+02 +3.679257632e+02 +4.3379e-01 +3.0692e-02 +9.8026e-02 +3.4094e-01 +2.4727e-01 +1.7369e-01 -1.1375e-01 -3.0566e-01 +1.1285e-01 -1.5359e-01
6 0 +9.012018274e+01 +3.632701827e+02 +3.632701827e+02 +1.8723e-01 -2.5702e-01 +1.5212e-01 +1.5671e-02 +5.1476e-01 -6.3323e-02 +3.7553e-01 -3.4671e-01 +9.3874e-02 -2.1343e-01
50 0 +8.699477291e+01 +3.601447729e+02 +3.601447729e+02 +7.3049e-01 -8.9490e-02 -3.7366e-01 +2.3179e-01 -4.5747e-01 +1.8658e-01 -3.1342e-01 -7.4223e-01 +4.6639e-01 +2.1575e-01
83 0 +7.554147105e+01 +3.486914710e+02 +3.486914710e+02 +6.6945e-01 +6.3929e-01 -5.8458e-01 +8.8920e-01 +2.1451e-02 +5.1920e-01 +9.6753e-01 -1.3082e+00 +3.8512e-01 +1.0028e+00
88 0 +7.184795409e+01 +3.449979541e+02 +3.449979541e+02 +9.3484e-01 +1.3525e-01 -5.3487e-01 +1.3575e-01 -5.4483e-01 +6.7729e-01 +1.4767e-01 -1.1266e+00 -3.1540e-01 +1.4331e+00
125 0 +6.420321908e+01 +3.373532191e+02 +3.373532191e+02 +8.5087e-01 +4.1456e-01 -3.1668e-01 +8.9495e-01 -5.2658e-01 +2.0398e-03 +3.4294e-01 -1.1793e+00 +2.1261e-01 +1.6987e+00
136 0 +5.674114738e+01 +3.298911474e+02 +3.298911474e+02 +9.0287e-01 +1.1882e+00 -7.2132e-01 +7.2959e-01 -6.1152e-01 +1.2016e-01 +5.8830e-01 -1.0186e+00 -3.5953e-01 +1.7190e+00
160 0 +5.515782311e+01 +3.283078231e+02 +3.283078231e+02 +6.9550e-01 +9.9323e-01 -1.0299e+00 +5.3167e-01 -4.6195e-01 -9.8667e-03 +1.1158e+00 -6.6133e-01 -1.5152e-01 +1.5724e+00
172 0 +5.376471481e+01 +3.269147148e+02 +3.269147148e+02 +5.2680e-01 +8.6456e-01 -5.9102e-01 +5.3545e-01 -2.1196e-01 -4.1124e-02 +6.9328e-01 -9.2959e-01 +7.9533e-02 +1.2876e+00
178 0 +5.209189276e+01 +3.252418928e+02 +3.252418928e+02 +7.5740e-01 +8.9142e-01 -9.3803e-01 +7.5241e-01 -1.7912e-02 +2.8363e-02 +5.1518e-01 -1.0807e+00 -9.7425e-02 +1.6114e+00
214 0 +4.593685705e+01 +3.190868571e+02 +3.190868571e+02 +7.6304e-01 +7.9036e-01 -8.1623e-01 +7.7456e-01 -2.7133e-01 -4.8956e-01 +1.0208e+00 -1.0340e+00 -2.1215e-01 +1.6560e+00
283 0 +4.014632646e+01 +3.132963265e+02 +3.132963265e+02 +5.4709e-01 +7.2326e-01 -9.9312e-01 +6.6072e-01 -4.3820e-01 +1.5395e-02 +9.7992e-01 -1.0770e+00 -4.5532e-01 +1.5235e+00
515 0 +3.957734415e+01 +3.127273442e+02 +3.127273442e+02 +8.5985e-01 +9.4798e-01 -1.2097e+00 +9.3874e-01 -2.8630e-01 +1.8317e-02 +1.4056e+00 -1.2484e+00 -5.1467e-01 +1.5155e+00
575 0 +3.867313108e+01 +3.118231311e+02 +3.118231311e+02 +8.7346e-01 +1.0417e+00 -1.2161e+00 +8.9665e-01 -3.4843e-01 +5.3853e-02 +1.3809e+00 -1.2703e+00 -5.2452e-01 +1.6389e+00
639 0 +3.708080389e+01 +3.102308039e+02 +3.102308039e+02 +8.9005e-01 +9.8690e-01 -1.2332e+00 +9.2828e-01 -3.5597e-01 +5.1495e-02 +1.4320e+00 -1.2546e+00 -5.9190e-01 +1.5732e+00
721 0 +3.629205091e+01 +3.094420509e+02 +3.094420509e+02 +8.6248e-01 +9.9483e-01 -1.2003e+00 +8.7379e-01 -4.0794e-01 +3.0551e-02 +1.4080e+00 -1.2715e+00 -5.7706e-01 +1.5740e+00
808 0 +3.533223939e+01 +3.084822394e+02 +3.084822394e+02 +8.5754e-01 +1.0233e+00 -1.2391e+00 +8.3866e-01 -3.7042e-01 +3.2820e-02 +1.3266e+00 -1.2851e+00 -5.6706e-01 +1.5643e+00
900 0 +3.463388716e+01 +3.077838872e+02 +3.077838872e+02 +8.4320e-01 +1.0481e+00 -1.2169e+00 +8.0976e-01 -3.7253e-01 +1.5498e-02 +1.3007e+00 -1.2805e+00 -5.6248e-01 +1.5548e+00
956 0 +3.357650698e+01 +3.067265070e+02 +3.067265070e+02 +8.4817e-01 +1.0503e+00 -1.2062e+00 +7.7081e-01 -3.8589e-01 -2.2351e-03 +1.2618e+00 -1.3371e+00 -6.0809e-01 +1.5456e+00
984 0 +3.303377591e+01 +3.061837759e+02 +3.061837759e+02 +8.2394e-01 +1.0557e+00 -1.2139e+00 +7.3974e-01 -3.8130e-01 -2.7654e-02 +1.1744e+00 -1.3840e+00 -6.3862e-01 +1.5360e+00
1040 0 +3.217583911e+01 +3.053258391e+02 +3.053258391e+02 +8.1605e-01 +1.1052e+00 -1.1646e+00 +6.8025e-01 -4.0598e-01 -8.3647e-02 +1.0610e+00 -1.4207e+00 -6.6881e-01 +1.5114e+00
1495 0 +3.160562432e+01 +3.047556243e+02 +3.047556243e+02 +8.6256e-01 +1.1061e+00 -1.1577e+00 +7.1560e-01 -3.9932e-01 -7.2718e-02 +1.1111e+00 -1.4060e+00 -7.6161e-01 +1.5520e+00
% f evaluations | g evaluations | best noise-free fitness - Fopt (3.718000000000e+01) + sum g_i+ | measured fitness | best measured fitness or single-digit g-values | x1 | x2...
1 0 +6.178170747e+01 +9.896170747e+01 +9.896170747e+01 +0.0000e+00 +0.0000e+00 +0.0000e+00 +0.0000e+00 +0.0000e+00 +0.0000e+00 +0.0000e+00 +0.0000e+00 +0.0000e+00 +0.0000e+00
3 0 +6.012222802e+01 +9.730222802e+01 +9.730222802e+01 +2.4817e-01 +6.3376e-02 -2.2359e-01 +8.0318e-02 +2.1275e-01 +5.3256e-02 -2.3477e-01 +7.8699e-02 +1.0710e-01 +2.4729e-01
6 0 +5.827148918e+01 +9.545148918e+01 +9.545148918e+01 +1.8723e-01 -2.5702e-01 +1.5212e-01 +1.5671e-02 +5.1476e-01 -6.3323e-02 +3.7553e-01 -3.4671e-01 +9.3874e-02 -2.1343e-01
12 0 +3.771426987e+01 +7.489426987e+01 +7.489426987e+01 +2.9045e-01 +2.0677e-02 +2.9946e-01 +1.0583e-01 -1.8437e-01 -1.8078e-01 -3.5455e-01 -6.2318e-01 -3.5988e-01 +4.3001e-01
38 0 +3.527595145e+01 +7.245595145e+01 +7.245595145e+01 +8.6218e-01 -6.3401e-03 +1.8965e-01 +3.3202e-02 -5.0257e-02 -3.0435e-01 -5.4026e-01 -6.4592e-01 +4.6538e-01 +3.0376e-01
207 0 +3.072619806e+01 +6.790619806e+01 +6.790619806e+01 +6.6735e-01 +6.2945e-03 +3.1213e-01 +5.8290e-01 -1.5686e-02 -2.6733e-01 -1.0087e-01 -7.9214e-01 +5.9068e-01 +2.0164e-01
215 0 +2.927115440e+01 +6.645115440e+01 +6.645115440e+01 +5.6340e-01 -6.1163e-02 +2.2164e-01 +5.5231e-01 +3.4623e-02 -2.8938e-01 -2.3226e-01 -7.6012e-01 +6.2579e-01 +2.1114e-01
243 0 +2.551435405e+01 +6.269435405e+01 +6.269435405e+01 +6.6757e-01 -1.8611e-01 +2.3299e-01 +4.9159e-01 -1.9550e-01 -2.8380e-01 -1.9940e-01 -8.8355e-01 +7.6902e-01 +1.0779e-01
439 0 +2.511431457e+01 +6.229431457e+01 +6.229431457e+01 +5.1243e-01 +9.2708e-02 +1.5186e-03 +4.8842e-01 -6.6509e-02 -2.4800e-01 +1.0801e-01 -1.2898e+00 +8.7498e-01 +9.7764e-02
477 0 +2.440942972e+01 +6.158942972e+01 +6.158942972e+01 +6.2680e-01 -2.3953e-02 +7.1681e-02 +5.2614e-01 -8.3206e-02 -2.5516e-01 +1.3693e-01 -1.2344e+00 +8.6424e-01 +1.0759e-01
635 0 +2.397357011e+01 +6.115357011e+01 +6.115357011e+01 +6.4126e-01 +4.9240e-02 +3.8148e-02 +5.1163e-01 -1.3475e-01 -2.6558e-01 +1.0100e-01 -1.2374e+00 +8.7238e-01 +9.9384e-02
1169 0 +2.344104530e+01 +6.062104530e+01 +6.062104530e+01 +6.2036e-01 +7.7179e-02 +1.5426e-02 +5.0261e-01 -1.0079e-01 -2.9914e-01 +1.6593e-01 -1.2854e+00 +8.8246e-01 +8.2774e-02
2287 0 +2.290650362e+01 +6.008650362e+01 +6.008650362e+01 +4.9967e-01 +4.6852e-02 +5.8314e-03 +4.5655e-01 -4.3813e-02 -2.5395e-01 +4.7856e-01 -1.4825e+00 +9.0525e-01 +7.9650e-02
% f evaluations | g evaluations | best noise-free fitness - Fopt (-1.479000000000e+02) + sum g_i+ | measured fitness | best measured fitness or single-digit g-values | x1 | x2...
1 0 +2.130772869e+01 -1.265922713e+02 -1.265922713e+02 +0.0000e+00 +0.0000e+00 +0.0000e+00 +0.0000e+00 +0.0000e+00 +0.0000e+00 +0.0000e+00 +0.0000e+00 +0.0000e+00 +0.0000e+00
10 0 +2.049993092e+01 -1.274000691e+02 -1.274000691e+02 +3.2216e-01 -3.3442e-01 +1.9285e-01 -3.1559e-01 -1.5896e-01 +1.8278e-01 -2.1053e-01 +1.4883e-01 -4.2076e-01 -2.0280e-01
14 0 +1.643266660e+01 -1.314673334e+02 -1.314673334e+02 +5.6170e-01 -3.8561e-01 +9.8529e-02 -1.9256e-01 -2.1257e-01 +2.3289e-01 +2.2146e-01 +1.2187e-01 -8.3242e-02 +6.0670e-02
150 0 +1.614233656e+01 -1.317576634e+02 -1.317576634e+02 +9.2644e-02 +1.5423e-01 +7.9520e-02 +8.3733e-02 -3.7818e-01 +1.5120e-01 +2.0694e-01 +3.0602e-01 -3.0838e-01 +1.4558e-01
189 0 +1.581043400e+01 -1.320895660e+02 -1.320895660e+02 +1.4885e-01 +5.0491e-01 -8.5615e-02 +1.7143e-01 -2.6280e-01 +1.1889e-01 +3.1646e-01 +1.3061e-01 -3.0815e-01 -8.4601e-02
220 0 +1.462938569e+01 -1.332706143e+02 -1.332706143e+02 +1.6606e-01 +4.0572e-01 +1.5303e-02 +2.0427e-01 -2.9712e-01 +1.5889e-01 +6.3772e-01 +1.6240e-01 -2.7257e-01 -2.0019e-01
462 0 +1.441513933e+01 -1.334848607e+02 -1.334848607e+02 +2.3090e-01 +4.9209e-01 -5.6413e-02 +2.6113e-01 -3.0987e-01 +2.3843e-01 +6.5799e-01 +2.3966e-01 -2.4539e-01 -1.4562e-01
496 0 +1.393183393e+01 -1.339681661e+02 -1.339681661e+02 +2.5060e-01 +5.1220e-01 -7.6342e-02 +2.5496e-01 -3.3130e-01 +2.2287e-01 +7.2656e-01 +2.8085e-01 -2.5008e-01 -1.1672e-01
507 0 +1.378631501e+01 -1.341136850e+02 -1.341136850e+02 +2.7635e-01 +5.4526e-01 -8.7105e-02 +2.7691e-01 -3.3364e-01 +2.4136e-01 +7.0704e-01 +2.7591e-01 -2.5047e-01 -1.3518e-01
580 0 +1.335631183e+01 -1.345436882e+02 -1.345436882e+02 +2.5864e-01 +5.4006e-01 -8.5117e-02 +2.6806e-01 -3.3762e-01 +2.0587e-01 +7.1096e-01 +2.8107e-01 -2.5373e-01 -1.2134e-01
666 0 +1.317520055e+01 -1.347247995e+02 -1.347247995e+02 +2.6174e-01 +5.5870e-01 -9.3696e-02 +2.8675e-01 -3.3871e-01 +2.1387e-01 +7.1614e-01 +3.0139e-01 -2.4876e-01 -9.9059e-02
881 0 +1.288096741e+01 -1.350190326e+02 -1.350190326e+02 +2.6988e-01 +6.1391e-01 -1.0798e-01 +3.0957e-01 -3.4463e-01 +2.2719e-01 +7.1101e-01 +3.1431e-01 -2.5758e-01 -5.6701e-02
1049 0 +1.254309773e+01 -1.353569023e+02 -1.353569023e+02 +2.5949e-01 +6.3716e-01 -1.0392e-01 +2.9622e-01 -3.7966e-01 +2.2650e-01 +6.8738e-01 +3.0238e-01 -2.7836e-01 -2.1812e-02
1113 0 +1.229755924e+01 -1.356024408e+02 -1.356024408e+02 +2.6796e-01 +6.6664e-01 -1.0080e-01 +2.9554e-01 -4.2400e-01 +2.3291e-01 +6.8514e-01 +2.9661e-01 -2.8602e-01 +6.3684e-03
1177 0 +1.201957451e+01 -1.358804255e+02 -1.358804255e+02 +2.8513e-01 +7.1384e-01 -1.0964e-01 +2.8925e-01 -4.7557e-01 +2.4346e-01 +6.7722e-01 +3.0164e-01 -3.2351e-01 +4.9357e-02
1238 0 +1.168469534e+01 -1.362153047e+02 -1.362153047e+02 +2.9193e-01 +7.8006e-01 -1.2182e-01 +2.8480e-01 -5.6186e-01 +2.4581e-01 +6.9405e-01 +3.0921e-01 -3.2428e-01 +9.1732e-02
1240 0 +1.146916343e+01 -1.364308366e+02 -1.364308366e+02 +2.7921e-01 +8.0923e-01 -1.0612e-01 +2.4686e-01 -6.1526e-01 +2.3193e-01 +6.8727e-01 +2.9787e-01 -3.4700e-01 +1.1242e-01
1398 0 +1.116336145e+01 -1.367366385e+02 -1.367366385e+02 +2.8256e-01 +8.2142e-01 -1.3666e-01 +2.4080e-01 -6.0621e-01 +2.4454e-01 +7.1258e-01 +3.2523e-01 -3.5866e-01 +1.2691e-01
1510 0 +1.093090037e+01 -1.369690996e+02 -1.369690996e+02 +2.9661e-01 +8.7199e-01 -1.5051e-01 +2.2045e-01 -6.6541e-01 +2.4260e-01 +7.3677e-01 +3.4689e-01 -3.5584e-01 +1.2733e-01
1598 0 +1.070111755e+01 -1.371988825e+02 -1.371988825e+02 +2.9318e-01 +9.1132e-01 -1.7958e-01 +1.5558e-01 -7.5400e-01 +2.4195e-01 +7.6306e-01 +3.7599e-01 -3.7555e-01 +1.4326e-01
1947 0 +1.046997658e+01 -1.374300234e+02 -1.374300234e+02 +2.8127e-01 +9.4317e-01 -1.8166e-01 +1.2802e-01 -7.9665e-01 +2.1740e-01 +7.6552e-01 +3.9043e-01 -3.6770e-01 +1.4799e-01
2674 0 +1.023232780e+01 -1.376676722e+02 -1.376676722e+02 +2.1871e-01 +1.0200e+00 -1.6849e-01 +8.8760e-02 -9.0823e-01 +1.2558e-01 +7.6469e-01 +4.4479e-01 -3.2906e-01 +1.4732e-01
% f evaluations | g evaluations | best noise-free fitness - Fopt (4.817100000000e+02) + sum g_i+ | measured fitness | best measured fitness or single-digit g-values | x1 | x2...
1 0 +8.324974396e+01 +5.649597440e+02 +5.649597440e+02 +0.0000e+00 +0.0000e+00 +0.0000e+00 +0.0000e+00 +0.0000e+00 +0.0000e+00 +0.0000e+00 +0.0000e+00 +0.0000e+00 +0.0000e+00
2 0 +5.663208548e+01 +5.383420855e+02 +5.383420855e+02 +4.3379e-01 +3.0692e-02 +9.8026e-02 +3.4094e-01 +2.4727e-01 +1.7369e-01 -1.1375e-01 -3.0566e-01 +1.1285e-01 -1.5359e-01
14 0 +5.318618432e+01 +5.348961843e+02 +5.348961843e+02 +6.7260e-01 -5.4624e-01 +1.3515e-01 -2.0888e-01 -2.4280e-01 +1.5282e-01 +1.1859e-01 +2.4408e-01 -2.6502e-02 +1.8702e-01
23 0 +4.658684000e+01 +5.282968400e+02 +5.282968400e+02 +6.2667e-01 -5.9824e-02 -1.0162e-02 +1.3536e-01 +4.6615e-01 +4.3840e-01 -6.8692e-01 +5.3995e-02 +2.9697e-02 +4.8819e-01
27 0 +3.697182522e+01 +5.186818252e+02 +5.186818252e+02 +1.1986e+00 -5.2192e-01 -1.7314e-01 +1.1759e-01 +3.2459e-01 +9.4828e-02 -4.2494e-02 -5.4632e-01 +3.1244e-01 +3.4608e-01
44 0 +3.354026183e+01 +5.152502618e+02 +5.152502618e+02 +1.0575e+00 -4.2773e-01 -1.1979e-01 +1.4786e-01 +1.4971e-01 -1.4421e-03 -3.6746e-02 -9.3716e-02 +8.7673e-02 +1.4218e-01
92 0 +3.302335766e+01 +5.147333577e+02 +5.147333577e+02 +1.4018e+00 -8.1865e-01 -1.2203e+00 +5.8803e-01 +1.1496e-01 +3.4099e-01 -5.9388e-01 +2.9885e-01 -5.7385e-01 +6.1015e-01
111 0 +2.651679961e+01 +5.082267996e+02 +5.082267996e+02 +1.8524e+00 -3.8530e-01 -1.0834e+00 +3.3574e-01 +5.2240e-02 +5.5297e-02 -3.7923e-02 -3.6277e-01 -1.0375e-01 +4.4889e-01
127 0 +2.561572410e+01 +5.073257241e+02 +5.073257241e+02 +1.8465e+00 -6.5328e-01 -7.7847e-01 +4.5359e-01 +1.7018e-01 +1.2725e-01 -5.4507e-01 -8.6802e-02 +1.1577e-01 +6.0918e-01
178 0 +2.204428230e+01 +5.037542823e+02 +5.037542823e+02 +1.7287e+00 -4.9870e-01 -1.2075e+00 +5.7821e-01 +6.7485e-01 -1.9217e-01 -3.0866e-01 -2.9209e-01 -2.6044e-01 +6.8806e-01
239 0 +2.135284749e+01 +5.030628475e+02 +5.030628475e+02 +1.6337e+00 -7.0657e-01 -1.3411e+00 +5.3360e-01 +9.2728e-01 -3.0042e-01 +3.7998e-02 -1.4124e-01 -5.1822e-01 +7.1367e-01
259 0 +1.837440831e+01 +5.000844083e+02 +5.000844083e+02 +1.4966e+00 -6.9285e-01 -1.4018e+00 +5.1682e-01 +6.2830e-01 -3.4655e-01 +7.1704e-02 -9.9354e-02 -4.5315e-01 +9.8002e-01
381 0 +1.614145431e+01 +4.978514543e+02 +4.978514543e+02 +1.9279e+00 -6.9052e-01 -1.7858e+00 +6.3739e-01 +4.3651e-01 +2.2515e-02 -2.0990e-01 -2.9045e-01 -6.1254e-01 +1.0309e+00
475 0 +1.556063547e+01 +4.972706355e+02 +4.972706355e+02 +2.0133e+00 -1.2034e+00 -2.1771e+00 +4.8271e-01 +4.2791e-01 +7.9256e-02 +6.8812e-02 +8.7147e-02 -2.5134e-01 +8.3985e-01
497 0 +1.467699386e+01 +4.963869939e+02 +4.963869939e+02 +1.7244e+00 -1.1951e+00 -1.8857e+00 +4.8637e-01 +2.7144e-01 -2.7489e-02 -1.0664e-01 +1.2194e-01 -5.7253e-01 +9.6775e-01
726 0 +1.387315386e+01 +4.955831539e+02 +4.955831539e+02 +1.8910e+00 -1.1472e+00 -2.1642e+00 +3.9603e-01 +2.0730e-01 +4.1152e-02 -1.0435e-01 +8.2730e-02 -7.3882e-01 +9.9578e-01
809 0 +1.349772453e+01 +4.952077245e+02 +4.952077245e+02 +1.9368e+00 -1.1860e+00 -2.2526e+00 +4.5355e-01 +2.3132e-01 +1.1458e-01 -8.6140e-02 +1.8292e-01 -8.0073e-01 +1.0538e+00
858 0 +1.285765191e+01 +4.945676519e+02 +4.945676519e+02 +1.8476e+00 -1.1337e+00 -2.1309e+00 +4.2636e-01 +2.7985e-01 +6.4443e-02 -8.7543e-02 +1.5524e-01 -7.6071e-01 +1.0245e+00
895 0 +1.254733814e+01 +4.942573381e+02 +4.942573381e+02 +1.8622e+00 -1.1710e+00 -2.2291e+00 +4.4826e-01 +2.4616e-01 +8.4172e-02 -8.4562e-02 +1.8081e-01 -8.4286e-01 +1.0794e+00
937 0 +1.186473734e+01 +4.935747373e+02 +4.935747373e+02 +1.8641e+00 -1.1290e+00 -2.1923e+00 +4.8247e-01 +2.5182e-01 +1.0833e-01 -1.0883e-01 +1.5750e-01 -8.0716e-01 +1.0755e+00
957 0 +1.141026274e+01 +4.931202627e+02 +4.931202627e+02 +1.8626e+00 -1.1220e+00 -2.2046e+00 +4.9969e-01 +2.5201e-01 +1.0679e-01 -1.0476e-01 +1.6319e-01 -8.0133e-01 +1.0890e+00
960 0 +1.087656778e+01 +4.925865678e+02 +4.925865678e+02 +1.8525e+00 -1.1259e+00 -2.2050e+00 +4.9757e-01 +2.5355e-01 +1.1748e-01 -9.1481e-02 +1.7836e-01 -8.2362e-01 +1.0881e+00
993 0 +1.066595917e+01 +4.923759592e+02 +4.923759592e+02 +1.8389e+00 -1.0962e+00 -2.1807e+00 +5.2656e-01 +2.5188e-01 +1.0853e-01 -1.3167e-01 +1.5055e-01 -8.5033e-01 +1.1277e+00
1158 0 +1.046507044e+01 +4.921750704e+02 +4.921750704e+02 +1.8311e+00 -1.1015e+00 -2.1758e+00 +5.1899e-01 +2.4246e-01 +1.1239e-01 -1.2048e-01 +1.5360e-01 -8.4300e-01 +1.1260e+00
1280 0 +1.017598696e+01 +4.918859870e+02 +4.918859870e+02 +1.8533e+00 -1.0993e+00 -2.2027e+00 +5.1964e-01 +2.2960e-01 +1.2908e-01 -1.1328e-01 +1.5520e-01 -8.3869e-01 +1.0954e+00
2275 0 +9.999852275e+00 +4.917098523e+02 +4.917098523e+02 +1.8526e+00 -1.0989e+00 -2.1969e+00 +5.1060e-01 +2.2447e-01 +1.3435e-01 -1.1134e-01 +1.4402e-01 -8.3630e-01 +1.1081e+00
10810 0 +9.772322745e+00 +4.914823227e+02 +4.914823227e+02 +1.9466e+00 -1.1565e+00 -2.2635e+00 +4.1921e-01 +1.0417e-01 -1.1166e-02 -1.1110e-01 +3.4565e-01 -1.1052e+00 +9.7342e-01
13739 0 +9.549521548e+00 +4.912595215e+02 +4.912595215e+02 +2.0805e+00 -1.2553e+00 -2.3326e+00 +2.1913e-01 -1.1851e-01 -1.8843e-01 +4.7781e-02 +6.4380e-01 -1.4955e+00 +8.1934e-01
18978 0 +9.332350319e+00 +4.910423503e+02 +4.910423503e+02 +2.1996e+00 -1.3538e+00 -2.3310e+00 +7.5638e-02 -3.8768e-01 -3.4828e-01 +3.3455e-01 +9.4453e-01 -1.9212e+00 +6.9041e-01
32999 0 +9.119685130e+00 +4.908296851e+02 +4.908296851e+02 +2.3743e+00 -1.5110e+00 -2.2220e+00 -8.3844e-02 -8.4889e-01 -5.9922e-01 +7.9468e-01 +1.2182e+00 -2.4332e+00 +5.0764e-01
% f evaluations | g evaluations | best noise-free fitness - Fopt (-3.646000000000e+01) + sum g_i+ | measured fitness | best measured fitness or single-digit g-values | x1 | x2...
1 0 +1.571901399e+02 +1.207301399e+02 +1.207301399e+02 +0.0000e+00 +0.0000e+00 +0.0000e+00 +0.0000e+00 +0.0000e+00 +0.0000e+00 +0.0000e+00 +0.0000e+00 +0.0000e+00 +0.0000e+00
3 0 +1.429786964e+02 +1.065186964e+02 +1.065186964e+02 +2.4817e-01 +6.3376e-02 -2.2359e-01 +8.0318e-02 +2.1275e-01 +5.3256e-02 -2.3477e-01 +7.8699e-02 +1.0710e-01 +2.4729e-01
16 0 +1.322018648e+02 +9.574186484e+01 +9.574186484e+01 +5.4201e-01 +5.0991e-01 -1.1185e-01 +4.9306e-01 -1.0512e-01 +4.7661e-01 +4.2403e-01 -3.6297e-01 +4.4420e-01 -3.6814e-01
17 0 +1.105481762e+02 +7.408817623e+01 +7.408817623e+01 -1.8478e-01 -3.6356e-01 -3.7932e-01 -2.4544e-01 +6.9415e-02 +5.1944e-01 -2.9186e-02 -4.1551e-01 +3.6485e-01 -1.5000e-01
120 0 +1.063434645e+02 +6.988346450e+01 +6.988346450e+01 +1.1133e-01 -2.5454e-01 -7.3526e-01 +6.3093e-01 -8.4235e-01 +3.7493e-01 +4.8820e-01 +8.1883e-02 +7.0800e-01 +2.6105e-01
126 0 +1.007300733e+02 +6.427007327e+01 +6.427007327e+01 +7.1281e-01 -2.5401e-02 -1.4024e+00 +7.1710e-01 -9.0957e-01 +7.3322e-01 +2.6111e-01 +4.0382e-02 +7.7923e-01 +7.5819e-01
170 0 +8.771437020e+01 +5.125437020e+01 +5.125437020e+01 +9.4908e-02 -2.6789e-01 -9.4519e-01 +7.5228e-01 -3.6812e-01 +3.1004e-01 +4.9200e-01 +4.4127e-01 +9.0417e-01 +1.2338e-02
313 0 +8.126887859e+01 +4.480887859e+01 +4.480887859e+01 +5.7650e-01 -1.7495e-01 -1.2756e+00 +5.0719e-01 -4.4833e-01 +5.0963e-01 +7.4710e-01 +5.9725e-02 +8.9632e-01 +4.7167e-01
389 0 +7.668505961e+01 +4.022505961e+01 +4.022505961e+01 +4.6764e-01 -1.3768e-01 -1.4143e+00 +2.8508e-01 -3.3246e-01 +5.6961e-01 +8.1825e-01 -5.6192e-02 +7.5500e-01 +6.0417e-01
426 0 +7.274115479e+01 +3.628115479e+01 +3.628115479e+01 +9.4217e-01 -4.1541e-02 -1.3719e+00 +5.5361e-01 -5.2547e-01 +6.2115e-01 +8.7621e-01 -4.9868e-02 +1.0201e+00 +3.4790e-01
798 0 +7.216115084e+01 +3.570115084e+01 +3.570115084e+01 +7.5925e-01 -5.1935e-03 -1.3435e+00 +5.3008e-01 -4.0173e-01 +6.4231e-01 +8.2920e-01 -8.5160e-03 +9.1551e-01 +4.0489e-01
859 0 +6.920954340e+01 +3.274954340e+01 +3.274954340e+01 +8.2821e-01 +3.2165e-03 -1.3359e+00 +6.2049e-01 -4.4692e-01 +6.6900e-01 +8.4079e-01 -1.4559e-02 +9.4049e-01 +4.7294e-01
888 0 +6.890678234e+01 +3.244678234e+01 +3.244678234e+01 +8.3041e-01 -3.8377e-03 -1.3361e+00 +6.0853e-01 -4.3770e-01 +6.5310e-01 +8.2682e-01 -9.3537e-03 +9.3883e-01 +4.5311e-01
949 0 +6.748949121e+01 +3.102949121e+01 +3.102949121e+01 +8.9102e-01 -7.5200e-03 -1.3368e+00 +6.5786e-01 -5.0049e-01 +6.6160e-01 +8.2777e-01 -2.5825e-03 +9.5098e-01 +4.5924e-01
1020 0 +6.581244734e+01 +2.935244734e+01 +2.935244734e+01 +1.0607e+00 -4.3583e-02 -1.3707e+00 +7.0727e-01 -4.9607e-01 +6.5287e-01 +7.6341e-01 -1.0874e-02 +9.2184e-01 +4.8406e-01
1462 0 +6.453378566e+01 +2.807378566e+01 +2.807378566e+01 +1.0301e+00 +3.6854e-02 -1.3690e+00 +7.4686e-01 -4.0706e-01 +6.3631e-01 +8.0789e-01 -2.5902e-02 +9.1745e-01 +4.8834e-01
1563 0 +6.300802529e+01 +2.654802529e+01 +2.654802529e+01 +1.0317e+00 +1.3880e-01 -1.3220e+00 +8.2475e-01 -2.3204e-01 +5.6701e-01 +9.3562e-01 -9.2257e-02 +8.9671e-01 +4.1953e-01
2107 0 +6.163696081e+01 +2.517696081e+01 +2.517696081e+01 +1.0232e+00 +2.2440e-01 -1.2816e+00 +8.2926e-01 -1.1508e-01 +4.7451e-01 +1.1910e+00 -1.0750e-01 +9.4863e-01 +3.1696e-01
2712 0 +6.020339351e+01 +2.374339351e+01 +2.374339351e+01 +1.0542e+00 +1.8968e-01 -1.1413e+00 +7.9145e-01 +4.1043e-02 +3.4986e-01 +1.4859e+00 -1.6420e-01 +8.9293e-01 +1.0231e-01
% f evaluations | g evaluations | best noise-free fitness - Fopt (3.920000000000e+01) + sum g_i+ | measured fitness | best measured fitness or single-digit g-values | x1 | x2...
1 0 +1.288356632e+02 +1.680356632e+02 +1.680356632e+02 +0.0000e+00 +0.0000e+00 +0.0000e+00 +0.0000e+00 +0.0000e+00 +0.0000e+00 +0.0000e+00 +0.0000e+00 +0.0000e+00 +0.0000e+00
2 0 +8.463807708e+01 +1.238380771e+02 +1.238380771e+02 +4.3379e-01 +3.0692e-02 +9.8026e-02 +3.4094e-01 +2.4727e-01 +1.7369e-01 -1.1375e-01 -3.0566e-01 +1.1285e-01 -1.5359e-01
4 0 +7.480120235e+01 +1.140012024e+02 +1.140012024e+02 +2.1661e-01 -2.7248e-01 -1.4933e-01 +1.8171e-01 -5.0930e-01 +2.3317e-01 -2.5183e-01 -1.2653e-01 +4.3300e-01 -1.9345e-02
6 0 +6.117046880e+01 +1.003704688e+02 +1.003704688e+02 +1.8723e-01 -2.5702e-01 +1.5212e-01 +1.5671e-02 +5.1476e-01 -6.3323e-02 +3.7553e-01 -3.4671e-01 +9.3874e-02 -2.1343e-01
40 0 +5.796448679e+01 +9.716448679e+01 +9.716448679e+01 +7.3236e-01 +2.6377e-02 -5.2950e-01 -3.5975e-02 -3.3392e-01 +4.1018e-01 +1.5073e-01 -2.0848e-01 +5.2568e-01 +6.7505e-01
46 0 +5.213091341e+01 +9.133091341e+01 +9.133091341e+01 +1.0213e+00 +4.8471e-01 -3.2617e-01 +1.3951e-01 +1.1633e-01 +1.0196e-01 +2.7930e-01 -8.3167e-02 +1.4639e-01 +6.8380e-01
76 0 +5.053592696e+01 +8.973592696e+01 +8.973592696e+01 +9.1946e-01 +7.3180e-01 -6.2727e-01 +6.8354e-02 -7.4709e-02 +3.7865e-01 +7.2044e-02 -9.8027e-01 +1.0040e+00 +9.2713e-01
102 0 +3.510096847e+01 +7.430096847e+01 +7.430096847e+01 +8.9427e-01 +9.0320e-01 -8.5712e-02 +6.9819e-01 +3.1122e-01 -1.6520e-01 +2.7009e-01 -5.2053e-01 +1.0191e+00 +9.1635e-01
286 0 +3.372901011e+01 +7.292901011e+01 +7.292901011e+01 +2.4607e+00 +1.4077e+00 -1.0413e+00 +2.0977e-01 -2.1936e-01 +4.3039e-01 +1.1780e+00 -1.2930e+00 +2.2435e+00 +2.0236e+00
375 0 +3.239154460e+01 +7.159154460e+01 +7.159154460e+01 +2.8678e+00 +2.2128e+00 -1.3294e+00 +3.8732e-01 +6.7850e-02 +6.2469e-01 +1.9000e+00 -1.7510e+00 +2.8519e+00 +2.4731e+00
388 0 +3.212756612e+01 +7.132756612e+01 +7.132756612e+01 +2.7847e+00 +2.0179e+00 -1.2292e+00 +4.2471e-01 +4.2684e-02 +6.5849e-01 +1.9418e+00 -1.2701e+00 +2.8179e+00 +2.4599e+00
396 0 +2.705996216e+01 +6.625996216e+01 +6.625996216e+01 +2.4040e+00 +1.8268e+00 -1.2435e+00 +2.6943e-01 -1.1576e-01 +4.9931e-01 +1.8509e+00 -1.3565e+00 +2.7857e+00 +2.2086e+00
425 0 +2.650517677e+01 +6.570517677e+01 +6.570517677e+01 +2.7841e+00 +2.3374e+00 -1.2313e+00 +4.9358e-01 -3.0215e-03 +7.9298e-01 +1.9046e+00 -1.2207e+00 +3.2193e+00 +2.3290e+00
466 0 +2.370006144e+01 +6.290006144e+01 +6.290006144e+01 +2.3602e+00 +1.4129e+00 -9.5884e-01 +1.8022e-01 -6.9976e-02 +7.8580e-01 +2.2586e+00 -8.1972e-01 +2.7223e+00 +1.9037e+00
496 0 +2.094393090e+01 +6.014393090e+01 +6.014393090e+01 +2.8852e+00 +2.1071e+00 -1.2296e+00 +4.5720e-01 +1.1174e-02 +7.7701e-01 +2.9694e+00 -8.5270e-01 +3.1968e+00 +2.2054e+00
530 0 +2.031613162e+01 +5.951613162e+01 +5.951613162e+01 +3.1745e+00 +2.3370e+00 -9.9488e-01 +5.4276e-01 -1.2514e-01 +9.1609e-01 +3.0165e+00 -7.8940e-01 +3.3485e+00 +1.8456e+00
538 0 +1.913743335e+01 +5.833743335e+01 +5.833743335e+01 +3.0464e+00 +2.1041e+00 -5.6038e-01 +6.0671e-01 -2.2853e-01 +8.5473e-01 +2.7149e+00 -1.6276e-01 +3.2371e+00 +1.4979e+00
570 0 +1.840922439e+01 +5.760922439e+01 +5.760922439e+01 +3.3317e+00 +2.0717e+00 -6.4422e-01 +5.8299e-01 -4.3728e-01 +9.6023e-01 +3.1779e+00 -3.4098e-01 +3.4428e+00 +1.4678e+00
592 0 +1.817517987e+01 +5.737517987e+01 +5.737517987e+01 +3.0662e+00 +1.8383e+00 -4.8809e-01 +6.4414e-01 -2.9332e-01 +1.0265e+00 +2.6632e+00 -1.5793e-01 +3.0518e+00 +1.3417e+00
606 0 +1.690944839e+01 +5.610944839e+01 +5.610944839e+01 +3.4110e+00 +2.0433e+00 -3.2179e-01 +8.5450e-01 -5.2646e-01 +1.1586e+00 +3.2935e+00 +1.3867e-01 +3.4551e+00 +1.2179e+00
614 0 +1.509973001e+01 +5.429973001e+01 +5.429973001e+01 +3.2817e+00 +2.0217e+00 -5.6122e-01 +6.3158e-01 -3.9493e-01 +9.8580e-01 +3.1853e+00 -1.6826e-01 +3.3424e+00 +1.3915e+00
617 0 +1.444839546e+01 +5.364839546e+01 +5.364839546e+01 +3.3486e+00 +1.7871e+00 -4.6562e-01 +6.4112e-01 -3.7577e-01 +1.0422e+00 +3.2372e+00 -2.0583e-01 +3.3020e+00 +1.4289e+00
626 0 +1.339975530e+01 +5.259975530e+01 +5.259975530e+01 +3.5392e+00 +1.9706e+00 -5.0110e-01 +7.0693e-01 -4.7352e-01 +1.1064e+00 +3.1343e+00 +1.2465e-02 +3.1235e+00 +1.4014e+00
731 0 +1.306232854e+01 +5.226232854e+01 +5.226232854e+01 +3.3621e+00 +1.9998e+00 -4.3327e-01 +6.4573e-01 -5.0152e-01 +9.3643e-01 +3.2576e+00 +9.2762e-03 +3.3060e+00 +1.2507e+00
759 0 +1.277077619e+01 +5.197077619e+01 +5.197077619e+01 +3.4427e+00 +2.0599e+00 -5.1876e-01 +6.2795e-01 -4.2632e-01 +8.9866e-01 +3.0790e+00 -1.0651e-01 +3.3004e+00 +1.3359e+00
761 0 +1.224744691e+01 +5.144744691e+01 +5.144744691e+01 +3.3305e+00 +1.9393e+00 -4.5725e-01 +5.7567e-01 -5.0600e-01 +9.1110e-01 +3.0255e+00 +2.5111e-03 +3.1774e+00 +1.2594e+00
866 0 +1.133681943e+01 +5.053681943e+01 +5.053681943e+01 +3.3955e+00 +2.0124e+00 -4.6296e-01 +6.3031e-01 -5.1319e-01 +9.4660e-01 +3.1134e+00 -6.6366e-02 +3.2928e+00 +1.2130e+00
1127 0 +1.108787715e+01 +5.028787715e+01 +5.028787715e+01 +3.3782e+00 +2.0211e+00 -4.4538e-01 +6.5758e-01 -5.2043e-01 +9.5159e-01 +3.0586e+00 -6.0541e-02 +3.2435e+00 +1.2244e+00
1341 0 +1.096263491e+01 +5.016263491e+01 +5.016263491e+01 +3.3894e+00 +2.0230e+00 -4.5024e-01 +6.6250e-01 -5.3127e-01 +9.4834e-01 +3.0644e+00 -5.2129e-02 +3.2379e+00 +1.2187e+00
3384 0 +1.071486118e+01 +4.991486118e+01 +4.991486118e+01 +3.3673e+00 +1.9636e+00 -5.0446e-01 +6.4112e-01 -5.2281e-01 +9.9771e-01 +3.0704e+00 -8.6288e-02 +3.2230e+00 +1.2567e+00
% f evaluations | g evaluations | best noise-free fitness - Fopt (-3.225000000000e+01) + sum g_i+ | measured fitness | best measured fitness or single-digit g-values | x1 | x2...
1 0 +3.051352260e+02 +2.728852260e+02 +2.728852260e+02 +0.0000e+00 +0.0000e+00 +0.0000e+00 +0.0000e+00 +0.0000e+00 +0.0000e+00 +0.0000e+00 +0.0000e+00 +0.0000e+00 +0.0000e+00
2 0 +1.950479780e+02 +1.627979780e+02 +1.627979780e+02 +4.3379e-01 +3.0692e-02 +9.8026e-02 +3.4094e-01 +2.4727e-01 +1.7369e-01 -1.1375e-01 -3.0566e-01 +1.1285e-01 -1.5359e-01
8 0 +1.453426728e+02 +1.130926728e+02 +1.130926728e+02 +6.0234e-01 +2.6527e-01 +2.8700e-01 -7.0577e-01 +5.2611e-01 +2.0125e-02 -3.9010e-01 +9.9670e-02 +3.8961e-01 -4.6269e-01
15 0 +1.349937236e+02 +1.027437236e+02 +1.027437236e+02 +5.3889e-01 -4.2809e-02 -1.4870e-01 -1.0932e-01 +1.2543e+00 -1.7798e-01 -1.6491e-01 -3.1862e-01 +4.4878e-01 +3.2029e-01
60 0 +1.200849983e+02 +8.783499832e+01 +8.783499832e+01 +1.0421e+00 -5.7854e-02 +2.0138e-01 -1.1616e-01 +4.3098e-01 -4.2032e-01 -3.3747e-02 +8.3944e-02 +6.5108e-01 +5.9189e-01
80 0 +1.142874267e+02 +8.203742670e+01 +8.203742670e+01 +1.7146e+00 +6.1706e-02 -1.8454e-01 +9.9421e-02 +4.7020e-01 -6.4968e-01 -3.6685e-01 +1.2477e+00 +1.6017e-01 +9.0741e-01
93 0 +1.078353374e+02 +7.558533740e+01 +7.558533740e+01 +1.2092e+00 +2.7281e-01 -1.7177e-01 -2.3317e-01 -1.2489e-02 -3.0624e-01 -4.2793e-01 +7.9552e-01 +3.7241e-01 +1.0331e+00
99 0 +1.062684739e+02 +7.401847388e+01 +7.401847388e+01 +1.4204e+00 +4.1769e-01 -1.4951e-01 -1.2734e-01 -7.2729e-02 -3.7600e-01 -3.8766e-01 +8.8838e-01 +1.4647e-01 +1.2595e+00
106 0 +9.972363963e+01 +6.747363963e+01 +6.747363963e+01 +1.3551e+00 -9.8888e-03 -3.0364e-01 -2.4424e-01 +3.8170e-01 -5.0567e-01 -2.8700e-01 +1.0603e+00 +5.4789e-01 +8.4363e-01
132 0 +8.680549572e+01 +5.455549572e+01 +5.455549572e+01 +9.8479e-01 -1.3955e-01 -5.4813e-01 -2.2324e-01 -4.0224e-02 -7.4554e-01 -3.9347e-01 +1.0459e+00 -1.7787e-01 +1.3175e+00
152 0 +7.783519434e+01 +4.558519434e+01 +4.558519434e+01 +6.6199e-01 -1.8623e-01 -2.0911e-01 -2.4023e-01 +6.7426e-01 -1.2372e+00 -5.8253e-01 +9.0723e-01 -2.3835e-01 +1.1872e+00
184 0 +7.096079690e+01 +3.871079690e+01 +3.871079690e+01 +4.3074e-01 -5.9013e-02 -5.7657e-01 -2.1530e-01 +6.9957e-01 -1.0985e+00 -5.5776e-01 +1.2164e+00 +4.9055e-01 +1.0524e+00
200 0 +6.701710976e+01 +3.476710976e+01 +3.476710976e+01 +8.5584e-01 -7.5398e-02 -4.6564e-01 -4.6762e-01 +9.3195e-01 -1.1346e+00 -9.1287e-01 +1.0124e+00 +4.2275e-01 +1.1001e+00
204 0 +6.390458880e+01 +3.165458880e+01 +3.165458880e+01 +9.5076e-01 -1.4055e-01 -4.2572e-01 +2.0609e-02 +7.9630e-01 -1.3106e+00 -8.7827e-01 +1.6548e+00 +6.3864e-01 +1.2868e+00
210 0 +6.117282373e+01 +2.892282373e+01 +2.892282373e+01 +1.3480e+00 -6.8692e-02 -1.5500e-01 -3.6020e-01 +9.5443e-01 -1.5213e+00 -1.1919e+00 +1.2579e+00 +9.3181e-01 +1.0660e+00
215 0 +5.257221945e+01 +2.032221945e+01 +2.032221945e+01 +7.2798e-01 -3.1161e-01 -8.9386e-02 -4.4646e-01 +9.3514e-01 -1.6062e+00 -1.0369e+00 +1.1834e+00 +4.8331e-01 +1.0226e+00
232 0 +4.174070207e+01 +9.490702072e+00 +9.490702072e+00 +9.4615e-01 -4.7478e-01 -1.8259e-01 -5.5173e-01 +8.7557e-01 -1.3300e+00 -1.3548e+00 +1.0882e+00 +9.1168e-01 +1.1873e+00
245 0 +4.058062782e+01 +8.330627819e+00 +8.330627819e+00 +6.6254e-01 -1.5947e-01 -1.0192e-01 -7.5013e-01 +1.7324e+00 -2.1688e+00 -1.1307e+00 +1.4154e+00 +8.3674e-01 +9.5651e-01
254 0 +3.621634262e+01 +3.966342624e+00 +3.966342624e+00 +7.5712e-01 -4.3284e-01 -2.4222e-01 -9.9844e-01 +1.2413e+00 -1.9950e+00 -7.9057e-01 +9.2261e-01 +9.1188e-01 +1.0375e+00
345 0 +3.522330269e+01 +2.973302688e+00 +2.973302688e+00 +1.2712e+00 -3.3490e-01 -6.9637e-01 -1.1647e+00 +1.4952e+00 -1.7000e+00 -1.6667e-01 +1.4894e+00 +8.7222e-01 +2.5625e+00
382 0 +3.401267957e+01 +1.762679565e+00 +1.762679565e+00 +1.1379e+00 -4.5828e-01 -8.5030e-01 -1.3676e+00 +1.3017e+00 -1.5025e+00 -3.3559e-01 +2.5696e+00 +1.3343e+00 +2.2707e+00
383 0 +3.005110356e+01 -2.198896438e+00 -2.198896438e+00 +1.4151e+00 -2.3589e-01 -9.2036e-01 -1.3262e+00 +1.6283e+00 -1.8303e+00 -5.7766e-01 +2.1564e+00 +1.6289e+00 +2.2884e+00
385 0 +2.649715625e+01 -5.752843746e+00 -5.752843746e+00 +1.3169e+00 -6.0841e-01 -6.5773e-01 -1.7652e+00 +2.0091e+00 -1.9776e+00 +4.3997e-02 +2.0576e+00 +1.7820e+00 +2.6591e+00
411 0 +2.448366903e+01 -7.766330972e+00 -7.766330972e+00 +1.1239e+00 -6.7038e-01 -6.9835e-01 -1.7769e+00 +1.6674e+00 -1.8497e+00 -5.0128e-01 +1.8710e+00 +1.9637e+00 +2.0471e+00
418 0 +1.601918972e+01 -1.623081028e+01 -1.623081028e+01 +1.1991e+00 -5.9768e-01 -4.0450e-01 -1.6450e+00 +1.6211e+00 -1.8743e+00 -3.7200e-01 +2.0916e+00 +1.9780e+00 +2.0264e+00
471 0 +1.529896496e+01 -1.695103504e+01 -1.695103504e+01 +1.7679e+00 -7.8792e-01 -2.5376e-01 -1.4864e+00 +1.7874e+00 -2.3834e+00 -6.1284e-01 +2.2906e+00 +2.1683e+00 +2.3519e+00
476 0 +1.449412714e+01 -1.775587286e+01 -1.775587286e+01 +1.6642e+00 -7.1258e-01 -4.3988e-01 -1.4672e+00 +1.8153e+00 -1.8476e+00 -5.6110e-01 +2.5134e+00 +2.4635e+00 +2.2155e+00
567 0 +1.412425175e+01 -1.812574825e+01 -1.812574825e+01 +2.4845e+00 -7.3138e-01 -1.3212e-01 -1.8347e+00 +2.6186e+00 -2.8901e+00 -5.8603e-01 +2.7265e+00 +3.0934e+00 +2.5642e+00
574 0 +1.347250689e+01 -1.877749311e+01 -1.877749311e+01 +2.5038e+00 -7.6304e-01 -2.5920e-01 -2.2456e+00 +2.7257e+00 -3.0772e+00 -9.8683e-01 +2.9447e+00 +3.5251e+00 +3.0515e+00
581 0 +1.231129267e+01 -1.993870733e+01 -1.993870733e+01 +2.3599e+00 -9.2037e-01 -6.4696e-02 -1.7509e+00 +2.4231e+00 -2.7137e+00 -8.9361e-01 +2.8944e+00 +3.1068e+00 +2.6132e+00
585 0 +1.164378947e+01 -2.060621053e+01 -2.060621053e+01 +2.1805e+00 -8.5602e-01 -5.0732e-01 -1.8071e+00 +2.0148e+00 -2.6896e+00 -6.6569e-01 +2.9106e+00 +2.9840e+00 +2.8177e+00
586 0 +1.031791165e+01 -2.193208835e+01 -2.193208835e+01 +2.2433e+00 -7.6449e-01 -2.6352e-02 -2.1194e+00 +2.3259e+00 -2.8220e+00 -8.6215e-01 +2.3600e+00 +3.0916e+00 +2.5073e+00
622 0 +9.358444597e+00 -2.289155540e+01 -2.289155540e+01 +2.7264e+00 -6.0508e-01 -1.7437e-01 -1.6301e+00 +2.3020e+00 -2.9166e+00 -9.3603e-01 +2.7410e+00 +3.0539e+00 +2.6752e+00
635 0 +7.685690247e+00 -2.456430975e+01 -2.456430975e+01 +3.0590e+00 -3.8452e-01 -3.2365e-02 -1.7034e+00 +2.0448e+00 -2.5741e+00 -8.0287e-01 +2.8796e+00 +3.1459e+00 +2.7829e+00
645 0 +7.498017802e+00 -2.475198220e+01 -2.475198220e+01 +2.8588e+00 -5.1971e-01 +5.2050e-03 -1.7346e+00 +2.0989e+00 -2.6790e+00 -9.9953e-01 +2.7827e+00 +3.2326e+00 +2.5526e+00
905 0 +7.357651661e+00 -2.489234834e+01 -2.489234834e+01 +3.2304e+00 -4.8310e-01 -3.0598e-01 -1.7733e+00 +2.0622e+00 -2.7198e+00 -1.1188e+00 +3.0771e+00 +3.2060e+00 +3.2312e+00
913 0 +6.978910837e+00 -2.527108916e+01 -2.527108916e+01 +3.1761e+00 -4.7225e-01 -2.7920e-01 -1.8188e+00 +2.1231e+00 -2.7503e+00 -1.1480e+00 +3.0405e+00 +3.2366e+00 +3.2766e+00
927 0 +6.565630940e+00 -2.568436906e+01 -2.568436906e+01 +3.2044e+00 -4.4630e-01 -3.0876e-01 -1.7709e+00 +2.0843e+00 -2.7324e+00 -1.1481e+00 +3.0406e+00 +3.2178e+00 +3.2264e+00
934 0 +6.075421790e+00 -2.617457821e+01 -2.617457821e+01 +3.1547e+00 -4.7476e-01 -3.4567e-01 -1.8059e+00 +2.1089e+00 -2.7688e+00 -1.1253e+00 +3.0144e+00 +3.2152e+00 +3.2357e+00
943 0 +5.992116256e+00 -2.625788374e+01 -2.625788374e+01 +3.0839e+00 -4.9734e-01 -3.5919e-01 -1.8247e+00 +2.1323e+00 -2.7738e+00 -1.1299e+00 +3.0208e+00 +3.1919e+00 +3.2567e+00
1149 0 +5.886853949e+00 -2.636314605e+01 -2.636314605e+01 +3.1673e+00 -4.8556e-01 -3.3699e-01 -1.8040e+00 +2.0588e+00 -2.7535e+00 -1.1736e+00 +2.9819e+00 +3.1358e+00 +3.2546e+00
1182 0 +5.618332660e+00 -2.663166734e+01 -2.663166734e+01 +3.1706e+00 -4.7790e-01 -3.4898e-01 -1.8135e+00 +2.0608e+00 -2.7579e+00 -1.1692e+00 +2.9753e+00 +3.1273e+00 +3.2699e+00
1226 0 +5.432776267e+00 -2.681722373e+01 -2.681722373e+01 +3.1729e+00 -4.7637e-01 -3.4304e-01 -1.8255e+00 +2.0543e+00 -2.7592e+00 -1.1770e+00 +2.9649e+00 +3.1396e+00 +3.2578e+00
1248 0 +5.207993467e+00 -2.704200653e+01 -2.704200653e+01 +3.1821e+00 -4.8299e-01 -3.5923e-01 -1.8315e+00 +2.0498e+00 -2.7580e+00 -1.1709e+00 +2.9522e+00 +3.1357e+00 +3.2703e+00
1302 0 +5.067651953e+00 -2.718234805e+01 -2.718234805e+01 +3.1824e+00 -4.8008e-01 -3.5288e-01 -1.8368e+00 +2.0617e+00 -2.7646e+00 -1.1739e+00 +2.9500e+00 +3.1397e+00 +3.2693e+00
1336 0 +4.948665328e+00 -2.730133467e+01 -2.730133467e+01 +3.1878e+00 -4.7878e-01 -3.4893e-01 -1.8462e+00 +2.0529e+00 -2.7669e+00 -1.1727e+00 +2.9493e+00 +3.1349e+00 +3.2639e+00
1424 0 +4.897126867e+00 -2.735287313e+01 -2.735287313e+01 +3.1707e+00 -4.7132e-01 -3.4713e-01 -1.8361e+00 +2.0563e+00 -2.7457e+00 -1.1750e+00 +2.9353e+00 +3.1252e+00 +3.2632e+00
1465 0 +4.745115812e+00 -2.750488419e+01 -2.750488419e+01 +3.1763e+00 -4.5792e-01 -3.5388e-01 -1.8443e+00 +2.0645e+00 -2.7477e+00 -1.1727e+00 +2.9381e+00 +3.1321e+00 +3.2718e+00
1492 0 +4.642508491e+00 -2.760749151e+01 -2.760749151e+01 +3.1798e+00 -4.6294e-01 -3.4999e-01 -1.8436e+00 +2.0675e+00 -2.7589e+00 -1.1751e+00 +2.9409e+00 +3.1335e+00 +3.2616e+00
1678 0 +4.532885658e+00 -2.771711434e+01 -2.771711434e+01 +3.1743e+00 -4.5200e-01 -3.5408e-01 -1.8491e+00 +2.0687e+00 -2.7624e+00 -1.1686e+00 +2.9389e+00 +3.1375e+00 +3.2623e+00
3962 0 +4.466142794e+00 -2.778385721e+01 -2.778385721e+01 +3.1690e+00 -4.3799e-01 -3.5429e-01 -1.8573e+00 +2.0772e+00 -2.7689e+00 -1.1627e+00 +2.9361e+00 +3.1457e+00 +3.2579e+00
38213 0 +4.364978812e+00 -2.788502119e+01 -2.788502119e+01 +3.0335e+00 -3.6482e-01 -3.5563e-01 -1.8604e+00 +2.0436e+00 -2.8686e+00 -1.1165e+00 +2.9324e+00 +3.1671e+00 +3.3180e+00
56244 0 +4.265720396e+00 -2.798427960e+01 -2.798427960e+01 +2.8027e+00 -1.9534e-01 -3.7666e-01 -1.9023e+00 +1.9588e+00 -3.0323e+00 -1.0199e+00 +2.9357e+00 +3.1800e+00 +3.4796e+00
68990 0 +4.168677610e+00 -2.808132239e+01 -2.808132239e+01 +2.6445e+00 -1.3091e-02 -4.1979e-01 -1.9585e+00 +1.8950e+00 -3.2147e+00 -9.1513e-01 +2.9675e+00 +3.1761e+00 +3.6291e+00
81775 0 +4.073679177e+00 -2.817632082e+01 -2.817632082e+01 +2.5318e+00 +1.6131e-01 -4.6348e-01 -2.0434e+00 +1.8568e+00 -3.3680e+00 -8.2578e-01 +2.9928e+00 +3.1710e+00 +3.7564e+00
% f evaluations | g evaluations | best noise-free fitness - Fopt (3.681200000000e+02) + sum g_i+ | measured fitness | best measured fitness or single-digit g-values | x1 | x2...
1 0 +7.105251432e+01 +4.391725143e+02 +4.391725143e+02 +0.0000e+00 +0.0000e+00 +0.0000e+00 +0.0000e+00 +0.0000e+00 +0.0000e+00 +0.0000e+00 +0.0000e+00 +0.0000e+00 +0.0000e+00
2 0 +6.365170941e+01 +4.317717094e+02 +4.317717094e+02 +4.3379e-01 +3.0692e-02 +9.8026e-02 +3.4094e-01 +2.4727e-01 +1.7369e-01 -1.1375e-01 -3.0566e-01 +1.1285e-01 -1.5359e-01
3 0 +5.649650612e+01 +4.246165061e+02 +4.246165061e+02 +2.4817e-01 +6.3376e-02 -2.2359e-01 +8.0318e-02 +2.1275e-01 +5.3256e-02 -2.3477e-01 +7.8699e-02 +1.0710e-01 +2.4729e-01
13 0 +5.161863517e+01 +4.197386352e+02 +4.197386352e+02 -1.5432e-01 +3.0647e-01 -2.9854e-01 -9.3536e-02 -4.2818e-01 +5.2927e-01 -5.5690e-02 +2.5803e-01 +5.8956e-03 +3.5382e-01
18 0 +4.676745523e+01 +4.148874552e+02 +4.148874552e+02 +7.8010e-02 +6.9535e-02 -3.6079e-03 -1.7372e-01 -5.5640e-02 +4.4034e-01 -5.2802e-02 -2.5143e-01 +2.6202e-01 +1.2039e-01
31 0 +4.494640108e+01 +4.130664011e+02 +4.130664011e+02 +6.7596e-01 +2.3514e-01 -3.2616e-01 -3.2967e-01 +3.8813e-01 +3.8234e-01 +2.8015e-01 -4.6671e-01 +1.2055e-01 +1.4590e-01
34 0 +4.305521594e+01 +4.111752159e+02 +4.111752159e+02 +3.3367e-01 +1.5812e-01 -7.9658e-01 -2.1250e-01 -1.7668e-01 +9.2005e-02 +3.9025e-01 -3.3929e-01 -5.8471e-01 +6.1694e-01
88 0 +4.027309335e+01 +4.083930934e+02 +4.083930934e+02 +1.9794e-01 -2.2022e-02 -6.5876e-01 -1.3670e-01 -2.8386e-01 +5.3496e-01 +4.7481e-02 +1.4495e-01 -7.6214e-03 +1.0179e+00
320 0 +3.891412765e+01 +4.070341277e+02 +4.070341277e+02 +7.1562e-03 +1.8362e-01 -6.3658e-01 -2.7814e-01 -2.3074e-01 +2.4331e-01 +6.3582e-01 -2.4763e-01 +4.6277e-02 +1.2008e+00
334 0 +3.808524260e+01 +4.062052426e+02 +4.062052426e+02 -1.9712e-02 +1.1402e-01 -6.0515e-01 -2.1615e-01 -2.8958e-01 +2.4121e-01 +6.8874e-01 -1.5389e-01 -1.2388e-02 +1.2046e+00
347 0 +3.564619744e+01 +4.037661974e+02 +4.037661974e+02 -1.3693e-02 +1.1639e-01 -5.2734e-01 -2.0055e-01 -1.9466e-01 +2.4450e-01 +6.4196e-01 -1.7271e-01 +8.1683e-03 +1.1762e+00
446 0 +3.395860911e+01 +4.020786091e+02 +4.020786091e+02 -4.8958e-02 +5.0039e-02 -4.9225e-01 -2.2430e-01 -1.3790e-01 +2.9659e-01 +7.0704e-01 -1.6323e-01 +1.4023e-02 +1.1601e+00
485 0 +3.386613982e+01 +4.019861398e+02 +4.019861398e+02 -9.4818e-02 +6.0820e-02 -5.4803e-01 -2.3591e-01 -1.6950e-01 +2.8180e-01 +6.9082e-01 -1.5573e-01 +4.7341e-02 +1.1847e+00
495 0 +3.306949287e+01 +4.011894929e+02 +4.011894929e+02 -8.6253e-02 +2.8573e-02 -5.2239e-01 -2.6004e-01 -1.3742e-01 +2.6812e-01 +7.3086e-01 -1.5846e-01 +3.4275e-02 +1.2195e+00
617 0 +3.224414350e+01 +4.003641435e+02 +4.003641435e+02 -1.0467e-01 +2.5716e-02 -4.9201e-01 -2.3994e-01 -1.2510e-01 +2.7977e-01 +7.2924e-01 -1.5248e-01 +3.6332e-02 +1.2159e+00
828 0 +3.146552532e+01 +3.995855253e+02 +3.995855253e+02 -1.3025e-01 -1.1351e-02 -4.7151e-01 -2.6648e-01 -7.8626e-02 +2.8674e-01 +7.6644e-01 -1.3739e-01 +4.8787e-02 +1.2409e+00
2717 0 +3.089894342e+01 +3.990189434e+02 +3.990189434e+02 -2.7203e-01 -4.8716e-02 -3.8555e-01 -1.8250e-01 -2.4199e-01 +9.4259e-02 +8.9932e-01 -1.0896e-01 +2.3462e-03 +1.3354e+00
3887 0 +3.018664383e+01 +3.983066438e+02 +3.983066438e+02 -3.5065e-01 -1.2806e-01 -2.4856e-01 +9.4953e-02 -3.7893e-01 -1.9091e-01 +7.3260e-01 -1.6494e-01 -5.6473e-03 +1.4108e+00
% f evaluations | g evaluations | best noise-free fitness - Fopt (4.739000000000e+01) + sum g_i+ | measured fitness | best measured fitness or single-digit g-values | x1 | x2...
1 0 +4.550479530e+01 +9.289479530e+01 +9.289479530e+01 +0.0000e+00 +0.0000e+00 +0.0000e+00 +0.0000e+00 +0.0000e+00 +0.0000e+00 +0.0000e+00 +0.0000e+00 +0.0000e+00 +0.0000e+00
3 0 +3.489563278e+01 +8.228563278e+01 +8.228563278e+01 +2.4817e-01 +6.3376e-02 -2.2359e-01 +8.0318e-02 +2.1275e-01 +5.3256e-02 -2.3477e-01 +7.8699e-02 +1.0710e-01 +2.4729e-01
7 0 +2.993633103e+01 +7.732633103e+01 +7.732633103e+01 -2.6321e-01 +2.3560e-01 -2.9494e-01 -4.1433e-02 -2.1060e-01 +1.1878e-01 +8.3286e-02 -6.4943e-01 +2.1039e-01 -1.8282e-01
66 0 +2.560355292e+01 +7.299355292e+01 +7.299355292e+01 +8.4594e-01 +1.4087e-03 +7.7037e-03 -1.6490e-01 -5.0938e-02 +7.6104e-02 -2.4106e-01 +1.6280e-01 -2.9782e-01 +6.3832e-01
89 0 +2.452549435e+01 +7.191549435e+01 +7.191549435e+01 +1.2042e+00 +3.7694e-01 -1.7935e-01 -2.0824e-01 -1.4169e-01 -1.0386e-01 -3.9303e-01 +7.0150e-01 -3.1557e-01 +5.1575e-01
93 0 +2.180042060e+01 +6.919042060e+01 +6.919042060e+01 +1.2839e+00 +4.2062e-01 -4.2738e-01 -1.8371e-01 -3.0728e-01 +1.5653e-01 -3.7352e-01 +6.0694e-01 +1.2970e-01 +2.7677e-01
316 0 +2.137215069e+01 +6.876215069e+01 +6.876215069e+01 +1.0648e+00 +4.3696e-01 -1.9122e-01 -9.1630e-02 -1.2580e-02 +8.4576e-02 +1.9376e-01 +5.5035e-01 -1.9882e-01 +2.8477e-01
337 0 +2.049282742e+01 +6.788282742e+01 +6.788282742e+01 +9.6662e-01 +3.8589e-01 -1.8702e-01 -2.0189e-01 -6.1631e-02 +1.4212e-01 +1.6906e-01 +4.7422e-01 -2.7774e-01 +2.7236e-01
344 0 +1.962232834e+01 +6.701232834e+01 +6.701232834e+01 +1.1103e+00 +3.7053e-01 -2.1881e-01 -1.9121e-01 -1.9079e-01 +1.1745e-01 +1.1017e-01 +5.4526e-01 -2.7603e-01 +2.9038e-01
458 0 +1.880845620e+01 +6.619845620e+01 +6.619845620e+01 +1.2818e+00 +3.5737e-01 -2.6706e-01 -1.3866e-01 -2.2880e-01 +6.9082e-02 +2.3171e-01 +5.7459e-01 -2.6591e-01 +2.8436e-01
555 0 +1.833967931e+01 +6.572967931e+01 +6.572967931e+01 +1.1669e+00 +3.5675e-01 -2.3154e-01 -1.3978e-01 -2.2793e-01 +5.1903e-02 +1.9158e-01 +5.6650e-01 -2.6031e-01 +2.6907e-01
586 0 +1.811287417e+01 +6.550287417e+01 +6.550287417e+01 +1.2066e+00 +3.8989e-01 -2.4541e-01 -1.3272e-01 -2.1578e-01 +5.9299e-02 +1.8625e-01 +5.5079e-01 -2.5823e-01 +2.7153e-01
755 0 +1.777966246e+01 +6.516966246e+01 +6.516966246e+01 +1.1894e+00 +3.8879e-01 -2.8598e-01 -1.5119e-01 -2.2106e-01 +7.0118e-02 +1.6578e-01 +5.4264e-01 -2.6095e-01 +3.0005e-01
1117 0 +1.737010233e+01 +6.476010233e+01 +6.476010233e+01 +1.2369e+00 +4.6205e-01 -3.8061e-01 -1.3547e-01 -2.0856e-01 +1.1822e-01 +1.1497e-01 +4.8490e-01 -2.3946e-01 +3.5064e-01
% f evaluations | g evaluations | best noise-free fitness - Fopt (-3.428900000000e+02) + sum g_i+ | measured fitness | best measured fitness or single-digit g-values | x1 | x2...
1 0 +6.529145050e+01 -2.775985495e+02 -2.775985495e+02 +0.0000e+00 +0.0000e+00 +0.0000e+00 +0.0000e+00 +0.0000e+00 +0.0000e+00 +0.0000e+00 +0.0000e+00 +0.0000e+00 +0.0000e+00
2 0 +4.904096706e+01 -2.938490329e+02 -2.938490329e+02 +4.3379e-01 +3.0692e-02 +9.8026e-02 +3.4094e-01 +2.4727e-01 +1.7369e-01 -1.1375e-01 -3.0566e-01 +1.1285e-01 -1.5359e-01
5 0 +4.311659534e+01 -2.997734047e+02 -2.997734047e+02 -9.0564e-02 +8.4424e-02 -2.8183e-02 -1.8777e-01 +7.4957e-02 +6.4105e-01 +2.7589e-01 +1.3137e-01 +7.7185e-02 +2.3934e-01
10 0 +3.767595918e+01 -3.052140408e+02 -3.052140408e+02 +3.2216e-01 -3.3442e-01 +1.9285e-01 -3.1559e-01 -1.5896e-01 +1.8278e-01 -2.1053e-01 +1.4883e-01 -4.2076e-01 -2.0280e-01
31 0 +3.601900221e+01 -3.068709978e+02 -3.068709978e+02 +9.1650e-01 +8.1074e-02 -1.8001e-01 -5.0446e-01 +3.5492e-01 +5.8210e-01 +3.1818e-02 -3.9076e-01 +4.0206e-02 +7.4705e-02
41 0 +2.997395331e+01 -3.129160467e+02 -3.129160467e+02 +5.9060e-01 -7.2208e-02 -2.7858e-02 -3.8087e-01 -2.0709e-01 +1.1868e-01 -2.0636e-01 +1.8388e-01 +1.0265e-01 +2.8394e-01
106 0 +2.643761289e+01 -3.164523871e+02 -3.164523871e+02 +1.0866e+00 -2.5081e-02 -4.3706e-01 -8.0491e-01 -3.9358e-01 +2.9559e-01 -6.9687e-02 +8.3061e-01 +7.4547e-01 +5.7531e-01
361 0 +2.302004071e+01 -3.198699593e+02 -3.198699593e+02 +8.3386e-01 -2.9312e-01 -7.5055e-01 -7.8659e-01 -4.7659e-01 +1.7567e-01 +3.6469e-01 +7.7314e-01 +2.7481e-01 +5.4830e-01
482 0 +2.289654565e+01 -3.199934543e+02 -3.199934543e+02 +7.5867e-01 -3.4484e-01 -7.9186e-01 -7.4949e-01 -4.9300e-01 +1.7344e-01 +3.6691e-01 +8.3262e-01 +2.5259e-01 +4.8492e-01
631 0 +2.221021421e+01 -3.206797858e+02 -3.206797858e+02 +7.5011e-01 -3.1280e-01 -6.9834e-01 -7.4493e-01 -4.5076e-01 +1.7863e-01 +3.3264e-01 +8.5955e-01 +2.6543e-01 +5.0978e-01
668 0 +2.183934662e+01 -3.210506534e+02 -3.210506534e+02 +7.5142e-01 -2.9860e-01 -7.0678e-01 -7.4332e-01 -4.8374e-01 +1.5960e-01 +3.3853e-01 +8.5179e-01 +2.7274e-01 +5.1113e-01
716 0 +2.137431788e+01 -3.215156821e+02 -3.215156821e+02 +7.7065e-01 -2.9240e-01 -6.7177e-01 -7.2522e-01 -4.7936e-01 +1.6102e-01 +3.1240e-01 +8.6308e-01 +3.0096e-01 +5.1577e-01
775 0 +2.083502093e+01 -3.220549791e+02 -3.220549791e+02 +7.9795e-01 -2.9800e-01 -6.5880e-01 -7.2216e-01 -5.0966e-01 +1.7639e-01 +2.8101e-01 +8.5991e-01 +3.2621e-01 +5.1839e-01
898 0 +2.038465226e+01 -3.225053477e+02 -3.225053477e+02 +8.1975e-01 -2.8879e-01 -6.4440e-01 -7.0916e-01 -5.4812e-01 +1.8036e-01 +2.4742e-01 +8.4066e-01 +3.6106e-01 +5.7141e-01
1094 0 +1.993746985e+01 -3.229525302e+02 -3.229525302e+02 +8.3469e-01 -2.7091e-01 -6.8530e-01 -7.2139e-01 -6.1280e-01 +1.8099e-01 +2.4683e-01 +8.2506e-01 +3.9938e-01 +6.0957e-01
% f evaluations | g evaluations | best noise-free fitness - Fopt (9.102000000000e+01) + sum g_i+ | measured fitness | best measured fitness or single-digit g-values | x1 | x2...
1 0 +4.402282542e+01 +1.350428254e+02 +1.350428254e+02 +0.0000e+00 +0.0000e+00 +0.0000e+00 +0.0000e+00 +0.0000e+00 +0.0000e+00 +0.0000e+00 +0.0000e+00 +0.0000e+00 +0.0000e+00
2 0 +3.331155160e+01 +1.243315516e+02 +1.243315516e+02 +4.3379e-01 +3.0692e-02 +9.8026e-02 +3.4094e-01 +2.4727e-01 +1.7369e-01 -1.1375e-01 -3.0566e-01 +1.1285e-01 -1.5359e-01
3 0 +3.002614376e+01 +1.210461438e+02 +1.210461438e+02 +2.4817e-01 +6.3376e-02 -2.2359e-01 +8.0318e-02 +2.1275e-01 +5.3256e-02 -2.3477e-01 +7.8699e-02 +1.0710e-01 +2.4729e-01
4 0 +2.397921533e+01 +1.149992153e+02 +1.149992153e+02 +2.1661e-01 -2.7248e-01 -1.4933e-01 +1.8171e-01 -5.0930e-01 +2.3317e-01 -2.5183e-01 -1.2653e-01 +4.3300e-01 -1.9345e-02
14 0 +2.250577818e+01 +1.135257782e+02 +1.135257782e+02 +4.8424e-01 -3.8887e-01 -4.9073e-02 -2.8302e-01 -4.3398e-01 +2.5991e-01 +2.0300e-01 +3.1663e-01 +1.6694e-01 +3.0201e-01
21 0 +1.876545148e+01 +1.097854515e+02 +1.097854515e+02 +4.4941e-01 +4.7896e-02 -1.9578e-01 -2.4707e-01 -3.7452e-01 +4.3554e-02 -3.8733e-01 -6.6566e-01 +5.3394e-01 +4.7302e-01
30 0 +1.669417863e+01 +1.077141786e+02 +1.077141786e+02 +1.4853e-01 -4.3363e-01 -6.4707e-01 -3.7748e-01 -1.2680e-01 +2.2674e-01 -1.9427e-01 +3.8951e-01 -2.8332e-01 +3.7510e-02
57 0 +1.506369679e+01 +1.060836968e+02 +1.060836968e+02 +7.0095e-01 -2.9919e-01 -2.0953e-01 +2.0996e-01 -9.5567e-01 +1.8996e-01 +3.4057e-01 +1.1813e-01 +3.2370e-01 +6.3082e-01
97 0 +1.374977049e+01 +1.047697705e+02 +1.047697705e+02 +2.7618e-01 +7.6180e-02 -2.7254e-01 -7.1959e-05 -5.9234e-01 +3.5398e-01 -8.8484e-02 -2.8177e-01 +8.8735e-01 +7.8635e-01
123 0 +1.292471543e+01 +1.039447154e+02 +1.039447154e+02 +2.7386e-01 -4.1542e-02 -2.7512e-01 -6.2529e-02 -4.2553e-01 -2.3155e-01 -2.3283e-01 -6.6030e-01 +7.1677e-01 +8.4216e-01
186 0 +1.286619125e+01 +1.038861912e+02 +1.038861912e+02 +4.2120e-02 -1.7609e-01 -3.2597e-01 -1.3100e-01 -5.3632e-01 -1.0074e-01 -2.3295e-01 -6.2068e-01 +5.9924e-01 +9.1592e-01
205 0 +1.217646547e+01 +1.031964655e+02 +1.031964655e+02 +5.7725e-01 -2.8993e-01 -2.7549e-01 +1.8195e-01 -5.5900e-01 -6.2455e-02 -2.3389e-01 -3.4612e-01 +5.6337e-01 +9.8868e-01
213 0 +1.000113882e+01 +1.010211388e+02 +1.010211388e+02 +3.5731e-01 -4.6636e-01 -4.3277e-01 +8.8341e-02 -5.7651e-01 -1.2549e-01 -2.6665e-01 -4.2934e-01 +2.5782e-01 +1.0971e+00
244 0 +9.984968743e+00 +1.010049687e+02 +1.010049687e+02 +3.1134e-01 -4.1919e-01 -4.0145e-01 +1.1451e-01 -4.2051e-01 -1.0546e-01 -3.1361e-01 -4.7771e-01 +2.5010e-01 +9.5058e-01
442 0 +9.616089658e+00 +1.006360897e+02 +1.006360897e+02 +2.6433e-01 -3.9519e-01 -3.3472e-01 +9.9914e-02 -4.7623e-01 +4.6241e-02 -2.3617e-01 -3.8378e-01 +2.7896e-01 +9.5980e-01
487 0 +9.407442223e+00 +1.004274422e+02 +1.004274422e+02 +2.6069e-01 -3.8123e-01 -3.5189e-01 +1.1766e-01 -4.3579e-01 +2.5840e-03 -2.8507e-01 -3.7930e-01 +3.0024e-01 +1.0065e+00
509 0 +9.134865802e+00 +1.001548658e+02 +1.001548658e+02 +2.4609e-01 -4.3715e-01 -3.3731e-01 +1.1200e-01 -4.6484e-01 -2.4471e-02 -2.5631e-01 -3.6306e-01 +2.9414e-01 +9.8643e-01
692 0 +9.107583919e+00 +1.001275839e+02 +1.001275839e+02 +2.3946e-01 -4.1263e-01 -3.3793e-01 +9.0798e-02 -4.7174e-01 +2.5489e-03 -2.5717e-01 -3.6077e-01 +2.7002e-01 +9.8747e-01
1245 0 +8.905214087e+00 +9.992521409e+01 +9.992521409e+01 +2.6063e-01 -4.1002e-01 -3.4904e-01 +1.1608e-01 -4.8769e-01 +1.7517e-02 -2.5853e-01 -3.3572e-01 +2.5836e-01 +9.9382e-01
1790 0 +8.708577647e+00 +9.972857765e+01 +9.972857765e+01 +2.6846e-01 -3.9086e-01 -3.7616e-01 +1.4699e-01 -4.9224e-01 -2.0004e-02 -2.5523e-01 -3.0201e-01 +2.5534e-01 +9.9961e-01
% f evaluations | g evaluations | best noise-free fitness - Fopt (7.324200000000e+02) + sum g_i+ | measured fitness | best measured fitness or single-digit g-values | x1 | x2...
1 0 +3.947388154e+01 +7.718938815e+02 +7.718938815e+02 +0.0000e+00 +0.0000e+00 +0.0000e+00 +0.0000e+00 +0.0000e+00 +0.0000e+00 +0.0000e+00 +0.0000e+00 +0.0000e+00 +0.0000e+00
6 0 +3.712346087e+01 +7.695434609e+02 +7.695434609e+02 +1.8723e-01 -2.5702e-01 +1.5212e-01 +1.5671e-02 +5.1476e-01 -6.3323e-02 +3.7553e-01 -3.4671e-01 +9.3874e-02 -2.1343e-01
32 0 +3.614851433e+01 +7.685685143e+02 +7.685685143e+02 +4.8648e-01 -5.4403e-01 +1.8214e-01 +1.3147e-01 -5.3105e-01 +3.9336e-01 +4.0317e-01 +1.2732e-01 -8.5546e-02 +5.2860e-01
57 0 +3.086012435e+01 +7.632801243e+02 +7.632801243e+02 +7.1976e-01 -2.7397e-01 +1.9825e-01 +2.5394e-01 -7.7548e-01 +2.9487e-01 +2.1708e-01 +2.4852e-01 +2.7800e-02 +6.5336e-01
103 0 +2.698905834e+01 +7.594090583e+02 +7.594090583e+02 -4.7378e-02 -3.3438e-01 +1.8130e-01 +1.7682e-01 -1.0004e+00 +2.5524e-01 -1.0595e-01 +1.6445e-01 +9.9198e-02 +1.3955e+00
128 0 +2.660209274e+01 +7.590220927e+02 +7.590220927e+02 -5.6989e-02 -4.7677e-02 +2.6510e-01 +5.0090e-01 -1.1241e+00 +1.5032e-01 +1.5282e-01 +5.0392e-01 +1.6152e-01 +1.2674e+00
318 0 +2.533794530e+01 +7.577579453e+02 +7.577579453e+02 +2.1335e-01 +1.0218e-02 +3.0331e-01 -9.8135e-02 -5.1283e-01 -1.2108e-02 +1.2701e-01 -1.1235e-01 +9.0432e-02 +1.1029e+00
381 0 +2.410835559e+01 +7.565283556e+02 +7.565283556e+02 +1.5478e-01 +4.4965e-02 +1.8022e-01 -1.2869e-01 -4.8124e-01 +4.4257e-02 +5.4728e-02 -2.0902e-01 -7.9265e-02 +1.1379e+00
389 0 +2.321185866e+01 +7.556318587e+02 +7.556318587e+02 +9.7929e-02 -4.2073e-02 +1.9568e-01 -1.6513e-01 -4.8197e-01 +5.8996e-02 +1.1565e-01 -1.3827e-02 -8.2645e-02 +1.1588e+00
437 0 +2.283267543e+01 +7.552526754e+02 +7.552526754e+02 +2.0943e-01 -8.1125e-02 +1.9209e-01 -1.6472e-01 -5.7936e-01 +6.7940e-02 +2.0631e-01 +4.3477e-02 -4.9342e-02 +1.0037e+00
489 0 +2.206422966e+01 +7.544842297e+02 +7.544842297e+02 +2.1938e-01 -4.6210e-02 +2.2320e-01 -2.1311e-01 -5.8851e-01 +2.7025e-02 +2.2151e-01 +2.9765e-02 -2.0904e-02 +1.0188e+00
529 0 +2.182077755e+01 +7.542407776e+02 +7.542407776e+02 +1.7096e-01 -5.3562e-02 +1.7863e-01 -2.3624e-01 -5.6256e-01 +4.1194e-02 +1.5829e-01 +2.9750e-02 -4.5027e-02 +1.0244e+00
567 0 +2.098620449e+01 +7.534062045e+02 +7.534062045e+02 +2.4747e-01 -3.1713e-02 +2.0679e-01 -2.0744e-01 -5.6330e-01 +1.8683e-02 +2.1894e-01 +4.2723e-02 -4.8675e-02 +1.0218e+00
576 0 +2.085254300e+01 +7.532725430e+02 +7.532725430e+02 +2.0837e-01 -5.1173e-02 +1.7341e-01 -2.6943e-01 -5.8429e-01 +1.2773e-02 +2.0639e-01 +2.1713e-02 -6.6770e-02 +1.0275e+00
862 0 +2.039540369e+01 +7.528154037e+02 +7.528154037e+02 +2.2058e-01 -2.8101e-02 +1.8630e-01 -2.3151e-01 -5.6817e-01 +4.8874e-02 +2.1449e-01 +3.9584e-02 -7.9492e-02 +1.0640e+00
3943 0 +1.995250776e+01 +7.523725078e+02 +7.523725078e+02 +2.9192e-01 -2.6917e-02 +1.7122e-01 -3.0426e-01 -6.0995e-01 -6.7493e-02 +3.7388e-01 +1.1805e-01 -1.1989e-01 +1.0443e+00
% f evaluations | g evaluations | best noise-free fitness - Fopt (3.542000000000e+01) + sum g_i+ | measured fitness | best measured fitness or single-digit g-values | x1 | x2...
1 0 +1.985277241e+02 +2.339477241e+02 +2.339477241e+02 +0.0000e+00 +0.0000e+00 +0.0000e+00 +0.0000e+00 +0.0000e+00 +0.0000e+00 +0.0000e+00 +0.0000e+00 +0.0000e+00 +0.0000e+00
2 0 +1.595127071e+02 +1.949327071e+02 +1.949327071e+02 +4.3379e-01 +3.0692e-02 +9.8026e-02 +3.4094e-01 +2.4727e-01 +1.7369e-01 -1.1375e-01 -3.0566e-01 +1.1285e-01 -1.5359e-01
3 0 +1.544719311e+02 +1.898919311e+02 +1.898919311e+02 +2.4817e-01 +6.3376e-02 -2.2359e-01 +8.0318e-02 +2.1275e-01 +5.3256e-02 -2.3477e-01 +7.8699e-02 +1.0710e-01 +2.4729e-01
4 0 +1.184853983e+02 +1.539053983e+02 +1.539053983e+02 +2.1661e-01 -2.7248e-01 -1.4933e-01 +1.8171e-01 -5.0930e-01 +2.3317e-01 -2.5183e-01 -1.2653e-01 +4.3300e-01 -1.9345e-02
12 0 +9.240088729e+01 +1.278208873e+02 +1.278208873e+02 +1.7579e-01 -2.4802e-02 +2.1328e-01 +1.1694e-01 -5.2455e-01 -1.0579e-01 -3.2385e-01 -6.2917e-01 -4.2802e-01 +4.0432e-01
23 0 +7.852856664e+01 +1.139485666e+02 +1.139485666e+02 +2.5331e-01 -7.6086e-02 -6.8824e-02 -1.7570e-02 -1.0024e-02 +6.5760e-01 -7.3636e-01 +1.1412e-01 -1.4308e-01 +3.6919e-01
70 0 +7.142024893e+01 +1.068402489e+02 +1.068402489e+02 +5.1722e-01 -2.4711e-01 -5.6850e-01 +2.0976e-01 -1.0014e+00 +7.2321e-01 -7.1070e-01 -2.4713e-01 -3.2597e-01 +5.0278e-01
116 0 +6.884145630e+01 +1.042614563e+02 +1.042614563e+02 -2.2208e-02 -3.3155e-01 -5.4148e-01 -1.0775e-01 -8.5094e-01 +2.9518e-01 -8.0015e-01 -7.4398e-01 -1.0919e-01 +7.7439e-01
124 0 +6.599604528e+01 +1.014160453e+02 +1.014160453e+02 +5.5904e-02 -1.5228e-01 -6.7264e-01 +1.0625e-01 -8.8176e-01 +5.2831e-01 -8.0107e-01 -6.7379e-01 -1.3357e-01 +7.2089e-01
134 0 +6.338419997e+01 +9.880419997e+01 +9.880419997e+01 +3.8582e-01 -1.9774e-01 -3.2535e-01 +2.2408e-01 -5.6599e-01 +7.6518e-01 -9.8519e-01 -7.5301e-01 -1.2687e-01 +8.2746e-01
154 0 +6.252094800e+01 +9.794094800e+01 +9.794094800e+01 +3.1825e-01 -2.1639e-01 -1.4471e-01 +2.6548e-01 -7.1355e-01 +3.3900e-01 -7.3716e-01 -1.4426e+00 -4.0398e-01 +1.1514e+00
173 0 +5.794486687e+01 +9.336486687e+01 +9.336486687e+01 +2.8415e-01 -2.9837e-01 -2.0146e-01 +2.1537e-01 -3.1235e-01 +7.5977e-01 -3.4450e-01 -1.0100e+00 -2.5972e-01 +6.5525e-01
177 0 +5.668124877e+01 +9.210124877e+01 +9.210124877e+01 +6.0751e-02 -2.7329e-01 -5.5175e-01 +1.0446e-01 -4.5290e-01 +5.0164e-01 -9.0131e-01 -1.1703e+00 -5.2475e-01 +6.2730e-01
238 0 +4.583099625e+01 +8.125099625e+01 +8.125099625e+01 +3.7257e-01 -3.0314e-01 -4.7532e-01 +9.1630e-02 -4.8781e-01 +4.3739e-01 -1.0382e+00 -1.5660e+00 -2.4127e-01 +1.2695e+00
262 0 +4.419763076e+01 +7.961763076e+01 +7.961763076e+01 +5.4038e-01 -5.4134e-01 -3.1564e-01 -8.2615e-02 -3.9514e-01 +4.6355e-01 -8.9586e-01 -1.5714e+00 -4.2351e-01 +9.2222e-01
545 0 +4.151084016e+01 +7.693084016e+01 +7.693084016e+01 +7.4073e-01 -7.7355e-01 -5.5072e-01 -3.4750e-01 -9.0653e-01 +2.2613e-01 -7.6536e-01 -2.4594e+00 -8.2534e-01 +8.9628e-01
548 0 +3.903249258e+01 +7.445249258e+01 +7.445249258e+01 +8.6902e-01 -7.9292e-01 -8.9403e-01 -3.2899e-01 -1.0494e+00 +2.7595e-01 -6.1028e-01 -2.2818e+00 -8.8576e-01 +1.0509e+00
571 0 +3.612709520e+01 +7.154709520e+01 +7.154709520e+01 +9.2197e-01 -5.8314e-01 -6.5683e-01 -1.7595e-01 -8.2917e-01 +2.4912e-01 -7.1125e-01 -2.4177e+00 -8.3314e-01 +1.0221e+00
670 0 +3.456801447e+01 +6.998801447e+01 +6.998801447e+01 +1.1183e+00 -6.3406e-01 -5.2988e-01 -1.1956e-01 -9.8733e-01 +3.5790e-01 -6.4527e-01 -2.1605e+00 -9.8807e-01 +8.4200e-01
707 0 +3.317106138e+01 +6.859106138e+01 +6.859106138e+01 +1.1395e+00 -6.7757e-01 -4.8136e-01 -1.6197e-01 -8.7629e-01 +2.9745e-01 -5.8026e-01 -2.1682e+00 -9.7035e-01 +8.0491e-01
745 0 +3.275231567e+01 +6.817231567e+01 +6.817231567e+01 +1.1098e+00 -6.3953e-01 -5.7089e-01 -1.2643e-01 -9.2434e-01 +3.2721e-01 -6.9420e-01 -2.1933e+00 -9.2147e-01 +8.8569e-01
758 0 +3.166950982e+01 +6.708950982e+01 +6.708950982e+01 +1.1332e+00 -6.0227e-01 -5.8335e-01 -1.5795e-01 -8.9400e-01 +2.7911e-01 -7.4641e-01 -2.1924e+00 -9.2727e-01 +8.7092e-01
822 0 +3.135708548e+01 +6.677708548e+01 +6.677708548e+01 +1.1217e+00 -6.4336e-01 -5.7476e-01 -1.9370e-01 -8.7356e-01 +3.0772e-01 -6.8493e-01 -2.1691e+00 -9.1932e-01 +8.5373e-01
899 0 +3.073776816e+01 +6.615776816e+01 +6.615776816e+01 +1.0869e+00 -6.3232e-01 -5.7342e-01 -1.9236e-01 -8.7607e-01 +2.6444e-01 -7.0460e-01 -2.2251e+00 -8.9132e-01 +8.8422e-01
1082 0 +3.018448897e+01 +6.560448897e+01 +6.560448897e+01 +1.1235e+00 -6.4644e-01 -5.8892e-01 -2.2261e-01 -9.1817e-01 +1.9206e-01 -7.4532e-01 -2.2447e+00 -8.8026e-01 +8.7649e-01
4726 0 +2.950992489e+01 +6.492992489e+01 +6.492992489e+01 +1.1159e+00 -6.7512e-01 -5.4754e-01 -2.5343e-01 -8.9058e-01 +1.7479e-01 -7.4520e-01 -2.1999e+00 -9.1027e-01 +8.6084e-01
