% f evaluations | g evaluations | best noise-free fitness - Fopt (4.078000000000e+01) + sum g_i+ | measured fitness | best measured fitness or single-digit g-values | x1 | x2...
1 0 +3.454477296e+01 +7.532477296e+01 +7.532477296e+01 +0.0000e+00 +0.0000e+00 +0.0000e+00 +0.0000e+00 +0.0000e+00
8 0 +2.815551820e+01 +6.893551820e+01 +6.893551820e+01 -9.0564e-02 +8.4424e-02 -2.8183e-02 -1.8777e-01 +7.4957e-02
40 0 +2.550362385e+01 +6.628362385e+01 +6.628362385e+01 -2.9986e-02 +1.7166e-01 -2.9321e-01 -4.9984e-01 +4.7990e-01
41 0 +2.210378868e+01 +6.288378868e+01 +6.288378868e+01 -1.1233e-01 +6.1503e-01 -2.3147e-01 -2.9520e-01 +4.9474e-01
54 0 +1.922681725e+01 +6.000681725e+01 +6.000681725e+01 -2.9921e-02 +4.1278e-01 -3.0467e-01 -1.2006e+00 +7.5847e-01
57 0 +1.529133455e+01 +5.607133455e+01 +5.607133455e+01 -4.6409e-01 +6.4581e-01 -7.2982e-01 -1.0958e+00 +4.9715e-01
66 0 +1.302094546e+01 +5.380094546e+01 +5.380094546e+01 -2.6936e-01 +3.5089e-01 -6.1296e-02 -1.3916e+00 +3.9854e-01
102 0 +9.210489702e+00 +4.999048970e+01 +4.999048970e+01 -4.9178e-01 +5.5997e-01 -1.0516e-01 -1.3740e+00 +7.6223e-01
112 0 +8.072039509e+00 +4.885203951e+01 +4.885203951e+01 -6.7291e-01 +7.8834e-01 -2.1195e-01 -1.8501e+00 +9.0661e-01
146 0 +7.611145880e+00 +4.839114588e+01 +4.839114588e+01 -8.1179e-01 +6.2205e-01 -2.0463e-01 -1.5821e+00 +8.9423e-01
162 0 +7.527974069e+00 +4.830797407e+01 +4.830797407e+01 -8.7291e-01 +8.9695e-01 -2.5685e-01 -1.4719e+00 +1.1674e+00
164 0 +6.979998346e+00 +4.775999835e+01 +4.775999835e+01 -8.4591e-01 +1.0681e+00 -5.1494e-02 -1.5825e+00 +1.2756e+00
170 0 +6.662646980e+00 +4.744264698e+01 +4.744264698e+01 -1.1289e+00 +9.5526e-01 -3.2591e-01 -1.7339e+00 +1.1538e+00
178 0 +4.465340062e+00 +4.524534006e+01 +4.524534006e+01 -1.2248e+00 +8.9518e-01 +3.7963e-01 -1.7283e+00 +1.3963e+00
186 0 +4.362351640e+00 +4.514235164e+01 +4.514235164e+01 -1.0914e+00 +6.2745e-01 +2.5158e-01 -1.5923e+00 +1.0376e+00
189 0 +4.167582304e+00 +4.494758230e+01 +4.494758230e+01 -9.2942e-01 +1.0495e+00 -1.1193e-01 -1.5728e+00 +6.7320e-01
194 0 +3.661137294e+00 +4.444113729e+01 +4.444113729e+01 -1.0208e+00 +8.4915e-01 +2.3832e-01 -1.4437e+00 +1.0359e+00
207 0 +2.587267456e+00 +4.336726746e+01 +4.336726746e+01 -1.1814e+00 +8.8052e-01 +3.1827e-01 -1.5521e+00 +1.0633e+00
212 0 +2.492657546e+00 +4.327265755e+01 +4.327265755e+01 -9.5548e-01 +9.6759e-01 +5.1589e-01 -1.5382e+00 +7.9840e-01
217 0 +2.423950757e+00 +4.320395076e+01 +4.320395076e+01 -1.1401e+00 +8.5831e-01 +4.1138e-01 -1.7325e+00 +9.3077e-01
219 0 +2.326568504e+00 +4.310656850e+01 +4.310656850e+01 -1.4748e+00 +8.6935e-01 +2.1539e-01 -1.9372e+00 +9.7735e-01
223 0 +2.157535068e+00 +4.293753507e+01 +4.293753507e+01 -1.5488e+00 +1.1473e+00 +5.1609e-01 -1.7914e+00 +1.2345e+00
225 0 +1.929166684e+00 +4.270916668e+01 +4.270916668e+01 -1.4436e+00 +1.2374e+00 +5.5210e-01 -1.7531e+00 +9.1390e-01
244 0 +1.833377368e+00 +4.261337737e+01 +4.261337737e+01 -1.7979e+00 +1.0660e+00 +6.2151e-01 -1.4488e+00 +9.2561e-01
253 0 +1.675004550e+00 +4.245500455e+01 +4.245500455e+01 -1.6896e+00 +1.1670e+00 +3.2760e-01 -1.4218e+00 +7.9521e-01
268 0 +1.644611203e+00 +4.242461120e+01 +4.242461120e+01 -1.6258e+00 +1.1365e+00 +3.0929e-01 -1.3585e+00 +4.1570e-01
280 0 +1.591817087e+00 +4.237181709e+01 +4.237181709e+01 -1.7991e+00 +1.0847e+00 +3.1645e-01 -1.5197e+00 +4.2322e-01
298 0 +1.443189363e+00 +4.222318936e+01 +4.222318936e+01 -1.8014e+00 +1.1727e+00 +4.3458e-01 -1.6761e+00 +4.8406e-01
302 0 +1.390042968e+00 +4.217004297e+01 +4.217004297e+01 -1.8173e+00 +1.2448e+00 +6.9642e-01 -1.5727e+00 +5.0557e-01
371 0 +1.311908430e+00 +4.209190843e+01 +4.209190843e+01 -1.7105e+00 +1.1494e+00 +5.1800e-01 -1.5851e+00 +5.7134e-01
409 0 +1.280753680e+00 +4.206075368e+01 +4.206075368e+01 -1.8031e+00 +1.2504e+00 +5.0905e-01 -1.4732e+00 +5.4792e-01
424 0 +1.258355862e+00 +4.203835586e+01 +4.203835586e+01 -1.7710e+00 +1.2397e+00 +5.4707e-01 -1.5013e+00 +5.6071e-01
% f evaluations | g evaluations | best noise-free fitness - Fopt (-1.600000000000e+00) + sum g_i+ | measured fitness | best measured fitness or single-digit g-values | x1 | x2...
1 0 +4.431357451e+01 +4.271357451e+01 +4.271357451e+01 +0.0000e+00 +0.0000e+00 +0.0000e+00 +0.0000e+00 +0.0000e+00
2 0 +3.227263784e+01 +3.067263784e+01 +3.067263784e+01 +4.3379e-01 +3.0692e-02 +9.8026e-02 +3.4094e-01 +2.4727e-01
9 0 +2.906405146e+01 +2.746405146e+01 +2.746405146e+01 +6.4105e-01 +2.7589e-01 +1.3137e-01 +7.7185e-02 +2.3934e-01
11 0 +2.499256085e+01 +2.339256085e+01 +2.339256085e+01 +5.5951e-01 -2.8420e-01 +1.9271e-01 +2.8514e-01 +6.7631e-01
15 0 +1.970107583e+01 +1.810107583e+01 +1.810107583e+01 +9.4531e-01 +2.1639e-01 +3.2274e-01 -3.9395e-01 +6.8795e-01
20 0 +1.748406156e+01 +1.588406156e+01 +1.588406156e+01 +1.0076e+00 -3.4227e-01 +3.8089e-01 -1.3182e-01 +2.5773e-01
27 0 +1.193045121e+01 +1.033045121e+01 +1.033045121e+01 +1.1789e+00 -1.3359e-01 +7.0109e-01 -1.4473e-02 +8.4106e-01
29 0 +1.148359258e+01 +9.883592577e+00 +9.883592577e+00 +1.8792e+00 -7.1282e-01 +6.1868e-01 -3.9703e-01 +9.2677e-02
30 0 +1.040228926e+01 +8.802289261e+00 +8.802289261e+00 +1.2951e+00 +3.9676e-02 +8.5661e-01 -1.5605e-01 +7.5938e-01
38 0 +9.430194344e+00 +7.830194344e+00 +7.830194344e+00 +1.7215e+00 -1.7651e-01 +6.3952e-01 -3.8136e-01 +6.1141e-01
73 0 +9.173131073e+00 +7.573131073e+00 +7.573131073e+00 +2.1870e+00 -4.3191e-01 +7.0612e-01 -5.4335e-01 +1.0009e+00
77 0 +8.865589722e+00 +7.265589722e+00 +7.265589722e+00 +2.0075e+00 -6.5988e-01 +1.0524e+00 +1.8569e-01 +1.1090e+00
102 0 +8.446968054e+00 +6.846968054e+00 +6.846968054e+00 +2.3544e+00 -6.1586e-01 +1.7201e+00 -2.3364e-01 +1.3012e+00
109 0 +7.961046281e+00 +6.361046281e+00 +6.361046281e+00 +2.1616e+00 -7.6175e-01 +1.2653e+00 -1.9879e-01 +7.5299e-01
118 0 +7.753978107e+00 +6.153978107e+00 +6.153978107e+00 +2.1219e+00 -6.6336e-01 +1.2454e+00 -3.0900e-01 +9.8296e-01
154 0 +7.465345200e+00 +5.865345200e+00 +5.865345200e+00 +2.0634e+00 -4.8040e-01 +1.2080e+00 -3.5138e-01 +9.3673e-01
163 0 +7.305944665e+00 +5.705944665e+00 +5.705944665e+00 +1.8507e+00 -4.1309e-01 +1.2287e+00 -3.4914e-01 +9.8105e-01
181 0 +7.177092718e+00 +5.577092718e+00 +5.577092718e+00 +1.8695e+00 -3.4279e-01 +1.3326e+00 -3.4347e-01 +1.0392e+00
212 0 +7.052724432e+00 +5.452724432e+00 +5.452724432e+00 +1.9260e+00 -2.6695e-01 +1.4840e+00 -2.0047e-01 +9.2019e-01
% f evaluations | g evaluations | best noise-free fitness - Fopt (-3.708400000000e+02) + sum g_i+ | measured fitness | best measured fitness or single-digit g-values | x1 | x2...
1 0 +6.618478373e+01 -3.046552163e+02 -3.046552163e+02 +0.0000e+00 +0.0000e+00 +0.0000e+00 +0.0000e+00 +0.0000e+00
8 0 +6.457696469e+01 -3.062630353e+02 -3.062630353e+02 -9.0564e-02 +8.4424e-02 -2.8183e-02 -1.8777e-01 +7.4957e-02
12 0 +6.447252229e+01 -3.063674777e+02 -3.063674777e+02 +4.7310e-02 +2.5098e-01 -3.9967e-01 +1.0231e-01 -7.7979e-02
26 0 +6.067978597e+01 -3.101602140e+02 -3.101602140e+02 -1.1117e-01 +4.0354e-01 -5.1294e-01 +8.9610e-02 -4.2713e-01
41 0 +5.401464763e+01 -3.168253524e+02 -3.168253524e+02 +2.4601e-02 +1.0648e+00 -3.7297e-01 +2.4248e-01 -1.8999e-01
57 0 +4.658171593e+01 -3.242582841e+02 -3.242582841e+02 -2.1480e-01 +1.2494e+00 -8.7862e-01 -3.2722e-01 -4.0946e-01
75 0 +4.227630399e+01 -3.285636960e+02 -3.285636960e+02 -3.7205e-01 +1.7459e+00 -1.1249e+00 -6.2480e-01 -3.1577e-01
102 0 +4.089958463e+01 -3.299404154e+02 -3.299404154e+02 -1.2772e-01 +1.2703e+00 -1.3269e-01 -4.6103e-01 -2.9864e-01
104 0 +3.671080446e+01 -3.341291955e+02 -3.341291955e+02 -3.0313e-01 +1.5550e+00 -7.9471e-01 -4.8533e-01 -9.0903e-01
106 0 +3.527368267e+01 -3.355663173e+02 -3.355663173e+02 -1.1309e-01 +1.6845e+00 -5.2530e-01 -8.0502e-01 -3.9348e-01
107 0 +3.405946280e+01 -3.367805372e+02 -3.367805372e+02 -1.3498e-01 +2.0780e+00 -8.6201e-01 -1.9259e-02 -1.3328e+00
112 0 +2.763239939e+01 -3.432076006e+02 -3.432076006e+02 -2.7795e-01 +1.9352e+00 -3.0954e-01 -6.7583e-01 -5.1556e-01
122 0 +2.567196116e+01 -3.451680388e+02 -3.451680388e+02 -2.2732e-01 +2.5293e+00 -7.6315e-01 -8.4654e-01 -9.6432e-01
146 0 +2.480203242e+01 -3.460379676e+02 -3.460379676e+02 -2.8809e-01 +2.5399e+00 -7.2120e-01 -3.6049e-01 -1.1471e+00
160 0 +2.448120149e+01 -3.463587985e+02 -3.463587985e+02 -4.7878e-01 +2.4266e+00 -5.8565e-01 -6.4766e-01 -5.3538e-01
162 0 +2.302641578e+01 -3.478135842e+02 -3.478135842e+02 -3.4329e-01 +3.0367e+00 -7.9777e-01 -3.3607e-01 -9.5037e-01
164 0 +1.855430243e+01 -3.522856976e+02 -3.522856976e+02 -2.9313e-01 +3.3395e+00 -5.3466e-01 -4.2121e-01 -9.2916e-01
181 0 +1.806916592e+01 -3.527708341e+02 -3.527708341e+02 -3.7098e-01 +3.0288e+00 -3.6258e-01 -5.6489e-01 -8.0324e-01
194 0 +1.644680761e+01 -3.543931924e+02 -3.543931924e+02 -5.0248e-01 +2.9526e+00 -5.0274e-02 -3.6520e-01 -7.3156e-01
202 0 +1.500979219e+01 -3.558302078e+02 -3.558302078e+02 -2.9568e-01 +3.2882e+00 -1.9319e-01 -5.6598e-01 -9.2105e-01
212 0 +1.229450575e+01 -3.585454943e+02 -3.585454943e+02 -4.2146e-01 +3.7505e+00 -5.5662e-02 -5.3916e-01 -1.0653e+00
213 0 +1.184193108e+01 -3.589980689e+02 -3.589980689e+02 -6.0346e-01 +3.9311e+00 +3.3814e-01 -8.3938e-01 -4.4189e-01
235 0 +1.135771050e+01 -3.594822895e+02 -3.594822895e+02 -7.4449e-01 +4.0563e+00 +4.8591e-01 -6.1019e-01 -4.4783e-01
251 0 +9.883359627e+00 -3.609566404e+02 -3.609566404e+02 -5.4131e-01 +4.6956e+00 +4.2710e-01 -5.0022e-01 -4.5032e-01
289 0 +9.668324016e+00 -3.611716760e+02 -3.611716760e+02 -5.6904e-01 +4.1114e+00 +4.6368e-01 -2.5021e-01 -5.9127e-01
293 0 +9.519409740e+00 -3.613205903e+02 -3.613205903e+02 -5.9743e-01 +4.3228e+00 +5.5801e-01 -2.5380e-01 -7.6451e-01
314 0 +9.257465514e+00 -3.615825345e+02 -3.615825345e+02 -5.2938e-01 +4.3466e+00 +7.7851e-01 -2.8860e-01 -3.5086e-01
328 0 +9.096985587e+00 -3.617430144e+02 -3.617430144e+02 -5.5868e-01 +4.6757e+00 +6.8236e-01 -2.6032e-01 -4.9646e-01
413 0 +8.861388683e+00 -3.619786113e+02 -3.619786113e+02 -4.5596e-01 +4.4263e+00 +5.8410e-01 -2.1349e-01 -5.8790e-01
442 0 +8.702761283e+00 -3.621372387e+02 -3.621372387e+02 -4.0277e-01 +4.6466e+00 +7.0810e-01 -1.2284e-01 -5.3205e-01
571 0 +8.505041906e+00 -3.623349581e+02 -3.623349581e+02 -2.7695e-01 +4.6810e+00 +8.0933e-01 -1.7974e-01 -4.8051e-01
668 0 +8.284621161e+00 -3.625553788e+02 -3.625553788e+02 -1.3364e-01 +4.8174e+00 +7.5509e-01 -2.5346e-01 -6.5487e-01
829 0 +8.125772910e+00 -3.627142271e+02 -3.627142271e+02 -7.0991e-02 +4.8534e+00 +8.2949e-01 -4.3414e-01 -8.2022e-01
% f evaluations | g evaluations | best noise-free fitness - Fopt (-3.256000000000e+01) + sum g_i+ | measured fitness | best measured fitness or single-digit g-values | x1 | x2...
1 0 +5.577473827e+01 +2.321473827e+01 +2.321473827e+01 +0.0000e+00 +0.0000e+00 +0.0000e+00 +0.0000e+00 +0.0000e+00
3 0 +5.362447403e+01 +2.106447403e+01 +2.106447403e+01 +1.7369e-01 -1.1375e-01 -3.0566e-01 +1.1285e-01 -1.5359e-01
22 0 +5.088325915e+01 +1.832325915e+01 +1.832325915e+01 +2.4085e-01 +2.2464e-01 -4.7382e-01 +4.2691e-01 +4.8142e-02
33 0 +4.443231982e+01 +1.187231982e+01 +1.187231982e+01 +4.5370e-01 +4.1455e-01 -5.0010e-01 +4.4297e-01 -2.3621e-01
47 0 +3.403771236e+01 +1.477712365e+00 +1.477712365e+00 +4.5388e-01 +6.1806e-01 -1.0162e+00 +3.5514e-01 -5.0079e-01
68 0 +3.080184344e+01 -1.758156564e+00 -1.758156564e+00 +7.3271e-01 +9.9810e-01 -1.8361e+00 +5.3124e-01 -3.8511e-01
71 0 +2.901166215e+01 -3.548337852e+00 -3.548337852e+00 +2.8438e-01 +7.1892e-01 -1.6158e+00 +4.2893e-01 -4.8474e-01
72 0 +1.819463295e+01 -1.436536705e+01 -1.436536705e+01 +2.1291e-01 +1.3032e+00 -2.1391e+00 +9.7233e-01 -9.4916e-01
93 0 +1.529291695e+01 -1.726708305e+01 -1.726708305e+01 +1.2248e+00 +9.6368e-01 -1.6855e+00 +1.6112e+00 -1.3237e+00
105 0 +1.337009158e+01 -1.918990842e+01 -1.918990842e+01 +1.0031e+00 +9.2102e-01 -1.9618e+00 +1.7382e+00 -1.4231e+00
109 0 +1.109042079e+01 -2.146957921e+01 -2.146957921e+01 +6.8861e-01 +1.0873e+00 -1.8767e+00 +1.5656e+00 -1.3717e+00
110 0 +8.074220128e+00 -2.448577987e+01 -2.448577987e+01 +8.0838e-01 +1.1924e+00 -2.3514e+00 +2.0777e+00 -2.3017e+00
139 0 +7.889619452e+00 -2.467038055e+01 -2.467038055e+01 +1.0877e+00 +1.3384e+00 -1.9688e+00 +2.2282e+00 -2.0984e+00
211 0 +7.659766846e+00 -2.490023315e+01 -2.490023315e+01 +4.9515e-01 +1.1443e+00 -1.5708e+00 +2.1449e+00 -1.8790e+00
221 0 +7.528206371e+00 -2.503179363e+01 -2.503179363e+01 +6.4416e-01 +1.2189e+00 -1.4061e+00 +2.2358e+00 -1.7953e+00
226 0 +7.338197062e+00 -2.522180294e+01 -2.522180294e+01 +6.0938e-01 +1.3127e+00 -1.5443e+00 +2.3249e+00 -1.9310e+00
231 0 +6.605765604e+00 -2.595423440e+01 -2.595423440e+01 +3.8636e-01 +1.4036e+00 -1.6045e+00 +2.2146e+00 -2.0286e+00
255 0 +6.155521908e+00 -2.640447809e+01 -2.640447809e+01 +4.1015e-01 +1.4098e+00 -1.6556e+00 +2.1537e+00 -2.0703e+00
263 0 +5.968136054e+00 -2.659186395e+01 -2.659186395e+01 +4.7957e-01 +1.3281e+00 -1.6138e+00 +2.1551e+00 -2.0775e+00
268 0 +5.525869607e+00 -2.703413039e+01 -2.703413039e+01 +4.2327e-01 +1.3731e+00 -1.5366e+00 +2.2216e+00 -2.1250e+00
273 0 +5.054754247e+00 -2.750524575e+01 -2.750524575e+01 +3.7059e-01 +1.3627e+00 -1.5191e+00 +2.2669e+00 -2.2515e+00
291 0 +4.668464250e+00 -2.789153575e+01 -2.789153575e+01 +4.0491e-01 +1.4895e+00 -1.6882e+00 +2.0960e+00 -2.2033e+00
293 0 +4.306777506e+00 -2.825322249e+01 -2.825322249e+01 +3.4744e-01 +1.4882e+00 -1.5541e+00 +2.3788e+00 -2.4479e+00
302 0 +3.931986887e+00 -2.862801311e+01 -2.862801311e+01 +3.1674e-01 +1.4318e+00 -1.4158e+00 +2.2418e+00 -2.2720e+00
318 0 +3.057467341e+00 -2.950253266e+01 -2.950253266e+01 +3.6913e-02 +1.5635e+00 -1.3644e+00 +1.9663e+00 -2.3361e+00
344 0 +2.619670181e+00 -2.994032982e+01 -2.994032982e+01 +2.8989e-01 +1.4164e+00 -1.2267e+00 +2.1291e+00 -2.3219e+00
349 0 +2.499265133e+00 -3.006073487e+01 -3.006073487e+01 +1.9741e-01 +1.5900e+00 -1.1872e+00 +2.2590e+00 -2.4040e+00
353 0 +2.408782211e+00 -3.015121779e+01 -3.015121779e+01 +3.0255e-01 +1.5056e+00 -1.3688e+00 +1.9511e+00 -2.3114e+00
356 0 +2.347457260e+00 -3.021254274e+01 -3.021254274e+01 +2.3394e-01 +1.6703e+00 -1.3884e+00 +2.1434e+00 -2.4600e+00
365 0 +2.190716098e+00 -3.036928390e+01 -3.036928390e+01 +1.4752e-01 +1.5917e+00 -1.3512e+00 +2.0232e+00 -2.5267e+00
366 0 +2.147346739e+00 -3.041265326e+01 -3.041265326e+01 +2.6028e-01 +1.5922e+00 -1.2057e+00 +2.2224e+00 -2.5057e+00
403 0 +2.062124612e+00 -3.049787539e+01 -3.049787539e+01 +2.2413e-01 +1.7310e+00 -1.4496e+00 +2.1356e+00 -2.7304e+00
451 0 +2.040151061e+00 -3.051984894e+01 -3.051984894e+01 +2.4497e-01 +1.6370e+00 -1.2068e+00 +2.1696e+00 -2.6023e+00
454 0 +1.980092045e+00 -3.057990796e+01 -3.057990796e+01 +3.0678e-01 +1.7019e+00 -1.1599e+00 +2.1901e+00 -2.7161e+00
534 0 +1.943517038e+00 -3.061648296e+01 -3.061648296e+01 +2.6794e-01 +1.7815e+00 -1.0453e+00 +2.1860e+00 -2.8345e+00
542 0 +1.897366896e+00 -3.066263310e+01 -3.066263310e+01 +2.4857e-01 +1.6938e+00 -1.0027e+00 +2.1538e+00 -2.8818e+00
608 0 +1.836404791e+00 -3.072359521e+01 -3.072359521e+01 +2.7515e-01 +1.7391e+00 -1.1357e+00 +2.0806e+00 -2.9277e+00
618 0 +1.778776049e+00 -3.078122395e+01 -3.078122395e+01 +2.8478e-01 +1.8239e+00 -1.1742e+00 +2.0437e+00 -3.1448e+00
637 0 +1.729430675e+00 -3.083056932e+01 -3.083056932e+01 +3.2603e-01 +1.7294e+00 -1.2563e+00 +1.9761e+00 -3.0149e+00
648 0 +1.650982050e+00 -3.090901795e+01 -3.090901795e+01 +4.3791e-01 +1.7573e+00 -1.3516e+00 +1.9869e+00 -3.0660e+00
694 0 +1.613874762e+00 -3.094612524e+01 -3.094612524e+01 +5.2448e-01 +1.8348e+00 -1.4133e+00 +2.0723e+00 -3.2639e+00
713 0 +1.536541997e+00 -3.102345800e+01 -3.102345800e+01 +5.7114e-01 +1.7749e+00 -1.3921e+00 +2.0164e+00 -3.2566e+00
738 0 +1.461641211e+00 -3.109835879e+01 -3.109835879e+01 +5.4758e-01 +1.7558e+00 -1.3658e+00 +2.0223e+00 -3.3037e+00
776 0 +1.442767017e+00 -3.111723298e+01 -3.111723298e+01 +5.1224e-01 +1.7387e+00 -1.3449e+00 +2.0332e+00 -3.2592e+00
840 0 +1.404275113e+00 -3.115572489e+01 -3.115572489e+01 +5.6202e-01 +1.7535e+00 -1.4962e+00 +2.0315e+00 -3.3229e+00
863 0 +1.360298325e+00 -3.119970168e+01 -3.119970168e+01 +5.6767e-01 +1.7120e+00 -1.4466e+00 +1.9974e+00 -3.3362e+00
876 0 +1.324866383e+00 -3.123513362e+01 -3.123513362e+01 +5.7343e-01 +1.6682e+00 -1.4623e+00 +1.9839e+00 -3.3321e+00
901 0 +1.310670248e+00 -3.124932975e+01 -3.124932975e+01 +5.4777e-01 +1.6612e+00 -1.4396e+00 +2.0428e+00 -3.3060e+00
903 0 +1.271645493e+00 -3.128835451e+01 -3.128835451e+01 +6.1486e-01 +1.6817e+00 -1.5074e+00 +2.1035e+00 -3.4307e+00
983 0 +1.257367959e+00 -3.130263204e+01 -3.130263204e+01 +6.6154e-01 +1.6492e+00 -1.5271e+00 +2.1190e+00 -3.4411e+00
% f evaluations | g evaluations | best noise-free fitness - Fopt (5.154000000000e+02) + sum g_i+ | measured fitness | best measured fitness or single-digit g-values | x1 | x2...
1 0 +2.019037433e+01 +5.355903743e+02 +5.355903743e+02 +0.0000e+00 +0.0000e+00 +0.0000e+00 +0.0000e+00 +0.0000e+00
12 0 +1.747985667e+01 +5.328798567e+02 +5.328798567e+02 +4.7310e-02 +2.5098e-01 -3.9967e-01 +1.0231e-01 -7.7979e-02
13 0 +1.606304933e+01 +5.314630493e+02 +5.314630493e+02 -1.1489e-01 +1.4014e-01 -3.5483e-01 -6.8480e-03 -7.6776e-02
26 0 +1.298374977e+01 +5.283837498e+02 +5.283837498e+02 -1.2430e-01 +3.1085e-01 -5.6384e-01 +8.5661e-02 -5.1822e-01
47 0 +1.131473036e+01 +5.267147304e+02 +5.267147304e+02 -2.6404e-01 +3.0169e-01 -8.8035e-01 -4.0712e-03 -2.5568e-01
71 0 +9.754779801e+00 +5.251547798e+02 +5.251547798e+02 -5.6836e-01 +2.5684e-01 -1.2083e+00 -2.9501e-02 -2.0879e-01
74 0 +9.338811248e+00 +5.247388112e+02 +5.247388112e+02 -4.7158e-01 +3.8284e-01 -1.8808e+00 -6.3794e-02 -4.8570e-01
82 0 +9.004381863e+00 +5.244043819e+02 +5.244043819e+02 -4.7389e-01 +5.4002e-02 -1.1894e+00 -1.3459e-02 -4.3488e-01
84 0 +8.584765086e+00 +5.239847651e+02 +5.239847651e+02 -9.4077e-01 -1.8819e-01 -1.5335e+00 +2.2723e-01 -3.2781e-01
85 0 +7.611769825e+00 +5.230117698e+02 +5.230117698e+02 -6.6095e-01 +5.5327e-01 -2.1279e+00 -2.6931e-01 -8.0976e-01
104 0 +5.476637994e+00 +5.208766380e+02 +5.208766380e+02 -1.0900e+00 -1.1258e-02 -1.6108e+00 +8.5132e-02 -6.6638e-01
118 0 +4.857690358e+00 +5.202576904e+02 +5.202576904e+02 -1.1178e+00 -1.5814e-01 -1.8273e+00 +3.3560e-01 -1.0690e+00
134 0 +4.235703928e+00 +5.196357039e+02 +5.196357039e+02 -1.2319e+00 +2.2589e-01 -2.2097e+00 +2.5119e-01 -1.3943e+00
138 0 +3.580929454e+00 +5.189809295e+02 +5.189809295e+02 -1.2578e+00 +4.8650e-01 -2.4186e+00 -1.7645e-01 -1.0896e+00
146 0 +2.381655603e+00 +5.177816556e+02 +5.177816556e+02 -1.3883e+00 +1.4446e-01 -2.0405e+00 +1.6620e-01 -1.1397e+00
172 0 +2.277762422e+00 +5.176777624e+02 +5.176777624e+02 -1.5190e+00 +4.6266e-01 -2.4401e+00 -3.4857e-02 -1.2705e+00
178 0 +2.016796631e+00 +5.174167966e+02 +5.174167966e+02 -1.4914e+00 +1.9091e-01 -1.5080e+00 +4.5499e-02 -1.1641e+00
182 0 +1.785749699e+00 +5.171857497e+02 +5.171857497e+02 -1.8047e+00 +6.0204e-01 -2.4725e+00 -1.5440e-01 -1.5251e+00
195 0 +1.588039465e+00 +5.169880395e+02 +5.169880395e+02 -1.8345e+00 +4.2590e-01 -2.6005e+00 -1.7260e-01 -1.7797e+00
208 0 +1.477581767e+00 +5.168775818e+02 +5.168775818e+02 -1.7436e+00 +4.0225e-01 -2.3586e+00 -4.1115e-02 -1.6119e+00
211 0 +5.052062802e-01 +5.159052063e+02 +5.159052063e+02 -2.3332e+00 +3.6762e-01 -2.7473e+00 -7.7501e-02 -2.0738e+00
229 0 +1.610238217e-01 +5.155610238e+02 +5.155610238e+02 -2.5206e+00 +1.8354e-01 -2.5070e+00 -5.5013e-02 -1.9841e+00
253 0 +1.348325159e-01 +5.155348325e+02 +5.155348325e+02 -2.6229e+00 +2.0010e-01 -2.4847e+00 -5.8340e-02 -2.0905e+00
278 0 +6.641297276e-02 +5.154664130e+02 +5.154664130e+02 -2.8778e+00 -1.9739e-01 -2.3952e+00 +2.2860e-01 -2.3867e+00
310 0 +5.773637658e-02 +5.154577364e+02 +5.154577364e+02 -2.7580e+00 -7.5396e-03 -2.3675e+00 +7.2228e-02 -2.1498e+00
333 0 +4.084291151e-02 +5.154408429e+02 +5.154408429e+02 -3.3869e+00 -1.2385e-01 -2.7002e+00 +6.0747e-02 -2.5032e+00
337 0 +3.986098210e-02 +5.154398610e+02 +5.154398610e+02 -3.0129e+00 -9.5804e-02 -2.2638e+00 +1.1836e-01 -2.2744e+00
369 0 +3.643592546e-02 +5.154364359e+02 +5.154364359e+02 -3.3203e+00 -2.2293e-01 -2.4915e+00 +5.0304e-02 -2.3867e+00
376 0 +3.230459374e-02 +5.154323046e+02 +5.154323046e+02 -3.4039e+00 -1.4454e-01 -2.6209e+00 +1.4888e-01 -2.5506e+00
385 0 +3.135333701e-02 +5.154313533e+02 +5.154313533e+02 -3.1921e+00 -6.8388e-02 -2.6031e+00 +1.4334e-01 -2.4247e+00
386 0 +3.060765006e-02 +5.154306077e+02 +5.154306077e+02 -2.9875e+00 -1.3421e-01 -2.2909e+00 +9.7849e-02 -2.1882e+00
388 0 +2.291748400e-02 +5.154229175e+02 +5.154229175e+02 -3.1855e+00 -1.0803e-01 -2.5040e+00 +1.2006e-01 -2.3918e+00
393 0 +2.093810211e-02 +5.154209381e+02 +5.154209381e+02 -3.2590e+00 -1.5984e-01 -2.5311e+00 +1.2473e-01 -2.4532e+00
397 0 +1.840173276e-02 +5.154184017e+02 +5.154184017e+02 -3.2442e+00 -1.6386e-01 -2.5407e+00 +1.2649e-01 -2.4356e+00
399 0 +1.388763359e-02 +5.154138876e+02 +5.154138876e+02 -3.1570e+00 -1.9322e-01 -2.5146e+00 +1.6776e-01 -2.3657e+00
407 0 +5.723518915e-03 +5.154057235e+02 +5.154057235e+02 -3.2266e+00 -3.3592e-01 -2.4544e+00 +1.7364e-01 -2.2962e+00
437 0 +5.447056669e-03 +5.154054471e+02 +5.154054471e+02 -3.2035e+00 -2.9631e-01 -2.4379e+00 +2.2983e-01 -2.3249e+00
449 0 +4.485444034e-03 +5.154044854e+02 +5.154044854e+02 -3.2007e+00 -3.2885e-01 -2.4360e+00 +2.5692e-01 -2.3558e+00
451 0 +4.399739432e-03 +5.154043997e+02 +5.154043997e+02 -3.2143e+00 -3.0731e-01 -2.4660e+00 +2.3043e-01 -2.3454e+00
453 0 +4.076003666e-03 +5.154040760e+02 +5.154040760e+02 -3.2014e+00 -3.1579e-01 -2.5189e+00 +2.6263e-01 -2.3486e+00
465 0 +3.831183139e-03 +5.154038312e+02 +5.154038312e+02 -3.2696e+00 -3.6184e-01 -2.4359e+00 +2.5107e-01 -2.3806e+00
466 0 +3.592834032e-03 +5.154035928e+02 +5.154035928e+02 -3.2780e+00 -4.0457e-01 -2.4360e+00 +2.7569e-01 -2.3934e+00
471 0 +2.430460979e-03 +5.154024305e+02 +5.154024305e+02 -3.3149e+00 -4.7408e-01 -2.4054e+00 +3.3064e-01 -2.3754e+00
474 0 +2.245457533e-03 +5.154022455e+02 +5.154022455e+02 -3.3756e+00 -4.5719e-01 -2.5804e+00 +2.8341e-01 -2.4738e+00
480 0 +1.455896355e-03 +5.154014559e+02 +5.154014559e+02 -3.3313e+00 -4.5886e-01 -2.4728e+00 +2.8409e-01 -2.3964e+00
490 0 +1.022232992e-03 +5.154010222e+02 +5.154010222e+02 -3.3610e+00 -4.9114e-01 -2.4833e+00 +3.2390e-01 -2.4246e+00
495 0 +8.247719669e-04 +5.154008248e+02 +5.154008248e+02 -3.3180e+00 -4.9892e-01 -2.4787e+00 +3.1844e-01 -2.3734e+00
516 0 +4.722990128e-04 +5.154004723e+02 +5.154004723e+02 -3.2912e+00 -6.0022e-01 -2.4940e+00 +4.0764e-01 -2.3350e+00
517 0 +3.962019210e-04 +5.154003962e+02 +5.154003962e+02 -3.3181e+00 -5.4355e-01 -2.5005e+00 +3.4745e-01 -2.3817e+00
533 0 +2.802686022e-04 +5.154002803e+02 +5.154002803e+02 -3.3248e+00 -5.6509e-01 -2.4943e+00 +3.6685e-01 -2.3139e+00
543 0 +2.389202878e-04 +5.154002389e+02 +5.154002389e+02 -3.3378e+00 -5.5404e-01 -2.5291e+00 +3.6532e-01 -2.3678e+00
544 0 +1.776622437e-04 +5.154001777e+02 +5.154001777e+02 -3.3425e+00 -5.7009e-01 -2.5745e+00 +3.6863e-01 -2.3741e+00
550 0 +1.584069317e-04 +5.154001584e+02 +5.154001584e+02 -3.3742e+00 -5.7085e-01 -2.5579e+00 +3.5706e-01 -2.4049e+00
551 0 +1.479386992e-04 +5.154001479e+02 +5.154001479e+02 -3.4049e+00 -5.8083e-01 -2.6055e+00 +3.7691e-01 -2.3887e+00
559 0 +1.310205814e-04 +5.154001310e+02 +5.154001310e+02 -3.4079e+00 -5.8473e-01 -2.5503e+00 +3.6834e-01 -2.4150e+00
560 0 +5.205345985e-05 +5.154000521e+02 +5.154000521e+02 -3.5053e+00 -6.5662e-01 -2.5904e+00 +3.7077e-01 -2.4444e+00
561 0 +5.042519206e-05 +5.154000504e+02 +5.154000504e+02 -3.4241e+00 -6.4448e-01 -2.5750e+00 +4.0898e-01 -2.4162e+00
568 0 +3.937207146e-05 +5.154000394e+02 +5.154000394e+02 -3.4420e+00 -6.1639e-01 -2.5752e+00 +3.7488e-01 -2.4165e+00
569 0 +2.660498410e-05 +5.154000266e+02 +5.154000266e+02 -3.4800e+00 -6.6356e-01 -2.5737e+00 +4.0815e-01 -2.4269e+00
580 0 +2.417567475e-05 +5.154000242e+02 +5.154000242e+02 -3.4900e+00 -6.6434e-01 -2.6231e+00 +3.9805e-01 -2.4458e+00
586 0 +6.280888897e-06 +5.154000063e+02 +5.154000063e+02 -3.4660e+00 -6.6366e-01 -2.5956e+00 +3.9356e-01 -2.4047e+00
604 0 +5.673265719e-06 +5.154000057e+02 +5.154000057e+02 -3.5288e+00 -7.2789e-01 -2.6448e+00 +4.0983e-01 -2.4262e+00
630 0 +2.673047675e-06 +5.154000027e+02 +5.154000027e+02 -3.4449e+00 -7.3284e-01 -2.5512e+00 +4.1132e-01 -2.3851e+00
631 0 +1.626733933e-06 +5.154000016e+02 +5.154000016e+02 -3.4487e+00 -6.8755e-01 -2.6138e+00 +3.9107e-01 -2.3805e+00
640 0 +7.399270316e-07 +5.154000007e+02 +5.154000007e+02 -3.4582e+00 -7.1889e-01 -2.6206e+00 +4.0980e-01 -2.3861e+00
658 0 +4.027872365e-07 +5.154000004e+02 +5.154000004e+02 -3.4669e+00 -7.2490e-01 -2.6126e+00 +4.0968e-01 -2.3815e+00
663 0 +1.936821263e-07 +5.154000002e+02 +5.154000002e+02 -3.4622e+00 -7.3046e-01 -2.6094e+00 +4.1598e-01 -2.3855e+00
673 0 +5.772653822e-08 +5.154000001e+02 +5.154000001e+02 -3.4538e+00 -7.2361e-01 -2.5985e+00 +4.1133e-01 -2.3851e+00
682 0 +3.694913175e-08 +5.154000000e+02 +5.154000000e+02 -3.4701e+00 -7.2908e-01 -2.5983e+00 +4.2082e-01 -2.3913e+00
739 0 +1.430214525e-08 +5.154000000e+02 +5.154000000e+02 -3.4705e+00 -7.2930e-01 -2.6050e+00 +4.1559e-01 -2.3920e+00
765 0 +1.276362127e-08 +5.154000000e+02 +5.154000000e+02 -3.4742e+00 -7.1900e-01 -2.5986e+00 +4.1079e-01 -2.4032e+00
767 0 +3.054310582e-09 +5.154000000e+02 +5.154000000e+02 -3.4689e+00 -7.2406e-01 -2.5981e+00 +4.1535e-01 -2.3973e+00
937 0 +0.000000000e+00 +5.154000000e+02 +5.154000000e+02 -3.4728e+00 -7.2882e-01 -2.5933e+00 +4.1588e-01 -2.3949e+00
% f evaluations | g evaluations | best noise-free fitness - Fopt (-8.628000000000e+01) + sum g_i+ | measured fitness | best measured fitness or single-digit g-values | x1 | x2...
1 0 +6.603546277e+01 -2.024453723e+01 -2.024453723e+01 +0.0000e+00 +0.0000e+00 +0.0000e+00 +0.0000e+00 +0.0000e+00
2 0 +6.557875443e+01 -2.070124557e+01 -2.070124557e+01 +4.3379e-01 +3.0692e-02 +9.8026e-02 +3.4094e-01 +2.4727e-01
9 0 +5.744225102e+01 -2.883774898e+01 -2.883774898e+01 +6.4105e-01 +2.7589e-01 +1.3137e-01 +7.7185e-02 +2.3934e-01
15 0 +4.993507038e+01 -3.634492962e+01 -3.634492962e+01 +8.4186e-01 +2.8635e-01 +3.3243e-01 -5.0997e-01 +6.9281e-01
30 0 +4.854220833e+01 -3.773779167e+01 -3.773779167e+01 +1.0052e+00 +3.4876e-01 +4.8998e-01 -2.0791e-01 +7.1272e-01
33 0 +4.338785951e+01 -4.289214049e+01 -4.289214049e+01 +1.3201e+00 +6.7938e-01 +6.2358e-02 +3.6976e-01 +1.9330e-01
34 0 +3.824401999e+01 -4.803598001e+01 -4.803598001e+01 +1.3840e+00 +5.5242e-01 -7.1481e-02 +1.6981e-01 +1.2261e-01
38 0 +3.678305406e+01 -4.949694594e+01 -4.949694594e+01 +1.3498e+00 +5.3235e-01 +2.2958e-01 -1.2294e-01 +2.9191e-01
41 0 +3.071414152e+01 -5.556585848e+01 -5.556585848e+01 +1.0929e+00 +1.3709e+00 +1.7719e-01 +4.1340e-02 +6.1211e-01
51 0 +2.458021689e+01 -6.169978311e+01 -6.169978311e+01 +1.8541e+00 +1.2129e+00 +4.4867e-02 -6.1881e-01 +5.7240e-01
64 0 +2.402181803e+01 -6.225818197e+01 -6.225818197e+01 +1.7277e+00 +1.3866e+00 +2.3065e-02 -3.8294e-01 +1.2927e+00
71 0 +2.208808432e+01 -6.419191568e+01 -6.419191568e+01 +1.1058e+00 +1.3049e+00 -4.7299e-01 -2.7106e-01 +7.1591e-01
157 0 +2.062515570e+01 -6.565484430e+01 -6.565484430e+01 +1.6883e+00 +1.8766e+00 -3.7265e-01 -2.2963e-01 +1.5586e+00
169 0 +2.040659682e+01 -6.587340318e+01 -6.587340318e+01 +1.3170e+00 +1.5287e+00 -5.4487e-01 -3.9853e-02 +1.4356e+00
170 0 +1.730908925e+01 -6.897091075e+01 -6.897091075e+01 +1.1138e+00 +1.7964e+00 -3.0126e-01 -4.1858e-01 +1.4384e+00
187 0 +1.681730726e+01 -6.946269274e+01 -6.946269274e+01 +1.4168e+00 +2.5385e+00 -4.7857e-01 -3.8429e-01 +1.6332e+00
206 0 +1.396951226e+01 -7.231048774e+01 -7.231048774e+01 +1.2090e+00 +2.3920e+00 -7.4532e-01 -2.8091e-01 +1.3286e+00
255 0 +1.336451986e+01 -7.291548014e+01 -7.291548014e+01 +1.2263e+00 +2.2726e+00 -5.9663e-01 -4.1999e-01 +1.4592e+00
275 0 +1.264618940e+01 -7.363381060e+01 -7.363381060e+01 +9.8103e-01 +2.2966e+00 -7.9781e-01 -4.2217e-01 +1.4709e+00
279 0 +1.243016511e+01 -7.384983489e+01 -7.384983489e+01 +1.0624e+00 +2.3587e+00 -7.2312e-01 -3.9911e-01 +1.6444e+00
281 0 +1.153719049e+01 -7.474280951e+01 -7.474280951e+01 +1.0957e+00 +2.5714e+00 -9.7899e-01 -4.4887e-01 +1.4048e+00
298 0 +1.131783734e+01 -7.496216266e+01 -7.496216266e+01 +1.0930e+00 +2.6540e+00 -9.8085e-01 -5.9618e-01 +1.4837e+00
317 0 +1.113584581e+01 -7.514415419e+01 -7.514415419e+01 +9.8644e-01 +2.7917e+00 -9.8987e-01 -5.5767e-01 +1.7027e+00
% f evaluations | g evaluations | best noise-free fitness - Fopt (2.224000000000e+01) + sum g_i+ | measured fitness | best measured fitness or single-digit g-values | x1 | x2...
1 0 +4.904064728e+01 +7.128064728e+01 +7.128064728e+01 +0.0000e+00 +0.0000e+00 +0.0000e+00 +0.0000e+00 +0.0000e+00
3 0 +3.877255729e+01 +6.101255729e+01 +6.101255729e+01 +1.7369e-01 -1.1375e-01 -3.0566e-01 +1.1285e-01 -1.5359e-01
12 0 +3.053471726e+01 +5.277471726e+01 +5.277471726e+01 +2.7226e-01 +3.1310e-01 -4.4670e-01 +1.9908e-01 -2.4384e-01
14 0 +2.674170985e+01 +4.898170985e+01 +4.898170985e+01 +4.5441e-01 +5.2367e-02 -7.2608e-01 +3.1117e-01 -2.2721e-01
22 0 +2.294991586e+01 +4.518991586e+01 +4.518991586e+01 +5.5937e-01 +5.2791e-01 -8.4459e-01 +5.8110e-01 -2.1436e-01
33 0 +1.903290400e+01 +4.127290400e+01 +4.127290400e+01 +1.1039e+00 +8.6964e-01 -8.8778e-01 +7.1069e-01 -8.3449e-01
34 0 +1.790518741e+01 +4.014518741e+01 +4.014518741e+01 +1.1900e+00 +7.3869e-01 -1.0680e+00 +5.1769e-01 -9.3919e-01
42 0 +1.565807384e+01 +3.789807384e+01 +3.789807384e+01 +1.6498e+00 +1.0561e+00 -1.1060e+00 +8.6049e-01 -6.7513e-01
46 0 +1.420114515e+01 +3.644114515e+01 +3.644114515e+01 +1.0416e+00 +6.9068e-01 -1.2012e+00 +5.8755e-01 -4.9845e-01
47 0 +1.026279196e+01 +3.250279196e+01 +3.250279196e+01 +1.1344e+00 +1.1873e+00 -2.0690e+00 +8.7410e-01 -1.2688e+00
53 0 +9.156664199e+00 +3.139666420e+01 +3.139666420e+01 +8.2527e-01 +6.8006e-01 -1.9489e+00 +6.1900e-01 -7.2259e-01
55 0 +8.548627550e+00 +3.078862755e+01 +3.078862755e+01 +1.2267e+00 +9.6537e-01 -1.8704e+00 +6.6609e-01 -6.4419e-01
64 0 +8.118682678e+00 +3.035868268e+01 +3.035868268e+01 +1.0898e+00 +1.3182e+00 -2.4622e+00 +9.8029e-01 -4.8632e-01
114 0 +7.627006399e+00 +2.986700640e+01 +2.986700640e+01 +9.7669e-01 +1.1281e+00 -2.5332e+00 +1.0671e+00 -7.0437e-01
231 0 +7.349613661e+00 +2.958961366e+01 +2.958961366e+01 +1.1405e+00 +1.4894e+00 -2.4946e+00 +1.1865e+00 -7.1283e-01
256 0 +7.208449125e+00 +2.944844913e+01 +2.944844913e+01 +6.7702e-01 +1.4946e+00 -2.6215e+00 +1.1877e+00 -8.8292e-01
285 0 +7.039320471e+00 +2.927932047e+01 +2.927932047e+01 +7.1870e-01 +1.6794e+00 -2.6338e+00 +1.3410e+00 -1.0105e+00
% f evaluations | g evaluations | best noise-free fitness - Fopt (-2.301000000000e+01) + sum g_i+ | measured fitness | best measured fitness or single-digit g-values | x1 | x2...
1 0 +5.294176883e+01 +2.993176883e+01 +2.993176883e+01 +0.0000e+00 +0.0000e+00 +0.0000e+00 +0.0000e+00 +0.0000e+00
2 0 +4.988975027e+01 +2.687975027e+01 +2.687975027e+01 +4.3379e-01 +3.0692e-02 +9.8026e-02 +3.4094e-01 +2.4727e-01
3 0 +4.486054756e+01 +2.185054756e+01 +2.185054756e+01 +1.7369e-01 -1.1375e-01 -3.0566e-01 +1.1285e-01 -1.5359e-01
4 0 +4.144548379e+01 +1.843548379e+01 +1.843548379e+01 +2.4817e-01 +6.3376e-02 -2.2359e-01 +8.0318e-02 +2.1275e-01
12 0 +3.438327725e+01 +1.137327725e+01 +1.137327725e+01 +3.1676e-01 +4.0251e-01 -3.9380e-01 +2.3737e-01 -5.8754e-02
14 0 +2.815502634e+01 +5.145026341e+00 +5.145026341e+00 +5.0504e-01 +1.3989e-01 -6.7667e-01 +3.5398e-01 -2.3865e-02
22 0 +2.353950730e+01 +5.295072966e-01 +5.295072966e-01 +6.3532e-01 +6.3575e-01 -7.9311e-01 +6.4089e-01 +9.6742e-03
31 0 +1.823793635e+01 -4.772063646e+00 -4.772063646e+00 +6.8639e-01 +3.1327e-01 -1.0507e+00 +1.7878e-01 +9.4286e-01
36 0 +1.815862380e+01 -4.851376202e+00 -4.851376202e+00 +1.1235e+00 +3.2344e-01 -1.1266e+00 +4.2639e-01 -1.9218e-01
37 0 +1.712597206e+01 -5.884027943e+00 -5.884027943e+00 +9.8889e-01 +6.1793e-01 -1.0543e+00 +4.7170e-01 -2.4548e-02
39 0 +1.384328507e+01 -9.166714929e+00 -9.166714929e+00 +1.4527e+00 +5.6358e-01 -1.2667e+00 +6.3941e-01 +1.2809e-01
45 0 +9.499408653e+00 -1.351059135e+01 -1.351059135e+01 +8.6518e-01 +2.1869e-01 -2.0333e+00 +7.9623e-01 +6.2434e-01
47 0 +9.214065184e+00 -1.379593482e+01 -1.379593482e+01 +1.1439e+00 +1.0320e+00 -2.1474e+00 +6.5921e-01 -4.7115e-01
48 0 +8.241641733e+00 -1.476835827e+01 -1.476835827e+01 +2.0193e+00 +8.4137e-01 -2.4875e+00 +8.5268e-01 +8.6823e-01
51 0 +6.738299462e+00 -1.627170054e+01 -1.627170054e+01 +1.4997e+00 +1.0130e+00 -1.8141e+00 +1.9811e-02 +2.3047e-01
55 0 +5.964911474e+00 -1.704508853e+01 -1.704508853e+01 +1.4032e+00 +8.6986e-01 -2.1655e+00 +4.9107e-01 +1.6736e-01
57 0 +5.568673375e+00 -1.744132663e+01 -1.744132663e+01 +6.8270e-01 +1.3821e+00 -2.7523e+00 +1.3969e-01 +1.3293e-01
114 0 +4.650570143e+00 -1.835942986e+01 -1.835942986e+01 +7.5064e-01 +8.5618e-01 -2.7056e+00 +4.0549e-01 +5.1969e-01
132 0 +4.214191119e+00 -1.879580888e+01 -1.879580888e+01 +1.3707e+00 +9.6266e-01 -2.7165e+00 +5.9447e-01 +5.6747e-01
156 0 +3.830959515e+00 -1.917904049e+01 -1.917904049e+01 +1.2850e+00 +7.9785e-01 -2.4790e+00 +4.3845e-01 +6.6267e-01
158 0 +3.298555217e+00 -1.971144478e+01 -1.971144478e+01 +1.2765e+00 +8.8336e-01 -2.9496e+00 +2.9916e-01 +7.8233e-01
166 0 +2.710157291e+00 -2.029984271e+01 -2.029984271e+01 +1.0607e+00 +9.2241e-01 -2.6384e+00 -1.6690e-01 +5.5221e-01
258 0 +2.616706506e+00 -2.039329349e+01 -2.039329349e+01 +1.1211e+00 +1.0888e+00 -2.7360e+00 +1.0711e-01 +6.1051e-01
298 0 +2.565654925e+00 -2.044434508e+01 -2.044434508e+01 +1.1970e+00 +1.1301e+00 -2.7646e+00 +7.0372e-02 +6.0013e-01
322 0 +2.511498215e+00 -2.049850179e+01 -2.049850179e+01 +1.2104e+00 +1.0373e+00 -2.6949e+00 -1.1157e-02 +6.2918e-01
% f evaluations | g evaluations | best noise-free fitness - Fopt (-3.323700000000e+02) + sum g_i+ | measured fitness | best measured fitness or single-digit g-values | x1 | x2...
1 0 +3.411457941e+01 -2.982554206e+02 -2.982554206e+02 +0.0000e+00 +0.0000e+00 +0.0000e+00 +0.0000e+00 +0.0000e+00
3 0 +3.385992784e+01 -2.985100722e+02 -2.985100722e+02 +1.7369e-01 -1.1375e-01 -3.0566e-01 +1.1285e-01 -1.5359e-01
32 0 +3.152621283e+01 -3.008437872e+02 -3.008437872e+02 +1.8132e-01 -2.2474e-01 -2.1580e-01 -3.0077e-02 +7.8192e-01
45 0 +2.729697847e+01 -3.050730215e+02 -3.050730215e+02 +3.6585e-01 -6.3033e-01 -6.1620e-01 -1.8118e-01 +1.3041e+00
50 0 +2.575642061e+01 -3.066135794e+02 -3.066135794e+02 +1.3975e+00 -9.6931e-01 +2.4407e-01 -7.0546e-01 +1.8990e+00
60 0 +2.422353345e+01 -3.081464666e+02 -3.081464666e+02 +7.2789e-01 -6.9360e-01 +2.1306e-02 -3.3517e-01 +1.8107e+00
61 0 +1.950490938e+01 -3.128650906e+02 -3.128650906e+02 +4.2457e-01 -4.6147e-01 -2.9477e-01 +1.8539e-01 +1.2812e+00
69 0 +1.117601062e+01 -3.211939894e+02 -3.211939894e+02 +6.7173e-01 -9.4381e-01 +2.5064e-01 +5.8158e-01 +6.5231e-01
77 0 +1.037108571e+01 -3.219989143e+02 -3.219989143e+02 +8.3723e-01 -9.4990e-01 +3.6194e-01 +2.7438e-01 +1.4848e+00
84 0 +9.646255867e+00 -3.227237441e+02 -3.227237441e+02 +5.6150e-01 -1.2827e+00 -5.1838e-02 +6.6808e-01 +1.5517e+00
90 0 +7.790391483e+00 -3.245796085e+02 -3.245796085e+02 +4.6060e-01 -1.0094e+00 +3.2134e-01 +5.7882e-01 +1.0358e+00
92 0 +5.955510864e+00 -3.264144891e+02 -3.264144891e+02 +1.4940e+00 -1.3702e+00 +8.8095e-01 +5.7490e-01 +1.1256e+00
97 0 +5.282627986e+00 -3.270873720e+02 -3.270873720e+02 +8.4868e-01 -1.1450e+00 +4.0812e-01 +9.2411e-01 +1.0628e+00
115 0 +2.116385908e+00 -3.302536141e+02 -3.302536141e+02 +1.1220e+00 -1.6978e+00 +8.1365e-01 +9.4261e-01 +8.7964e-01
199 0 +2.003484460e+00 -3.303665155e+02 -3.303665155e+02 +1.0478e+00 -1.7435e+00 +8.2777e-01 +1.4314e+00 +7.3798e-01
203 0 +6.414450037e-01 -3.317285550e+02 -3.317285550e+02 +9.0954e-01 -2.1733e+00 +9.7238e-01 +1.1225e+00 +1.2014e+00
218 0 +4.551883745e-01 -3.319148116e+02 -3.319148116e+02 +8.5076e-01 -2.6663e+00 +1.3870e+00 +1.3488e+00 +8.1033e-01
236 0 +3.871486924e-01 -3.319828513e+02 -3.319828513e+02 +5.3981e-01 -2.4257e+00 +9.6482e-01 +1.0613e+00 +1.2581e+00
238 0 +1.105858122e-01 -3.322594142e+02 -3.322594142e+02 +3.6495e-01 -3.0046e+00 +1.4544e+00 +1.2819e+00 +1.1167e+00
242 0 +7.818932591e-02 -3.322918107e+02 -3.322918107e+02 +4.8475e-01 -2.8590e+00 +1.1621e+00 +1.5422e+00 +9.6471e-01
253 0 +6.447004544e-02 -3.323055300e+02 -3.323055300e+02 +4.6012e-01 -2.6449e+00 +1.0291e+00 +1.3952e+00 +9.3833e-01
262 0 +5.060460500e-03 -3.323649395e+02 -3.323649395e+02 +3.1877e-01 -2.9462e+00 +1.0379e+00 +1.3106e+00 +9.5246e-01
316 0 +3.449672943e-03 -3.323665503e+02 -3.323665503e+02 +4.1738e-01 -3.1050e+00 +1.1984e+00 +1.1235e+00 +1.1149e+00
334 0 +2.027500530e-03 -3.323679725e+02 -3.323679725e+02 +3.2497e-01 -3.1324e+00 +1.1662e+00 +1.1851e+00 +1.0415e+00
336 0 +1.005260482e-03 -3.323689947e+02 -3.323689947e+02 +3.7371e-01 -3.4416e+00 +1.3290e+00 +1.0975e+00 +1.1707e+00
376 0 +6.422906866e-04 -3.323693577e+02 -3.323693577e+02 +3.4003e-01 -3.3477e+00 +1.2890e+00 +1.2343e+00 +1.0582e+00
388 0 +4.520973546e-04 -3.323695479e+02 -3.323695479e+02 +3.3533e-01 -3.2743e+00 +1.2148e+00 +1.1840e+00 +1.0662e+00
399 0 +6.014760703e-05 -3.323699399e+02 -3.323699399e+02 +3.6092e-01 -3.3058e+00 +1.1636e+00 +1.1989e+00 +1.0968e+00
415 0 +4.914964370e-05 -3.323699509e+02 -3.323699509e+02 +3.0619e-01 -3.3025e+00 +1.1419e+00 +1.1993e+00 +1.1138e+00
448 0 +4.701430493e-05 -3.323699530e+02 -3.323699530e+02 +2.8003e-01 -3.2310e+00 +1.1552e+00 +1.2432e+00 +1.0816e+00
468 0 +4.024409350e-05 -3.323699598e+02 -3.323699598e+02 +3.5380e-01 -3.3634e+00 +1.1940e+00 +1.1918e+00 +1.1081e+00
469 0 +2.514286882e-05 -3.323699749e+02 -3.323699749e+02 +3.0125e-01 -3.2971e+00 +1.1771e+00 +1.2254e+00 +1.0703e+00
471 0 +1.442474172e-06 -3.323699986e+02 -3.323699986e+02 +2.5782e-01 -3.3295e+00 +1.1806e+00 +1.2815e+00 +1.0606e+00
517 0 +5.851812830e-07 -3.323699994e+02 -3.323699994e+02 +2.4164e-01 -3.3265e+00 +1.1487e+00 +1.2587e+00 +1.0659e+00
523 0 +4.451664495e-07 -3.323699996e+02 -3.323699996e+02 +2.4237e-01 -3.2914e+00 +1.1287e+00 +1.2751e+00 +1.0610e+00
543 0 +2.010027060e-07 -3.323699998e+02 -3.323699998e+02 +2.5675e-01 -3.3200e+00 +1.1536e+00 +1.2670e+00 +1.0795e+00
573 0 +1.813684776e-07 -3.323699998e+02 -3.323699998e+02 +2.2292e-01 -3.3094e+00 +1.1336e+00 +1.2796e+00 +1.0573e+00
580 0 +4.847760238e-08 -3.323700000e+02 -3.323700000e+02 +2.3029e-01 -3.3178e+00 +1.1415e+00 +1.2766e+00 +1.0666e+00
602 0 +1.623953949e-08 -3.323700000e+02 -3.323700000e+02 +2.3058e-01 -3.3272e+00 +1.1486e+00 +1.2799e+00 +1.0626e+00
634 0 +1.130257488e-08 -3.323700000e+02 -3.323700000e+02 +2.4649e-01 -3.3158e+00 +1.1427e+00 +1.2791e+00 +1.0616e+00
640 0 +5.308834261e-09 -3.323700000e+02 -3.323700000e+02 +2.4880e-01 -3.3199e+00 +1.1481e+00 +1.2706e+00 +1.0677e+00
865 0 +0.000000000e+00 -3.323700000e+02 -3.323700000e+02 +2.5038e-01 -3.3261e+00 +1.1539e+00 +1.2754e+00 +1.0665e+00
% f evaluations | g evaluations | best noise-free fitness - Fopt (-1.231300000000e+02) + sum g_i+ | measured fitness | best measured fitness or single-digit g-values | x1 | x2...
1 0 +4.870488075e+01 -7.442511925e+01 -7.442511925e+01 +0.0000e+00 +0.0000e+00 +0.0000e+00 +0.0000e+00 +0.0000e+00
2 0 +4.561051370e+01 -7.751948630e+01 -7.751948630e+01 +4.3379e-01 +3.0692e-02 +9.8026e-02 +3.4094e-01 +2.4727e-01
3 0 +3.687694966e+01 -8.625305034e+01 -8.625305034e+01 +1.7369e-01 -1.1375e-01 -3.0566e-01 +1.1285e-01 -1.5359e-01
6 0 +3.474874223e+01 -8.838125777e+01 -8.838125777e+01 +2.1661e-01 -2.7248e-01 -1.4933e-01 +1.8171e-01 -5.0930e-01
14 0 +2.736650794e+01 -9.576349206e+01 -9.576349206e+01 +3.5755e-01 -9.3188e-02 -8.1095e-01 +4.2049e-01 -3.0125e-01
17 0 +2.664767566e+01 -9.648232434e+01 -9.648232434e+01 +5.2232e-01 -2.3702e-01 -3.6092e-01 +1.1556e-01 -3.4377e-01
20 0 +2.472792487e+01 -9.840207513e+01 -9.840207513e+01 +6.2754e-01 -4.8592e-01 -2.7421e-01 +7.1784e-02 -5.3437e-01
22 0 +2.429335948e+01 -9.883664052e+01 -9.883664052e+01 +5.2036e-01 +2.2309e-01 -8.4523e-01 +8.2267e-01 -3.5482e-01
23 0 +1.443619724e+01 -1.086938028e+02 -1.086938028e+02 +1.0157e+00 -2.9869e-01 -7.0293e-01 +5.3339e-01 -7.6466e-01
34 0 +1.023150108e+01 -1.128984989e+02 -1.128984989e+02 +1.2906e+00 +1.3651e-01 -9.2068e-01 +7.5846e-01 -1.0325e+00
36 0 +9.229240629e+00 -1.139007594e+02 -1.139007594e+02 +1.3549e+00 -3.7876e-01 -9.6682e-01 +6.7178e-01 -8.1163e-01
39 0 +6.875262791e+00 -1.162547372e+02 -1.162547372e+02 +1.7910e+00 -3.4736e-01 -1.0019e+00 +8.2468e-01 -9.7110e-01
48 0 +3.662057825e+00 -1.194679422e+02 -1.194679422e+02 +2.4496e+00 +1.2665e-02 -1.5848e+00 +1.1071e+00 -6.3684e-01
56 0 +3.341494734e+00 -1.197885053e+02 -1.197885053e+02 +2.0482e+00 +5.7092e-01 -1.9006e+00 +1.2007e+00 -5.2439e-01
91 0 +2.248869467e+00 -1.208811305e+02 -1.208811305e+02 +2.5767e+00 +4.3426e-02 -2.0006e+00 +1.7976e+00 -1.5356e+00
94 0 +2.174111179e+00 -1.209558888e+02 -1.209558888e+02 +2.5313e+00 +1.6527e-02 -2.1108e+00 +2.6825e+00 -1.2013e+00
118 0 +2.093162450e+00 -1.210368375e+02 -1.210368375e+02 +2.3341e+00 -7.0398e-02 -1.6393e+00 +1.7292e+00 -1.2493e+00
132 0 +2.045459430e+00 -1.210845406e+02 -1.210845406e+02 +2.6136e+00 +1.2109e-01 -1.7863e+00 +1.5524e+00 -1.1114e+00
133 0 +2.023221325e+00 -1.211067787e+02 -1.211067787e+02 +2.4115e+00 -6.7999e-02 -1.7453e+00 +2.2038e+00 -1.0558e+00
153 0 +1.923397108e+00 -1.212066029e+02 -1.212066029e+02 +2.6047e+00 +5.3808e-02 -2.0189e+00 +2.2649e+00 -1.0079e+00
181 0 +1.856196064e+00 -1.212738039e+02 -1.212738039e+02 +2.6195e+00 +2.4221e-01 -2.0283e+00 +2.1754e+00 -8.1593e-01
262 0 +1.815947475e+00 -1.213140525e+02 -1.213140525e+02 +2.7002e+00 +3.6144e-01 -2.2506e+00 +2.3260e+00 -8.8836e-01
% f evaluations | g evaluations | best noise-free fitness - Fopt (-1.537900000000e+02) + sum g_i+ | measured fitness | best measured fitness or single-digit g-values | x1 | x2...
1 0 +2.690004999e+01 -1.268899500e+02 -1.268899500e+02 +0.0000e+00 +0.0000e+00 +0.0000e+00 +0.0000e+00 +0.0000e+00
8 0 +2.414309568e+01 -1.296469043e+02 -1.296469043e+02 -9.0564e-02 +8.4424e-02 -2.8183e-02 -1.8777e-01 +7.4957e-02
12 0 +2.210610765e+01 -1.316838923e+02 -1.316838923e+02 +9.1074e-02 +2.4594e-01 -4.6943e-01 +1.2687e-01 -2.7409e-01
13 0 +2.036307596e+01 -1.334269240e+02 -1.334269240e+02 -7.8392e-02 +1.3283e-01 -4.2138e-01 +1.2901e-02 -2.6950e-01
26 0 +1.579897027e+01 -1.379910297e+02 -1.379910297e+02 -1.4517e-02 +3.8378e-01 -7.3185e-01 +1.5396e-03 -7.2180e-01
47 0 +1.302590416e+01 -1.407640958e+02 -1.407640958e+02 +9.4150e-03 +5.7796e-01 -9.8916e-01 -2.7079e-01 -8.5366e-01
57 0 +1.186080390e+01 -1.419291961e+02 -1.419291961e+02 -3.8861e-01 +9.6518e-01 -1.2713e+00 -1.0106e+00 -5.5397e-01
64 0 +1.088743332e+01 -1.429025667e+02 -1.429025667e+02 -2.2260e-01 +4.3827e-01 -9.1475e-01 -4.6594e-01 -5.5983e-01
66 0 +9.141046153e+00 -1.446489538e+02 -1.446489538e+02 -3.4583e-01 +3.3461e-01 -4.8013e-01 -1.2494e+00 -7.5602e-01
90 0 +8.926124617e+00 -1.448638754e+02 -1.448638754e+02 -5.8718e-01 +8.7544e-02 -8.0919e-01 -6.5933e-01 -7.6359e-01
104 0 +8.043000531e+00 -1.457469995e+02 -1.457469995e+02 -5.9690e-01 +1.2903e-01 -7.3878e-01 -9.7436e-01 -1.0159e+00
118 0 +7.885278378e+00 -1.459047216e+02 -1.459047216e+02 -5.1262e-01 +2.8192e-01 -7.3331e-01 -1.0052e+00 -9.5792e-01
143 0 +7.615625427e+00 -1.461743746e+02 -1.461743746e+02 -6.2528e-01 +3.5079e-01 -8.4126e-01 -9.4596e-01 -8.9005e-01
146 0 +7.046221355e+00 -1.467437786e+02 -1.467437786e+02 -6.2056e-01 +5.4124e-01 -6.9746e-01 -9.3701e-01 -9.7324e-01
170 0 +6.458342406e+00 -1.473316576e+02 -1.473316576e+02 -8.3772e-01 +8.1235e-01 -8.0683e-01 -7.8621e-01 -1.0022e+00
181 0 +6.356212356e+00 -1.474337876e+02 -1.474337876e+02 -7.3415e-01 +6.7094e-01 -5.5199e-01 -6.5709e-01 -9.0724e-01
182 0 +5.724628341e+00 -1.480653717e+02 -1.480653717e+02 -9.7370e-01 +8.1287e-01 -7.0707e-01 -7.9600e-01 -1.0473e+00
198 0 +5.549274226e+00 -1.482407258e+02 -1.482407258e+02 -1.0698e+00 +5.7849e-01 -2.3354e-01 -8.6815e-01 -1.0023e+00
199 0 +5.281944086e+00 -1.485080559e+02 -1.485080559e+02 -9.1545e-01 +6.6619e-01 -4.5228e-01 -7.9098e-01 -1.0748e+00
207 0 +5.177410765e+00 -1.486125892e+02 -1.486125892e+02 -9.5154e-01 +6.5273e-01 -2.5263e-01 -5.5738e-01 -1.1000e+00
211 0 +4.883959161e+00 -1.489060408e+02 -1.489060408e+02 -1.2776e+00 +6.1392e-01 -5.2511e-01 -7.7578e-01 -1.3519e+00
217 0 +4.772346614e+00 -1.490176534e+02 -1.490176534e+02 -1.0215e+00 +7.1063e-01 -4.7608e-01 -6.3567e-01 -1.2460e+00
221 0 +4.482664251e+00 -1.493073357e+02 -1.493073357e+02 -1.0910e+00 +7.3644e-01 -2.7593e-01 -5.7915e-01 -1.1893e+00
223 0 +4.354416408e+00 -1.494355836e+02 -1.494355836e+02 -1.3083e+00 +8.9071e-01 -3.8345e-01 -4.6299e-01 -1.2265e+00
226 0 +4.258757502e+00 -1.495312425e+02 -1.495312425e+02 -1.2197e+00 +8.2759e-01 -3.7751e-01 -5.9356e-01 -1.2334e+00
325 0 +4.164293461e+00 -1.496257065e+02 -1.496257065e+02 -1.3026e+00 +8.5318e-01 -2.5344e-01 -5.7658e-01 -1.2727e+00
% f evaluations | g evaluations | best noise-free fitness - Fopt (-4.860000000000e+01) + sum g_i+ | measured fitness | best measured fitness or single-digit g-values | x1 | x2...
1 0 +6.245396759e+01 +1.385396759e+01 +1.385396759e+01 +0.0000e+00 +0.0000e+00 +0.0000e+00 +0.0000e+00 +0.0000e+00
3 0 +6.233926576e+01 +1.373926576e+01 +1.373926576e+01 +1.7369e-01 -1.1375e-01 -3.0566e-01 +1.1285e-01 -1.5359e-01
12 0 +6.112233063e+01 +1.252233063e+01 +1.252233063e+01 +9.1074e-02 +2.4594e-01 -4.6943e-01 +1.2687e-01 -2.7409e-01
13 0 +5.946954594e+01 +1.086954594e+01 +1.086954594e+01 -7.8392e-02 +1.3283e-01 -4.2138e-01 +1.2901e-02 -2.6950e-01
41 0 +5.817750298e+01 +9.577502975e+00 +9.577502975e+00 +1.2440e-01 +1.1005e+00 -4.8529e-01 +1.2946e-01 +2.2813e-01
49 0 +5.688600227e+01 +8.286002271e+00 +8.286002271e+00 +2.6090e-01 +6.1168e-01 -4.8931e-01 +6.0198e-02 +4.6160e-01
54 0 +4.439585162e+01 -4.204148375e+00 -4.204148375e+00 +2.5913e-01 +8.7711e-01 -4.9110e-01 -6.3751e-01 +5.5418e-01
63 0 +3.446829979e+01 -1.413170021e+01 -1.413170021e+01 +3.9433e-01 +9.5705e-01 -3.2685e-02 -4.8063e-02 +7.7281e-01
67 0 +6.940272728e+00 -4.165972727e+01 -4.165972727e+01 +1.1028e+00 +1.0654e+00 -7.2976e-01 -4.3995e-01 +1.1482e+00
75 0 +6.575381138e+00 -4.202461886e+01 -4.202461886e+01 +5.6364e-01 +1.6497e+00 -1.1224e+00 -8.1435e-01 +1.4218e+00
113 0 +4.535568932e+00 -4.406443107e+01 -4.406443107e+01 +1.5384e+00 +1.3773e+00 -6.7843e-01 -3.2397e-01 +1.1840e+00
162 0 +3.401115603e+00 -4.519888440e+01 -4.519888440e+01 +1.4204e+00 +1.5978e+00 -5.7669e-01 -2.6413e-01 +1.2815e+00
179 0 +3.116955441e+00 -4.548304456e+01 -4.548304456e+01 +1.3944e+00 +1.3607e+00 -4.9123e-01 -2.1101e-01 +1.1672e+00
199 0 +2.675705093e+00 -4.592429491e+01 -4.592429491e+01 +1.1772e+00 +1.5844e+00 -4.7951e-01 -2.0713e-01 +1.1820e+00
209 0 +2.448991486e+00 -4.615100851e+01 -4.615100851e+01 +1.3125e+00 +1.5367e+00 -3.4895e-01 -1.4097e-01 +1.2683e+00
224 0 +2.340856171e+00 -4.625914383e+01 -4.625914383e+01 +1.2050e+00 +1.4986e+00 -3.6228e-01 -2.1146e-01 +1.3087e+00
317 0 +2.263535596e+00 -4.633646440e+01 -4.633646440e+01 +1.1822e+00 +1.5863e+00 -3.8759e-01 -2.2636e-01 +1.2885e+00
332 0 +2.170757980e+00 -4.642924202e+01 -4.642924202e+01 +1.0179e+00 +1.6080e+00 -3.5741e-01 -3.0721e-01 +1.3788e+00
352 0 +2.133274161e+00 -4.646672584e+01 -4.646672584e+01 +9.8424e-01 +1.6805e+00 -4.4814e-01 -3.7145e-01 +1.3995e+00
368 0 +2.083091565e+00 -4.651690844e+01 -4.651690844e+01 +7.8669e-01 +1.7823e+00 -5.5167e-01 -5.3335e-01 +1.4151e+00
% f evaluations | g evaluations | best noise-free fitness - Fopt (2.770000000000e+01) + sum g_i+ | measured fitness | best measured fitness or single-digit g-values | x1 | x2...
1 0 +6.975185162e+01 +9.745185162e+01 +9.745185162e+01 +0.0000e+00 +0.0000e+00 +0.0000e+00 +0.0000e+00 +0.0000e+00
3 0 +6.775860496e+01 +9.545860496e+01 +9.545860496e+01 +1.7369e-01 -1.1375e-01 -3.0566e-01 +1.1285e-01 -1.5359e-01
12 0 +6.340374535e+01 +9.110374535e+01 +9.110374535e+01 +2.7226e-01 +3.1310e-01 -4.4670e-01 +1.9908e-01 -2.4384e-01
14 0 +6.307807687e+01 +9.077807687e+01 +9.077807687e+01 +4.5441e-01 +5.2367e-02 -7.2608e-01 +3.1117e-01 -2.2721e-01
22 0 +5.994937180e+01 +8.764937180e+01 +8.764937180e+01 +6.0724e-01 +5.9891e-01 -7.1374e-01 +4.2804e-01 -2.4750e-02
33 0 +4.783166271e+01 +7.553166271e+01 +7.553166271e+01 +1.0845e+00 +9.7270e-01 -6.5184e-01 +6.3650e-01 -6.2026e-01
34 0 +4.622033201e+01 +7.392033201e+01 +7.392033201e+01 +1.1556e+00 +8.5341e-01 -8.0460e-01 +4.5205e-01 -6.9403e-01
47 0 +2.786922029e+01 +5.556922029e+01 +5.556922029e+01 +1.4895e+00 +1.5851e+00 -1.3953e+00 +6.0516e-01 -1.3799e+00
71 0 +2.482341072e+01 +5.252341072e+01 +5.252341072e+01 +1.0865e+00 +1.7039e+00 -2.2449e+00 +7.8200e-01 -1.3675e+00
114 0 +2.382527528e+01 +5.152527528e+01 +5.152527528e+01 +9.9794e-01 +1.8319e+00 -2.3843e+00 +4.9630e-01 -1.4300e+00
231 0 +2.335413295e+01 +5.105413295e+01 +5.105413295e+01 +9.2157e-01 +2.0283e+00 -2.2579e+00 +6.1749e-01 -1.6026e+00
318 0 +2.289873625e+01 +5.059873625e+01 +5.059873625e+01 +9.2788e-01 +2.0188e+00 -2.2673e+00 +4.2677e-01 -1.6797e+00
% f evaluations | g evaluations | best noise-free fitness - Fopt (2.993000000000e+01) + sum g_i+ | measured fitness | best measured fitness or single-digit g-values | x1 | x2...
1 0 +6.962862681e+01 +9.955862681e+01 +9.955862681e+01 +0.0000e+00 +0.0000e+00 +0.0000e+00 +0.0000e+00 +0.0000e+00
2 0 +6.947383845e+01 +9.940383845e+01 +9.940383845e+01 +4.3379e-01 +3.0692e-02 +9.8026e-02 +3.4094e-01 +2.4727e-01
4 0 +6.901109830e+01 +9.894109830e+01 +9.894109830e+01 +2.4817e-01 +6.3376e-02 -2.2359e-01 +8.0318e-02 +2.1275e-01
5 0 +6.731254002e+01 +9.724254002e+01 +9.724254002e+01 +5.3256e-02 -2.3477e-01 +7.8699e-02 +1.0710e-01 +2.4729e-01
11 0 +6.508013651e+01 +9.501013651e+01 +9.501013651e+01 +3.5492e-01 -4.0056e-01 +2.4148e-02 +2.2174e-01 +4.4008e-01
29 0 +6.435783255e+01 +9.428783255e+01 +9.428783255e+01 +5.7123e-01 -5.6639e-01 -1.1760e-01 -1.8236e-02 -1.3937e-01
43 0 +5.980497574e+01 +8.973497574e+01 +8.973497574e+01 +2.5937e-01 -7.5732e-01 -3.3867e-01 -4.6947e-01 +1.2950e-01
49 0 +5.881809855e+01 +8.874809855e+01 +8.874809855e+01 +2.4788e-01 -6.2828e-01 -5.8666e-01 -3.5159e-02 +8.6810e-01
50 0 +4.325591840e+01 +7.318591840e+01 +7.318591840e+01 +5.8704e-01 -1.1943e+00 -3.4597e-01 -1.6325e-01 +1.0255e+00
58 0 +4.174792850e+01 +7.167792850e+01 +7.167792850e+01 +1.0379e+00 -1.5493e+00 -9.9184e-01 -3.5623e-01 +1.6025e+00
65 0 +4.057271804e+01 +7.050271804e+01 +7.050271804e+01 +3.5585e-01 -1.6662e+00 -1.4915e+00 -6.0661e-01 +1.7340e+00
80 0 +3.441664858e+01 +6.434664858e+01 +6.434664858e+01 -8.5528e-02 -1.6481e+00 -4.3576e-01 -2.6853e-01 +2.7561e-01
84 0 +3.137592655e+01 +6.130592655e+01 +6.130592655e+01 -3.6148e-01 -1.6708e+00 -1.0476e+00 -1.1652e-01 +1.0866e+00
86 0 +2.536361218e+01 +5.529361218e+01 +5.529361218e+01 +1.8322e-01 -2.0264e+00 -1.1542e+00 -5.8150e-02 +1.4428e+00
95 0 +1.740073127e+01 +4.733073127e+01 +4.733073127e+01 +4.4256e-01 -3.0353e+00 -9.9811e-01 -1.3624e-01 +1.9697e+00
115 0 +1.260929350e+01 +4.253929350e+01 +4.253929350e+01 +6.9940e-03 -2.7241e+00 -4.0742e-01 -1.3761e-01 +1.2531e+00
143 0 +1.139150438e+01 +4.132150438e+01 +4.132150438e+01 +8.3552e-02 -3.4716e+00 -8.9592e-01 +1.0623e-03 +1.8397e+00
146 0 +1.072333424e+01 +4.065333424e+01 +4.065333424e+01 +4.1115e-02 -3.0641e+00 -3.4405e-01 +1.4330e-01 +1.4473e+00
172 0 +9.915154668e+00 +3.984515467e+01 +3.984515467e+01 +1.3100e-01 -3.2048e+00 -5.9058e-01 +1.3858e-01 +1.2758e+00
173 0 +9.624981607e+00 +3.955498161e+01 +3.955498161e+01 +2.4900e-01 -3.6410e+00 -1.7761e-01 -1.5894e-01 +1.4422e+00
179 0 +9.239405195e+00 +3.916940520e+01 +3.916940520e+01 +1.9887e-01 -3.7890e+00 -5.8578e-01 +2.2524e-01 +1.3986e+00
182 0 +8.703282999e+00 +3.863328300e+01 +3.863328300e+01 -3.6547e-01 -3.3179e+00 -3.7295e-01 +1.9617e-02 +1.0768e+00
226 0 +8.494653855e+00 +3.842465386e+01 +3.842465386e+01 -4.4461e-01 -3.9290e+00 -3.3369e-01 +2.7970e-01 +1.3376e+00
263 0 +8.286853214e+00 +3.821685321e+01 +3.821685321e+01 -5.1913e-01 -3.6891e+00 -7.2712e-01 +1.3521e-01 +1.0420e+00
283 0 +8.099521768e+00 +3.802952177e+01 +3.802952177e+01 -5.6452e-01 -3.8881e+00 -6.0487e-01 +1.5016e-01 +1.1218e+00
353 0 +7.929697557e+00 +3.785969756e+01 +3.785969756e+01 -4.0171e-01 -3.7766e+00 -5.7373e-01 -4.5609e-02 +1.2106e+00
% f evaluations | g evaluations | best noise-free fitness - Fopt (-1.983000000000e+01) + sum g_i+ | measured fitness | best measured fitness or single-digit g-values | x1 | x2...
1 0 +1.500691314e+01 -4.823086858e+00 -4.823086858e+00 +0.0000e+00 +0.0000e+00 +0.0000e+00 +0.0000e+00 +0.0000e+00
2 0 +6.524979972e+00 -1.330502003e+01 -1.330502003e+01 +4.3379e-01 +3.0692e-02 +9.8026e-02 +3.4094e-01 +2.4727e-01
9 0 +5.715056821e+00 -1.411494318e+01 -1.411494318e+01 +6.4105e-01 +2.7589e-01 +1.3137e-01 +7.7185e-02 +2.3934e-01
18 0 +2.118750102e+00 -1.771124990e+01 -1.771124990e+01 +4.3425e-01 +2.5738e-02 +3.3468e-01 +6.4507e-01 +1.1421e-01
30 0 +1.996743743e+00 -1.783325626e+01 -1.783325626e+01 +7.3594e-01 +1.6308e-01 +4.0436e-01 +4.3172e-01 +7.8753e-02
33 0 +5.753372369e-01 -1.925466276e+01 -1.925466276e+01 +1.2872e+00 +4.7195e-01 +2.3735e-02 +1.1588e+00 -4.7121e-01
41 0 +2.787743585e-01 -1.955122564e+01 -1.955122564e+01 +7.7754e-01 +1.2156e+00 +9.9165e-02 +6.7836e-01 +2.9515e-03
146 0 +2.520864571e-01 -1.957791354e+01 -1.957791354e+01 +9.2909e-01 +3.4313e-01 +2.7343e-01 +1.1800e+00 -9.0280e-02
152 0 +1.338510673e-01 -1.969614893e+01 -1.969614893e+01 +1.0644e+00 +5.5123e-01 +1.7881e-01 +1.4354e+00 +1.6961e-03
162 0 +1.238868030e-01 -1.970611320e+01 -1.970611320e+01 +9.1126e-01 +6.1819e-01 +1.8819e-01 +1.2891e+00 +8.0682e-02
172 0 +1.127952569e-01 -1.971720474e+01 -1.971720474e+01 +9.8129e-01 +7.5060e-01 +1.3977e-01 +1.3229e+00 +6.9568e-02
175 0 +1.100290046e-01 -1.971997100e+01 -1.971997100e+01 +9.3846e-01 +9.1902e-01 +1.0032e-01 +1.4746e+00 -1.5200e-02
181 0 +1.056154341e-01 -1.972438457e+01 -1.972438457e+01 +1.0163e+00 +7.0056e-01 +1.9077e-01 +1.4749e+00 +3.6169e-02
190 0 +7.167176423e-02 -1.975832824e+01 -1.975832824e+01 +7.7951e-01 +9.0254e-01 +1.6392e-01 +1.4716e+00 +9.4725e-02
194 0 +6.810854404e-02 -1.976189146e+01 -1.976189146e+01 +7.7063e-01 +8.6427e-01 +2.9065e-01 +1.6210e+00 +1.1922e-01
197 0 +6.359291396e-02 -1.976640709e+01 -1.976640709e+01 +6.2221e-01 +1.0979e+00 +2.1281e-01 +1.3217e+00 +2.3024e-01
208 0 +4.824627026e-02 -1.978175373e+01 -1.978175373e+01 +6.6157e-01 +8.7594e-01 +3.0485e-01 +1.4429e+00 +1.7484e-01
217 0 +4.442579691e-02 -1.978557420e+01 -1.978557420e+01 +6.4290e-01 +1.0108e+00 +2.8496e-01 +1.4999e+00 +1.9155e-01
268 0 +4.006643150e-02 -1.978993357e+01 -1.978993357e+01 +6.5317e-01 +1.0202e+00 +2.6222e-01 +1.4664e+00 +1.5367e-01
273 0 +3.685728881e-02 -1.979314271e+01 -1.979314271e+01 +6.4135e-01 +9.7536e-01 +2.7983e-01 +1.4562e+00 +1.1674e-01
293 0 +3.331660485e-02 -1.979668340e+01 -1.979668340e+01 +6.1866e-01 +1.0164e+00 +3.2309e-01 +1.4943e+00 +1.1116e-01
298 0 +3.120280496e-02 -1.979879720e+01 -1.979879720e+01 +5.7468e-01 +1.0226e+00 +3.1007e-01 +1.4245e+00 +1.6018e-01
302 0 +2.929748213e-02 -1.980070252e+01 -1.980070252e+01 +5.8096e-01 +1.0544e+00 +3.4005e-01 +1.4581e+00 +1.6417e-01
318 0 +2.184851697e-02 -1.980815148e+01 -1.980815148e+01 +4.8780e-01 +1.1076e+00 +3.4876e-01 +1.3369e+00 +1.8899e-01
352 0 +2.121004032e-02 -1.980878996e+01 -1.980878996e+01 +5.9242e-01 +1.0199e+00 +3.3698e-01 +1.3780e+00 +1.3028e-01
353 0 +1.947228020e-02 -1.981052772e+01 -1.981052772e+01 +6.5349e-01 +9.9581e-01 +3.2794e-01 +1.3311e+00 +1.0583e-01
356 0 +1.857823781e-02 -1.981142176e+01 -1.981142176e+01 +5.7991e-01 +1.0899e+00 +3.4301e-01 +1.3900e+00 +1.3105e-01
365 0 +1.671047088e-02 -1.981328953e+01 -1.981328953e+01 +5.8582e-01 +1.0214e+00 +3.4919e-01 +1.3352e+00 +9.7835e-02
368 0 +1.659374585e-02 -1.981340625e+01 -1.981340625e+01 +5.6008e-01 +1.0702e+00 +3.3431e-01 +1.3176e+00 +1.2029e-01
384 0 +1.605847017e-02 -1.981394153e+01 -1.981394153e+01 +5.5288e-01 +1.0932e+00 +3.5682e-01 +1.3376e+00 +1.3695e-01
388 0 +1.581334398e-02 -1.981418666e+01 -1.981418666e+01 +5.9665e-01 +1.0756e+00 +3.5043e-01 +1.3510e+00 +1.0706e-01
396 0 +1.548133212e-02 -1.981451867e+01 -1.981451867e+01 +6.4991e-01 +1.0046e+00 +3.2696e-01 +1.2800e+00 +5.0964e-02
403 0 +1.361377520e-02 -1.981638622e+01 -1.981638622e+01 +6.4155e-01 +1.0975e+00 +3.5785e-01 +1.3119e+00 +5.1925e-02
438 0 +1.319102995e-02 -1.981680897e+01 -1.981680897e+01 +5.5031e-01 +1.1358e+00 +3.6370e-01 +1.2900e+00 +1.0405e-01
443 0 +1.260680347e-02 -1.981739320e+01 -1.981739320e+01 +5.5372e-01 +1.0883e+00 +3.8174e-01 +1.2388e+00 +1.0540e-01
454 0 +1.104794197e-02 -1.981895206e+01 -1.981895206e+01 +5.9872e-01 +1.1235e+00 +3.8172e-01 +1.2554e+00 +8.1702e-02
462 0 +8.792890730e-03 -1.982120711e+01 -1.982120711e+01 +5.1631e-01 +1.1654e+00 +4.0200e-01 +1.2534e+00 +9.5798e-02
472 0 +8.441645806e-03 -1.982155835e+01 -1.982155835e+01 +5.6528e-01 +1.1093e+00 +3.9583e-01 +1.1817e+00 +8.4620e-02
486 0 +7.788230409e-03 -1.982221177e+01 -1.982221177e+01 +5.0171e-01 +1.1582e+00 +3.8757e-01 +1.1575e+00 +1.0108e-01
491 0 +6.082598460e-03 -1.982391740e+01 -1.982391740e+01 +5.4942e-01 +1.2097e+00 +3.7235e-01 +1.1551e+00 +8.3746e-02
527 0 +5.215849154e-03 -1.982478415e+01 -1.982478415e+01 +4.7645e-01 +1.2154e+00 +4.0761e-01 +1.1651e+00 +1.0583e-01
534 0 +3.992256412e-03 -1.982600774e+01 -1.982600774e+01 +4.6728e-01 +1.2467e+00 +4.0596e-01 +1.1288e+00 +8.9342e-02
547 0 +3.879071521e-03 -1.982612093e+01 -1.982612093e+01 +4.3007e-01 +1.2380e+00 +4.3009e-01 +1.1124e+00 +1.0026e-01
553 0 +3.679608893e-03 -1.982632039e+01 -1.982632039e+01 +4.3451e-01 +1.2043e+00 +4.4643e-01 +1.0952e+00 +8.4060e-02
562 0 +2.323701171e-03 -1.982767630e+01 -1.982767630e+01 +4.0569e-01 +1.2138e+00 +5.2764e-01 +9.7211e-01 +4.3001e-02
563 0 +1.704251436e-03 -1.982829575e+01 -1.982829575e+01 +4.1269e-01 +1.2750e+00 +4.5520e-01 +9.8616e-01 +4.5323e-02
570 0 +1.043932611e-03 -1.982895607e+01 -1.982895607e+01 +2.9142e-01 +1.3082e+00 +6.0102e-01 +7.8398e-01 +1.6324e-03
572 0 +8.844045840e-04 -1.982911560e+01 -1.982911560e+01 +3.8227e-01 +1.2936e+00 +5.2577e-01 +9.1921e-01 +3.5440e-02
588 0 +2.316097974e-04 -1.982976839e+01 -1.982976839e+01 +3.3501e-01 +1.3738e+00 +5.4722e-01 +7.6782e-01 -2.3230e-02
631 0 +1.337177810e-04 -1.982986628e+01 -1.982986628e+01 +3.6529e-01 +1.4230e+00 +5.7224e-01 +6.6320e-01 -6.1762e-02
639 0 +9.527653549e-05 -1.982990472e+01 -1.982990472e+01 +3.8366e-01 +1.4196e+00 +5.5242e-01 +7.2503e-01 -4.1316e-02
682 0 +8.014578802e-05 -1.982991985e+01 -1.982991985e+01 +4.4818e-01 +1.4334e+00 +5.4097e-01 +7.1195e-01 -8.0947e-02
692 0 +2.397741141e-05 -1.982997602e+01 -1.982997602e+01 +4.4105e-01 +1.4550e+00 +5.4681e-01 +7.0393e-01 -1.2841e-01
760 0 +1.816463659e-05 -1.982998184e+01 -1.982998184e+01 +4.1128e-01 +1.4701e+00 +5.4025e-01 +7.2216e-01 -9.3602e-02
766 0 +1.356559458e-05 -1.982998643e+01 -1.982998643e+01 +3.9806e-01 +1.4613e+00 +5.5504e-01 +6.9219e-01 -9.1522e-02
767 0 +7.026923097e-06 -1.982999297e+01 -1.982999297e+01 +3.6930e-01 +1.4846e+00 +5.7613e-01 +6.8150e-01 -8.3174e-02
773 0 +6.538250922e-06 -1.982999346e+01 -1.982999346e+01 +3.7377e-01 +1.4796e+00 +5.7032e-01 +7.0319e-01 -7.5661e-02
823 0 +5.736380722e-06 -1.982999426e+01 -1.982999426e+01 +4.0913e-01 +1.4892e+00 +5.6577e-01 +7.2422e-01 -1.0219e-01
837 0 +2.715336791e-06 -1.982999728e+01 -1.982999728e+01 +3.7785e-01 +1.4776e+00 +5.6093e-01 +7.3844e-01 -7.1463e-02
838 0 +2.038225936e-06 -1.982999796e+01 -1.982999796e+01 +3.7874e-01 +1.4812e+00 +5.7703e-01 +7.0898e-01 -8.2721e-02
840 0 +1.655367910e-06 -1.982999834e+01 -1.982999834e+01 +3.9189e-01 +1.4599e+00 +5.5593e-01 +7.4310e-01 -7.8923e-02
849 0 +1.414467093e-06 -1.982999859e+01 -1.982999859e+01 +3.8837e-01 +1.4632e+00 +5.5945e-01 +7.4418e-01 -7.7476e-02
858 0 +5.949428576e-07 -1.982999941e+01 -1.982999941e+01 +3.5301e-01 +1.4788e+00 +5.8400e-01 +7.2211e-01 -7.5382e-02
872 0 +3.984599601e-07 -1.982999960e+01 -1.982999960e+01 +3.8058e-01 +1.4775e+00 +5.7766e-01 +7.3323e-01 -8.4708e-02
882 0 +3.092187946e-07 -1.982999969e+01 -1.982999969e+01 +3.8122e-01 +1.4688e+00 +5.6557e-01 +7.3209e-01 -8.8226e-02
883 0 +1.522577193e-07 -1.982999985e+01 -1.982999985e+01 +3.6695e-01 +1.4682e+00 +5.7337e-01 +7.3208e-01 -8.1683e-02
891 0 +9.636354292e-08 -1.982999990e+01 -1.982999990e+01 +3.5378e-01 +1.4788e+00 +5.8725e-01 +7.1469e-01 -8.9146e-02
892 0 +7.423981785e-08 -1.982999993e+01 -1.982999993e+01 +3.6099e-01 +1.4712e+00 +5.7645e-01 +7.2960e-01 -8.5904e-02
917 0 +1.169421537e-08 -1.982999999e+01 -1.982999999e+01 +3.6877e-01 +1.4669e+00 +5.7936e-01 +7.4104e-01 -8.3978e-02
964 0 +5.615394372e-09 -1.982999999e+01 -1.982999999e+01 +3.6348e-01 +1.4727e+00 +5.8224e-01 +7.3373e-01 -8.7956e-02
1512 0 +0.000000000e+00 -1.983000000e+01 -1.983000000e+01 +3.7425e-01 +1.4625e+00 +5.7868e-01 +7.3691e-01 -9.2348e-02
