% f evaluations | g evaluations | best noise-free fitness - Fopt (7.948000000000e+01) + sum g_i+ | measured fitness | best measured fitness or single-digit g-values | x1 | x2...
1 0 +1.926270080e+00 +8.140627008e+01 +8.140627008e+01 +0.0000e+00 +0.0000e+00 +0.0000e+00
4 0 +1.559114590e+00 +8.103911459e+01 +8.103911459e+01 -1.1375e-01 -3.0566e-01 +1.1285e-01
7 0 +1.534280973e+00 +8.101428097e+01 +8.101428097e+01 +5.3256e-02 -2.3477e-01 +7.8699e-02
20 0 +1.286106578e+00 +8.076610658e+01 +8.076610658e+01 -5.3385e-02 -2.5981e-01 -1.0129e-01
35 0 +1.233590189e+00 +8.071359019e+01 +8.071359019e+01 +3.9597e-02 -2.6301e-01 -1.0008e-01
42 0 +1.176586327e+00 +8.065658633e+01 +8.065658633e+01 -1.3030e-01 -2.6281e-01 -2.4378e-01
45 0 +1.072919032e+00 +8.055291903e+01 +8.055291903e+01 +1.6295e-01 -2.8741e-01 -1.6811e-01
48 0 +1.054453076e+00 +8.053445308e+01 +8.053445308e+01 +1.9452e-01 -3.5617e-01 -8.3644e-02
54 0 +9.968394792e-01 +8.047683948e+01 +8.047683948e+01 -2.4800e-02 -3.3748e-01 -2.2551e-01
60 0 +7.940820668e-01 +8.027408207e+01 +8.027408207e+01 +7.7333e-03 -4.5351e-01 -2.3470e-01
74 0 +6.669019133e-01 +8.014690191e+01 +8.014690191e+01 -5.9440e-03 -4.5378e-01 -3.9887e-01
76 0 +5.870770037e-01 +8.006707700e+01 +8.006707700e+01 +1.8145e-01 -5.5119e-01 -2.6007e-01
77 0 +4.133439486e-01 +7.989334395e+01 +7.989334395e+01 +1.1560e-01 -6.2147e-01 -3.9545e-01
80 0 +3.231298287e-01 +7.980312983e+01 +7.980312983e+01 +2.3366e-01 -7.3118e-01 -3.4768e-01
88 0 +2.822449209e-01 +7.976224492e+01 +7.976224492e+01 +1.3427e-01 -7.4792e-01 -4.0617e-01
91 0 +1.823091523e-01 +7.966230915e+01 +7.966230915e+01 +1.8568e-01 -8.1824e-01 -4.7264e-01
94 0 +8.656863611e-02 +7.956656864e+01 +7.956656864e+01 +2.5210e-01 -1.1367e+00 -4.3046e-01
97 0 +4.070321029e-02 +7.952070321e+01 +7.952070321e+01 +3.3619e-01 -9.7841e-01 -6.8013e-01
106 0 +2.329663458e-02 +7.950329663e+01 +7.950329663e+01 +2.9248e-01 -1.0106e+00 -7.4291e-01
113 0 +9.444898848e-03 +7.948944490e+01 +7.948944490e+01 +2.1379e-01 -1.0910e+00 -6.6405e-01
134 0 +7.863545199e-03 +7.948786355e+01 +7.948786355e+01 +2.0606e-01 -1.1877e+00 -7.9275e-01
150 0 +5.085538868e-03 +7.948508554e+01 +7.948508554e+01 +2.1048e-01 -1.2141e+00 -7.2071e-01
166 0 +2.620388156e-03 +7.948262039e+01 +7.948262039e+01 +2.5252e-01 -1.1058e+00 -7.1967e-01
180 0 +2.092568265e-03 +7.948209257e+01 +7.948209257e+01 +2.8785e-01 -1.1589e+00 -6.9468e-01
181 0 +7.839662495e-04 +7.948078397e+01 +7.948078397e+01 +2.8034e-01 -1.1522e+00 -7.2618e-01
199 0 +9.812332357e-05 +7.948009812e+01 +7.948009812e+01 +2.5943e-01 -1.1637e+00 -7.2660e-01
267 0 +8.731223971e-05 +7.948008731e+01 +7.948008731e+01 +2.5480e-01 -1.1481e+00 -7.2670e-01
281 0 +5.605358544e-05 +7.948005605e+01 +7.948005605e+01 +2.5554e-01 -1.1611e+00 -7.2947e-01
303 0 +5.013666407e-05 +7.948005014e+01 +7.948005014e+01 +2.5933e-01 -1.1595e+00 -7.2423e-01
314 0 +2.507222784e-05 +7.948002507e+01 +7.948002507e+01 +2.5691e-01 -1.1548e+00 -7.2605e-01
363 0 +1.456754305e-05 +7.948001457e+01 +7.948001457e+01 +2.5476e-01 -1.1551e+00 -7.2679e-01
379 0 +1.284045183e-05 +7.948001284e+01 +7.948001284e+01 +2.5633e-01 -1.1570e+00 -7.2455e-01
380 0 +5.529335255e-06 +7.948000553e+01 +7.948000553e+01 +2.5384e-01 -1.1563e+00 -7.2606e-01
387 0 +1.077475019e-06 +7.948000108e+01 +7.948000108e+01 +2.5379e-01 -1.1568e+00 -7.2430e-01
418 0 +5.556251779e-07 +7.948000056e+01 +7.948000056e+01 +2.5244e-01 -1.1573e+00 -7.2361e-01
421 0 +5.290890215e-07 +7.948000053e+01 +7.948000053e+01 +2.5326e-01 -1.1564e+00 -7.2442e-01
449 0 +2.475838130e-07 +7.948000025e+01 +7.948000025e+01 +2.5244e-01 -1.1568e+00 -7.2434e-01
462 0 +3.364824863e-08 +7.948000003e+01 +7.948000003e+01 +2.5269e-01 -1.1567e+00 -7.2412e-01
495 0 +3.253261127e-08 +7.948000003e+01 +7.948000003e+01 +2.5269e-01 -1.1567e+00 -7.2394e-01
560 0 +3.120226211e-08 +7.948000003e+01 +7.948000003e+01 +2.5272e-01 -1.1569e+00 -7.2385e-01
607 0 +2.494394380e-08 +7.948000002e+01 +7.948000002e+01 +2.5269e-01 -1.1569e+00 -7.2390e-01
611 0 +2.371861285e-08 +7.948000002e+01 +7.948000002e+01 +2.5273e-01 -1.1569e+00 -7.2392e-01
619 0 +2.122975218e-08 +7.948000002e+01 +7.948000002e+01 +2.5276e-01 -1.1569e+00 -7.2388e-01
626 0 +1.030417707e-08 +7.948000001e+01 +7.948000001e+01 +2.5278e-01 -1.1569e+00 -7.2399e-01
662 0 +6.171205769e-09 +7.948000001e+01 +7.948000001e+01 +2.5274e-01 -1.1569e+00 -7.2399e-01
1050 0 +0.000000000e+00 +7.948000000e+01 +7.948000000e+01 +2.5280e-01 -1.1568e+00 -7.2400e-01
% f evaluations | g evaluations | best noise-free fitness - Fopt (3.944800000000e+02) + sum g_i+ | measured fitness | best measured fitness or single-digit g-values | x1 | x2...
1 0 +3.801018048e+01 +4.324901805e+02 +4.324901805e+02 +0.0000e+00 +0.0000e+00 +0.0000e+00
4 0 +3.633362472e+01 +4.308136247e+02 +4.308136247e+02 -1.1375e-01 -3.0566e-01 +1.1285e-01
11 0 +3.406775132e+01 +4.285477513e+02 +4.285477513e+02 -5.0271e-01 +4.0359e-02 -6.7743e-02
24 0 +3.191445583e+01 +4.263944558e+02 +4.263944558e+02 -6.8846e-01 +2.2527e-04 -1.6166e-01
30 0 +3.025189045e+01 +4.247318905e+02 +4.247318905e+02 -8.4690e-01 +3.7091e-02 -2.8529e-01
33 0 +2.976523501e+01 +4.242452350e+02 +4.242452350e+02 -1.1271e+00 +3.3185e-01 -3.8154e-01
40 0 +2.754582817e+01 +4.220258282e+02 +4.220258282e+02 -1.5740e+00 +4.0554e-01 -4.4389e-01
42 0 +2.197370071e+01 +4.164537007e+02 +4.164537007e+02 -1.8052e+00 +2.2946e-01 -9.9906e-01
49 0 +2.147687310e+01 +4.159568731e+02 +4.159568731e+02 -2.1448e+00 +3.7515e-02 -6.6728e-01
76 0 +1.903481511e+01 +4.135148151e+02 +4.135148151e+02 -2.8754e+00 +5.9278e-01 -1.3825e+00
88 0 +1.730422361e+01 +4.117842236e+02 +4.117842236e+02 -3.4272e+00 +5.8350e-01 -1.5632e+00
91 0 +1.690635298e+01 +4.113863530e+02 +4.113863530e+02 -2.8471e+00 +3.3384e-01 -1.4774e+00
107 0 +1.548873614e+01 +4.099687361e+02 +4.099687361e+02 -3.5067e+00 +5.4969e-01 -1.9313e+00
115 0 +1.377044563e+01 +4.082504456e+02 +4.082504456e+02 -3.5543e+00 +5.1089e-01 -2.3590e+00
126 0 +1.152164273e+01 +4.060016427e+02 +4.060016427e+02 -3.0883e+00 -1.8530e-01 -1.9188e+00
129 0 +1.023233742e+01 +4.047123374e+02 +4.047123374e+02 -4.1711e+00 -3.2164e-01 -1.9158e+00
147 0 +9.775336007e+00 +4.042553360e+02 +4.042553360e+02 -3.5831e+00 -2.9199e-01 -2.0924e+00
150 0 +9.250955887e+00 +4.037309559e+02 +4.037309559e+02 -4.2904e+00 -3.4539e-01 -2.1837e+00
160 0 +8.112446923e+00 +4.025924469e+02 +4.025924469e+02 -3.2630e+00 -6.7650e-01 -2.1269e+00
178 0 +5.974056709e+00 +4.004540567e+02 +4.004540567e+02 -4.0866e+00 -8.0633e-01 -2.5393e+00
189 0 +5.261238122e+00 +3.997412381e+02 +3.997412381e+02 -3.3011e+00 -1.2886e+00 -2.2731e+00
196 0 +3.382337290e+00 +3.978623373e+02 +3.978623373e+02 -3.6807e+00 -1.4806e+00 -2.6417e+00
206 0 +2.575042629e+00 +3.970550426e+02 +3.970550426e+02 -3.3750e+00 -1.9042e+00 -2.6498e+00
210 0 +2.051887027e+00 +3.965318870e+02 +3.965318870e+02 -3.8460e+00 -1.8976e+00 -2.7711e+00
212 0 +1.424872705e+00 +3.959048727e+02 +3.959048727e+02 -2.9910e+00 -2.9361e+00 -3.0282e+00
223 0 +2.557919112e-01 +3.947357919e+02 +3.947357919e+02 -4.1968e+00 -2.7651e+00 -3.4138e+00
235 0 +1.849447185e-01 +3.946649447e+02 +3.946649447e+02 -3.8745e+00 -2.5439e+00 -3.5488e+00
239 0 +1.512063398e-01 +3.946312063e+02 +3.946312063e+02 -4.0079e+00 -2.7440e+00 -3.4592e+00
246 0 +1.026110801e-01 +3.945826111e+02 +3.945826111e+02 -3.9455e+00 -2.7643e+00 -3.5117e+00
260 0 +9.543969826e-02 +3.945754397e+02 +3.945754397e+02 -3.9920e+00 -3.1320e+00 -3.6341e+00
269 0 +7.817895130e-02 +3.945581790e+02 +3.945581790e+02 -3.9497e+00 -2.9910e+00 -3.5466e+00
328 0 +4.733144484e-02 +3.945273314e+02 +3.945273314e+02 -4.0171e+00 -2.9578e+00 -3.6330e+00
415 0 +4.638346061e-02 +3.945263835e+02 +3.945263835e+02 -3.9944e+00 -2.9133e+00 -3.6110e+00
416 0 +4.454700668e-02 +3.945245470e+02 +3.945245470e+02 -4.0091e+00 -2.9087e+00 -3.6237e+00
430 0 +4.150169850e-02 +3.945215017e+02 +3.945215017e+02 -3.9931e+00 -2.9250e+00 -3.6253e+00
436 0 +3.790908990e-02 +3.945179091e+02 +3.945179091e+02 -4.0088e+00 -2.9443e+00 -3.6513e+00
448 0 +3.672791255e-02 +3.945167279e+02 +3.945167279e+02 -4.0084e+00 -2.8875e+00 -3.6455e+00
450 0 +3.560197848e-02 +3.945156020e+02 +3.945156020e+02 -4.0248e+00 -2.9116e+00 -3.6639e+00
460 0 +3.363417675e-02 +3.945136342e+02 +3.945136342e+02 -4.0187e+00 -2.9747e+00 -3.6926e+00
463 0 +3.268285488e-02 +3.945126829e+02 +3.945126829e+02 -4.0273e+00 -2.9426e+00 -3.6868e+00
481 0 +2.763640757e-02 +3.945076364e+02 +3.945076364e+02 -4.0147e+00 -2.9729e+00 -3.7169e+00
486 0 +2.624065617e-02 +3.945062407e+02 +3.945062407e+02 -4.0003e+00 -2.9741e+00 -3.7083e+00
498 0 +2.569528228e-02 +3.945056953e+02 +3.945056953e+02 -4.0016e+00 -2.9332e+00 -3.6875e+00
500 0 +2.307118314e-02 +3.945030712e+02 +3.945030712e+02 -3.9966e+00 -2.9785e+00 -3.7271e+00
506 0 +2.193644836e-02 +3.945019364e+02 +3.945019364e+02 -3.9874e+00 -2.9292e+00 -3.6905e+00
514 0 +2.174668642e-02 +3.945017467e+02 +3.945017467e+02 -3.9870e+00 -2.9090e+00 -3.6860e+00
520 0 +2.098576456e-02 +3.945009858e+02 +3.945009858e+02 -3.9144e+00 -2.9103e+00 -3.6598e+00
522 0 +2.057457235e-02 +3.945005746e+02 +3.945005746e+02 -3.9744e+00 -2.9305e+00 -3.6875e+00
526 0 +2.011382846e-02 +3.945001138e+02 +3.945001138e+02 -3.9467e+00 -2.9258e+00 -3.6739e+00
528 0 +1.987962027e-02 +3.944998796e+02 +3.944998796e+02 -3.9366e+00 -2.8931e+00 -3.6667e+00
532 0 +1.803079074e-02 +3.944980308e+02 +3.944980308e+02 -3.9490e+00 -2.9708e+00 -3.7075e+00
533 0 +1.692194115e-02 +3.944969219e+02 +3.944969219e+02 -3.9232e+00 -2.9431e+00 -3.6861e+00
538 0 +1.270940007e-02 +3.944927094e+02 +3.944927094e+02 -3.9225e+00 -2.9565e+00 -3.7143e+00
541 0 +1.126975845e-02 +3.944912698e+02 +3.944912698e+02 -3.9419e+00 -2.9430e+00 -3.7211e+00
547 0 +1.035612228e-02 +3.944903561e+02 +3.944903561e+02 -3.9156e+00 -2.9550e+00 -3.7256e+00
551 0 +8.404587414e-03 +3.944884046e+02 +3.944884046e+02 -3.8771e+00 -2.9052e+00 -3.7145e+00
574 0 +3.529766166e-03 +3.944835298e+02 +3.944835298e+02 -3.9094e+00 -2.9183e+00 -3.7511e+00
607 0 +1.756107118e-03 +3.944817561e+02 +3.944817561e+02 -3.8832e+00 -2.8930e+00 -3.7634e+00
611 0 +1.467077004e-03 +3.944814671e+02 +3.944814671e+02 -3.8974e+00 -2.9059e+00 -3.7674e+00
628 0 +7.919867295e-04 +3.944807920e+02 +3.944807920e+02 -3.8894e+00 -2.8862e+00 -3.7761e+00
665 0 +5.676858040e-04 +3.944805677e+02 +3.944805677e+02 -3.9045e+00 -2.9132e+00 -3.7991e+00
726 0 +4.961738491e-04 +3.944804962e+02 +3.944804962e+02 -3.8944e+00 -2.9057e+00 -3.7867e+00
730 0 +3.608885290e-04 +3.944803609e+02 +3.944803609e+02 -3.8931e+00 -2.9038e+00 -3.7900e+00
741 0 +2.653529750e-04 +3.944802654e+02 +3.944802654e+02 -3.8924e+00 -2.8976e+00 -3.7890e+00
751 0 +1.269119085e-04 +3.944801269e+02 +3.944801269e+02 -3.8987e+00 -2.8991e+00 -3.7953e+00
771 0 +1.074412781e-04 +3.944801074e+02 +3.944801074e+02 -3.8922e+00 -2.8960e+00 -3.7962e+00
773 0 +3.677760748e-05 +3.944800368e+02 +3.944800368e+02 -3.8971e+00 -2.8905e+00 -3.7965e+00
782 0 +1.980913663e-05 +3.944800198e+02 +3.944800198e+02 -3.8952e+00 -2.8896e+00 -3.7994e+00
796 0 +1.200825506e-05 +3.944800120e+02 +3.944800120e+02 -3.8974e+00 -2.8871e+00 -3.8030e+00
805 0 +2.895105752e-06 +3.944800029e+02 +3.944800029e+02 -3.8975e+00 -2.8916e+00 -3.8032e+00
813 0 +2.841115872e-06 +3.944800028e+02 +3.944800028e+02 -3.8994e+00 -2.8918e+00 -3.8024e+00
826 0 +1.235152240e-06 +3.944800012e+02 +3.944800012e+02 -3.8994e+00 -2.8899e+00 -3.8026e+00
829 0 +3.307648058e-07 +3.944800003e+02 +3.944800003e+02 -3.8984e+00 -2.8899e+00 -3.8022e+00
834 0 +1.919651709e-07 +3.944800002e+02 +3.944800002e+02 -3.8981e+00 -2.8901e+00 -3.8023e+00
885 0 +1.067971311e-07 +3.944800001e+02 +3.944800001e+02 -3.8984e+00 -2.8905e+00 -3.8021e+00
918 0 +6.502119732e-08 +3.944800001e+02 +3.944800001e+02 -3.8986e+00 -2.8905e+00 -3.8025e+00
933 0 +4.096142447e-08 +3.944800000e+02 +3.944800000e+02 -3.8983e+00 -2.8906e+00 -3.8025e+00
948 0 +2.114717290e-08 +3.944800000e+02 +3.944800000e+02 -3.8985e+00 -2.8905e+00 -3.8023e+00
953 0 +1.259229521e-08 +3.944800000e+02 +3.944800000e+02 -3.8985e+00 -2.8905e+00 -3.8024e+00
960 0 +5.606864306e-09 +3.944800000e+02 +3.944800000e+02 -3.8984e+00 -2.8904e+00 -3.8025e+00
1317 0 +0.000000000e+00 +3.944800000e+02 +3.944800000e+02 -3.8984e+00 -2.8904e+00 -3.8024e+00
% f evaluations | g evaluations | best noise-free fitness - Fopt (-2.471100000000e+02) + sum g_i+ | measured fitness | best measured fitness or single-digit g-values | x1 | x2...
1 0 +1.494689024e+01 -2.321631098e+02 -2.321631098e+02 +0.0000e+00 +0.0000e+00 +0.0000e+00
4 0 +1.448207504e+01 -2.326279250e+02 -2.326279250e+02 -1.1375e-01 -3.0566e-01 +1.1285e-01
5 0 +1.385606337e+01 -2.332539366e+02 -2.332539366e+02 -1.5359e-01 +2.4817e-01 +6.3376e-02
6 0 +1.361151183e+01 -2.334984882e+02 -2.334984882e+02 -2.2359e-01 +8.0318e-02 +2.1275e-01
10 0 +1.266609763e+01 -2.344439024e+02 -2.344439024e+02 -3.8979e-01 -1.1240e-01 +2.8237e-01
11 0 +1.078343348e+01 -2.363265665e+02 -2.363265665e+02 -5.7528e-01 +1.9818e-01 -6.2777e-02
24 0 +8.806565870e+00 -2.383034341e+02 -2.383034341e+02 -8.7479e-01 +4.5448e-01 -2.4857e-01
30 0 +7.530463186e+00 -2.395795368e+02 -2.395795368e+02 -1.0879e+00 +5.3133e-01 -4.1552e-01
33 0 +5.797719199e+00 -2.413122808e+02 -2.413122808e+02 -1.5341e+00 +1.0126e+00 -5.6703e-01
40 0 +3.645322540e+00 -2.434646775e+02 -2.434646775e+02 -2.2026e+00 +1.2514e+00 -6.7742e-01
42 0 +3.044445664e+00 -2.440655543e+02 -2.440655543e+02 -2.4780e+00 +1.0851e+00 -1.4144e+00
49 0 +1.341781173e+00 -2.457682188e+02 -2.457682188e+02 -2.8337e+00 +7.9970e-01 -9.2651e-01
88 0 +1.170254258e+00 -2.459397457e+02 -2.459397457e+02 -3.0149e+00 +9.1165e-01 -9.2461e-01
120 0 +1.020722975e+00 -2.460892770e+02 -2.460892770e+02 -3.4712e+00 +1.0947e+00 -1.0361e+00
122 0 +7.777653513e-01 -2.463322346e+02 -2.463322346e+02 -3.3557e+00 +9.2319e-01 -9.4301e-01
126 0 +6.390026972e-01 -2.464709973e+02 -2.464709973e+02 -3.4265e+00 +7.7680e-01 -1.1056e+00
134 0 +6.272618404e-01 -2.464827382e+02 -2.464827382e+02 -4.0438e+00 +8.6528e-01 -1.0500e+00
136 0 +1.746917729e-01 -2.469353082e+02 -2.469353082e+02 -3.8268e+00 +5.9708e-01 -8.2810e-01
161 0 +1.528680262e-01 -2.469571320e+02 -2.469571320e+02 -3.7853e+00 +4.7634e-01 -4.1175e-01
165 0 +1.158780207e-01 -2.469941220e+02 -2.469941220e+02 -3.7760e+00 +3.3035e-01 -3.7622e-01
187 0 +1.053813536e-01 -2.470046186e+02 -2.470046186e+02 -3.8131e+00 +5.2657e-01 -6.6681e-01
189 0 +7.520222504e-02 -2.470347978e+02 -2.470347978e+02 -3.6122e+00 +2.5755e-01 -4.9738e-01
190 0 +7.019938318e-02 -2.470398006e+02 -2.470398006e+02 -3.6879e+00 +4.1287e-01 -5.7273e-01
196 0 +2.939162496e-02 -2.470806084e+02 -2.470806084e+02 -3.7149e+00 +3.5071e-01 -7.1698e-01
223 0 +1.847474190e-02 -2.470915253e+02 -2.470915253e+02 -3.6641e+00 +2.1159e-01 -7.1052e-01
229 0 +1.628340740e-02 -2.470937166e+02 -2.470937166e+02 -3.7591e+00 +2.9148e-01 -6.0787e-01
256 0 +1.247626201e-02 -2.470975237e+02 -2.470975237e+02 -3.7777e+00 +1.9385e-01 -5.8184e-01
286 0 +1.020823085e-02 -2.470997918e+02 -2.470997918e+02 -3.8453e+00 +1.9340e-01 -6.0222e-01
289 0 +8.664605452e-03 -2.471013354e+02 -2.471013354e+02 -3.8129e+00 +1.9719e-01 -5.9944e-01
290 0 +7.789104863e-03 -2.471022109e+02 -2.471022109e+02 -3.7826e+00 +1.8704e-01 -6.0588e-01
291 0 +7.655595243e-03 -2.471023444e+02 -2.471023444e+02 -3.7719e+00 +2.2228e-01 -6.1002e-01
295 0 +7.497564171e-03 -2.471025024e+02 -2.471025024e+02 -3.7891e+00 +2.0217e-01 -6.0511e-01
302 0 +5.869323265e-03 -2.471041307e+02 -2.471041307e+02 -3.7904e+00 +1.9517e-01 -6.1544e-01
308 0 +2.815505264e-03 -2.471071845e+02 -2.471071845e+02 -3.8100e+00 +2.0486e-01 -6.3945e-01
312 0 +1.541721157e-03 -2.471084583e+02 -2.471084583e+02 -3.8360e+00 +2.0691e-01 -6.8043e-01
316 0 +1.070108249e-03 -2.471089299e+02 -2.471089299e+02 -3.8000e+00 +2.1241e-01 -6.5985e-01
323 0 +8.289207119e-05 -2.471099171e+02 -2.471099171e+02 -3.8067e+00 +2.0198e-01 -6.9463e-01
401 0 +6.755148266e-05 -2.471099324e+02 -2.471099324e+02 -3.7995e+00 +1.9727e-01 -6.8562e-01
407 0 +3.331983257e-05 -2.471099667e+02 -2.471099667e+02 -3.8037e+00 +2.0411e-01 -6.8914e-01
414 0 +5.592088002e-06 -2.471099944e+02 -2.471099944e+02 -3.7985e+00 +2.0304e-01 -6.8884e-01
463 0 +4.456035668e-06 -2.471099955e+02 -2.471099955e+02 -3.8003e+00 +2.0296e-01 -6.9033e-01
489 0 +2.334164492e-06 -2.471099977e+02 -2.471099977e+02 -3.7995e+00 +2.0296e-01 -6.9013e-01
498 0 +2.019611429e-06 -2.471099980e+02 -2.471099980e+02 -3.7987e+00 +2.0266e-01 -6.8992e-01
505 0 +1.849536261e-06 -2.471099982e+02 -2.471099982e+02 -3.7985e+00 +2.0265e-01 -6.8996e-01
518 0 +9.713364761e-07 -2.471099990e+02 -2.471099990e+02 -3.7981e+00 +2.0256e-01 -6.9050e-01
538 0 +7.572517120e-07 -2.471099992e+02 -2.471099992e+02 -3.7980e+00 +2.0293e-01 -6.9049e-01
541 0 +4.567613132e-07 -2.471099995e+02 -2.471099995e+02 -3.7987e+00 +2.0326e-01 -6.9060e-01
547 0 +4.230905120e-07 -2.471099996e+02 -2.471099996e+02 -3.7985e+00 +2.0311e-01 -6.9057e-01
550 0 +4.007505083e-07 -2.471099996e+02 -2.471099996e+02 -3.7989e+00 +2.0338e-01 -6.9088e-01
554 0 +2.397980268e-07 -2.471099998e+02 -2.471099998e+02 -3.7985e+00 +2.0315e-01 -6.9073e-01
575 0 +1.741264271e-07 -2.471099998e+02 -2.471099998e+02 -3.7986e+00 +2.0287e-01 -6.9110e-01
599 0 +1.621283445e-07 -2.471099998e+02 -2.471099998e+02 -3.7985e+00 +2.0316e-01 -6.9081e-01
607 0 +6.661721841e-08 -2.471099999e+02 -2.471099999e+02 -3.7986e+00 +2.0329e-01 -6.9101e-01
611 0 +3.228976198e-08 -2.471100000e+02 -2.471100000e+02 -3.7985e+00 +2.0313e-01 -6.9106e-01
628 0 +1.937743832e-08 -2.471100000e+02 -2.471100000e+02 -3.7985e+00 +2.0330e-01 -6.9117e-01
642 0 +1.571814323e-08 -2.471100000e+02 -2.471100000e+02 -3.7984e+00 +2.0308e-01 -6.9122e-01
688 0 +1.244544023e-08 -2.471100000e+02 -2.471100000e+02 -3.7984e+00 +2.0311e-01 -6.9116e-01
709 0 +1.045177100e-08 -2.471100000e+02 -2.471100000e+02 -3.7985e+00 +2.0312e-01 -6.9122e-01
719 0 +1.004661954e-08 -2.471100000e+02 -2.471100000e+02 -3.7985e+00 +2.0312e-01 -6.9118e-01
721 0 +9.519993682e-09 -2.471100000e+02 -2.471100000e+02 -3.7984e+00 +2.0315e-01 -6.9111e-01
1008 0 +0.000000000e+00 -2.471100000e+02 -2.471100000e+02 -3.7984e+00 +2.0320e-01 -6.9120e-01
% f evaluations | g evaluations | best noise-free fitness - Fopt (-1.520400000000e+02) + sum g_i+ | measured fitness | best measured fitness or single-digit g-values | x1 | x2...
1 0 +1.750322688e+01 -1.345367731e+02 -1.345367731e+02 +0.0000e+00 +0.0000e+00 +0.0000e+00
5 0 +1.730103330e+01 -1.347389667e+02 -1.347389667e+02 -1.5359e-01 +2.4817e-01 +6.3376e-02
11 0 +1.567764056e+01 -1.363623594e+02 -1.363623594e+02 -2.5491e-01 +3.5786e-01 -1.1156e-01
17 0 +1.515323769e+01 -1.368867623e+02 -1.368867623e+02 +1.8079e-01 +5.4330e-01 -1.5958e-01
19 0 +1.411780255e+01 -1.379221975e+02 -1.379221975e+02 -8.2911e-02 +7.1335e-01 -2.3985e-01
24 0 +1.322303421e+01 -1.388169658e+02 -1.388169658e+02 -4.7478e-01 +6.9786e-01 -3.6774e-01
30 0 +1.196362377e+01 -1.400763762e+02 -1.400763762e+02 -6.6818e-01 +7.7253e-01 -5.5161e-01
33 0 +1.072929827e+01 -1.413107017e+02 -1.413107017e+02 -1.0533e+00 +1.3241e+00 -7.4652e-01
37 0 +8.100448182e+00 -1.439395518e+02 -1.439395518e+02 -1.0862e+00 +2.1228e+00 -1.2901e+00
42 0 +7.775311448e+00 -1.442646886e+02 -1.442646886e+02 -1.8901e+00 +1.3250e+00 -1.6594e+00
43 0 +7.485608966e+00 -1.445543910e+02 -1.445543910e+02 -1.0812e+00 +1.5359e+00 -1.3151e+00
50 0 +7.163925048e+00 -1.448760750e+02 -1.448760750e+02 -1.5683e+00 +1.7000e+00 -1.6021e+00
51 0 +7.007928955e+00 -1.450320710e+02 -1.450320710e+02 -1.5919e+00 +2.8299e+00 -2.1146e+00
57 0 +6.716964683e+00 -1.453230353e+02 -1.453230353e+02 -1.8615e+00 +2.4346e+00 -2.1489e+00
68 0 +6.259647230e+00 -1.457803528e+02 -1.457803528e+02 -1.9413e+00 +2.3176e+00 -2.2943e+00
76 0 +5.691448655e+00 -1.463485513e+02 -1.463485513e+02 -1.7029e+00 +1.6767e+00 -2.0363e+00
97 0 +5.568592189e+00 -1.464714078e+02 -1.464714078e+02 -5.1494e-01 +1.3945e+00 -1.5782e+00
99 0 +4.906249054e+00 -1.471337509e+02 -1.471337509e+02 -1.2019e+00 +2.3753e+00 -2.1563e+00
104 0 +4.116894172e+00 -1.479231058e+02 -1.479231058e+02 -8.0089e-01 +1.7695e+00 -1.9980e+00
110 0 +3.830009350e+00 -1.482099906e+02 -1.482099906e+02 -1.1287e+00 +2.5382e+00 -2.5659e+00
115 0 +3.244193026e+00 -1.487958070e+02 -1.487958070e+02 -9.6346e-01 +1.9144e+00 -2.3377e+00
147 0 +2.846027962e+00 -1.491939720e+02 -1.491939720e+02 -1.0197e+00 +2.0622e+00 -2.5564e+00
154 0 +2.735605416e+00 -1.493043946e+02 -1.493043946e+02 -1.2682e+00 +2.4461e+00 -3.0948e+00
158 0 +2.133180093e+00 -1.499068199e+02 -1.499068199e+02 -5.7473e-01 +2.1387e+00 -2.6888e+00
160 0 +2.079321534e+00 -1.499606785e+02 -1.499606785e+02 -4.7112e-01 +1.8062e+00 -2.5494e+00
166 0 +2.025480445e+00 -1.500145196e+02 -1.500145196e+02 -7.1186e-01 +2.1242e+00 -2.7683e+00
170 0 +1.887802289e+00 -1.501521977e+02 -1.501521977e+02 -2.5113e-01 +1.8607e+00 -2.6222e+00
178 0 +1.684336896e+00 -1.503556631e+02 -1.503556631e+02 -7.2725e-01 +1.9292e+00 -2.8214e+00
187 0 +1.470764513e+00 -1.505692355e+02 -1.505692355e+02 -6.4587e-01 +1.9335e+00 -2.8915e+00
194 0 +1.177229003e+00 -1.508627710e+02 -1.508627710e+02 -4.2958e-01 +1.8343e+00 -2.9336e+00
196 0 +7.377080106e-01 -1.513022920e+02 -1.513022920e+02 -2.9166e-01 +1.5865e+00 -3.0818e+00
198 0 +5.730692208e-01 -1.514669308e+02 -1.514669308e+02 -3.1903e-01 +1.8190e+00 -3.2811e+00
206 0 +3.570831996e-01 -1.516829168e+02 -1.516829168e+02 +3.5448e-02 +1.4772e+00 -3.4123e+00
208 0 +3.204745447e-01 -1.517195255e+02 -1.517195255e+02 -3.9023e-01 +1.8759e+00 -3.6068e+00
211 0 +2.738139067e-01 -1.517661861e+02 -1.517661861e+02 -1.5959e-01 +1.6049e+00 -3.4457e+00
223 0 +3.237969452e-02 -1.520076203e+02 -1.520076203e+02 -1.9979e-01 +1.5486e+00 -3.8139e+00
276 0 +1.970202448e-02 -1.520202980e+02 -1.520202980e+02 -1.7276e-01 +1.4892e+00 -3.8439e+00
299 0 +1.879482832e-02 -1.520212052e+02 -1.520212052e+02 -1.4312e-01 +1.4511e+00 -3.8732e+00
351 0 +1.851764335e-02 -1.520214824e+02 -1.520214824e+02 -1.4450e-01 +1.4826e+00 -3.9297e+00
356 0 +1.365832931e-02 -1.520263417e+02 -1.520263417e+02 -1.6422e-01 +1.4763e+00 -3.9427e+00
363 0 +1.062292792e-02 -1.520293771e+02 -1.520293771e+02 -1.7184e-01 +1.4556e+00 -3.9017e+00
380 0 +7.363814137e-03 -1.520326362e+02 -1.520326362e+02 -1.8706e-01 +1.4547e+00 -3.9238e+00
390 0 +6.875150265e-03 -1.520331248e+02 -1.520331248e+02 -1.8924e-01 +1.4451e+00 -3.9060e+00
392 0 +3.994879507e-03 -1.520360051e+02 -1.520360051e+02 -2.1157e-01 +1.4540e+00 -3.9243e+00
395 0 +3.576980626e-03 -1.520364230e+02 -1.520364230e+02 -2.2249e-01 +1.4568e+00 -3.9023e+00
398 0 +1.502837943e-03 -1.520384972e+02 -1.520384972e+02 -2.3952e-01 +1.4457e+00 -3.9085e+00
406 0 +1.275094510e-03 -1.520387249e+02 -1.520387249e+02 -2.3275e-01 +1.4164e+00 -3.9192e+00
421 0 +8.459019710e-04 -1.520391541e+02 -1.520391541e+02 -2.4088e-01 +1.4264e+00 -3.9127e+00
427 0 +6.123531223e-04 -1.520393876e+02 -1.520393876e+02 -2.6847e-01 +1.4479e+00 -3.9309e+00
428 0 +1.789208087e-04 -1.520398211e+02 -1.520398211e+02 -2.6986e-01 +1.4367e+00 -3.9214e+00
437 0 +1.716291034e-04 -1.520398284e+02 -1.520398284e+02 -2.7848e-01 +1.4232e+00 -3.9182e+00
462 0 +5.445290418e-05 -1.520399455e+02 -1.520399455e+02 -2.6729e-01 +1.4273e+00 -3.9314e+00
491 0 +3.531844087e-05 -1.520399647e+02 -1.520399647e+02 -2.6330e-01 +1.4195e+00 -3.9251e+00
498 0 +2.977139661e-05 -1.520399702e+02 -1.520399702e+02 -2.6260e-01 +1.4223e+00 -3.9224e+00
541 0 +1.055302494e-05 -1.520399894e+02 -1.520399894e+02 -2.6728e-01 +1.4209e+00 -3.9239e+00
550 0 +8.754471338e-06 -1.520399912e+02 -1.520399912e+02 -2.6732e-01 +1.4228e+00 -3.9221e+00
574 0 +6.087608853e-06 -1.520399939e+02 -1.520399939e+02 -2.6961e-01 +1.4243e+00 -3.9244e+00
582 0 +5.741853556e-06 -1.520399943e+02 -1.520399943e+02 -2.6766e-01 +1.4221e+00 -3.9234e+00
587 0 +5.086955269e-06 -1.520399949e+02 -1.520399949e+02 -2.6871e-01 +1.4227e+00 -3.9258e+00
589 0 +4.057770269e-06 -1.520399959e+02 -1.520399959e+02 -2.6901e-01 +1.4237e+00 -3.9240e+00
600 0 +3.131095809e-06 -1.520399969e+02 -1.520399969e+02 -2.6674e-01 +1.4244e+00 -3.9231e+00
603 0 +2.058276948e-06 -1.520399979e+02 -1.520399979e+02 -2.6727e-01 +1.4235e+00 -3.9235e+00
607 0 +1.971267096e-06 -1.520399980e+02 -1.520399980e+02 -2.6832e-01 +1.4248e+00 -3.9249e+00
610 0 +1.097218501e-06 -1.520399989e+02 -1.520399989e+02 -2.6633e-01 +1.4239e+00 -3.9242e+00
611 0 +7.205553061e-07 -1.520399993e+02 -1.520399993e+02 -2.6735e-01 +1.4240e+00 -3.9256e+00
617 0 +6.738558227e-07 -1.520399993e+02 -1.520399993e+02 -2.6721e-01 +1.4233e+00 -3.9244e+00
624 0 +3.191376550e-07 -1.520399997e+02 -1.520399997e+02 -2.6747e-01 +1.4236e+00 -3.9245e+00
642 0 +2.528728373e-07 -1.520399997e+02 -1.520399997e+02 -2.6766e-01 +1.4238e+00 -3.9249e+00
656 0 +9.388608646e-08 -1.520399999e+02 -1.520399999e+02 -2.6710e-01 +1.4237e+00 -3.9247e+00
709 0 +7.837391536e-08 -1.520399999e+02 -1.520399999e+02 -2.6730e-01 +1.4238e+00 -3.9246e+00
724 0 +7.086603659e-08 -1.520399999e+02 -1.520399999e+02 -2.6715e-01 +1.4238e+00 -3.9247e+00
726 0 +5.966029448e-08 -1.520399999e+02 -1.520399999e+02 -2.6720e-01 +1.4238e+00 -3.9246e+00
730 0 +4.036306223e-08 -1.520400000e+02 -1.520400000e+02 -2.6722e-01 +1.4239e+00 -3.9247e+00
740 0 +3.885062938e-08 -1.520400000e+02 -1.520400000e+02 -2.6718e-01 +1.4240e+00 -3.9246e+00
741 0 +2.697939294e-08 -1.520400000e+02 -1.520400000e+02 -2.6724e-01 +1.4240e+00 -3.9246e+00
748 0 +1.955726248e-08 -1.520400000e+02 -1.520400000e+02 -2.6716e-01 +1.4240e+00 -3.9247e+00
755 0 +1.826185780e-08 -1.520400000e+02 -1.520400000e+02 -2.6719e-01 +1.4240e+00 -3.9247e+00
757 0 +1.787438464e-08 -1.520400000e+02 -1.520400000e+02 -2.6722e-01 +1.4240e+00 -3.9247e+00
764 0 +1.427585516e-08 -1.520400000e+02 -1.520400000e+02 -2.6725e-01 +1.4240e+00 -3.9247e+00
769 0 +1.302586838e-08 -1.520400000e+02 -1.520400000e+02 -2.6723e-01 +1.4240e+00 -3.9247e+00
775 0 +1.179947162e-08 -1.520400000e+02 -1.520400000e+02 -2.6724e-01 +1.4241e+00 -3.9247e+00
780 0 +1.150181106e-08 -1.520400000e+02 -1.520400000e+02 -2.6724e-01 +1.4241e+00 -3.9247e+00
785 0 +9.488189789e-09 -1.520400000e+02 -1.520400000e+02 -2.6725e-01 +1.4240e+00 -3.9247e+00
1181 0 +0.000000000e+00 -1.520400000e+02 -1.520400000e+02 -2.6720e-01 +1.4240e+00 -3.9248e+00
% f evaluations | g evaluations | best noise-free fitness - Fopt (-2.525000000000e+01) + sum g_i+ | measured fitness | best measured fitness or single-digit g-values | x1 | x2...
1 0 +1.548831296e+01 -9.761687040e+00 -9.761687040e+00 +0.0000e+00 +0.0000e+00 +0.0000e+00
2 0 +1.279098063e+01 -1.245901937e+01 -1.245901937e+01 +4.3379e-01 +3.0692e-02 +9.8026e-02
17 0 +1.216237853e+01 -1.308762147e+01 -1.308762147e+01 +4.3516e-01 +3.8133e-01 -1.0793e-02
25 0 +1.023303052e+01 -1.501696948e+01 -1.501696948e+01 +9.4934e-01 +4.7890e-01 +3.4080e-01
41 0 +9.876483212e+00 -1.537351679e+01 -1.537351679e+01 +8.8273e-01 +4.1628e-01 +1.1676e-01
45 0 +8.709359858e+00 -1.654064014e+01 -1.654064014e+01 +1.2237e+00 +4.1019e-01 +2.9406e-01
51 0 +7.177474873e+00 -1.807252513e+01 -1.807252513e+01 +1.7482e+00 +7.9758e-01 +4.9370e-01
57 0 +7.047125764e+00 -1.820287424e+01 -1.820287424e+01 +2.0734e+00 +6.5508e-01 +7.3987e-01
66 0 +6.067346830e+00 -1.918265317e+01 -1.918265317e+01 +2.5760e+00 +6.2872e-01 +8.1202e-01
73 0 +5.891681931e+00 -1.935831807e+01 -1.935831807e+01 +3.4652e+00 +9.7381e-01 +9.7731e-01
78 0 +5.289852329e+00 -1.996014767e+01 -1.996014767e+01 +3.0966e+00 +8.3782e-01 +8.1014e-01
95 0 +5.014591680e+00 -2.023540832e+01 -2.023540832e+01 +3.3182e+00 +8.4609e-01 +7.8801e-01
98 0 +4.328368167e+00 -2.092163183e+01 -2.092163183e+01 +3.0725e+00 +1.1281e+00 +5.2565e-01
101 0 +3.643449614e+00 -2.160655039e+01 -2.160655039e+01 +3.2612e+00 +1.1702e+00 +3.7632e-01
115 0 +3.523118533e+00 -2.172688147e+01 -2.172688147e+01 +3.7371e+00 +9.0243e-01 +4.3222e-01
130 0 +3.031104422e+00 -2.221889558e+01 -2.221889558e+01 +2.8207e+00 +7.2207e-01 +1.2554e-01
141 0 +2.677480042e+00 -2.257251996e+01 -2.257251996e+01 +3.1878e+00 +1.2381e+00 +3.8535e-02
143 0 +1.600613166e+00 -2.364938683e+01 -2.364938683e+01 +3.0503e+00 +1.1356e+00 -4.0571e-01
163 0 +1.447973422e+00 -2.380202658e+01 -2.380202658e+01 +3.9370e+00 +1.5669e+00 -7.3181e-01
169 0 +1.343086211e+00 -2.390691379e+01 -2.390691379e+01 +3.4621e+00 +1.1833e+00 -4.1189e-01
178 0 +1.072156067e+00 -2.417784393e+01 -2.417784393e+01 +2.7602e+00 +8.5477e-01 -8.7915e-01
183 0 +9.555373846e-01 -2.429446262e+01 -2.429446262e+01 +3.3467e+00 +1.1034e+00 -6.0635e-01
188 0 +8.527972757e-01 -2.439720272e+01 -2.439720272e+01 +3.1707e+00 +9.6019e-01 -6.7976e-01
189 0 +6.803962793e-01 -2.456960372e+01 -2.456960372e+01 +3.3361e+00 +7.7612e-01 -6.5799e-01
194 0 +4.741275481e-01 -2.477587245e+01 -2.477587245e+01 +3.3175e+00 +9.7876e-01 -9.0397e-01
196 0 +2.285386844e-01 -2.502146132e+01 -2.502146132e+01 +3.2050e+00 +7.5733e-01 -1.2071e+00
198 0 +1.798370872e-01 -2.507016291e+01 -2.507016291e+01 +3.6437e+00 +1.0479e+00 -1.3283e+00
236 0 +4.417049649e-02 -2.520582950e+01 -2.520582950e+01 +3.4606e+00 +7.7106e-01 -1.3763e+00
281 0 +1.467493492e-02 -2.523532507e+01 -2.523532507e+01 +3.6320e+00 +7.2178e-01 -1.3387e+00
288 0 +5.869750318e-03 -2.524413025e+01 -2.524413025e+01 +3.6611e+00 +6.6302e-01 -1.3676e+00
295 0 +5.097272270e-03 -2.524490273e+01 -2.524490273e+01 +3.5955e+00 +6.1555e-01 -1.3556e+00
308 0 +3.717456896e-03 -2.524628254e+01 -2.524628254e+01 +3.6663e+00 +6.6695e-01 -1.4253e+00
326 0 +3.594513540e-03 -2.524640549e+01 -2.524640549e+01 +3.5757e+00 +6.8095e-01 -1.4193e+00
330 0 +3.416286894e-03 -2.524658371e+01 -2.524658371e+01 +3.6076e+00 +6.7635e-01 -1.4625e+00
333 0 +1.388065389e-03 -2.524861193e+01 -2.524861193e+01 +3.6042e+00 +6.4817e-01 -1.3882e+00
344 0 +7.951019205e-04 -2.524920490e+01 -2.524920490e+01 +3.6087e+00 +6.5448e-01 -1.4018e+00
369 0 +4.935417998e-04 -2.524950646e+01 -2.524950646e+01 +3.6190e+00 +6.4545e-01 -1.4024e+00
377 0 +3.715052056e-04 -2.524962849e+01 -2.524962849e+01 +3.6318e+00 +6.2925e-01 -1.4275e+00
380 0 +1.726855680e-04 -2.524982731e+01 -2.524982731e+01 +3.6078e+00 +6.3934e-01 -1.4322e+00
387 0 +7.619100277e-05 -2.524992381e+01 -2.524992381e+01 +3.6106e+00 +6.2945e-01 -1.4162e+00
390 0 +1.889920172e-05 -2.524998110e+01 -2.524998110e+01 +3.6108e+00 +6.3737e-01 -1.4227e+00
416 0 +7.472255142e-06 -2.524999253e+01 -2.524999253e+01 +3.6124e+00 +6.3631e-01 -1.4231e+00
421 0 +5.168003028e-06 -2.524999483e+01 -2.524999483e+01 +3.6132e+00 +6.3357e-01 -1.4206e+00
449 0 +4.406143603e-06 -2.524999559e+01 -2.524999559e+01 +3.6146e+00 +6.3461e-01 -1.4236e+00
462 0 +2.239673886e-06 -2.524999776e+01 -2.524999776e+01 +3.6159e+00 +6.3518e-01 -1.4214e+00
463 0 +1.503821608e-06 -2.524999850e+01 -2.524999850e+01 +3.6145e+00 +6.3642e-01 -1.4217e+00
465 0 +4.722698677e-07 -2.524999953e+01 -2.524999953e+01 +3.6146e+00 +6.3480e-01 -1.4211e+00
467 0 +2.817760816e-07 -2.524999972e+01 -2.524999972e+01 +3.6147e+00 +6.3502e-01 -1.4220e+00
479 0 +2.531920522e-07 -2.524999975e+01 -2.524999975e+01 +3.6143e+00 +6.3489e-01 -1.4212e+00
498 0 +1.115049741e-08 -2.524999999e+01 -2.524999999e+01 +3.6144e+00 +6.3529e-01 -1.4216e+00
561 0 +9.425246361e-09 -2.524999999e+01 -2.524999999e+01 +3.6144e+00 +6.3518e-01 -1.4215e+00
851 0 +0.000000000e+00 -2.525000000e+01 -2.525000000e+01 +3.6144e+00 +6.3520e-01 -1.4216e+00
% f evaluations | g evaluations | best noise-free fitness - Fopt (1.830100000000e+02) + sum g_i+ | measured fitness | best measured fitness or single-digit g-values | x1 | x2...
1 0 +2.232625024e+01 +2.053362502e+02 +2.053362502e+02 +0.0000e+00 +0.0000e+00 +0.0000e+00
5 0 +2.058057077e+01 +2.035905708e+02 +2.035905708e+02 -1.5359e-01 +2.4817e-01 +6.3376e-02
11 0 +1.813035573e+01 +2.011403557e+02 +2.011403557e+02 -4.3588e-01 +3.8180e-01 -5.3082e-02
19 0 +1.604958254e+01 +1.990595825e+02 +1.990595825e+02 -3.0030e-01 +7.3766e-01 -1.9042e-01
24 0 +1.401689407e+01 +1.970268941e+02 +1.970268941e+02 -6.9306e-01 +7.5770e-01 -3.1557e-01
26 0 +1.332157399e+01 +1.963315740e+02 +1.963315740e+02 -7.6126e-01 +1.0454e+00 -1.6927e-01
30 0 +1.211132993e+01 +1.951213299e+02 +1.951213299e+02 -9.0021e-01 +8.5060e-01 -5.0467e-01
33 0 +7.960241304e+00 +1.909702413e+02 +1.909702413e+02 -1.3508e+00 +1.4671e+00 -6.9170e-01
37 0 +3.685816511e+00 +1.866958165e+02 +1.866958165e+02 -1.4534e+00 +2.3051e+00 -1.2449e+00
50 0 +2.622318154e+00 +1.856323182e+02 +1.856323182e+02 -2.5394e+00 +2.1800e+00 -1.5842e+00
51 0 +1.007093737e+00 +1.840170937e+02 +1.840170937e+02 -2.4569e+00 +3.1930e+00 -1.9054e+00
95 0 +9.190553940e-01 +1.839290554e+02 +1.839290554e+02 -2.9567e+00 +3.3394e+00 -2.4164e+00
99 0 +7.625441125e-01 +1.837725441e+02 +1.837725441e+02 -2.7390e+00 +3.1519e+00 -2.2223e+00
110 0 +3.806873084e-01 +1.833906873e+02 +1.833906873e+02 -2.5718e+00 +3.1201e+00 -2.4156e+00
163 0 +3.636753055e-01 +1.833736753e+02 +1.833736753e+02 -2.5227e+00 +3.3722e+00 -2.4755e+00
170 0 +3.330749462e-01 +1.833430749e+02 +1.833430749e+02 -2.3280e+00 +3.1255e+00 -2.3082e+00
179 0 +3.213634978e-01 +1.833313635e+02 +1.833313635e+02 -2.3204e+00 +3.1240e+00 -2.3164e+00
194 0 +2.993829570e-01 +1.833093830e+02 +1.833093830e+02 -2.3830e+00 +3.1308e+00 -2.3645e+00
195 0 +2.943179963e-01 +1.833043180e+02 +1.833043180e+02 -2.4213e+00 +3.2038e+00 -2.4017e+00
196 0 +2.740625409e-01 +1.832840625e+02 +1.832840625e+02 -2.3474e+00 +3.0541e+00 -2.3756e+00
198 0 +2.214539302e-01 +1.832314539e+02 +1.832314539e+02 -2.3579e+00 +3.1436e+00 -2.4390e+00
200 0 +2.185615855e-01 +1.832285616e+02 +1.832285616e+02 -2.2374e+00 +3.0561e+00 -2.3981e+00
206 0 +1.776969634e-01 +1.831876970e+02 +1.831876970e+02 -2.1976e+00 +3.0662e+00 -2.4366e+00
208 0 +1.666191132e-01 +1.831766191e+02 +1.831766191e+02 -2.3480e+00 +3.2079e+00 -2.5192e+00
212 0 +9.244103773e-02 +1.831024410e+02 +1.831024410e+02 -2.0232e+00 +3.0113e+00 -2.5850e+00
218 0 +9.042494093e-02 +1.831004249e+02 +1.831004249e+02 -2.1910e+00 +3.1786e+00 -2.5661e+00
223 0 +8.551621394e-02 +1.830955162e+02 +1.830955162e+02 -2.2007e+00 +3.0420e+00 -2.5735e+00
225 0 +5.717848960e-02 +1.830671785e+02 +1.830671785e+02 -2.2462e+00 +3.2800e+00 -2.7346e+00
239 0 +2.884959794e-02 +1.830388496e+02 +1.830388496e+02 -1.9804e+00 +3.1492e+00 -2.9022e+00
247 0 +2.453176493e-02 +1.830345318e+02 +1.830345318e+02 -2.1486e+00 +3.0983e+00 -2.6960e+00
252 0 +1.440091835e-02 +1.830244009e+02 +1.830244009e+02 -2.0450e+00 +3.1652e+00 -2.8043e+00
287 0 +1.075914954e-02 +1.830207591e+02 +1.830207591e+02 -2.0471e+00 +3.1547e+00 -2.8381e+00
394 0 +1.062211825e-02 +1.830206221e+02 +1.830206221e+02 -2.0869e+00 +3.1879e+00 -2.8199e+00
399 0 +1.024271420e-02 +1.830202427e+02 +1.830202427e+02 -2.1062e+00 +3.1729e+00 -2.7850e+00
400 0 +1.023096365e-02 +1.830202310e+02 +1.830202310e+02 -2.0973e+00 +3.1835e+00 -2.8042e+00
406 0 +9.004781721e-03 +1.830190048e+02 +1.830190048e+02 -2.1005e+00 +3.1813e+00 -2.8115e+00
416 0 +8.890063933e-03 +1.830188901e+02 +1.830188901e+02 -2.0857e+00 +3.1699e+00 -2.8084e+00
419 0 +7.897841971e-03 +1.830178978e+02 +1.830178978e+02 -2.0914e+00 +3.1683e+00 -2.8112e+00
423 0 +7.277111515e-03 +1.830172771e+02 +1.830172771e+02 -2.1319e+00 +3.1662e+00 -2.7946e+00
436 0 +4.549067302e-03 +1.830145491e+02 +1.830145491e+02 -2.1150e+00 +3.1605e+00 -2.8232e+00
445 0 +4.122592290e-03 +1.830141226e+02 +1.830141226e+02 -2.1399e+00 +3.1610e+00 -2.8244e+00
447 0 +3.445731952e-03 +1.830134457e+02 +1.830134457e+02 -2.1422e+00 +3.1587e+00 -2.8340e+00
451 0 +8.425865668e-04 +1.830108426e+02 +1.830108426e+02 -2.1440e+00 +3.1310e+00 -2.8493e+00
464 0 +3.236053401e-04 +1.830103236e+02 +1.830103236e+02 -2.1442e+00 +3.1192e+00 -2.8528e+00
473 0 +1.157027376e-04 +1.830101157e+02 +1.830101157e+02 -2.1437e+00 +3.0958e+00 -2.8510e+00
523 0 +9.294506481e-05 +1.830100929e+02 +1.830100929e+02 -2.1333e+00 +3.1061e+00 -2.8608e+00
540 0 +6.648739861e-05 +1.830100665e+02 +1.830100665e+02 -2.1360e+00 +3.1084e+00 -2.8583e+00
555 0 +5.302570580e-05 +1.830100530e+02 +1.830100530e+02 -2.1371e+00 +3.1088e+00 -2.8565e+00
561 0 +3.493152107e-05 +1.830100349e+02 +1.830100349e+02 -2.1343e+00 +3.1082e+00 -2.8546e+00
568 0 +2.540149086e-05 +1.830100254e+02 +1.830100254e+02 -2.1371e+00 +3.1050e+00 -2.8566e+00
582 0 +4.335816271e-06 +1.830100043e+02 +1.830100043e+02 -2.1370e+00 +3.1044e+00 -2.8534e+00
597 0 +4.266444478e-07 +1.830100004e+02 +1.830100004e+02 -2.1357e+00 +3.1031e+00 -2.8514e+00
631 0 +1.939656329e-07 +1.830100002e+02 +1.830100002e+02 -2.1362e+00 +3.1035e+00 -2.8518e+00
709 0 +1.738097239e-07 +1.830100002e+02 +1.830100002e+02 -2.1360e+00 +3.1030e+00 -2.8517e+00
751 0 +1.280978950e-07 +1.830100001e+02 +1.830100001e+02 -2.1359e+00 +3.1031e+00 -2.8517e+00
763 0 +8.567153031e-08 +1.830100001e+02 +1.830100001e+02 -2.1360e+00 +3.1030e+00 -2.8518e+00
770 0 +5.496485755e-08 +1.830100001e+02 +1.830100001e+02 -2.1359e+00 +3.1031e+00 -2.8518e+00
772 0 +4.775947104e-08 +1.830100000e+02 +1.830100000e+02 -2.1359e+00 +3.1031e+00 -2.8519e+00
780 0 +3.504007395e-08 +1.830100000e+02 +1.830100000e+02 -2.1359e+00 +3.1030e+00 -2.8520e+00
785 0 +2.898238449e-08 +1.830100000e+02 +1.830100000e+02 -2.1360e+00 +3.1030e+00 -2.8520e+00
801 0 +2.475206884e-08 +1.830100000e+02 +1.830100000e+02 -2.1360e+00 +3.1032e+00 -2.8518e+00
802 0 +2.005992883e-08 +1.830100000e+02 +1.830100000e+02 -2.1361e+00 +3.1031e+00 -2.8519e+00
803 0 +1.024329777e-08 +1.830100000e+02 +1.830100000e+02 -2.1360e+00 +3.1032e+00 -2.8519e+00
804 0 +5.166810979e-09 +1.830100000e+02 +1.830100000e+02 -2.1361e+00 +3.1032e+00 -2.8520e+00
1268 0 +0.000000000e+00 +1.830100000e+02 +1.830100000e+02 -2.1360e+00 +3.1032e+00 -2.8520e+00
% f evaluations | g evaluations | best noise-free fitness - Fopt (1.835200000000e+02) + sum g_i+ | measured fitness | best measured fitness or single-digit g-values | x1 | x2...
1 0 +2.098610048e+01 +2.045061005e+02 +2.045061005e+02 +0.0000e+00 +0.0000e+00 +0.0000e+00
4 0 +1.921757234e+01 +2.027375723e+02 +2.027375723e+02 -1.1375e-01 -3.0566e-01 +1.1285e-01
20 0 +1.854336332e+01 +2.020633633e+02 +2.020633633e+02 -5.3385e-02 -2.5981e-01 -1.0129e-01
35 0 +1.792259936e+01 +2.014425994e+02 +2.014425994e+02 -1.2720e-01 -2.9810e-01 -1.8117e-01
42 0 +1.733246076e+01 +2.008524608e+02 +2.008524608e+02 -3.7597e-01 -2.8318e-01 -3.7919e-01
54 0 +1.652175525e+01 +2.000417552e+02 +2.000417552e+02 -2.3072e-01 -3.9573e-01 -3.5834e-01
60 0 +1.544888568e+01 +1.989688857e+02 +1.989688857e+02 -1.7569e-01 -5.4487e-01 -3.6275e-01
74 0 +1.464434468e+01 +1.981643447e+02 +1.981643447e+02 -2.1300e-01 -5.4458e-01 -5.8284e-01
77 0 +1.326795913e+01 +1.967879591e+02 +1.967879591e+02 -5.2333e-02 -7.5600e-01 -5.6834e-01
80 0 +1.268486488e+01 +1.962048649e+02 +1.962048649e+02 +1.0989e-01 -8.9512e-01 -4.9415e-01
88 0 +1.204419005e+01 +1.955641901e+02 +1.955641901e+02 -1.7011e-01 -9.3866e-01 -6.0105e-01
91 0 +1.127217683e+01 +1.947921768e+02 +1.947921768e+02 -1.1259e-01 -1.0232e+00 -6.7709e-01
94 0 +9.002907554e+00 +1.925229076e+02 +1.925229076e+02 -2.9128e-02 -1.4562e+00 -6.5338e-01
104 0 +6.671460890e+00 +1.901914609e+02 +1.901914609e+02 +4.2039e-02 -1.6719e+00 -1.1033e+00
108 0 +5.245987312e+00 +1.887659873e+02 +1.887659873e+02 +2.3104e-01 -1.9225e+00 -1.2831e+00
115 0 +2.370750185e+00 +1.858907502e+02 +1.858907502e+02 +1.2111e-01 -2.4343e+00 -2.0543e+00
122 0 +1.446551624e+00 +1.849665516e+02 +1.849665516e+02 +4.1329e-01 -2.9044e+00 -1.9082e+00
126 0 +7.712601114e-01 +1.842912601e+02 +1.842912601e+02 +5.2402e-01 -4.2427e+00 -2.9532e+00
127 0 +5.518571655e-01 +1.840718572e+02 +1.840718572e+02 +6.9814e-01 -3.9518e+00 -2.5180e+00
166 0 +5.469600217e-01 +1.840669600e+02 +1.840669600e+02 +6.4932e-01 -3.6307e+00 -2.3225e+00
199 0 +3.659474088e-01 +1.838859474e+02 +1.838859474e+02 +5.7169e-01 -3.8373e+00 -2.3898e+00
204 0 +1.853016402e-01 +1.837053016e+02 +1.837053016e+02 +3.4394e-01 -3.8248e+00 -2.5294e+00
259 0 +1.693215337e-01 +1.836893215e+02 +1.836893215e+02 +2.6588e-01 -3.9622e+00 -2.6281e+00
260 0 +1.589637630e-01 +1.836789638e+02 +1.836789638e+02 +2.8723e-01 -3.7346e+00 -2.4785e+00
266 0 +1.557015211e-01 +1.836757015e+02 +1.836757015e+02 +2.9148e-01 -3.7537e+00 -2.4840e+00
276 0 +1.485017920e-01 +1.836685018e+02 +1.836685018e+02 +2.5356e-01 -3.7146e+00 -2.4803e+00
293 0 +1.467267480e-01 +1.836667267e+02 +1.836667267e+02 +2.4844e-01 -3.7235e+00 -2.4964e+00
295 0 +1.438969550e-01 +1.836638970e+02 +1.836638970e+02 +2.6139e-01 -3.7582e+00 -2.5081e+00
299 0 +1.324791419e-01 +1.836524791e+02 +1.836524791e+02 +2.2421e-01 -3.8235e+00 -2.5754e+00
341 0 +1.317536725e-01 +1.836517537e+02 +1.836517537e+02 +1.9683e-01 -3.7530e+00 -2.5546e+00
356 0 +1.277175864e-01 +1.836477176e+02 +1.836477176e+02 +1.9582e-01 -3.7763e+00 -2.5649e+00
363 0 +1.244918343e-01 +1.836444918e+02 +1.836444918e+02 +1.9250e-01 -3.7840e+00 -2.5664e+00
367 0 +1.221073621e-01 +1.836421074e+02 +1.836421074e+02 +1.9230e-01 -3.7597e+00 -2.5424e+00
381 0 +1.202035349e-01 +1.836402035e+02 +1.836402035e+02 +1.9871e-01 -3.7986e+00 -2.5607e+00
387 0 +1.168340851e-01 +1.836368341e+02 +1.836368341e+02 +1.7672e-01 -3.8142e+00 -2.5820e+00
395 0 +1.121353049e-01 +1.836321353e+02 +1.836321353e+02 +1.4574e-01 -3.7727e+00 -2.5702e+00
402 0 +1.025067339e-01 +1.836225067e+02 +1.836225067e+02 +1.2942e-01 -3.8182e+00 -2.5883e+00
428 0 +1.007281149e-01 +1.836207281e+02 +1.836207281e+02 +8.3491e-02 -3.7908e+00 -2.5931e+00
429 0 +9.970183515e-02 +1.836197018e+02 +1.836197018e+02 +8.0545e-02 -3.7943e+00 -2.5944e+00
487 0 +9.764875367e-02 +1.836176488e+02 +1.836176488e+02 +7.6282e-02 -3.7873e+00 -2.5879e+00
499 0 +9.495460684e-02 +1.836149546e+02 +1.836149546e+02 +6.9380e-02 -3.7883e+00 -2.5858e+00
515 0 +9.227008118e-02 +1.836122701e+02 +1.836122701e+02 +8.8899e-02 -3.7498e+00 -2.5424e+00
524 0 +9.040783187e-02 +1.836104078e+02 +1.836104078e+02 +6.3914e-02 -3.7587e+00 -2.5572e+00
543 0 +8.568570748e-02 +1.836056857e+02 +1.836056857e+02 +6.2625e-02 -3.7944e+00 -2.5730e+00
548 0 +8.093403343e-02 +1.836009340e+02 +1.836009340e+02 +9.9230e-02 -3.7877e+00 -2.5409e+00
576 0 +7.898884134e-02 +1.835989888e+02 +1.835989888e+02 +4.2388e-02 -3.7949e+00 -2.5654e+00
583 0 +7.413671437e-02 +1.835941367e+02 +1.835941367e+02 +5.5413e-02 -3.7665e+00 -2.5281e+00
584 0 +7.092874690e-02 +1.835909287e+02 +1.835909287e+02 +8.5000e-02 -3.7817e+00 -2.5188e+00
590 0 +6.828629142e-02 +1.835882863e+02 +1.835882863e+02 +6.3015e-02 -3.7774e+00 -2.5192e+00
592 0 +6.277474937e-02 +1.835827747e+02 +1.835827747e+02 +5.8896e-02 -3.8202e+00 -2.5383e+00
595 0 +6.146959208e-02 +1.835814696e+02 +1.835814696e+02 -4.0459e-03 -3.7948e+00 -2.5334e+00
598 0 +6.003657609e-02 +1.835800366e+02 +1.835800366e+02 +4.5581e-02 -3.8367e+00 -2.5454e+00
601 0 +5.670013164e-02 +1.835767001e+02 +1.835767001e+02 -5.9964e-03 -3.8559e+00 -2.5560e+00
602 0 +4.896248656e-02 +1.835689625e+02 +1.835689625e+02 -2.3699e-04 -3.7309e+00 -2.3986e+00
603 0 +4.652513958e-02 +1.835665251e+02 +1.835665251e+02 +1.3116e-02 -3.8078e+00 -2.5000e+00
605 0 +4.227522738e-02 +1.835622752e+02 +1.835622752e+02 -8.1901e-02 -3.8157e+00 -2.4853e+00
606 0 +3.820996440e-02 +1.835582100e+02 +1.835582100e+02 +3.7066e-02 -3.8501e+00 -2.4969e+00
610 0 +3.652620422e-02 +1.835565262e+02 +1.835565262e+02 -3.8195e-02 -3.8351e+00 -2.4922e+00
615 0 +2.270995821e-02 +1.835427100e+02 +1.835427100e+02 -8.8669e-02 -3.8792e+00 -2.4540e+00
619 0 +2.213114303e-02 +1.835421311e+02 +1.835421311e+02 -6.7630e-02 -3.8268e+00 -2.4171e+00
632 0 +1.455959508e-02 +1.835345596e+02 +1.835345596e+02 -4.8697e-02 -3.8436e+00 -2.3994e+00
640 0 +4.080293617e-03 +1.835240803e+02 +1.835240803e+02 -7.3992e-02 -3.9233e+00 -2.3660e+00
663 0 +3.578504093e-03 +1.835235785e+02 +1.835235785e+02 -1.7689e-02 -3.9180e+00 -2.3892e+00
667 0 +2.198853763e-03 +1.835221989e+02 +1.835221989e+02 -6.2906e-02 -3.9558e+00 -2.3173e+00
673 0 +1.343899208e-03 +1.835213439e+02 +1.835213439e+02 -2.9415e-02 -3.9535e+00 -2.3682e+00
712 0 +7.929483106e-04 +1.835207929e+02 +1.835207929e+02 +1.8143e-03 -3.9457e+00 -2.3193e+00
715 0 +6.982925230e-04 +1.835206983e+02 +1.835206983e+02 -1.4406e-02 -3.9670e+00 -2.3362e+00
743 0 +6.782629314e-04 +1.835206783e+02 +1.835206783e+02 +1.0541e-04 -3.9326e+00 -2.3232e+00
756 0 +5.867398807e-04 +1.835205867e+02 +1.835205867e+02 -1.0311e-02 -3.9205e+00 -2.3307e+00
758 0 +1.731366157e-04 +1.835201731e+02 +1.835201731e+02 -1.8799e-02 -3.9317e+00 -2.3262e+00
767 0 +2.249152311e-05 +1.835200225e+02 +1.835200225e+02 -2.1047e-02 -3.9432e+00 -2.3300e+00
778 0 +2.136493976e-05 +1.835200214e+02 +1.835200214e+02 -2.0608e-02 -3.9460e+00 -2.3335e+00
792 0 +5.233537678e-06 +1.835200052e+02 +1.835200052e+02 -2.1257e-02 -3.9393e+00 -2.3342e+00
811 0 +1.272765360e-06 +1.835200013e+02 +1.835200013e+02 -2.2634e-02 -3.9419e+00 -2.3347e+00
873 0 +7.764531347e-07 +1.835200008e+02 +1.835200008e+02 -2.0905e-02 -3.9413e+00 -2.3348e+00
882 0 +3.039661749e-07 +1.835200003e+02 +1.835200003e+02 -2.1220e-02 -3.9412e+00 -2.3345e+00
912 0 +1.710842241e-07 +1.835200002e+02 +1.835200002e+02 -2.1198e-02 -3.9417e+00 -2.3344e+00
918 0 +7.960738913e-08 +1.835200001e+02 +1.835200001e+02 -2.1331e-02 -3.9417e+00 -2.3344e+00
934 0 +6.394969887e-08 +1.835200001e+02 +1.835200001e+02 -2.1791e-02 -3.9417e+00 -2.3345e+00
939 0 +6.187252666e-08 +1.835200001e+02 +1.835200001e+02 -2.1512e-02 -3.9417e+00 -2.3346e+00
948 0 +1.510488801e-08 +1.835200000e+02 +1.835200000e+02 -2.1488e-02 -3.9416e+00 -2.3344e+00
974 0 +9.028070735e-09 +1.835200000e+02 +1.835200000e+02 -2.1515e-02 -3.9416e+00 -2.3344e+00
1330 0 +0.000000000e+00 +1.835200000e+02 +1.835200000e+02 -2.1600e-02 -3.9416e+00 -2.3344e+00
% f evaluations | g evaluations | best noise-free fitness - Fopt (-5.938400000000e+02) + sum g_i+ | measured fitness | best measured fitness or single-digit g-values | x1 | x2...
1 0 +6.938939520e+00 -5.869010605e+02 -5.869010605e+02 +0.0000e+00 +0.0000e+00 +0.0000e+00
4 0 +6.402061215e+00 -5.874379388e+02 -5.874379388e+02 -1.1375e-01 -3.0566e-01 +1.1285e-01
5 0 +6.119458083e+00 -5.877205419e+02 -5.877205419e+02 -1.5359e-01 +2.4817e-01 +6.3376e-02
6 0 +5.633026771e+00 -5.882069732e+02 -5.882069732e+02 -2.2359e-01 +8.0318e-02 +2.1275e-01
10 0 +4.878245277e+00 -5.889617547e+02 -5.889617547e+02 -3.8979e-01 -1.1240e-01 +2.8237e-01
11 0 +4.391018952e+00 -5.894489810e+02 -5.894489810e+02 -5.7528e-01 +1.9818e-01 -6.2777e-02
23 0 +4.128448819e+00 -5.897115512e+02 -5.897115512e+02 -5.5294e-01 +1.8464e-01 +3.4095e-01
24 0 +3.039605577e+00 -5.908003944e+02 -5.908003944e+02 -8.8095e-01 +2.6157e-01 +1.7185e-01
26 0 +2.800998728e+00 -5.910390013e+02 -5.910390013e+02 -9.5702e-01 +4.7582e-01 +3.3727e-01
30 0 +2.633461853e+00 -5.912065381e+02 -5.912065381e+02 -1.0037e+00 +2.3438e-01 +1.6979e-01
33 0 +1.905121230e+00 -5.919348788e+02 -5.919348788e+02 -1.3383e+00 +5.6031e-01 +1.5741e-01
39 0 +1.860155888e+00 -5.919798441e+02 -5.919798441e+02 -1.2515e+00 +3.1508e-01 +2.9986e-01
40 0 +9.257012808e-01 -5.929142987e+02 -5.929142987e+02 -1.8584e+00 +6.5498e-01 +2.4699e-01
49 0 +2.762536846e-01 -5.935637463e+02 -5.935637463e+02 -2.3732e+00 +2.6357e-01 +1.1476e-01
62 0 +1.338799192e-01 -5.937061201e+02 -5.937061201e+02 -2.5387e+00 +4.5792e-01 +5.9993e-01
128 0 +6.122208853e-02 -5.937787779e+02 -5.937787779e+02 -2.5852e+00 +3.4121e-01 +5.8000e-01
129 0 +2.088037377e-02 -5.938191196e+02 -5.938191196e+02 -2.5643e+00 +2.3626e-01 +5.9898e-01
165 0 +1.945141738e-02 -5.938205486e+02 -5.938205486e+02 -2.5093e+00 +2.1644e-01 +6.0243e-01
178 0 +1.858654359e-02 -5.938214135e+02 -5.938214135e+02 -2.5659e+00 +1.9201e-01 +4.7689e-01
190 0 +1.726330610e-02 -5.938227367e+02 -5.938227367e+02 -2.5123e+00 +1.7523e-01 +4.8573e-01
191 0 +1.272624989e-02 -5.938272738e+02 -5.938272738e+02 -2.6058e+00 +1.8808e-01 +5.2064e-01
197 0 +1.181698281e-02 -5.938281830e+02 -5.938281830e+02 -2.5785e+00 +1.7973e-01 +5.0525e-01
201 0 +9.009278900e-03 -5.938309907e+02 -5.938309907e+02 -2.4892e+00 +1.1580e-01 +5.2638e-01
232 0 +8.283632404e-03 -5.938317164e+02 -5.938317164e+02 -2.5487e+00 +1.7972e-01 +5.4815e-01
236 0 +6.654642097e-03 -5.938333454e+02 -5.938333454e+02 -2.5052e+00 +1.0457e-01 +5.2302e-01
243 0 +5.495146936e-03 -5.938345049e+02 -5.938345049e+02 -2.5818e+00 +1.5920e-01 +5.3814e-01
247 0 +4.855084192e-03 -5.938351449e+02 -5.938351449e+02 -2.5627e+00 +1.5293e-01 +5.3482e-01
249 0 +4.200574298e-03 -5.938357994e+02 -5.938357994e+02 -2.5706e+00 +1.5165e-01 +5.4163e-01
253 0 +4.073659277e-03 -5.938359263e+02 -5.938359263e+02 -2.5452e+00 +1.4229e-01 +5.3758e-01
259 0 +1.355810133e-03 -5.938386442e+02 -5.938386442e+02 -2.5804e+00 +9.5146e-02 +5.3681e-01
281 0 +1.314209703e-03 -5.938386858e+02 -5.938386858e+02 -2.5555e+00 +8.9820e-02 +5.3892e-01
283 0 +6.913791250e-04 -5.938393086e+02 -5.938393086e+02 -2.5473e+00 +9.4562e-02 +5.5814e-01
303 0 +4.933157707e-04 -5.938395067e+02 -5.938395067e+02 -2.5612e+00 +9.5481e-02 +5.5145e-01
340 0 +4.896267681e-04 -5.938395104e+02 -5.938395104e+02 -2.5641e+00 +9.5243e-02 +5.5057e-01
357 0 +4.628588445e-04 -5.938395371e+02 -5.938395371e+02 -2.5578e+00 +8.9525e-02 +5.5467e-01
361 0 +4.270529022e-04 -5.938395729e+02 -5.938395729e+02 -2.5564e+00 +8.7451e-02 +5.5770e-01
365 0 +4.033210442e-04 -5.938395967e+02 -5.938395967e+02 -2.5617e+00 +8.7343e-02 +5.5492e-01
367 0 +1.389558176e-04 -5.938398610e+02 -5.938398610e+02 -2.5674e+00 +8.6998e-02 +5.6310e-01
381 0 +1.045747364e-04 -5.938398954e+02 -5.938398954e+02 -2.5617e+00 +8.9338e-02 +5.6788e-01
387 0 +8.809061114e-05 -5.938399119e+02 -5.938399119e+02 -2.5657e+00 +8.7782e-02 +5.6664e-01
390 0 +8.263825100e-05 -5.938399174e+02 -5.938399174e+02 -2.5654e+00 +9.1375e-02 +5.6451e-01
395 0 +7.063440069e-05 -5.938399294e+02 -5.938399294e+02 -2.5731e+00 +9.7601e-02 +5.6506e-01
400 0 +4.043901549e-05 -5.938399596e+02 -5.938399596e+02 -2.5700e+00 +9.0366e-02 +5.6710e-01
407 0 +1.744975111e-05 -5.938399826e+02 -5.938399826e+02 -2.5665e+00 +9.1970e-02 +5.7056e-01
417 0 +2.647246106e-06 -5.938399974e+02 -5.938399974e+02 -2.5683e+00 +9.4154e-02 +5.7104e-01
464 0 +2.570546030e-06 -5.938399974e+02 -5.938399974e+02 -2.5700e+00 +9.3565e-02 +5.7070e-01
471 0 +2.277966360e-06 -5.938399977e+02 -5.938399977e+02 -2.5701e+00 +9.4729e-02 +5.7063e-01
477 0 +2.137952947e-06 -5.938399979e+02 -5.938399979e+02 -2.5704e+00 +9.3652e-02 +5.7100e-01
479 0 +1.673459451e-06 -5.938399983e+02 -5.938399983e+02 -2.5704e+00 +9.3782e-02 +5.7119e-01
483 0 +1.320958972e-06 -5.938399987e+02 -5.938399987e+02 -2.5690e+00 +9.3761e-02 +5.7127e-01
484 0 +1.060193881e-06 -5.938399989e+02 -5.938399989e+02 -2.5701e+00 +9.3852e-02 +5.7129e-01
487 0 +2.568253876e-08 -5.938400000e+02 -5.938400000e+02 -2.5697e+00 +9.4455e-02 +5.7188e-01
547 0 +2.052672698e-08 -5.938400000e+02 -5.938400000e+02 -2.5695e+00 +9.4341e-02 +5.7198e-01
552 0 +1.346620593e-08 -5.938400000e+02 -5.938400000e+02 -2.5696e+00 +9.4433e-02 +5.7211e-01
555 0 +6.269715414e-09 -5.938400000e+02 -5.938400000e+02 -2.5697e+00 +9.4435e-02 +5.7197e-01
975 0 +0.000000000e+00 -5.938400000e+02 -5.938400000e+02 -2.5696e+00 +9.4400e-02 +5.7200e-01
% f evaluations | g evaluations | best noise-free fitness - Fopt (-1.000000000000e+03) + sum g_i+ | measured fitness | best measured fitness or single-digit g-values | x1 | x2...
1 0 +4.421888064e+01 -9.557811194e+02 -9.557811194e+02 +0.0000e+00 +0.0000e+00 +0.0000e+00
5 0 +4.169963304e+01 -9.583003670e+02 -9.583003670e+02 -1.5359e-01 +2.4817e-01 +6.3376e-02
11 0 +3.785937659e+01 -9.621406234e+02 -9.621406234e+02 -4.3588e-01 +3.8180e-01 -5.3082e-02
19 0 +3.544169956e+01 -9.645583004e+02 -9.645583004e+02 -3.0030e-01 +7.3766e-01 -1.9042e-01
24 0 +3.179524158e+01 -9.682047584e+02 -9.682047584e+02 -6.9306e-01 +7.5770e-01 -3.1557e-01
26 0 +3.071947233e+01 -9.692805277e+02 -9.692805277e+02 -7.6126e-01 +1.0454e+00 -1.6927e-01
30 0 +2.867639461e+01 -9.713236054e+02 -9.713236054e+02 -9.0021e-01 +8.5060e-01 -5.0467e-01
33 0 +2.169979783e+01 -9.783002022e+02 -9.783002022e+02 -1.3508e+00 +1.4671e+00 -6.9170e-01
37 0 +1.474624972e+01 -9.852537503e+02 -9.852537503e+02 -1.4534e+00 +2.3051e+00 -1.2449e+00
42 0 +1.253771696e+01 -9.874622830e+02 -9.874622830e+02 -2.2500e+00 +1.5565e+00 -1.6476e+00
46 0 +3.696497514e+00 -9.963035025e+02 -9.963035025e+02 -5.1258e+00 +4.8148e+00 -2.7605e+00
50 0 +2.475096830e+00 -9.975249032e+02 -9.975249032e+02 -4.6889e+00 +4.1821e+00 -2.5365e+00
68 0 +2.290964316e+00 -9.977090357e+02 -9.977090357e+02 -4.7550e+00 +4.9307e+00 -3.2760e+00
78 0 +7.885079219e-01 -9.992114921e+02 -9.992114921e+02 -3.9207e+00 +3.9376e+00 -2.9411e+00
178 0 +7.656936145e-01 -9.992343064e+02 -9.992343064e+02 -3.6690e+00 +4.1102e+00 -3.0036e+00
186 0 +7.278821243e-01 -9.992721179e+02 -9.992721179e+02 -4.0280e+00 +4.3565e+00 -3.1582e+00
194 0 +6.857310902e-01 -9.993142689e+02 -9.993142689e+02 -3.7505e+00 +4.2167e+00 -3.0836e+00
196 0 +5.811047805e-01 -9.994188952e+02 -9.994188952e+02 -3.6542e+00 +3.9765e+00 -3.0935e+00
198 0 +5.137888012e-01 -9.994862112e+02 -9.994862112e+02 -3.7339e+00 +4.1687e+00 -3.1875e+00
210 0 +4.841672861e-01 -9.995158327e+02 -9.995158327e+02 -3.7326e+00 +4.0474e+00 -3.1628e+00
211 0 +4.782567198e-01 -9.995217433e+02 -9.995217433e+02 -3.8903e+00 +4.2421e+00 -3.2520e+00
212 0 +3.598448304e-01 -9.996401552e+02 -9.996401552e+02 -3.6104e+00 +3.9367e+00 -3.2751e+00
223 0 +2.796896056e-01 -9.997203104e+02 -9.997203104e+02 -3.8905e+00 +4.0836e+00 -3.3481e+00
237 0 +2.607660088e-01 -9.997392340e+02 -9.997392340e+02 -3.7437e+00 +4.0141e+00 -3.3474e+00
240 0 +2.116372014e-01 -9.997883628e+02 -9.997883628e+02 -3.7699e+00 +4.0503e+00 -3.4126e+00
256 0 +1.547370430e-01 -9.998452630e+02 -9.998452630e+02 -3.8317e+00 +3.8911e+00 -3.4303e+00
272 0 +1.347824004e-01 -9.998652176e+02 -9.998652176e+02 -4.0074e+00 +4.0559e+00 -3.5636e+00
278 0 +1.000252892e-01 -9.998999747e+02 -9.998999747e+02 -3.9075e+00 +3.9732e+00 -3.5363e+00
287 0 +8.179924308e-02 -9.999182008e+02 -9.999182008e+02 -4.0380e+00 +3.9059e+00 -3.6191e+00
303 0 +6.831116894e-02 -9.999316888e+02 -9.999316888e+02 -3.9531e+00 +3.8036e+00 -3.5896e+00
305 0 +4.120091351e-02 -9.999587991e+02 -9.999587991e+02 -3.8264e+00 +3.8034e+00 -3.6255e+00
306 0 +3.629071164e-02 -9.999637093e+02 -9.999637093e+02 -3.9275e+00 +3.8647e+00 -3.6512e+00
310 0 +3.040494612e-02 -9.999695951e+02 -9.999695951e+02 -3.9065e+00 +3.8334e+00 -3.6603e+00
328 0 +2.677575371e-02 -9.999732242e+02 -9.999732242e+02 -3.9896e+00 +3.9248e+00 -3.8340e+00
330 0 +2.278889100e-02 -9.999772111e+02 -9.999772111e+02 -3.9759e+00 +3.8150e+00 -3.7602e+00
343 0 +1.685861617e-02 -9.999831414e+02 -9.999831414e+02 -3.9395e+00 +3.7776e+00 -3.7778e+00
376 0 +1.428624919e-02 -9.999857138e+02 -9.999857138e+02 -3.9122e+00 +3.7756e+00 -3.7619e+00
394 0 +1.392022376e-02 -9.999860798e+02 -9.999860798e+02 -3.9437e+00 +3.8115e+00 -3.7757e+00
408 0 +1.302151635e-02 -9.999869785e+02 -9.999869785e+02 -3.9151e+00 +3.8072e+00 -3.7456e+00
409 0 +1.232672639e-02 -9.999876733e+02 -9.999876733e+02 -3.9414e+00 +3.8490e+00 -3.7700e+00
415 0 +1.144349106e-02 -9.999885565e+02 -9.999885565e+02 -3.9216e+00 +3.8092e+00 -3.7634e+00
430 0 +9.656472776e-03 -9.999903435e+02 -9.999903435e+02 -3.9161e+00 +3.8112e+00 -3.7704e+00
444 0 +9.269989053e-03 -9.999907300e+02 -9.999907300e+02 -3.9056e+00 +3.8236e+00 -3.7543e+00
456 0 +9.101926445e-03 -9.999908981e+02 -9.999908981e+02 -3.9217e+00 +3.8254e+00 -3.7747e+00
462 0 +8.074449894e-03 -9.999919256e+02 -9.999919256e+02 -3.9126e+00 +3.8278e+00 -3.7703e+00
463 0 +7.697546560e-03 -9.999923025e+02 -9.999923025e+02 -3.9136e+00 +3.8293e+00 -3.7749e+00
481 0 +6.407538715e-03 -9.999935925e+02 -9.999935925e+02 -3.8928e+00 +3.8144e+00 -3.7719e+00
495 0 +6.028873623e-03 -9.999939711e+02 -9.999939711e+02 -3.8959e+00 +3.8391e+00 -3.7663e+00
497 0 +5.553067410e-03 -9.999944469e+02 -9.999944469e+02 -3.8983e+00 +3.8138e+00 -3.7901e+00
500 0 +5.282014418e-03 -9.999947180e+02 -9.999947180e+02 -3.8781e+00 +3.8027e+00 -3.7822e+00
506 0 +4.660825663e-03 -9.999953392e+02 -9.999953392e+02 -3.8852e+00 +3.8287e+00 -3.7735e+00
514 0 +4.547547189e-03 -9.999954525e+02 -9.999954525e+02 -3.8896e+00 +3.8395e+00 -3.7745e+00
522 0 +4.417019977e-03 -9.999955830e+02 -9.999955830e+02 -3.8766e+00 +3.8270e+00 -3.7702e+00
528 0 +4.166435389e-03 -9.999958336e+02 -9.999958336e+02 -3.8720e+00 +3.8401e+00 -3.7652e+00
538 0 +3.771864296e-03 -9.999962281e+02 -9.999962281e+02 -3.8704e+00 +3.8214e+00 -3.7763e+00
539 0 +3.437733674e-03 -9.999965623e+02 -9.999965623e+02 -3.8614e+00 +3.8248e+00 -3.7734e+00
542 0 +3.088070142e-03 -9.999969119e+02 -9.999969119e+02 -3.8546e+00 +3.8270e+00 -3.7737e+00
551 0 +2.458607856e-03 -9.999975414e+02 -9.999975414e+02 -3.8599e+00 +3.8332e+00 -3.7792e+00
558 0 +2.232275157e-03 -9.999977677e+02 -9.999977677e+02 -3.8487e+00 +3.8313e+00 -3.7799e+00
574 0 +1.183723086e-03 -9.999988163e+02 -9.999988163e+02 -3.8579e+00 +3.8314e+00 -3.7990e+00
599 0 +1.172130476e-03 -9.999988279e+02 -9.999988279e+02 -3.8555e+00 +3.8334e+00 -3.7962e+00
600 0 +8.233783602e-04 -9.999991766e+02 -9.999991766e+02 -3.8569e+00 +3.8446e+00 -3.7978e+00
607 0 +3.874685926e-04 -9.999996125e+02 -9.999996125e+02 -3.8619e+00 +3.8516e+00 -3.8155e+00
611 0 +2.328143562e-04 -9.999997672e+02 -9.999997672e+02 -3.8540e+00 +3.8426e+00 -3.8181e+00
617 0 +2.270081502e-04 -9.999997730e+02 -9.999997730e+02 -3.8518e+00 +3.8421e+00 -3.8153e+00
619 0 +1.196233134e-04 -9.999998804e+02 -9.999998804e+02 -3.8447e+00 +3.8499e+00 -3.8112e+00
631 0 +8.512474699e-05 -9.999999149e+02 -9.999999149e+02 -3.8427e+00 +3.8484e+00 -3.8297e+00
645 0 +6.576299245e-05 -9.999999342e+02 -9.999999342e+02 -3.8437e+00 +3.8449e+00 -3.8232e+00
709 0 +5.078606921e-05 -9.999999492e+02 -9.999999492e+02 -3.8467e+00 +3.8474e+00 -3.8246e+00
712 0 +4.812318309e-05 -9.999999519e+02 -9.999999519e+02 -3.8464e+00 +3.8467e+00 -3.8214e+00
721 0 +2.511658113e-05 -9.999999749e+02 -9.999999749e+02 -3.8454e+00 +3.8483e+00 -3.8211e+00
726 0 +1.749653461e-05 -9.999999825e+02 -9.999999825e+02 -3.8440e+00 +3.8489e+00 -3.8228e+00
730 0 +1.640156995e-05 -9.999999836e+02 -9.999999836e+02 -3.8437e+00 +3.8500e+00 -3.8245e+00
733 0 +1.204103421e-05 -9.999999880e+02 -9.999999880e+02 -3.8441e+00 +3.8495e+00 -3.8220e+00
736 0 +1.022472293e-05 -9.999999898e+02 -9.999999898e+02 -3.8428e+00 +3.8501e+00 -3.8232e+00
738 0 +4.794495112e-06 -9.999999952e+02 -9.999999952e+02 -3.8423e+00 +3.8516e+00 -3.8232e+00
742 0 +2.325032028e-06 -9.999999977e+02 -9.999999977e+02 -3.8422e+00 +3.8524e+00 -3.8227e+00
756 0 +1.007375204e-06 -9.999999990e+02 -9.999999990e+02 -3.8432e+00 +3.8530e+00 -3.8226e+00
787 0 +7.490607459e-07 -9.999999993e+02 -9.999999993e+02 -3.8438e+00 +3.8523e+00 -3.8212e+00
792 0 +1.616245981e-07 -9.999999998e+02 -9.999999998e+02 -3.8428e+00 +3.8527e+00 -3.8216e+00
820 0 +1.002376848e-07 -9.999999999e+02 -9.999999999e+02 -3.8429e+00 +3.8528e+00 -3.8216e+00
841 0 +5.834363037e-08 -9.999999999e+02 -9.999999999e+02 -3.8431e+00 +3.8530e+00 -3.8217e+00
878 0 +3.596437637e-08 -1.000000000e+03 -1.000000000e+03 -3.8432e+00 +3.8528e+00 -3.8218e+00
948 0 +2.285321443e-08 -1.000000000e+03 -1.000000000e+03 -3.8432e+00 +3.8527e+00 -3.8217e+00
955 0 +1.980220077e-08 -1.000000000e+03 -1.000000000e+03 -3.8432e+00 +3.8527e+00 -3.8217e+00
956 0 +1.838998287e-08 -1.000000000e+03 -1.000000000e+03 -3.8432e+00 +3.8528e+00 -3.8217e+00
963 0 +1.628677637e-08 -1.000000000e+03 -1.000000000e+03 -3.8432e+00 +3.8528e+00 -3.8217e+00
967 0 +1.313878784e-08 -1.000000000e+03 -1.000000000e+03 -3.8432e+00 +3.8528e+00 -3.8217e+00
980 0 +1.005355443e-08 -1.000000000e+03 -1.000000000e+03 -3.8432e+00 +3.8528e+00 -3.8217e+00
981 0 +5.855781637e-09 -1.000000000e+03 -1.000000000e+03 -3.8432e+00 +3.8528e+00 -3.8217e+00
1433 0 +0.000000000e+00 -1.000000000e+03 -1.000000000e+03 -3.8432e+00 +3.8528e+00 -3.8216e+00
% f evaluations | g evaluations | best noise-free fitness - Fopt (-2.531000000000e+01) + sum g_i+ | measured fitness | best measured fitness or single-digit g-values | x1 | x2...
1 0 +2.524051712e+01 -6.948288000e-02 -6.948288000e-02 +0.0000e+00 +0.0000e+00 +0.0000e+00
2 0 +2.204574056e+01 -3.264259441e+00 -3.264259441e+00 +4.3379e-01 +3.0692e-02 +9.8026e-02
3 0 +2.103939721e+01 -4.270602792e+00 -4.270602792e+00 +3.4094e-01 +2.4727e-01 +1.7369e-01
9 0 +2.004881123e+01 -5.261188774e+00 -5.261188774e+00 +3.1788e-01 +3.9920e-01 +3.0408e-01
16 0 +1.843278271e+01 -6.877217290e+00 -6.877217290e+00 +4.1274e-01 +5.4446e-01 +4.4897e-01
25 0 +1.290787814e+01 -1.240212186e+01 -1.240212186e+01 +9.9029e-01 +9.3224e-01 +8.9750e-01
37 0 +1.222313426e+01 -1.308686574e+01 -1.308686574e+01 +7.5423e-01 +1.3314e+00 +7.6201e-01
38 0 +1.056064403e+01 -1.474935597e+01 -1.474935597e+01 +1.3375e+00 +1.5181e+00 +2.2525e+00
45 0 +1.035576218e+01 -1.495423782e+01 -1.495423782e+01 +1.4196e+00 +1.0616e+00 +1.0754e+00
47 0 +8.166644233e+00 -1.714335577e+01 -1.714335577e+01 +1.8672e+00 +1.5470e+00 +2.1404e+00
51 0 +4.554660019e+00 -2.075533998e+01 -2.075533998e+01 +2.3390e+00 +2.0969e+00 +1.9556e+00
67 0 +4.045098536e+00 -2.126490146e+01 -2.126490146e+01 +2.5828e+00 +2.4825e+00 +2.3214e+00
71 0 +3.942493329e+00 -2.136750667e+01 -2.136750667e+01 +2.6562e+00 +2.1865e+00 +2.0650e+00
78 0 +3.153963985e+00 -2.215603602e+01 -2.215603602e+01 +2.8096e+00 +2.4621e+00 +2.1070e+00
90 0 +2.911230518e+00 -2.239876948e+01 -2.239876948e+01 +2.9260e+00 +2.6803e+00 +2.2275e+00
96 0 +2.287925692e+00 -2.302207431e+01 -2.302207431e+01 +3.0047e+00 +2.5743e+00 +1.9270e+00
102 0 +1.166407898e+00 -2.414359210e+01 -2.414359210e+01 +3.4667e+00 +3.1937e+00 +1.8782e+00
110 0 +8.876787019e-01 -2.442232130e+01 -2.442232130e+01 +4.0532e+00 +3.5491e+00 +1.5916e+00
141 0 +6.935107072e-01 -2.461648929e+01 -2.461648929e+01 +3.5421e+00 +3.1397e+00 +1.5833e+00
143 0 +4.000427340e-01 -2.490995727e+01 -2.490995727e+01 +3.4630e+00 +2.9044e+00 +9.2480e-01
184 0 +2.649486670e-01 -2.504505133e+01 -2.504505133e+01 +3.3819e+00 +3.0701e+00 +1.0608e+00
195 0 +2.584788504e-01 -2.505152115e+01 -2.505152115e+01 +3.6243e+00 +3.1195e+00 +1.1047e+00
203 0 +1.228303860e-01 -2.518716961e+01 -2.518716961e+01 +3.6179e+00 +3.2156e+00 +8.4890e-01
214 0 +1.036660529e-01 -2.520633395e+01 -2.520633395e+01 +3.6396e+00 +3.4677e+00 +5.8777e-01
235 0 +5.798161401e-02 -2.525201839e+01 -2.525201839e+01 +3.6767e+00 +3.4332e+00 +7.8315e-01
245 0 +2.514163897e-02 -2.528485836e+01 -2.528485836e+01 +3.6137e+00 +3.5449e+00 +9.1610e-01
246 0 +4.594391426e-03 -2.530540561e+01 -2.530540561e+01 +3.5099e+00 +3.5021e+00 +8.9713e-01
407 0 +4.148935541e-03 -2.530585106e+01 -2.530585106e+01 +3.5202e+00 +3.4943e+00 +8.4769e-01
417 0 +2.679846394e-03 -2.530732015e+01 -2.530732015e+01 +3.5026e+00 +3.4977e+00 +8.3519e-01
424 0 +1.598672407e-03 -2.530840133e+01 -2.530840133e+01 +3.4906e+00 +3.5240e+00 +8.2042e-01
437 0 +1.582739801e-03 -2.530841726e+01 -2.530841726e+01 +3.4816e+00 +3.5086e+00 +8.2394e-01
443 0 +1.474219675e-03 -2.530852578e+01 -2.530852578e+01 +3.4735e+00 +3.5097e+00 +8.2248e-01
452 0 +1.328769867e-03 -2.530867123e+01 -2.530867123e+01 +3.4759e+00 +3.5030e+00 +8.3310e-01
472 0 +1.297007334e-03 -2.530870299e+01 -2.530870299e+01 +3.4839e+00 +3.5069e+00 +8.3282e-01
478 0 +1.232572523e-03 -2.530876743e+01 -2.530876743e+01 +3.4848e+00 +3.5136e+00 +8.2813e-01
487 0 +1.166511909e-03 -2.530883349e+01 -2.530883349e+01 +3.4929e+00 +3.5173e+00 +8.3416e-01
488 0 +1.107003188e-03 -2.530889300e+01 -2.530889300e+01 +3.4863e+00 +3.5144e+00 +8.3129e-01
492 0 +8.477115500e-04 -2.530915229e+01 -2.530915229e+01 +3.4849e+00 +3.5193e+00 +8.3267e-01
496 0 +7.664511340e-04 -2.530923355e+01 -2.530923355e+01 +3.4885e+00 +3.5253e+00 +8.3489e-01
499 0 +6.711189134e-04 -2.530932888e+01 -2.530932888e+01 +3.4878e+00 +3.5193e+00 +8.4148e-01
501 0 +4.913990765e-04 -2.530950860e+01 -2.530950860e+01 +3.4825e+00 +3.5301e+00 +8.3556e-01
503 0 +4.092468997e-04 -2.530959075e+01 -2.530959075e+01 +3.4809e+00 +3.5272e+00 +8.3760e-01
509 0 +3.201413652e-04 -2.530967986e+01 -2.530967986e+01 +3.4703e+00 +3.5389e+00 +8.3605e-01
519 0 +2.105523073e-04 -2.530978945e+01 -2.530978945e+01 +3.4784e+00 +3.5384e+00 +8.4344e-01
534 0 +1.438031514e-04 -2.530985620e+01 -2.530985620e+01 +3.4739e+00 +3.5262e+00 +8.4415e-01
535 0 +1.322583783e-04 -2.530986774e+01 -2.530986774e+01 +3.4778e+00 +3.5256e+00 +8.5256e-01
543 0 +1.046867781e-04 -2.530989531e+01 -2.530989531e+01 +3.4732e+00 +3.5396e+00 +8.5903e-01
547 0 +8.875281331e-05 -2.530991125e+01 -2.530991125e+01 +3.4773e+00 +3.5368e+00 +8.5280e-01
557 0 +7.783518778e-05 -2.530992216e+01 -2.530992216e+01 +3.4758e+00 +3.5335e+00 +8.4750e-01
580 0 +7.123218900e-05 -2.530992877e+01 -2.530992877e+01 +3.4707e+00 +3.5350e+00 +8.4488e-01
582 0 +5.474676671e-05 -2.530994525e+01 -2.530994525e+01 +3.4713e+00 +3.5319e+00 +8.4589e-01
589 0 +1.017648578e-05 -2.530998982e+01 -2.530998982e+01 +3.4694e+00 +3.5349e+00 +8.5047e-01
624 0 +6.703684544e-06 -2.530999330e+01 -2.530999330e+01 +3.4662e+00 +3.5332e+00 +8.5269e-01
631 0 +5.152354980e-06 -2.530999485e+01 -2.530999485e+01 +3.4702e+00 +3.5326e+00 +8.5101e-01
638 0 +4.975873750e-06 -2.530999502e+01 -2.530999502e+01 +3.4681e+00 +3.5335e+00 +8.5480e-01
642 0 +1.979984841e-06 -2.530999802e+01 -2.530999802e+01 +3.4696e+00 +3.5327e+00 +8.5162e-01
645 0 +8.216591354e-07 -2.530999918e+01 -2.530999918e+01 +3.4680e+00 +3.5324e+00 +8.5285e-01
656 0 +5.427889533e-07 -2.530999946e+01 -2.530999946e+01 +3.4685e+00 +3.5321e+00 +8.5275e-01
709 0 +4.504015116e-07 -2.530999955e+01 -2.530999955e+01 +3.4683e+00 +3.5324e+00 +8.5276e-01
724 0 +2.420359024e-07 -2.530999976e+01 -2.530999976e+01 +3.4687e+00 +3.5325e+00 +8.5318e-01
726 0 +1.387045288e-07 -2.530999986e+01 -2.530999986e+01 +3.4686e+00 +3.5327e+00 +8.5307e-01
730 0 +9.528530853e-09 -2.530999999e+01 -2.530999999e+01 +3.4687e+00 +3.5327e+00 +8.5285e-01
1288 0 +0.000000000e+00 -2.531000000e+01 -2.531000000e+01 +3.4688e+00 +3.5328e+00 +8.5280e-01
% f evaluations | g evaluations | best noise-free fitness - Fopt (2.228000000000e+01) + sum g_i+ | measured fitness | best measured fitness or single-digit g-values | x1 | x2...
1 0 +8.471248640e+00 +3.075124864e+01 +3.075124864e+01 +0.0000e+00 +0.0000e+00 +0.0000e+00
2 0 +7.910451905e+00 +3.019045190e+01 +3.019045190e+01 +4.3379e-01 +3.0692e-02 +9.8026e-02
20 0 +7.404973213e+00 +2.968497321e+01 +2.968497321e+01 +1.1448e-01 -2.5793e-01 +2.5666e-02
35 0 +7.193814013e+00 +2.947381401e+01 +2.947381401e+01 +1.9881e-01 -2.5866e-01 +2.6446e-02
41 0 +7.074546383e+00 +2.935454638e+01 +2.935454638e+01 +3.3605e-01 -1.4087e-01 -2.1915e-02
45 0 +6.526944507e+00 +2.880694451e+01 +2.880694451e+01 +3.5518e-01 -2.1731e-01 -9.6379e-02
60 0 +6.262785270e+00 +2.854278527e+01 +2.854278527e+01 +2.3509e-01 -3.6760e-01 -1.2162e-01
65 0 +6.045103070e+00 +2.832510307e+01 +2.832510307e+01 +4.2660e-01 -3.6089e-01 -7.0108e-02
66 0 +5.970664747e+00 +2.825066475e+01 +2.825066475e+01 +5.0457e-01 -3.4084e-01 -6.5524e-02
68 0 +5.841721414e+00 +2.812172141e+01 +2.812172141e+01 +4.2233e-01 -2.9442e-01 -1.8965e-01
74 0 +5.631088060e+00 +2.791108806e+01 +2.791108806e+01 +1.9987e-01 -3.0927e-01 -4.0518e-01
76 0 +5.251878844e+00 +2.753187884e+01 +2.753187884e+01 +4.7446e-01 -4.3444e-01 -2.1864e-01
77 0 +4.777139706e+00 +2.705713971e+01 +2.705713971e+01 +3.8699e-01 -4.8469e-01 -3.8796e-01
80 0 +4.361093865e+00 +2.664109386e+01 +2.664109386e+01 +5.6653e-01 -6.0563e-01 -3.1386e-01
91 0 +3.863174691e+00 +2.614317469e+01 +2.614317469e+01 +5.0680e-01 -6.7338e-01 -4.7075e-01
94 0 +3.480258887e+00 +2.576025889e+01 +2.576025889e+01 +6.0268e-01 -9.7682e-01 -3.4377e-01
97 0 +2.398904821e+00 +2.467890482e+01 +2.467890482e+01 +7.7389e-01 -8.3445e-01 -7.7151e-01
104 0 +1.443654042e+00 +2.372365404e+01 +2.372365404e+01 +8.8058e-01 -1.1381e+00 -9.5414e-01
108 0 +5.312757357e-01 +2.281127574e+01 +2.281127574e+01 +1.2080e+00 -1.3864e+00 -1.2412e+00
110 0 +4.602165338e-01 +2.274021653e+01 +2.274021653e+01 +1.1903e+00 -1.1701e+00 -1.6153e+00
115 0 +1.306743370e-01 +2.241067434e+01 +2.241067434e+01 +1.3973e+00 -1.8009e+00 -2.1819e+00
118 0 +9.696811193e-02 +2.237696811e+01 +2.237696811e+01 +1.3777e+00 -1.7850e+00 -1.5123e+00
120 0 +1.468939030e-02 +2.229468939e+01 +2.229468939e+01 +1.4813e+00 -1.7970e+00 -1.7237e+00
208 0 +4.259342919e-03 +2.228425934e+01 +2.228425934e+01 +1.3744e+00 -1.8212e+00 -1.8501e+00
232 0 +2.783558634e-03 +2.228278356e+01 +2.228278356e+01 +1.3727e+00 -1.7712e+00 -1.7878e+00
276 0 +1.219916944e-03 +2.228121992e+01 +2.228121992e+01 +1.3994e+00 -1.7690e+00 -1.7903e+00
305 0 +5.804686683e-04 +2.228058047e+01 +2.228058047e+01 +1.4355e+00 -1.7763e+00 -1.8134e+00
309 0 +3.970575947e-04 +2.228039706e+01 +2.228039706e+01 +1.4111e+00 -1.7686e+00 -1.8035e+00
313 0 +3.781311153e-04 +2.228037813e+01 +2.228037813e+01 +1.4284e+00 -1.7876e+00 -1.8258e+00
316 0 +2.234686963e-05 +2.228002235e+01 +2.228002235e+01 +1.4098e+00 -1.7734e+00 -1.8202e+00
358 0 +1.857405448e-05 +2.228001857e+01 +2.228001857e+01 +1.4100e+00 -1.7745e+00 -1.8193e+00
365 0 +1.025798321e-05 +2.228001026e+01 +2.228001026e+01 +1.4144e+00 -1.7788e+00 -1.8197e+00
380 0 +9.374133899e-06 +2.228000937e+01 +2.228000937e+01 +1.4106e+00 -1.7753e+00 -1.8231e+00
401 0 +7.790622618e-07 +2.228000078e+01 +2.228000078e+01 +1.4133e+00 -1.7765e+00 -1.8210e+00
416 0 +7.154999047e-07 +2.228000072e+01 +2.228000072e+01 +1.4127e+00 -1.7769e+00 -1.8224e+00
425 0 +6.937006560e-07 +2.228000069e+01 +2.228000069e+01 +1.4126e+00 -1.7760e+00 -1.8216e+00
435 0 +6.211840677e-07 +2.228000062e+01 +2.228000062e+01 +1.4123e+00 -1.7764e+00 -1.8221e+00
449 0 +2.359980620e-07 +2.228000024e+01 +2.228000024e+01 +1.4125e+00 -1.7769e+00 -1.8219e+00
463 0 +1.649445700e-07 +2.228000016e+01 +2.228000016e+01 +1.4125e+00 -1.7768e+00 -1.8219e+00
471 0 +1.979149999e-08 +2.228000002e+01 +2.228000002e+01 +1.4127e+00 -1.7769e+00 -1.8216e+00
539 0 +1.498444036e-08 +2.228000001e+01 +2.228000001e+01 +1.4128e+00 -1.7769e+00 -1.8216e+00
542 0 +7.980673900e-09 +2.228000001e+01 +2.228000001e+01 +1.4128e+00 -1.7769e+00 -1.8215e+00
1178 0 +0.000000000e+00 +2.228000000e+01 +2.228000000e+01 +1.4128e+00 -1.7768e+00 -1.8216e+00
% f evaluations | g evaluations | best noise-free fitness - Fopt (3.561400000000e+02) + sum g_i+ | measured fitness | best measured fitness or single-digit g-values | x1 | x2...
1 0 +1.491695936e+01 +3.710569594e+02 +3.710569594e+02 +0.0000e+00 +0.0000e+00 +0.0000e+00
2 0 +1.457617412e+01 +3.707161741e+02 +3.707161741e+02 +4.3379e-01 +3.0692e-02 +9.8026e-02
17 0 +1.378476394e+01 +3.699247639e+02 +3.699247639e+02 +2.2743e-01 +3.6657e-01 -1.5014e-01
35 0 +1.303006589e+01 +3.691700659e+02 +3.691700659e+02 +1.5329e-01 +1.5388e-01 -2.4122e-01
37 0 +1.259480443e+01 +3.687348044e+02 +3.687348044e+02 +6.8480e-04 +7.3328e-01 -5.5647e-01
41 0 +1.174441282e+01 +3.678844128e+02 +3.678844128e+02 +1.7209e-01 +4.8493e-01 -5.2591e-01
45 0 +1.067193076e+01 +3.668119308e+02 +3.668119308e+02 +2.1838e-01 +3.3561e-01 -6.4037e-01
59 0 +1.012004986e+01 +3.662600499e+02 +3.662600499e+02 -6.1058e-02 +6.4083e-01 -9.9740e-01
60 0 +9.893522424e+00 +3.660335224e+02 +3.660335224e+02 -1.9810e-01 +1.3191e-01 -9.4564e-01
65 0 +9.730610753e+00 +3.658706108e+02 +3.658706108e+02 +1.9324e-02 +2.4558e-01 -8.7937e-01
68 0 +8.475350315e+00 +3.646153503e+02 +3.646153503e+02 -1.0604e-02 +4.3395e-01 -1.2142e+00
74 0 +7.122507966e+00 +3.632625080e+02 +3.632625080e+02 -3.5991e-01 +4.4929e-01 -1.8443e+00
77 0 +6.412546748e+00 +3.625525467e+02 +3.625525467e+02 -1.7133e-01 +1.5112e-01 -1.7211e+00
90 0 +5.148066003e+00 +3.612880660e+02 +3.612880660e+02 -8.1338e-02 +5.0297e-01 -2.2257e+00
95 0 +4.507898402e+00 +3.606478984e+02 +3.606478984e+02 -1.8280e-01 +3.2144e-01 -2.4896e+00
96 0 +3.851511741e+00 +3.599915117e+02 +3.599915117e+02 -1.0982e-01 +5.5046e-01 -3.0518e+00
97 0 +2.745228960e+00 +3.588852290e+02 +3.588852290e+02 +4.3823e-02 -2.0338e-01 -2.7370e+00
104 0 +2.414169235e+00 +3.585541692e+02 +3.585541692e+02 -5.8316e-02 -1.8767e-01 -3.5285e+00
108 0 +2.170253633e+00 +3.583102536e+02 +3.583102536e+02 +1.6372e-01 -3.3284e-01 -4.2138e+00
119 0 +1.451457590e+00 +3.575914576e+02 +3.575914576e+02 +3.0476e-01 -6.9561e-01 -3.2353e+00
121 0 +8.873366007e-01 +3.570273366e+02 +3.570273366e+02 +6.4714e-01 -1.4818e-01 -3.2421e+00
130 0 +7.755225502e-01 +3.569155226e+02 +3.569155226e+02 +6.7695e-01 -8.9967e-01 -3.6936e+00
131 0 +4.875661772e-01 +3.566275662e+02 +3.566275662e+02 +8.3849e-01 -7.2316e-01 -3.2847e+00
213 0 +4.160970492e-01 +3.565560970e+02 +3.565560970e+02 +9.6577e-01 -8.8889e-01 -3.3355e+00
215 0 +3.836288116e-01 +3.565236288e+02 +3.565236288e+02 +1.0148e+00 -9.1695e-01 -3.3557e+00
230 0 +2.328024212e-01 +3.563728024e+02 +3.563728024e+02 +1.0990e+00 -8.4570e-01 -3.5116e+00
258 0 +1.691219936e-01 +3.563091220e+02 +3.563091220e+02 +1.0965e+00 -6.9984e-01 -3.4511e+00
278 0 +1.546377702e-01 +3.562946378e+02 +3.562946378e+02 +1.1427e+00 -7.5929e-01 -3.5364e+00
281 0 +1.404359277e-01 +3.562804359e+02 +3.562804359e+02 +1.2282e+00 -6.3661e-01 -3.2639e+00
285 0 +1.254355736e-01 +3.562654356e+02 +3.562654356e+02 +1.2967e+00 -6.4532e-01 -3.2465e+00
297 0 +9.501958355e-02 +3.562350196e+02 +3.562350196e+02 +1.4918e+00 -5.8010e-01 -3.2362e+00
305 0 +8.686591067e-02 +3.562268659e+02 +3.562268659e+02 +1.6555e+00 -4.3550e-01 -3.3375e+00
306 0 +3.453821466e-02 +3.561745382e+02 +3.561745382e+02 +1.4868e+00 -4.6764e-01 -3.3631e+00
309 0 +3.287164929e-02 +3.561728716e+02 +3.561728716e+02 +1.4962e+00 -5.2776e-01 -3.3603e+00
313 0 +1.569365055e-02 +3.561556937e+02 +3.561556937e+02 +1.5630e+00 -5.8830e-01 -3.5108e+00
316 0 +2.135609405e-03 +3.561421356e+02 +3.561421356e+02 +1.4635e+00 -5.6833e-01 -3.5230e+00
377 0 +3.099777741e-04 +3.561403100e+02 +3.561403100e+02 +1.4441e+00 -5.3053e-01 -3.5292e+00
415 0 +2.488485515e-04 +3.561402488e+02 +3.561402488e+02 +1.4543e+00 -5.2113e-01 -3.5228e+00
421 0 +2.369072305e-04 +3.561402369e+02 +3.561402369e+02 +1.4442e+00 -5.2170e-01 -3.5426e+00
430 0 +1.011784092e-04 +3.561401012e+02 +3.561401012e+02 +1.4634e+00 -5.2186e-01 -3.5458e+00
444 0 +9.778374192e-06 +3.561400098e+02 +3.561400098e+02 +1.4592e+00 -5.2181e-01 -3.5381e+00
523 0 +7.595051670e-06 +3.561400076e+02 +3.561400076e+02 +1.4598e+00 -5.2312e-01 -3.5359e+00
526 0 +6.465643992e-06 +3.561400065e+02 +3.561400065e+02 +1.4565e+00 -5.2328e-01 -3.5368e+00
532 0 +6.097209848e-06 +3.561400061e+02 +3.561400061e+02 +1.4575e+00 -5.2540e-01 -3.5398e+00
533 0 +1.904426824e-06 +3.561400019e+02 +3.561400019e+02 +1.4571e+00 -5.2506e-01 -3.5373e+00
543 0 +1.666303433e-06 +3.561400017e+02 +3.561400017e+02 +1.4587e+00 -5.2518e-01 -3.5364e+00
547 0 +6.114953521e-07 +3.561400006e+02 +3.561400006e+02 +1.4589e+00 -5.2425e-01 -3.5377e+00
582 0 +1.496624691e-07 +3.561400001e+02 +3.561400001e+02 +1.4586e+00 -5.2507e-01 -3.5374e+00
626 0 +1.042822646e-07 +3.561400001e+02 +3.561400001e+02 +1.4586e+00 -5.2453e-01 -3.5376e+00
630 0 +7.604757002e-08 +3.561400001e+02 +3.561400001e+02 +1.4582e+00 -5.2497e-01 -3.5375e+00
631 0 +5.354678478e-08 +3.561400001e+02 +3.561400001e+02 +1.4586e+00 -5.2479e-01 -3.5374e+00
642 0 +2.399190180e-08 +3.561400000e+02 +3.561400000e+02 +1.4585e+00 -5.2494e-01 -3.5376e+00
709 0 +1.858359155e-08 +3.561400000e+02 +3.561400000e+02 +1.4584e+00 -5.2491e-01 -3.5375e+00
751 0 +9.280768154e-09 +3.561400000e+02 +3.561400000e+02 +1.4584e+00 -5.2483e-01 -3.5375e+00
1026 0 +0.000000000e+00 +3.561400000e+02 +3.561400000e+02 +1.4584e+00 -5.2480e-01 -3.5376e+00
% f evaluations | g evaluations | best noise-free fitness - Fopt (-4.757000000000e+02) + sum g_i+ | measured fitness | best measured fitness or single-digit g-values | x1 | x2...
1 0 +1.522825600e+01 -4.604717440e+02 -4.604717440e+02 +0.0000e+00 +0.0000e+00 +0.0000e+00
3 0 +1.490549604e+01 -4.607945040e+02 -4.607945040e+02 +3.4094e-01 +2.4727e-01 +1.7369e-01
4 0 +1.403241993e+01 -4.616675801e+02 -4.616675801e+02 -1.1375e-01 -3.0566e-01 +1.1285e-01
6 0 +1.341882229e+01 -4.622811777e+02 -4.622811777e+02 -2.2359e-01 +8.0318e-02 +2.1275e-01
9 0 +1.303573651e+01 -4.626642635e+02 -4.626642635e+02 -8.5178e-03 +4.9897e-02 +3.0616e-01
10 0 +1.251479235e+01 -4.631852077e+02 -4.631852077e+02 -3.2031e-01 -2.8349e-01 +2.9011e-01
14 0 +1.021856560e+01 -4.654814344e+02 -4.654814344e+02 -2.5617e-01 -1.0378e-01 +6.6086e-01
18 0 +9.020830234e+00 -4.666791698e+02 -4.666791698e+02 -1.1383e-01 -1.0723e-01 +8.8977e-01
27 0 +8.180042946e+00 -4.675199571e+02 -4.675199571e+02 -3.5182e-01 -9.3029e-02 +9.8924e-01
31 0 +7.419085144e+00 -4.682809149e+02 -4.682809149e+02 +1.2372e-03 +2.8358e-02 +1.2366e+00
38 0 +4.976820853e+00 -4.707231791e+02 -4.707231791e+02 +4.4525e-01 +1.1236e-01 +2.0431e+00
47 0 +4.550572418e+00 -4.711494276e+02 -4.711494276e+02 +5.2755e-01 -8.4778e-02 +2.1811e+00
53 0 +1.279380386e+00 -4.744206196e+02 -4.744206196e+02 +2.3443e-01 -1.9171e-01 +4.0763e+00
207 0 +1.258441949e+00 -4.744415581e+02 -4.744415581e+02 +1.9368e-01 -6.0847e-01 +3.3579e+00
229 0 +1.196159615e+00 -4.745038404e+02 -4.745038404e+02 +2.2000e-01 -5.4296e-01 +3.4962e+00
233 0 +1.035350648e+00 -4.746646494e+02 -4.746646494e+02 +1.6817e-01 -4.7984e-01 +3.5909e+00
243 0 +8.519700398e-01 -4.748480300e+02 -4.748480300e+02 +7.9195e-02 -5.5893e-01 +3.6738e+00
247 0 +7.680805556e-01 -4.749319194e+02 -4.749319194e+02 +4.2430e-02 -5.1556e-01 +3.7370e+00
249 0 +7.368372737e-01 -4.749631627e+02 -4.749631627e+02 +2.0435e-02 -5.2858e-01 +3.8716e+00
259 0 +6.035398352e-01 -4.750964602e+02 -4.750964602e+02 -2.2282e-01 -8.4713e-01 +3.5173e+00
260 0 +5.857862435e-01 -4.751142138e+02 -4.751142138e+02 -7.5727e-02 -4.5907e-01 +3.9185e+00
264 0 +4.713779191e-01 -4.752286221e+02 -4.752286221e+02 -1.9851e-01 -2.6987e-01 +3.9940e+00
276 0 +1.639227194e-01 -4.755360773e+02 -4.755360773e+02 -4.9491e-01 -2.5523e-01 +3.9147e+00
295 0 +1.107636337e-01 -4.755892364e+02 -4.755892364e+02 -5.3169e-01 -3.1368e-01 +3.8581e+00
299 0 +3.272842613e-02 -4.756672716e+02 -4.756672716e+02 -8.8767e-01 -4.0896e-01 +3.6195e+00
344 0 +2.702801547e-02 -4.756729720e+02 -4.756729720e+02 -6.9800e-01 -3.5291e-01 +3.8248e+00
356 0 +3.511176064e-03 -4.756964888e+02 -4.756964888e+02 -8.3056e-01 -4.5094e-01 +3.7284e+00
362 0 +1.546234269e-03 -4.756984538e+02 -4.756984538e+02 -8.0094e-01 -4.2008e-01 +3.7996e+00
380 0 +8.378735413e-04 -4.756991621e+02 -4.756991621e+02 -8.1397e-01 -4.5925e-01 +3.8062e+00
407 0 +4.593067769e-04 -4.756995407e+02 -4.756995407e+02 -8.4746e-01 -4.4464e-01 +3.7754e+00
421 0 +2.640647285e-04 -4.756997359e+02 -4.756997359e+02 -8.4091e-01 -4.4906e-01 +3.7767e+00
462 0 +5.293156045e-05 -4.756999471e+02 -4.756999471e+02 -8.3633e-01 -4.4130e-01 +3.7866e+00
518 0 +2.888832381e-05 -4.756999711e+02 -4.756999711e+02 -8.3000e-01 -4.4934e-01 +3.7877e+00
519 0 +2.879886125e-05 -4.756999712e+02 -4.756999712e+02 -8.3184e-01 -4.4623e-01 +3.7915e+00
522 0 +2.170928622e-05 -4.756999783e+02 -4.756999783e+02 -8.3034e-01 -4.4696e-01 +3.7907e+00
538 0 +1.338134030e-05 -4.756999866e+02 -4.756999866e+02 -8.3035e-01 -4.4712e-01 +3.7890e+00
539 0 +1.174838269e-05 -4.756999883e+02 -4.756999883e+02 -8.2902e-01 -4.4584e-01 +3.7900e+00
547 0 +1.105086824e-05 -4.756999889e+02 -4.756999889e+02 -8.3201e-01 -4.4539e-01 +3.7890e+00
549 0 +5.895433276e-06 -4.756999941e+02 -4.756999941e+02 -8.2972e-01 -4.4637e-01 +3.7867e+00
610 0 +5.808153674e-06 -4.756999942e+02 -4.756999942e+02 -8.3121e-01 -4.4566e-01 +3.7879e+00
614 0 +5.465938671e-06 -4.756999945e+02 -4.756999945e+02 -8.3144e-01 -4.4476e-01 +3.7884e+00
619 0 +4.659370745e-06 -4.756999953e+02 -4.756999953e+02 -8.3111e-01 -4.4507e-01 +3.7883e+00
626 0 +3.621846702e-06 -4.756999964e+02 -4.756999964e+02 -8.3105e-01 -4.4521e-01 +3.7869e+00
673 0 +3.414654770e-06 -4.756999966e+02 -4.756999966e+02 -8.3033e-01 -4.4570e-01 +3.7872e+00
676 0 +3.077454323e-06 -4.756999969e+02 -4.756999969e+02 -8.3022e-01 -4.4563e-01 +3.7874e+00
709 0 +2.983817126e-06 -4.756999970e+02 -4.756999970e+02 -8.3070e-01 -4.4533e-01 +3.7873e+00
721 0 +2.460590281e-06 -4.756999975e+02 -4.756999975e+02 -8.3039e-01 -4.4531e-01 +3.7875e+00
724 0 +2.317151143e-06 -4.756999977e+02 -4.756999977e+02 -8.3009e-01 -4.4544e-01 +3.7872e+00
726 0 +2.153670209e-06 -4.756999978e+02 -4.756999978e+02 -8.3028e-01 -4.4529e-01 +3.7874e+00
730 0 +1.921140154e-06 -4.756999981e+02 -4.756999981e+02 -8.3031e-01 -4.4519e-01 +3.7873e+00
734 0 +1.525760752e-06 -4.756999985e+02 -4.756999985e+02 -8.2991e-01 -4.4519e-01 +3.7873e+00
737 0 +8.741405964e-07 -4.756999991e+02 -4.756999991e+02 -8.2961e-01 -4.4487e-01 +3.7876e+00
748 0 +7.365869692e-07 -4.756999993e+02 -4.756999993e+02 -8.2965e-01 -4.4486e-01 +3.7872e+00
752 0 +3.637873647e-07 -4.756999996e+02 -4.756999996e+02 -8.2950e-01 -4.4455e-01 +3.7874e+00
757 0 +3.560257369e-07 -4.756999996e+02 -4.756999996e+02 -8.2956e-01 -4.4453e-01 +3.7875e+00
764 0 +2.008072215e-07 -4.756999998e+02 -4.756999998e+02 -8.2926e-01 -4.4427e-01 +3.7873e+00
774 0 +1.865131480e-07 -4.756999998e+02 -4.756999998e+02 -8.2925e-01 -4.4410e-01 +3.7874e+00
778 0 +1.518839667e-07 -4.756999998e+02 -4.756999998e+02 -8.2929e-01 -4.4395e-01 +3.7874e+00
791 0 +1.235434297e-07 -4.756999999e+02 -4.756999999e+02 -8.2948e-01 -4.4413e-01 +3.7875e+00
806 0 +9.985041061e-08 -4.756999999e+02 -4.756999999e+02 -8.2953e-01 -4.4398e-01 +3.7875e+00
821 0 +7.429440529e-08 -4.756999999e+02 -4.756999999e+02 -8.2980e-01 -4.4395e-01 +3.7874e+00
828 0 +3.965573114e-08 -4.757000000e+02 -4.757000000e+02 -8.2961e-01 -4.4401e-01 +3.7874e+00
857 0 +1.639330094e-08 -4.757000000e+02 -4.757000000e+02 -8.2966e-01 -4.4401e-01 +3.7873e+00
866 0 +1.517457804e-08 -4.757000000e+02 -4.757000000e+02 -8.2959e-01 -4.4399e-01 +3.7873e+00
873 0 +3.940044735e-09 -4.757000000e+02 -4.757000000e+02 -8.2955e-01 -4.4401e-01 +3.7872e+00
1318 0 +0.000000000e+00 -4.757000000e+02 -4.757000000e+02 -8.2960e-01 -4.4400e-01 +3.7872e+00
% f evaluations | g evaluations | best noise-free fitness - Fopt (-1.000000000000e+03) + sum g_i+ | measured fitness | best measured fitness or single-digit g-values | x1 | x2...
1 0 +3.942506816e+01 -9.605749318e+02 -9.605749318e+02 +0.0000e+00 +0.0000e+00 +0.0000e+00
3 0 +3.928602681e+01 -9.607139732e+02 -9.607139732e+02 +3.4094e-01 +2.4727e-01 +1.7369e-01
5 0 +3.622446926e+01 -9.637755307e+02 -9.637755307e+02 -1.5359e-01 +2.4817e-01 +6.3376e-02
9 0 +3.507273098e+01 -9.649272690e+02 -9.649272690e+02 +7.7526e-02 +4.0802e-01 +3.3722e-01
11 0 +3.430876567e+01 -9.656912343e+02 -9.656912343e+02 -4.3588e-01 +3.8180e-01 -5.3082e-02
14 0 +3.177642460e+01 -9.682235754e+02 -9.682235754e+02 -1.6901e-01 +2.7284e-01 +6.8650e-01
18 0 +3.090003464e+01 -9.690999654e+02 -9.690999654e+02 -1.2467e-01 +4.4491e-01 +7.1635e-01
23 0 +2.964045455e+01 -9.703595454e+02 -9.703595454e+02 -3.4259e-01 +7.1121e-01 +4.3795e-01
24 0 +2.817867363e+01 -9.718213264e+02 -9.718213264e+02 -7.1519e-01 +8.1249e-01 +2.1823e-01
26 0 +2.451337004e+01 -9.754866300e+02 -9.754866300e+02 -8.0143e-01 +1.1569e+00 +4.4318e-01
31 0 +2.314727504e+01 -9.768527250e+02 -9.768527250e+02 -6.2373e-01 +1.1187e+00 +8.7091e-01
37 0 +2.286727159e+01 -9.771327284e+02 -9.771327284e+02 -9.1711e-01 +1.9211e+00 +1.8585e-01
40 0 +1.785412481e+01 -9.821458752e+02 -9.821458752e+02 -1.5285e+00 +1.6427e+00 +5.9199e-01
44 0 +9.771337656e+00 -9.902286623e+02 -9.902286623e+02 -3.2611e+00 +3.9272e+00 +7.1425e-01
53 0 +1.727072304e+00 -9.982729277e+02 -9.982729277e+02 -3.5367e+00 +3.6345e+00 +2.4844e+00
69 0 +8.835946648e-01 -9.991164053e+02 -9.991164053e+02 -3.3052e+00 +3.3619e+00 +4.5295e+00
71 0 +7.707144056e-01 -9.992292856e+02 -9.992292856e+02 -3.4406e+00 +3.7144e+00 +3.0360e+00
150 0 +7.323092427e-01 -9.992676908e+02 -9.992676908e+02 -3.6777e+00 +2.9052e+00 +2.9957e+00
155 0 +4.718212800e-01 -9.995281787e+02 -9.995281787e+02 -3.6158e+00 +3.4927e+00 +3.0942e+00
162 0 +2.719818092e-01 -9.997280182e+02 -9.997280182e+02 -3.7133e+00 +3.8094e+00 +3.5713e+00
165 0 +1.518992487e-01 -9.998481008e+02 -9.998481008e+02 -3.6288e+00 +3.3528e+00 +4.0804e+00
171 0 +8.647127075e-02 -9.999135287e+02 -9.999135287e+02 -3.5142e+00 +3.3771e+00 +3.7504e+00
209 0 +6.162601357e-02 -9.999383740e+02 -9.999383740e+02 -3.6739e+00 +3.1398e+00 +3.8426e+00
232 0 +5.132454537e-02 -9.999486755e+02 -9.999486755e+02 -4.0014e+00 +3.2886e+00 +3.6296e+00
241 0 +2.631639814e-02 -9.999736836e+02 -9.999736836e+02 -3.9640e+00 +3.3078e+00 +3.7360e+00
248 0 +2.078505739e-02 -9.999792149e+02 -9.999792149e+02 -3.9113e+00 +3.4099e+00 +3.7664e+00
251 0 +5.744465423e-03 -9.999942555e+02 -9.999942555e+02 -3.8254e+00 +3.3921e+00 +3.7484e+00
267 0 +4.253561546e-03 -9.999957464e+02 -9.999957464e+02 -3.8407e+00 +3.3646e+00 +3.7021e+00
269 0 +2.782590879e-03 -9.999972174e+02 -9.999972174e+02 -3.7893e+00 +3.2722e+00 +3.7196e+00
281 0 +1.556293422e-03 -9.999984437e+02 -9.999984437e+02 -3.8340e+00 +3.3449e+00 +3.7366e+00
285 0 +8.352620936e-04 -9.999991647e+02 -9.999991647e+02 -3.7784e+00 +3.3148e+00 +3.7474e+00
288 0 +5.384597233e-04 -9.999994615e+02 -9.999994615e+02 -3.8125e+00 +3.3016e+00 +3.7266e+00
309 0 +3.302441986e-04 -9.999996698e+02 -9.999996698e+02 -3.7871e+00 +3.3153e+00 +3.7254e+00
337 0 +1.452774670e-04 -9.999998547e+02 -9.999998547e+02 -3.7973e+00 +3.3299e+00 +3.7398e+00
356 0 +1.182980242e-04 -9.999998817e+02 -9.999998817e+02 -3.8062e+00 +3.3303e+00 +3.7382e+00
379 0 +1.085690565e-04 -9.999998914e+02 -9.999998914e+02 -3.8000e+00 +3.3168e+00 +3.7418e+00
380 0 +7.321482337e-05 -9.999999268e+02 -9.999999268e+02 -3.8092e+00 +3.3173e+00 +3.7358e+00
394 0 +7.000981577e-05 -9.999999300e+02 -9.999999300e+02 -3.8089e+00 +3.3188e+00 +3.7284e+00
400 0 +5.181968356e-05 -9.999999482e+02 -9.999999482e+02 -3.8091e+00 +3.3207e+00 +3.7353e+00
401 0 +2.755001117e-05 -9.999999724e+02 -9.999999724e+02 -3.8036e+00 +3.3178e+00 +3.7362e+00
409 0 +2.074767053e-05 -9.999999793e+02 -9.999999793e+02 -3.8037e+00 +3.3253e+00 +3.7352e+00
414 0 +1.198482084e-05 -9.999999880e+02 -9.999999880e+02 -3.8037e+00 +3.3197e+00 +3.7354e+00
416 0 +1.146674799e-05 -9.999999885e+02 -9.999999885e+02 -3.8021e+00 +3.3183e+00 +3.7321e+00
425 0 +2.268739081e-07 -9.999999998e+02 -9.999999998e+02 -3.8024e+00 +3.3216e+00 +3.7333e+00
539 0 +4.130038178e-08 -1.000000000e+03 -1.000000000e+03 -3.8023e+00 +3.3214e+00 +3.7328e+00
554 0 +3.448769803e-08 -1.000000000e+03 -1.000000000e+03 -3.8025e+00 +3.3214e+00 +3.7327e+00
559 0 +2.491401574e-08 -1.000000000e+03 -1.000000000e+03 -3.8025e+00 +3.3217e+00 +3.7329e+00
626 0 +2.232320639e-08 -1.000000000e+03 -1.000000000e+03 -3.8025e+00 +3.3215e+00 +3.7327e+00
631 0 +1.767796221e-08 -1.000000000e+03 -1.000000000e+03 -3.8025e+00 +3.3215e+00 +3.7328e+00
656 0 +1.409068773e-08 -1.000000000e+03 -1.000000000e+03 -3.8025e+00 +3.3215e+00 +3.7328e+00
669 0 +7.118956091e-09 -1.000000000e+03 -1.000000000e+03 -3.8024e+00 +3.3215e+00 +3.7328e+00
1038 0 +0.000000000e+00 -1.000000000e+03 -1.000000000e+03 -3.8024e+00 +3.3216e+00 +3.7328e+00
% f evaluations | g evaluations | best noise-free fitness - Fopt (-4.158000000000e+01) + sum g_i+ | measured fitness | best measured fitness or single-digit g-values | x1 | x2...
1 0 +1.834012736e+01 -2.323987264e+01 -2.323987264e+01 +0.0000e+00 +0.0000e+00 +0.0000e+00
3 0 +1.781926631e+01 -2.376073369e+01 -2.376073369e+01 +3.4094e-01 +2.4727e-01 +1.7369e-01
5 0 +1.759462773e+01 -2.398537227e+01 -2.398537227e+01 -1.5359e-01 +2.4817e-01 +6.3376e-02
11 0 +1.610845164e+01 -2.547154836e+01 -2.547154836e+01 -2.5491e-01 +3.5786e-01 -1.1156e-01
17 0 +1.437613717e+01 -2.720386283e+01 -2.720386283e+01 +1.8079e-01 +5.4330e-01 -1.5958e-01
19 0 +1.343725405e+01 -2.814274595e+01 -2.814274595e+01 -8.2911e-02 +7.1335e-01 -2.3985e-01
30 0 +1.261706654e+01 -2.896293346e+01 -2.896293346e+01 -6.6818e-01 +7.7253e-01 -5.5161e-01
33 0 +1.077943548e+01 -3.080056452e+01 -3.080056452e+01 -1.0533e+00 +1.3241e+00 -7.4652e-01
37 0 +6.781147990e+00 -3.479885201e+01 -3.479885201e+01 -1.0862e+00 +2.1228e+00 -1.2901e+00
51 0 +5.840678397e+00 -3.573932160e+01 -3.573932160e+01 -1.5919e+00 +2.8299e+00 -2.1146e+00
72 0 +3.965585336e+00 -3.761441466e+01 -3.761441466e+01 -5.4930e-01 +3.1710e+00 -1.5411e+00
95 0 +3.330839152e+00 -3.824916085e+01 -3.824916085e+01 -3.6756e-01 +3.8922e+00 -1.9891e+00
99 0 +2.239095654e+00 -3.934090435e+01 -3.934090435e+01 +1.4854e-01 +3.5412e+00 -1.8872e+00
110 0 +1.359266619e+00 -4.022073338e+01 -4.022073338e+01 +5.6379e-01 +3.7894e+00 -2.4441e+00
148 0 +1.305226745e+00 -4.027477326e+01 -4.027477326e+01 +1.2850e-01 +3.2199e+00 -2.1627e+00
154 0 +1.062785791e+00 -4.051721421e+01 -4.051721421e+01 -1.7886e-01 +3.1686e+00 -2.5375e+00
158 0 +9.628087690e-01 -4.061719123e+01 -4.061719123e+01 +5.5573e-01 +3.2365e+00 -2.2355e+00
166 0 +8.438541710e-01 -4.073614583e+01 -4.073614583e+01 +3.7151e-01 +3.1565e+00 -2.3006e+00
169 0 +7.843195779e-01 -4.079568042e+01 -4.079568042e+01 +4.2764e-01 +3.4212e+00 -2.4801e+00
170 0 +7.040871159e-01 -4.087591288e+01 -4.087591288e+01 +8.1653e-01 +3.3545e+00 -2.5016e+00
178 0 +5.197226179e-01 -4.106027738e+01 -4.106027738e+01 +1.4771e-01 +3.1774e+00 -2.6772e+00
187 0 +3.943717182e-01 -4.118562828e+01 -4.118562828e+01 +2.9827e-01 +3.1597e+00 -2.6787e+00
190 0 +3.680171454e-01 -4.121198285e+01 -4.121198285e+01 +5.1261e-01 +3.0188e+00 -2.5603e+00
194 0 +2.530474199e-01 -4.132695258e+01 -4.132695258e+01 +5.9235e-01 +3.1484e+00 -2.7306e+00
196 0 +8.578747402e-02 -4.149421253e+01 -4.149421253e+01 +6.9888e-01 +2.8609e+00 -2.8629e+00
272 0 +6.896260587e-02 -4.151103739e+01 -4.151103739e+01 +6.8630e-01 +3.0429e+00 -2.9797e+00
287 0 +2.567288551e-02 -4.155432711e+01 -4.155432711e+01 +6.4740e-01 +2.8541e+00 -2.9853e+00
306 0 +2.327810135e-02 -4.155672190e+01 -4.155672190e+01 +6.7932e-01 +2.9586e+00 -3.0641e+00
308 0 +1.745232386e-02 -4.156254768e+01 -4.156254768e+01 +6.1931e-01 +2.7762e+00 -3.0322e+00
309 0 +1.404910321e-02 -4.156595090e+01 -4.156595090e+01 +6.2868e-01 +2.8478e+00 -3.0233e+00
310 0 +1.274280354e-02 -4.156725720e+01 -4.156725720e+01 +6.3626e-01 +2.8873e+00 -3.0373e+00
313 0 +1.239304756e-02 -4.156760695e+01 -4.156760695e+01 +6.6328e-01 +2.7874e+00 -3.0759e+00
316 0 +6.151740501e-03 -4.157384826e+01 -4.157384826e+01 +6.2036e-01 +2.8002e+00 -3.0841e+00
330 0 +1.877497311e-03 -4.157812250e+01 -4.157812250e+01 +5.9798e-01 +2.8104e+00 -3.1465e+00
344 0 +3.770298410e-04 -4.157962297e+01 -4.157962297e+01 +5.9977e-01 +2.8561e+00 -3.1566e+00
388 0 +1.692018828e-04 -4.157983080e+01 -4.157983080e+01 +6.0031e-01 +2.8654e+00 -3.1393e+00
393 0 +6.222336668e-05 -4.157993778e+01 -4.157993778e+01 +5.9829e-01 +2.8450e+00 -3.1366e+00
407 0 +6.021651058e-05 -4.157993978e+01 -4.157993978e+01 +5.9820e-01 +2.8586e+00 -3.1325e+00
414 0 +3.712888582e-05 -4.157996287e+01 -4.157996287e+01 +5.9512e-01 +2.8472e+00 -3.1376e+00
431 0 +1.750747956e-05 -4.157998249e+01 -4.157998249e+01 +5.9762e-01 +2.8552e+00 -3.1410e+00
449 0 +1.380648720e-05 -4.157998619e+01 -4.157998619e+01 +5.9402e-01 +2.8519e+00 -3.1372e+00
462 0 +1.143792727e-05 -4.157998856e+01 -4.157998856e+01 +5.9536e-01 +2.8539e+00 -3.1353e+00
489 0 +6.673478950e-06 -4.157999333e+01 -4.157999333e+01 +5.9661e-01 +2.8512e+00 -3.1358e+00
498 0 +6.110234750e-06 -4.157999389e+01 -4.157999389e+01 +5.9663e-01 +2.8523e+00 -3.1354e+00
505 0 +5.376048065e-06 -4.157999462e+01 -4.157999462e+01 +5.9684e-01 +2.8525e+00 -3.1354e+00
518 0 +2.155285678e-06 -4.157999784e+01 -4.157999784e+01 +5.9718e-01 +2.8528e+00 -3.1362e+00
549 0 +1.357413154e-06 -4.157999864e+01 -4.157999864e+01 +5.9761e-01 +2.8519e+00 -3.1369e+00
575 0 +1.267977083e-06 -4.157999873e+01 -4.157999873e+01 +5.9692e-01 +2.8519e+00 -3.1374e+00
582 0 +1.054422398e-06 -4.157999895e+01 -4.157999895e+01 +5.9702e-01 +2.8524e+00 -3.1369e+00
587 0 +7.791056547e-07 -4.157999922e+01 -4.157999922e+01 +5.9681e-01 +2.8524e+00 -3.1377e+00
589 0 +7.432920199e-07 -4.157999926e+01 -4.157999926e+01 +5.9691e-01 +2.8523e+00 -3.1374e+00
596 0 +5.709021806e-07 -4.157999943e+01 -4.157999943e+01 +5.9691e-01 +2.8526e+00 -3.1374e+00
599 0 +2.676056994e-07 -4.157999973e+01 -4.157999973e+01 +5.9724e-01 +2.8526e+00 -3.1373e+00
604 0 +1.790597750e-07 -4.157999982e+01 -4.157999982e+01 +5.9764e-01 +2.8524e+00 -3.1374e+00
608 0 +1.143027575e-07 -4.157999989e+01 -4.157999989e+01 +5.9750e-01 +2.8527e+00 -3.1373e+00
624 0 +9.027733938e-08 -4.157999991e+01 -4.157999991e+01 +5.9739e-01 +2.8527e+00 -3.1374e+00
642 0 +8.208017022e-08 -4.157999992e+01 -4.157999992e+01 +5.9769e-01 +2.8526e+00 -3.1377e+00
673 0 +6.371492134e-08 -4.157999994e+01 -4.157999994e+01 +5.9763e-01 +2.8526e+00 -3.1374e+00
688 0 +4.664440212e-08 -4.157999995e+01 -4.157999995e+01 +5.9764e-01 +2.8527e+00 -3.1374e+00
709 0 +2.154158807e-08 -4.157999998e+01 -4.157999998e+01 +5.9759e-01 +2.8527e+00 -3.1375e+00
730 0 +1.349452106e-08 -4.157999999e+01 -4.157999999e+01 +5.9767e-01 +2.8528e+00 -3.1375e+00
741 0 +7.916483469e-09 -4.157999999e+01 -4.157999999e+01 +5.9763e-01 +2.8528e+00 -3.1375e+00
1296 0 +0.000000000e+00 -4.158000000e+01 -4.158000000e+01 +5.9760e-01 +2.8528e+00 -3.1376e+00
