% f evaluations | g evaluations | best noise-free fitness - Fopt (7.948000000000e+01) + sum g_i+ | measured fitness | best measured fitness or single-digit g-values | x1 | x2...
1 0 +1.402094080e+00 +8.088209408e+01 +8.088209408e+01 +0.0000e+00 +0.0000e+00
5 0 +8.587955479e-01 +8.033879555e+01 +8.033879555e+01 -1.1375e-01 -3.0566e-01
14 0 +6.214153070e-01 +8.010141531e+01 +8.010141531e+01 +3.4070e-01 -3.7342e-01
21 0 +5.244499268e-01 +8.000444993e+01 +8.000444993e+01 +1.6301e-01 -4.3820e-01
26 0 +4.471959995e-01 +7.992719600e+01 +7.992719600e+01 +2.3483e-01 -4.8831e-01
29 0 +3.870310334e-01 +7.986703103e+01 +7.986703103e+01 +3.2585e-01 -5.3899e-01
35 0 +6.777748714e-02 +7.954777749e+01 +7.954777749e+01 +3.9128e-01 -9.3635e-01
54 0 +4.112890834e-02 +7.952112891e+01 +7.952112891e+01 +2.9045e-01 -9.5752e-01
61 0 +3.113027949e-02 +7.951113028e+01 +7.951113028e+01 +3.8440e-01 -1.0393e+00
67 0 +1.247071770e-02 +7.949247072e+01 +7.949247072e+01 +3.5309e-01 -1.2059e+00
79 0 +1.001029855e-02 +7.949001030e+01 +7.949001030e+01 +1.5766e-01 -1.1258e+00
80 0 +4.720201494e-05 +7.948004720e+01 +7.948004720e+01 +2.5707e-01 -1.1514e+00
194 0 +2.209990619e-05 +7.948002210e+01 +7.948002210e+01 +2.5400e-01 -1.1523e+00
287 0 +1.883555586e-05 +7.948001884e+01 +7.948001884e+01 +2.5374e-01 -1.1526e+00
288 0 +1.731461523e-05 +7.948001731e+01 +7.948001731e+01 +2.5334e-01 -1.1527e+00
290 0 +6.766725534e-06 +7.948000677e+01 +7.948000677e+01 +2.5310e-01 -1.1542e+00
294 0 +5.946471433e-06 +7.948000595e+01 +7.948000595e+01 +2.5522e-01 -1.1565e+00
295 0 +3.921325046e-06 +7.948000392e+01 +7.948000392e+01 +2.5416e-01 -1.1554e+00
299 0 +1.947957045e-06 +7.948000195e+01 +7.948000195e+01 +2.5415e-01 -1.1571e+00
307 0 +9.460069066e-07 +7.948000095e+01 +7.948000095e+01 +2.5195e-01 -1.1563e+00
315 0 +8.501989868e-07 +7.948000085e+01 +7.948000085e+01 +2.5348e-01 -1.1574e+00
319 0 +2.900987255e-07 +7.948000029e+01 +7.948000029e+01 +2.5247e-01 -1.1564e+00
361 0 +1.678911445e-07 +7.948000017e+01 +7.948000017e+01 +2.5248e-01 -1.1565e+00
392 0 +1.017657070e-07 +7.948000010e+01 +7.948000010e+01 +2.5280e-01 -1.1565e+00
394 0 +1.811515915e-08 +7.948000002e+01 +7.948000002e+01 +2.5291e-01 -1.1569e+00
419 0 +1.101342662e-08 +7.948000001e+01 +7.948000001e+01 +2.5288e-01 -1.1569e+00
421 0 +9.497398423e-09 +7.948000001e+01 +7.948000001e+01 +2.5280e-01 -1.1567e+00
595 0 +0.000000000e+00 +7.948000000e+01 +7.948000000e+01 +2.5280e-01 -1.1568e+00
% f evaluations | g evaluations | best noise-free fitness - Fopt (3.944800000000e+02) + sum g_i+ | measured fitness | best measured fitness or single-digit g-values | x1 | x2...
1 0 +2.355193472e+01 +4.180319347e+02 +4.180319347e+02 +0.0000e+00 +0.0000e+00
5 0 +2.100443692e+01 +4.154844369e+02 +4.154844369e+02 -1.1375e-01 -3.0566e-01
16 0 +1.962069359e+01 +4.141006936e+02 +4.141006936e+02 -5.4091e-01 -1.1226e-03
17 0 +1.946045881e+01 +4.139404588e+02 +4.139404588e+02 -3.6284e-01 -2.5216e-01
21 0 +1.861606370e+01 +4.130960637e+02 +4.130960637e+02 -4.7658e-01 -2.6224e-01
33 0 +1.728868307e+01 +4.117686831e+02 +4.117686831e+02 -6.1236e-01 -3.4273e-01
39 0 +1.652514402e+01 +4.110051440e+02 +4.110051440e+02 -2.6309e-01 -1.0711e+00
41 0 +1.557245231e+01 +4.100524523e+02 +4.100524523e+02 -7.8957e-01 -4.5984e-01
45 0 +1.404553904e+01 +4.085255390e+02 +4.085255390e+02 -7.0401e-01 -9.3045e-01
51 0 +1.359901959e+01 +4.080790196e+02 +4.080790196e+02 -6.0866e-01 -1.2241e+00
54 0 +9.892532144e+00 +4.043725321e+02 +4.043725321e+02 -1.2398e+00 -1.2098e+00
59 0 +9.597036624e+00 +4.040770366e+02 +4.040770366e+02 -1.1117e+00 -1.5371e+00
64 0 +4.162999820e+00 +3.986429998e+02 +3.986429998e+02 -1.8581e+00 -2.8821e+00
69 0 +3.607125016e+00 +3.980871250e+02 +3.980871250e+02 -2.7985e+00 -4.4387e+00
70 0 +3.535972456e+00 +3.980159725e+02 +3.980159725e+02 -2.2687e+00 -1.9523e+00
73 0 +1.955765473e+00 +3.964357655e+02 +3.964357655e+02 -2.5336e+00 -3.1955e+00
88 0 +5.408208240e-01 +3.950208208e+02 +3.950208208e+02 -3.2750e+00 -2.5004e+00
144 0 +3.369092787e-01 +3.948169093e+02 +3.948169093e+02 -3.6302e+00 -3.4052e+00
147 0 +1.378954724e-01 +3.946178955e+02 +3.946178955e+02 -3.7722e+00 -3.2397e+00
169 0 +2.937613442e-02 +3.945093761e+02 +3.945093761e+02 -4.0521e+00 -2.9662e+00
213 0 +1.993708166e-02 +3.944999371e+02 +3.944999371e+02 -3.7731e+00 -2.9555e+00
229 0 +6.573608062e-03 +3.944865736e+02 +3.944865736e+02 -3.8534e+00 -2.9578e+00
233 0 +2.455407781e-04 +3.944802455e+02 +3.944802455e+02 -3.8929e+00 -2.8757e+00
262 0 +1.852680770e-04 +3.944801853e+02 +3.944801853e+02 -3.8924e+00 -2.8782e+00
280 0 +4.791746773e-05 +3.944800479e+02 +3.944800479e+02 -3.9038e+00 -2.8947e+00
298 0 +1.108822232e-06 +3.944800011e+02 +3.944800011e+02 -3.8975e+00 -2.8909e+00
403 0 +4.311825137e-07 +3.944800004e+02 +3.944800004e+02 -3.8990e+00 -2.8907e+00
414 0 +3.252870897e-07 +3.944800003e+02 +3.944800003e+02 -3.8986e+00 -2.8899e+00
419 0 +2.185345238e-07 +3.944800002e+02 +3.944800002e+02 -3.8979e+00 -2.8905e+00
421 0 +9.837179960e-08 +3.944800001e+02 +3.944800001e+02 -3.8984e+00 -2.8901e+00
427 0 +8.656616046e-08 +3.944800001e+02 +3.944800001e+02 -3.8981e+00 -2.8904e+00
433 0 +6.649355555e-08 +3.944800001e+02 +3.944800001e+02 -3.8982e+00 -2.8906e+00
438 0 +1.609788569e-08 +3.944800000e+02 +3.944800000e+02 -3.8985e+00 -2.8904e+00
458 0 +6.079005743e-09 +3.944800000e+02 +3.944800000e+02 -3.8985e+00 -2.8904e+00
616 0 +0.000000000e+00 +3.944800000e+02 +3.944800000e+02 -3.8984e+00 -2.8904e+00
% f evaluations | g evaluations | best noise-free fitness - Fopt (-2.471100000000e+02) + sum g_i+ | measured fitness | best measured fitness or single-digit g-values | x1 | x2...
1 0 +1.446913280e+01 -2.326408672e+02 -2.326408672e+02 +0.0000e+00 +0.0000e+00
5 0 +1.383557756e+01 -2.332744224e+02 -2.332744224e+02 -1.1375e-01 -3.0566e-01
9 0 +1.326211057e+01 -2.338478894e+02 -2.338478894e+02 -1.5904e-01 +7.2161e-02
15 0 +1.256445441e+01 -2.345455456e+02 -2.345455456e+02 -2.5385e-01 +1.7801e-01
16 0 +1.108244544e+01 -2.360275546e+02 -2.360275546e+02 -4.6938e-01 +2.1135e-01
32 0 +1.087369995e+01 -2.362363001e+02 -2.362363001e+02 -5.0181e-01 +1.2458e-01
41 0 +9.265167587e+00 -2.378448324e+02 -2.378448324e+02 -7.5555e-01 +1.2439e-01
54 0 +8.378668990e+00 -2.387313310e+02 -2.387313310e+02 -9.2053e-01 -1.0753e-01
57 0 +7.238660599e+00 -2.398713394e+02 -2.398713394e+02 -1.1090e+00 +1.2698e-01
64 0 +5.668474901e+00 -2.414415251e+02 -2.414415251e+02 -1.4416e+00 -1.3448e-01
66 0 +4.304488408e+00 -2.428055116e+02 -2.428055116e+02 -1.7248e+00 +2.7017e-01
68 0 +2.269473590e+00 -2.448405264e+02 -2.448405264e+02 -2.2963e+00 +3.1759e-01
70 0 +7.299465604e-01 -2.463800534e+02 -2.463800534e+02 -2.9561e+00 +3.4649e-01
78 0 +3.200557947e-01 -2.467899442e+02 -2.467899442e+02 -3.9532e+00 +7.4734e-01
83 0 +8.812326875e-02 -2.470218767e+02 -2.470218767e+02 -3.5015e+00 +2.0177e-01
97 0 +7.715953469e-02 -2.470328405e+02 -2.470328405e+02 -3.8573e+00 +4.7466e-01
119 0 +2.796827309e-02 -2.470820317e+02 -2.470820317e+02 -3.6834e+00 +8.1758e-02
155 0 +1.342436585e-02 -2.470965756e+02 -2.470965756e+02 -3.7854e+00 +3.1833e-01
164 0 +1.273906179e-02 -2.470972609e+02 -2.470972609e+02 -3.8359e+00 +3.0966e-01
177 0 +1.143158472e-02 -2.470985684e+02 -2.470985684e+02 -3.7331e+00 +2.8783e-01
196 0 +9.761380417e-03 -2.471002386e+02 -2.471002386e+02 -3.8152e+00 +3.0056e-01
210 0 +9.289966857e-03 -2.471007100e+02 -2.471007100e+02 -3.7994e+00 +2.9958e-01
212 0 +5.922084079e-03 -2.471040779e+02 -2.471040779e+02 -3.7702e+00 +2.7480e-01
221 0 +5.844229995e-03 -2.471041558e+02 -2.471041558e+02 -3.7824e+00 +2.7795e-01
225 0 +1.761089618e-04 -2.471098239e+02 -2.471098239e+02 -3.8061e+00 +2.1401e-01
297 0 +2.302817660e-05 -2.471099770e+02 -2.471099770e+02 -3.7944e+00 +2.0583e-01
359 0 +1.307940465e-06 -2.471099987e+02 -2.471099987e+02 -3.7975e+00 +2.0246e-01
424 0 +7.202493180e-07 -2.471099993e+02 -2.471099993e+02 -3.7977e+00 +2.0373e-01
429 0 +1.860046268e-07 -2.471099998e+02 -2.471099998e+02 -3.7980e+00 +2.0329e-01
433 0 +6.358288829e-08 -2.471099999e+02 -2.471099999e+02 -3.7986e+00 +2.0332e-01
445 0 +9.214886632e-10 -2.471100000e+02 -2.471100000e+02 -3.7984e+00 +2.0319e-01
642 0 +0.000000000e+00 -2.471100000e+02 -2.471100000e+02 -3.7984e+00 +2.0320e-01
% f evaluations | g evaluations | best noise-free fitness - Fopt (-1.520400000000e+02) + sum g_i+ | measured fitness | best measured fitness or single-digit g-values | x1 | x2...
1 0 +2.099171840e+00 -1.499408282e+02 -1.499408282e+02 +0.0000e+00 +0.0000e+00
3 0 +1.306411649e+00 -1.507335884e+02 -1.507335884e+02 +9.8026e-02 +3.4094e-01
9 0 +1.275081328e+00 -1.507649187e+02 -1.507649187e+02 -2.3771e-02 +3.2136e-01
12 0 +1.163077381e+00 -1.508769226e+02 -1.508769226e+02 +2.8148e-01 +4.9555e-01
15 0 +8.211706231e-01 -1.512188294e+02 -1.512188294e+02 +1.7727e-02 +5.6378e-01
16 0 +6.951148360e-01 -1.513448852e+02 -1.513448852e+02 -2.6119e-01 +5.9029e-01
20 0 +5.672287635e-01 -1.514727712e+02 -1.514727712e+02 -2.0657e-01 +6.7330e-01
22 0 +6.253426331e-02 -1.519774657e+02 -1.519774657e+02 -8.6224e-02 +1.2514e+00
32 0 +2.663570115e-02 -1.520133643e+02 -1.520133643e+02 -1.9699e-01 +1.2767e+00
45 0 +2.047686191e-02 -1.520195231e+02 -1.520195231e+02 -2.2380e-01 +1.2876e+00
49 0 +3.046519384e-03 -1.520369535e+02 -1.520369535e+02 -2.7616e-01 +1.4785e+00
95 0 +2.221632511e-03 -1.520377784e+02 -1.520377784e+02 -2.4787e-01 +1.3810e+00
102 0 +1.827059075e-03 -1.520381729e+02 -1.520381729e+02 -2.8997e-01 +1.4602e+00
109 0 +6.258354194e-04 -1.520393742e+02 -1.520393742e+02 -2.8527e-01 +1.4067e+00
151 0 +5.707488890e-04 -1.520394293e+02 -1.520394293e+02 -2.9059e-01 +1.4191e+00
154 0 +4.811799572e-04 -1.520395188e+02 -1.520395188e+02 -2.7169e-01 +1.4025e+00
159 0 +2.798855617e-04 -1.520397201e+02 -1.520397201e+02 -2.8325e-01 +1.4287e+00
163 0 +2.388265506e-04 -1.520397612e+02 -1.520397612e+02 -2.6796e-01 +1.4086e+00
175 0 +5.749796415e-05 -1.520399425e+02 -1.520399425e+02 -2.6152e-01 +1.4190e+00
205 0 +9.469708601e-06 -1.520399905e+02 -1.520399905e+02 -2.6474e-01 +1.4258e+00
229 0 +4.872903133e-06 -1.520399951e+02 -1.520399951e+02 -2.6750e-01 +1.4262e+00
237 0 +1.036304866e-06 -1.520399990e+02 -1.520399990e+02 -2.6692e-01 +1.4250e+00
280 0 +2.333493114e-07 -1.520399998e+02 -1.520399998e+02 -2.6673e-01 +1.4241e+00
291 0 +6.241575079e-08 -1.520399999e+02 -1.520399999e+02 -2.6695e-01 +1.4240e+00
317 0 +2.226170182e-08 -1.520400000e+02 -1.520400000e+02 -2.6707e-01 +1.4239e+00
324 0 +1.682565198e-10 -1.520400000e+02 -1.520400000e+02 -2.6719e-01 +1.4240e+00
534 0 +0.000000000e+00 -1.520400000e+02 -1.520400000e+02 -2.6720e-01 +1.4240e+00
% f evaluations | g evaluations | best noise-free fitness - Fopt (-2.525000000000e+01) + sum g_i+ | measured fitness | best measured fitness or single-digit g-values | x1 | x2...
1 0 +1.346736640e+01 -1.178263360e+01 -1.178263360e+01 +0.0000e+00 +0.0000e+00
2 0 +1.048171796e+01 -1.476828204e+01 -1.476828204e+01 +4.3379e-01 +3.0692e-02
8 0 +9.295972495e+00 -1.595402751e+01 -1.595402751e+01 +6.0117e-01 +1.6999e-01
14 0 +8.293040564e+00 -1.695695944e+01 -1.695695944e+01 +8.1870e-01 -5.5543e-02
18 0 +6.486529796e+00 -1.876347020e+01 -1.876347020e+01 +1.1066e+00 +1.9058e-01
22 0 +6.234085345e+00 -1.901591465e+01 -1.901591465e+01 +1.1182e+00 +6.9138e-01
23 0 +4.792134317e+00 -2.045786568e+01 -2.045786568e+01 +1.4651e+00 +2.1945e-01
26 0 +4.014858731e+00 -2.123514127e+01 -2.123514127e+01 +1.6609e+00 +1.8960e-01
27 0 +3.712808170e+00 -2.153719183e+01 -2.153719183e+01 +1.6905e+00 +5.2791e-01
28 0 +1.056263213e+00 -2.419373679e+01 -2.419373679e+01 +2.5901e+00 +5.5122e-01
36 0 +2.622606474e-01 -2.498773935e+01 -2.498773935e+01 +3.3600e+00 +1.9072e-01
158 0 +2.053146323e-01 -2.504468537e+01 -2.504468537e+01 +3.4282e+00 +2.2210e-01
163 0 +3.198724614e-02 -2.521801275e+01 -2.521801275e+01 +3.7496e+00 +5.1816e-01
213 0 +1.757919901e-02 -2.523242080e+01 -2.523242080e+01 +3.6053e+00 +5.0293e-01
229 0 +5.848900200e-03 -2.524415110e+01 -2.524415110e+01 +3.6838e+00 +6.6734e-01
274 0 +2.048104531e-03 -2.524795190e+01 -2.524795190e+01 +3.6468e+00 +6.6681e-01
280 0 +3.178053677e-04 -2.524968219e+01 -2.524968219e+01 +3.6107e+00 +6.5265e-01
302 0 +3.115835799e-04 -2.524968842e+01 -2.524968842e+01 +3.6034e+00 +6.4903e-01
307 0 +2.914552162e-04 -2.524970854e+01 -2.524970854e+01 +3.6006e+00 +6.4528e-01
313 0 +1.633043038e-04 -2.524983670e+01 -2.524983670e+01 +3.6245e+00 +6.4306e-01
317 0 +1.065883065e-04 -2.524989341e+01 -2.524989341e+01 +3.6114e+00 +6.2531e-01
319 0 +7.935751153e-06 -2.524999206e+01 -2.524999206e+01 +3.6172e+00 +6.3552e-01
352 0 +2.928328563e-06 -2.524999707e+01 -2.524999707e+01 +3.6145e+00 +6.3691e-01
392 0 +2.580767330e-06 -2.524999742e+01 -2.524999742e+01 +3.6146e+00 +6.3680e-01
397 0 +1.513976855e-06 -2.524999849e+01 -2.524999849e+01 +3.6153e+00 +6.3600e-01
403 0 +6.858895034e-07 -2.524999931e+01 -2.524999931e+01 +3.6142e+00 +6.3601e-01
421 0 +5.918291031e-07 -2.524999941e+01 -2.524999941e+01 +3.6150e+00 +6.3566e-01
427 0 +1.491422594e-07 -2.524999985e+01 -2.524999985e+01 +3.6140e+00 +6.3530e-01
453 0 +1.277647499e-07 -2.524999987e+01 -2.524999987e+01 +3.6147e+00 +6.3544e-01
460 0 +1.071129105e-07 -2.524999989e+01 -2.524999989e+01 +3.6147e+00 +6.3520e-01
461 0 +6.145937448e-08 -2.524999994e+01 -2.524999994e+01 +3.6142e+00 +6.3526e-01
463 0 +2.768942409e-09 -2.525000000e+01 -2.525000000e+01 +3.6144e+00 +6.3523e-01
714 0 +0.000000000e+00 -2.525000000e+01 -2.525000000e+01 +3.6144e+00 +6.3520e-01
% f evaluations | g evaluations | best noise-free fitness - Fopt (1.830100000000e+02) + sum g_i+ | measured fitness | best measured fitness or single-digit g-values | x1 | x2...
1 0 +1.419234624e+01 +1.972023462e+02 +1.972023462e+02 +0.0000e+00 +0.0000e+00
3 0 +1.262095881e+01 +1.956309588e+02 +1.956309588e+02 +9.8026e-02 +3.4094e-01
9 0 +1.220016830e+01 +1.952101683e+02 +1.952101683e+02 -2.3771e-02 +3.2136e-01
15 0 +1.093114971e+01 +1.939411497e+02 +1.939411497e+02 -1.4001e-01 +4.6745e-01
16 0 +9.716671281e+00 +1.927266713e+02 +1.927266713e+02 -4.1467e-01 +5.0442e-01
20 0 +9.479120521e+00 +1.924891205e+02 +1.924891205e+02 -3.7389e-01 +5.7851e-01
22 0 +7.491264115e+00 +1.905012641e+02 +1.905012641e+02 -2.7915e-01 +1.0924e+00
32 0 +6.977356137e+00 +1.899873561e+02 +1.899873561e+02 -3.9939e-01 +1.1128e+00
41 0 +5.080627660e+00 +1.880906277e+02 +1.880906277e+02 -7.7213e-01 +1.3086e+00
47 0 +4.892936497e+00 +1.879029365e+02 +1.879029365e+02 -3.6456e-01 +1.7785e+00
52 0 +3.236459496e+00 +1.862464595e+02 +1.862464595e+02 -6.9622e-01 +2.0245e+00
56 0 +1.751407685e+00 +1.847614077e+02 +1.847614077e+02 -8.2825e-01 +2.9002e+00
57 0 +6.513975967e-01 +1.836613976e+02 +1.836613976e+02 -1.3399e+00 +3.2357e+00
127 0 +5.869345361e-01 +1.835969345e+02 +1.835969345e+02 -1.4558e+00 +3.4556e+00
128 0 +5.734250364e-01 +1.835834250e+02 +1.835834250e+02 -1.4396e+00 +3.4005e+00
171 0 +4.416522554e-01 +1.834516523e+02 +1.834516523e+02 -1.4866e+00 +3.2446e+00
174 0 +3.271510077e-01 +1.833371510e+02 +1.833371510e+02 -1.5808e+00 +3.2407e+00
184 0 +2.226496661e-01 +1.832326497e+02 +1.832326497e+02 -2.1689e+00 +3.5739e+00
187 0 +9.982311997e-02 +1.831098231e+02 +1.831098231e+02 -1.8568e+00 +3.2510e+00
188 0 +9.499828423e-02 +1.831049983e+02 +1.831049983e+02 -2.1762e+00 +3.4088e+00
189 0 +9.302855531e-02 +1.831030286e+02 +1.831030286e+02 -2.4284e+00 +3.1900e+00
193 0 +6.614673719e-02 +1.830761467e+02 +1.830761467e+02 -2.3023e+00 +3.2994e+00
274 0 +5.627395762e-02 +1.830662740e+02 +1.830662740e+02 -1.9469e+00 +3.2464e+00
280 0 +2.698691307e-02 +1.830369869e+02 +1.830369869e+02 -2.0290e+00 +3.2279e+00
286 0 +5.775734776e-03 +1.830157757e+02 +1.830157757e+02 -2.2015e+00 +3.1418e+00
289 0 +3.649056651e-03 +1.830136491e+02 +1.830136491e+02 -2.1461e+00 +3.1628e+00
290 0 +2.889802271e-03 +1.830128898e+02 +1.830128898e+02 -2.1756e+00 +3.0668e+00
295 0 +2.152851835e-03 +1.830121529e+02 +1.830121529e+02 -2.1700e+00 +3.1348e+00
302 0 +1.856539859e-03 +1.830118565e+02 +1.830118565e+02 -2.1748e+00 +3.1220e+00
319 0 +4.343630160e-04 +1.830104344e+02 +1.830104344e+02 -2.1531e+00 +3.1151e+00
325 0 +5.674898875e-05 +1.830100567e+02 +1.830100567e+02 -2.1351e+00 +3.0957e+00
419 0 +5.215303855e-05 +1.830100522e+02 +1.830100522e+02 -2.1368e+00 +3.1104e+00
424 0 +1.797063453e-05 +1.830100180e+02 +1.830100180e+02 -2.1356e+00 +3.1074e+00
429 0 +6.626234352e-06 +1.830100066e+02 +1.830100066e+02 -2.1366e+00 +3.1057e+00
453 0 +4.997082954e-06 +1.830100050e+02 +1.830100050e+02 -2.1350e+00 +3.1052e+00
460 0 +1.713131354e-06 +1.830100017e+02 +1.830100017e+02 -2.1347e+00 +3.1033e+00
474 0 +6.007275886e-07 +1.830100006e+02 +1.830100006e+02 -2.1359e+00 +3.1040e+00
484 0 +4.911495921e-08 +1.830100000e+02 +1.830100000e+02 -2.1362e+00 +3.1031e+00
512 0 +1.421958018e-08 +1.830100000e+02 +1.830100000e+02 -2.1360e+00 +3.1031e+00
534 0 +2.578133262e-09 +1.830100000e+02 +1.830100000e+02 -2.1360e+00 +3.1032e+00
745 0 +0.000000000e+00 +1.830100000e+02 +1.830100000e+02 -2.1360e+00 +3.1032e+00
% f evaluations | g evaluations | best noise-free fitness - Fopt (1.835200000000e+02) + sum g_i+ | measured fitness | best measured fitness or single-digit g-values | x1 | x2...
1 0 +1.553667712e+01 +1.990566771e+02 +1.990566771e+02 +0.0000e+00 +0.0000e+00
5 0 +1.322853650e+01 +1.967485365e+02 +1.967485365e+02 -1.1375e-01 -3.0566e-01
14 0 +1.286319089e+01 +1.963831909e+02 +1.963831909e+02 +3.4070e-01 -3.7342e-01
21 0 +1.230790579e+01 +1.958279058e+02 +1.958279058e+02 +1.6301e-01 -4.3820e-01
26 0 +1.199093765e+01 +1.955109377e+02 +1.955109377e+02 +2.3483e-01 -4.8831e-01
29 0 +1.169850681e+01 +1.952185068e+02 +1.952185068e+02 +3.2585e-01 -5.3899e-01
35 0 +9.202019415e+00 +1.927220194e+02 +1.927220194e+02 +3.9128e-01 -9.3635e-01
39 0 +5.593847373e+00 +1.891138474e+02 +1.891138474e+02 +8.5937e-01 -1.7467e+00
44 0 +4.550643766e+00 +1.880706438e+02 +1.880706438e+02 +1.6618e+00 -2.6314e+00
61 0 +2.760470664e+00 +1.862804707e+02 +1.862804707e+02 +1.5703e+00 -3.4658e+00
83 0 +2.423679952e+00 +1.859436800e+02 +1.859436800e+02 +1.4944e+00 -3.5872e+00
117 0 +2.084253354e+00 +1.856042534e+02 +1.856042534e+02 +1.2771e+00 -3.3110e+00
119 0 +1.911770020e+00 +1.854317700e+02 +1.854317700e+02 +1.3610e+00 -3.9558e+00
121 0 +1.892307930e+00 +1.854123079e+02 +1.854123079e+02 +1.3190e+00 -3.6334e+00
135 0 +9.535806963e-01 +1.844735807e+02 +1.844735807e+02 +9.4423e-01 -3.7976e+00
158 0 +7.957357630e-01 +1.843157358e+02 +1.843157358e+02 +6.6877e-01 -3.3767e+00
164 0 +6.873881897e-01 +1.842073882e+02 +1.842073882e+02 +7.8598e-01 -3.7540e+00
169 0 +6.207523278e-01 +1.841407523e+02 +1.841407523e+02 +5.6941e-01 -3.4206e+00
171 0 +1.989767898e-01 +1.837189768e+02 +1.837189768e+02 +3.2393e-01 -3.6595e+00
174 0 +6.677295367e-02 +1.835867730e+02 +1.835867730e+02 +1.2597e-01 -3.7295e+00
274 0 +2.435345129e-02 +1.835443535e+02 +1.835443535e+02 -5.8059e-02 -3.7899e+00
294 0 +1.994188660e-02 +1.835399419e+02 +1.835399419e+02 -1.2931e-01 -4.0329e+00
297 0 +2.840077021e-04 +1.835202840e+02 +1.835202840e+02 -3.8282e-02 -3.9392e+00
352 0 +1.450542734e-04 +1.835201451e+02 +1.835201451e+02 -3.3620e-02 -3.9424e+00
367 0 +5.596873021e-05 +1.835200560e+02 +1.835200560e+02 -1.4130e-02 -3.9412e+00
387 0 +1.976115112e-05 +1.835200198e+02 +1.835200198e+02 -1.7907e-02 -3.9391e+00
391 0 +1.981864926e-06 +1.835200020e+02 +1.835200020e+02 -2.2824e-02 -3.9423e+00
427 0 +9.293113123e-07 +1.835200009e+02 +1.835200009e+02 -2.0740e-02 -3.9412e+00
433 0 +1.497828919e-07 +1.835200001e+02 +1.835200001e+02 -2.1232e-02 -3.9417e+00
445 0 +1.198295081e-07 +1.835200001e+02 +1.835200001e+02 -2.1735e-02 -3.9413e+00
451 0 +2.060642146e-08 +1.835200000e+02 +1.835200000e+02 -2.1593e-02 -3.9415e+00
465 0 +1.737276989e-08 +1.835200000e+02 +1.835200000e+02 -2.1731e-02 -3.9416e+00
481 0 +8.100158766e-09 +1.835200000e+02 +1.835200000e+02 -2.1513e-02 -3.9416e+00
679 0 +0.000000000e+00 +1.835200000e+02 +1.835200000e+02 -2.1600e-02 -3.9416e+00
% f evaluations | g evaluations | best noise-free fitness - Fopt (-5.938400000000e+02) + sum g_i+ | measured fitness | best measured fitness or single-digit g-values | x1 | x2...
1 0 +6.611755520e+00 -5.872282445e+02 -5.872282445e+02 +0.0000e+00 +0.0000e+00
5 0 +6.191243107e+00 -5.876487569e+02 -5.876487569e+02 -1.1375e-01 -3.0566e-01
9 0 +5.811292849e+00 -5.880287072e+02 -5.880287072e+02 -1.5904e-01 +7.2161e-02
15 0 +5.369678245e+00 -5.884703218e+02 -5.884703218e+02 -2.5385e-01 +1.7801e-01
16 0 +4.424604342e+00 -5.894153957e+02 -5.894153957e+02 -4.6938e-01 +2.1135e-01
32 0 +4.276674003e+00 -5.895633260e+02 -5.895633260e+02 -5.0181e-01 +1.2458e-01
33 0 +4.241189014e+00 -5.895988110e+02 -5.895988110e+02 -5.1183e-01 +1.2113e-02
41 0 +3.291689378e+00 -5.905483106e+02 -5.905483106e+02 -7.5555e-01 +1.2439e-01
53 0 +3.206853823e+00 -5.906331462e+02 -5.906331462e+02 -7.8057e-01 +1.5416e-02
54 0 +2.760196108e+00 -5.910798039e+02 -5.910798039e+02 -9.2053e-01 -1.0753e-01
57 0 +2.134402594e+00 -5.917055974e+02 -5.917055974e+02 -1.1090e+00 +1.2698e-01
64 0 +1.324741909e+00 -5.925152581e+02 -5.925152581e+02 -1.4416e+00 -1.3448e-01
66 0 +7.446575451e-01 -5.930953425e+02 -5.930953425e+02 -1.7248e+00 +2.7017e-01
68 0 +1.245201550e-01 -5.937154798e+02 -5.937154798e+02 -2.2963e+00 +3.1759e-01
92 0 +4.216217832e-02 -5.937978378e+02 -5.937978378e+02 -2.7644e+00 +1.5936e-01
97 0 +3.311000363e-02 -5.938068900e+02 -5.938068900e+02 -2.6825e+00 +2.3708e-01
109 0 +1.984960153e-02 -5.938201504e+02 -5.938201504e+02 -2.7100e+00 +8.2630e-02
118 0 +3.651585064e-03 -5.938363484e+02 -5.938363484e+02 -2.5114e+00 +1.1057e-01
242 0 +8.341836919e-04 -5.938391658e+02 -5.938391658e+02 -2.5966e+00 +1.0459e-01
247 0 +5.621718448e-04 -5.938394378e+02 -5.938394378e+02 -2.5568e+00 +1.1434e-01
248 0 +1.058580494e-05 -5.938399894e+02 -5.938399894e+02 -2.5712e+00 +9.1568e-02
347 0 +9.360925901e-06 -5.938399906e+02 -5.938399906e+02 -2.5704e+00 +9.7362e-02
352 0 +1.846663054e-07 -5.938399998e+02 -5.938399998e+02 -2.5696e+00 +9.4827e-02
388 0 +1.250772357e-07 -5.938399999e+02 -5.938399999e+02 -2.5693e+00 +9.4539e-02
389 0 +3.325123998e-08 -5.938400000e+02 -5.938400000e+02 -2.5695e+00 +9.4529e-02
430 0 +5.059860086e-09 -5.938400000e+02 -5.938400000e+02 -2.5695e+00 +9.4428e-02
612 0 +0.000000000e+00 -5.938400000e+02 -5.938400000e+02 -2.5696e+00 +9.4400e-02
% f evaluations | g evaluations | best noise-free fitness - Fopt (-1.000000000000e+03) + sum g_i+ | measured fitness | best measured fitness or single-digit g-values | x1 | x2...
1 0 +2.961425408e+01 -9.703857459e+02 -9.703857459e+02 +0.0000e+00 +0.0000e+00
3 0 +2.786643073e+01 -9.721335693e+02 -9.721335693e+02 +9.8026e-02 +3.4094e-01
9 0 +2.705913672e+01 -9.729408633e+02 -9.729408633e+02 -2.3771e-02 +3.2136e-01
15 0 +2.517421116e+01 -9.748257888e+02 -9.748257888e+02 -1.4001e-01 +4.6745e-01
16 0 +2.296652595e+01 -9.770334740e+02 -9.770334740e+02 -4.1467e-01 +5.0442e-01
20 0 +2.275713335e+01 -9.772428666e+02 -9.772428666e+02 -3.7389e-01 +5.7851e-01
22 0 +2.032233518e+01 -9.796776648e+02 -9.796776648e+02 -2.7915e-01 +1.0924e+00
32 0 +1.946425958e+01 -9.805357404e+02 -9.805357404e+02 -4.6329e-01 +1.0172e+00
41 0 +1.607667536e+01 -9.839233246e+02 -9.839233246e+02 -8.2841e-01 +1.2094e+00
52 0 +1.385022890e+01 -9.861497711e+02 -9.861497711e+02 -7.5780e-01 +1.7718e+00
53 0 +1.380235510e+01 -9.861976449e+02 -9.861976449e+02 -7.8798e-01 +1.7390e+00
56 0 +1.062551230e+01 -9.893744877e+02 -9.893744877e+02 -8.9197e-01 +2.4687e+00
57 0 +7.154795211e+00 -9.928452048e+02 -9.928452048e+02 -1.3893e+00 +2.7882e+00
67 0 +3.075255493e+00 -9.969247445e+02 -9.969247445e+02 -2.2666e+00 +4.6206e+00
69 0 +2.088917830e+00 -9.979110822e+02 -9.979110822e+02 -2.5113e+00 +4.4141e+00
92 0 +1.456510041e+00 -9.985434900e+02 -9.985434900e+02 -2.6501e+00 +3.6712e+00
93 0 +1.317082274e+00 -9.986829177e+02 -9.986829177e+02 -2.8419e+00 +4.4136e+00
97 0 +1.239788264e+00 -9.987602117e+02 -9.987602117e+02 -2.7460e+00 +4.0424e+00
103 0 +1.216339537e+00 -9.987836605e+02 -9.987836605e+02 -3.0584e+00 +4.6277e+00
119 0 +2.742334204e-01 -9.997257666e+02 -9.997257666e+02 -3.7173e+00 +3.3445e+00
153 0 +2.313849761e-02 -9.999768615e+02 -9.999768615e+02 -3.7197e+00 +3.7640e+00
211 0 +1.642426725e-02 -9.999835757e+02 -9.999835757e+02 -3.8527e+00 +3.9806e+00
229 0 +1.093613541e-02 -9.999890639e+02 -9.999890639e+02 -3.9036e+00 +3.9382e+00
236 0 +1.253261962e-03 -9.999987467e+02 -9.999987467e+02 -3.8179e+00 +3.8775e+00
237 0 +4.139237280e-04 -9.999995861e+02 -9.999995861e+02 -3.8602e+00 +3.8640e+00
241 0 +3.396972481e-04 -9.999996603e+02 -9.999996603e+02 -3.8390e+00 +3.8708e+00
280 0 +8.228427578e-05 -9.999999177e+02 -9.999999177e+02 -3.8351e+00 +3.8487e+00
287 0 +1.633780414e-05 -9.999999837e+02 -9.999999837e+02 -3.8460e+00 +3.8499e+00
338 0 +2.500017104e-06 -9.999999975e+02 -9.999999975e+02 -3.8441e+00 +3.8541e+00
351 0 +8.367688906e-07 -9.999999992e+02 -9.999999992e+02 -3.8432e+00 +3.8537e+00
367 0 +5.002879107e-07 -9.999999995e+02 -9.999999995e+02 -3.8432e+00 +3.8521e+00
373 0 +2.188717190e-07 -9.999999998e+02 -9.999999998e+02 -3.8433e+00 +3.8533e+00
388 0 +1.755794301e-07 -9.999999998e+02 -9.999999998e+02 -3.8435e+00 +3.8531e+00
391 0 +1.298427605e-07 -9.999999999e+02 -9.999999999e+02 -3.8432e+00 +3.8532e+00
403 0 +9.168616089e-08 -9.999999999e+02 -9.999999999e+02 -3.8435e+00 +3.8527e+00
414 0 +1.418709417e-08 -1.000000000e+03 -1.000000000e+03 -3.8432e+00 +3.8529e+00
421 0 +1.811486072e-09 -1.000000000e+03 -1.000000000e+03 -3.8432e+00 +3.8528e+00
595 0 +0.000000000e+00 -1.000000000e+03 -1.000000000e+03 -3.8432e+00 +3.8528e+00
% f evaluations | g evaluations | best noise-free fitness - Fopt (-2.531000000000e+01) + sum g_i+ | measured fitness | best measured fitness or single-digit g-values | x1 | x2...
1 0 +2.451324928e+01 -7.967507200e-01 -7.967507200e-01 +0.0000e+00 +0.0000e+00
2 0 +2.147605652e+01 -3.833943484e+00 -3.833943484e+00 +4.3379e-01 +3.0692e-02
8 0 +1.949374233e+01 -5.816257666e+00 -5.816257666e+00 +5.0839e-01 +2.5718e-01
18 0 +1.657777394e+01 -8.732226060e+00 -8.732226060e+00 +8.8993e-01 +3.8205e-01
22 0 +1.308169314e+01 -1.222830686e+01 -1.222830686e+01 +8.2942e-01 +1.0599e+00
27 0 +1.218131089e+01 -1.312868911e+01 -1.312868911e+01 +1.1267e+00 +9.4513e-01
28 0 +9.707289074e+00 -1.560271093e+01 -1.560271093e+01 +1.6294e+00 +1.0181e+00
38 0 +2.054298219e+00 -2.325570178e+01 -2.325570178e+01 +3.0602e+00 +2.1590e+00
44 0 +1.752376104e+00 -2.355762390e+01 -2.355762390e+01 +4.3828e+00 +2.5752e+00
47 0 +4.970946668e-01 -2.481290533e+01 -2.481290533e+01 +3.9245e+00 +2.9948e+00
67 0 +3.901080263e-01 -2.491989197e+01 -2.491989197e+01 +4.0326e+00 +3.2641e+00
68 0 +6.515971397e-02 -2.524484029e+01 -2.524484029e+01 +3.6958e+00 +3.6496e+00
91 0 +1.552554773e-02 -2.529447445e+01 -2.529447445e+01 +3.3885e+00 +3.4375e+00
100 0 +4.316640561e-04 -2.530956834e+01 -2.530956834e+01 +3.4570e+00 +3.5157e+00
181 0 +1.578663337e-04 -2.530984213e+01 -2.530984213e+01 +3.4602e+00 +3.5236e+00
186 0 +8.073905314e-05 -2.530991926e+01 -2.530991926e+01 +3.4599e+00 +3.5315e+00
229 0 +7.147088967e-05 -2.530992853e+01 -2.530992853e+01 +3.4760e+00 +3.5372e+00
236 0 +3.991799258e-05 -2.530996008e+01 -2.530996008e+01 +3.4747e+00 +3.5350e+00
237 0 +2.750591079e-07 -2.530999972e+01 -2.530999972e+01 +3.4692e+00 +3.5324e+00
352 0 +1.013731890e-07 -2.530999990e+01 -2.530999990e+01 +3.4686e+00 +3.5331e+00
380 0 +7.645972744e-08 -2.530999992e+01 -2.530999992e+01 +3.4688e+00 +3.5331e+00
388 0 +2.652991427e-08 -2.530999997e+01 -2.530999997e+01 +3.4688e+00 +3.5330e+00
392 0 +6.954362419e-09 -2.530999999e+01 -2.530999999e+01 +3.4689e+00 +3.5328e+00
649 0 +0.000000000e+00 -2.531000000e+01 -2.531000000e+01 +3.4688e+00 +3.5328e+00
% f evaluations | g evaluations | best noise-free fitness - Fopt (2.228000000000e+01) + sum g_i+ | measured fitness | best measured fitness or single-digit g-values | x1 | x2...
1 0 +5.153022080e+00 +2.743302208e+01 +2.743302208e+01 +0.0000e+00 +0.0000e+00
2 0 +4.225488565e+00 +2.650548856e+01 +2.650548856e+01 +4.3379e-01 +3.0692e-02
8 0 +3.941446094e+00 +2.622144609e+01 +2.622144609e+01 +5.0385e-01 -1.1789e-02
14 0 +2.893710591e+00 +2.517371059e+01 +2.517371059e+01 +7.0712e-01 -2.2898e-01
21 0 +2.597693373e+00 +2.487769337e+01 +2.487769337e+01 +7.9350e-01 -2.8879e-01
26 0 +1.875926621e+00 +2.415592662e+01 +2.415592662e+01 +1.3672e+00 -4.0792e-01
29 0 +1.694933151e+00 +2.397493315e+01 +2.397493315e+01 +1.7090e+00 -5.0906e-01
35 0 +9.106219630e-01 +2.319062196e+01 +2.319062196e+01 +2.2076e+00 -1.2486e+00
64 0 +8.289971260e-01 +2.310899713e+01 +2.310899713e+01 +2.2088e+00 -1.3349e+00
69 0 +7.903302558e-01 +2.307033026e+01 +2.307033026e+01 +2.1052e+00 -1.2192e+00
99 0 +7.546585022e-01 +2.303465850e+01 +2.303465850e+01 +1.9019e+00 -1.0589e+00
103 0 +7.339629107e-01 +2.301396291e+01 +2.301396291e+01 +1.6695e+00 -9.5945e-01
105 0 +5.647103281e-01 +2.284471033e+01 +2.284471033e+01 +1.9648e+00 -1.2669e+00
113 0 +4.343802911e-01 +2.271438029e+01 +2.271438029e+01 +1.5000e+00 -1.1235e+00
114 0 +2.269029324e-01 +2.250690293e+01 +2.250690293e+01 +1.3870e+00 -1.3012e+00
117 0 +1.133396954e-01 +2.239333970e+01 +2.239333970e+01 +1.6572e+00 -1.5452e+00
119 0 +7.487432006e-02 +2.235487432e+01 +2.235487432e+01 +1.2961e+00 -2.0243e+00
121 0 +4.140171550e-03 +2.228414017e+01 +2.228414017e+01 +1.4766e+00 -1.7848e+00
274 0 +3.959461359e-03 +2.228395946e+01 +2.228395946e+01 +1.3962e+00 -1.7161e+00
290 0 +3.744700401e-03 +2.228374470e+01 +2.228374470e+01 +1.3523e+00 -1.7674e+00
294 0 +6.215223770e-04 +2.228062152e+01 +2.228062152e+01 +1.3880e+00 -1.7790e+00
297 0 +1.083072447e-04 +2.228010831e+01 +2.228010831e+01 +1.4214e+00 -1.7709e+00
325 0 +8.656668384e-05 +2.228008657e+01 +2.228008657e+01 +1.4041e+00 -1.7736e+00
352 0 +2.651638897e-05 +2.228002652e+01 +2.228002652e+01 +1.4123e+00 -1.7717e+00
359 0 +2.101374161e-05 +2.228002101e+01 +2.228002101e+01 +1.4095e+00 -1.7800e+00
380 0 +1.597638107e-06 +2.228000160e+01 +2.228000160e+01 +1.4116e+00 -1.7770e+00
407 0 +4.342649902e-07 +2.228000043e+01 +2.228000043e+01 +1.4129e+00 -1.7775e+00
411 0 +3.308172651e-07 +2.228000033e+01 +2.228000033e+01 +1.4127e+00 -1.7774e+00
413 0 +5.631284949e-08 +2.228000006e+01 +2.228000006e+01 +1.4129e+00 -1.7770e+00
457 0 +5.260663016e-08 +2.228000005e+01 +2.228000005e+01 +1.4130e+00 -1.7767e+00
465 0 +1.201388145e-08 +2.228000001e+01 +2.228000001e+01 +1.4127e+00 -1.7767e+00
469 0 +8.225278236e-09 +2.228000001e+01 +2.228000001e+01 +1.4127e+00 -1.7769e+00
766 0 +0.000000000e+00 +2.228000000e+01 +2.228000000e+01 +1.4128e+00 -1.7768e+00
% f evaluations | g evaluations | best noise-free fitness - Fopt (3.561400000000e+02) + sum g_i+ | measured fitness | best measured fitness or single-digit g-values | x1 | x2...
1 0 +2.402345600e+00 +3.585423456e+02 +3.585423456e+02 +0.0000e+00 +0.0000e+00
2 0 +1.358398924e+00 +3.574983989e+02 +3.574983989e+02 +4.3379e-01 +3.0692e-02
8 0 +1.174337128e+00 +3.573143371e+02 +3.573143371e+02 +5.0385e-01 -1.1789e-02
14 0 +6.519223561e-01 +3.567919224e+02 +3.567919224e+02 +7.0712e-01 -2.2898e-01
18 0 +5.255954941e-01 +3.566655955e+02 +3.566655955e+02 +9.2517e-01 -3.3620e-02
21 0 +4.977886737e-01 +3.566377887e+02 +3.566377887e+02 +7.9350e-01 -2.8879e-01
23 0 +2.958004370e-01 +3.564358004e+02 +3.564358004e+02 +1.2071e+00 -4.2460e-02
26 0 +2.198828809e-02 +3.561619883e+02 +3.561619883e+02 +1.3672e+00 -4.0792e-01
31 0 +1.074895578e-02 +3.561507490e+02 +3.561507490e+02 +1.5381e+00 -4.5849e-01
61 0 +1.620068779e-03 +3.561416201e+02 +3.561416201e+02 +1.4478e+00 -4.8597e-01
98 0 +1.392340467e-03 +3.561413923e+02 +3.561413923e+02 +1.4590e+00 -5.6211e-01
115 0 +9.354678438e-04 +3.561409355e+02 +3.561409355e+02 +1.4690e+00 -4.9613e-01
117 0 +3.904163204e-04 +3.561403904e+02 +3.561403904e+02 +1.4747e+00 -5.3598e-01
127 0 +5.273121303e-05 +3.561400527e+02 +3.561400527e+02 +1.4513e+00 -5.2329e-01
153 0 +2.332793656e-07 +3.561400002e+02 +3.561400002e+02 +1.4588e+00 -5.2450e-01
199 0 +7.919430800e-08 +3.561400001e+02 +3.561400001e+02 +1.4581e+00 -5.2475e-01
242 0 +4.889562888e-08 +3.561400000e+02 +3.561400000e+02 +1.4584e+00 -5.2502e-01
283 0 +4.695760936e-08 +3.561400000e+02 +3.561400000e+02 +1.4585e+00 -5.2459e-01
287 0 +3.533000381e-08 +3.561400000e+02 +3.561400000e+02 +1.4583e+00 -5.2466e-01
294 0 +3.003947313e-09 +3.561400000e+02 +3.561400000e+02 +1.4584e+00 -5.2485e-01
557 0 +0.000000000e+00 +3.561400000e+02 +3.561400000e+02 +1.4584e+00 -5.2480e-01
% f evaluations | g evaluations | best noise-free fitness - Fopt (-4.757000000000e+02) + sum g_i+ | measured fitness | best measured fitness or single-digit g-values | x1 | x2...
1 0 +8.853721600e-01 -4.748146278e+02 -4.748146278e+02 +0.0000e+00 +0.0000e+00
5 0 +5.315769243e-01 -4.751684231e+02 -4.751684231e+02 -1.1375e-01 -3.0566e-01
9 0 +5.011212746e-01 -4.751988787e+02 -4.751988787e+02 -1.8089e-01 -1.6063e-01
11 0 +4.886720278e-01 -4.752113280e+02 -4.752113280e+02 -1.8993e-01 -1.6206e-01
15 0 +4.599441583e-01 -4.752400558e+02 -4.752400558e+02 -2.8887e-01 -3.4668e-02
16 0 +2.794849361e-01 -4.754205151e+02 -4.754205151e+02 -5.4091e-01 -1.1226e-03
17 0 +2.546629859e-01 -4.754453370e+02 -4.754453370e+02 -3.6284e-01 -2.5216e-01
19 0 +2.433924890e-01 -4.754566075e+02 -4.754566075e+02 -4.5187e-01 -1.2664e-01
20 0 +2.281689109e-01 -4.754718311e+02 -4.754718311e+02 -5.3914e-01 -6.4786e-02
21 0 +1.576591427e-01 -4.755423409e+02 -4.755423409e+02 -4.7658e-01 -2.6224e-01
32 0 +1.302324398e-01 -4.755697676e+02 -4.755697676e+02 -5.8426e-01 -1.7935e-01
33 0 +5.744889546e-02 -4.756425511e+02 -4.756425511e+02 -6.1236e-01 -3.4273e-01
41 0 +3.913554562e-02 -4.756608645e+02 -4.756608645e+02 -8.7835e-01 -2.5227e-01
45 0 +1.176688119e-02 -4.756882331e+02 -4.756882331e+02 -7.6337e-01 -5.2991e-01
46 0 +7.138285150e-04 -4.756992862e+02 -4.756992862e+02 -8.1179e-01 -4.2408e-01
97 0 +2.826185585e-05 -4.756999717e+02 -4.756999717e+02 -8.2431e-01 -4.4449e-01
109 0 +2.437494447e-05 -4.756999756e+02 -4.756999756e+02 -8.2874e-01 -4.4886e-01
169 0 +8.086418688e-06 -4.756999919e+02 -4.756999919e+02 -8.3001e-01 -4.4681e-01
187 0 +3.168962166e-06 -4.756999968e+02 -4.756999968e+02 -8.2783e-01 -4.4382e-01
201 0 +1.624772779e-06 -4.756999984e+02 -4.756999984e+02 -8.2914e-01 -4.4281e-01
223 0 +9.579738958e-07 -4.756999990e+02 -4.756999990e+02 -8.2947e-01 -4.4497e-01
280 0 +8.755915815e-07 -4.756999991e+02 -4.756999991e+02 -8.2894e-01 -4.4334e-01
286 0 +2.867162152e-07 -4.756999997e+02 -4.756999997e+02 -8.2956e-01 -4.4347e-01
290 0 +7.879003761e-08 -4.756999999e+02 -4.756999999e+02 -8.2943e-01 -4.4378e-01
299 0 +1.179904530e-08 -4.757000000e+02 -4.757000000e+02 -8.2971e-01 -4.4397e-01
319 0 +4.200501280e-09 -4.757000000e+02 -4.757000000e+02 -8.2959e-01 -4.4406e-01
544 0 +0.000000000e+00 -4.757000000e+02 -4.757000000e+02 -8.2960e-01 -4.4400e-01
% f evaluations | g evaluations | best noise-free fitness - Fopt (-1.000000000000e+03) + sum g_i+ | measured fitness | best measured fitness or single-digit g-values | x1 | x2...
1 0 +2.549127232e+01 -9.745087277e+02 -9.745087277e+02 +0.0000e+00 +0.0000e+00
3 0 +2.409766336e+01 -9.759023366e+02 -9.759023366e+02 +9.8026e-02 +3.4094e-01
9 0 +2.327950342e+01 -9.767204966e+02 -9.767204966e+02 -2.3771e-02 +3.2136e-01
15 0 +2.155927592e+01 -9.784407241e+02 -9.784407241e+02 -1.4001e-01 +4.6745e-01
16 0 +1.941327261e+01 -9.805867274e+02 -9.805867274e+02 -4.1467e-01 +5.0442e-01
22 0 +1.738268241e+01 -9.826173176e+02 -9.826173176e+02 -2.7915e-01 +1.0924e+00
32 0 +1.645978337e+01 -9.835402166e+02 -9.835402166e+02 -4.6329e-01 +1.0172e+00
41 0 +1.330612299e+01 -9.866938770e+02 -9.866938770e+02 -8.2841e-01 +1.2094e+00
52 0 +1.167145581e+01 -9.883285442e+02 -9.883285442e+02 -7.5780e-01 +1.7718e+00
56 0 +9.198061392e+00 -9.908019386e+02 -9.908019386e+02 -8.9197e-01 +2.4687e+00
57 0 +6.107417636e+00 -9.938925824e+02 -9.938925824e+02 -1.3893e+00 +2.7882e+00
79 0 +4.346131701e+00 -9.956538683e+02 -9.956538683e+02 -1.8598e+00 +4.0782e+00
85 0 +4.133836283e+00 -9.958661637e+02 -9.958661637e+02 -2.0227e+00 +4.3048e+00
114 0 +3.925572448e+00 -9.960744276e+02 -9.960744276e+02 -2.4954e+00 +4.8107e+00
118 0 +3.556125441e+00 -9.964438746e+02 -9.964438746e+02 -2.1502e+00 +4.2307e+00
135 0 +2.911938418e+00 -9.970880616e+02 -9.970880616e+02 -2.2352e+00 +3.9968e+00
174 0 +2.731081790e+00 -9.972689182e+02 -9.972689182e+02 -2.4732e+00 +4.3035e+00
177 0 +2.100207746e+00 -9.978997923e+02 -9.978997923e+02 -2.5012e+00 +3.9596e+00
188 0 +1.770042565e+00 -9.982299574e+02 -9.982299574e+02 -2.5882e+00 +3.8653e+00
189 0 +1.198294270e+00 -9.988017057e+02 -9.988017057e+02 -2.8684e+00 +3.8925e+00
193 0 +1.030390783e+00 -9.989696092e+02 -9.989696092e+02 -2.7875e+00 +3.3027e+00
195 0 +1.650491895e-01 -9.998349508e+02 -9.998349508e+02 -4.1425e+00 +3.0994e+00
205 0 +3.472760642e-02 -9.999652724e+02 -9.999652724e+02 -3.6322e+00 +3.3975e+00
297 0 +3.144353420e-04 -9.999996856e+02 -9.999996856e+02 -3.8182e+00 +3.3135e+00
394 0 +2.850185217e-05 -9.999999715e+02 -9.999999715e+02 -3.8031e+00 +3.3269e+00
429 0 +1.886941993e-05 -9.999999811e+02 -9.999999811e+02 -3.7986e+00 +3.3195e+00
430 0 +1.099681253e-05 -9.999999890e+02 -9.999999890e+02 -3.8054e+00 +3.3231e+00
433 0 +2.692838734e-07 -9.999999997e+02 -9.999999997e+02 -3.8020e+00 +3.3213e+00
484 0 +5.652395885e-09 -1.000000000e+03 -1.000000000e+03 -3.8024e+00 +3.3215e+00
679 0 +0.000000000e+00 -1.000000000e+03 -1.000000000e+03 -3.8024e+00 +3.3216e+00
% f evaluations | g evaluations | best noise-free fitness - Fopt (-4.158000000000e+01) + sum g_i+ | measured fitness | best measured fitness or single-digit g-values | x1 | x2...
1 0 +8.495593600e+00 -3.308440640e+01 -3.308440640e+01 +0.0000e+00 +0.0000e+00
2 0 +7.991130252e+00 -3.358886975e+01 -3.358886975e+01 +4.3379e-01 +3.0692e-02
3 0 +6.559021446e+00 -3.502097855e+01 -3.502097855e+01 +9.8026e-02 +3.4094e-01
8 0 +6.405353179e+00 -3.517464682e+01 -3.517464682e+01 +3.9854e-01 +3.2976e-01
12 0 +5.656566512e+00 -3.592343349e+01 -3.592343349e+01 +2.8148e-01 +4.9555e-01
15 0 +5.347157423e+00 -3.623284258e+01 -3.623284258e+01 +2.2684e-01 +5.7032e-01
20 0 +5.199162383e+00 -3.638083762e+01 -3.638083762e+01 -1.3421e-02 +6.5603e-01
22 0 +2.707901281e+00 -3.887209872e+01 -3.887209872e+01 +1.7774e-01 +1.2617e+00
32 0 +2.079508733e+00 -3.950049127e+01 -3.950049127e+01 +2.5348e-01 +1.4524e+00
38 0 +7.919249252e-01 -4.078807507e+01 -4.078807507e+01 +1.0229e+00 +2.0711e+00
47 0 +4.899939917e-01 -4.109000601e+01 -4.109000601e+01 +1.2969e+00 +2.8224e+00
49 0 +4.207374438e-01 -4.115926256e+01 -4.115926256e+01 +9.2051e-01 +2.2902e+00
52 0 +3.690659352e-02 -4.154309341e+01 -4.154309341e+01 +7.6395e-01 +2.7567e+00
62 0 +3.552088539e-02 -4.154447911e+01 -4.154447911e+01 +5.1163e-01 +3.0205e+00
69 0 +2.938447601e-02 -4.155061552e+01 -4.155061552e+01 +4.4240e-01 +2.7800e+00
97 0 +1.395599348e-02 -4.156604401e+01 -4.156604401e+01 +6.0842e-01 +2.9704e+00
101 0 +1.101619097e-02 -4.156898381e+01 -4.156898381e+01 +5.0540e-01 +2.8026e+00
109 0 +5.308261043e-03 -4.157469174e+01 -4.157469174e+01 +5.9126e-01 +2.9254e+00
121 0 +5.432506611e-05 -4.157994567e+01 -4.157994567e+01 +5.9153e-01 +2.8486e+00
187 0 +2.075687703e-05 -4.157997924e+01 -4.157997924e+01 +6.0209e-01 +2.8520e+00
205 0 +7.640739469e-06 -4.157999236e+01 -4.157999236e+01 +6.0036e-01 +2.8528e+00
229 0 +3.588881555e-06 -4.157999641e+01 -4.157999641e+01 +5.9612e-01 +2.8540e+00
236 0 +6.269685500e-07 -4.157999937e+01 -4.157999937e+01 +5.9831e-01 +2.8524e+00
241 0 +3.017986430e-07 -4.157999970e+01 -4.157999970e+01 +5.9746e-01 +2.8523e+00
278 0 +9.869166462e-08 -4.157999990e+01 -4.157999990e+01 +5.9741e-01 +2.8531e+00
319 0 +5.893031840e-08 -4.157999994e+01 -4.157999994e+01 +5.9741e-01 +2.8526e+00
320 0 +5.177227536e-10 -4.158000000e+01 -4.158000000e+01 +5.9761e-01 +2.8528e+00
583 0 +0.000000000e+00 -4.158000000e+01 -4.158000000e+01 +5.9760e-01 +2.8528e+00
