% f evaluations | g evaluations | best noise-free fitness - Fopt (7.948000000000e+01) + sum g_i+ | measured fitness | best measured fitness or single-digit g-values | x1 | x2...
1 0 +1.926270080e+00 +8.140627008e+01 +8.140627008e+01 +0.0000e+00 +0.0000e+00 +0.0000e+00
4 0 +1.559114590e+00 +8.103911459e+01 +8.103911459e+01 -1.1375e-01 -3.0566e-01 +1.1285e-01
7 0 +1.534280973e+00 +8.101428097e+01 +8.101428097e+01 +5.3256e-02 -2.3477e-01 +7.8699e-02
18 0 +1.231655507e+00 +8.071165551e+01 +8.071165551e+01 +1.4685e-01 -2.5757e-01 -8.2275e-02
31 0 +9.871505289e-01 +8.046715053e+01 +8.046715053e+01 +2.0094e-01 -3.2911e-01 -1.7684e-01
37 0 +8.381351958e-01 +8.031813520e+01 +8.031813520e+01 +6.6439e-02 -3.1849e-01 -4.0676e-01
47 0 +7.557833112e-01 +8.023578331e+01 +8.023578331e+01 +1.4992e-01 -3.6526e-01 -3.7954e-01
52 0 +5.431010618e-01 +8.002310106e+01 +8.002310106e+01 +1.5271e-01 -4.6684e-01 -4.8518e-01
59 0 +4.981816470e-01 +7.997818165e+01 +7.997818165e+01 +4.4664e-01 -4.8147e-01 -6.5661e-01
64 0 +4.830508439e-01 +7.996305084e+01 +7.996305084e+01 +1.7111e-01 -4.7526e-01 -8.3302e-01
66 0 +3.119176173e-01 +7.979191762e+01 +7.979191762e+01 +3.8429e-01 -6.6710e-01 -9.5813e-01
72 0 +2.777779787e-01 +7.975777798e+01 +7.975777798e+01 +4.0889e-01 -7.4407e-01 -1.0122e+00
76 0 +2.034184246e-01 +7.968341842e+01 +7.968341842e+01 +3.7057e-01 -1.0667e+00 -1.1499e+00
86 0 +1.809795701e-01 +7.966097957e+01 +7.966097957e+01 +2.2363e-01 -7.5448e-01 -5.8885e-01
96 0 +1.355533636e-01 +7.961555336e+01 +7.961555336e+01 +6.0723e-02 -1.1971e+00 -1.0355e+00
101 0 +8.071696565e-02 +7.956071697e+01 +7.956071697e+01 +8.0055e-03 -1.1577e+00 -8.6819e-01
105 0 +4.844588549e-02 +7.952844589e+01 +7.952844589e+01 +2.9317e-01 -1.3578e+00 -8.0417e-01
113 0 +2.618717232e-02 +7.950618717e+01 +7.950618717e+01 +4.1249e-01 -1.1817e+00 -7.3203e-01
135 0 +1.704813204e-02 +7.949704813e+01 +7.949704813e+01 +1.3386e-01 -1.1174e+00 -6.8728e-01
136 0 +1.193312088e-02 +7.949193312e+01 +7.949193312e+01 +3.3322e-01 -1.1914e+00 -6.5868e-01
143 0 +2.992653342e-03 +7.948299265e+01 +7.948299265e+01 +2.2317e-01 -1.2012e+00 -7.3607e-01
176 0 +2.066809280e-03 +7.948206681e+01 +7.948206681e+01 +2.4924e-01 -1.1304e+00 -7.6086e-01
195 0 +1.762426445e-03 +7.948176243e+01 +7.948176243e+01 +2.4407e-01 -1.1162e+00 -7.1802e-01
196 0 +8.338549323e-04 +7.948083385e+01 +7.948083385e+01 +2.5032e-01 -1.1284e+00 -7.1954e-01
199 0 +3.286393175e-04 +7.948032864e+01 +7.948032864e+01 +2.6797e-01 -1.1661e+00 -7.2761e-01
214 0 +2.863354266e-04 +7.948028634e+01 +7.948028634e+01 +2.3925e-01 -1.1488e+00 -7.3026e-01
228 0 +1.442591602e-04 +7.948014426e+01 +7.948014426e+01 +2.6289e-01 -1.1572e+00 -7.1750e-01
241 0 +3.748429251e-06 +7.948000375e+01 +7.948000375e+01 +2.5364e-01 -1.1557e+00 -7.2268e-01
278 0 +2.778245957e-06 +7.948000278e+01 +7.948000278e+01 +2.5388e-01 -1.1558e+00 -7.2473e-01
335 0 +2.686456995e-06 +7.948000269e+01 +7.948000269e+01 +2.5386e-01 -1.1569e+00 -7.2524e-01
350 0 +2.514129605e-06 +7.948000251e+01 +7.948000251e+01 +2.5429e-01 -1.1573e+00 -7.2405e-01
358 0 +2.755204775e-07 +7.948000028e+01 +7.948000028e+01 +2.5265e-01 -1.1563e+00 -7.2396e-01
368 0 +1.437045682e-08 +7.948000001e+01 +7.948000001e+01 +2.5286e-01 -1.1567e+00 -7.2402e-01
462 0 +6.853312584e-09 +7.948000001e+01 +7.948000001e+01 +2.5282e-01 -1.1568e+00 -7.2392e-01
842 0 +0.000000000e+00 +7.948000000e+01 +7.948000000e+01 +2.5280e-01 -1.1568e+00 -7.2400e-01
% f evaluations | g evaluations | best noise-free fitness - Fopt (3.944800000000e+02) + sum g_i+ | measured fitness | best measured fitness or single-digit g-values | x1 | x2...
1 0 +3.801018048e+01 +4.324901805e+02 +4.324901805e+02 +0.0000e+00 +0.0000e+00 +0.0000e+00
4 0 +3.633362472e+01 +4.308136247e+02 +4.308136247e+02 -1.1375e-01 -3.0566e-01 +1.1285e-01
10 0 +3.408992655e+01 +4.285699265e+02 +4.285699265e+02 -5.0132e-01 +4.1418e-02 -6.6868e-02
21 0 +3.215530529e+01 +4.266353053e+02 +4.266353053e+02 -8.6793e-01 +5.0023e-02 -1.7500e-02
23 0 +3.153880622e+01 +4.260188062e+02 +4.260188062e+02 -1.2261e+00 +4.2540e-01 -1.4140e-01
26 0 +3.088284743e+01 +4.253628474e+02 +4.253628474e+02 -6.6642e-01 -7.4410e-02 -2.6583e-01
30 0 +2.840118169e+01 +4.228811817e+02 +4.228811817e+02 -1.1905e+00 +3.5658e-01 -5.5813e-01
35 0 +2.800469934e+01 +4.224846993e+02 +4.224846993e+02 -1.3276e+00 +2.2535e-01 -3.8362e-01
37 0 +1.858060828e+01 +4.130606083e+02 +4.130606083e+02 -2.0340e+00 +7.7954e-02 -1.2937e+00
47 0 +1.764904921e+01 +4.121290492e+02 +4.121290492e+02 -4.1219e+00 +1.0091e+00 -2.2556e+00
59 0 +1.711166439e+01 +4.115916644e+02 +4.115916644e+02 -4.0632e+00 +1.1219e+00 -2.8095e+00
66 0 +1.403342859e+01 +4.085134286e+02 +4.085134286e+02 -3.7069e+00 +5.9974e-01 -2.4549e+00
99 0 +1.296089489e+01 +4.074408949e+02 +4.074408949e+02 -3.2281e+00 +3.1318e-01 -2.3028e+00
109 0 +8.934442485e+00 +4.034144425e+02 +4.034144425e+02 -2.6943e+00 -6.5875e-01 -2.2199e+00
123 0 +6.235384159e+00 +4.007153842e+02 +4.007153842e+02 -5.3826e+00 -9.0944e-01 -4.1314e+00
127 0 +1.362249300e+00 +3.958422493e+02 +3.958422493e+02 -4.2392e+00 -1.9381e+00 -3.2199e+00
162 0 +1.326738069e+00 +3.958067381e+02 +3.958067381e+02 -4.7298e+00 -2.2040e+00 -3.3971e+00
170 0 +8.315361127e-01 +3.953115361e+02 +3.953115361e+02 -4.8046e+00 -2.9471e+00 -3.8873e+00
172 0 +4.414392051e-01 +3.949214392e+02 +3.949214392e+02 -3.7448e+00 -3.3753e+00 -3.3750e+00
199 0 +2.252431376e-01 +3.947052431e+02 +3.947052431e+02 -3.8651e+00 -3.1982e+00 -3.4427e+00
211 0 +4.837804264e-02 +3.945283780e+02 +3.945283780e+02 -3.7936e+00 -2.7161e+00 -3.7188e+00
213 0 +1.816988175e-02 +3.944981699e+02 +3.944981699e+02 -3.7973e+00 -2.9731e+00 -3.7691e+00
332 0 +7.553314753e-03 +3.944875533e+02 +3.944875533e+02 -3.8651e+00 -2.9597e+00 -3.8429e+00
335 0 +5.994851875e-03 +3.944859949e+02 +3.944859949e+02 -3.8636e+00 -2.9206e+00 -3.8646e+00
345 0 +5.269634666e-03 +3.944852696e+02 +3.944852696e+02 -3.9261e+00 -2.9225e+00 -3.7435e+00
358 0 +3.374310079e-03 +3.944833743e+02 +3.944833743e+02 -3.9192e+00 -2.8396e+00 -3.7834e+00
368 0 +1.522033200e-03 +3.944815220e+02 +3.944815220e+02 -3.9278e+00 -2.9149e+00 -3.8098e+00
397 0 +1.056595170e-03 +3.944810566e+02 +3.944810566e+02 -3.8899e+00 -2.9099e+00 -3.8270e+00
404 0 +5.714446929e-04 +3.944805714e+02 +3.944805714e+02 -3.9002e+00 -2.9091e+00 -3.8172e+00
418 0 +3.696350972e-04 +3.944803696e+02 +3.944803696e+02 -3.9055e+00 -2.9079e+00 -3.8062e+00
421 0 +2.874047197e-04 +3.944802874e+02 +3.944802874e+02 -3.9039e+00 -2.9053e+00 -3.8083e+00
425 0 +5.787264553e-05 +3.944800579e+02 +3.944800579e+02 -3.8948e+00 -2.8887e+00 -3.8089e+00
462 0 +2.442176208e-05 +3.944800244e+02 +3.944800244e+02 -3.8957e+00 -2.8889e+00 -3.8062e+00
476 0 +1.387049400e-05 +3.944800139e+02 +3.944800139e+02 -3.8999e+00 -2.8913e+00 -3.7991e+00
506 0 +6.420692159e-06 +3.944800064e+02 +3.944800064e+02 -3.8991e+00 -2.8897e+00 -3.8001e+00
514 0 +2.106725503e-06 +3.944800021e+02 +3.944800021e+02 -3.8974e+00 -2.8915e+00 -3.8023e+00
531 0 +1.723123660e-06 +3.944800017e+02 +3.944800017e+02 -3.8979e+00 -2.8894e+00 -3.8018e+00
543 0 +5.689184377e-07 +3.944800006e+02 +3.944800006e+02 -3.8978e+00 -2.8907e+00 -3.8021e+00
557 0 +4.706160439e-07 +3.944800005e+02 +3.944800005e+02 -3.8989e+00 -2.8908e+00 -3.8022e+00
560 0 +1.406896217e-07 +3.944800001e+02 +3.944800001e+02 -3.8987e+00 -2.8906e+00 -3.8023e+00
563 0 +2.280927447e-08 +3.944800000e+02 +3.944800000e+02 -3.8985e+00 -2.8905e+00 -3.8023e+00
579 0 +1.968180641e-08 +3.944800000e+02 +3.944800000e+02 -3.8985e+00 -2.8905e+00 -3.8024e+00
608 0 +1.384131565e-08 +3.944800000e+02 +3.944800000e+02 -3.8985e+00 -2.8904e+00 -3.8024e+00
648 0 +1.232888280e-08 +3.944800000e+02 +3.944800000e+02 -3.8983e+00 -2.8904e+00 -3.8024e+00
660 0 +8.475126378e-09 +3.944800000e+02 +3.944800000e+02 -3.8985e+00 -2.8904e+00 -3.8024e+00
981 0 +0.000000000e+00 +3.944800000e+02 +3.944800000e+02 -3.8984e+00 -2.8904e+00 -3.8024e+00
% f evaluations | g evaluations | best noise-free fitness - Fopt (-2.471100000000e+02) + sum g_i+ | measured fitness | best measured fitness or single-digit g-values | x1 | x2...
1 0 +1.494689024e+01 -2.321631098e+02 -2.321631098e+02 +0.0000e+00 +0.0000e+00 +0.0000e+00
4 0 +1.448207504e+01 -2.326279250e+02 -2.326279250e+02 -1.1375e-01 -3.0566e-01 +1.1285e-01
5 0 +1.385606337e+01 -2.332539366e+02 -2.332539366e+02 -1.5359e-01 +2.4817e-01 +6.3376e-02
6 0 +1.361151183e+01 -2.334984882e+02 -2.334984882e+02 -2.2359e-01 +8.0318e-02 +2.1275e-01
9 0 +1.266185705e+01 -2.344481430e+02 -2.344481430e+02 -3.9071e-01 -1.1239e-01 +2.8342e-01
10 0 +1.078919906e+01 -2.363208009e+02 -2.363208009e+02 -5.7487e-01 +1.9903e-01 -6.0323e-02
21 0 +8.195767550e+00 -2.389142325e+02 -2.389142325e+02 -1.0229e+00 +3.6995e-01 -9.6316e-03
23 0 +5.119137394e+00 -2.419908626e+02 -2.419908626e+02 -1.8353e+00 +1.1115e+00 -2.7548e-02
30 0 +3.695380737e+00 -2.434146193e+02 -2.434146193e+02 -2.4798e+00 +1.5919e+00 -5.2299e-01
35 0 +2.844021331e+00 -2.442659787e+02 -2.442659787e+02 -2.7252e+00 +1.4355e+00 -2.7461e-01
43 0 +1.221137990e+00 -2.458888620e+02 -2.458888620e+02 -3.1792e+00 +1.0069e+00 -2.5336e-01
67 0 +8.031022451e-01 -2.463068978e+02 -2.463068978e+02 -3.2264e+00 +7.3042e-01 -1.1361e+00
79 0 +4.969410196e-01 -2.466130590e+02 -2.466130590e+02 -3.5397e+00 +8.2634e-01 -4.8690e-01
109 0 +3.956521121e-01 -2.467143479e+02 -2.467143479e+02 -3.4660e+00 +7.2719e-01 -7.9419e-01
161 0 +3.867522755e-01 -2.467232477e+02 -2.467232477e+02 -3.5924e+00 +7.8355e-01 -7.7792e-01
163 0 +3.074208027e-01 -2.468025792e+02 -2.468025792e+02 -3.4552e+00 +6.2319e-01 -8.0637e-01
181 0 +2.827854776e-01 -2.468272145e+02 -2.468272145e+02 -3.4821e+00 +5.5104e-01 -9.3970e-01
189 0 +2.412724646e-01 -2.468687275e+02 -2.468687275e+02 -3.5372e+00 +5.2942e-01 -9.4934e-01
229 0 +2.357423338e-01 -2.468742577e+02 -2.468742577e+02 -3.6198e+00 +4.4024e-01 -1.0755e+00
237 0 +2.293842219e-01 -2.468806158e+02 -2.468806158e+02 -3.7168e+00 +4.8659e-01 -1.0686e+00
240 0 +2.037495955e-01 -2.469062504e+02 -2.469062504e+02 -3.6724e+00 +4.6879e-01 -1.0337e+00
253 0 +1.968892823e-01 -2.469131107e+02 -2.469131107e+02 -3.5924e+00 +4.4931e-01 -9.9763e-01
284 0 +1.905774335e-01 -2.469194226e+02 -2.469194226e+02 -3.5511e+00 +3.8543e-01 -1.0014e+00
291 0 +1.730664659e-01 -2.469369335e+02 -2.469369335e+02 -3.5478e+00 +3.5800e-01 -9.8501e-01
301 0 +1.638821212e-01 -2.469461179e+02 -2.469461179e+02 -3.5386e+00 +3.5920e-01 -9.5958e-01
305 0 +1.591957940e-01 -2.469508042e+02 -2.469508042e+02 -3.5080e+00 +3.4984e-01 -9.2221e-01
312 0 +1.324302624e-01 -2.469775697e+02 -2.469775697e+02 -3.6000e+00 +3.5299e-01 -9.5700e-01
315 0 +1.236601699e-01 -2.469863398e+02 -2.469863398e+02 -3.5588e+00 +3.8647e-01 -8.7198e-01
317 0 +1.117816502e-01 -2.469982183e+02 -2.469982183e+02 -3.5499e+00 +3.0342e-01 -8.9117e-01
322 0 +1.041834437e-01 -2.470058166e+02 -2.470058166e+02 -3.5403e+00 +2.1024e-01 -8.8484e-01
325 0 +9.988590419e-02 -2.470101141e+02 -2.470101141e+02 -3.4961e+00 +1.6901e-01 -7.7690e-01
327 0 +9.570665171e-02 -2.470142933e+02 -2.470142933e+02 -3.5245e+00 +2.3206e-01 -8.3217e-01
332 0 +6.510409844e-02 -2.470448959e+02 -2.470448959e+02 -3.5882e+00 +1.3326e-01 -8.1775e-01
335 0 +6.214756740e-02 -2.470478524e+02 -2.470478524e+02 -3.6093e+00 +2.1065e-01 -8.5344e-01
339 0 +2.787156684e-02 -2.470821284e+02 -2.470821284e+02 -3.7425e+00 +2.7086e-01 -8.3322e-01
342 0 +2.176952771e-02 -2.470882305e+02 -2.470882305e+02 -3.8156e+00 +2.1819e-01 -8.3697e-01
358 0 +9.344205771e-03 -2.471006558e+02 -2.471006558e+02 -3.7719e+00 +1.2203e-01 -7.3651e-01
426 0 +5.465993000e-03 -2.471045340e+02 -2.471045340e+02 -3.7843e+00 +1.7365e-01 -7.5748e-01
430 0 +1.504627841e-03 -2.471084954e+02 -2.471084954e+02 -3.8030e+00 +2.0710e-01 -7.2951e-01
474 0 +2.553070478e-04 -2.471097447e+02 -2.471097447e+02 -3.7855e+00 +1.9432e-01 -6.9442e-01
486 0 +1.002806455e-04 -2.471098997e+02 -2.471098997e+02 -3.7903e+00 +2.0478e-01 -6.9681e-01
543 0 +6.650832296e-05 -2.471099335e+02 -2.471099335e+02 -3.7922e+00 +2.0379e-01 -6.9644e-01
551 0 +4.794404487e-05 -2.471099521e+02 -2.471099521e+02 -3.8032e+00 +2.0644e-01 -6.9499e-01
563 0 +2.253014628e-06 -2.471099977e+02 -2.471099977e+02 -3.7997e+00 +2.0380e-01 -6.9154e-01
627 0 +1.499853909e-06 -2.471099985e+02 -2.471099985e+02 -3.7980e+00 +2.0343e-01 -6.9007e-01
660 0 +8.388762183e-07 -2.471099992e+02 -2.471099992e+02 -3.7988e+00 +2.0238e-01 -6.9138e-01
664 0 +7.894906560e-07 -2.471099992e+02 -2.471099992e+02 -3.7991e+00 +2.0271e-01 -6.9095e-01
683 0 +4.419371464e-07 -2.471099996e+02 -2.471099996e+02 -3.7990e+00 +2.0348e-01 -6.9124e-01
691 0 +3.862638778e-07 -2.471099996e+02 -2.471099996e+02 -3.7986e+00 +2.0297e-01 -6.9173e-01
696 0 +1.929673203e-07 -2.471099998e+02 -2.471099998e+02 -3.7986e+00 +2.0283e-01 -6.9111e-01
705 0 +3.880390409e-08 -2.471100000e+02 -2.471100000e+02 -3.7984e+00 +2.0338e-01 -6.9111e-01
737 0 +3.406370297e-08 -2.471100000e+02 -2.471100000e+02 -3.7985e+00 +2.0323e-01 -6.9104e-01
749 0 +1.866274602e-08 -2.471100000e+02 -2.471100000e+02 -3.7984e+00 +2.0309e-01 -6.9128e-01
761 0 +1.771732627e-08 -2.471100000e+02 -2.471100000e+02 -3.7985e+00 +2.0313e-01 -6.9130e-01
769 0 +1.068787014e-08 -2.471100000e+02 -2.471100000e+02 -3.7984e+00 +2.0314e-01 -6.9128e-01
800 0 +6.663640306e-09 -2.471100000e+02 -2.471100000e+02 -3.7984e+00 +2.0322e-01 -6.9128e-01
1103 0 +0.000000000e+00 -2.471100000e+02 -2.471100000e+02 -3.7984e+00 +2.0320e-01 -6.9120e-01
% f evaluations | g evaluations | best noise-free fitness - Fopt (-1.520400000000e+02) + sum g_i+ | measured fitness | best measured fitness or single-digit g-values | x1 | x2...
1 0 +1.750322688e+01 -1.345367731e+02 -1.345367731e+02 +0.0000e+00 +0.0000e+00 +0.0000e+00
5 0 +1.730103330e+01 -1.347389667e+02 -1.347389667e+02 -1.5359e-01 +2.4817e-01 +6.3376e-02
10 0 +1.566222679e+01 -1.363777732e+02 -1.363777732e+02 -2.6375e-01 +3.5559e-01 -1.1419e-01
17 0 +1.345587767e+01 -1.385841223e+02 -1.385841223e+02 +2.2988e-02 +7.8078e-01 -3.2509e-01
23 0 +1.288781803e+01 -1.391521820e+02 -1.391521820e+02 -8.5907e-01 +1.1712e+00 -3.9300e-01
25 0 +1.251383881e+01 -1.395261612e+02 -1.395261612e+02 -6.0978e-01 +9.4161e-01 -4.3714e-01
29 0 +1.137327365e+01 -1.406667263e+02 -1.406667263e+02 -4.9743e-01 +8.2384e-01 -6.1420e-01
30 0 +9.566180963e+00 -1.424738190e+02 -1.424738190e+02 -8.3768e-01 +1.1392e+00 -8.9831e-01
32 0 +8.540155566e+00 -1.434998444e+02 -1.434998444e+02 -5.0377e-01 +1.4409e+00 -1.0121e+00
37 0 +4.707488865e+00 -1.473325111e+02 -1.473325111e+02 -1.4179e+00 +1.3536e+00 -2.0868e+00
66 0 +3.058214525e+00 -1.489817855e+02 -1.489817855e+02 -1.4652e+00 +2.3758e+00 -3.0780e+00
105 0 +2.526961084e+00 -1.495130389e+02 -1.495130389e+02 -1.5274e+00 +1.7824e+00 -3.0246e+00
109 0 +1.713554534e+00 -1.503264455e+02 -1.503264455e+02 -9.8963e-01 +1.2343e+00 -2.8498e+00
136 0 +1.324322346e+00 -1.507156777e+02 -1.507156777e+02 -9.2533e-01 +1.8089e+00 -3.0628e+00
154 0 +8.610306028e-01 -1.511789694e+02 -1.511789694e+02 -8.7925e-01 +1.4908e+00 -3.2306e+00
167 0 +7.982750741e-01 -1.512417249e+02 -1.512417249e+02 -9.7649e-01 +1.3345e+00 -3.3889e+00
170 0 +5.914351836e-01 -1.514485648e+02 -1.514485648e+02 -1.0135e+00 +1.2761e+00 -3.8126e+00
172 0 +4.914650500e-01 -1.515485350e+02 -1.515485350e+02 -6.6301e-01 +9.3723e-01 -3.6120e+00
177 0 +3.551779486e-01 -1.516848221e+02 -1.516848221e+02 -6.0614e-01 +9.4630e-01 -3.8148e+00
185 0 +1.118805913e-01 -1.519281194e+02 -1.519281194e+02 -5.8515e-01 +1.5276e+00 -3.9176e+00
198 0 +1.604643930e-03 -1.520383954e+02 -1.520383954e+02 -2.9533e-01 +1.4522e+00 -3.9292e+00
289 0 +3.719595839e-04 -1.520396280e+02 -1.520396280e+02 -2.4908e-01 +1.4304e+00 -3.9262e+00
332 0 +1.986737741e-04 -1.520398013e+02 -1.520398013e+02 -2.6467e-01 +1.4378e+00 -3.9239e+00
368 0 +6.957981844e-05 -1.520399304e+02 -1.520399304e+02 -2.6654e-01 +1.4277e+00 -3.9174e+00
397 0 +5.950946857e-05 -1.520399405e+02 -1.520399405e+02 -2.6102e-01 +1.4194e+00 -3.9243e+00
418 0 +2.935473805e-05 -1.520399706e+02 -1.520399706e+02 -2.6572e-01 +1.4199e+00 -3.9215e+00
421 0 +2.029897306e-05 -1.520399797e+02 -1.520399797e+02 -2.6554e-01 +1.4205e+00 -3.9225e+00
425 0 +1.638856560e-06 -1.520399984e+02 -1.520399984e+02 -2.6732e-01 +1.4252e+00 -3.9252e+00
480 0 +7.192550413e-07 -1.520399993e+02 -1.520399993e+02 -2.6727e-01 +1.4243e+00 -3.9240e+00
512 0 +2.559671088e-07 -1.520399997e+02 -1.520399997e+02 -2.6719e-01 +1.4240e+00 -3.9243e+00
521 0 +5.722088758e-08 -1.520399999e+02 -1.520399999e+02 -2.6708e-01 +1.4242e+00 -3.9249e+00
524 0 +3.540915827e-08 -1.520400000e+02 -1.520400000e+02 -2.6724e-01 +1.4238e+00 -3.9247e+00
551 0 +3.177407848e-08 -1.520400000e+02 -1.520400000e+02 -2.6735e-01 +1.4239e+00 -3.9248e+00
571 0 +2.541474942e-08 -1.520400000e+02 -1.520400000e+02 -2.6734e-01 +1.4241e+00 -3.9248e+00
590 0 +1.730995791e-08 -1.520400000e+02 -1.520400000e+02 -2.6726e-01 +1.4239e+00 -3.9248e+00
603 0 +1.682050765e-08 -1.520400000e+02 -1.520400000e+02 -2.6731e-01 +1.4239e+00 -3.9248e+00
607 0 +1.276450234e-08 -1.520400000e+02 -1.520400000e+02 -2.6724e-01 +1.4239e+00 -3.9247e+00
611 0 +6.178169087e-09 -1.520400000e+02 -1.520400000e+02 -2.6723e-01 +1.4240e+00 -3.9247e+00
867 0 +0.000000000e+00 -1.520400000e+02 -1.520400000e+02 -2.6720e-01 +1.4240e+00 -3.9248e+00
% f evaluations | g evaluations | best noise-free fitness - Fopt (-2.525000000000e+01) + sum g_i+ | measured fitness | best measured fitness or single-digit g-values | x1 | x2...
1 0 +1.548831296e+01 -9.761687040e+00 -9.761687040e+00 +0.0000e+00 +0.0000e+00 +0.0000e+00
2 0 +1.279098063e+01 -1.245901937e+01 -1.245901937e+01 +4.3379e-01 +3.0692e-02 +9.8026e-02
14 0 +1.207665853e+01 -1.317334147e+01 -1.317334147e+01 +5.8775e-01 +3.1899e-01 +2.5651e-01
15 0 +1.143900062e+01 -1.381099938e+01 -1.381099938e+01 +5.3383e-01 +3.5550e-01 -5.3797e-02
22 0 +9.593528835e+00 -1.565647116e+01 -1.565647116e+01 +1.1134e+00 +6.3628e-01 +4.0553e-01
28 0 +8.875205234e+00 -1.637479477e+01 -1.637479477e+01 +1.3126e+00 +2.9964e-01 +4.3967e-01
32 0 +8.247481534e+00 -1.700251847e+01 -1.700251847e+01 +1.1316e+00 +6.5325e-01 +2.1561e-02
36 0 +7.027579373e+00 -1.822242063e+01 -1.822242063e+01 +1.3990e+00 +4.1001e-01 +1.6767e-02
39 0 +5.315263995e+00 -1.993473601e+01 -1.993473601e+01 +2.0913e+00 +4.5998e-01 +3.0021e-01
44 0 +4.582302623e+00 -2.066769738e+01 -2.066769738e+01 +3.2025e+00 +1.0800e+00 +6.3138e-01
59 0 +3.085437966e+00 -2.216456203e+01 -2.216456203e+01 +3.8196e+00 +1.1744e+00 +2.3749e-01
66 0 +2.901680934e+00 -2.234831907e+01 -2.234831907e+01 +2.9396e+00 +6.1389e-01 +1.4233e-01
99 0 +2.207923274e+00 -2.304207673e+01 -2.304207673e+01 +3.1356e+00 +1.1815e+00 -1.2536e-01
123 0 +1.907957082e+00 -2.334204292e+01 -2.334204292e+01 +3.1350e+00 +5.8604e-01 -1.2711e-01
133 0 +1.488123187e+00 -2.376187681e+01 -2.376187681e+01 +2.8631e+00 +3.4622e-01 -5.0501e-01
140 0 +5.892230883e-01 -2.466077691e+01 -2.466077691e+01 +3.7179e+00 +9.5090e-01 -7.2962e-01
154 0 +4.821189700e-01 -2.476788103e+01 -2.476788103e+01 +3.7533e+00 +4.9182e-01 -7.5657e-01
156 0 +3.753082878e-01 -2.487469171e+01 -2.487469171e+01 +3.3058e+00 +4.2824e-01 -9.3452e-01
167 0 +3.270251238e-01 -2.492297488e+01 -2.492297488e+01 +3.4844e+00 +2.6862e-01 -1.0024e+00
168 0 +2.091529821e-01 -2.504084702e+01 -2.504084702e+01 +3.5936e+00 +4.6156e-01 -9.9902e-01
175 0 +1.904505472e-02 -2.523095495e+01 -2.523095495e+01 +3.5258e+00 +5.3401e-01 -1.3908e+00
229 0 +7.154207793e-03 -2.524284579e+01 -2.524284579e+01 +3.5678e+00 +5.7158e-01 -1.4521e+00
245 0 +3.523935480e-03 -2.524647606e+01 -2.524647606e+01 +3.6732e+00 +6.2745e-01 -1.4237e+00
265 0 +2.502166695e-04 -2.524974978e+01 -2.524974978e+01 +3.6160e+00 +6.2435e-01 -1.4330e+00
318 0 +9.803589120e-05 -2.524990196e+01 -2.524990196e+01 +3.6083e+00 +6.2884e-01 -1.4171e+00
329 0 +8.189516102e-05 -2.524991810e+01 -2.524991810e+01 +3.6163e+00 +6.3410e-01 -1.4128e+00
344 0 +7.733742214e-05 -2.524992266e+01 -2.524992266e+01 +3.6208e+00 +6.3952e-01 -1.4175e+00
349 0 +6.092886508e-05 -2.524993907e+01 -2.524993907e+01 +3.6118e+00 +6.3449e-01 -1.4289e+00
352 0 +1.230589981e-05 -2.524998769e+01 -2.524998769e+01 +3.6150e+00 +6.3216e-01 -1.4200e+00
355 0 +2.818392478e-06 -2.524999718e+01 -2.524999718e+01 +3.6135e+00 +6.3490e-01 -1.4202e+00
397 0 +2.021078600e-06 -2.524999798e+01 -2.524999798e+01 +3.6151e+00 +6.3412e-01 -1.4222e+00
404 0 +1.008886716e-06 -2.524999899e+01 -2.524999899e+01 +3.6143e+00 +6.3420e-01 -1.4216e+00
425 0 +6.559892185e-08 -2.524999993e+01 -2.524999993e+01 +3.6145e+00 +6.3509e-01 -1.4214e+00
464 0 +4.998759451e-08 -2.524999995e+01 -2.524999995e+01 +3.6144e+00 +6.3540e-01 -1.4215e+00
472 0 +4.511404583e-08 -2.524999995e+01 -2.524999995e+01 +3.6142e+00 +6.3516e-01 -1.4216e+00
506 0 +2.984363690e-08 -2.524999997e+01 -2.524999997e+01 +3.6144e+00 +6.3529e-01 -1.4215e+00
512 0 +2.392018317e-08 -2.524999998e+01 -2.524999998e+01 +3.6144e+00 +6.3535e-01 -1.4216e+00
519 0 +2.147027800e-08 -2.524999998e+01 -2.524999998e+01 +3.6143e+00 +6.3527e-01 -1.4216e+00
521 0 +1.761738844e-08 -2.524999998e+01 -2.524999998e+01 +3.6145e+00 +6.3526e-01 -1.4217e+00
523 0 +1.073374634e-08 -2.524999999e+01 -2.524999999e+01 +3.6143e+00 +6.3516e-01 -1.4216e+00
524 0 +8.384738237e-09 -2.524999999e+01 -2.524999999e+01 +3.6144e+00 +6.3516e-01 -1.4217e+00
890 0 +0.000000000e+00 -2.525000000e+01 -2.525000000e+01 +3.6144e+00 +6.3520e-01 -1.4216e+00
% f evaluations | g evaluations | best noise-free fitness - Fopt (1.830100000000e+02) + sum g_i+ | measured fitness | best measured fitness or single-digit g-values | x1 | x2...
1 0 +2.232625024e+01 +2.053362502e+02 +2.053362502e+02 +0.0000e+00 +0.0000e+00 +0.0000e+00
5 0 +2.058057077e+01 +2.035905708e+02 +2.035905708e+02 -1.5359e-01 +2.4817e-01 +6.3376e-02
10 0 +1.789316114e+01 +2.009031611e+02 +2.009031611e+02 -5.1855e-01 +3.9422e-01 -3.4474e-02
17 0 +1.537385364e+01 +1.983838536e+02 +1.983838536e+02 -2.9453e-01 +8.0888e-01 -2.5991e-01
21 0 +1.502566582e+01 +1.980356658e+02 +1.980356658e+02 -7.8685e-01 +7.0050e-01 -1.2574e-01
23 0 +9.592562961e+00 +1.926025630e+02 +1.926025630e+02 -1.5132e+00 +1.6408e+00 -1.9380e-01
30 0 +4.870058461e+00 +1.878800585e+02 +1.878800585e+02 -2.1227e+00 +2.3130e+00 -7.9156e-01
32 0 +4.265127718e+00 +1.872751277e+02 +1.872751277e+02 -1.6080e+00 +2.5693e+00 -9.2812e-01
44 0 +1.998217824e+00 +1.850082178e+02 +1.850082178e+02 -2.0884e+00 +3.0784e+00 -1.4394e+00
59 0 +1.620903042e+00 +1.846309030e+02 +1.846309030e+02 -2.7198e+00 +2.6185e+00 -1.8297e+00
72 0 +1.206687907e+00 +1.842166879e+02 +1.842166879e+02 -2.8988e+00 +3.1790e+00 -2.0652e+00
95 0 +8.070896812e-01 +1.838170897e+02 +1.838170897e+02 -2.8529e+00 +3.3943e+00 -2.3955e+00
104 0 +6.551809525e-01 +1.836651810e+02 +1.836651810e+02 -2.5151e+00 +3.2230e+00 -2.1469e+00
123 0 +5.418883934e-01 +1.835518884e+02 +1.835518884e+02 -2.4983e+00 +2.8777e+00 -2.2522e+00
163 0 +4.997505765e-01 +1.835097506e+02 +1.835097506e+02 -2.4775e+00 +2.7924e+00 -2.3167e+00
167 0 +4.893476240e-01 +1.834993476e+02 +1.834993476e+02 -2.6504e+00 +3.1517e+00 -2.3804e+00
169 0 +3.995931118e-01 +1.834095931e+02 +1.834095931e+02 -2.6456e+00 +3.0161e+00 -2.4883e+00
170 0 +3.169242885e-01 +1.833269243e+02 +1.833269243e+02 -2.5882e+00 +2.9735e+00 -2.5428e+00
177 0 +2.736269466e-01 +1.832836269e+02 +1.832836269e+02 -2.2350e+00 +2.6875e+00 -2.5502e+00
179 0 +2.498779659e-01 +1.832598780e+02 +1.832598780e+02 -2.6087e+00 +3.0536e+00 -2.6971e+00
185 0 +1.809263025e-01 +1.831909263e+02 +1.831909263e+02 -2.2652e+00 +2.9929e+00 -2.4620e+00
198 0 +4.127072048e-02 +1.830512707e+02 +1.830512707e+02 -2.1869e+00 +2.9186e+00 -2.7841e+00
222 0 +2.926603532e-02 +1.830392660e+02 +1.830392660e+02 -2.1019e+00 +3.0541e+00 -3.0123e+00
228 0 +6.736966858e-03 +1.830167370e+02 +1.830167370e+02 -2.0617e+00 +3.1305e+00 -2.8304e+00
266 0 +3.766049641e-03 +1.830137660e+02 +1.830137660e+02 -2.1627e+00 +3.0880e+00 -2.9051e+00
278 0 +1.017378556e-03 +1.830110174e+02 +1.830110174e+02 -2.1472e+00 +3.1192e+00 -2.8268e+00
318 0 +3.207813305e-04 +1.830103208e+02 +1.830103208e+02 -2.1464e+00 +3.0892e+00 -2.8482e+00
350 0 +1.174554131e-04 +1.830101175e+02 +1.830101175e+02 -2.1327e+00 +3.0935e+00 -2.8484e+00
357 0 +1.708952706e-05 +1.830100171e+02 +1.830100171e+02 -2.1348e+00 +3.1041e+00 -2.8559e+00
382 0 +1.306833468e-06 +1.830100013e+02 +1.830100013e+02 -2.1363e+00 +3.1041e+00 -2.8526e+00
457 0 +1.170113819e-06 +1.830100012e+02 +1.830100012e+02 -2.1358e+00 +3.1022e+00 -2.8525e+00
472 0 +2.804255814e-07 +1.830100003e+02 +1.830100003e+02 -2.1362e+00 +3.1034e+00 -2.8524e+00
474 0 +1.180249569e-07 +1.830100001e+02 +1.830100001e+02 -2.1357e+00 +3.1031e+00 -2.8518e+00
480 0 +2.649807129e-08 +1.830100000e+02 +1.830100000e+02 -2.1360e+00 +3.1031e+00 -2.8519e+00
514 0 +1.470382927e-08 +1.830100000e+02 +1.830100000e+02 -2.1360e+00 +3.1031e+00 -2.8520e+00
532 0 +9.460563888e-09 +1.830100000e+02 +1.830100000e+02 -2.1361e+00 +3.1032e+00 -2.8520e+00
762 0 +0.000000000e+00 +1.830100000e+02 +1.830100000e+02 -2.1360e+00 +3.1032e+00 -2.8520e+00
% f evaluations | g evaluations | best noise-free fitness - Fopt (1.835200000000e+02) + sum g_i+ | measured fitness | best measured fitness or single-digit g-values | x1 | x2...
1 0 +2.098610048e+01 +2.045061005e+02 +2.045061005e+02 +0.0000e+00 +0.0000e+00 +0.0000e+00
4 0 +1.921757234e+01 +2.027375723e+02 +2.027375723e+02 -1.1375e-01 -3.0566e-01 +1.1285e-01
18 0 +1.867253615e+01 +2.021925361e+02 +2.021925361e+02 +1.4685e-01 -2.5757e-01 -8.2275e-02
26 0 +1.847557390e+01 +2.019955739e+02 +2.019955739e+02 -6.3405e-02 -2.4574e-01 -1.4022e-01
31 0 +1.765204181e+01 +2.011720418e+02 +2.011720418e+02 +7.5430e-02 -3.6219e-01 -1.3657e-01
37 0 +1.676626937e+01 +2.002862694e+02 +2.002862694e+02 -8.2003e-02 -3.5723e-01 -3.5578e-01
47 0 +1.648269023e+01 +2.000026902e+02 +2.000026902e+02 -8.5323e-02 -4.2271e-01 -3.1054e-01
52 0 +1.544494820e+01 +1.989649482e+02 +1.989649482e+02 -4.9404e-02 -5.6474e-01 -3.2418e-01
64 0 +1.453439133e+01 +1.980543913e+02 +1.980543913e+02 -1.0891e-01 -5.6060e-01 -5.7496e-01
66 0 +1.336414294e+01 +1.968841429e+02 +1.968841429e+02 +5.3779e-02 -7.1741e-01 -6.1305e-01
67 0 +1.130341392e+01 +1.948234139e+02 +1.948234139e+02 -7.9758e-02 -8.8696e-01 -9.3111e-01
76 0 +1.049300392e+01 +1.940130039e+02 +1.940130039e+02 -1.6308e-02 -1.0977e+00 -7.8355e-01
79 0 +7.895371010e+00 +1.914153710e+02 +1.914153710e+02 -1.5463e-02 -1.4078e+00 -1.1197e+00
87 0 +6.831125756e+00 +1.903511258e+02 +1.903511258e+02 -1.8673e-02 -1.4800e+00 -1.4559e+00
90 0 +2.494005939e+00 +1.860140059e+02 +1.860140059e+02 +1.6609e-01 -2.4547e+00 -1.8365e+00
93 0 +3.124148727e-01 +1.838324149e+02 +1.838324149e+02 +3.1526e-01 -3.7879e+00 -2.7531e+00
165 0 +2.845250117e-01 +1.838045250e+02 +1.838045250e+02 -3.5175e-02 -3.5184e+00 -2.6588e+00
199 0 +2.703801340e-01 +1.837903801e+02 +1.837903801e+02 +1.2110e-01 -3.6684e+00 -2.7532e+00
237 0 +2.675873711e-01 +1.837875874e+02 +1.837875874e+02 +9.9782e-02 -3.5496e+00 -2.6494e+00
240 0 +2.189189954e-01 +1.837389190e+02 +1.837389190e+02 +2.3749e-01 -3.6977e+00 -2.6382e+00
315 0 +2.162763351e-01 +1.837362763e+02 +1.837362763e+02 +2.9580e-01 -3.7103e+00 -2.5834e+00
317 0 +2.126219803e-01 +1.837326220e+02 +1.837326220e+02 +2.9942e-01 -3.7668e+00 -2.6155e+00
325 0 +2.058364406e-01 +1.837258364e+02 +1.837258364e+02 +3.5262e-01 -3.8345e+00 -2.5675e+00
332 0 +1.880637600e-01 +1.837080638e+02 +1.837080638e+02 +3.0828e-01 -3.8364e+00 -2.5955e+00
339 0 +1.691401147e-01 +1.836891401e+02 +1.836891401e+02 +2.3779e-01 -3.7243e+00 -2.5681e+00
342 0 +1.550590463e-01 +1.836750590e+02 +1.836750590e+02 +2.1026e-01 -3.7334e+00 -2.5752e+00
345 0 +1.490509592e-01 +1.836690510e+02 +1.836690510e+02 +3.4659e-01 -3.9286e+00 -2.4498e+00
355 0 +1.392076226e-01 +1.836592076e+02 +1.836592076e+02 +3.1457e-01 -3.9587e+00 -2.4954e+00
358 0 +1.163794235e-01 +1.836363794e+02 +1.836363794e+02 +2.6671e-01 -3.8124e+00 -2.4631e+00
363 0 +7.293843140e-02 +1.835929384e+02 +1.835929384e+02 +2.2590e-01 -4.0332e+00 -2.3917e+00
366 0 +2.744700007e-02 +1.835474470e+02 +1.835474470e+02 +1.2428e-01 -3.9693e+00 -2.2609e+00
382 0 +6.694152915e-03 +1.835266942e+02 +1.835266942e+02 +8.7085e-03 -4.0021e+00 -2.3804e+00
440 0 +3.356048533e-03 +1.835233560e+02 +1.835233560e+02 +1.7432e-02 -3.9804e+00 -2.3163e+00
445 0 +2.771315833e-03 +1.835227713e+02 +1.835227713e+02 -3.9742e-02 -3.9786e+00 -2.3671e+00
448 0 +1.444464445e-03 +1.835214445e+02 +1.835214445e+02 -9.2217e-03 -3.9561e+00 -2.3015e+00
462 0 +1.808533821e-05 +1.835200181e+02 +1.835200181e+02 -2.2263e-02 -3.9374e+00 -2.3340e+00
524 0 +1.668922181e-06 +1.835200017e+02 +1.835200017e+02 -2.2412e-02 -3.9407e+00 -2.3348e+00
617 0 +9.253159590e-07 +1.835200009e+02 +1.835200009e+02 -2.2149e-02 -3.9424e+00 -2.3343e+00
623 0 +4.602521813e-07 +1.835200005e+02 +1.835200005e+02 -2.1238e-02 -3.9414e+00 -2.3349e+00
627 0 +2.985383389e-07 +1.835200003e+02 +1.835200003e+02 -2.1442e-02 -3.9419e+00 -2.3348e+00
660 0 +6.770292771e-08 +1.835200001e+02 +1.835200001e+02 -2.1404e-02 -3.9418e+00 -2.3343e+00
665 0 +2.719735903e-08 +1.835200000e+02 +1.835200000e+02 -2.1499e-02 -3.9415e+00 -2.3345e+00
683 0 +2.546775590e-08 +1.835200000e+02 +1.835200000e+02 -2.1718e-02 -3.9416e+00 -2.3343e+00
689 0 +1.305400588e-08 +1.835200000e+02 +1.835200000e+02 -2.1713e-02 -3.9416e+00 -2.3344e+00
711 0 +8.047550182e-09 +1.835200000e+02 +1.835200000e+02 -2.1516e-02 -3.9416e+00 -2.3344e+00
997 0 +0.000000000e+00 +1.835200000e+02 +1.835200000e+02 -2.1600e-02 -3.9416e+00 -2.3344e+00
% f evaluations | g evaluations | best noise-free fitness - Fopt (-5.938400000000e+02) + sum g_i+ | measured fitness | best measured fitness or single-digit g-values | x1 | x2...
1 0 +6.938939520e+00 -5.869010605e+02 -5.869010605e+02 +0.0000e+00 +0.0000e+00 +0.0000e+00
4 0 +6.402061215e+00 -5.874379388e+02 -5.874379388e+02 -1.1375e-01 -3.0566e-01 +1.1285e-01
5 0 +6.119458083e+00 -5.877205419e+02 -5.877205419e+02 -1.5359e-01 +2.4817e-01 +6.3376e-02
6 0 +5.633026771e+00 -5.882069732e+02 -5.882069732e+02 -2.2359e-01 +8.0318e-02 +2.1275e-01
9 0 +4.873611413e+00 -5.889663886e+02 -5.889663886e+02 -3.9071e-01 -1.1239e-01 +2.8342e-01
10 0 +4.389745759e+00 -5.894502542e+02 -5.894502542e+02 -5.7487e-01 +1.9903e-01 -6.0323e-02
20 0 +3.702117476e+00 -5.901378825e+02 -5.901378825e+02 -6.5480e-01 +1.5632e-01 +3.9360e-01
21 0 +2.440133307e+00 -5.913998667e+02 -5.913998667e+02 -1.0601e+00 +2.4520e-01 +1.9938e-01
23 0 +1.215404545e+00 -5.926245955e+02 -5.926245955e+02 -1.8573e+00 +8.9541e-01 +3.1427e-01
34 0 +8.835680706e-01 -5.929564319e+02 -5.929564319e+02 -1.7190e+00 +4.9338e-01 +5.4153e-01
58 0 +3.614679926e-01 -5.934785320e+02 -5.934785320e+02 -2.5094e+00 +6.8215e-01 +4.6068e-01
80 0 +1.411986105e-01 -5.936988014e+02 -5.936988014e+02 -2.5369e+00 +4.6867e-01 +5.6500e-01
102 0 +9.239153560e-02 -5.937476085e+02 -5.937476085e+02 -2.2976e+00 +8.1924e-02 +4.3693e-01
105 0 +7.159511844e-02 -5.937684049e+02 -5.937684049e+02 -2.5382e+00 +3.1472e-01 +4.2345e-01
117 0 +1.483606003e-02 -5.938251639e+02 -5.938251639e+02 -2.5705e+00 +1.4476e-01 +6.8290e-01
127 0 +1.183868656e-02 -5.938281613e+02 -5.938281613e+02 -2.6189e+00 +8.8080e-02 +4.7521e-01
162 0 +4.984820796e-03 -5.938350152e+02 -5.938350152e+02 -2.5868e+00 +1.5305e-01 +5.3665e-01
189 0 +4.175077173e-03 -5.938358249e+02 -5.938358249e+02 -2.5575e+00 +1.4574e-01 +5.3468e-01
209 0 +3.911711142e-03 -5.938360883e+02 -5.938360883e+02 -2.5736e+00 +1.3998e-01 +5.2937e-01
215 0 +3.870695166e-03 -5.938361293e+02 -5.938361293e+02 -2.5233e+00 +1.1562e-01 +5.3633e-01
223 0 +1.243732432e-03 -5.938387563e+02 -5.938387563e+02 -2.5811e+00 +1.0908e-01 +5.4207e-01
253 0 +1.203828200e-03 -5.938387962e+02 -5.938387962e+02 -2.5599e+00 +1.2365e-01 +5.5609e-01
283 0 +1.154394355e-03 -5.938388456e+02 -5.938388456e+02 -2.5621e+00 +1.1446e-01 +5.4563e-01
284 0 +7.553999133e-04 -5.938392446e+02 -5.938392446e+02 -2.5643e+00 +1.0755e-01 +5.4845e-01
291 0 +3.565830987e-04 -5.938396434e+02 -5.938396434e+02 -2.5686e+00 +9.8346e-02 +5.5356e-01
301 0 +1.994250915e-04 -5.938398006e+02 -5.938398006e+02 -2.5698e+00 +9.7771e-02 +5.5829e-01
305 0 +5.891151557e-05 -5.938399411e+02 -5.938399411e+02 -2.5651e+00 +9.3583e-02 +5.6585e-01
331 0 +3.234354165e-05 -5.938399677e+02 -5.938399677e+02 -2.5643e+00 +9.2629e-02 +5.7111e-01
415 0 +3.097801255e-05 -5.938399690e+02 -5.938399690e+02 -2.5698e+00 +9.1160e-02 +5.6748e-01
418 0 +2.884676474e-05 -5.938399712e+02 -5.938399712e+02 -2.5705e+00 +9.1851e-02 +5.6736e-01
422 0 +2.398884590e-05 -5.938399760e+02 -5.938399760e+02 -2.5707e+00 +9.1840e-02 +5.6798e-01
424 0 +2.301965810e-05 -5.938399770e+02 -5.938399770e+02 -2.5690e+00 +9.4934e-02 +5.6727e-01
426 0 +1.676849217e-05 -5.938399832e+02 -5.938399832e+02 -2.5695e+00 +9.2931e-02 +5.6818e-01
430 0 +9.255653595e-06 -5.938399907e+02 -5.938399907e+02 -2.5696e+00 +9.3422e-02 +5.6912e-01
437 0 +6.475607279e-06 -5.938399935e+02 -5.938399935e+02 -2.5696e+00 +9.6052e-02 +5.7006e-01
444 0 +5.958199154e-06 -5.938399940e+02 -5.938399940e+02 -2.5694e+00 +9.4767e-02 +5.6960e-01
472 0 +5.669260077e-06 -5.938399943e+02 -5.938399943e+02 -2.5692e+00 +9.3290e-02 +5.6994e-01
480 0 +3.448897132e-06 -5.938399966e+02 -5.938399966e+02 -2.5678e+00 +9.3793e-02 +5.7188e-01
486 0 +3.383601666e-06 -5.938399966e+02 -5.938399966e+02 -2.5685e+00 +9.3025e-02 +5.7150e-01
500 0 +1.524206596e-06 -5.938399985e+02 -5.938399985e+02 -2.5686e+00 +9.4110e-02 +5.7269e-01
512 0 +7.737623946e-07 -5.938399992e+02 -5.938399992e+02 -2.5689e+00 +9.4852e-02 +5.7171e-01
527 0 +5.332950650e-07 -5.938399995e+02 -5.938399995e+02 -2.5694e+00 +9.5040e-02 +5.7225e-01
543 0 +3.109727231e-07 -5.938399997e+02 -5.938399997e+02 -2.5692e+00 +9.4413e-02 +5.7239e-01
557 0 +1.065266133e-07 -5.938399999e+02 -5.938399999e+02 -2.5699e+00 +9.4297e-02 +5.7215e-01
560 0 +3.785407898e-08 -5.938400000e+02 -5.938400000e+02 -2.5697e+00 +9.4397e-02 +5.7213e-01
563 0 +2.929891707e-08 -5.938400000e+02 -5.938400000e+02 -2.5696e+00 +9.4488e-02 +5.7214e-01
621 0 +2.434160251e-08 -5.938400000e+02 -5.938400000e+02 -2.5697e+00 +9.4343e-02 +5.7208e-01
630 0 +2.006561317e-08 -5.938400000e+02 -5.938400000e+02 -2.5696e+00 +9.4488e-02 +5.7210e-01
648 0 +1.267312655e-08 -5.938400000e+02 -5.938400000e+02 -2.5697e+00 +9.4488e-02 +5.7196e-01
654 0 +6.724349078e-09 -5.938400000e+02 -5.938400000e+02 -2.5695e+00 +9.4417e-02 +5.7199e-01
981 0 +0.000000000e+00 -5.938400000e+02 -5.938400000e+02 -2.5696e+00 +9.4400e-02 +5.7200e-01
% f evaluations | g evaluations | best noise-free fitness - Fopt (-1.000000000000e+03) + sum g_i+ | measured fitness | best measured fitness or single-digit g-values | x1 | x2...
1 0 +4.421888064e+01 -9.557811194e+02 -9.557811194e+02 +0.0000e+00 +0.0000e+00 +0.0000e+00
5 0 +4.169963304e+01 -9.583003670e+02 -9.583003670e+02 -1.5359e-01 +2.4817e-01 +6.3376e-02
10 0 +3.735738669e+01 -9.626426133e+02 -9.626426133e+02 -5.1855e-01 +3.9422e-01 -3.4474e-02
17 0 +3.455144283e+01 -9.654485572e+02 -9.654485572e+02 -4.0354e-01 +7.7393e-01 -1.8282e-01
21 0 +3.276093909e+01 -9.672390609e+02 -9.672390609e+02 -9.1611e-01 +6.9207e-01 -5.2930e-02
23 0 +2.304642413e+01 -9.769535759e+02 -9.769535759e+02 -1.7672e+00 +1.6765e+00 -7.9911e-02
30 0 +1.418212241e+01 -9.858178776e+02 -9.858178776e+02 -2.4788e+00 +2.3557e+00 -6.4684e-01
37 0 +4.005381774e+00 -9.959946182e+02 -9.959946182e+02 -4.8610e+00 +3.5624e+00 -2.1230e+00
92 0 +3.919632934e+00 -9.960803671e+02 -9.960803671e+02 -4.7694e+00 +4.5546e+00 -2.2187e+00
95 0 +1.745366391e+00 -9.982546336e+02 -9.982546336e+02 -3.2803e+00 +4.1185e+00 -2.6563e+00
99 0 +1.511714408e+00 -9.984882856e+02 -9.984882856e+02 -4.0722e+00 +3.9678e+00 -2.6191e+00
143 0 +1.369819605e+00 -9.986301804e+02 -9.986301804e+02 -4.0071e+00 +3.8648e+00 -2.6628e+00
162 0 +1.301104037e+00 -9.986988960e+02 -9.986988960e+02 -4.2516e+00 +3.8035e+00 -2.7577e+00
163 0 +1.125373983e+00 -9.988746260e+02 -9.988746260e+02 -4.2787e+00 +3.4651e+00 -2.9354e+00
169 0 +1.121217481e+00 -9.988787825e+02 -9.988787825e+02 -4.6802e+00 +3.8850e+00 -3.1739e+00
170 0 +8.585294068e-01 -9.991414706e+02 -9.991414706e+02 -4.5463e+00 +3.7625e+00 -3.2249e+00
179 0 +7.378415156e-01 -9.992621585e+02 -9.992621585e+02 -4.5923e+00 +3.8584e+00 -3.4013e+00
198 0 +5.829565344e-01 -9.994170435e+02 -9.994170435e+02 -3.7430e+00 +3.5995e+00 -3.1084e+00
204 0 +5.188415946e-01 -9.994811584e+02 -9.994811584e+02 -4.0200e+00 +3.2313e+00 -3.5034e+00
206 0 +2.452223953e-01 -9.997547776e+02 -9.997547776e+02 -3.8551e+00 +3.4068e+00 -3.6068e+00
234 0 +6.683489877e-02 -9.999331651e+02 -9.999331651e+02 -4.0210e+00 +3.6687e+00 -3.8577e+00
262 0 +4.975991144e-02 -9.999502401e+02 -9.999502401e+02 -3.6378e+00 +3.7708e+00 -3.8505e+00
263 0 +6.550880195e-03 -9.999934491e+02 -9.999934491e+02 -3.9037e+00 +3.9044e+00 -3.8365e+00
282 0 +5.755011125e-03 -9.999942450e+02 -9.999942450e+02 -3.8545e+00 +3.9266e+00 -3.8082e+00
318 0 +2.675234875e-03 -9.999973248e+02 -9.999973248e+02 -3.8232e+00 +3.8410e+00 -3.7754e+00
324 0 +2.276756046e-03 -9.999977232e+02 -9.999977232e+02 -3.8689e+00 +3.8878e+00 -3.8018e+00
350 0 +2.117288258e-03 -9.999978827e+02 -9.999978827e+02 -3.8279e+00 +3.8902e+00 -3.7995e+00
356 0 +1.877456377e-03 -9.999981225e+02 -9.999981225e+02 -3.8254e+00 +3.8781e+00 -3.7913e+00
360 0 +8.202693359e-04 -9.999991797e+02 -9.999991797e+02 -3.8522e+00 +3.8800e+00 -3.8225e+00
374 0 +1.394269641e-04 -9.999998606e+02 -9.999998606e+02 -3.8368e+00 +3.8500e+00 -3.8311e+00
382 0 +1.169209318e-04 -9.999998831e+02 -9.999998831e+02 -3.8459e+00 +3.8567e+00 -3.8313e+00
397 0 +7.116665790e-05 -9.999999288e+02 -9.999999288e+02 -3.8382e+00 +3.8492e+00 -3.8273e+00
448 0 +6.760908911e-05 -9.999999324e+02 -9.999999324e+02 -3.8425e+00 +3.8454e+00 -3.8180e+00
453 0 +6.354439950e-05 -9.999999365e+02 -9.999999365e+02 -3.8423e+00 +3.8536e+00 -3.8137e+00
462 0 +3.900209822e-05 -9.999999610e+02 -9.999999610e+02 -3.8440e+00 +3.8475e+00 -3.8184e+00
463 0 +3.681000544e-05 -9.999999632e+02 -9.999999632e+02 -3.8413e+00 +3.8488e+00 -3.8174e+00
464 0 +2.605682118e-05 -9.999999739e+02 -9.999999739e+02 -3.8458e+00 +3.8502e+00 -3.8180e+00
472 0 +2.231937219e-05 -9.999999777e+02 -9.999999777e+02 -3.8470e+00 +3.8511e+00 -3.8194e+00
473 0 +1.645021337e-05 -9.999999835e+02 -9.999999835e+02 -3.8431e+00 +3.8535e+00 -3.8176e+00
479 0 +1.598126676e-05 -9.999999840e+02 -9.999999840e+02 -3.8414e+00 +3.8534e+00 -3.8181e+00
480 0 +1.229087798e-05 -9.999999877e+02 -9.999999877e+02 -3.8439e+00 +3.8517e+00 -3.8184e+00
486 0 +1.162480021e-05 -9.999999884e+02 -9.999999884e+02 -3.8429e+00 +3.8520e+00 -3.8183e+00
487 0 +9.877680895e-06 -9.999999901e+02 -9.999999901e+02 -3.8445e+00 +3.8513e+00 -3.8191e+00
493 0 +6.661395446e-06 -9.999999933e+02 -9.999999933e+02 -3.8440e+00 +3.8553e+00 -3.8218e+00
506 0 +5.780889978e-06 -9.999999942e+02 -9.999999942e+02 -3.8436e+00 +3.8523e+00 -3.8193e+00
507 0 +5.315879434e-06 -9.999999947e+02 -9.999999947e+02 -3.8442e+00 +3.8510e+00 -3.8226e+00
512 0 +2.229185611e-06 -9.999999978e+02 -9.999999978e+02 -3.8441e+00 +3.8536e+00 -3.8207e+00
514 0 +1.630007432e-06 -9.999999984e+02 -9.999999984e+02 -3.8429e+00 +3.8518e+00 -3.8209e+00
515 0 +1.523231276e-06 -9.999999985e+02 -9.999999985e+02 -3.8425e+00 +3.8532e+00 -3.8207e+00
524 0 +1.201557779e-06 -9.999999988e+02 -9.999999988e+02 -3.8434e+00 +3.8527e+00 -3.8227e+00
528 0 +8.673797538e-07 -9.999999991e+02 -9.999999991e+02 -3.8435e+00 +3.8520e+00 -3.8214e+00
532 0 +5.191020591e-07 -9.999999995e+02 -9.999999995e+02 -3.8438e+00 +3.8532e+00 -3.8216e+00
551 0 +4.804115861e-07 -9.999999995e+02 -9.999999995e+02 -3.8439e+00 +3.8526e+00 -3.8217e+00
563 0 +4.748427500e-07 -9.999999995e+02 -9.999999995e+02 -3.8437e+00 +3.8523e+00 -3.8217e+00
571 0 +3.941794375e-07 -9.999999996e+02 -9.999999996e+02 -3.8438e+00 +3.8530e+00 -3.8216e+00
579 0 +2.814127811e-07 -9.999999997e+02 -9.999999997e+02 -3.8435e+00 +3.8524e+00 -3.8218e+00
597 0 +2.477232783e-07 -9.999999998e+02 -9.999999998e+02 -3.8433e+00 +3.8524e+00 -3.8214e+00
603 0 +1.444384452e-07 -9.999999999e+02 -9.999999999e+02 -3.8433e+00 +3.8524e+00 -3.8216e+00
606 0 +8.734184576e-08 -9.999999999e+02 -9.999999999e+02 -3.8434e+00 +3.8527e+00 -3.8215e+00
611 0 +6.411141840e-08 -9.999999999e+02 -9.999999999e+02 -3.8432e+00 +3.8526e+00 -3.8214e+00
623 0 +2.762544682e-08 -1.000000000e+03 -1.000000000e+03 -3.8431e+00 +3.8528e+00 -3.8217e+00
627 0 +6.830418897e-09 -1.000000000e+03 -1.000000000e+03 -3.8432e+00 +3.8527e+00 -3.8216e+00
967 0 +0.000000000e+00 -1.000000000e+03 -1.000000000e+03 -3.8432e+00 +3.8528e+00 -3.8216e+00
% f evaluations | g evaluations | best noise-free fitness - Fopt (-2.531000000000e+01) + sum g_i+ | measured fitness | best measured fitness or single-digit g-values | x1 | x2...
1 0 +2.524051712e+01 -6.948288000e-02 -6.948288000e-02 +0.0000e+00 +0.0000e+00 +0.0000e+00
2 0 +2.204574056e+01 -3.264259441e+00 -3.264259441e+00 +4.3379e-01 +3.0692e-02 +9.8026e-02
3 0 +2.103939721e+01 -4.270602792e+00 -4.270602792e+00 +3.4094e-01 +2.4727e-01 +1.7369e-01
11 0 +1.999083621e+01 -5.319163795e+00 -5.319163795e+00 +1.9137e-01 +5.7273e-01 +1.5477e-01
14 0 +1.898460569e+01 -6.325394311e+00 -6.325394311e+00 +5.8775e-01 +3.1899e-01 +2.5651e-01
16 0 +1.744575934e+01 -7.864240659e+00 -7.864240659e+00 +6.3479e-01 +4.7565e-01 +5.9203e-01
22 0 +1.304300722e+01 -1.226699278e+01 -1.226699278e+01 +1.1498e+00 +7.9657e-01 +4.3069e-01
28 0 +1.204032989e+01 -1.326967011e+01 -1.326967011e+01 +1.3671e+00 +7.7575e-01 +7.0533e-01
32 0 +9.597603665e+00 -1.571239634e+01 -1.571239634e+01 +1.2369e+00 +1.4399e+00 +3.6721e-01
33 0 +7.428322004e+00 -1.788167800e+01 -1.788167800e+01 +2.0423e+00 +1.4157e+00 +1.8075e+00
39 0 +6.915629231e+00 -1.839437077e+01 -1.839437077e+01 +2.2384e+00 +1.2095e+00 +7.8988e-01
41 0 +4.586539531e+00 -2.072346047e+01 -2.072346047e+01 +3.0172e+00 +1.6985e+00 +1.8617e+00
44 0 +1.652083231e+00 -2.365791677e+01 -2.365791677e+01 +4.0277e+00 +2.7162e+00 +1.6731e+00
58 0 +1.071865596e+00 -2.423813440e+01 -2.423813440e+01 +3.6518e+00 +2.7936e+00 +1.5542e+00
65 0 +9.827939478e-01 -2.432720605e+01 -2.432720605e+01 +2.8589e+00 +2.9891e+00 +1.4143e+00
78 0 +8.385366446e-01 -2.447146336e+01 -2.447146336e+01 +3.5318e+00 +2.9548e+00 +1.5602e+00
87 0 +2.161572216e-01 -2.509384278e+01 -2.509384278e+01 +3.7828e+00 +3.4833e+00 +1.1921e+00
184 0 +1.229379323e-02 -2.529770621e+01 -2.529770621e+01 +3.4003e+00 +3.4495e+00 +8.2695e-01
229 0 +1.107098253e-02 -2.529892902e+01 -2.529892902e+01 +3.5618e+00 +3.5187e+00 +8.0561e-01
237 0 +7.780859698e-03 -2.530221914e+01 -2.530221914e+01 +3.4218e+00 +3.4759e+00 +8.0453e-01
326 0 +7.543197470e-03 -2.530245680e+01 -2.530245680e+01 +3.5122e+00 +3.5098e+00 +7.8118e-01
331 0 +7.147883154e-03 -2.530285212e+01 -2.530285212e+01 +3.5450e+00 +3.5256e+00 +8.1682e-01
332 0 +6.072625364e-03 -2.530392737e+01 -2.530392737e+01 +3.5215e+00 +3.4896e+00 +8.1502e-01
335 0 +5.815663472e-03 -2.530418434e+01 -2.530418434e+01 +3.5165e+00 +3.5028e+00 +8.0142e-01
339 0 +4.364109120e-03 -2.530563589e+01 -2.530563589e+01 +3.5060e+00 +3.5217e+00 +7.9938e-01
355 0 +3.992803905e-03 -2.530600720e+01 -2.530600720e+01 +3.5136e+00 +3.4888e+00 +8.4578e-01
358 0 +1.499897282e-03 -2.530850010e+01 -2.530850010e+01 +3.4977e+00 +3.5245e+00 +8.2838e-01
368 0 +1.088294303e-03 -2.530891171e+01 -2.530891171e+01 +3.4893e+00 +3.5266e+00 +8.2769e-01
380 0 +7.100164290e-04 -2.530928998e+01 -2.530928998e+01 +3.4621e+00 +3.5197e+00 +8.3059e-01
388 0 +5.439653141e-04 -2.530945603e+01 -2.530945603e+01 +3.4700e+00 +3.5117e+00 +8.4288e-01
422 0 +3.138610291e-04 -2.530968614e+01 -2.530968614e+01 +3.4710e+00 +3.5155e+00 +8.4968e-01
424 0 +1.420636727e-04 -2.530985794e+01 -2.530985794e+01 +3.4712e+00 +3.5369e+00 +8.4187e-01
426 0 +1.283319537e-04 -2.530987167e+01 -2.530987167e+01 +3.4759e+00 +3.5242e+00 +8.5099e-01
430 0 +9.099852829e-06 -2.530999090e+01 -2.530999090e+01 +3.4698e+00 +3.5322e+00 +8.5557e-01
524 0 +8.650413278e-06 -2.530999135e+01 -2.530999135e+01 +3.4669e+00 +3.5306e+00 +8.5212e-01
532 0 +7.426311399e-06 -2.530999257e+01 -2.530999257e+01 +3.4665e+00 +3.5335e+00 +8.5418e-01
548 0 +6.712881497e-06 -2.530999329e+01 -2.530999329e+01 +3.4683e+00 +3.5320e+00 +8.5521e-01
563 0 +5.471684414e-06 -2.530999453e+01 -2.530999453e+01 +3.4673e+00 +3.5312e+00 +8.5201e-01
569 0 +2.712285401e-06 -2.530999729e+01 -2.530999729e+01 +3.4674e+00 +3.5323e+00 +8.5351e-01
574 0 +2.136193114e-06 -2.530999786e+01 -2.530999786e+01 +3.4692e+00 +3.5315e+00 +8.5326e-01
603 0 +1.321756695e-06 -2.530999868e+01 -2.530999868e+01 +3.4683e+00 +3.5321e+00 +8.5359e-01
608 0 +8.797838120e-07 -2.530999912e+01 -2.530999912e+01 +3.4682e+00 +3.5323e+00 +8.5331e-01
626 0 +6.257814960e-07 -2.530999937e+01 -2.530999937e+01 +3.4690e+00 +3.5329e+00 +8.5356e-01
636 0 +3.074426616e-07 -2.530999969e+01 -2.530999969e+01 +3.4687e+00 +3.5330e+00 +8.5331e-01
644 0 +3.019588952e-07 -2.530999970e+01 -2.530999970e+01 +3.4683e+00 +3.5326e+00 +8.5258e-01
649 0 +8.555771558e-08 -2.530999991e+01 -2.530999991e+01 +3.4689e+00 +3.5330e+00 +8.5260e-01
696 0 +3.968148832e-08 -2.530999996e+01 -2.530999996e+01 +3.4686e+00 +3.5328e+00 +8.5270e-01
710 0 +3.714347230e-08 -2.530999996e+01 -2.530999996e+01 +3.4688e+00 +3.5329e+00 +8.5262e-01
718 0 +2.122341058e-08 -2.530999998e+01 -2.530999998e+01 +3.4689e+00 +3.5329e+00 +8.5284e-01
720 0 +6.120220775e-09 -2.530999999e+01 -2.530999999e+01 +3.4687e+00 +3.5328e+00 +8.5283e-01
1136 0 +0.000000000e+00 -2.531000000e+01 -2.531000000e+01 +3.4688e+00 +3.5328e+00 +8.5280e-01
% f evaluations | g evaluations | best noise-free fitness - Fopt (2.228000000000e+01) + sum g_i+ | measured fitness | best measured fitness or single-digit g-values | x1 | x2...
1 0 +8.471248640e+00 +3.075124864e+01 +3.075124864e+01 +0.0000e+00 +0.0000e+00 +0.0000e+00
2 0 +7.910451905e+00 +3.019045190e+01 +3.019045190e+01 +4.3379e-01 +3.0692e-02 +9.8026e-02
15 0 +7.239513797e+00 +2.951951380e+01 +2.951951380e+01 +3.2107e-01 -8.9388e-03 -1.1213e-01
18 0 +6.601945764e+00 +2.888194576e+01 +2.888194576e+01 +3.0593e-01 -1.9445e-01 -1.2662e-01
31 0 +5.794480158e+00 +2.807448016e+01 +2.807448016e+01 +3.7803e-01 -2.8505e-01 -2.4096e-01
37 0 +5.415754234e+00 +2.769575423e+01 +2.769575423e+01 +2.0998e-01 -2.7183e-01 -5.1621e-01
39 0 +5.288547223e+00 +2.756854722e+01 +2.756854722e+01 +5.8601e-01 -2.6649e-01 -2.9715e-01
45 0 +5.191823919e+00 +2.747182392e+01 +2.747182392e+01 +6.4127e-01 -2.3337e-01 -3.3351e-01
47 0 +5.090036478e+00 +2.737003648e+01 +2.737003648e+01 +3.1764e-01 -3.2600e-01 -4.8525e-01
52 0 +4.378564883e+00 +2.665856488e+01 +2.665856488e+01 +3.6557e-01 -5.1383e-01 -5.2284e-01
56 0 +4.350965354e+00 +2.663096535e+01 +2.663096535e+01 +7.2101e-01 -4.4859e-01 -3.6962e-01
58 0 +4.219159675e+00 +2.649915967e+01 +2.649915967e+01 +6.8615e-01 -4.0804e-01 -4.7341e-01
59 0 +3.108948209e+00 +2.538894821e+01 +2.538894821e+01 +8.0187e-01 -5.5361e-01 -7.0826e-01
66 0 +2.167336322e+00 +2.444733632e+01 +2.444733632e+01 +6.9726e-01 -7.5415e-01 -1.0409e+00
67 0 +1.388248528e+00 +2.366824853e+01 +2.366824853e+01 +6.2588e-01 -9.5464e-01 -1.5165e+00
76 0 +1.068347122e+00 +2.334834712e+01 +2.334834712e+01 +7.1986e-01 -1.2411e+00 -1.2728e+00
79 0 +2.326442534e-01 +2.251264425e+01 +2.251264425e+01 +9.4189e-01 -1.6732e+00 -1.8345e+00
84 0 +1.098996704e-01 +2.238989967e+01 +2.238989967e+01 +1.3694e+00 -1.7035e+00 -2.1420e+00
168 0 +2.143931910e-02 +2.230143932e+01 +2.230143932e+01 +1.3214e+00 -1.8790e+00 -1.8730e+00
198 0 +9.717637263e-03 +2.228971764e+01 +2.228971764e+01 +1.4033e+00 -1.6817e+00 -1.7975e+00
213 0 +3.688781935e-03 +2.228368878e+01 +2.228368878e+01 +1.4560e+00 -1.8195e+00 -1.8212e+00
260 0 +1.375635611e-03 +2.228137564e+01 +2.228137564e+01 +1.4410e+00 -1.7587e+00 -1.8057e+00
278 0 +3.767398242e-04 +2.228037674e+01 +2.228037674e+01 +1.3941e+00 -1.7718e+00 -1.8205e+00
280 0 +1.416552120e-04 +2.228014166e+01 +2.228014166e+01 +1.4053e+00 -1.7768e+00 -1.8123e+00
311 0 +7.301775237e-05 +2.228007302e+01 +2.228007302e+01 +1.4071e+00 -1.7779e+00 -1.8153e+00
350 0 +5.094865194e-05 +2.228005095e+01 +2.228005095e+01 +1.4107e+00 -1.7819e+00 -1.8171e+00
352 0 +4.727692374e-05 +2.228004728e+01 +2.228004728e+01 +1.4082e+00 -1.7810e+00 -1.8186e+00
356 0 +2.813744234e-05 +2.228002814e+01 +2.228002814e+01 +1.4158e+00 -1.7740e+00 -1.8182e+00
368 0 +1.199319155e-05 +2.228001199e+01 +2.228001199e+01 +1.4094e+00 -1.7763e+00 -1.8209e+00
389 0 +9.978114818e-06 +2.228000998e+01 +2.228000998e+01 +1.4125e+00 -1.7792e+00 -1.8237e+00
397 0 +7.200258576e-06 +2.228000720e+01 +2.228000720e+01 +1.4143e+00 -1.7779e+00 -1.8235e+00
404 0 +2.999613123e-06 +2.228000300e+01 +2.228000300e+01 +1.4132e+00 -1.7783e+00 -1.8224e+00
421 0 +2.228509992e-06 +2.228000223e+01 +2.228000223e+01 +1.4126e+00 -1.7783e+00 -1.8214e+00
425 0 +4.295097966e-07 +2.228000043e+01 +2.228000043e+01 +1.4122e+00 -1.7767e+00 -1.8214e+00
493 0 +1.828726219e-07 +2.228000018e+01 +2.228000018e+01 +1.4127e+00 -1.7766e+00 -1.8212e+00
504 0 +3.962076178e-08 +2.228000004e+01 +2.228000004e+01 +1.4127e+00 -1.7769e+00 -1.8215e+00
524 0 +1.273459560e-09 +2.228000000e+01 +2.228000000e+01 +1.4128e+00 -1.7768e+00 -1.8216e+00
967 0 +0.000000000e+00 +2.228000000e+01 +2.228000000e+01 +1.4128e+00 -1.7768e+00 -1.8216e+00
% f evaluations | g evaluations | best noise-free fitness - Fopt (3.561400000000e+02) + sum g_i+ | measured fitness | best measured fitness or single-digit g-values | x1 | x2...
1 0 +1.491695936e+01 +3.710569594e+02 +3.710569594e+02 +0.0000e+00 +0.0000e+00 +0.0000e+00
2 0 +1.457617412e+01 +3.707161741e+02 +3.707161741e+02 +4.3379e-01 +3.0692e-02 +9.8026e-02
15 0 +1.328762744e+01 +3.694276274e+02 +3.694276274e+02 +4.9599e-01 +1.7838e-01 -9.2759e-02
18 0 +1.284527727e+01 +3.689852773e+02 +3.689852773e+02 +2.2017e-01 +1.1003e-02 -2.1721e-01
26 0 +1.238468978e+01 +3.685246898e+02 +3.685246898e+02 +1.0495e-01 +6.4814e-02 -3.4304e-01
31 0 +1.163758055e+01 +3.677775806e+02 +3.677775806e+02 +1.1040e-01 -4.2438e-02 -4.4118e-01
36 0 +1.090775017e+01 +3.670477502e+02 +3.670477502e+02 +2.4410e-01 +2.9922e-01 -5.7885e-01
37 0 +9.163892412e+00 +3.653038924e+02 +3.653038924e+02 -1.9262e-01 +1.7183e-01 -1.0978e+00
47 0 +8.857450189e+00 +3.649974502e+02 +3.649974502e+02 -1.1635e-02 +7.8637e-02 -1.0212e+00
51 0 +7.838053369e+00 +3.639780534e+02 +3.639780534e+02 +1.0179e-01 +4.9168e-01 -1.3095e+00
52 0 +7.715092920e+00 +3.638550929e+02 +3.638550929e+02 -5.8665e-02 -5.5070e-02 -1.2588e+00
58 0 +6.839141499e+00 +3.629791415e+02 +3.629791415e+02 +2.7585e-01 +2.9070e-01 -1.3523e+00
59 0 +4.606656183e+00 +3.607466562e+02 +3.607466562e+02 +3.4505e-01 +2.2422e-01 -1.8625e+00
66 0 +3.000554449e+00 +3.591405544e+02 +3.591405544e+02 +6.6847e-02 +9.9753e-02 -2.7166e+00
72 0 +2.779894662e+00 +3.589198947e+02 +3.589198947e+02 +7.3566e-02 +2.9835e-01 -3.1080e+00
79 0 +2.665061665e+00 +3.588050617e+02 +3.588050617e+02 -9.5937e-02 -3.3653e-01 -3.9998e+00
93 0 +1.734160179e+00 +3.578741602e+02 +3.578741602e+02 +3.1017e-01 -2.6615e-01 -4.1282e+00
132 0 +1.675533560e+00 +3.578155336e+02 +3.578155336e+02 +3.1411e-01 +8.0054e-02 -3.5548e+00
142 0 +1.488090817e+00 +3.576280908e+02 +3.576280908e+02 +3.5179e-01 -5.6887e-02 -3.3265e+00
150 0 +1.164107003e+00 +3.573041070e+02 +3.573041070e+02 +7.9250e-01 -2.4355e-01 -2.7366e+00
162 0 +7.960234249e-01 +3.569360234e+02 +3.569360234e+02 +6.2710e-01 -2.5190e-01 -3.3630e+00
166 0 +6.275979503e-01 +3.567675980e+02 +3.567675980e+02 +8.7823e-01 -3.9256e-01 -3.0146e+00
172 0 +5.729083458e-01 +3.567129083e+02 +3.567129083e+02 +1.1220e+00 -6.0675e-01 -4.2107e+00
173 0 +2.164500734e-01 +3.563564501e+02 +3.563564501e+02 +1.1261e+00 -6.8119e-01 -3.2520e+00
185 0 +7.346046996e-02 +3.562134605e+02 +3.562134605e+02 +1.2312e+00 -3.8369e-01 -3.4938e+00
211 0 +4.641395983e-02 +3.561864140e+02 +3.561864140e+02 +1.5542e+00 -6.9855e-01 -3.4537e+00
222 0 +1.442589250e-02 +3.561544259e+02 +3.561544259e+02 +1.4916e+00 -5.8892e-01 -3.4416e+00
282 0 +7.082006077e-03 +3.561470820e+02 +3.561470820e+02 +1.3854e+00 -5.6522e-01 -3.5269e+00
299 0 +3.970615834e-03 +3.561439706e+02 +3.561439706e+02 +1.4423e+00 -5.8233e-01 -3.5176e+00
346 0 +8.990257796e-04 +3.561408990e+02 +3.561408990e+02 +1.4389e+00 -5.4758e-01 -3.5377e+00
361 0 +8.453209030e-04 +3.561408453e+02 +3.561408453e+02 +1.4427e+00 -5.0506e-01 -3.5520e+00
365 0 +4.590976413e-04 +3.561404591e+02 +3.561404591e+02 +1.4409e+00 -5.2221e-01 -3.5496e+00
397 0 +1.255274082e-04 +3.561401255e+02 +3.561401255e+02 +1.4508e+00 -5.3214e-01 -3.5413e+00
418 0 +1.165924944e-04 +3.561401166e+02 +3.561401166e+02 +1.4517e+00 -5.3220e-01 -3.5417e+00
421 0 +9.897654525e-05 +3.561400990e+02 +3.561400990e+02 +1.4525e+00 -5.3057e-01 -3.5431e+00
425 0 +6.641412239e-05 +3.561400664e+02 +3.561400664e+02 +1.4563e+00 -5.2038e-01 -3.5441e+00
426 0 +5.774786996e-05 +3.561400577e+02 +3.561400577e+02 +1.4593e+00 -5.1934e-01 -3.5324e+00
466 0 +8.256219587e-06 +3.561400083e+02 +3.561400083e+02 +1.4576e+00 -5.2741e-01 -3.5368e+00
501 0 +3.943511388e-06 +3.561400039e+02 +3.561400039e+02 +1.4588e+00 -5.2674e-01 -3.5375e+00
514 0 +2.184946538e-06 +3.561400022e+02 +3.561400022e+02 +1.4597e+00 -5.2417e-01 -3.5377e+00
531 0 +1.472008421e-06 +3.561400015e+02 +3.561400015e+02 +1.4584e+00 -5.2359e-01 -3.5377e+00
543 0 +4.476146955e-07 +3.561400004e+02 +3.561400004e+02 +1.4589e+00 -5.2514e-01 -3.5379e+00
569 0 +2.407350053e-07 +3.561400002e+02 +3.561400002e+02 +1.4582e+00 -5.2471e-01 -3.5372e+00
603 0 +1.183913128e-07 +3.561400001e+02 +3.561400001e+02 +1.4584e+00 -5.2513e-01 -3.5375e+00
608 0 +5.641294365e-08 +3.561400001e+02 +3.561400001e+02 +1.4583e+00 -5.2503e-01 -3.5376e+00
627 0 +4.698620160e-08 +3.561400000e+02 +3.561400000e+02 +1.4585e+00 -5.2496e-01 -3.5375e+00
650 0 +3.714370678e-08 +3.561400000e+02 +3.561400000e+02 +1.4583e+00 -5.2474e-01 -3.5375e+00
662 0 +8.321819678e-09 +3.561400000e+02 +3.561400000e+02 +1.4583e+00 -5.2477e-01 -3.5376e+00
1105 0 +0.000000000e+00 +3.561400000e+02 +3.561400000e+02 +1.4584e+00 -5.2480e-01 -3.5376e+00
% f evaluations | g evaluations | best noise-free fitness - Fopt (-4.757000000000e+02) + sum g_i+ | measured fitness | best measured fitness or single-digit g-values | x1 | x2...
1 0 +1.522825600e+01 -4.604717440e+02 -4.604717440e+02 +0.0000e+00 +0.0000e+00 +0.0000e+00
3 0 +1.490549604e+01 -4.607945040e+02 -4.607945040e+02 +3.4094e-01 +2.4727e-01 +1.7369e-01
4 0 +1.403241993e+01 -4.616675801e+02 -4.616675801e+02 -1.1375e-01 -3.0566e-01 +1.1285e-01
6 0 +1.341882229e+01 -4.622811777e+02 -4.622811777e+02 -2.2359e-01 +8.0318e-02 +2.1275e-01
9 0 +1.232750665e+01 -4.633724933e+02 -4.633724933e+02 -2.9703e-01 -1.1338e-01 +3.3256e-01
13 0 +1.009712874e+01 -4.656028713e+02 -4.656028713e+02 -2.3537e-01 +7.0679e-02 +7.0838e-01
16 0 +9.205171036e+00 -4.664948290e+02 -4.664948290e+02 -4.8051e-02 +4.7354e-02 +8.9706e-01
24 0 +7.472032302e+00 -4.682279677e+02 -4.682279677e+02 -3.4336e-01 +2.2752e-01 +1.1825e+00
33 0 +4.164643142e+00 -4.715353569e+02 -4.715353569e+02 +5.2458e-01 +4.3726e-01 +2.5405e+00
41 0 +3.483442655e+00 -4.722165573e+02 -4.722165573e+02 +6.9704e-01 +2.3830e-01 +2.9582e+00
50 0 +2.183932032e+00 -4.735160680e+02 -4.735160680e+02 +1.0149e-01 +7.0125e-01 +3.8608e+00
86 0 +1.721836933e+00 -4.739781631e+02 -4.739781631e+02 +1.7644e-01 +2.4766e-01 +4.2682e+00
89 0 +1.346794600e+00 -4.743532054e+02 -4.743532054e+02 +2.9447e-02 +3.2799e-01 +3.6738e+00
92 0 +1.112490538e+00 -4.745875095e+02 -4.745875095e+02 +1.0055e-01 -2.0220e-01 +3.3526e+00
96 0 +2.140982162e-01 -4.754859018e+02 -4.754859018e+02 -5.9508e-01 -3.0549e-01 +3.4132e+00
134 0 +1.958718602e-01 -4.755041281e+02 -4.755041281e+02 -6.4648e-01 -7.7225e-01 +4.0208e+00
195 0 +1.883074738e-01 -4.755116925e+02 -4.755116925e+02 -4.3319e-01 -6.1997e-01 +3.7729e+00
200 0 +8.261498055e-02 -4.756173850e+02 -4.756173850e+02 -6.0084e-01 -5.5419e-01 +3.6525e+00
205 0 +7.203501934e-02 -4.756279650e+02 -4.756279650e+02 -6.2492e-01 -5.2587e-01 +3.6341e+00
209 0 +6.830003297e-02 -4.756317000e+02 -4.756317000e+02 -6.4838e-01 -6.1360e-01 +3.7054e+00
210 0 +3.850191122e-02 -4.756614981e+02 -4.756614981e+02 -6.5548e-01 -3.9233e-01 +3.8615e+00
212 0 +3.370756431e-02 -4.756662924e+02 -4.756662924e+02 -7.8276e-01 -5.7342e-01 +3.6657e+00
214 0 +1.752736579e-02 -4.756824726e+02 -4.756824726e+02 -8.2500e-01 -5.7304e-01 +3.7580e+00
260 0 +8.341994900e-03 -4.756916580e+02 -4.756916580e+02 -8.6137e-01 -3.7377e-01 +3.7382e+00
283 0 +3.012799512e-03 -4.756969872e+02 -4.756969872e+02 -7.8395e-01 -4.2662e-01 +3.7622e+00
306 0 +2.057670016e-04 -4.756997942e+02 -4.756997942e+02 -8.1929e-01 -4.3913e-01 +3.7959e+00
324 0 +1.280488368e-04 -4.756998720e+02 -4.756998720e+02 -8.2816e-01 -4.4449e-01 +3.7760e+00
357 0 +1.191300418e-04 -4.756998809e+02 -4.756998809e+02 -8.2245e-01 -4.4315e-01 +3.7790e+00
368 0 +4.172184401e-05 -4.756999583e+02 -4.756999583e+02 -8.3509e-01 -4.4106e-01 +3.7889e+00
382 0 +3.056985184e-05 -4.756999694e+02 -4.756999694e+02 -8.2665e-01 -4.4867e-01 +3.7870e+00
389 0 +1.252719369e-05 -4.756999875e+02 -4.756999875e+02 -8.2904e-01 -4.4714e-01 +3.7887e+00
420 0 +6.594731644e-06 -4.756999934e+02 -4.756999934e+02 -8.3043e-01 -4.4562e-01 +3.7890e+00
433 0 +5.626791108e-06 -4.756999944e+02 -4.756999944e+02 -8.3060e-01 -4.4212e-01 +3.7882e+00
444 0 +1.915695066e-06 -4.756999981e+02 -4.756999981e+02 -8.3025e-01 -4.4338e-01 +3.7883e+00
458 0 +6.886823485e-07 -4.756999993e+02 -4.756999993e+02 -8.3013e-01 -4.4443e-01 +3.7877e+00
464 0 +3.626874445e-07 -4.756999996e+02 -4.756999996e+02 -8.2985e-01 -4.4362e-01 +3.7868e+00
476 0 +2.355116635e-07 -4.756999998e+02 -4.756999998e+02 -8.2985e-01 -4.4431e-01 +3.7869e+00
480 0 +6.164344768e-08 -4.756999999e+02 -4.756999999e+02 -8.2976e-01 -4.4386e-01 +3.7873e+00
514 0 +1.563563501e-08 -4.757000000e+02 -4.757000000e+02 -8.2971e-01 -4.4395e-01 +3.7872e+00
518 0 +7.825974535e-09 -4.757000000e+02 -4.757000000e+02 -8.2961e-01 -4.4408e-01 +3.7872e+00
864 0 +0.000000000e+00 -4.757000000e+02 -4.757000000e+02 -8.2960e-01 -4.4400e-01 +3.7872e+00
% f evaluations | g evaluations | best noise-free fitness - Fopt (-1.000000000000e+03) + sum g_i+ | measured fitness | best measured fitness or single-digit g-values | x1 | x2...
1 0 +3.942506816e+01 -9.605749318e+02 -9.605749318e+02 +0.0000e+00 +0.0000e+00 +0.0000e+00
3 0 +3.928602681e+01 -9.607139732e+02 -9.607139732e+02 +3.4094e-01 +2.4727e-01 +1.7369e-01
5 0 +3.622446926e+01 -9.637755307e+02 -9.637755307e+02 -1.5359e-01 +2.4817e-01 +6.3376e-02
9 0 +3.433344314e+01 -9.656665569e+02 -9.656665569e+02 -3.1970e-01 +7.3612e-02 +3.1889e-01
10 0 +3.354557477e+01 -9.664544252e+02 -9.664544252e+02 -5.1855e-01 +3.9422e-01 -3.4474e-02
13 0 +3.085336789e+01 -9.691466321e+02 -9.691466321e+02 -2.5991e-01 +2.8440e-01 +7.1956e-01
16 0 +2.975647216e+01 -9.702435278e+02 -9.702435278e+02 -2.1747e-01 +4.6181e-01 +7.7877e-01
20 0 +2.922247562e+01 -9.707775244e+02 -9.707775244e+02 -5.5629e-01 +5.7644e-01 +3.9373e-01
21 0 +2.745534679e+01 -9.725446532e+02 -9.725446532e+02 -9.7982e-01 +7.0719e-01 +1.7566e-01
23 0 +1.693591771e+01 -9.830640823e+02 -9.830640823e+02 -1.6973e+00 +1.4846e+00 +7.1119e-01
30 0 +1.523554198e+01 -9.847644580e+02 -9.847644580e+02 -2.0519e+00 +1.7623e+00 +6.1194e-01
35 0 +1.148887541e+01 -9.885111246e+02 -9.885111246e+02 -2.4866e+00 +1.7893e+00 +1.0107e+00
40 0 +8.227274923e+00 -9.917727251e+02 -9.917727251e+02 -5.6963e+00 +4.3333e+00 +1.8310e+00
44 0 +7.376333455e+00 -9.926236665e+02 -9.926236665e+02 -4.4689e+00 +4.4241e+00 +1.3419e+00
48 0 +2.824790353e+00 -9.971752096e+02 -9.971752096e+02 -3.3292e+00 +4.1916e+00 +2.3749e+00
139 0 +8.978669244e-01 -9.991021331e+02 -9.991021331e+02 -4.0456e+00 +4.1008e+00 +3.2517e+00
209 0 +8.770702202e-01 -9.991229298e+02 -9.991229298e+02 -3.5912e+00 +4.0188e+00 +3.1442e+00
223 0 +7.144945101e-01 -9.992855055e+02 -9.992855055e+02 -3.7276e+00 +3.8311e+00 +3.0625e+00
229 0 +6.846708672e-01 -9.993153291e+02 -9.993153291e+02 -3.3018e+00 +3.8903e+00 +3.4002e+00
240 0 +6.092370470e-01 -9.993907630e+02 -9.993907630e+02 -3.6083e+00 +4.0748e+00 +3.7974e+00
257 0 +5.125194433e-01 -9.994874806e+02 -9.994874806e+02 -3.6408e+00 +3.9156e+00 +3.3673e+00
284 0 +4.504953698e-01 -9.995495046e+02 -9.995495046e+02 -3.4300e+00 +3.8502e+00 +3.5529e+00
291 0 +3.805843671e-01 -9.996194156e+02 -9.996194156e+02 -3.3862e+00 +3.7671e+00 +3.6387e+00
305 0 +2.943143179e-01 -9.997056857e+02 -9.997056857e+02 -3.4242e+00 +3.6954e+00 +3.6256e+00
312 0 +1.346213100e-01 -9.998653787e+02 -9.998653787e+02 -3.6576e+00 +3.5847e+00 +3.5220e+00
317 0 +1.008767480e-01 -9.998991233e+02 -9.998991233e+02 -3.5663e+00 +3.5309e+00 +3.7687e+00
322 0 +7.755395129e-02 -9.999224460e+02 -9.999224460e+02 -3.5564e+00 +3.2171e+00 +3.8110e+00
326 0 +1.602367430e-02 -9.999839763e+02 -9.999839763e+02 -3.7369e+00 +3.3334e+00 +3.6251e+00
358 0 +1.423066549e-02 -9.999857693e+02 -9.999857693e+02 -3.7510e+00 +3.2943e+00 +3.8369e+00
404 0 +1.007660292e-02 -9.999899234e+02 -9.999899234e+02 -3.7478e+00 +3.3438e+00 +3.6515e+00
408 0 +9.420932557e-03 -9.999905791e+02 -9.999905791e+02 -3.7615e+00 +3.2876e+00 +3.6516e+00
410 0 +6.385044797e-03 -9.999936150e+02 -9.999936150e+02 -3.7736e+00 +3.2753e+00 +3.6744e+00
418 0 +6.079567606e-03 -9.999939204e+02 -9.999939204e+02 -3.7507e+00 +3.3375e+00 +3.6767e+00
419 0 +5.086913312e-03 -9.999949131e+02 -9.999949131e+02 -3.7761e+00 +3.2786e+00 +3.6823e+00
422 0 +1.857028537e-03 -9.999981430e+02 -9.999981430e+02 -3.7703e+00 +3.3246e+00 +3.7043e+00
437 0 +1.122267831e-03 -9.999988777e+02 -9.999988777e+02 -3.7717e+00 +3.3179e+00 +3.7456e+00
444 0 +2.950858790e-04 -9.999997049e+02 -9.999997049e+02 -3.7983e+00 +3.3052e+00 +3.7295e+00
464 0 +6.258772146e-05 -9.999999374e+02 -9.999999374e+02 -3.8039e+00 +3.3254e+00 +3.7396e+00
527 0 +5.891032617e-05 -9.999999411e+02 -9.999999411e+02 -3.8063e+00 +3.3277e+00 +3.7355e+00
531 0 +1.689175440e-05 -9.999999831e+02 -9.999999831e+02 -3.8017e+00 +3.3247e+00 +3.7354e+00
543 0 +1.127460268e-05 -9.999999887e+02 -9.999999887e+02 -3.7994e+00 +3.3203e+00 +3.7334e+00
548 0 +5.882232358e-06 -9.999999941e+02 -9.999999941e+02 -3.8011e+00 +3.3209e+00 +3.7347e+00
569 0 +6.100055998e-07 -9.999999994e+02 -9.999999994e+02 -3.8031e+00 +3.3220e+00 +3.7327e+00
572 0 +3.681583394e-07 -9.999999996e+02 -9.999999996e+02 -3.8022e+00 +3.3211e+00 +3.7326e+00
603 0 +5.325330221e-08 -9.999999999e+02 -9.999999999e+02 -3.8024e+00 +3.3215e+00 +3.7326e+00
660 0 +2.109618435e-08 -1.000000000e+03 -1.000000000e+03 -3.8025e+00 +3.3216e+00 +3.7329e+00
665 0 +1.229477675e-08 -1.000000000e+03 -1.000000000e+03 -3.8025e+00 +3.3216e+00 +3.7328e+00
689 0 +9.348013918e-09 -1.000000000e+03 -1.000000000e+03 -3.8025e+00 +3.3216e+00 +3.7328e+00
947 0 +0.000000000e+00 -1.000000000e+03 -1.000000000e+03 -3.8024e+00 +3.3216e+00 +3.7328e+00
% f evaluations | g evaluations | best noise-free fitness - Fopt (-4.158000000000e+01) + sum g_i+ | measured fitness | best measured fitness or single-digit g-values | x1 | x2...
1 0 +1.834012736e+01 -2.323987264e+01 -2.323987264e+01 +0.0000e+00 +0.0000e+00 +0.0000e+00
3 0 +1.781926631e+01 -2.376073369e+01 -2.376073369e+01 +3.4094e-01 +2.4727e-01 +1.7369e-01
5 0 +1.759462773e+01 -2.398537227e+01 -2.398537227e+01 -1.5359e-01 +2.4817e-01 +6.3376e-02
10 0 +1.614718475e+01 -2.543281525e+01 -2.543281525e+01 -3.4804e-01 +4.3509e-01 -7.0415e-02
15 0 +1.549977469e+01 -2.608022531e+01 -2.608022531e+01 +3.0805e-01 +4.1548e-01 -5.9388e-02
17 0 +1.243787676e+01 -2.914212324e+01 -2.914212324e+01 -8.6557e-02 +8.9367e-01 -2.8600e-01
25 0 +1.229518051e+01 -2.928481949e+01 -2.928481949e+01 -7.3408e-01 +1.1122e+00 -4.0043e-01
29 0 +1.150950996e+01 -3.007049004e+01 -3.007049004e+01 -6.1532e-01 +9.6566e-01 -5.9260e-01
30 0 +9.748272219e+00 -3.183172778e+01 -3.183172778e+01 -1.3966e+00 +1.8752e+00 -9.4313e-01
32 0 +7.156109194e+00 -3.442389081e+01 -3.442389081e+01 -9.7543e-01 +2.2195e+00 -1.0686e+00
44 0 +4.454835363e+00 -3.712516464e+01 -3.712516464e+01 -1.0259e+00 +2.6769e+00 -1.8004e+00
58 0 +4.193880035e+00 -3.738611997e+01 -3.738611997e+01 -8.0311e-01 +1.9882e+00 -1.9192e+00
59 0 +3.217196848e+00 -3.836280315e+01 -3.836280315e+01 -1.0037e+00 +2.1785e+00 -2.6922e+00
73 0 +3.156503844e+00 -3.842349616e+01 -3.842349616e+01 -6.0530e-01 +2.9751e+00 -1.8358e+00
77 0 +1.303036024e+00 -4.027696398e+01 -4.027696398e+01 -3.6847e-02 +2.6381e+00 -2.2132e+00
84 0 +6.103557427e-01 -4.096964426e+01 -4.096964426e+01 +1.2066e-01 +2.2629e+00 -2.9507e+00
112 0 +4.632412161e-01 -4.111675878e+01 -4.111675878e+01 -5.9718e-02 +2.6788e+00 -3.1076e+00
113 0 +2.879774392e-01 -4.129202256e+01 -4.129202256e+01 +6.7118e-02 +2.8348e+00 -3.0586e+00
156 0 +2.471202007e-01 -4.133287980e+01 -4.133287980e+01 +1.9910e-01 +2.5698e+00 -3.2284e+00
167 0 +2.048608324e-01 -4.137513917e+01 -4.137513917e+01 +2.6399e-01 +2.5504e+00 -3.1835e+00
168 0 +1.866736302e-01 -4.139332637e+01 -4.139332637e+01 +2.0075e-01 +2.7201e+00 -3.2452e+00
171 0 +1.465932882e-01 -4.143340671e+01 -4.143340671e+01 +2.8005e-01 +2.6761e+00 -3.2582e+00
183 0 +1.266397528e-01 -4.145336025e+01 -4.145336025e+01 +3.0203e-01 +2.8269e+00 -3.3341e+00
185 0 +2.848292123e-02 -4.155151708e+01 -4.155151708e+01 +5.1896e-01 +2.8157e+00 -3.2822e+00
211 0 +2.793499020e-02 -4.155206501e+01 -4.155206501e+01 +5.6613e-01 +3.0016e+00 -3.2069e+00
213 0 +3.820604574e-03 -4.157617940e+01 -4.157617940e+01 +6.1079e-01 +2.8485e+00 -3.0774e+00
231 0 +2.024595801e-03 -4.157797540e+01 -4.157797540e+01 +6.3705e-01 +2.8428e+00 -3.1184e+00
260 0 +3.584474027e-04 -4.157964155e+01 -4.157964155e+01 +5.8761e-01 +2.8677e+00 -3.1315e+00
266 0 +2.790879831e-04 -4.157972091e+01 -4.157972091e+01 +6.0753e-01 +2.8481e+00 -3.1502e+00
312 0 +5.097430083e-05 -4.157994903e+01 -4.157994903e+01 +5.9574e-01 +2.8522e+00 -3.1445e+00
326 0 +5.225446323e-06 -4.157999477e+01 -4.157999477e+01 +5.9578e-01 +2.8542e+00 -3.1379e+00
424 0 +1.677874081e-06 -4.157999832e+01 -4.157999832e+01 +5.9821e-01 +2.8539e+00 -3.1377e+00
425 0 +1.448800930e-06 -4.157999855e+01 -4.157999855e+01 +5.9753e-01 +2.8519e+00 -3.1384e+00
464 0 +4.936051141e-07 -4.157999951e+01 -4.157999951e+01 +5.9724e-01 +2.8530e+00 -3.1382e+00
472 0 +1.481182963e-07 -4.157999985e+01 -4.157999985e+01 +5.9735e-01 +2.8525e+00 -3.1375e+00
521 0 +7.912140632e-08 -4.157999992e+01 -4.157999992e+01 +5.9769e-01 +2.8528e+00 -3.1373e+00
537 0 +4.709033163e-08 -4.157999995e+01 -4.157999995e+01 +5.9778e-01 +2.8529e+00 -3.1375e+00
626 0 +3.794281156e-08 -4.157999996e+01 -4.157999996e+01 +5.9755e-01 +2.8527e+00 -3.1374e+00
642 0 +2.314433090e-08 -4.157999998e+01 -4.157999998e+01 +5.9762e-01 +2.8529e+00 -3.1375e+00
648 0 +1.048252329e-08 -4.157999999e+01 -4.157999999e+01 +5.9759e-01 +2.8529e+00 -3.1376e+00
665 0 +5.479051879e-09 -4.157999999e+01 -4.157999999e+01 +5.9753e-01 +2.8528e+00 -3.1376e+00
997 0 +0.000000000e+00 -4.158000000e+01 -4.158000000e+01 +5.9760e-01 +2.8528e+00 -3.1376e+00
