% f evaluations | g evaluations | best noise-free fitness - Fopt (1.491500000000e+02) + sum g_i+ | measured fitness | best measured fitness or single-digit g-values | x1 | x2...
1 0 +6.626101642e+00 +1.557761016e+02 +1.557761016e+02 +0.0000e+00 +0.0000e+00
4 0 +2.400353056e+00 +1.515503531e+02 +1.515503531e+02 +2.4727e-01 +1.7369e-01
6 0 +2.192971129e+00 +1.513429711e+02 +1.513429711e+02 +1.1285e-01 -1.5359e-01
7 0 +2.158499932e+00 +1.513084999e+02 +1.513084999e+02 +1.8006e-01 +1.0050e-02
13 0 +9.317684487e-01 +1.500817684e+02 +1.500817684e+02 +1.3372e-01 +1.3739e-01
19 0 +3.098779841e-02 +1.491809878e+02 +1.491809878e+02 +1.2069e-01 +1.2628e-02
83 0 +3.058341777e-02 +1.491805834e+02 +1.491805834e+02 +1.1762e-01 +7.3820e-03
190 0 +3.006828181e-02 +1.491800683e+02 +1.491800683e+02 +1.1794e-01 +4.5204e-03
196 0 +2.917259802e-02 +1.491791726e+02 +1.491791726e+02 +1.1545e-01 +3.3677e-04
210 0 +2.784256891e-02 +1.491778426e+02 +1.491778426e+02 +1.0777e-01 -1.4722e-02
212 0 +2.435411462e-02 +1.491743541e+02 +1.491743541e+02 +9.7308e-02 -3.9215e-02
220 0 +1.932034345e-02 +1.491693203e+02 +1.491693203e+02 +8.3785e-02 -7.3325e-02
225 0 +8.611567822e-03 +1.491586116e+02 +1.491586116e+02 +3.2484e-02 -1.8470e-01
231 0 +7.578127830e-03 +1.491575781e+02 +1.491575781e+02 -5.5420e-03 -2.6187e-01
232 0 +1.298663924e-03 +1.491512987e+02 +1.491512987e+02 -2.3523e-02 -3.0472e-01
279 0 +1.232950341e-03 +1.491512330e+02 +1.491512330e+02 -2.4821e-02 -3.1088e-01
282 0 +5.841724716e-04 +1.491505842e+02 +1.491505842e+02 -3.7315e-02 -3.3308e-01
293 0 +3.536388584e-04 +1.491503536e+02 +1.491503536e+02 -6.9040e-02 -3.9956e-01
295 0 +8.175877508e-05 +1.491500818e+02 +1.491500818e+02 -5.0149e-02 -3.5992e-01
469 0 +6.731711395e-05 +1.491500673e+02 +1.491500673e+02 -5.8644e-02 -3.7693e-01
474 0 +9.906656175e-06 +1.491500099e+02 +1.491500099e+02 -5.4732e-02 -3.6955e-01
483 0 +3.842727409e-06 +1.491500038e+02 +1.491500038e+02 -5.5980e-02 -3.7254e-01
492 0 +2.291946544e-07 +1.491500002e+02 +1.491500002e+02 -5.5254e-02 -3.7086e-01
556 0 +4.809928100e-08 +1.491500000e+02 +1.491500000e+02 -5.5410e-02 -3.7123e-01
581 0 +4.499358397e-08 +1.491500000e+02 +1.491500000e+02 -5.5369e-02 -3.7112e-01
583 0 +4.377687901e-08 +1.491500000e+02 +1.491500000e+02 -5.5366e-02 -3.7114e-01
588 0 +4.217835681e-08 +1.491500000e+02 +1.491500000e+02 -5.5343e-02 -3.7107e-01
590 0 +9.324168104e-09 +1.491500000e+02 +1.491500000e+02 -5.5160e-02 -3.7071e-01
880 0 +0.000000000e+00 +1.491500000e+02 +1.491500000e+02 -5.5200e-02 -3.7080e-01
% f evaluations | g evaluations | best noise-free fitness - Fopt (-1.000000000000e+03) + sum g_i+ | measured fitness | best measured fitness or single-digit g-values | x1 | x2...
1 0 +2.246386374e+04 +2.146386374e+04 +2.146386374e+04 +0.0000e+00 +0.0000e+00
5 0 +2.082526356e+04 +1.982526356e+04 +1.982526356e+04 -1.1375e-01 -3.0566e-01
9 0 +1.881554012e+04 +1.781554012e+04 +1.781554012e+04 -1.5904e-01 +7.2161e-02
15 0 +1.669402347e+04 +1.569402347e+04 +1.569402347e+04 -2.5385e-01 +1.7801e-01
16 0 +1.295992241e+04 +1.195992241e+04 +1.195992241e+04 -4.6938e-01 +2.1135e-01
32 0 +1.194183206e+04 +1.094183206e+04 +1.094183206e+04 -5.0802e-01 +4.0807e-01
41 0 +8.106442024e+03 +7.106442024e+03 +7.106442024e+03 -8.0362e-01 +4.4482e-01
57 0 +4.799607675e+03 +3.799607675e+03 +3.799607675e+03 -1.1101e+00 +7.4779e-01
64 0 +4.622127177e+03 +3.622127177e+03 +3.622127177e+03 -1.1674e+00 +5.6685e-01
66 0 +3.690722688e+02 -6.309277312e+02 -6.309277312e+02 -2.0258e+00 +1.5782e+00
68 0 +9.970540745e+01 -9.002945926e+02 -9.002945926e+02 -2.8821e+00 +2.1085e+00
71 0 +4.186629831e+01 -9.581337017e+02 -9.581337017e+02 -2.7042e+00 +2.1322e+00
84 0 +1.443122357e+01 -9.855687764e+02 -9.855687764e+02 -6.1753e+00 +5.7752e+00
95 0 +2.864264870e+00 -9.971357351e+02 -9.971357351e+02 -2.4997e+00 +2.1606e+00
160 0 +2.424475712e+00 -9.975755243e+02 -9.975755243e+02 -2.6621e+00 +1.7380e+00
222 0 +1.886250829e+00 -9.981137492e+02 -9.981137492e+02 -2.5644e+00 +1.6903e+00
228 0 +8.003632691e-01 -9.991996367e+02 -9.991996367e+02 -2.6220e+00 +1.7667e+00
236 0 +9.216972803e-02 -9.999078303e+02 -9.999078303e+02 -2.6089e+00 +1.7312e+00
265 0 +6.672315843e-02 -9.999332768e+02 -9.999332768e+02 -2.5907e+00 +1.7558e+00
298 0 +6.189113803e-02 -9.999381089e+02 -9.999381089e+02 -2.5995e+00 +1.7365e+00
322 0 +5.739181517e-02 -9.999426082e+02 -9.999426082e+02 -2.6120e+00 +1.7087e+00
344 0 +5.544361466e-02 -9.999445564e+02 -9.999445564e+02 -2.6130e+00 +1.7034e+00
494 0 +5.385470971e-02 -9.999461453e+02 -9.999461453e+02 -2.6168e+00 +1.6947e+00
502 0 +5.341627455e-02 -9.999465837e+02 -9.999465837e+02 -2.6186e+00 +1.6911e+00
504 0 +5.187618733e-02 -9.999481238e+02 -9.999481238e+02 -2.6208e+00 +1.6818e+00
508 0 +5.103947561e-02 -9.999489605e+02 -9.999489605e+02 -2.6242e+00 +1.6777e+00
511 0 +4.983529198e-02 -9.999501647e+02 -9.999501647e+02 -2.6251e+00 +1.6721e+00
512 0 +4.715114275e-02 -9.999528489e+02 -9.999528489e+02 -2.6349e+00 +1.6448e+00
518 0 +4.354873142e-02 -9.999564513e+02 -9.999564513e+02 -2.6468e+00 +1.6145e+00
528 0 +3.935936069e-02 -9.999606406e+02 -9.999606406e+02 -2.6510e+00 +1.6078e+00
533 0 +3.201507252e-02 -9.999679849e+02 -9.999679849e+02 -2.6719e+00 +1.5574e+00
539 0 +2.722872049e-02 -9.999727713e+02 -9.999727713e+02 -2.7014e+00 +1.4842e+00
543 0 +1.814203873e-02 -9.999818580e+02 -9.999818580e+02 -2.7217e+00 +1.4501e+00
547 0 +1.473824748e-02 -9.999852618e+02 -9.999852618e+02 -2.7303e+00 +1.4233e+00
553 0 +8.170376514e-03 -9.999918296e+02 -9.999918296e+02 -2.7588e+00 +1.3621e+00
554 0 +5.233477354e-03 -9.999947665e+02 -9.999947665e+02 -2.7824e+00 +1.3096e+00
662 0 +4.282765086e-03 -9.999957172e+02 -9.999957172e+02 -2.7832e+00 +1.3101e+00
675 0 +4.180427721e-03 -9.999958196e+02 -9.999958196e+02 -2.7859e+00 +1.3034e+00
679 0 +4.088412910e-03 -9.999959116e+02 -9.999959116e+02 -2.7922e+00 +1.2886e+00
683 0 +3.517787597e-03 -9.999964822e+02 -9.999964822e+02 -2.7892e+00 +1.2986e+00
684 0 +3.462766941e-03 -9.999965372e+02 -9.999965372e+02 -2.8178e+00 +1.2332e+00
685 0 +2.393454261e-03 -9.999976065e+02 -9.999976065e+02 -2.8035e+00 +1.2659e+00
693 0 +2.191904797e-03 -9.999978081e+02 -9.999978081e+02 -2.8198e+00 +1.2306e+00
698 0 +1.957511206e-03 -9.999980425e+02 -9.999980425e+02 -2.8048e+00 +1.2644e+00
703 0 +1.897704650e-03 -9.999981023e+02 -9.999981023e+02 -2.8198e+00 +1.2308e+00
707 0 +6.939191915e-04 -9.999993061e+02 -9.999993061e+02 -2.8518e+00 +1.1668e+00
713 0 +3.725370287e-04 -9.999996275e+02 -9.999996275e+02 -2.8444e+00 +1.1824e+00
725 0 +1.949769475e-04 -9.999998050e+02 -9.999998050e+02 -2.8497e+00 +1.1723e+00
732 0 +1.594112549e-04 -9.999998406e+02 -9.999998406e+02 -2.8406e+00 +1.1908e+00
737 0 +5.361579088e-05 -9.999999464e+02 -9.999999464e+02 -2.8456e+00 +1.1812e+00
750 0 +3.271159881e-05 -9.999999673e+02 -9.999999673e+02 -2.8430e+00 +1.1872e+00
754 0 +4.619722290e-06 -9.999999954e+02 -9.999999954e+02 -2.8486e+00 +1.1755e+00
775 0 +5.055537713e-07 -9.999999995e+02 -9.999999995e+02 -2.8489e+00 +1.1752e+00
830 0 +4.677544894e-07 -9.999999995e+02 -9.999999995e+02 -2.8477e+00 +1.1776e+00
847 0 +9.768086784e-08 -9.999999999e+02 -9.999999999e+02 -2.8484e+00 +1.1761e+00
853 0 +8.381437056e-08 -9.999999999e+02 -9.999999999e+02 -2.8482e+00 +1.1766e+00
861 0 +2.357785434e-08 -1.000000000e+03 -1.000000000e+03 -2.8483e+00 +1.1765e+00
871 0 +2.012927780e-08 -1.000000000e+03 -1.000000000e+03 -2.8483e+00 +1.1764e+00
875 0 +4.906723916e-09 -1.000000000e+03 -1.000000000e+03 -2.8483e+00 +1.1765e+00
1078 0 +0.000000000e+00 -1.000000000e+03 -1.000000000e+03 -2.8482e+00 +1.1766e+00
% f evaluations | g evaluations | best noise-free fitness - Fopt (9.862000000000e+01) + sum g_i+ | measured fitness | best measured fitness or single-digit g-values | x1 | x2...
1 0 +1.240686796e+02 +2.226886796e+02 +2.226886796e+02 +0.0000e+00 +0.0000e+00
5 0 +1.042859144e+02 +2.029059144e+02 +2.029059144e+02 -1.1375e-01 -3.0566e-01
9 0 +2.441585893e+01 +1.230358589e+02 +1.230358589e+02 -1.5904e-01 +7.2161e-02
11 0 +2.213498422e+01 +1.207549842e+02 +1.207549842e+02 -1.6664e-01 +7.0952e-02
15 0 +9.580457622e-01 +9.957804576e+01 +9.957804576e+01 -2.5385e-01 +1.7801e-01
17 0 +8.966407431e-01 +9.951664074e+01 +9.951664074e+01 -3.1200e-01 +1.0178e-03
25 0 +3.435209397e-01 +9.896352094e+01 +9.896352094e+01 -2.9081e-01 +1.7366e-01
43 0 +3.266311008e-01 +9.894663110e+01 +9.894663110e+01 -2.8499e-01 +1.8692e-01
64 0 +2.623456872e-01 +9.888234569e+01 +9.888234569e+01 -2.9301e-01 +1.3877e-01
212 0 +2.564126069e-01 +9.887641261e+01 +9.887641261e+01 -3.0075e-01 +1.1998e-01
225 0 +2.476971428e-01 +9.886769714e+01 +9.886769714e+01 -3.2643e-01 +5.2566e-02
238 0 +2.220991866e-01 +9.884209919e+01 +9.884209919e+01 -3.7472e-01 -8.2359e-02
274 0 +2.132577777e-01 +9.883325778e+01 +9.883325778e+01 -3.6028e-01 -4.7626e-02
290 0 +2.016438388e-01 +9.882164384e+01 +9.882164384e+01 -4.0350e-01 -1.6295e-01
294 0 +1.877088524e-01 +9.880770885e+01 +9.880770885e+01 -4.0728e-01 -1.7648e-01
297 0 +1.843495995e-01 +9.880434960e+01 +9.880434960e+01 -3.9843e-01 -1.5506e-01
303 0 +1.405090805e-01 +9.876050908e+01 +9.876050908e+01 -4.7992e-01 -3.7281e-01
311 0 +9.838251827e-02 +9.871838252e+01 +9.871838252e+01 -5.2750e-01 -5.0071e-01
314 0 +9.453552088e-02 +9.871453552e+01 +9.871453552e+01 -5.0803e-01 -4.5725e-01
317 0 +7.216572294e-02 +9.869216572e+01 +9.869216572e+01 -5.5242e-01 -5.6926e-01
321 0 +6.587970307e-02 +9.868587970e+01 +9.868587970e+01 -6.1959e-01 -7.5986e-01
324 0 +4.870482118e-02 +9.866870482e+01 +9.866870482e+01 -5.8469e-01 -6.5907e-01
327 0 +4.650210286e-02 +9.866650210e+01 +9.866650210e+01 -6.3024e-01 -7.7986e-01
338 0 +4.269093367e-02 +9.866269093e+01 +9.866269093e+01 -6.1481e-01 -7.3881e-01
370 0 +4.012028515e-02 +9.866012029e+01 +9.866012029e+01 -6.0584e-01 -7.1126e-01
380 0 +3.909018950e-02 +9.865909019e+01 +9.865909019e+01 -6.2527e-01 -7.6377e-01
386 0 +3.753551509e-02 +9.865753552e+01 +9.865753552e+01 -6.4035e-01 -8.0111e-01
391 0 +3.413370561e-02 +9.865413371e+01 +9.865413371e+01 -6.2617e-01 -7.6225e-01
420 0 +3.243943911e-02 +9.865243944e+01 +9.865243944e+01 -6.2992e-01 -7.6237e-01
421 0 +3.066994415e-02 +9.865066994e+01 +9.865066994e+01 -6.3047e-01 -7.6898e-01
422 0 +2.401278200e-02 +9.864401278e+01 +9.864401278e+01 -6.6544e-01 -8.5544e-01
442 0 +1.730716265e-02 +9.863730716e+01 +9.863730716e+01 -6.7380e-01 -8.6709e-01
452 0 +1.018639130e-02 +9.863018639e+01 +9.863018639e+01 -7.2739e-01 -9.9256e-01
478 0 +6.814395999e-03 +9.862681440e+01 +9.862681440e+01 -7.2301e-01 -9.7589e-01
484 0 +5.864926639e-03 +9.862586493e+01 +9.862586493e+01 -7.3964e-01 -1.0163e+00
489 0 +7.792902272e-04 +9.862077929e+01 +9.862077929e+01 -7.8471e-01 -1.1083e+00
523 0 +7.387921763e-04 +9.862073879e+01 +9.862073879e+01 -7.7807e-01 -1.0930e+00
524 0 +2.366679195e-04 +9.862023667e+01 +9.862023667e+01 -7.8994e-01 -1.1168e+00
527 0 +7.443976956e-05 +9.862007444e+01 +9.862007444e+01 -8.0285e-01 -1.1423e+00
585 0 +5.618914638e-05 +9.862005619e+01 +9.862005619e+01 -7.9777e-01 -1.1330e+00
620 0 +3.483347508e-05 +9.862003483e+01 +9.862003483e+01 -8.0729e-01 -1.1525e+00
621 0 +1.397380957e-05 +9.862001397e+01 +9.862001397e+01 -8.0179e-01 -1.1408e+00
624 0 +3.984561047e-06 +9.862000398e+01 +9.862000398e+01 -8.0358e-01 -1.1447e+00
642 0 +7.295867874e-07 +9.862000073e+01 +9.862000073e+01 -8.0463e-01 -1.1466e+00
667 0 +2.747272276e-08 +9.862000003e+01 +9.862000003e+01 -8.0521e-01 -1.1478e+00
715 0 +1.171571284e-08 +9.862000001e+01 +9.862000001e+01 -8.0530e-01 -1.1480e+00
727 0 +6.504137673e-09 +9.862000001e+01 +9.862000001e+01 -8.0512e-01 -1.1477e+00
922 0 +0.000000000e+00 +9.862000000e+01 +9.862000000e+01 -8.0520e-01 -1.1478e+00
% f evaluations | g evaluations | best noise-free fitness - Fopt (-4.715000000000e+01) + sum g_i+ | measured fitness | best measured fitness or single-digit g-values | x1 | x2...
1 0 +2.023435653e-01 -4.694765643e+01 -4.694765643e+01 +0.0000e+00 +0.0000e+00
5 0 +6.838870793e-02 -4.708161129e+01 -4.708161129e+01 -1.1375e-01 -3.0566e-01
212 0 +6.340399930e-02 -4.708659600e+01 -4.708659600e+01 -8.3017e-02 -2.3995e-01
220 0 +6.062714981e-02 -4.708937285e+01 -4.708937285e+01 -1.4547e-01 -4.1269e-01
221 0 +5.215351107e-02 -4.709784649e+01 -4.709784649e+01 -1.0249e-01 -2.9165e-01
223 0 +4.775175757e-02 -4.710224824e+01 -4.710224824e+01 -1.2398e-01 -3.5217e-01
226 0 +2.827641573e-02 -4.712172358e+01 -4.712172358e+01 -1.7496e-01 -4.7187e-01
296 0 +2.609164784e-02 -4.712390835e+01 -4.712390835e+01 -1.6963e-01 -4.5448e-01
302 0 +2.569174960e-02 -4.712430825e+01 -4.712430825e+01 -1.7076e-01 -4.5457e-01
305 0 +2.316396729e-02 -4.712683603e+01 -4.712683603e+01 -1.7847e-01 -4.7402e-01
310 0 +2.132130060e-02 -4.712867870e+01 -4.712867870e+01 -1.9175e-01 -4.9950e-01
313 0 +1.960720923e-02 -4.713039279e+01 -4.713039279e+01 -1.9059e-01 -5.0118e-01
317 0 +1.785245799e-02 -4.713214754e+01 -4.713214754e+01 -2.2078e-01 -5.7690e-01
319 0 +1.356606264e-02 -4.713643394e+01 -4.713643394e+01 -2.1449e-01 -5.5623e-01
325 0 +1.163469915e-02 -4.713836530e+01 -4.713836530e+01 -2.2545e-01 -5.8204e-01
330 0 +7.511939074e-03 -4.714248806e+01 -4.714248806e+01 -2.4503e-01 -6.2117e-01
331 0 +6.463655569e-03 -4.714353634e+01 -4.714353634e+01 -2.6183e-01 -6.6290e-01
336 0 +3.802699783e-03 -4.714619730e+01 -4.714619730e+01 -2.7963e-01 -6.9993e-01
345 0 +4.841930329e-05 -4.714995158e+01 -4.714995158e+01 -3.3416e-01 -8.0751e-01
499 0 +4.655640500e-05 -4.714995344e+01 -4.714995344e+01 -3.3228e-01 -8.0502e-01
507 0 +4.299802828e-05 -4.714995700e+01 -4.714995700e+01 -3.3411e-01 -8.0745e-01
508 0 +1.881386587e-05 -4.714998119e+01 -4.714998119e+01 -3.3463e-01 -8.0920e-01
511 0 +1.808221156e-05 -4.714998192e+01 -4.714998192e+01 -3.3437e-01 -8.0833e-01
513 0 +6.233167589e-06 -4.714999377e+01 -4.714999377e+01 -3.3308e-01 -8.0592e-01
521 0 +6.156371199e-07 -4.714999938e+01 -4.714999938e+01 -3.3092e-01 -8.0157e-01
564 0 +1.703650625e-07 -4.714999983e+01 -4.714999983e+01 -3.3055e-01 -8.0095e-01
573 0 +1.134395120e-07 -4.714999989e+01 -4.714999989e+01 -3.3093e-01 -8.0165e-01
582 0 +8.244578709e-08 -4.714999992e+01 -4.714999992e+01 -3.3056e-01 -8.0095e-01
589 0 +6.148648168e-08 -4.714999994e+01 -4.714999994e+01 -3.3082e-01 -8.0143e-01
626 0 +5.384465140e-08 -4.714999995e+01 -4.714999995e+01 -3.3077e-01 -8.0136e-01
628 0 +1.831989493e-08 -4.714999998e+01 -4.714999998e+01 -3.3065e-01 -8.0111e-01
640 0 +9.625182429e-09 -4.714999999e+01 -4.714999999e+01 -3.3065e-01 -8.0111e-01
1028 0 +0.000000000e+00 -4.715000000e+01 -4.715000000e+01 -3.3060e-01 -8.0100e-01
% f evaluations | g evaluations | best noise-free fitness - Fopt (3.752000000000e+01) + sum g_i+ | measured fitness | best measured fitness or single-digit g-values | x1 | x2...
1 0 +6.231518100e+01 +9.983518100e+01 +9.983518100e+01 +0.0000e+00 +0.0000e+00
5 0 +7.617113108e+00 +4.513711311e+01 +4.513711311e+01 -1.1375e-01 -3.0566e-01
9 0 +7.161519322e+00 +4.468151932e+01 +4.468151932e+01 -1.8089e-01 -1.6063e-01
31 0 +6.908612531e+00 +4.442861253e+01 +4.442861253e+01 -1.3830e-01 -3.1530e-01
37 0 +6.646899207e+00 +4.416689921e+01 +4.416689921e+01 -8.4806e-02 -4.7604e-01
39 0 +5.975588150e+00 +4.349558815e+01 +4.349558815e+01 +7.3977e-02 -9.2687e-01
50 0 +4.044437259e+00 +4.156443726e+01 +4.156443726e+01 +4.8434e-01 -1.9726e+00
162 0 +3.774687800e+00 +4.129468780e+01 +4.129468780e+01 +5.9300e-01 -2.2066e+00
185 0 +3.388064211e+00 +4.090806421e+01 +4.090806421e+01 +6.5060e-01 -2.2714e+00
229 0 +3.261023765e+00 +4.078102377e+01 +4.078102377e+01 +7.2353e-01 -2.4192e+00
240 0 +3.186251166e+00 +4.070625117e+01 +4.070625117e+01 +7.3338e-01 -2.4284e+00
250 0 +2.924605877e+00 +4.044460588e+01 +4.044460588e+01 +7.8710e-01 -2.4909e+00
298 0 +2.877939963e+00 +4.039793996e+01 +4.039793996e+01 +8.0716e-01 -2.5244e+00
323 0 +2.779397255e+00 +4.029939726e+01 +4.029939726e+01 +8.2834e-01 -2.5449e+00
332 0 +2.730583121e+00 +4.025058312e+01 +4.025058312e+01 +8.6157e-01 -2.6024e+00
333 0 +2.687764431e+00 +4.020776443e+01 +4.020776443e+01 +8.5108e-01 -2.5651e+00
340 0 +2.574000718e+00 +4.009400072e+01 +4.009400072e+01 +8.8611e-01 -2.6085e+00
342 0 +2.521618452e+00 +4.004161845e+01 +4.004161845e+01 +9.0220e-01 -2.6260e+00
346 0 +2.284015315e+00 +3.980401532e+01 +3.980401532e+01 +1.0099e+00 -2.7693e+00
356 0 +2.098307281e+00 +3.961830728e+01 +3.961830728e+01 +1.0481e+00 -2.7878e+00
367 0 +2.055658151e+00 +3.957565815e+01 +3.957565815e+01 +1.0588e+00 -2.7747e+00
368 0 +2.000003179e+00 +3.952000318e+01 +3.952000318e+01 +1.1046e+00 -2.8491e+00
370 0 +1.822838208e+00 +3.934283821e+01 +3.934283821e+01 +1.1545e+00 -2.8368e+00
371 0 +1.787883165e+00 +3.930788316e+01 +3.930788316e+01 +1.1532e+00 -2.8587e+00
375 0 +1.702680845e+00 +3.922268084e+01 +3.922268084e+01 +1.1912e+00 -2.8673e+00
386 0 +1.415424909e+00 +3.893542491e+01 +3.893542491e+01 +1.3007e+00 -2.9367e+00
404 0 +1.334918263e+00 +3.885491826e+01 +3.885491826e+01 +1.3347e+00 -2.9464e+00
421 0 +1.121905841e+00 +3.864190584e+01 +3.864190584e+01 +1.4366e+00 -2.9553e+00
482 0 +1.073550064e+00 +3.859355006e+01 +3.859355006e+01 +1.4932e+00 -2.9975e+00
502 0 +1.065784829e+00 +3.858578483e+01 +3.858578483e+01 +1.4640e+00 -2.9800e+00
508 0 +1.040358524e+00 +3.856035852e+01 +3.856035852e+01 +1.5048e+00 -2.9954e+00
518 0 +1.008288316e+00 +3.852828832e+01 +3.852828832e+01 +1.4859e+00 -2.9689e+00
524 0 +9.819726657e-01 +3.850197267e+01 +3.850197267e+01 +1.5119e+00 -2.9846e+00
528 0 +9.503721116e-01 +3.847037211e+01 +3.847037211e+01 +1.5243e+00 -2.9814e+00
533 0 +9.044751226e-01 +3.842447512e+01 +3.842447512e+01 +1.5657e+00 -2.9859e+00
539 0 +8.736122950e-01 +3.839361230e+01 +3.839361230e+01 +1.6078e+00 -2.9862e+00
542 0 +8.077403243e-01 +3.832774032e+01 +3.832774032e+01 +1.5925e+00 -2.9540e+00
549 0 +7.878165312e-01 +3.830781653e+01 +3.830781653e+01 +1.7150e+00 -2.9618e+00
553 0 +7.658708646e-01 +3.828587086e+01 +3.828587086e+01 +1.6807e+00 -2.9661e+00
558 0 +7.163865469e-01 +3.823638655e+01 +3.823638655e+01 +1.6444e+00 -2.9490e+00
596 0 +6.426141909e-01 +3.816261419e+01 +3.816261419e+01 +1.6888e+00 -2.9270e+00
608 0 +5.045577695e-01 +3.802455777e+01 +3.802455777e+01 +1.7860e+00 -2.8910e+00
615 0 +4.833759754e-01 +3.800337598e+01 +3.800337598e+01 +1.8107e+00 -2.8812e+00
644 0 +4.618879346e-01 +3.798188793e+01 +3.798188793e+01 +1.8226e+00 -2.8714e+00
651 0 +4.115319259e-01 +3.793153193e+01 +3.793153193e+01 +1.8536e+00 -2.8451e+00
666 0 +3.754375521e-01 +3.789543755e+01 +3.789543755e+01 +1.8803e+00 -2.8230e+00
671 0 +3.215106074e-01 +3.784151061e+01 +3.784151061e+01 +1.9498e+00 -2.7750e+00
677 0 +2.886505146e-01 +3.780865051e+01 +3.780865051e+01 +1.9532e+00 -2.7568e+00
692 0 +2.845751868e-01 +3.780457519e+01 +3.780457519e+01 +1.9578e+00 -2.7540e+00
767 0 +2.731580194e-01 +3.779315802e+01 +3.779315802e+01 +1.9838e+00 -2.7384e+00
773 0 +2.514154750e-01 +3.777141548e+01 +3.777141548e+01 +1.9937e+00 -2.7226e+00
777 0 +2.357666736e-01 +3.775576667e+01 +3.775576667e+01 +2.0103e+00 -2.7060e+00
789 0 +2.121365486e-01 +3.773213655e+01 +3.773213655e+01 +2.0295e+00 -2.6790e+00
792 0 +2.050033342e-01 +3.772500333e+01 +3.772500333e+01 +2.0464e+00 -2.6687e+00
794 0 +1.578842743e-01 +3.767788427e+01 +3.767788427e+01 +2.0927e+00 -2.6057e+00
801 0 +5.795406491e-02 +3.757795406e+01 +3.757795406e+01 +2.2494e+00 -2.3918e+00
918 0 +5.256803785e-02 +3.757256804e+01 +3.757256804e+01 +2.2799e+00 -2.3544e+00
1008 0 +4.993200070e-02 +3.756993200e+01 +3.756993200e+01 +2.2750e+00 -2.3591e+00
1020 0 +4.890982401e-02 +3.756890982e+01 +3.756890982e+01 +2.2693e+00 -2.3633e+00
1022 0 +4.564814023e-02 +3.756564814e+01 +3.756564814e+01 +2.2764e+00 -2.3513e+00
1029 0 +3.968576445e-02 +3.755968576e+01 +3.755968576e+01 +2.2944e+00 -2.3259e+00
1030 0 +2.811155983e-02 +3.754811156e+01 +3.754811156e+01 +2.3227e+00 -2.2747e+00
1042 0 +2.518951924e-02 +3.754518952e+01 +3.754518952e+01 +2.3400e+00 -2.2519e+00
1045 0 +2.506280880e-02 +3.754506281e+01 +3.754506281e+01 +2.3318e+00 -2.2601e+00
1048 0 +2.039140860e-02 +3.754039141e+01 +3.754039141e+01 +2.3624e+00 -2.2017e+00
1054 0 +1.261153755e-02 +3.753261154e+01 +3.753261154e+01 +2.4201e+00 -2.1129e+00
1057 0 +1.109564855e-02 +3.753109565e+01 +3.753109565e+01 +2.3848e+00 -2.1679e+00
1059 0 +3.465868288e-04 +3.752034659e+01 +3.752034659e+01 +2.4721e+00 -2.0041e+00
1105 0 +2.685793252e-04 +3.752026858e+01 +3.752026858e+01 +2.4742e+00 -2.0002e+00
1163 0 +1.127493612e-04 +3.752011275e+01 +3.752011275e+01 +2.4814e+00 -1.9869e+00
1173 0 +4.587526807e-05 +3.752004588e+01 +3.752004588e+01 +2.4879e+00 -1.9740e+00
1182 0 +3.294942440e-05 +3.752003295e+01 +3.752003295e+01 +2.4843e+00 -1.9806e+00
1189 0 +3.186912186e-05 +3.752003187e+01 +3.752003187e+01 +2.4844e+00 -1.9805e+00
1195 0 +2.138830207e-05 +3.752002139e+01 +3.752002139e+01 +2.4856e+00 -1.9781e+00
1215 0 +1.455859378e-05 +3.752001456e+01 +3.752001456e+01 +2.4863e+00 -1.9765e+00
1221 0 +1.379088367e-05 +3.752001379e+01 +3.752001379e+01 +2.4878e+00 -1.9738e+00
1225 0 +1.273589185e-05 +3.752001274e+01 +3.752001274e+01 +2.4865e+00 -1.9762e+00
1226 0 +9.119936806e-09 +3.752000001e+01 +3.752000001e+01 +2.4900e+00 -1.9692e+00
1567 0 +0.000000000e+00 +3.752000000e+01 +3.752000000e+01 +2.4900e+00 -1.9692e+00
% f evaluations | g evaluations | best noise-free fitness - Fopt (6.740000000000e+00) + sum g_i+ | measured fitness | best measured fitness or single-digit g-values | x1 | x2...
1 0 +4.626381579e+01 +5.300381579e+01 +5.300381579e+01 +0.0000e+00 +0.0000e+00
3 0 +1.050745130e+01 +1.724745130e+01 +1.724745130e+01 +9.8026e-02 +3.4094e-01
12 0 +3.336420905e+00 +1.007642091e+01 +1.007642091e+01 +2.8148e-01 +4.9555e-01
15 0 +1.569302035e+00 +8.309302035e+00 +8.309302035e+00 +2.1256e-01 +5.6314e-01
20 0 +1.499004985e+00 +8.239004985e+00 +8.239004985e+00 -2.3064e-02 +6.4956e-01
23 0 +1.007819670e+00 +7.747819670e+00 +7.747819670e+00 +3.1062e-01 +7.1521e-01
31 0 +6.625735089e-01 +7.402573509e+00 +7.402573509e+00 +4.0864e-01 +6.7102e-01
40 0 +6.375400786e-01 +7.377540079e+00 +7.377540079e+00 +5.4125e-01 +7.3267e-01
43 0 +3.834314028e-01 +7.123431403e+00 +7.123431403e+00 +5.7372e-01 +8.2535e-01
257 0 +3.706826715e-01 +7.110682671e+00 +7.110682671e+00 +5.6885e-01 +7.9233e-01
267 0 +3.570052107e-01 +7.097005211e+00 +7.097005211e+00 +5.8167e-01 +8.0215e-01
269 0 +3.526572220e-01 +7.092657222e+00 +7.092657222e+00 +6.0908e-01 +8.1729e-01
271 0 +3.400799097e-01 +7.080079910e+00 +7.080079910e+00 +5.9228e-01 +8.1317e-01
283 0 +3.258195514e-01 +7.065819551e+00 +7.065819551e+00 +5.9758e-01 +8.2362e-01
284 0 +2.749629557e-01 +7.014962956e+00 +7.014962956e+00 +6.4357e-01 +8.7245e-01
291 0 +2.586746676e-01 +6.998674668e+00 +6.998674668e+00 +6.5882e-01 +8.8202e-01
296 0 +2.356979268e-01 +6.975697927e+00 +6.975697927e+00 +6.8158e-01 +9.0783e-01
302 0 +2.131503157e-01 +6.953150316e+00 +6.953150316e+00 +7.0561e-01 +9.3394e-01
309 0 +1.564781527e-01 +6.896478153e+00 +6.896478153e+00 +7.7227e-01 +1.0060e+00
315 0 +1.490112691e-01 +6.889011269e+00 +6.889011269e+00 +7.8123e-01 +1.0181e+00
318 0 +1.163959070e-01 +6.856395907e+00 +6.856395907e+00 +8.7519e-01 +1.1261e+00
325 0 +1.106057828e-01 +6.850605783e+00 +6.850605783e+00 +8.3758e-01 +1.0873e+00
327 0 +9.602821179e-02 +6.836028212e+00 +6.836028212e+00 +9.4282e-01 +1.2227e+00
341 0 +9.532561579e-02 +6.835325616e+00 +6.835325616e+00 +8.7269e-01 +1.1495e+00
355 0 +9.293583084e-02 +6.832935831e+00 +6.832935831e+00 +8.6417e-01 +1.1247e+00
357 0 +8.579610334e-02 +6.825796103e+00 +6.825796103e+00 +9.1510e-01 +1.1869e+00
364 0 +5.954752497e-02 +6.799547525e+00 +6.799547525e+00 +9.7860e-01 +1.2854e+00
366 0 +5.076017451e-02 +6.790760175e+00 +6.790760175e+00 +9.4171e-01 +1.2426e+00
367 0 +4.811205672e-02 +6.788112057e+00 +6.788112057e+00 +9.6016e-01 +1.2640e+00
391 0 +3.861845821e-02 +6.778618458e+00 +6.778618458e+00 +9.7152e-01 +1.2874e+00
400 0 +2.759619628e-02 +6.767596196e+00 +6.767596196e+00 +1.0197e+00 +1.3616e+00
480 0 +2.445959503e-02 +6.764459595e+00 +6.764459595e+00 +1.0130e+00 +1.3552e+00
494 0 +2.125540969e-02 +6.761255410e+00 +6.761255410e+00 +1.0306e+00 +1.3829e+00
504 0 +1.794543836e-02 +6.757945438e+00 +6.757945438e+00 +1.0331e+00 +1.3927e+00
511 0 +1.447512843e-02 +6.754475128e+00 +6.754475128e+00 +1.0477e+00 +1.4163e+00
512 0 +1.113720300e-02 +6.751137203e+00 +6.751137203e+00 +1.0656e+00 +1.4525e+00
518 0 +5.038834920e-03 +6.745038835e+00 +6.745038835e+00 +1.0964e+00 +1.5066e+00
530 0 +3.599700531e-03 +6.743599701e+00 +6.743599701e+00 +1.1294e+00 +1.5637e+00
541 0 +2.386727873e-03 +6.742386728e+00 +6.742386728e+00 +1.1211e+00 +1.5508e+00
578 0 +1.769099254e-03 +6.741769099e+00 +6.741769099e+00 +1.1251e+00 +1.5604e+00
580 0 +1.626724680e-03 +6.741626725e+00 +6.741626725e+00 +1.1278e+00 +1.5664e+00
585 0 +1.385016816e-03 +6.741385017e+00 +6.741385017e+00 +1.1391e+00 +1.5847e+00
586 0 +1.000845752e-03 +6.741000846e+00 +6.741000846e+00 +1.1361e+00 +1.5807e+00
592 0 +9.504243141e-05 +6.740095042e+00 +6.740095042e+00 +1.1596e+00 +1.6268e+00
600 0 +4.750074835e-05 +6.740047501e+00 +6.740047501e+00 +1.1621e+00 +1.6329e+00
639 0 +3.797113032e-05 +6.740037971e+00 +6.740037971e+00 +1.1638e+00 +1.6352e+00
656 0 +2.495556925e-05 +6.740024956e+00 +6.740024956e+00 +1.1684e+00 +1.6446e+00
664 0 +1.358077200e-05 +6.740013581e+00 +6.740013581e+00 +1.1700e+00 +1.6484e+00
679 0 +1.958263640e-07 +6.740000196e+00 +6.740000196e+00 +1.1673e+00 +1.6429e+00
752 0 +4.954527988e-08 +6.740000050e+00 +6.740000050e+00 +1.1670e+00 +1.6421e+00
768 0 +3.430288231e-08 +6.740000034e+00 +6.740000034e+00 +1.1669e+00 +1.6420e+00
776 0 +1.661341997e-08 +6.740000017e+00 +6.740000017e+00 +1.1669e+00 +1.6420e+00
781 0 +1.194252874e-08 +6.740000012e+00 +6.740000012e+00 +1.1671e+00 +1.6424e+00
787 0 +1.227018487e-09 +6.740000001e+00 +6.740000001e+00 +1.1670e+00 +1.6422e+00
1054 0 +0.000000000e+00 +6.740000000e+00 +6.740000000e+00 +1.1670e+00 +1.6422e+00
% f evaluations | g evaluations | best noise-free fitness - Fopt (-1.897900000000e+02) + sum g_i+ | measured fitness | best measured fitness or single-digit g-values | x1 | x2...
1 0 +1.875450827e+03 +1.685660827e+03 +1.685660827e+03 +0.0000e+00 +0.0000e+00
5 0 +1.809146110e+03 +1.619356110e+03 +1.619356110e+03 -1.1375e-01 -3.0566e-01
9 0 +1.391584723e+03 +1.201794723e+03 +1.201794723e+03 -1.5904e-01 +7.2161e-02
11 0 +1.374654245e+03 +1.184864245e+03 +1.184864245e+03 -1.6664e-01 +7.0952e-02
15 0 +1.111425876e+03 +9.216358759e+02 +9.216358759e+02 -2.5385e-01 +1.7801e-01
16 0 +7.324760720e+02 +5.426860720e+02 +5.426860720e+02 -4.6938e-01 +2.1135e-01
22 0 +6.636608574e+02 +4.738708574e+02 +4.738708574e+02 -3.7023e-01 +6.0338e-01
32 0 +5.101130884e+02 +3.203230884e+02 +3.203230884e+02 -5.1530e-01 +5.4467e-01
41 0 +2.222643863e+02 +3.247438629e+01 +3.247438629e+01 -8.1147e-01 +6.7505e-01
52 0 +1.612042618e+02 -2.858573822e+01 -2.858573822e+01 -7.5407e-01 +1.0060e+00
53 0 +1.538875230e+02 -3.590247701e+01 -3.590247701e+01 -7.7826e-01 +9.8811e-01
56 0 +4.238491472e+01 -1.474050853e+02 -1.474050853e+02 -8.6314e-01 +1.4218e+00
57 0 +1.322213292e+00 -1.884677867e+02 -1.884677867e+02 -1.2638e+00 +1.6335e+00
58 0 +1.144636618e+00 -1.886453634e+02 -1.886453634e+02 -1.0378e+00 +1.6945e+00
61 0 +1.852141106e-01 -1.896047859e+02 -1.896047859e+02 -1.1508e+00 +1.6640e+00
354 0 +1.335445580e-01 -1.896564554e+02 -1.896564554e+02 -1.0188e+00 +1.8007e+00
355 0 +1.216786837e-01 -1.896683213e+02 -1.896683213e+02 -1.0876e+00 +1.7281e+00
362 0 +7.620130687e-02 -1.897137987e+02 -1.897137987e+02 -1.0145e+00 +1.8325e+00
371 0 +6.915811258e-02 -1.897208419e+02 -1.897208419e+02 -9.8960e-01 +1.8591e+00
412 0 +4.637812122e-02 -1.897436219e+02 -1.897436219e+02 -8.5283e-01 +2.1091e+00
415 0 +2.377829931e-02 -1.897662217e+02 -1.897662217e+02 -8.2847e-01 +2.1221e+00
418 0 +5.726017574e-03 -1.897842740e+02 -1.897842740e+02 -8.1388e-01 +2.1626e+00
481 0 +5.566861953e-03 -1.897844331e+02 -1.897844331e+02 -7.9745e-01 +2.1874e+00
482 0 +2.606758847e-03 -1.897873932e+02 -1.897873932e+02 -7.7803e-01 +2.2324e+00
484 0 +2.516839337e-03 -1.897874832e+02 -1.897874832e+02 -7.8436e-01 +2.2147e+00
487 0 +1.796636075e-03 -1.897882034e+02 -1.897882034e+02 -7.8119e-01 +2.2236e+00
493 0 +8.406324800e-04 -1.897891594e+02 -1.897891594e+02 -7.5960e-01 +2.2628e+00
508 0 +7.923443985e-04 -1.897892077e+02 -1.897892077e+02 -7.6735e-01 +2.2497e+00
546 0 +1.221981737e-04 -1.897898778e+02 -1.897898778e+02 -7.4990e-01 +2.2842e+00
553 0 +9.512035328e-05 -1.897899049e+02 -1.897899049e+02 -7.4831e-01 +2.2867e+00
565 0 +8.393125702e-05 -1.897899161e+02 -1.897899161e+02 -7.4518e-01 +2.2926e+00
650 0 +8.074048651e-05 -1.897899193e+02 -1.897899193e+02 -7.4810e-01 +2.2874e+00
657 0 +5.456909909e-05 -1.897899454e+02 -1.897899454e+02 -7.4623e-01 +2.2910e+00
663 0 +4.709811225e-05 -1.897899529e+02 -1.897899529e+02 -7.4596e-01 +2.2916e+00
672 0 +2.627456098e-05 -1.897899737e+02 -1.897899737e+02 -7.4388e-01 +2.2961e+00
674 0 +1.324501366e-05 -1.897899868e+02 -1.897899868e+02 -7.4282e-01 +2.2979e+00
684 0 +7.865205589e-07 -1.897899992e+02 -1.897899992e+02 -7.3929e-01 +2.3049e+00
716 0 +6.857318340e-07 -1.897899993e+02 -1.897899993e+02 -7.3998e-01 +2.3037e+00
729 0 +2.717616212e-07 -1.897899997e+02 -1.897899997e+02 -7.3913e-01 +2.3054e+00
751 0 +6.171802625e-09 -1.897900000e+02 -1.897900000e+02 -7.3913e-01 +2.3053e+00
928 0 +0.000000000e+00 -1.897900000e+02 -1.897900000e+02 -7.3920e-01 +2.3052e+00
% f evaluations | g evaluations | best noise-free fitness - Fopt (-2.774000000000e+01) + sum g_i+ | measured fitness | best measured fitness or single-digit g-values | x1 | x2...
1 0 +1.076835731e+03 +1.049095731e+03 +1.049095731e+03 +0.0000e+00 +0.0000e+00
2 0 +8.026822988e+02 +7.749422988e+02 +7.749422988e+02 +4.3379e-01 +3.0692e-02
8 0 +7.904144270e+02 +7.626744270e+02 +7.626744270e+02 +3.6737e-01 -8.8758e-02
14 0 +5.504689270e+02 +5.227289270e+02 +5.227289270e+02 +5.3489e-01 -2.9062e-01
18 0 +4.791829791e+02 +4.514429791e+02 +4.514429791e+02 +7.0977e-01 -1.1307e-01
21 0 +4.659054959e+02 +4.381654959e+02 +4.381654959e+02 +6.0906e-01 -3.4384e-01
23 0 +2.857626572e+02 +2.580226572e+02 +2.580226572e+02 +9.2082e-01 -1.2646e-01
26 0 +1.059318189e+02 +7.819181887e+01 +7.819181887e+01 +1.0467e+00 -4.5641e-01
28 0 +2.226677460e+00 -2.551332254e+01 -2.551332254e+01 +1.4440e+00 -3.5658e-01
31 0 +5.350296822e-01 -2.720497032e+01 -2.720497032e+01 +1.3745e+00 -4.5387e-01
509 0 +3.091700824e-01 -2.743082992e+01 -2.743082992e+01 +1.2045e+00 -1.0376e+00
512 0 +2.967477299e-01 -2.744325227e+01 -2.744325227e+01 +1.1659e+00 -1.1626e+00
555 0 +2.913884590e-01 -2.744861154e+01 -2.744861154e+01 +1.2037e+00 -1.0305e+00
559 0 +2.810014858e-01 -2.745899851e+01 -2.745899851e+01 +1.1786e+00 -1.1163e+00
560 0 +2.644151107e-01 -2.747558489e+01 -2.747558489e+01 +1.1788e+00 -1.0995e+00
618 0 +2.621472513e-01 -2.747785275e+01 -2.747785275e+01 +1.1665e+00 -1.1499e+00
647 0 +2.549608947e-01 -2.748503911e+01 -2.748503911e+01 +1.1637e+00 -1.1559e+00
657 0 +2.476514080e-01 -2.749234859e+01 -2.749234859e+01 +1.1511e+00 -1.1965e+00
672 0 +2.429362392e-01 -2.749706376e+01 -2.749706376e+01 +1.1246e+00 -1.2814e+00
674 0 +2.368685462e-01 -2.750313145e+01 -2.750313145e+01 +1.1381e+00 -1.2355e+00
684 0 +2.280708941e-01 -2.751192911e+01 -2.751192911e+01 +1.1346e+00 -1.2431e+00
690 0 +2.133021740e-01 -2.752669783e+01 -2.752669783e+01 +1.1088e+00 -1.3222e+00
699 0 +2.016258514e-01 -2.753837415e+01 -2.753837415e+01 +1.0957e+00 -1.3599e+00
702 0 +1.835315021e-01 -2.755646850e+01 -2.755646850e+01 +1.0746e+00 -1.4198e+00
711 0 +1.784818044e-01 -2.756151820e+01 -2.756151820e+01 +1.0345e+00 -1.5391e+00
717 0 +1.741566631e-01 -2.756584334e+01 -2.756584334e+01 +1.0146e+00 -1.5954e+00
725 0 +1.531124306e-01 -2.758688757e+01 -2.758688757e+01 +1.0303e+00 -1.5441e+00
728 0 +1.488365355e-01 -2.759116346e+01 -2.759116346e+01 +1.0305e+00 -1.5417e+00
744 0 +1.444704135e-01 -2.759552959e+01 -2.759552959e+01 +1.0446e+00 -1.4931e+00
748 0 +1.252479142e-01 -2.761475209e+01 -2.761475209e+01 +1.0008e+00 -1.6208e+00
758 0 +1.210973398e-01 -2.761890266e+01 -2.761890266e+01 +9.7854e-01 -1.6836e+00
761 0 +1.163750063e-01 -2.762362499e+01 -2.762362499e+01 +1.0028e+00 -1.5992e+00
763 0 +1.082057038e-01 -2.763179430e+01 -2.763179430e+01 +9.9065e-01 -1.6414e+00
772 0 +9.700597166e-02 -2.764299403e+01 -2.764299403e+01 +9.7636e-01 -1.6724e+00
775 0 +9.287377842e-02 -2.764712622e+01 -2.764712622e+01 +9.4109e-01 -1.7784e+00
779 0 +8.073554063e-02 -2.765926446e+01 -2.765926446e+01 +9.4525e-01 -1.7499e+00
781 0 +7.760724050e-02 -2.766239276e+01 -2.766239276e+01 +9.3127e-01 -1.7987e+00
787 0 +6.996348155e-02 -2.767003652e+01 -2.767003652e+01 +9.1508e-01 -1.8398e+00
791 0 +5.775798549e-02 -2.768224201e+01 -2.768224201e+01 +9.0398e-01 -1.8616e+00
806 0 +5.322404085e-02 -2.768677596e+01 -2.768677596e+01 +8.8675e-01 -1.8946e+00
807 0 +5.021115647e-02 -2.768978884e+01 -2.768978884e+01 +8.8947e-01 -1.8943e+00
820 0 +4.677194959e-02 -2.769322805e+01 -2.769322805e+01 +8.7197e-01 -1.9306e+00
823 0 +4.188307962e-02 -2.769811692e+01 -2.769811692e+01 +8.6885e-01 -1.9467e+00
838 0 +4.072711417e-02 -2.769927289e+01 -2.769927289e+01 +8.6650e-01 -1.9485e+00
841 0 +3.944421229e-02 -2.770055579e+01 -2.770055579e+01 +8.6104e-01 -1.9667e+00
842 0 +3.858295447e-02 -2.770141705e+01 -2.770141705e+01 +8.3499e-01 -2.0348e+00
843 0 +3.513313213e-02 -2.770486687e+01 -2.770486687e+01 +8.5079e-01 -1.9904e+00
861 0 +3.320566193e-02 -2.770679434e+01 -2.770679434e+01 +8.3963e-01 -2.0193e+00
870 0 +3.227364793e-02 -2.770772635e+01 -2.770772635e+01 +8.3431e-01 -2.0326e+00
872 0 +3.001931269e-02 -2.770998069e+01 -2.770998069e+01 +8.3826e-01 -2.0184e+00
878 0 +2.630297278e-02 -2.771369703e+01 -2.771369703e+01 +8.2240e-01 -2.0582e+00
899 0 +2.518429472e-02 -2.771481571e+01 -2.771481571e+01 +8.2348e-01 -2.0531e+00
901 0 +2.466813720e-02 -2.771533186e+01 -2.771533186e+01 +8.1699e-01 -2.0708e+00
905 0 +2.254068347e-02 -2.771745932e+01 -2.771745932e+01 +8.0892e-01 -2.0896e+00
918 0 +1.608397183e-02 -2.772391603e+01 -2.772391603e+01 +7.8895e-01 -2.1333e+00
924 0 +1.575155542e-02 -2.772424844e+01 -2.772424844e+01 +7.8990e-01 -2.1267e+00
929 0 +8.117104501e-03 -2.773188290e+01 -2.773188290e+01 +7.2614e-01 -2.2610e+00
958 0 +7.933170880e-03 -2.773206683e+01 -2.773206683e+01 +7.4275e-01 -2.2277e+00
964 0 +8.503947729e-04 -2.773914961e+01 -2.773914961e+01 +6.9451e-01 -2.3339e+00
982 0 +6.425762871e-04 -2.773935742e+01 -2.773935742e+01 +6.9045e-01 -2.3417e+00
984 0 +3.291460496e-04 -2.773967085e+01 -2.773967085e+01 +6.8028e-01 -2.3618e+00
991 0 +3.053503283e-05 -2.773996946e+01 -2.773996946e+01 +6.7062e-01 -2.3825e+00
1100 0 +1.800470656e-05 -2.773998200e+01 -2.773998200e+01 +6.6378e-01 -2.3964e+00
1109 0 +6.204273230e-06 -2.773999380e+01 -2.773999380e+01 +6.6426e-01 -2.3953e+00
1116 0 +2.404198170e-06 -2.773999760e+01 -2.773999760e+01 +6.6691e-01 -2.3897e+00
1120 0 +2.034142629e-06 -2.773999797e+01 -2.773999797e+01 +6.6489e-01 -2.3940e+00
1128 0 +5.037981410e-07 -2.773999950e+01 -2.773999950e+01 +6.6610e-01 -2.3914e+00
1138 0 +1.175655129e-07 -2.773999988e+01 -2.773999988e+01 +6.6554e-01 -2.3925e+00
1154 0 +4.800853048e-10 -2.774000000e+01 -2.774000000e+01 +6.6540e-01 -2.3928e+00
1461 0 +0.000000000e+00 -2.774000000e+01 -2.774000000e+01 +6.6540e-01 -2.3928e+00
% f evaluations | g evaluations | best noise-free fitness - Fopt (6.930000000000e+00) + sum g_i+ | measured fitness | best measured fitness or single-digit g-values | x1 | x2...
1 0 +6.699765651e+02 +6.769065651e+02 +6.769065651e+02 +0.0000e+00 +0.0000e+00
3 0 +6.444434844e+02 +6.513734844e+02 +6.513734844e+02 +9.8026e-02 +3.4094e-01
9 0 +4.346787066e+02 +4.416087066e+02 +4.416087066e+02 -1.5904e-01 +7.2161e-02
15 0 +3.048509355e+02 +3.117809355e+02 +3.117809355e+02 -2.5385e-01 +1.7801e-01
16 0 +1.562196133e+02 +1.631496133e+02 +1.631496133e+02 -4.6938e-01 +2.1135e-01
22 0 +1.121848783e+02 +1.191148783e+02 +1.191148783e+02 -3.7023e-01 +6.0338e-01
32 0 +6.889242050e+01 +7.582242050e+01 +7.582242050e+01 -5.1530e-01 +5.4467e-01
41 0 +6.024403555e+00 +1.295440356e+01 +1.295440356e+01 -8.1147e-01 +6.7505e-01
52 0 +1.201771677e-01 +7.050177168e+00 +7.050177168e+00 -7.5407e-01 +1.0060e+00
116 0 +6.595494519e-02 +6.995954945e+00 +6.995954945e+00 -6.8314e-01 +1.1007e+00
354 0 +5.612375547e-02 +6.986123755e+00 +6.986123755e+00 -6.7183e-01 +1.1118e+00
360 0 +5.221674497e-02 +6.982216745e+00 +6.982216745e+00 -6.5571e-01 +1.1420e+00
362 0 +5.004095052e-02 +6.980040951e+00 +6.980040951e+00 -6.4424e-01 +1.1620e+00
365 0 +4.545510893e-02 +6.975455109e+00 +6.975455109e+00 -6.4202e-01 +1.1525e+00
367 0 +4.351496600e-02 +6.973514966e+00 +6.973514966e+00 -6.4313e-01 +1.1573e+00
368 0 +3.358013749e-02 +6.963580137e+00 +6.963580137e+00 -6.1821e-01 +1.1956e+00
369 0 +2.270564825e-02 +6.952705648e+00 +6.952705648e+00 -5.7893e-01 +1.2572e+00
372 0 +1.846647978e-02 +6.948466480e+00 +6.948466480e+00 -5.3926e-01 +1.3224e+00
384 0 +6.460586752e-03 +6.936460587e+00 +6.936460587e+00 -4.7843e-01 +1.4371e+00
395 0 +3.388364097e-03 +6.933388364e+00 +6.933388364e+00 -4.8999e-01 +1.4237e+00
428 0 +1.964648295e-03 +6.931964648e+00 +6.931964648e+00 -4.7298e-01 +1.4520e+00
438 0 +1.153920612e-03 +6.931153921e+00 +6.931153921e+00 -4.6120e-01 +1.4749e+00
457 0 +3.205599070e-04 +6.930320560e+00 +6.930320560e+00 -4.5258e-01 +1.4943e+00
475 0 +4.450092773e-05 +6.930044501e+00 +6.930044501e+00 -4.3924e-01 +1.5208e+00
515 0 +3.681819970e-06 +6.930003682e+00 +6.930003682e+00 -4.3542e-01 +1.5282e+00
523 0 +1.075069090e-06 +6.930001075e+00 +6.930001075e+00 -4.3515e-01 +1.5284e+00
578 0 +7.213774786e-07 +6.930000721e+00 +6.930000721e+00 -4.3584e-01 +1.5271e+00
583 0 +3.421027470e-07 +6.930000342e+00 +6.930000342e+00 -4.3546e-01 +1.5278e+00
589 0 +2.820430201e-07 +6.930000282e+00 +6.930000282e+00 -4.3547e-01 +1.5279e+00
595 0 +1.890095715e-07 +6.930000189e+00 +6.930000189e+00 -4.3524e-01 +1.5283e+00
623 0 +6.299149646e-08 +6.930000063e+00 +6.930000063e+00 -4.3484e-01 +1.5291e+00
638 0 +3.730469800e-08 +6.930000037e+00 +6.930000037e+00 -4.3515e-01 +1.5285e+00
643 0 +2.897554907e-08 +6.930000029e+00 +6.930000029e+00 -4.3503e-01 +1.5287e+00
661 0 +2.380694220e-08 +6.930000024e+00 +6.930000024e+00 -4.3506e-01 +1.5287e+00
669 0 +1.228312385e-08 +6.930000012e+00 +6.930000012e+00 -4.3502e-01 +1.5288e+00
675 0 +2.813358435e-10 +6.930000000e+00 +6.930000000e+00 -4.3499e-01 +1.5288e+00
958 0 +0.000000000e+00 +6.930000000e+00 +6.930000000e+00 -4.3500e-01 +1.5288e+00
% f evaluations | g evaluations | best noise-free fitness - Fopt (-4.456000000000e+01) + sum g_i+ | measured fitness | best measured fitness or single-digit g-values | x1 | x2...
1 0 +7.102388350e+02 +6.656788350e+02 +6.656788350e+02 +0.0000e+00 +0.0000e+00
2 0 +5.269475579e+02 +4.823875579e+02 +4.823875579e+02 +4.3379e-01 +3.0692e-02
8 0 +5.115425872e+02 +4.669825872e+02 +4.669825872e+02 +3.6737e-01 -8.8758e-02
14 0 +3.337867808e+02 +2.892267808e+02 +2.892267808e+02 +5.3489e-01 -2.9062e-01
18 0 +2.895449890e+02 +2.449849890e+02 +2.449849890e+02 +7.0977e-01 -1.1307e-01
21 0 +2.731576791e+02 +2.285976791e+02 +2.285976791e+02 +6.0906e-01 -3.4384e-01
23 0 +1.541169962e+02 +1.095569962e+02 +1.095569962e+02 +9.2082e-01 -1.2646e-01
26 0 +3.639067615e+01 -8.169323851e+00 -8.169323851e+00 +1.0467e+00 -4.5641e-01
28 0 +2.358857460e+01 -2.097142540e+01 -2.097142540e+01 +1.4440e+00 -3.5658e-01
29 0 +5.378387441e+00 -3.918161256e+01 -3.918161256e+01 +1.3049e+00 -5.5117e-01
63 0 +2.911807797e-01 -4.426881922e+01 -4.426881922e+01 +1.2332e+00 -5.1746e-01
142 0 +2.650467387e-01 -4.429495326e+01 -4.429495326e+01 +1.2698e+00 -4.2931e-01
181 0 +2.622353693e-01 -4.429776463e+01 -4.429776463e+01 +1.2687e+00 -4.3706e-01
495 0 +2.557907516e-01 -4.430420925e+01 -4.430420925e+01 +1.2552e+00 -4.6895e-01
500 0 +2.477003549e-01 -4.431229965e+01 -4.431229965e+01 +1.2496e+00 -4.8738e-01
514 0 +2.418579076e-01 -4.431814209e+01 -4.431814209e+01 +1.2418e+00 -5.2550e-01
517 0 +2.361083851e-01 -4.432389161e+01 -4.432389161e+01 +1.2418e+00 -5.1481e-01
531 0 +2.129079149e-01 -4.434709209e+01 -4.434709209e+01 +1.2114e+00 -5.9904e-01
536 0 +1.966452937e-01 -4.436335471e+01 -4.436335471e+01 +1.1993e+00 -6.4437e-01
564 0 +1.896702491e-01 -4.437032975e+01 -4.437032975e+01 +1.1892e+00 -6.6581e-01
567 0 +1.742702297e-01 -4.438572977e+01 -4.438572977e+01 +1.1670e+00 -7.4145e-01
568 0 +1.713724537e-01 -4.438862755e+01 -4.438862755e+01 +1.1667e+00 -7.4032e-01
576 0 +1.658158114e-01 -4.439418419e+01 -4.439418419e+01 +1.1187e+00 -8.8646e-01
578 0 +1.591101452e-01 -4.440088985e+01 -4.440088985e+01 +1.1554e+00 -7.6586e-01
580 0 +1.509579512e-01 -4.440904205e+01 -4.440904205e+01 +1.1451e+00 -7.9479e-01
592 0 +1.339852956e-01 -4.442601470e+01 -4.442601470e+01 +1.1177e+00 -8.7646e-01
597 0 +1.303126437e-01 -4.442968736e+01 -4.442968736e+01 +1.0976e+00 -9.3671e-01
608 0 +1.262821032e-01 -4.443371790e+01 -4.443371790e+01 +1.1114e+00 -8.8576e-01
615 0 +1.087527606e-01 -4.445124724e+01 -4.445124724e+01 +1.0856e+00 -9.5920e-01
635 0 +1.064221117e-01 -4.445357789e+01 -4.445357789e+01 +1.0518e+00 -1.0596e+00
641 0 +1.032148644e-01 -4.445678514e+01 -4.445678514e+01 +1.0341e+00 -1.1074e+00
643 0 +1.015671227e-01 -4.445843288e+01 -4.445843288e+01 +1.0580e+00 -1.0398e+00
646 0 +9.907077221e-02 -4.446092923e+01 -4.446092923e+01 +1.0327e+00 -1.1099e+00
650 0 +8.615397854e-02 -4.447384602e+01 -4.447384602e+01 +1.0105e+00 -1.1656e+00
658 0 +7.791243382e-02 -4.448208757e+01 -4.448208757e+01 +1.0051e+00 -1.1772e+00
663 0 +7.290185177e-02 -4.448709815e+01 -4.448709815e+01 +1.0249e+00 -1.1175e+00
665 0 +6.901035430e-02 -4.449098965e+01 -4.449098965e+01 +1.0026e+00 -1.1799e+00
672 0 +5.958520335e-02 -4.450041480e+01 -4.450041480e+01 +9.9445e-01 -1.1854e+00
679 0 +4.991599915e-02 -4.451008400e+01 -4.451008400e+01 +9.7809e-01 -1.2341e+00
681 0 +4.881562083e-02 -4.451118438e+01 -4.451118438e+01 +9.2005e-01 -1.3844e+00
682 0 +3.744837787e-02 -4.452255162e+01 -4.452255162e+01 +9.4869e-01 -1.2998e+00
685 0 +3.526790469e-02 -4.452473210e+01 -4.452473210e+01 +9.3437e-01 -1.3421e+00
691 0 +2.695887186e-02 -4.453304113e+01 -4.453304113e+01 +9.2048e-01 -1.3696e+00
701 0 +1.117069254e-02 -4.454882931e+01 -4.454882931e+01 +8.6167e-01 -1.5009e+00
710 0 +7.429558308e-03 -4.455257044e+01 -4.455257044e+01 +7.8838e-01 -1.6506e+00
715 0 +3.493860353e-03 -4.455650614e+01 -4.455650614e+01 +8.1459e-01 -1.6027e+00
723 0 +1.912737475e-03 -4.455808726e+01 -4.455808726e+01 +7.8905e-01 -1.6602e+00
735 0 +1.742035536e-03 -4.455825796e+01 -4.455825796e+01 +7.4251e-01 -1.7473e+00
738 0 +6.113663472e-04 -4.455938863e+01 -4.455938863e+01 +7.8055e-01 -1.6753e+00
739 0 +4.323301046e-04 -4.455956767e+01 -4.455956767e+01 +7.6153e-01 -1.7113e+00
752 0 +3.688466368e-04 -4.455963115e+01 -4.455963115e+01 +7.7531e-01 -1.6850e+00
776 0 +9.456904949e-05 -4.455990543e+01 -4.455990543e+01 +7.6527e-01 -1.7053e+00
787 0 +8.959638180e-06 -4.455999104e+01 -4.455999104e+01 +7.5366e-01 -1.7290e+00
834 0 +8.243267622e-06 -4.455999176e+01 -4.455999176e+01 +7.5373e-01 -1.7289e+00
841 0 +3.506686099e-06 -4.455999649e+01 -4.455999649e+01 +7.5822e-01 -1.7199e+00
847 0 +1.098211087e-06 -4.455999890e+01 -4.455999890e+01 +7.5761e-01 -1.7212e+00
849 0 +8.456792884e-07 -4.455999915e+01 -4.455999915e+01 +7.5581e-01 -1.7248e+00
851 0 +8.255560644e-07 -4.455999917e+01 -4.455999917e+01 +7.5662e-01 -1.7231e+00
853 0 +1.977051483e-07 -4.455999980e+01 -4.455999980e+01 +7.5622e-01 -1.7239e+00
871 0 +1.783879142e-07 -4.455999982e+01 -4.455999982e+01 +7.5629e-01 -1.7239e+00
873 0 +8.905134763e-08 -4.455999991e+01 -4.455999991e+01 +7.5681e-01 -1.7228e+00
877 0 +2.212417627e-08 -4.455999998e+01 -4.455999998e+01 +7.5671e-01 -1.7230e+00
926 0 +1.296615437e-08 -4.455999999e+01 -4.455999999e+01 +7.5665e-01 -1.7231e+00
931 0 +6.564960131e-09 -4.455999999e+01 -4.455999999e+01 +7.5652e-01 -1.7234e+00
1147 0 +0.000000000e+00 -4.456000000e+01 -4.456000000e+01 +7.5660e-01 -1.7232e+00
% f evaluations | g evaluations | best noise-free fitness - Fopt (1.000000000000e+03) + sum g_i+ | measured fitness | best measured fitness or single-digit g-values | x1 | x2...
1 0 +8.550519955e+03 +9.550519955e+03 +9.550519955e+03 +0.0000e+00 +0.0000e+00
5 0 +7.762575951e+03 +8.762575951e+03 +8.762575951e+03 -1.1375e-01 -3.0566e-01
9 0 +6.633554523e+03 +7.633554523e+03 +7.633554523e+03 -1.5904e-01 +7.2161e-02
11 0 +6.557616691e+03 +7.557616691e+03 +7.557616691e+03 -1.6664e-01 +7.0952e-02
15 0 +5.548507438e+03 +6.548507438e+03 +6.548507438e+03 -2.5385e-01 +1.7801e-01
16 0 +3.771351935e+03 +4.771351935e+03 +4.771351935e+03 -4.6938e-01 +2.1135e-01
32 0 +3.278570269e+03 +4.278570269e+03 +4.278570269e+03 -5.0802e-01 +4.0807e-01
41 0 +1.693549594e+03 +2.693549594e+03 +2.693549594e+03 -8.0362e-01 +4.4482e-01
57 0 +5.594278307e+02 +1.559427831e+03 +1.559427831e+03 -1.1101e+00 +7.4779e-01
64 0 +5.274085585e+02 +1.527408559e+03 +1.527408559e+03 -1.1674e+00 +5.6685e-01
66 0 +2.799350732e+02 +1.279935073e+03 +1.279935073e+03 -2.0258e+00 +1.5782e+00
67 0 +2.111577602e+00 +1.002111578e+03 +1.002111578e+03 -1.5966e+00 +1.0725e+00
1253 0 +2.063346329e+00 +1.002063346e+03 +1.002063346e+03 -3.7496e+00 -1.5890e+00
1263 0 +2.039844330e+00 +1.002039844e+03 +1.002039844e+03 -3.7451e+00 -1.5865e+00
1269 0 +1.902523128e+00 +1.001902523e+03 +1.001902523e+03 -3.6950e+00 -1.6293e+00
1278 0 +1.844256809e+00 +1.001844257e+03 +1.001844257e+03 -3.6754e+00 -1.6396e+00
1282 0 +1.700951460e+00 +1.001700951e+03 +1.001700951e+03 -3.6217e+00 -1.6744e+00
1287 0 +1.498555721e+00 +1.001498556e+03 +1.001498556e+03 -3.4639e+00 -1.7855e+00
1305 0 +1.323322085e+00 +1.001323322e+03 +1.001323322e+03 -3.4638e+00 -1.7525e+00
1328 0 +1.158446688e+00 +1.001158447e+03 +1.001158447e+03 -3.3923e+00 -1.7646e+00
1356 0 +1.140306555e+00 +1.001140307e+03 +1.001140307e+03 -3.3407e+00 -1.7939e+00
1399 0 +1.116482795e+00 +1.001116483e+03 +1.001116483e+03 -3.3477e+00 -1.7865e+00
1402 0 +1.072280924e+00 +1.001072281e+03 +1.001072281e+03 -3.3248e+00 -1.7879e+00
1417 0 +1.069447050e+00 +1.001069447e+03 +1.001069447e+03 -3.3456e+00 -1.7745e+00
1418 0 +1.010680414e+00 +1.001010680e+03 +1.001010680e+03 -3.3183e+00 -1.7736e+00
1434 0 +9.702699731e-01 +1.000970270e+03 +1.000970270e+03 -3.2822e+00 -1.7425e+00
1444 0 +8.025664466e-01 +1.000802566e+03 +1.000802566e+03 -3.2118e+00 -1.7583e+00
1449 0 +7.585077986e-01 +1.000758508e+03 +1.000758508e+03 -3.1823e+00 -1.7560e+00
1453 0 +7.384723119e-01 +1.000738472e+03 +1.000738472e+03 -3.1771e+00 -1.7437e+00
1458 0 +7.205066219e-01 +1.000720507e+03 +1.000720507e+03 -3.1531e+00 -1.7216e+00
1460 0 +6.637002087e-01 +1.000663700e+03 +1.000663700e+03 -3.1284e+00 -1.7361e+00
1478 0 +5.686422003e-01 +1.000568642e+03 +1.000568642e+03 -3.0093e+00 -1.6987e+00
1480 0 +5.577733624e-01 +1.000557773e+03 +1.000557773e+03 -3.0633e+00 -1.7035e+00
1483 0 +5.436630021e-01 +1.000543663e+03 +1.000543663e+03 -3.0363e+00 -1.7011e+00
1502 0 +4.900870662e-01 +1.000490087e+03 +1.000490087e+03 -3.0122e+00 -1.6793e+00
1509 0 +4.820231327e-01 +1.000482023e+03 +1.000482023e+03 -3.0112e+00 -1.6664e+00
1518 0 +4.035877129e-01 +1.000403588e+03 +1.000403588e+03 -2.9515e+00 -1.6251e+00
1524 0 +3.513579471e-01 +1.000351358e+03 +1.000351358e+03 -2.8962e+00 -1.5990e+00
1531 0 +3.398385809e-01 +1.000339839e+03 +1.000339839e+03 -2.8991e+00 -1.5929e+00
1533 0 +3.294462542e-01 +1.000329446e+03 +1.000329446e+03 -2.7673e+00 -1.4964e+00
1535 0 +2.833140656e-01 +1.000283314e+03 +1.000283314e+03 -2.8496e+00 -1.5469e+00
1537 0 +2.706959677e-01 +1.000270696e+03 +1.000270696e+03 -2.8084e+00 -1.5217e+00
1544 0 +2.544910245e-01 +1.000254491e+03 +1.000254491e+03 -2.8217e+00 -1.5201e+00
1566 0 +2.153235894e-01 +1.000215324e+03 +1.000215324e+03 -2.7694e+00 -1.4737e+00
1588 0 +2.013186255e-01 +1.000201319e+03 +1.000201319e+03 -2.7655e+00 -1.4557e+00
1589 0 +1.668905797e-01 +1.000166891e+03 +1.000166891e+03 -2.7153e+00 -1.4102e+00
1595 0 +1.298311978e-01 +1.000129831e+03 +1.000129831e+03 -2.6618e+00 -1.3442e+00
1751 0 +1.270614986e-01 +1.000127061e+03 +1.000127061e+03 -2.6736e+00 -1.3510e+00
1766 0 +1.244223537e-01 +1.000124422e+03 +1.000124422e+03 -2.6694e+00 -1.3462e+00
1769 0 +1.156077542e-01 +1.000115608e+03 +1.000115608e+03 -2.6577e+00 -1.3274e+00
1772 0 +1.141640526e-01 +1.000114164e+03 +1.000114164e+03 -2.6552e+00 -1.3266e+00
1777 0 +1.113227815e-01 +1.000111323e+03 +1.000111323e+03 -2.6504e+00 -1.3158e+00
1779 0 +1.019974140e-01 +1.000101997e+03 +1.000101997e+03 -2.6371e+00 -1.3011e+00
1781 0 +8.872072397e-02 +1.000088721e+03 +1.000088721e+03 -2.6156e+00 -1.2712e+00
1787 0 +4.540532281e-02 +1.000045405e+03 +1.000045405e+03 -2.5023e+00 -1.1094e+00
1790 0 +3.446593203e-02 +1.000034466e+03 +1.000034466e+03 -2.5027e+00 -1.0978e+00
1824 0 +2.855365987e-02 +1.000028554e+03 +1.000028554e+03 -2.4853e+00 -1.0730e+00
1843 0 +2.801532684e-02 +1.000028015e+03 +1.000028015e+03 -2.4849e+00 -1.0710e+00
1849 0 +2.572205908e-02 +1.000025722e+03 +1.000025722e+03 -2.4738e+00 -1.0552e+00
1850 0 +2.048703643e-02 +1.000020487e+03 +1.000020487e+03 -2.4596e+00 -1.0292e+00
1877 0 +1.839769565e-02 +1.000018398e+03 +1.000018398e+03 -2.4414e+00 -1.0014e+00
1880 0 +1.656876271e-02 +1.000016569e+03 +1.000016569e+03 -2.4449e+00 -1.0039e+00
1892 0 +1.414454345e-02 +1.000014145e+03 +1.000014145e+03 -2.3970e+00 -9.2483e-01
1904 0 +5.722647719e-03 +1.000005723e+03 +1.000005723e+03 -2.3928e+00 -9.0915e-01
1918 0 +4.917963421e-03 +1.000004918e+03 +1.000004918e+03 -2.3657e+00 -8.6249e-01
1921 0 +4.700335586e-03 +1.000004700e+03 +1.000004700e+03 -2.3859e+00 -8.9612e-01
1928 0 +2.628265076e-03 +1.000002628e+03 +1.000002628e+03 -2.3538e+00 -8.3819e-01
1934 0 +8.194010206e-05 +1.000000082e+03 +1.000000082e+03 -2.3263e+00 -7.8097e-01
1945 0 +3.817522634e-05 +1.000000038e+03 +1.000000038e+03 -2.3239e+00 -7.7611e-01
2006 0 +1.282762389e-05 +1.000000013e+03 +1.000000013e+03 -2.3143e+00 -7.5669e-01
2028 0 +1.534878606e-06 +1.000000002e+03 +1.000000002e+03 -2.3174e+00 -7.6313e-01
2035 0 +1.022090032e-06 +1.000000001e+03 +1.000000001e+03 -2.3168e+00 -7.6180e-01
2095 0 +1.372326324e-07 +1.000000000e+03 +1.000000000e+03 -2.3181e+00 -7.6440e-01
2128 0 +5.457991392e-08 +1.000000000e+03 +1.000000000e+03 -2.3176e+00 -7.6341e-01
2179 0 +4.396156328e-08 +1.000000000e+03 +1.000000000e+03 -2.3176e+00 -7.6341e-01
2185 0 +2.738545390e-08 +1.000000000e+03 +1.000000000e+03 -2.3177e+00 -7.6357e-01
2191 0 +1.739442723e-08 +1.000000000e+03 +1.000000000e+03 -2.3177e+00 -7.6368e-01
2192 0 +5.133074410e-09 +1.000000000e+03 +1.000000000e+03 -2.3178e+00 -7.6375e-01
2400 0 +0.000000000e+00 +1.000000000e+03 +1.000000000e+03 -2.3178e+00 -7.6380e-01
% f evaluations | g evaluations | best noise-free fitness - Fopt (-6.797100000000e+02) + sum g_i+ | measured fitness | best measured fitness or single-digit g-values | x1 | x2...
1 0 +1.083051806e+03 +4.033418057e+02 +4.033418057e+02 +0.0000e+00 +0.0000e+00
2 0 +9.755030075e+02 +2.957930075e+02 +2.957930075e+02 +4.3379e-01 +3.0692e-02
5 0 +8.852669053e+02 +2.055569053e+02 +2.055569053e+02 -1.1375e-01 -3.0566e-01
14 0 +7.803768014e+02 +1.006668014e+02 +1.006668014e+02 +3.4070e-01 -3.7342e-01
21 0 +7.258009736e+02 +4.609097359e+01 +4.609097359e+01 +4.0620e-01 -4.2244e-01
23 0 +6.974319362e+02 +1.772193618e+01 +1.772193618e+01 +6.5198e-01 -2.0992e-01
26 0 +4.805904685e+02 -1.991195315e+02 -1.991195315e+02 +7.4537e-01 -5.2601e-01
28 0 +3.050068529e+02 -3.747031471e+02 -3.747031471e+02 +1.0453e+00 -4.2834e-01
35 0 +2.609699091e-01 -6.794490301e+02 -6.794490301e+02 +1.4388e+00 -1.2133e+00
1420 0 +2.483541481e-01 -6.794616459e+02 -6.794616459e+02 +4.9522e-01 -3.0402e+00
1424 0 +2.348992325e-01 -6.794751008e+02 -6.794751008e+02 +5.0549e-01 -3.0260e+00
1426 0 +2.314799960e-01 -6.794785200e+02 -6.794785200e+02 +5.2038e-01 -3.0184e+00
1430 0 +1.832759315e-01 -6.795267241e+02 -6.795267241e+02 +5.6201e-01 -2.9642e+00
1439 0 +1.783121479e-01 -6.795316879e+02 -6.795316879e+02 +6.2266e-01 -2.9095e+00
1441 0 +1.545337720e-01 -6.795554662e+02 -6.795554662e+02 +5.9687e-01 -2.9227e+00
1443 0 +1.387256968e-01 -6.795712743e+02 -6.795712743e+02 +6.8386e-01 -2.8286e+00
1446 0 +1.229125215e-01 -6.795870875e+02 -6.795870875e+02 +6.7832e-01 -2.8312e+00
1476 0 +1.145602491e-01 -6.795954398e+02 -6.795954398e+02 +6.7547e-01 -2.8316e+00
1492 0 +1.087558961e-01 -6.796012441e+02 -6.796012441e+02 +6.6038e-01 -2.8416e+00
1520 0 +1.021946697e-01 -6.796078053e+02 -6.796078053e+02 +6.8207e-01 -2.8186e+00
1541 0 +9.830684738e-02 -6.796116932e+02 -6.796116932e+02 +7.0316e-01 -2.7929e+00
1548 0 +9.015617541e-02 -6.796198438e+02 -6.796198438e+02 +7.0333e-01 -2.7890e+00
1558 0 +8.409243282e-02 -6.796259076e+02 -6.796259076e+02 +7.0337e-01 -2.7846e+00
1565 0 +8.257001099e-02 -6.796274300e+02 -6.796274300e+02 +7.0655e-01 -2.7804e+00
1574 0 +7.835610818e-02 -6.796316439e+02 -6.796316439e+02 +7.0981e-01 -2.7720e+00
1580 0 +7.742685586e-02 -6.796325731e+02 -6.796325731e+02 +7.1367e-01 -2.7688e+00
1586 0 +6.538293718e-02 -6.796446171e+02 -6.796446171e+02 +7.4084e-01 -2.7309e+00
1600 0 +5.902440712e-02 -6.796509756e+02 -6.796509756e+02 +7.4894e-01 -2.7162e+00
1601 0 +5.662226366e-02 -6.796533777e+02 -6.796533777e+02 +7.5510e-01 -2.7075e+00
1605 0 +5.270298261e-02 -6.796572970e+02 -6.796572970e+02 +7.6013e-01 -2.6944e+00
1607 0 +5.141278898e-02 -6.796585872e+02 -6.796585872e+02 +7.6756e-01 -2.6888e+00
1609 0 +5.117723211e-02 -6.796588228e+02 -6.796588228e+02 +7.6385e-01 -2.6916e+00
1611 0 +3.952894043e-02 -6.796704711e+02 -6.796704711e+02 +7.9252e-01 -2.6474e+00
1613 0 +3.349362937e-02 -6.796765064e+02 -6.796765064e+02 +8.1825e-01 -2.6091e+00
1618 0 +2.892962001e-02 -6.796810704e+02 -6.796810704e+02 +8.2009e-01 -2.6012e+00
1620 0 +2.811873340e-02 -6.796818813e+02 -6.796818813e+02 +8.5612e-01 -2.5486e+00
1621 0 +2.600037171e-02 -6.796839996e+02 -6.796839996e+02 +8.3811e-01 -2.5749e+00
1628 0 +2.125208594e-02 -6.796887479e+02 -6.796887479e+02 +9.1268e-01 -2.4495e+00
1633 0 +1.435695712e-02 -6.796956430e+02 -6.796956430e+02 +8.7618e-01 -2.5071e+00
1634 0 +5.931511497e-03 -6.797040685e+02 -6.797040685e+02 +9.2931e-01 -2.4110e+00
1699 0 +5.404589974e-03 -6.797045954e+02 -6.797045954e+02 +9.2008e-01 -2.4259e+00
1705 0 +5.370264825e-03 -6.797046297e+02 -6.797046297e+02 +9.1984e-01 -2.4262e+00
1710 0 +5.099091835e-03 -6.797049009e+02 -6.797049009e+02 +9.2400e-01 -2.4190e+00
1713 0 +3.701406625e-03 -6.797062986e+02 -6.797062986e+02 +9.2977e-01 -2.4065e+00
1721 0 +3.627157587e-03 -6.797063728e+02 -6.797063728e+02 +9.3038e-01 -2.4054e+00
1726 0 +2.615477535e-03 -6.797073845e+02 -6.797073845e+02 +9.6098e-01 -2.3499e+00
1729 0 +2.395334793e-03 -6.797076047e+02 -6.797076047e+02 +9.4307e-01 -2.3817e+00
1735 0 +1.641838370e-03 -6.797083582e+02 -6.797083582e+02 +9.4889e-01 -2.3689e+00
1737 0 +9.144116110e-04 -6.797090856e+02 -6.797090856e+02 +9.7343e-01 -2.3238e+00
1747 0 +4.561671020e-04 -6.797095438e+02 -6.797095438e+02 +9.7084e-01 -2.3274e+00
1780 0 +3.296252644e-04 -6.797096704e+02 -6.797096704e+02 +9.7461e-01 -2.3179e+00
1792 0 +1.050035391e-04 -6.797098950e+02 -6.797098950e+02 +9.9089e-01 -2.2876e+00
1795 0 +8.187699621e-05 -6.797099181e+02 -6.797099181e+02 +9.8088e-01 -2.3069e+00
1801 0 +4.906934919e-06 -6.797099951e+02 -6.797099951e+02 +9.8784e-01 -2.2929e+00
1808 0 +2.966048214e-06 -6.797099970e+02 -6.797099970e+02 +9.9027e-01 -2.2880e+00
1832 0 +5.104365073e-07 -6.797099995e+02 -6.797099995e+02 +9.8875e-01 -2.2909e+00
1878 0 +4.324783731e-08 -6.797100000e+02 -6.797100000e+02 +9.8958e-01 -2.2892e+00
1924 0 +2.019635303e-08 -6.797100000e+02 -6.797100000e+02 +9.8945e-01 -2.2895e+00
1926 0 +8.511165106e-09 -6.797100000e+02 -6.797100000e+02 +9.8931e-01 -2.2898e+00
2166 0 +0.000000000e+00 -6.797100000e+02 -6.797100000e+02 +9.8940e-01 -2.2896e+00
% f evaluations | g evaluations | best noise-free fitness - Fopt (1.000000000000e+03) + sum g_i+ | measured fitness | best measured fitness or single-digit g-values | x1 | x2...
1 0 +2.986587026e+03 +3.986587026e+03 +3.986587026e+03 +0.0000e+00 +0.0000e+00
5 0 +2.691231337e+03 +3.691231337e+03 +3.691231337e+03 -1.1375e-01 -3.0566e-01
9 0 +2.102431623e+03 +3.102431623e+03 +3.102431623e+03 -1.5904e-01 +7.2161e-02
11 0 +2.069438231e+03 +3.069438231e+03 +3.069438231e+03 -1.6664e-01 +7.0952e-02
15 0 +1.617688159e+03 +2.617688159e+03 +2.617688159e+03 -2.5385e-01 +1.7801e-01
16 0 +9.095470185e+02 +1.909547019e+03 +1.909547019e+03 -4.6938e-01 +2.1135e-01
32 0 +7.047597333e+02 +1.704759733e+03 +1.704759733e+03 -5.0802e-01 +4.0807e-01
41 0 +2.125080157e+02 +1.212508016e+03 +1.212508016e+03 -8.0362e-01 +4.4482e-01
57 0 +2.054530889e+00 +1.002054531e+03 +1.002054531e+03 -1.1101e+00 +7.4779e-01
79 0 +5.808407428e-01 +1.000580841e+03 +1.000580841e+03 -1.1121e+00 +8.1883e-01
111 0 +2.383247282e-01 +1.000238325e+03 +1.000238325e+03 -1.1505e+00 +7.4764e-01
157 0 +2.022915699e-01 +1.000202292e+03 +1.000202292e+03 -1.2136e+00 +6.0003e-01
159 0 +1.768619188e-01 +1.000176862e+03 +1.000176862e+03 -1.1977e+00 +6.2606e-01
161 0 +1.653874917e-01 +1.000165387e+03 +1.000165387e+03 -1.2205e+00 +5.5281e-01
177 0 +1.536417027e-01 +1.000153642e+03 +1.000153642e+03 -1.2307e+00 +5.2695e-01
344 0 +1.513217157e-01 +1.000151322e+03 +1.000151322e+03 -1.2297e+00 +5.3753e-01
366 0 +1.477299121e-01 +1.000147730e+03 +1.000147730e+03 -1.2395e+00 +5.1508e-01
394 0 +1.440863392e-01 +1.000144086e+03 +1.000144086e+03 -1.2400e+00 +5.1028e-01
399 0 +1.401486674e-01 +1.000140149e+03 +1.000140149e+03 -1.2468e+00 +4.9308e-01
424 0 +1.366180204e-01 +1.000136618e+03 +1.000136618e+03 -1.2520e+00 +4.7908e-01
429 0 +1.327130425e-01 +1.000132713e+03 +1.000132713e+03 -1.2605e+00 +4.5777e-01
441 0 +1.209245837e-01 +1.000120925e+03 +1.000120925e+03 -1.2786e+00 +4.0951e-01
447 0 +1.183061922e-01 +1.000118306e+03 +1.000118306e+03 -1.2918e+00 +3.7780e-01
449 0 +9.311279904e-02 +1.000093113e+03 +1.000093113e+03 -1.3240e+00 +2.9067e-01
458 0 +7.246487567e-02 +1.000072465e+03 +1.000072465e+03 -1.3552e+00 +2.0852e-01
460 0 +4.167590292e-02 +1.000041676e+03 +1.000041676e+03 -1.4269e+00 +1.9642e-02
466 0 +3.829366822e-02 +1.000038294e+03 +1.000038294e+03 -1.4232e+00 +3.3881e-02
471 0 +3.053326616e-02 +1.000030533e+03 +1.000030533e+03 -1.4568e+00 -5.0238e-02
540 0 +2.954060848e-02 +1.000029541e+03 +1.000029541e+03 -1.4550e+00 -4.4631e-02
543 0 +2.800692439e-02 +1.000028007e+03 +1.000028007e+03 -1.4574e+00 -4.9637e-02
554 0 +2.671984062e-02 +1.000026720e+03 +1.000026720e+03 -1.4696e+00 -7.9916e-02
562 0 +2.306873796e-02 +1.000023069e+03 +1.000023069e+03 -1.4737e+00 -8.7303e-02
653 0 +2.289907902e-02 +1.000022899e+03 +1.000022899e+03 -1.4670e+00 -6.7939e-02
657 0 +2.113805139e-02 +1.000021138e+03 +1.000021138e+03 -1.4733e+00 -8.2648e-02
663 0 +2.047162442e-02 +1.000020472e+03 +1.000020472e+03 -1.4760e+00 -8.9514e-02
672 0 +1.784339086e-02 +1.000017843e+03 +1.000017843e+03 -1.4871e+00 -1.1558e-01
674 0 +1.736550338e-02 +1.000017366e+03 +1.000017366e+03 -1.4864e+00 -1.1138e-01
678 0 +1.694543462e-02 +1.000016945e+03 +1.000016945e+03 -1.4902e+00 -1.2226e-01
680 0 +1.233190582e-02 +1.000012332e+03 +1.000012332e+03 -1.5073e+00 -1.5890e-01
687 0 +1.143829486e-02 +1.000011438e+03 +1.000011438e+03 -1.5154e+00 -1.7916e-01
688 0 +9.897167127e-03 +1.000009897e+03 +1.000009897e+03 -1.5306e+00 -2.1435e-01
691 0 +9.041104060e-03 +1.000009041e+03 +1.000009041e+03 -1.5246e+00 -1.9816e-01
695 0 +5.573169762e-03 +1.000005573e+03 +1.000005573e+03 -1.6122e+00 -3.8770e-01
696 0 +3.824731545e-03 +1.000003825e+03 +1.000003825e+03 -1.5623e+00 -2.8010e-01
697 0 +2.914185719e-03 +1.000002914e+03 +1.000002914e+03 -1.5872e+00 -3.3390e-01
719 0 +1.552592757e-03 +1.000001553e+03 +1.000001553e+03 -1.6111e+00 -3.7436e-01
726 0 +7.716320594e-04 +1.000000772e+03 +1.000000772e+03 -1.5916e+00 -3.3936e-01
734 0 +5.942639366e-04 +1.000000594e+03 +1.000000594e+03 -1.5962e+00 -3.4893e-01
736 0 +7.857681430e-05 +1.000000079e+03 +1.000000079e+03 -1.6104e+00 -3.7722e-01
900 0 +5.904527200e-05 +1.000000059e+03 +1.000000059e+03 -1.6128e+00 -3.8209e-01
905 0 +4.218522531e-05 +1.000000042e+03 +1.000000042e+03 -1.6121e+00 -3.8035e-01
907 0 +3.120916017e-05 +1.000000031e+03 +1.000000031e+03 -1.6149e+00 -3.8618e-01
909 0 +2.123434467e-05 +1.000000021e+03 +1.000000021e+03 -1.6149e+00 -3.8609e-01
910 0 +1.440221558e-05 +1.000000014e+03 +1.000000014e+03 -1.6146e+00 -3.8515e-01
913 0 +1.264924117e-05 +1.000000013e+03 +1.000000013e+03 -1.6148e+00 -3.8562e-01
956 0 +1.072679186e-05 +1.000000011e+03 +1.000000011e+03 -1.6164e+00 -3.8900e-01
957 0 +9.842457985e-06 +1.000000010e+03 +1.000000010e+03 -1.6152e+00 -3.8657e-01
961 0 +9.246286254e-06 +1.000000009e+03 +1.000000009e+03 -1.6158e+00 -3.8779e-01
964 0 +1.562054422e-06 +1.000000002e+03 +1.000000002e+03 -1.6189e+00 -3.9399e-01
979 0 +7.074032737e-07 +1.000000001e+03 +1.000000001e+03 -1.6179e+00 -3.9193e-01
984 0 +1.435060994e-07 +1.000000000e+03 +1.000000000e+03 -1.6182e+00 -3.9248e-01
991 0 +6.307243439e-08 +1.000000000e+03 +1.000000000e+03 -1.6184e+00 -3.9289e-01
1029 0 +3.792695225e-08 +1.000000000e+03 +1.000000000e+03 -1.6182e+00 -3.9251e-01
1054 0 +1.736361810e-08 +1.000000000e+03 +1.000000000e+03 -1.6181e+00 -3.9214e-01
1058 0 +6.074174053e-09 +1.000000000e+03 +1.000000000e+03 -1.6182e+00 -3.9235e-01
1249 0 +0.000000000e+00 +1.000000000e+03 +1.000000000e+03 -1.6182e+00 -3.9240e-01
% f evaluations | g evaluations | best noise-free fitness - Fopt (1.007000000000e+01) + sum g_i+ | measured fitness | best measured fitness or single-digit g-values | x1 | x2...
1 0 +5.467747085e+02 +5.568447085e+02 +5.568447085e+02 +0.0000e+00 +0.0000e+00
2 0 +3.608536817e+02 +3.709236817e+02 +3.709236817e+02 +4.3379e-01 +3.0692e-02
8 0 +3.520889131e+02 +3.621589131e+02 +3.621589131e+02 +3.6737e-01 -8.8758e-02
14 0 +2.002045891e+02 +2.102745891e+02 +2.102745891e+02 +5.3489e-01 -2.9062e-01
18 0 +1.591902787e+02 +1.692602787e+02 +1.692602787e+02 +7.0977e-01 -1.1307e-01
21 0 +1.510148803e+02 +1.610848803e+02 +1.610848803e+02 +6.0906e-01 -3.4384e-01
23 0 +5.900389969e+01 +6.907389969e+01 +6.907389969e+01 +9.2082e-01 -1.2646e-01
26 0 +1.322456142e+00 +1.139245614e+01 +1.139245614e+01 +1.0467e+00 -4.5641e-01
58 0 +3.496257374e-01 +1.041962574e+01 +1.041962574e+01 +1.1997e+00 -1.5027e-01
67 0 +1.894532008e-01 +1.025945320e+01 +1.025945320e+01 +1.0733e+00 -5.0960e-01
75 0 +1.446719521e-01 +1.021467195e+01 +1.021467195e+01 +1.0513e+00 -5.4593e-01
533 0 +1.435393090e-01 +1.021353931e+01 +1.021353931e+01 +1.0453e+00 -5.7775e-01
558 0 +1.406279779e-01 +1.021062798e+01 +1.021062798e+01 +1.0317e+00 -6.1824e-01
560 0 +1.363433611e-01 +1.020634336e+01 +1.020634336e+01 +1.0385e+00 -5.9485e-01
578 0 +1.325259020e-01 +1.020252590e+01 +1.020252590e+01 +1.0236e+00 -6.3897e-01
585 0 +1.287980355e-01 +1.019879804e+01 +1.019879804e+01 +1.0240e+00 -6.3607e-01
595 0 +1.255321636e-01 +1.019553216e+01 +1.019553216e+01 +1.0100e+00 -6.7645e-01
596 0 +1.170777599e-01 +1.018707776e+01 +1.018707776e+01 +9.9969e-01 -7.0308e-01
613 0 +1.106774023e-01 +1.018067740e+01 +1.018067740e+01 +9.7861e-01 -7.6109e-01
614 0 +9.679318993e-02 +1.016679319e+01 +1.016679319e+01 +9.7641e-01 -7.6119e-01
627 0 +9.182879427e-02 +1.016182879e+01 +1.016182879e+01 +9.7706e-01 -7.5520e-01
638 0 +8.427183134e-02 +1.015427183e+01 +1.015427183e+01 +9.4624e-01 -8.4113e-01
647 0 +7.093180383e-02 +1.014093180e+01 +1.014093180e+01 +9.3673e-01 -8.6018e-01
650 0 +6.649688352e-02 +1.013649688e+01 +1.013649688e+01 +9.0609e-01 -9.4246e-01
655 0 +6.574076988e-02 +1.013574077e+01 +1.013574077e+01 +9.2133e-01 -9.0067e-01
657 0 +4.643837279e-02 +1.011643837e+01 +1.011643837e+01 +8.8149e-01 -9.9725e-01
674 0 +4.138683575e-02 +1.011138684e+01 +1.011138684e+01 +8.5464e-01 -1.0644e+00
684 0 +3.369523616e-02 +1.010369524e+01 +1.010369524e+01 +8.5437e-01 -1.0598e+00
695 0 +3.226699138e-02 +1.010226699e+01 +1.010226699e+01 +8.0110e-01 -1.1907e+00
696 0 +3.126575803e-02 +1.010126576e+01 +1.010126576e+01 +8.4079e-01 -1.0935e+00
697 0 +2.960775223e-02 +1.009960775e+01 +1.009960775e+01 +8.2095e-01 -1.1421e+00
709 0 +2.419622666e-02 +1.009419623e+01 +1.009419623e+01 +8.2056e-01 -1.1396e+00
711 0 +2.291320166e-02 +1.009291320e+01 +1.009291320e+01 +8.2253e-01 -1.1332e+00
717 0 +2.044919402e-02 +1.009044919e+01 +1.009044919e+01 +8.1434e-01 -1.1517e+00
734 0 +1.907843206e-02 +1.008907843e+01 +1.008907843e+01 +8.1359e-01 -1.1514e+00
735 0 +1.683386325e-02 +1.008683386e+01 +1.008683386e+01 +8.0555e-01 -1.1693e+00
748 0 +1.441492896e-02 +1.008441493e+01 +1.008441493e+01 +7.9360e-01 -1.1973e+00
758 0 +1.328425356e-02 +1.008328425e+01 +1.008328425e+01 +7.8520e-01 -1.2172e+00
765 0 +1.187616413e-02 +1.008187616e+01 +1.008187616e+01 +7.8577e-01 -1.2121e+00
779 0 +1.094281385e-02 +1.008094281e+01 +1.008094281e+01 +7.7864e-01 -1.2301e+00
791 0 +9.881085939e-03 +1.007988109e+01 +1.007988109e+01 +7.6932e-01 -1.2518e+00
798 0 +9.298604827e-03 +1.007929860e+01 +1.007929860e+01 +7.6109e-01 -1.2708e+00
807 0 +8.153967579e-03 +1.007815397e+01 +1.007815397e+01 +7.6699e-01 -1.2537e+00
810 0 +6.914432809e-03 +1.007691443e+01 +1.007691443e+01 +7.4982e-01 -1.2944e+00
820 0 +6.279945621e-03 +1.007627995e+01 +1.007627995e+01 +7.5593e-01 -1.2777e+00
838 0 +5.172795046e-03 +1.007517280e+01 +1.007517280e+01 +7.4714e-01 -1.2977e+00
842 0 +4.728997814e-03 +1.007472900e+01 +1.007472900e+01 +7.3304e-01 -1.3301e+00
847 0 +4.564393960e-03 +1.007456439e+01 +1.007456439e+01 +7.4031e-01 -1.3130e+00
848 0 +4.364450735e-03 +1.007436445e+01 +1.007436445e+01 +7.2673e-01 -1.3438e+00
851 0 +4.117644538e-03 +1.007411764e+01 +1.007411764e+01 +7.3308e-01 -1.3292e+00
856 0 +3.755671409e-03 +1.007375567e+01 +1.007375567e+01 +7.2669e-01 -1.3431e+00
860 0 +3.215407557e-03 +1.007321541e+01 +1.007321541e+01 +7.1618e-01 -1.3656e+00
865 0 +2.953555132e-03 +1.007295356e+01 +1.007295356e+01 +7.2497e-01 -1.3457e+00
870 0 +2.927086284e-03 +1.007292709e+01 +1.007292709e+01 +7.2973e-01 -1.3343e+00
878 0 +2.086824334e-03 +1.007208682e+01 +1.007208682e+01 +7.2174e-01 -1.3507e+00
900 0 +1.952729453e-03 +1.007195273e+01 +1.007195273e+01 +7.1397e-01 -1.3685e+00
905 0 +1.634521977e-03 +1.007163452e+01 +1.007163452e+01 +7.1479e-01 -1.3658e+00
909 0 +1.471842373e-03 +1.007147184e+01 +1.007147184e+01 +7.0838e-01 -1.3798e+00
910 0 +1.045076186e-03 +1.007104508e+01 +1.007104508e+01 +7.0748e-01 -1.3805e+00
918 0 +9.889231580e-04 +1.007098892e+01 +1.007098892e+01 +6.7652e-01 -1.4455e+00
919 0 +5.692736313e-04 +1.007056927e+01 +1.007056927e+01 +6.9913e-01 -1.3975e+00
920 0 +2.455658199e-04 +1.007024557e+01 +1.007024557e+01 +6.8593e-01 -1.4247e+00
924 0 +1.305964476e-04 +1.007013060e+01 +1.007013060e+01 +6.7704e-01 -1.4425e+00
928 0 +9.401681903e-05 +1.007009402e+01 +1.007009402e+01 +6.8334e-01 -1.4294e+00
931 0 +6.691847266e-05 +1.007006692e+01 +1.007006692e+01 +6.8435e-01 -1.4263e+00
933 0 +6.099538460e-05 +1.007006100e+01 +1.007006100e+01 +6.7847e-01 -1.4377e+00
940 0 +4.336315843e-06 +1.007000434e+01 +1.007000434e+01 +6.7508e-01 -1.4451e+00
941 0 +2.762697655e-06 +1.007000276e+01 +1.007000276e+01 +6.7831e-01 -1.4387e+00
943 0 +9.271759431e-07 +1.007000093e+01 +1.007000093e+01 +6.7669e-01 -1.4419e+00
958 0 +4.465219110e-07 +1.007000045e+01 +1.007000045e+01 +6.7627e-01 -1.4428e+00
982 0 +2.492487319e-07 +1.007000025e+01 +1.007000025e+01 +6.7632e-01 -1.4428e+00
1029 0 +1.451043286e-07 +1.007000015e+01 +1.007000015e+01 +6.7642e-01 -1.4426e+00
1033 0 +4.044564150e-08 +1.007000004e+01 +1.007000004e+01 +6.7686e-01 -1.4417e+00
1048 0 +2.484090444e-08 +1.007000002e+01 +1.007000002e+01 +6.7692e-01 -1.4416e+00
1073 0 +2.334581950e-08 +1.007000002e+01 +1.007000002e+01 +6.7682e-01 -1.4417e+00
1083 0 +2.210945915e-08 +1.007000002e+01 +1.007000002e+01 +6.7691e-01 -1.4416e+00
1086 0 +1.055459897e-08 +1.007000001e+01 +1.007000001e+01 +6.7670e-01 -1.4420e+00
1087 0 +8.883969116e-10 +1.007000000e+01 +1.007000000e+01 +6.7681e-01 -1.4418e+00
1399 0 +0.000000000e+00 +1.007000000e+01 +1.007000000e+01 +6.7680e-01 -1.4418e+00
% f evaluations | g evaluations | best noise-free fitness - Fopt (-7.540000000000e+00) + sum g_i+ | measured fitness | best measured fitness or single-digit g-values | x1 | x2...
1 0 +7.765892630e+02 +7.690492630e+02 +7.690492630e+02 +0.0000e+00 +0.0000e+00
2 0 +2.572412484e+02 +2.497012484e+02 +2.497012484e+02 +4.3379e-01 +3.0692e-02
8 0 +1.260547765e+02 +1.185147765e+02 +1.185147765e+02 +6.0117e-01 +1.6999e-01
14 0 +9.646548565e+01 +8.892548565e+01 +8.892548565e+01 +8.1870e-01 -5.5543e-02
18 0 +1.681141755e+01 +9.271417552e+00 +9.271417552e+00 +1.1066e+00 +1.9058e-01
22 0 +3.656288583e+00 -3.883711417e+00 -3.883711417e+00 +1.1182e+00 +6.9138e-01
25 0 +1.587174167e+00 -5.952825833e+00 -5.952825833e+00 +1.2917e+00 +4.5542e-01
31 0 +9.746797035e-01 -6.565320296e+00 -6.565320296e+00 +1.5650e+00 +3.7069e-01
74 0 +7.741959820e-01 -6.765804018e+00 -6.765804018e+00 +1.7267e+00 +4.4372e-01
112 0 +6.525202255e-01 -6.887479774e+00 -6.887479774e+00 +1.7411e+00 +4.1283e-01
159 0 +6.265828348e-01 -6.913417165e+00 -6.913417165e+00 +1.7561e+00 +4.2465e-01
183 0 +5.971221205e-01 -6.942877880e+00 -6.942877880e+00 +1.7777e+00 +4.2632e-01
224 0 +5.759479712e-01 -6.964052029e+00 -6.964052029e+00 +1.7927e+00 +4.3229e-01
229 0 +5.741789885e-01 -6.965821011e+00 -6.965821011e+00 +1.8027e+00 +4.3118e-01
234 0 +5.394447281e-01 -7.000555272e+00 -7.000555272e+00 +1.8478e+00 +4.4781e-01
241 0 +5.304995795e-01 -7.009500421e+00 -7.009500421e+00 +1.8332e+00 +4.4738e-01
244 0 +5.065591587e-01 -7.033440841e+00 -7.033440841e+00 +1.8373e+00 +4.5939e-01
249 0 +4.080215474e-01 -7.131978453e+00 -7.131978453e+00 +1.9100e+00 +5.0751e-01
257 0 +3.702151041e-01 -7.169784896e+00 -7.169784896e+00 +1.9628e+00 +5.3560e-01
270 0 +2.867968151e-01 -7.253203185e+00 -7.253203185e+00 +2.0224e+00 +5.9498e-01
282 0 +2.514747234e-01 -7.288525277e+00 -7.288525277e+00 +2.0617e+00 +6.3191e-01
327 0 +2.347746528e-01 -7.305225347e+00 -7.305225347e+00 +2.0631e+00 +6.4638e-01
331 0 +2.251156171e-01 -7.314884383e+00 -7.314884383e+00 +2.0850e+00 +6.5828e-01
334 0 +1.844375731e-01 -7.355562427e+00 -7.355562427e+00 +2.1278e+00 +7.0758e-01
339 0 +1.750742827e-01 -7.364925717e+00 -7.364925717e+00 +2.1775e+00 +7.5728e-01
355 0 +1.703193041e-01 -7.369680696e+00 -7.369680696e+00 +2.1407e+00 +7.2490e-01
357 0 +1.391235325e-01 -7.400876468e+00 -7.400876468e+00 +2.1880e+00 +7.8021e-01
358 0 +1.298358086e-01 -7.410164191e+00 -7.410164191e+00 +2.2169e+00 +8.1370e-01
367 0 +1.084514011e-01 -7.431548599e+00 -7.431548599e+00 +2.2192e+00 +8.2859e-01
386 0 +9.258024107e-02 -7.447419759e+00 -7.447419759e+00 +2.2433e+00 +8.6441e-01
400 0 +7.308595874e-02 -7.466914041e+00 -7.466914041e+00 +2.2914e+00 +9.2455e-01
433 0 +7.191921799e-02 -7.468080782e+00 -7.468080782e+00 +2.2812e+00 +9.1507e-01
442 0 +6.513371424e-02 -7.474866286e+00 -7.474866286e+00 +2.2941e+00 +9.3432e-01
447 0 +6.014859170e-02 -7.479851408e+00 -7.479851408e+00 +2.3082e+00 +9.6390e-01
453 0 +5.530836913e-02 -7.484691631e+00 -7.484691631e+00 +2.3142e+00 +9.6477e-01
457 0 +5.410507346e-02 -7.485894927e+00 -7.485894927e+00 +2.3306e+00 +9.8476e-01
458 0 +5.283552394e-02 -7.487164476e+00 -7.487164476e+00 +2.3193e+00 +9.7285e-01
461 0 +4.085058950e-02 -7.499149410e+00 -7.499149410e+00 +2.3470e+00 +1.0165e+00
466 0 +3.972958273e-02 -7.500270417e+00 -7.500270417e+00 +2.3600e+00 +1.0332e+00
475 0 +3.610483705e-02 -7.503895163e+00 -7.503895163e+00 +2.3709e+00 +1.0509e+00
480 0 +2.677773225e-02 -7.513222268e+00 -7.513222268e+00 +2.3910e+00 +1.0866e+00
484 0 +2.603354623e-02 -7.513966454e+00 -7.513966454e+00 +2.4005e+00 +1.1008e+00
487 0 +2.418987988e-02 -7.515810120e+00 -7.515810120e+00 +2.3933e+00 +1.0932e+00
502 0 +2.383347069e-02 -7.516166529e+00 -7.516166529e+00 +2.3932e+00 +1.0952e+00
507 0 +2.206506298e-02 -7.517934937e+00 -7.517934937e+00 +2.4036e+00 +1.1091e+00
508 0 +2.009141928e-02 -7.519908581e+00 -7.519908581e+00 +2.4114e+00 +1.1222e+00
512 0 +1.951351388e-02 -7.520486486e+00 -7.520486486e+00 +2.4080e+00 +1.1209e+00
518 0 +1.638513335e-02 -7.523614867e+00 -7.523614867e+00 +2.4196e+00 +1.1401e+00
524 0 +1.616238106e-02 -7.523837619e+00 -7.523837619e+00 +2.4259e+00 +1.1477e+00
528 0 +1.421907622e-02 -7.525780924e+00 -7.525780924e+00 +2.4380e+00 +1.1682e+00
530 0 +1.372565070e-02 -7.526274349e+00 -7.526274349e+00 +2.4312e+00 +1.1594e+00
535 0 +1.282245097e-02 -7.527177549e+00 -7.527177549e+00 +2.4483e+00 +1.1858e+00
538 0 +8.001472833e-03 -7.531998527e+00 -7.531998527e+00 +2.4727e+00 +1.2310e+00
558 0 +7.289435818e-03 -7.532710564e+00 -7.532710564e+00 +2.4653e+00 +1.2198e+00
573 0 +7.169585099e-03 -7.532830415e+00 -7.532830415e+00 +2.4631e+00 +1.2176e+00
578 0 +5.707174259e-03 -7.534292826e+00 -7.534292826e+00 +2.4721e+00 +1.2351e+00
585 0 +4.119494670e-03 -7.535880505e+00 -7.535880505e+00 +2.4882e+00 +1.2622e+00
591 0 +3.991518446e-03 -7.536008482e+00 -7.536008482e+00 +2.4908e+00 +1.2669e+00
592 0 +2.705426076e-03 -7.537294574e+00 -7.537294574e+00 +2.4962e+00 +1.2806e+00
597 0 +1.701266434e-03 -7.538298734e+00 -7.538298734e+00 +2.5064e+00 +1.2992e+00
602 0 +1.539509329e-03 -7.538460491e+00 -7.538460491e+00 +2.5088e+00 +1.3046e+00
607 0 +1.476081742e-03 -7.538523918e+00 -7.538523918e+00 +2.5131e+00 +1.3138e+00
610 0 +1.080418211e-03 -7.538919582e+00 -7.538919582e+00 +2.5154e+00 +1.3160e+00
619 0 +8.945001520e-04 -7.539105500e+00 -7.539105500e+00 +2.5329e+00 +1.3481e+00
632 0 +3.191078769e-04 -7.539680892e+00 -7.539680892e+00 +2.5309e+00 +1.3462e+00
635 0 +2.670638675e-04 -7.539732936e+00 -7.539732936e+00 +2.5397e+00 +1.3629e+00
637 0 +2.532613704e-04 -7.539746739e+00 -7.539746739e+00 +2.5353e+00 +1.3545e+00
639 0 +1.975281982e-04 -7.539802472e+00 -7.539802472e+00 +2.5362e+00 +1.3583e+00
644 0 +2.070509566e-06 -7.539997929e+00 -7.539997929e+00 +2.5489e+00 +1.3827e+00
649 0 +1.230443504e-06 -7.539998770e+00 -7.539998770e+00 +2.5471e+00 +1.3790e+00
692 0 +1.097084623e-06 -7.539998903e+00 -7.539998903e+00 +2.5485e+00 +1.3819e+00
730 0 +7.878556403e-07 -7.539999212e+00 -7.539999212e+00 +2.5475e+00 +1.3798e+00
746 0 +1.672950001e-07 -7.539999833e+00 -7.539999833e+00 +2.5477e+00 +1.3802e+00
751 0 +1.019180935e-07 -7.539999898e+00 -7.539999898e+00 +2.5475e+00 +1.3797e+00
757 0 +4.655197472e-08 -7.539999953e+00 -7.539999953e+00 +2.5475e+00 +1.3797e+00
769 0 +1.835685026e-08 -7.539999982e+00 -7.539999982e+00 +2.5475e+00 +1.3797e+00
776 0 +4.204200543e-09 -7.539999996e+00 -7.539999996e+00 +2.5477e+00 +1.3801e+00
1054 0 +0.000000000e+00 -7.540000000e+00 -7.540000000e+00 +2.5476e+00 +1.3800e+00
