% f evaluations | g evaluations | best noise-free fitness - Fopt (1.491500000000e+02) + sum g_i+ | measured fitness | best measured fitness or single-digit g-values | x1 | x2...
1 0 +6.626101642e+00 +1.557761016e+02 +1.557761016e+02 +0.0000e+00 +0.0000e+00
4 0 +2.400353056e+00 +1.515503531e+02 +1.515503531e+02 +2.4727e-01 +1.7369e-01
6 0 +2.192971129e+00 +1.513429711e+02 +1.513429711e+02 +1.1285e-01 -1.5359e-01
8 0 +5.087763584e-02 +1.492008776e+02 +1.492008776e+02 +8.2124e-02 -9.5188e-02
15 0 +3.463479793e-02 +1.491846348e+02 +1.491846348e+02 +1.2465e-01 +2.6030e-02
317 0 +3.333559931e-02 +1.491833356e+02 +1.491833356e+02 +1.2738e-01 +2.7793e-02
334 0 +3.293486400e-02 +1.491829349e+02 +1.491829349e+02 +1.2206e-01 +1.9031e-02
349 0 +2.895536967e-02 +1.491789554e+02 +1.491789554e+02 +1.1289e-01 -3.7214e-03
383 0 +2.739495189e-02 +1.491773950e+02 +1.491773950e+02 +1.0877e-01 -1.8232e-02
388 0 +2.633190528e-02 +1.491763319e+02 +1.491763319e+02 +1.0614e-01 -2.3813e-02
429 0 +2.613631404e-02 +1.491761363e+02 +1.491761363e+02 +1.0475e-01 -2.7678e-02
437 0 +2.411676829e-02 +1.491741168e+02 +1.491741168e+02 +9.7463e-02 -4.5016e-02
447 0 +2.327737344e-02 +1.491732774e+02 +1.491732774e+02 +9.2158e-02 -5.8323e-02
467 0 +2.164089601e-02 +1.491716409e+02 +1.491716409e+02 +8.0911e-02 -8.5633e-02
482 0 +2.128454608e-02 +1.491712845e+02 +1.491712845e+02 +7.4083e-02 -1.0228e-01
493 0 +2.088971980e-02 +1.491708897e+02 +1.491708897e+02 +7.5926e-02 -9.7433e-02
515 0 +2.021085368e-02 +1.491702109e+02 +1.491702109e+02 +6.9869e-02 -1.1178e-01
518 0 +1.973006625e-02 +1.491697301e+02 +1.491697301e+02 +7.8440e-02 -8.9985e-02
523 0 +1.886092789e-02 +1.491688609e+02 +1.491688609e+02 +6.2424e-02 -1.2881e-01
527 0 +1.759277258e-02 +1.491675928e+02 +1.491675928e+02 +5.6118e-02 -1.4298e-01
534 0 +1.586263645e-02 +1.491658626e+02 +1.491658626e+02 +6.4123e-02 -1.2195e-01
544 0 +1.318480443e-02 +1.491631848e+02 +1.491631848e+02 +5.6319e-02 -1.3806e-01
579 0 +1.215943170e-02 +1.491621594e+02 +1.491621594e+02 +3.3299e-02 -1.9255e-01
597 0 +1.126699833e-02 +1.491612670e+02 +1.491612670e+02 +3.7663e-02 -1.8159e-01
629 0 +1.090476979e-02 +1.491609048e+02 +1.491609048e+02 +3.7255e-02 -1.8220e-01
632 0 +1.058682953e-02 +1.491605868e+02 +1.491605868e+02 +3.4048e-02 -1.8946e-01
639 0 +9.759435673e-03 +1.491597594e+02 +1.491597594e+02 +3.5414e-02 -1.8530e-01
647 0 +9.445735731e-03 +1.491594457e+02 +1.491594457e+02 +3.0663e-02 -1.9625e-01
654 0 +8.643939436e-03 +1.491586439e+02 +1.491586439e+02 +2.5730e-02 -2.0697e-01
660 0 +8.408831798e-03 +1.491584088e+02 +1.491584088e+02 +2.5256e-02 -2.0782e-01
661 0 +7.940647349e-03 +1.491579406e+02 +1.491579406e+02 +2.3754e-02 -2.1079e-01
668 0 +7.702363124e-03 +1.491577024e+02 +1.491577024e+02 +1.8232e-02 -2.2335e-01
669 0 +7.101476457e-03 +1.491571015e+02 +1.491571015e+02 +1.0825e-02 -2.3963e-01
676 0 +3.889459459e-03 +1.491538895e+02 +1.491538895e+02 -8.3795e-03 -2.7909e-01
683 0 +3.055277052e-03 +1.491530553e+02 +1.491530553e+02 -3.1584e-02 -3.2801e-01
697 0 +1.960778160e-03 +1.491519608e+02 +1.491519608e+02 -2.9488e-02 -3.2232e-01
705 0 +1.820295938e-03 +1.491518203e+02 +1.491518203e+02 -1.7319e-02 -2.9557e-01
707 0 +1.298565786e-03 +1.491512986e+02 +1.491512986e+02 -2.9258e-02 -3.2074e-01
733 0 +1.277579939e-03 +1.491512776e+02 +1.491512776e+02 -2.5046e-02 -3.1150e-01
734 0 +1.128185601e-03 +1.491511282e+02 +1.491511282e+02 -3.4342e-02 -3.3128e-01
737 0 +9.160876678e-04 +1.491509161e+02 +1.491509161e+02 -3.6285e-02 -3.3498e-01
743 0 +8.857295248e-04 +1.491508857e+02 +1.491508857e+02 -2.8512e-02 -3.1803e-01
750 0 +7.674903912e-04 +1.491507675e+02 +1.491507675e+02 -3.3095e-02 -3.2777e-01
751 0 +5.920749814e-04 +1.491505921e+02 +1.491505921e+02 -3.7536e-02 -3.3683e-01
776 0 +5.721366785e-04 +1.491505721e+02 +1.491505721e+02 -3.2892e-02 -3.2655e-01
783 0 +4.171578206e-04 +1.491504172e+02 +1.491504172e+02 -3.7276e-02 -3.3561e-01
788 0 +3.385352024e-04 +1.491503385e+02 +1.491503385e+02 -4.9904e-02 -3.6194e-01
797 0 +2.759005417e-04 +1.491502759e+02 +1.491502759e+02 -4.0827e-02 -3.4268e-01
827 0 +2.360811316e-04 +1.491502361e+02 +1.491502361e+02 -4.5563e-02 -3.5263e-01
828 0 +2.100211104e-04 +1.491502100e+02 +1.491502100e+02 -4.7610e-02 -3.5680e-01
832 0 +2.030207064e-04 +1.491502030e+02 +1.491502030e+02 -4.5772e-02 -3.5292e-01
836 0 +1.430651732e-04 +1.491501431e+02 +1.491501431e+02 -4.7288e-02 -3.5581e-01
855 0 +1.371520079e-04 +1.491501372e+02 +1.491501372e+02 -4.4249e-02 -3.4919e-01
859 0 +1.218004602e-04 +1.491501218e+02 +1.491501218e+02 -5.2220e-02 -3.6589e-01
868 0 +1.071644072e-04 +1.491501072e+02 +1.491501072e+02 -5.1079e-02 -3.6349e-01
870 0 +1.056724402e-04 +1.491501057e+02 +1.491501057e+02 -4.8254e-02 -3.5762e-01
873 0 +9.809197803e-05 +1.491500981e+02 +1.491500981e+02 -4.6644e-02 -3.5411e-01
875 0 +7.262669700e-05 +1.491500726e+02 +1.491500726e+02 -4.6941e-02 -3.5442e-01
880 0 +7.050506943e-05 +1.491500705e+02 +1.491500705e+02 -4.7402e-02 -3.5546e-01
881 0 +4.135974802e-05 +1.491500414e+02 +1.491500414e+02 -5.1670e-02 -3.6426e-01
893 0 +3.472067391e-05 +1.491500347e+02 +1.491500347e+02 -5.0648e-02 -3.6130e-01
897 0 +2.958806803e-05 +1.491500296e+02 +1.491500296e+02 -4.9774e-02 -3.5996e-01
904 0 +2.236441262e-05 +1.491500224e+02 +1.491500224e+02 -5.0518e-02 -3.6148e-01
916 0 +2.153617601e-05 +1.491500215e+02 +1.491500215e+02 -5.1373e-02 -3.6339e-01
919 0 +1.894116298e-05 +1.491500189e+02 +1.491500189e+02 -5.2554e-02 -3.6585e-01
924 0 +1.321301653e-05 +1.491500132e+02 +1.491500132e+02 -5.3636e-02 -3.6800e-01
929 0 +1.128671497e-05 +1.491500113e+02 +1.491500113e+02 -5.3241e-02 -3.6715e-01
931 0 +9.711220287e-06 +1.491500097e+02 +1.491500097e+02 -5.3942e-02 -3.6857e-01
937 0 +2.734059308e-07 +1.491500003e+02 +1.491500003e+02 -5.5449e-02 -3.7134e-01
1035 0 +1.246759211e-07 +1.491500001e+02 +1.491500001e+02 -5.5169e-02 -3.7077e-01
1050 0 +4.095787176e-08 +1.491500000e+02 +1.491500000e+02 -5.5240e-02 -3.7086e-01
1053 0 +1.297794938e-08 +1.491500000e+02 +1.491500000e+02 -5.5124e-02 -3.7066e-01
1058 0 +9.146418734e-09 +1.491500000e+02 +1.491500000e+02 -5.5115e-02 -3.7064e-01
1386 0 +0.000000000e+00 +1.491500000e+02 +1.491500000e+02 -5.5200e-02 -3.7080e-01
% f evaluations | g evaluations | best noise-free fitness - Fopt (-1.000000000000e+03) + sum g_i+ | measured fitness | best measured fitness or single-digit g-values | x1 | x2...
1 0 +2.246386374e+04 +2.146386374e+04 +2.146386374e+04 +0.0000e+00 +0.0000e+00
5 0 +2.082526356e+04 +1.982526356e+04 +1.982526356e+04 -1.1375e-01 -3.0566e-01
9 0 +1.982257577e+04 +1.882257577e+04 +1.882257577e+04 -1.1781e-01 +1.5775e-02
16 0 +1.423051258e+04 +1.323051258e+04 +1.323051258e+04 -3.9445e-01 +1.7836e-01
40 0 +1.244654213e+04 +1.144654213e+04 +1.144654213e+04 -5.0611e-01 +1.9222e-01
65 0 +7.777359601e+03 +6.777359601e+03 +6.777359601e+03 -8.5847e-01 +2.9842e-01
74 0 +4.062499178e+03 +3.062499178e+03 +3.062499178e+03 -1.2833e+00 +3.8336e-01
79 0 +1.928444919e+03 +9.284449187e+02 +9.284449187e+02 -1.6468e+00 +6.3294e-01
86 0 +1.081854542e+01 -9.891814546e+02 -9.891814546e+02 -2.8564e+00 +1.4892e+00
98 0 +8.550190641e+00 -9.914498094e+02 -9.914498094e+02 -2.7245e+00 +1.1471e+00
109 0 +2.158731955e+00 -9.978412680e+02 -9.978412680e+02 -2.7414e+00 +1.5482e+00
131 0 +2.030096258e+00 -9.979699037e+02 -9.979699037e+02 -2.7969e+00 +1.4242e+00
229 0 +7.325629842e-02 -9.999267437e+02 -9.999267437e+02 -2.8001e+00 +1.2485e+00
260 0 +2.580537250e-02 -9.999741946e+02 -9.999741946e+02 -2.8188e+00 +1.2520e+00
285 0 +2.045961277e-02 -9.999795404e+02 -9.999795404e+02 -2.9520e+00 +9.8955e-01
345 0 +1.304100019e-02 -9.999869590e+02 -9.999869590e+02 -2.9203e+00 +1.0288e+00
385 0 +1.936540148e-03 -9.999980635e+02 -9.999980635e+02 -2.8903e+00 +1.0930e+00
387 0 +1.904977546e-04 -9.999998095e+02 -9.999998095e+02 -2.8391e+00 +1.1939e+00
454 0 +8.006361816e-05 -9.999999199e+02 -9.999999199e+02 -2.8569e+00 +1.1595e+00
456 0 +5.199399106e-05 -9.999999480e+02 -9.999999480e+02 -2.8424e+00 +1.1887e+00
467 0 +2.392171177e-05 -9.999999761e+02 -9.999999761e+02 -2.8513e+00 +1.1699e+00
482 0 +9.905034858e-06 -9.999999901e+02 -9.999999901e+02 -2.8473e+00 +1.1787e+00
485 0 +8.257740319e-06 -9.999999917e+02 -9.999999917e+02 -2.8507e+00 +1.1718e+00
488 0 +6.309950777e-06 -9.999999937e+02 -9.999999937e+02 -2.8499e+00 +1.1730e+00
491 0 +5.175180149e-06 -9.999999948e+02 -9.999999948e+02 -2.8491e+00 +1.1746e+00
498 0 +8.189840628e-08 -9.999999999e+02 -9.999999999e+02 -2.8480e+00 +1.1770e+00
559 0 +4.710420853e-08 -1.000000000e+03 -1.000000000e+03 -2.8481e+00 +1.1769e+00
572 0 +2.396188847e-08 -1.000000000e+03 -1.000000000e+03 -2.8483e+00 +1.1764e+00
575 0 +2.111096364e-08 -1.000000000e+03 -1.000000000e+03 -2.8483e+00 +1.1764e+00
603 0 +5.010861059e-09 -1.000000000e+03 -1.000000000e+03 -2.8482e+00 +1.1767e+00
855 0 +0.000000000e+00 -1.000000000e+03 -1.000000000e+03 -2.8482e+00 +1.1766e+00
% f evaluations | g evaluations | best noise-free fitness - Fopt (9.862000000000e+01) + sum g_i+ | measured fitness | best measured fitness or single-digit g-values | x1 | x2...
1 0 +1.240686796e+02 +2.226886796e+02 +2.226886796e+02 +0.0000e+00 +0.0000e+00
5 0 +1.042859144e+02 +2.029059144e+02 +2.029059144e+02 -1.1375e-01 -3.0566e-01
9 0 +4.721748558e+01 +1.458374856e+02 +1.458374856e+02 -1.1781e-01 +1.5775e-02
11 0 +4.395615701e+01 +1.425761570e+02 +1.425761570e+02 -1.2536e-01 +1.4549e-02
16 0 +1.145416747e+01 +1.100741675e+02 +1.100741675e+02 -3.9445e-01 +1.7836e-01
17 0 +1.043652693e+01 +1.090565269e+02 +1.090565269e+02 -2.4371e-01 -2.7673e-02
22 0 +2.033768237e+00 +1.006537682e+02 +1.006537682e+02 -2.3626e-01 +1.8300e-01
24 0 +7.844979235e-01 +9.940449792e+01 +9.940449792e+01 -2.0737e-01 +3.3992e-01
57 0 +5.829744713e-01 +9.920297447e+01 +9.920297447e+01 -1.6524e-01 +5.8331e-01
63 0 +3.267646472e-01 +9.894676465e+01 +9.894676465e+01 -2.8732e-01 +1.3197e-01
116 0 +2.869325199e-01 +9.890693252e+01 +9.890693252e+01 -2.8479e-01 +1.7653e-01
459 0 +2.813277249e-01 +9.890132772e+01 +9.890132772e+01 -2.7523e-01 +1.9515e-01
472 0 +2.646806701e-01 +9.888468067e+01 +9.888468067e+01 -2.9107e-01 +1.4666e-01
478 0 +2.526225087e-01 +9.887262251e+01 +9.887262251e+01 -3.1658e-01 +5.6398e-02
497 0 +2.351831818e-01 +9.885518318e+01 +9.885518318e+01 -3.3131e-01 +1.4237e-02
503 0 +2.312562568e-01 +9.885125626e+01 +9.885125626e+01 -3.4489e-01 -2.9204e-02
523 0 +2.253356203e-01 +9.884533562e+01 +9.884533562e+01 -3.4380e-01 -2.3268e-02
579 0 +2.231046873e-01 +9.884310469e+01 +9.884310469e+01 -3.5057e-01 -4.4656e-02
597 0 +2.184064834e-01 +9.883840648e+01 +9.883840648e+01 -3.5155e-01 -4.5927e-02
632 0 +2.127722931e-01 +9.883277229e+01 +9.883277229e+01 -3.6790e-01 -9.6658e-02
647 0 +2.074548988e-01 +9.882745490e+01 +9.882745490e+01 -3.6662e-01 -9.0582e-02
654 0 +2.031714383e-01 +9.882317144e+01 +9.882317144e+01 -3.6900e-01 -9.6499e-02
667 0 +1.975974916e-01 +9.881759749e+01 +9.881759749e+01 -3.7512e-01 -1.1390e-01
669 0 +1.918107037e-01 +9.881181070e+01 +9.881181070e+01 -3.7781e-01 -1.1991e-01
676 0 +1.799386469e-01 +9.879993865e+01 +9.879993865e+01 -3.8113e-01 -1.2081e-01
681 0 +1.753670971e-01 +9.879536710e+01 +9.879536710e+01 -3.8651e-01 -1.3589e-01
682 0 +1.651477257e-01 +9.878514773e+01 +9.878514773e+01 -3.9926e-01 -1.7303e-01
684 0 +1.590455491e-01 +9.877904555e+01 +9.877904555e+01 -4.0746e-01 -1.9702e-01
690 0 +1.577965368e-01 +9.877779654e+01 +9.877779654e+01 -4.6330e-01 -3.2688e-01
695 0 +1.409089770e-01 +9.876090898e+01 +9.876090898e+01 -4.3145e-01 -2.5713e-01
706 0 +1.285617785e-01 +9.874856178e+01 +9.874856178e+01 -4.5900e-01 -3.2622e-01
709 0 +1.073040057e-01 +9.872730401e+01 +9.872730401e+01 -5.0014e-01 -4.3268e-01
711 0 +4.716790083e-02 +9.866716790e+01 +9.866716790e+01 -6.0944e-01 -7.0856e-01
722 0 +4.528337271e-02 +9.866528337e+01 +9.866528337e+01 -5.9324e-01 -6.7707e-01
728 0 +3.364659466e-02 +9.865364659e+01 +9.865364659e+01 -6.3622e-01 -7.8843e-01
729 0 +3.084305708e-02 +9.865084306e+01 +9.865084306e+01 -6.3011e-01 -7.6560e-01
753 0 +2.379142234e-02 +9.864379142e+01 +9.864379142e+01 -6.8123e-01 -8.9366e-01
760 0 +2.306272159e-02 +9.864306272e+01 +9.864306272e+01 -6.7205e-01 -8.7108e-01
765 0 +1.921377458e-02 +9.863921377e+01 +9.863921377e+01 -7.0203e-01 -9.4007e-01
819 0 +1.788687504e-02 +9.863788688e+01 +9.863788688e+01 -6.7233e-01 -8.6592e-01
820 0 +1.774487935e-02 +9.863774488e+01 +9.863774488e+01 -6.9645e-01 -9.2617e-01
832 0 +1.727737345e-02 +9.863727737e+01 +9.863727737e+01 -7.0331e-01 -9.4195e-01
836 0 +1.364745916e-02 +9.863364746e+01 +9.863364746e+01 -7.0470e-01 -9.4266e-01
881 0 +1.313182880e-02 +9.863313183e+01 +9.863313183e+01 -7.1303e-01 -9.6176e-01
893 0 +1.109829055e-02 +9.863109829e+01 +9.863109829e+01 -6.9985e-01 -9.2603e-01
929 0 +1.095518476e-02 +9.863095518e+01 +9.863095518e+01 -7.1675e-01 -9.6867e-01
937 0 +9.204169383e-03 +9.862920417e+01 +9.862920417e+01 -7.2359e-01 -9.8295e-01
980 0 +8.792038954e-03 +9.862879204e+01 +9.862879204e+01 -7.2360e-01 -9.8255e-01
1000 0 +8.513927040e-03 +9.862851393e+01 +9.862851393e+01 -7.2321e-01 -9.8134e-01
1001 0 +7.185171776e-03 +9.862718517e+01 +9.862718517e+01 -7.2636e-01 -9.8702e-01
1019 0 +6.955105064e-03 +9.862695511e+01 +9.862695511e+01 -7.2578e-01 -9.8519e-01
1025 0 +6.563343715e-03 +9.862656334e+01 +9.862656334e+01 -7.2516e-01 -9.8256e-01
1028 0 +6.321229316e-03 +9.862632123e+01 +9.862632123e+01 -7.2674e-01 -9.8601e-01
1029 0 +4.910334090e-03 +9.862491033e+01 +9.862491033e+01 -7.4484e-01 -1.0270e+00
1035 0 +4.605838641e-03 +9.862460584e+01 +9.862460584e+01 -7.3869e-01 -1.0090e+00
1039 0 +2.622676537e-03 +9.862262268e+01 +9.862262268e+01 -7.5701e-01 -1.0474e+00
1055 0 +6.503423866e-04 +9.862065034e+01 +9.862065034e+01 -7.8129e-01 -1.1003e+00
1063 0 +5.287296057e-04 +9.862052873e+01 +9.862052873e+01 -8.1536e-01 -1.1701e+00
1065 0 +1.810580872e-04 +9.862018106e+01 +9.862018106e+01 -8.1822e-01 -1.1733e+00
1142 0 +1.730859635e-04 +9.862017309e+01 +9.862017309e+01 -8.1505e-01 -1.1665e+00
1161 0 +1.122266118e-04 +9.862011223e+01 +9.862011223e+01 -7.9478e-01 -1.1267e+00
1181 0 +8.218912301e-05 +9.862008219e+01 +9.862008219e+01 -8.0065e-01 -1.1379e+00
1192 0 +4.534124088e-05 +9.862004534e+01 +9.862004534e+01 -8.0529e-01 -1.1473e+00
1202 0 +4.002718941e-05 +9.862004003e+01 +9.862004003e+01 -7.9887e-01 -1.1351e+00
1211 0 +2.843924418e-05 +9.862002844e+01 +9.862002844e+01 -8.0416e-01 -1.1452e+00
1230 0 +5.100526906e-06 +9.862000510e+01 +9.862000510e+01 -8.0330e-01 -1.1441e+00
1240 0 +4.723058979e-06 +9.862000472e+01 +9.862000472e+01 -8.0539e-01 -1.1480e+00
1247 0 +1.185914243e-06 +9.862000119e+01 +9.862000119e+01 -8.0500e-01 -1.1473e+00
1262 0 +4.988041269e-07 +9.862000050e+01 +9.862000050e+01 -8.0471e-01 -1.1468e+00
1290 0 +9.502990395e-08 +9.862000010e+01 +9.862000010e+01 -8.0508e-01 -1.1476e+00
1296 0 +4.695367295e-08 +9.862000005e+01 +9.862000005e+01 -8.0533e-01 -1.1481e+00
1299 0 +3.017532890e-10 +9.862000000e+01 +9.862000000e+01 -8.0518e-01 -1.1478e+00
1604 0 +0.000000000e+00 +9.862000000e+01 +9.862000000e+01 -8.0520e-01 -1.1478e+00
% f evaluations | g evaluations | best noise-free fitness - Fopt (-4.715000000000e+01) + sum g_i+ | measured fitness | best measured fitness or single-digit g-values | x1 | x2...
1 0 +2.023435653e-01 -4.694765643e+01 -4.694765643e+01 +0.0000e+00 +0.0000e+00
5 0 +6.838870793e-02 -4.708161129e+01 -4.708161129e+01 -1.1375e-01 -3.0566e-01
353 0 +6.201143740e-02 -4.708798856e+01 -4.708798856e+01 -1.3930e-01 -3.6587e-01
354 0 +1.183808587e-02 -4.713816191e+01 -4.713816191e+01 -2.2182e-01 -5.7138e-01
361 0 +1.007620882e-02 -4.713992379e+01 -4.713992379e+01 -2.3064e-01 -5.9017e-01
365 0 +8.686318792e-03 -4.714131368e+01 -4.714131368e+01 -2.5045e-01 -6.3902e-01
371 0 +7.539742693e-03 -4.714246026e+01 -4.714246026e+01 -2.4860e-01 -6.3312e-01
406 0 +6.353837267e-03 -4.714364616e+01 -4.714364616e+01 -2.6141e-01 -6.6179e-01
407 0 +5.754455884e-03 -4.714424554e+01 -4.714424554e+01 -2.5875e-01 -6.5457e-01
602 0 +5.433001254e-03 -4.714456700e+01 -4.714456700e+01 -2.6137e-01 -6.6028e-01
604 0 +5.072712717e-03 -4.714492729e+01 -4.714492729e+01 -2.6106e-01 -6.5863e-01
612 0 +4.376892667e-03 -4.714562311e+01 -4.714562311e+01 -2.6605e-01 -6.6917e-01
625 0 +4.243036380e-03 -4.714575696e+01 -4.714575696e+01 -2.6760e-01 -6.7269e-01
635 0 +2.910066168e-03 -4.714708993e+01 -4.714708993e+01 -2.7723e-01 -6.9220e-01
643 0 +2.394756714e-03 -4.714760524e+01 -4.714760524e+01 -2.8220e-01 -7.0113e-01
649 0 +2.218259782e-03 -4.714778174e+01 -4.714778174e+01 -2.8731e-01 -7.1069e-01
656 0 +2.069454564e-03 -4.714793055e+01 -4.714793055e+01 -2.8739e-01 -7.1129e-01
664 0 +1.694500365e-03 -4.714830550e+01 -4.714830550e+01 -2.9902e-01 -7.3420e-01
665 0 +1.346395466e-03 -4.714865360e+01 -4.714865360e+01 -2.9403e-01 -7.2623e-01
675 0 +1.183810906e-03 -4.714881619e+01 -4.714881619e+01 -2.9799e-01 -7.3362e-01
688 0 +2.524758521e-04 -4.714974752e+01 -4.714974752e+01 -3.1749e-01 -7.7371e-01
705 0 +1.388460905e-04 -4.714986115e+01 -4.714986115e+01 -3.2695e-01 -7.9480e-01
738 0 +6.499637686e-05 -4.714993500e+01 -4.714993500e+01 -3.2592e-01 -7.9227e-01
748 0 +2.305266769e-06 -4.714999769e+01 -4.714999769e+01 -3.2910e-01 -7.9797e-01
798 0 +1.455633452e-06 -4.714999854e+01 -4.714999854e+01 -3.2964e-01 -7.9916e-01
799 0 +8.984128854e-07 -4.714999910e+01 -4.714999910e+01 -3.3110e-01 -8.0192e-01
841 0 +2.207591621e-07 -4.714999978e+01 -4.714999978e+01 -3.3051e-01 -8.0086e-01
846 0 +1.023733418e-07 -4.714999990e+01 -4.714999990e+01 -3.3092e-01 -8.0164e-01
874 0 +6.237258532e-08 -4.714999994e+01 -4.714999994e+01 -3.3071e-01 -8.0119e-01
876 0 +5.980737683e-09 -4.714999999e+01 -4.714999999e+01 -3.3064e-01 -8.0108e-01
1160 0 +0.000000000e+00 -4.715000000e+01 -4.715000000e+01 -3.3060e-01 -8.0100e-01
% f evaluations | g evaluations | best noise-free fitness - Fopt (3.752000000000e+01) + sum g_i+ | measured fitness | best measured fitness or single-digit g-values | x1 | x2...
1 0 +6.231518100e+01 +9.983518100e+01 +9.983518100e+01 +0.0000e+00 +0.0000e+00
5 0 +7.617113108e+00 +4.513711311e+01 +4.513711311e+01 -1.1375e-01 -3.0566e-01
44 0 +7.437220406e+00 +4.495722041e+01 +4.495722041e+01 -1.9201e-01 -9.0648e-02
45 0 +7.354533085e+00 +4.487453308e+01 +4.487453308e+01 -2.2152e-01 -3.5227e-02
192 0 +7.207052315e+00 +4.472705232e+01 +4.472705232e+01 -1.7940e-01 -1.5378e-01
214 0 +6.901666556e+00 +4.442166656e+01 +4.442166656e+01 -1.2220e-01 -3.9797e-01
223 0 +6.703611316e+00 +4.422361132e+01 +4.422361132e+01 -7.9535e-02 -4.7396e-01
235 0 +6.505804478e+00 +4.402580448e+01 +4.402580448e+01 -5.7685e-02 -5.8616e-01
240 0 +6.094172321e+00 +4.361417232e+01 +4.361417232e+01 +2.6541e-02 -8.1151e-01
254 0 +5.897877314e+00 +4.341787731e+01 +4.341787731e+01 +6.5058e-02 -9.2550e-01
261 0 +5.265361639e+00 +4.278536164e+01 +4.278536164e+01 +1.9700e-01 -1.3060e+00
273 0 +4.952060664e+00 +4.247206066e+01 +4.247206066e+01 +2.8621e-01 -1.5510e+00
359 0 +4.846226172e+00 +4.236622617e+01 +4.236622617e+01 +3.2195e-01 -1.6430e+00
362 0 +4.752695114e+00 +4.227269511e+01 +4.227269511e+01 +3.3458e-01 -1.6669e+00
367 0 +4.627925153e+00 +4.214792515e+01 +4.214792515e+01 +3.7800e-01 -1.7736e+00
385 0 +4.195232581e+00 +4.171523258e+01 +4.171523258e+01 +5.0595e-01 -2.0517e+00
393 0 +3.992175625e+00 +4.151217562e+01 +4.151217562e+01 +4.9210e-01 -1.9758e+00
394 0 +3.399342562e+00 +4.091934256e+01 +4.091934256e+01 +6.5943e-01 -2.2574e+00
402 0 +3.325643622e+00 +4.084564362e+01 +4.084564362e+01 +6.7772e-01 -2.3297e+00
404 0 +2.686042993e+00 +4.020604299e+01 +4.020604299e+01 +8.8058e-01 -2.6288e+00
444 0 +2.560518705e+00 +4.008051870e+01 +4.008051870e+01 +9.3504e-01 -2.6990e+00
525 0 +2.455994798e+00 +3.997599480e+01 +3.997599480e+01 +9.6812e-01 -2.7342e+00
528 0 +2.145902366e+00 +3.966590237e+01 +3.966590237e+01 +1.1594e+00 -2.9212e+00
534 0 +2.012420958e+00 +3.953242096e+01 +3.953242096e+01 +1.0987e+00 -2.7884e+00
647 0 +1.974248539e+00 +3.949424854e+01 +3.949424854e+01 +1.1172e+00 -2.8602e+00
654 0 +1.925671457e+00 +3.944567146e+01 +3.944567146e+01 +1.1373e+00 -2.8758e+00
667 0 +1.861576050e+00 +3.938157605e+01 +3.938157605e+01 +1.1469e+00 -2.8755e+00
669 0 +1.805314214e+00 +3.932531421e+01 +3.932531421e+01 +1.1822e+00 -2.9053e+00
682 0 +1.763927972e+00 +3.928392797e+01 +3.928392797e+01 +1.2639e+00 -2.9691e+00
684 0 +1.677284806e+00 +3.919728481e+01 +3.919728481e+01 +1.2616e+00 -2.9581e+00
719 0 +1.652517939e+00 +3.917251794e+01 +3.917251794e+01 +1.2466e+00 -2.9425e+00
746 0 +1.608237365e+00 +3.912823737e+01 +3.912823737e+01 +1.2503e+00 -2.9385e+00
759 0 +1.532106990e+00 +3.905210699e+01 +3.905210699e+01 +1.2818e+00 -2.9528e+00
768 0 +1.473297062e+00 +3.899329706e+01 +3.899329706e+01 +1.3391e+00 -2.9850e+00
796 0 +1.395669967e+00 +3.891566997e+01 +3.891566997e+01 +1.3509e+00 -2.9812e+00
812 0 +1.372545452e+00 +3.889254545e+01 +3.889254545e+01 +1.3535e+00 -2.9790e+00
844 0 +1.339659999e+00 +3.885966000e+01 +3.885966000e+01 +1.3952e+00 -2.9978e+00
860 0 +1.313250019e+00 +3.883325002e+01 +3.883325002e+01 +1.4166e+00 -3.0040e+00
864 0 +1.264637930e+00 +3.878463793e+01 +3.878463793e+01 +1.4463e+00 -3.0092e+00
866 0 +1.227282959e+00 +3.874728296e+01 +3.874728296e+01 +1.4656e+00 -3.0108e+00
878 0 +1.142986912e+00 +3.866298691e+01 +3.866298691e+01 +1.4932e+00 -3.0078e+00
884 0 +1.106559872e+00 +3.862655987e+01 +3.862655987e+01 +1.4693e+00 -2.9942e+00
888 0 +9.663949321e-01 +3.848639493e+01 +3.848639493e+01 +1.5525e+00 -2.9949e+00
889 0 +9.386843392e-01 +3.845868434e+01 +3.845868434e+01 +1.5227e+00 -2.9627e+00
905 0 +6.211373972e-01 +3.814113740e+01 +3.814113740e+01 +1.7063e+00 -2.9141e+00
921 0 +5.641475471e-01 +3.808414755e+01 +3.808414755e+01 +1.7516e+00 -2.9145e+00
928 0 +5.548958974e-01 +3.807489590e+01 +3.807489590e+01 +1.7455e+00 -2.9013e+00
1035 0 +5.458003246e-01 +3.806580032e+01 +3.806580032e+01 +1.7943e+00 -2.9015e+00
1060 0 +5.154149578e-01 +3.803541496e+01 +3.803541496e+01 +1.7886e+00 -2.8954e+00
1061 0 +5.103587738e-01 +3.803035877e+01 +3.803035877e+01 +1.8150e+00 -2.8870e+00
1072 0 +4.948689704e-01 +3.801486897e+01 +3.801486897e+01 +1.8316e+00 -2.8773e+00
1094 0 +4.507896680e-01 +3.797078967e+01 +3.797078967e+01 +1.8980e+00 -2.8344e+00
1103 0 +4.033875180e-01 +3.792338752e+01 +3.792338752e+01 +1.8594e+00 -2.8403e+00
1120 0 +3.905157234e-01 +3.791051572e+01 +3.791051572e+01 +1.8894e+00 -2.8269e+00
1131 0 +3.844519008e-01 +3.790445190e+01 +3.790445190e+01 +1.8863e+00 -2.8263e+00
1189 0 +3.745487979e-01 +3.789454880e+01 +3.789454880e+01 +1.8987e+00 -2.8180e+00
1192 0 +3.711883467e-01 +3.789118835e+01 +3.789118835e+01 +1.9006e+00 -2.8160e+00
1225 0 +3.586152156e-01 +3.787861522e+01 +3.787861522e+01 +1.9135e+00 -2.8060e+00
1234 0 +3.386299790e-01 +3.785862998e+01 +3.785862998e+01 +1.9085e+00 -2.7962e+00
1246 0 +3.286174915e-01 +3.784861749e+01 +3.784861749e+01 +1.9178e+00 -2.7897e+00
1251 0 +3.071942016e-01 +3.782719420e+01 +3.782719420e+01 +1.9407e+00 -2.7587e+00
1257 0 +2.934109027e-01 +3.781341090e+01 +3.781341090e+01 +1.9734e+00 -2.7518e+00
1304 0 +2.730970415e-01 +3.779309704e+01 +3.779309704e+01 +1.9707e+00 -2.7324e+00
1307 0 +2.644210394e-01 +3.778442104e+01 +3.778442104e+01 +1.9814e+00 -2.7353e+00
1315 0 +2.304931527e-01 +3.775049315e+01 +3.775049315e+01 +2.0150e+00 -2.6866e+00
1322 0 +1.957648766e-01 +3.771576488e+01 +3.771576488e+01 +2.0478e+00 -2.6595e+00
1325 0 +1.825877341e-01 +3.770258773e+01 +3.770258773e+01 +2.1369e+00 -2.5748e+00
1326 0 +9.693579800e-02 +3.761693580e+01 +3.761693580e+01 +2.1835e+00 -2.4937e+00
1341 0 +5.831251707e-02 +3.757831252e+01 +3.757831252e+01 +2.2689e+00 -2.3722e+00
1467 0 +5.368173161e-02 +3.757368173e+01 +3.757368173e+01 +2.2592e+00 -2.3796e+00
1486 0 +4.529791902e-02 +3.756529792e+01 +3.756529792e+01 +2.2848e+00 -2.3431e+00
1492 0 +4.433908242e-02 +3.756433908e+01 +3.756433908e+01 +2.2849e+00 -2.3421e+00
1493 0 +4.354395959e-02 +3.756354396e+01 +3.756354396e+01 +2.2815e+00 -2.3436e+00
1495 0 +3.935164894e-02 +3.755935165e+01 +3.755935165e+01 +2.3271e+00 -2.2798e+00
1496 0 +3.847413678e-02 +3.755847414e+01 +3.755847414e+01 +2.2953e+00 -2.3230e+00
1499 0 +3.691953866e-02 +3.755691954e+01 +3.755691954e+01 +2.3042e+00 -2.3112e+00
1502 0 +3.465742348e-02 +3.755465742e+01 +3.755465742e+01 +2.3230e+00 -2.2835e+00
1503 0 +2.943038635e-02 +3.754943039e+01 +3.754943039e+01 +2.3205e+00 -2.2821e+00
1508 0 +1.919954302e-02 +3.753919954e+01 +3.753919954e+01 +2.3514e+00 -2.2273e+00
1518 0 +1.537747673e-02 +3.753537748e+01 +3.753537748e+01 +2.3944e+00 -2.1591e+00
1523 0 +1.412150891e-02 +3.753412151e+01 +3.753412151e+01 +2.3733e+00 -2.1913e+00
1524 0 +9.439454841e-03 +3.752943945e+01 +3.752943945e+01 +2.3975e+00 -2.1428e+00
1529 0 +7.510649634e-03 +3.752751065e+01 +3.752751065e+01 +2.4277e+00 -2.0839e+00
1532 0 +5.479984857e-03 +3.752547998e+01 +3.752547998e+01 +2.4838e+00 -1.9889e+00
1534 0 +1.980894610e-03 +3.752198089e+01 +3.752198089e+01 +2.4476e+00 -2.0536e+00
1548 0 +4.852243324e-04 +3.752048522e+01 +3.752048522e+01 +2.4754e+00 -1.9999e+00
1572 0 +1.178809636e-04 +3.752011788e+01 +3.752011788e+01 +2.4879e+00 -1.9724e+00
1773 0 +1.149906289e-05 +3.752001150e+01 +3.752001150e+01 +2.4887e+00 -1.9721e+00
1837 0 +7.123270315e-06 +3.752000712e+01 +3.752000712e+01 +2.4876e+00 -1.9739e+00
1844 0 +5.547783502e-06 +3.752000555e+01 +3.752000555e+01 +2.4901e+00 -1.9687e+00
1867 0 +2.159778383e-06 +3.752000216e+01 +3.752000216e+01 +2.4915e+00 -1.9663e+00
1872 0 +1.225974572e-06 +3.752000123e+01 +3.752000123e+01 +2.4893e+00 -1.9705e+00
1883 0 +4.786380714e-08 +3.752000005e+01 +3.752000005e+01 +2.4898e+00 -1.9696e+00
1954 0 +1.217412660e-08 +3.752000001e+01 +3.752000001e+01 +2.4899e+00 -1.9694e+00
1980 0 +8.318494338e-09 +3.752000001e+01 +3.752000001e+01 +2.4900e+00 -1.9691e+00
2288 0 +0.000000000e+00 +3.752000000e+01 +3.752000000e+01 +2.4900e+00 -1.9692e+00
% f evaluations | g evaluations | best noise-free fitness - Fopt (6.740000000000e+00) + sum g_i+ | measured fitness | best measured fitness or single-digit g-values | x1 | x2...
1 0 +4.626381579e+01 +5.300381579e+01 +5.300381579e+01 +0.0000e+00 +0.0000e+00
3 0 +1.050745130e+01 +1.724745130e+01 +1.724745130e+01 +9.8026e-02 +3.4094e-01
12 0 +6.469836437e+00 +1.320983644e+01 +1.320983644e+01 +3.1024e-01 +4.2322e-01
22 0 +1.719662923e+00 +8.459662923e+00 +8.459662923e+00 +1.4029e-02 +6.0312e-01
26 0 +1.116470198e+00 +7.856470198e+00 +7.856470198e+00 +1.4595e-01 +6.1545e-01
29 0 +8.873367879e-01 +7.627336788e+00 +7.627336788e+00 +2.8661e-01 +6.2300e-01
39 0 +4.538871901e-01 +7.193887190e+00 +7.193887190e+00 +4.9444e-01 +7.5336e-01
169 0 +4.424679632e-01 +7.182467963e+00 +7.182467963e+00 +5.1469e-01 +7.5007e-01
217 0 +4.211626573e-01 +7.161162657e+00 +7.161162657e+00 +5.2014e-01 +7.6168e-01
227 0 +4.071864342e-01 +7.147186434e+00 +7.147186434e+00 +5.3516e-01 +7.6882e-01
242 0 +3.643863565e-01 +7.104386357e+00 +7.104386357e+00 +5.7119e-01 +7.9588e-01
250 0 +3.613287341e-01 +7.101328734e+00 +7.101328734e+00 +5.8250e-01 +8.0081e-01
263 0 +3.334047058e-01 +7.073404706e+00 +7.073404706e+00 +6.1748e-01 +8.2741e-01
275 0 +3.116822254e-01 +7.051682225e+00 +7.051682225e+00 +6.1683e-01 +8.3506e-01
288 0 +3.060268765e-01 +7.046026877e+00 +7.046026877e+00 +6.1933e-01 +8.3900e-01
292 0 +3.015696848e-01 +7.041569685e+00 +7.041569685e+00 +6.6077e-01 +8.6472e-01
293 0 +2.698475711e-01 +7.009847571e+00 +7.009847571e+00 +6.5282e-01 +8.7083e-01
297 0 +2.611069952e-01 +7.001106995e+00 +7.001106995e+00 +6.8033e-01 +8.9013e-01
308 0 +2.474108584e-01 +6.987410858e+00 +6.987410858e+00 +6.7297e-01 +8.9242e-01
310 0 +2.011540510e-01 +6.941154051e+00 +6.941154051e+00 +7.7644e-01 +9.9157e-01
318 0 +1.782630191e-01 +6.918263019e+00 +6.918263019e+00 +7.8268e-01 +1.0038e+00
332 0 +1.346790318e-01 +6.874679032e+00 +6.874679032e+00 +8.4006e-01 +1.0785e+00
356 0 +1.005213847e-01 +6.840521385e+00 +6.840521385e+00 +8.8889e-01 +1.1481e+00
373 0 +9.047457690e-02 +6.830474577e+00 +6.830474577e+00 +8.7225e-01 +1.1336e+00
442 0 +8.828200207e-02 +6.828282002e+00 +6.828282002e+00 +8.8004e-01 +1.1429e+00
447 0 +8.631198587e-02 +6.826311986e+00 +6.826311986e+00 +8.7346e-01 +1.1425e+00
448 0 +7.489050596e-02 +6.814890506e+00 +6.814890506e+00 +9.0022e-01 +1.1737e+00
453 0 +7.334503080e-02 +6.813345031e+00 +6.813345031e+00 +9.0542e-01 +1.1804e+00
463 0 +7.061008217e-02 +6.810610082e+00 +6.810610082e+00 +9.0865e-01 +1.1860e+00
467 0 +5.881107859e-02 +6.798811079e+00 +6.798811079e+00 +9.3050e-01 +1.2198e+00
472 0 +5.641382674e-02 +6.796413827e+00 +6.796413827e+00 +9.2954e-01 +1.2242e+00
480 0 +4.181037200e-02 +6.781810372e+00 +6.781810372e+00 +9.9732e-01 +1.3202e+00
490 0 +2.497179239e-02 +6.764971792e+00 +6.764971792e+00 +1.0113e+00 +1.3577e+00
495 0 +2.218042069e-02 +6.762180421e+00 +6.762180421e+00 +1.0359e+00 +1.4043e+00
497 0 +2.041372380e-02 +6.760413724e+00 +6.760413724e+00 +1.0394e+00 +1.3969e+00
499 0 +1.972918182e-02 +6.759729182e+00 +6.759729182e+00 +1.0434e+00 +1.4036e+00
527 0 +1.557082396e-02 +6.755570824e+00 +6.755570824e+00 +1.0840e+00 +1.4737e+00
562 0 +1.387814017e-02 +6.753878140e+00 +6.753878140e+00 +1.0496e+00 +1.4202e+00
564 0 +1.329268827e-02 +6.753292688e+00 +6.753292688e+00 +1.0518e+00 +1.4246e+00
570 0 +1.228214380e-02 +6.752282144e+00 +6.752282144e+00 +1.0603e+00 +1.4372e+00
576 0 +8.952520571e-03 +6.748952521e+00 +6.748952521e+00 +1.0806e+00 +1.4730e+00
584 0 +6.824082353e-03 +6.746824082e+00 +6.746824082e+00 +1.0846e+00 +1.4849e+00
588 0 +5.966558265e-03 +6.745966558e+00 +6.745966558e+00 +1.0936e+00 +1.4984e+00
590 0 +5.592019593e-03 +6.745592020e+00 +6.745592020e+00 +1.0943e+00 +1.5004e+00
601 0 +5.482195984e-03 +6.745482196e+00 +6.745482196e+00 +1.0947e+00 +1.5012e+00
603 0 +4.449509060e-03 +6.744449509e+00 +6.744449509e+00 +1.1015e+00 +1.5142e+00
608 0 +3.776094341e-03 +6.743776094e+00 +6.743776094e+00 +1.1056e+00 +1.5230e+00
611 0 +3.532617420e-03 +6.743532617e+00 +6.743532617e+00 +1.1076e+00 +1.5272e+00
613 0 +2.185393360e-03 +6.742185393e+00 +6.742185393e+00 +1.1205e+00 +1.5518e+00
619 0 +1.207047682e-03 +6.741207048e+00 +6.741207048e+00 +1.1323e+00 +1.5738e+00
621 0 +1.127510622e-03 +6.741127511e+00 +6.741127511e+00 +1.1334e+00 +1.5761e+00
636 0 +1.072005688e-03 +6.741072006e+00 +6.741072006e+00 +1.1362e+00 +1.5805e+00
637 0 +7.701693876e-04 +6.740770169e+00 +6.740770169e+00 +1.1415e+00 +1.5930e+00
641 0 +2.506547162e-04 +6.740250655e+00 +6.740250655e+00 +1.1633e+00 +1.6332e+00
672 0 +2.121536836e-04 +6.740212154e+00 +6.740212154e+00 +1.1565e+00 +1.6203e+00
821 0 +1.876333831e-04 +6.740187633e+00 +6.740187633e+00 +1.1535e+00 +1.6151e+00
829 0 +1.575811469e-04 +6.740157581e+00 +6.740157581e+00 +1.1548e+00 +1.6177e+00
842 0 +1.170147955e-04 +6.740117015e+00 +6.740117015e+00 +1.1568e+00 +1.6215e+00
850 0 +1.088752098e-04 +6.740108875e+00 +6.740108875e+00 +1.1568e+00 +1.6217e+00
852 0 +8.598512829e-05 +6.740085985e+00 +6.740085985e+00 +1.1585e+00 +1.6250e+00
856 0 +4.982385509e-05 +6.740049824e+00 +6.740049824e+00 +1.1606e+00 +1.6291e+00
861 0 +9.269885066e-06 +6.740009270e+00 +6.740009270e+00 +1.1640e+00 +1.6362e+00
864 0 +5.136389818e-06 +6.740005136e+00 +6.740005136e+00 +1.1649e+00 +1.6381e+00
869 0 +4.983328185e-06 +6.740004983e+00 +6.740004983e+00 +1.1654e+00 +1.6393e+00
883 0 +9.784643469e-07 +6.740000978e+00 +6.740000978e+00 +1.1660e+00 +1.6402e+00
890 0 +5.135571532e-07 +6.740000514e+00 +6.740000514e+00 +1.1663e+00 +1.6408e+00
918 0 +2.051497763e-07 +6.740000205e+00 +6.740000205e+00 +1.1667e+00 +1.6417e+00
929 0 +1.101340681e-07 +6.740000110e+00 +6.740000110e+00 +1.1667e+00 +1.6417e+00
947 0 +5.451295948e-08 +6.740000055e+00 +6.740000055e+00 +1.1672e+00 +1.6426e+00
953 0 +2.288708245e-08 +6.740000023e+00 +6.740000023e+00 +1.1669e+00 +1.6419e+00
1013 0 +2.176310421e-08 +6.740000022e+00 +6.740000022e+00 +1.1671e+00 +1.6425e+00
1019 0 +1.770542379e-08 +6.740000018e+00 +6.740000018e+00 +1.1669e+00 +1.6421e+00
1023 0 +1.555445373e-08 +6.740000016e+00 +6.740000016e+00 +1.1670e+00 +1.6423e+00
1025 0 +3.859499387e-09 +6.740000004e+00 +6.740000004e+00 +1.1670e+00 +1.6423e+00
1409 0 +0.000000000e+00 +6.740000000e+00 +6.740000000e+00 +1.1670e+00 +1.6422e+00
% f evaluations | g evaluations | best noise-free fitness - Fopt (-1.897900000000e+02) + sum g_i+ | measured fitness | best measured fitness or single-digit g-values | x1 | x2...
1 0 +1.875450827e+03 +1.685660827e+03 +1.685660827e+03 +0.0000e+00 +0.0000e+00
5 0 +1.809146110e+03 +1.619356110e+03 +1.619356110e+03 -1.1375e-01 -3.0566e-01
9 0 +1.535712280e+03 +1.345922280e+03 +1.345922280e+03 -1.1781e-01 +1.5775e-02
16 0 +8.616578073e+02 +6.718678073e+02 +6.718678073e+02 -3.9445e-01 +1.7836e-01
31 0 +8.463981995e+02 +6.566081995e+02 +6.566081995e+02 -3.1212e-01 +4.3278e-01
40 0 +4.934140055e+02 +3.036240055e+02 +3.036240055e+02 -5.5956e-01 +4.7553e-01
55 0 +4.588720336e+02 +2.690820336e+02 +2.690820336e+02 -4.8640e-01 +7.3273e-01
65 0 +4.598173369e+01 -1.438082663e+02 -1.438082663e+02 -9.5912e-01 +1.2360e+00
74 0 +1.866857578e+00 -1.879231424e+02 -1.879231424e+02 -1.3791e+00 +1.5556e+00
78 0 +1.999969652e-01 -1.895900030e+02 -1.895900030e+02 -1.1767e+00 +1.6309e+00
171 0 +1.545175747e-01 -1.896354824e+02 -1.896354824e+02 -1.1207e+00 +1.6782e+00
438 0 +1.429828058e-01 -1.896470172e+02 -1.896470172e+02 -1.1160e+00 +1.6967e+00
444 0 +1.112224895e-01 -1.896787775e+02 -1.896787775e+02 -1.0523e+00 +1.7886e+00
450 0 +1.075081053e-01 -1.896824919e+02 -1.896824919e+02 -9.8464e-01 +1.8528e+00
452 0 +1.021394110e-01 -1.896878606e+02 -1.896878606e+02 -1.0581e+00 +1.7713e+00
456 0 +9.172574380e-02 -1.896982743e+02 -1.896982743e+02 -1.0418e+00 +1.7903e+00
465 0 +7.969862199e-02 -1.897103014e+02 -1.897103014e+02 -1.0009e+00 +1.8397e+00
475 0 +7.728654250e-02 -1.897127135e+02 -1.897127135e+02 -1.0170e+00 +1.8278e+00
530 0 +7.272444175e-02 -1.897172756e+02 -1.897172756e+02 -1.0079e+00 +1.8377e+00
536 0 +6.865635432e-02 -1.897213436e+02 -1.897213436e+02 -9.8966e-01 +1.8593e+00
546 0 +6.452440254e-02 -1.897254756e+02 -1.897254756e+02 -9.9321e-01 +1.8615e+00
557 0 +6.068919536e-02 -1.897293108e+02 -1.897293108e+02 -9.7029e-01 +1.8879e+00
597 0 +5.799201624e-02 -1.897320080e+02 -1.897320080e+02 -9.7175e-01 +1.8879e+00
605 0 +5.609178939e-02 -1.897339082e+02 -1.897339082e+02 -9.6048e-01 +1.9032e+00
620 0 +5.378396463e-02 -1.897362160e+02 -1.897362160e+02 -9.4783e-01 +1.9213e+00
625 0 +5.290150964e-02 -1.897370985e+02 -1.897370985e+02 -9.4427e-01 +1.9267e+00
634 0 +5.180388518e-02 -1.897381961e+02 -1.897381961e+02 -9.4748e-01 +1.9228e+00
638 0 +5.068519183e-02 -1.897393148e+02 -1.897393148e+02 -9.4081e-01 +1.9326e+00
639 0 +4.545406372e-02 -1.897445459e+02 -1.897445459e+02 -9.2909e-01 +1.9518e+00
654 0 +4.342819993e-02 -1.897465718e+02 -1.897465718e+02 -9.4034e-01 +1.9379e+00
660 0 +4.155484728e-02 -1.897484452e+02 -1.897484452e+02 -9.3322e-01 +1.9486e+00
661 0 +3.915982442e-02 -1.897508402e+02 -1.897508402e+02 -9.2735e-01 +1.9582e+00
669 0 +3.880417828e-02 -1.897511958e+02 -1.897511958e+02 -9.3391e-01 +1.9507e+00
671 0 +3.525816736e-02 -1.897547418e+02 -1.897547418e+02 -9.0735e-01 +1.9888e+00
676 0 +2.182452328e-02 -1.897681755e+02 -1.897681755e+02 -8.8084e-01 +2.0378e+00
681 0 +2.114012180e-02 -1.897688599e+02 -1.897688599e+02 -8.8191e-01 +2.0374e+00
683 0 +1.473035377e-02 -1.897752696e+02 -1.897752696e+02 -8.4306e-01 +2.1020e+00
685 0 +1.441492139e-02 -1.897755851e+02 -1.897755851e+02 -8.5625e-01 +2.0821e+00
694 0 +9.211652818e-03 -1.897807883e+02 -1.897807883e+02 -8.1957e-01 +2.1457e+00
722 0 +7.295093494e-03 -1.897827049e+02 -1.897827049e+02 -8.2286e-01 +2.1432e+00
728 0 +6.541416243e-03 -1.897834586e+02 -1.897834586e+02 -8.1950e-01 +2.1501e+00
734 0 +6.185594635e-03 -1.897838144e+02 -1.897838144e+02 -8.0625e-01 +2.1715e+00
746 0 +5.207271509e-03 -1.897847927e+02 -1.897847927e+02 -8.1102e-01 +2.1674e+00
749 0 +4.911194914e-03 -1.897850888e+02 -1.897850888e+02 -7.9567e-01 +2.1913e+00
754 0 +4.354331330e-03 -1.897856457e+02 -1.897856457e+02 -8.0051e-01 +2.1839e+00
757 0 +4.188054134e-03 -1.897858119e+02 -1.897858119e+02 -7.8943e-01 +2.2032e+00
759 0 +1.955956894e-03 -1.897880440e+02 -1.897880440e+02 -7.8066e-01 +2.2225e+00
777 0 +1.852443536e-03 -1.897881476e+02 -1.897881476e+02 -7.6386e-01 +2.2530e+00
801 0 +1.671374942e-03 -1.897883286e+02 -1.897883286e+02 -7.7595e-01 +2.2313e+00
806 0 +1.641398700e-03 -1.897883586e+02 -1.897883586e+02 -7.7629e-01 +2.2308e+00
809 0 +1.554761991e-03 -1.897884452e+02 -1.897884452e+02 -7.7861e-01 +2.2280e+00
816 0 +1.357034420e-03 -1.897886430e+02 -1.897886430e+02 -7.4941e-01 +2.2814e+00
817 0 +1.324154691e-03 -1.897886758e+02 -1.897886758e+02 -7.6553e-01 +2.2507e+00
820 0 +1.171750214e-03 -1.897888282e+02 -1.897888282e+02 -7.6452e-01 +2.2529e+00
821 0 +7.098937540e-04 -1.897892901e+02 -1.897892901e+02 -7.6525e-01 +2.2532e+00
844 0 +5.553546227e-04 -1.897894446e+02 -1.897894446e+02 -7.5231e-01 +2.2772e+00
849 0 +5.244547131e-04 -1.897894755e+02 -1.897894755e+02 -7.5108e-01 +2.2796e+00
860 0 +3.239482737e-04 -1.897896761e+02 -1.897896761e+02 -7.4708e-01 +2.2879e+00
861 0 +1.146696885e-04 -1.897898853e+02 -1.897898853e+02 -7.3817e-01 +2.3062e+00
864 0 +2.449954314e-05 -1.897899755e+02 -1.897899755e+02 -7.4274e-01 +2.2978e+00
869 0 +1.895657340e-05 -1.897899810e+02 -1.897899810e+02 -7.4355e-01 +2.2965e+00
884 0 +1.813234141e-05 -1.897899819e+02 -1.897899819e+02 -7.4230e-01 +2.2987e+00
897 0 +7.547555157e-06 -1.897899925e+02 -1.897899925e+02 -7.4127e-01 +2.3009e+00
902 0 +5.876965645e-06 -1.897899941e+02 -1.897899941e+02 -7.4154e-01 +2.3006e+00
931 0 +3.165445889e-06 -1.897899968e+02 -1.897899968e+02 -7.4075e-01 +2.3022e+00
934 0 +1.929118639e-06 -1.897899981e+02 -1.897899981e+02 -7.3887e-01 +2.3057e+00
939 0 +1.655835774e-06 -1.897899983e+02 -1.897899983e+02 -7.3795e-01 +2.3077e+00
944 0 +2.627325557e-07 -1.897899997e+02 -1.897899997e+02 -7.3871e-01 +2.3062e+00
953 0 +2.010403932e-08 -1.897900000e+02 -1.897900000e+02 -7.3906e-01 +2.3055e+00
1002 0 +1.837966579e-08 -1.897900000e+02 -1.897900000e+02 -7.3907e-01 +2.3055e+00
1019 0 +2.454612513e-09 -1.897900000e+02 -1.897900000e+02 -7.3915e-01 +2.3053e+00
1306 0 +0.000000000e+00 -1.897900000e+02 -1.897900000e+02 -7.3920e-01 +2.3052e+00
% f evaluations | g evaluations | best noise-free fitness - Fopt (-2.774000000000e+01) + sum g_i+ | measured fitness | best measured fitness or single-digit g-values | x1 | x2...
1 0 +1.076835731e+03 +1.049095731e+03 +1.049095731e+03 +0.0000e+00 +0.0000e+00
2 0 +8.026822988e+02 +7.749422988e+02 +7.749422988e+02 +4.3379e-01 +3.0692e-02
13 0 +6.665071601e+02 +6.387671601e+02 +6.387671601e+02 +3.3015e-01 -3.6944e-01
18 0 +5.274245667e+02 +4.996845667e+02 +4.996845667e+02 +6.2926e-01 -1.6720e-01
27 0 +4.174460357e+02 +3.897060357e+02 +3.897060357e+02 +6.9868e-01 -2.8198e-01
30 0 +2.715951281e+02 +2.438551281e+02 +2.438551281e+02 +7.5538e-01 -5.5675e-01
34 0 +1.174111879e+02 +8.967118785e+01 +8.967118785e+01 +8.5561e-01 -8.9280e-01
42 0 +6.097946555e+01 +3.323946555e+01 +3.323946555e+01 +1.4443e+00 -1.0053e+00
44 0 +2.638193657e+01 -1.358063432e+00 -1.358063432e+00 +1.0934e+00 -8.4175e-01
46 0 +8.236043147e-01 -2.691639569e+01 -2.691639569e+01 +1.4273e+00 -3.3776e-01
88 0 +4.735347465e-01 -2.726646525e+01 -2.726646525e+01 +1.2892e+00 -7.2691e-01
109 0 +4.212830532e-01 -2.731871695e+01 -2.731871695e+01 +1.3070e+00 -7.0794e-01
788 0 +3.995603858e-01 -2.734043961e+01 -2.734043961e+01 +1.2959e+00 -7.2968e-01
808 0 +3.813859710e-01 -2.735861403e+01 -2.735861403e+01 +1.2830e+00 -7.7654e-01
818 0 +3.486277423e-01 -2.739137226e+01 -2.739137226e+01 +1.2558e+00 -8.6359e-01
824 0 +3.309803531e-01 -2.740901965e+01 -2.740901965e+01 +1.2406e+00 -9.1258e-01
833 0 +3.111630225e-01 -2.742883698e+01 -2.742883698e+01 +1.2174e+00 -9.9228e-01
836 0 +3.060110862e-01 -2.743398891e+01 -2.743398891e+01 +1.2186e+00 -9.8025e-01
853 0 +2.609987951e-01 -2.747900120e+01 -2.747900120e+01 +1.1747e+00 -1.1108e+00
875 0 +2.509301261e-01 -2.748906987e+01 -2.748906987e+01 +1.1206e+00 -1.2962e+00
880 0 +2.328654624e-01 -2.750713454e+01 -2.750713454e+01 +1.1248e+00 -1.2778e+00
903 0 +1.982199522e-01 -2.754178005e+01 -2.754178005e+01 +1.0855e+00 -1.3909e+00
937 0 +1.885068134e-01 -2.755149319e+01 -2.755149319e+01 +1.0576e+00 -1.4732e+00
958 0 +1.802231810e-01 -2.755977682e+01 -2.755977682e+01 +1.0816e+00 -1.3956e+00
1003 0 +1.617891287e-01 -2.757821087e+01 -2.757821087e+01 +1.0498e+00 -1.4882e+00
1011 0 +1.406586753e-01 -2.759934132e+01 -2.759934132e+01 +1.0070e+00 -1.6083e+00
1127 0 +1.363217730e-01 -2.760367823e+01 -2.760367823e+01 +9.6296e-01 -1.7310e+00
1132 0 +1.347135076e-01 -2.760528649e+01 -2.760528649e+01 +9.5442e-01 -1.7538e+00
1134 0 +1.312220716e-01 -2.760877793e+01 -2.760877793e+01 +9.6254e-01 -1.7309e+00
1138 0 +1.204091822e-01 -2.761959082e+01 -2.761959082e+01 +9.4428e-01 -1.7779e+00
1146 0 +1.139583669e-01 -2.762604163e+01 -2.762604163e+01 +9.4033e-01 -1.7869e+00
1154 0 +1.120358177e-01 -2.762796418e+01 -2.762796418e+01 +9.5457e-01 -1.7477e+00
1155 0 +1.092180419e-01 -2.763078196e+01 -2.763078196e+01 +9.2360e-01 -1.8303e+00
1158 0 +8.830986254e-02 -2.765169014e+01 -2.765169014e+01 +9.4717e-01 -1.7593e+00
1165 0 +7.157361704e-02 -2.766842638e+01 -2.766842638e+01 +9.3291e-01 -1.7866e+00
1172 0 +5.480262721e-02 -2.768519737e+01 -2.768519737e+01 +8.9948e-01 -1.8695e+00
1175 0 +5.027183201e-02 -2.768972817e+01 -2.768972817e+01 +8.8194e-01 -1.9186e+00
1178 0 +4.473653109e-02 -2.769526347e+01 -2.769526347e+01 +8.4637e-01 -1.9872e+00
1184 0 +4.417261127e-02 -2.769582739e+01 -2.769582739e+01 +8.6493e-01 -1.9473e+00
1190 0 +1.872053836e-02 -2.772127946e+01 -2.772127946e+01 +8.0203e-01 -2.1001e+00
1200 0 +7.884781077e-03 -2.773211522e+01 -2.773211522e+01 +7.3567e-01 -2.2528e+00
1203 0 +6.162128990e-03 -2.773383787e+01 -2.773383787e+01 +7.4117e-01 -2.2376e+00
1212 0 +5.495477553e-03 -2.773450452e+01 -2.773450452e+01 +6.7611e-01 -2.3786e+00
1226 0 +5.214603087e-03 -2.773478540e+01 -2.773478540e+01 +7.3600e-01 -2.2451e+00
1239 0 +3.516477202e-03 -2.773648352e+01 -2.773648352e+01 +6.7543e-01 -2.3785e+00
1241 0 +4.187245725e-04 -2.773958128e+01 -2.773958128e+01 +6.8572e-01 -2.3520e+00
1318 0 +3.292748456e-04 -2.773967073e+01 -2.773967073e+01 +6.8177e-01 -2.3606e+00
1337 0 +2.684123832e-04 -2.773973159e+01 -2.773973159e+01 +6.8161e-01 -2.3604e+00
1355 0 +2.416636716e-04 -2.773975834e+01 -2.773975834e+01 +6.8090e-01 -2.3617e+00
1371 0 +1.975009796e-04 -2.773980250e+01 -2.773980250e+01 +6.7859e-01 -2.3667e+00
1376 0 +1.500795846e-04 -2.773984992e+01 -2.773984992e+01 +6.7479e-01 -2.3747e+00
1378 0 +1.368271831e-04 -2.773986317e+01 -2.773986317e+01 +6.7691e-01 -2.3694e+00
1383 0 +3.886713484e-05 -2.773996113e+01 -2.773996113e+01 +6.7062e-01 -2.3827e+00
1404 0 +2.702021003e-06 -2.773999730e+01 -2.773999730e+01 +6.6548e-01 -2.3928e+00
1426 0 +2.541331583e-06 -2.773999746e+01 -2.773999746e+01 +6.6576e-01 -2.3919e+00
1442 0 +1.843537877e-06 -2.773999816e+01 -2.773999816e+01 +6.6555e-01 -2.3924e+00
1443 0 +1.092134255e-06 -2.773999891e+01 -2.773999891e+01 +6.6638e-01 -2.3908e+00
1457 0 +3.575028558e-07 -2.773999964e+01 -2.773999964e+01 +6.6582e-01 -2.3919e+00
1464 0 +2.573538360e-07 -2.773999974e+01 -2.773999974e+01 +6.6548e-01 -2.3926e+00
1471 0 +2.369050733e-08 -2.773999998e+01 -2.773999998e+01 +6.6550e-01 -2.3926e+00
1516 0 +1.187691367e-08 -2.773999999e+01 -2.773999999e+01 +6.6530e-01 -2.3930e+00
1520 0 +4.467747061e-09 -2.774000000e+01 -2.774000000e+01 +6.6546e-01 -2.3927e+00
1828 0 +0.000000000e+00 -2.774000000e+01 -2.774000000e+01 +6.6540e-01 -2.3928e+00
% f evaluations | g evaluations | best noise-free fitness - Fopt (6.930000000000e+00) + sum g_i+ | measured fitness | best measured fitness or single-digit g-values | x1 | x2...
1 0 +6.699765651e+02 +6.769065651e+02 +6.769065651e+02 +0.0000e+00 +0.0000e+00
3 0 +6.444434844e+02 +6.513734844e+02 +6.513734844e+02 +9.8026e-02 +3.4094e-01
9 0 +5.054550703e+02 +5.123850703e+02 +5.123850703e+02 -1.1781e-01 +1.5775e-02
11 0 +4.971170638e+02 +5.040470638e+02 +5.040470638e+02 -1.2536e-01 +1.4549e-02
16 0 +2.054045213e+02 +2.123345213e+02 +2.123345213e+02 -3.9445e-01 +1.7836e-01
31 0 +1.841274601e+02 +1.910574601e+02 +1.910574601e+02 -3.1212e-01 +4.3278e-01
40 0 +6.720071299e+01 +7.413071299e+01 +7.413071299e+01 -5.5956e-01 +4.7553e-01
55 0 +4.843226308e+01 +5.536226308e+01 +5.536226308e+01 -4.8640e-01 +7.3273e-01
65 0 +2.338413995e+01 +3.031413995e+01 +3.031413995e+01 -9.5912e-01 +1.2360e+00
66 0 +3.292298292e+00 +1.022229829e+01 +1.022229829e+01 -6.6904e-01 +9.3556e-01
68 0 +8.158275680e-01 +7.745827568e+00 +7.745827568e+00 -8.1677e-01 +9.9287e-01
89 0 +4.573453206e-01 +7.387345321e+00 +7.387345321e+00 -8.6628e-01 +8.0015e-01
90 0 +1.901722410e-01 +7.120172241e+00 +7.120172241e+00 -8.4829e-01 +8.8694e-01
99 0 +1.103041726e-01 +7.040304173e+00 +7.040304173e+00 -7.6538e-01 +9.7379e-01
152 0 +9.440194944e-02 +7.024401949e+00 +7.024401949e+00 -7.3496e-01 +1.0255e+00
359 0 +9.292884611e-02 +7.022928846e+00 +7.022928846e+00 -7.3872e-01 +1.0110e+00
362 0 +8.857344454e-02 +7.018573445e+00 +7.018573445e+00 -7.3165e-01 +1.0211e+00
367 0 +8.092939936e-02 +7.010929399e+00 +7.010929399e+00 -7.1806e-01 +1.0400e+00
374 0 +7.526286059e-02 +7.005262861e+00 +7.005262861e+00 -7.0932e-01 +1.0551e+00
382 0 +7.366730559e-02 +7.003667306e+00 +7.003667306e+00 -6.9555e-01 +1.0680e+00
385 0 +5.532916503e-02 +6.985329165e+00 +6.985329165e+00 -6.5828e-01 +1.1247e+00
390 0 +4.581976063e-02 +6.975819761e+00 +6.975819761e+00 -6.4037e-01 +1.1542e+00
391 0 +4.492817760e-02 +6.974928178e+00 +6.974928178e+00 -6.3671e-01 +1.1596e+00
399 0 +4.262367266e-02 +6.972623673e+00 +6.972623673e+00 -6.3986e-01 +1.1585e+00
403 0 +4.071716708e-02 +6.970717167e+00 +6.970717167e+00 -6.3631e-01 +1.1653e+00
405 0 +2.789788514e-02 +6.957897885e+00 +6.957897885e+00 -5.6813e-01 +1.2702e+00
416 0 +2.672592591e-02 +6.956725926e+00 +6.956725926e+00 -5.6560e-01 +1.2748e+00
434 0 +1.220244854e-02 +6.942202449e+00 +6.942202449e+00 -5.3555e-01 +1.3332e+00
439 0 +7.634234077e-03 +6.937634234e+00 +6.937634234e+00 -5.1526e-01 +1.3713e+00
531 0 +6.116467172e-03 +6.936116467e+00 +6.936116467e+00 -5.0562e-01 +1.3892e+00
534 0 +5.538467851e-03 +6.935538468e+00 +6.935538468e+00 -4.9416e-01 +1.4095e+00
544 0 +4.085486940e-03 +6.934085487e+00 +6.934085487e+00 -4.7227e-01 +1.4505e+00
632 0 +3.884573858e-03 +6.933884574e+00 +6.933884574e+00 -4.9467e-01 +1.4112e+00
639 0 +3.410225228e-03 +6.933410225e+00 +6.933410225e+00 -4.8683e-01 +1.4251e+00
647 0 +3.156497650e-03 +6.933156498e+00 +6.933156498e+00 -4.8707e-01 +1.4253e+00
654 0 +2.640868533e-03 +6.932640869e+00 +6.932640869e+00 -4.8213e-01 +1.4347e+00
660 0 +2.529914367e-03 +6.932529914e+00 +6.932529914e+00 -4.8022e-01 +1.4382e+00
661 0 +2.331620175e-03 +6.932331620e+00 +6.932331620e+00 -4.7652e-01 +1.4450e+00
667 0 +2.063806151e-03 +6.932063806e+00 +6.932063806e+00 -4.7738e-01 +1.4442e+00
668 0 +2.005678211e-03 +6.932005678e+00 +6.932005678e+00 -4.7534e-01 +1.4478e+00
669 0 +1.519187650e-03 +6.931519188e+00 +6.931519188e+00 -4.6938e-01 +1.4594e+00
677 0 +1.264153172e-03 +6.931264153e+00 +6.931264153e+00 -4.5772e-01 +1.4811e+00
682 0 +8.869763322e-04 +6.930886976e+00 +6.930886976e+00 -4.4918e-01 +1.4980e+00
684 0 +6.618940646e-04 +6.930661894e+00 +6.930661894e+00 -4.4689e-01 +1.5029e+00
719 0 +5.923701264e-04 +6.930592370e+00 +6.930592370e+00 -4.4075e-01 +1.5150e+00
723 0 +3.399691884e-04 +6.930339969e+00 +6.930339969e+00 -4.4150e-01 +1.5141e+00
752 0 +2.223822194e-04 +6.930222382e+00 +6.930222382e+00 -4.4312e-01 +1.5114e+00
759 0 +9.629825002e-05 +6.930096298e+00 +6.930096298e+00 -4.3582e-01 +1.5262e+00
770 0 +5.369262009e-05 +6.930053693e+00 +6.930053693e+00 -4.3797e-01 +1.5222e+00
795 0 +3.597104501e-05 +6.930035971e+00 +6.930035971e+00 -4.3744e-01 +1.5234e+00
799 0 +8.391238262e-06 +6.930008391e+00 +6.930008391e+00 -4.3786e-01 +1.5230e+00
841 0 +3.034935482e-06 +6.930003035e+00 +6.930003035e+00 -4.3448e-01 +1.5297e+00
844 0 +1.314191049e-06 +6.930001314e+00 +6.930001314e+00 -4.3410e-01 +1.5307e+00
846 0 +9.251588491e-07 +6.930000925e+00 +6.930000925e+00 -4.3584e-01 +1.5271e+00
876 0 +4.765697437e-08 +6.930000048e+00 +6.930000048e+00 -4.3490e-01 +1.5290e+00
916 0 +2.632122875e-08 +6.930000026e+00 +6.930000026e+00 -4.3485e-01 +1.5291e+00
929 0 +8.207038604e-09 +6.930000008e+00 +6.930000008e+00 -4.3493e-01 +1.5289e+00
1355 0 +0.000000000e+00 +6.930000000e+00 +6.930000000e+00 -4.3500e-01 +1.5288e+00
% f evaluations | g evaluations | best noise-free fitness - Fopt (-4.456000000000e+01) + sum g_i+ | measured fitness | best measured fitness or single-digit g-values | x1 | x2...
1 0 +7.102388350e+02 +6.656788350e+02 +6.656788350e+02 +0.0000e+00 +0.0000e+00
2 0 +5.269475579e+02 +4.823875579e+02 +4.823875579e+02 +4.3379e-01 +3.0692e-02
13 0 +4.101616099e+02 +3.656016099e+02 +3.656016099e+02 +3.3015e-01 -3.6944e-01
18 0 +3.220252716e+02 +2.774652716e+02 +2.774652716e+02 +6.2926e-01 -1.6720e-01
27 0 +2.414016652e+02 +1.968416652e+02 +1.968416652e+02 +6.9868e-01 -2.8198e-01
28 0 +2.376860983e+02 +1.931260983e+02 +1.931260983e+02 +6.1610e-01 -4.4283e-01
30 0 +1.366291797e+02 +9.206917966e+01 +9.206917966e+01 +7.5538e-01 -5.5675e-01
34 0 +3.876973789e+01 -5.790262106e+00 -5.790262106e+00 +8.5561e-01 -8.9280e-01
44 0 +1.004535223e+00 -4.355546478e+01 -4.355546478e+01 +1.0934e+00 -8.4175e-01
61 0 +3.368801706e-01 -4.422311983e+01 -4.422311983e+01 +1.3099e+00 -3.2799e-01
120 0 +3.066241615e-01 -4.425337584e+01 -4.425337584e+01 +1.1543e+00 -7.3107e-01
124 0 +2.099038608e-01 -4.435009614e+01 -4.435009614e+01 +1.1571e+00 -7.3947e-01
134 0 +1.939900981e-01 -4.436600990e+01 -4.436600990e+01 +1.1946e+00 -6.6004e-01
707 0 +1.904372147e-01 -4.436956279e+01 -4.436956279e+01 +1.1910e+00 -6.7005e-01
724 0 +1.854891532e-01 -4.437451085e+01 -4.437451085e+01 +1.1816e+00 -6.9944e-01
740 0 +1.814099441e-01 -4.437859006e+01 -4.437859006e+01 +1.1610e+00 -7.6432e-01
745 0 +1.760974490e-01 -4.438390255e+01 -4.438390255e+01 +1.1711e+00 -7.2885e-01
756 0 +1.699912737e-01 -4.439000873e+01 -4.439000873e+01 +1.1648e+00 -7.4609e-01
758 0 +1.688012560e-01 -4.439119874e+01 -4.439119874e+01 +1.1185e+00 -8.8775e-01
763 0 +1.606468578e-01 -4.439935314e+01 -4.439935314e+01 +1.1265e+00 -8.6206e-01
767 0 +1.509816664e-01 -4.440901833e+01 -4.440901833e+01 +1.1167e+00 -8.8794e-01
772 0 +1.371876064e-01 -4.442281239e+01 -4.442281239e+01 +1.1176e+00 -8.7922e-01
787 0 +1.241975660e-01 -4.443580243e+01 -4.443580243e+01 +1.0731e+00 -1.0056e+00
793 0 +9.034138243e-02 -4.446965862e+01 -4.446965862e+01 +1.0045e+00 -1.1830e+00
860 0 +8.897439499e-02 -4.447102561e+01 -4.447102561e+01 +1.0527e+00 -1.0469e+00
861 0 +8.530933602e-02 -4.447469066e+01 -4.447469066e+01 +1.0476e+00 -1.0539e+00
864 0 +7.862453809e-02 -4.448137546e+01 -4.448137546e+01 +1.0370e+00 -1.0839e+00
866 0 +6.957072125e-02 -4.449042928e+01 -4.449042928e+01 +1.0202e+00 -1.1256e+00
871 0 +6.759241555e-02 -4.449240758e+01 -4.449240758e+01 +1.0165e+00 -1.1352e+00
879 0 +5.837595767e-02 -4.450162404e+01 -4.450162404e+01 +9.8509e-01 -1.2062e+00
888 0 +4.083207266e-02 -4.451916793e+01 -4.451916793e+01 +9.5776e-01 -1.2823e+00
892 0 +7.994795247e-03 -4.455200520e+01 -4.455200520e+01 +8.2696e-01 -1.5830e+00
972 0 +6.376968619e-03 -4.455362303e+01 -4.455362303e+01 +8.3049e-01 -1.5669e+00
986 0 +1.008083065e-03 -4.455899192e+01 -4.455899192e+01 +7.8786e-01 -1.6603e+00
1012 0 +8.999227317e-04 -4.455910008e+01 -4.455910008e+01 +7.7965e-01 -1.6785e+00
1085 0 +8.641598718e-04 -4.455913584e+01 -4.455913584e+01 +7.8392e-01 -1.6689e+00
1150 0 +8.135114733e-04 -4.455918649e+01 -4.455918649e+01 +7.8512e-01 -1.6653e+00
1153 0 +8.045786047e-04 -4.455919542e+01 -4.455919542e+01 +7.8322e-01 -1.6702e+00
1154 0 +7.569439308e-04 -4.455924306e+01 -4.455924306e+01 +7.8315e-01 -1.6701e+00
1158 0 +3.699393086e-04 -4.455963006e+01 -4.455963006e+01 +7.7573e-01 -1.6844e+00
1165 0 +1.059617547e-04 -4.455989404e+01 -4.455989404e+01 +7.6372e-01 -1.7082e+00
1172 0 +7.102171111e-06 -4.455999290e+01 -4.455999290e+01 +7.5643e-01 -1.7233e+00
1205 0 +4.078141970e-06 -4.455999592e+01 -4.455999592e+01 +7.5463e-01 -1.7272e+00
1212 0 +3.906975792e-07 -4.455999961e+01 -4.455999961e+01 +7.5625e-01 -1.7238e+00
1254 0 +3.716309962e-07 -4.455999963e+01 -4.455999963e+01 +7.5627e-01 -1.7239e+00
1269 0 +1.098690348e-07 -4.455999989e+01 -4.455999989e+01 +7.5673e-01 -1.7229e+00
1289 0 +9.342100782e-08 -4.455999991e+01 -4.455999991e+01 +7.5633e-01 -1.7238e+00
1290 0 +6.180234635e-08 -4.455999994e+01 -4.455999994e+01 +7.5665e-01 -1.7231e+00
1303 0 +3.413776284e-08 -4.455999997e+01 -4.455999997e+01 +7.5678e-01 -1.7228e+00
1324 0 +1.506892744e-08 -4.455999998e+01 -4.455999998e+01 +7.5672e-01 -1.7230e+00
1327 0 +6.777163719e-09 -4.455999999e+01 -4.455999999e+01 +7.5668e-01 -1.7230e+00
1563 0 +0.000000000e+00 -4.456000000e+01 -4.456000000e+01 +7.5660e-01 -1.7232e+00
% f evaluations | g evaluations | best noise-free fitness - Fopt (1.000000000000e+03) + sum g_i+ | measured fitness | best measured fitness or single-digit g-values | x1 | x2...
1 0 +8.550519955e+03 +9.550519955e+03 +9.550519955e+03 +0.0000e+00 +0.0000e+00
5 0 +7.762575951e+03 +8.762575951e+03 +8.762575951e+03 -1.1375e-01 -3.0566e-01
9 0 +7.162588447e+03 +8.162588447e+03 +8.162588447e+03 -1.1781e-01 +1.5775e-02
16 0 +4.364756837e+03 +5.364756837e+03 +5.364756837e+03 -3.9445e-01 +1.7836e-01
40 0 +3.543035920e+03 +4.543035920e+03 +4.543035920e+03 -5.0611e-01 +1.9222e-01
65 0 +1.591031935e+03 +2.591031935e+03 +2.591031935e+03 -8.5847e-01 +2.9842e-01
74 0 +3.978571475e+02 +1.397857148e+03 +1.397857148e+03 -1.2833e+00 +3.8336e-01
79 0 +1.608878304e+01 +1.016088783e+03 +1.016088783e+03 -1.6468e+00 +6.3294e-01
90 0 +2.558605945e-01 +1.000255861e+03 +1.000255861e+03 -1.8195e+00 +4.7236e-01
887 0 +2.303074766e-01 +1.000230307e+03 +1.000230307e+03 -1.8691e+00 +3.5186e-01
891 0 +2.132948903e-01 +1.000213295e+03 +1.000213295e+03 -1.8822e+00 +3.1241e-01
898 0 +2.067608277e-01 +1.000206761e+03 +1.000206761e+03 -1.8697e+00 +3.4097e-01
905 0 +1.424543223e-01 +1.000142454e+03 +1.000142454e+03 -1.9592e+00 +7.0074e-02
906 0 +1.316710750e-01 +1.000131671e+03 +1.000131671e+03 -1.9550e+00 +9.2846e-02
922 0 +1.205915832e-01 +1.000120592e+03 +1.000120592e+03 -1.9808e+00 +1.5478e-02
946 0 +1.181455346e-01 +1.000118146e+03 +1.000118146e+03 -1.9911e+00 -1.4297e-02
1040 0 +1.165719863e-01 +1.000116572e+03 +1.000116572e+03 -1.9842e+00 +7.5215e-03
1045 0 +1.136755376e-01 +1.000113676e+03 +1.000113676e+03 -1.9925e+00 -1.6118e-02
1063 0 +1.109816147e-01 +1.000110982e+03 +1.000110982e+03 -1.9890e+00 -3.5430e-03
1073 0 +1.084762633e-01 +1.000108476e+03 +1.000108476e+03 -1.9886e+00 +1.9453e-03
1076 0 +1.057000247e-01 +1.000105700e+03 +1.000105700e+03 -1.9971e+00 -2.4910e-02
1085 0 +1.039672589e-01 +1.000103967e+03 +1.000103967e+03 -1.9989e+00 -2.9092e-02
1141 0 +1.014798524e-01 +1.000101480e+03 +1.000101480e+03 -2.0008e+00 -3.2397e-02
1145 0 +9.995676909e-02 +1.000099957e+03 +1.000099957e+03 -2.0036e+00 -4.0044e-02
1154 0 +9.730951423e-02 +1.000097310e+03 +1.000097310e+03 -2.0079e+00 -5.1416e-02
1158 0 +8.646626591e-02 +1.000086466e+03 +1.000086466e+03 -2.0238e+00 -8.8806e-02
1165 0 +7.525845243e-02 +1.000075258e+03 +1.000075258e+03 -2.0479e+00 -1.4622e-01
1172 0 +6.804019686e-02 +1.000068040e+03 +1.000068040e+03 -2.0624e+00 -1.8253e-01
1178 0 +3.981950221e-02 +1.000039820e+03 +1.000039820e+03 -2.1448e+00 -3.7789e-01
1188 0 +1.187961306e-02 +1.000011880e+03 +1.000011880e+03 -2.2202e+00 -5.5428e-01
1202 0 +9.670828317e-03 +1.000009671e+03 +1.000009671e+03 -2.2223e+00 -5.6131e-01
1205 0 +8.004093511e-03 +1.000008004e+03 +1.000008004e+03 -2.2376e+00 -6.0085e-01
1207 0 +7.170093955e-03 +1.000007170e+03 +1.000007170e+03 -2.2738e+00 -6.8109e-01
1213 0 +4.728766800e-03 +1.000004729e+03 +1.000004729e+03 -2.2497e+00 -6.2198e-01
1228 0 +4.363665750e-03 +1.000004364e+03 +1.000004364e+03 -2.2545e+00 -6.3516e-01
1305 0 +2.932021850e-03 +1.000002932e+03 +1.000002932e+03 -2.2645e+00 -6.5534e-01
1323 0 +1.381147073e-03 +1.000001381e+03 +1.000001381e+03 -2.2985e+00 -7.2810e-01
1333 0 +1.346174923e-03 +1.000001346e+03 +1.000001346e+03 -2.2812e+00 -6.8946e-01
1334 0 +1.253928868e-03 +1.000001254e+03 +1.000001254e+03 -2.2824e+00 -6.9164e-01
1338 0 +9.601271856e-04 +1.000000960e+03 +1.000000960e+03 -2.2927e+00 -7.1476e-01
1344 0 +4.985245677e-04 +1.000000499e+03 +1.000000499e+03 -2.2975e+00 -7.2377e-01
1345 0 +4.182080055e-04 +1.000000418e+03 +1.000000418e+03 -2.2974e+00 -7.2282e-01
1351 0 +1.209790996e-04 +1.000000121e+03 +1.000000121e+03 -2.3207e+00 -7.7074e-01
1366 0 +6.107700995e-05 +1.000000061e+03 +1.000000061e+03 -2.3253e+00 -7.7893e-01
1368 0 +4.955583108e-07 +1.000000000e+03 +1.000000000e+03 -2.3180e+00 -7.6425e-01
1464 0 +1.584364782e-07 +1.000000000e+03 +1.000000000e+03 -2.3182e+00 -7.6453e-01
1478 0 +3.152854333e-08 +1.000000000e+03 +1.000000000e+03 -2.3179e+00 -7.6403e-01
1528 0 +2.883132311e-08 +1.000000000e+03 +1.000000000e+03 -2.3179e+00 -7.6401e-01
1538 0 +6.299501365e-09 +1.000000000e+03 +1.000000000e+03 -2.3177e+00 -7.6367e-01
1800 0 +0.000000000e+00 +1.000000000e+03 +1.000000000e+03 -2.3178e+00 -7.6380e-01
% f evaluations | g evaluations | best noise-free fitness - Fopt (-6.797100000000e+02) + sum g_i+ | measured fitness | best measured fitness or single-digit g-values | x1 | x2...
1 0 +1.083051806e+03 +4.033418057e+02 +4.033418057e+02 +0.0000e+00 +0.0000e+00
2 0 +9.755030075e+02 +2.957930075e+02 +2.957930075e+02 +4.3379e-01 +3.0692e-02
5 0 +8.852669053e+02 +2.055569053e+02 +2.055569053e+02 -1.1375e-01 -3.0566e-01
13 0 +7.867018529e+02 +1.069918529e+02 +1.069918529e+02 +3.3015e-01 -3.6944e-01
25 0 +7.539449972e+02 +7.423499718e+01 +7.423499718e+01 +3.6082e-01 -4.0656e-01
27 0 +7.109445038e+02 +3.123450379e+01 +3.123450379e+01 +5.4395e-01 -3.1610e-01
28 0 +6.703419224e+02 -9.368077598e+00 -9.368077598e+00 +4.7565e-01 -4.6458e-01
30 0 +5.583477417e+02 -1.213622583e+02 -1.213622583e+02 +5.8852e-01 -5.6805e-01
34 0 +3.783620957e+02 -3.013479043e+02 -3.013479043e+02 +6.7360e-01 -8.7658e-01
37 0 +1.033427114e+02 -5.763672886e+02 -5.763672886e+02 +1.2636e+00 -6.4982e-01
38 0 +7.358511687e+01 -6.061248831e+02 -6.061248831e+02 +1.5241e+00 -1.7903e+00
39 0 +2.953306169e+01 -6.501769383e+02 -6.501769383e+02 +1.3339e+00 -9.3965e-01
41 0 +2.343221092e+01 -6.562777891e+02 -6.562777891e+02 +1.4904e+00 -1.5181e+00
43 0 +6.879319434e+00 -6.728306806e+02 -6.728306806e+02 +1.4495e+00 -1.4160e+00
1094 0 +6.579635998e+00 -6.731303640e+02 -6.731303640e+02 -1.2719e+00 -1.8199e+00
1100 0 +6.384504346e+00 -6.733254957e+02 -6.733254957e+02 -1.4409e+00 -1.3130e+00
1103 0 +5.669819221e+00 -6.740401808e+02 -6.740401808e+02 -1.2496e+00 -1.8355e+00
1137 0 +5.612983188e+00 -6.740970168e+02 -6.740970168e+02 -1.3778e+00 -1.4298e+00
1315 0 +5.361624441e+00 -6.743483756e+02 -6.743483756e+02 -1.2801e+00 -1.7239e+00
1323 0 +5.155413703e+00 -6.745545863e+02 -6.745545863e+02 -1.2394e+00 -1.8231e+00
1341 0 +4.993566657e+00 -6.747164333e+02 -6.747164333e+02 -1.1082e+00 -2.1619e+00
1363 0 +4.877783751e+00 -6.748322162e+02 -6.748322162e+02 -1.1672e+00 -1.9995e+00
1404 0 +4.745354590e+00 -6.749646454e+02 -6.749646454e+02 -1.1633e+00 -1.9943e+00
1425 0 +4.587739609e+00 -6.751222604e+02 -6.751222604e+02 -1.1040e+00 -2.1393e+00
1447 0 +4.469323615e+00 -6.752406764e+02 -6.752406764e+02 -1.0530e+00 -2.2577e+00
1452 0 +4.333613966e+00 -6.753763860e+02 -6.753763860e+02 -1.0846e+00 -2.1539e+00
1456 0 +4.211026998e+00 -6.754989730e+02 -6.754989730e+02 -9.9426e-01 -2.3746e+00
1459 0 +4.061866756e+00 -6.756481332e+02 -6.756481332e+02 -1.0233e+00 -2.2536e+00
1467 0 +3.762484117e+00 -6.759475159e+02 -6.759475159e+02 -9.4948e-01 -2.4138e+00
1472 0 +3.673025683e+00 -6.760369743e+02 -6.760369743e+02 -9.2625e-01 -2.4570e+00
1476 0 +3.256376733e+00 -6.764536233e+02 -6.764536233e+02 -8.0180e-01 -2.6417e+00
1482 0 +2.982122937e+00 -6.767278771e+02 -6.767278771e+02 -7.3705e-01 -2.7657e+00
1490 0 +2.762555859e+00 -6.769474441e+02 -6.769474441e+02 -6.4270e-01 -2.9215e+00
1496 0 +2.531964704e+00 -6.771780353e+02 -6.771780353e+02 -5.6585e-01 -3.0149e+00
1516 0 +2.498133548e+00 -6.772118665e+02 -6.772118665e+02 -5.8403e-01 -2.9458e+00
1524 0 +2.377394680e+00 -6.773326053e+02 -6.773326053e+02 -4.5245e-01 -3.1490e+00
1526 0 +2.262255481e+00 -6.774477445e+02 -6.774477445e+02 -5.1396e-01 -3.0316e+00
1544 0 +2.211621670e+00 -6.774983783e+02 -6.774983783e+02 -4.7132e-01 -3.1053e+00
1556 0 +2.179983553e+00 -6.775300164e+02 -6.775300164e+02 -4.8650e-01 -3.0590e+00
1914 0 +2.137909424e+00 -6.775720906e+02 -6.775720906e+02 -4.6309e-01 -3.1016e+00
1935 0 +2.076525199e+00 -6.776334748e+02 -6.776334748e+02 -4.2790e-01 -3.1415e+00
1949 0 +2.024311185e+00 -6.776856888e+02 -6.776856888e+02 -4.1937e-01 -3.1424e+00
1961 0 +1.954369321e+00 -6.777556307e+02 -6.777556307e+02 -3.6756e-01 -3.1958e+00
1991 0 +1.941542485e+00 -6.777684575e+02 -6.777684575e+02 -3.9047e-01 -3.1647e+00
2006 0 +1.889498864e+00 -6.778205011e+02 -6.778205011e+02 -3.6677e-01 -3.1852e+00
2018 0 +1.834562419e+00 -6.778754376e+02 -6.778754376e+02 -3.4076e-01 -3.2061e+00
2033 0 +1.761872405e+00 -6.779481276e+02 -6.779481276e+02 -3.1816e-01 -3.2178e+00
2036 0 +1.715027519e+00 -6.779949725e+02 -6.779949725e+02 -3.1390e-01 -3.2104e+00
2041 0 +1.670051997e+00 -6.780399480e+02 -6.780399480e+02 -3.0184e-01 -3.1995e+00
2044 0 +1.582623481e+00 -6.781273765e+02 -6.781273765e+02 -2.6460e-01 -3.2351e+00
2056 0 +1.280395167e+00 -6.784296048e+02 -6.784296048e+02 -1.3934e-01 -3.2651e+00
2063 0 +1.005931933e+00 -6.787040681e+02 -6.787040681e+02 +1.2964e-02 -3.2661e+00
2086 0 +8.102043107e-01 -6.788997957e+02 -6.788997957e+02 +1.0662e-01 -3.2583e+00
2158 0 +7.858203191e-01 -6.789241797e+02 -6.789241797e+02 +1.2491e-01 -3.2909e+00
2186 0 +7.501406324e-01 -6.789598594e+02 -6.789598594e+02 +1.2333e-01 -3.2725e+00
2191 0 +7.335858053e-01 -6.789764142e+02 -6.789764142e+02 +1.7516e-01 -3.2817e+00
2195 0 +6.839074673e-01 -6.790260925e+02 -6.790260925e+02 +1.6307e-01 -3.2627e+00
2249 0 +6.710618018e-01 -6.790389382e+02 -6.790389382e+02 +2.0662e-01 -3.2666e+00
2260 0 +6.412210456e-01 -6.790687790e+02 -6.790687790e+02 +1.9746e-01 -3.2582e+00
2270 0 +6.216444536e-01 -6.790883555e+02 -6.790883555e+02 +2.0098e-01 -3.2454e+00
2280 0 +5.776231016e-01 -6.791323769e+02 -6.791323769e+02 +2.3454e-01 -3.2383e+00
2292 0 +5.272619274e-01 -6.791827381e+02 -6.791827381e+02 +2.7948e-01 -3.2207e+00
2302 0 +5.129524026e-01 -6.791970476e+02 -6.791970476e+02 +2.7568e-01 -3.2136e+00
2306 0 +4.739125870e-01 -6.792360874e+02 -6.792360874e+02 +3.0483e-01 -3.1974e+00
2312 0 +4.589716958e-01 -6.792510283e+02 -6.792510283e+02 +3.1435e-01 -3.1897e+00
2316 0 +4.358006249e-01 -6.792741994e+02 -6.792741994e+02 +3.7383e-01 -3.1657e+00
2322 0 +3.364749217e-01 -6.793735251e+02 -6.793735251e+02 +4.1271e-01 -3.1167e+00
2337 0 +2.609355868e-01 -6.794490644e+02 -6.794490644e+02 +4.9107e-01 -3.0492e+00
2415 0 +2.562363547e-01 -6.794537636e+02 -6.794537636e+02 +5.2801e-01 -3.0203e+00
2435 0 +2.479991571e-01 -6.794620008e+02 -6.794620008e+02 +5.1360e-01 -3.0295e+00
2457 0 +2.424195109e-01 -6.794675805e+02 -6.794675805e+02 +5.1829e-01 -3.0242e+00
2459 0 +2.377270371e-01 -6.794722730e+02 -6.794722730e+02 +5.2537e-01 -3.0173e+00
2460 0 +2.279868051e-01 -6.794820132e+02 -6.794820132e+02 +5.2415e-01 -3.0144e+00
2466 0 +2.020906522e-01 -6.795079093e+02 -6.795079093e+02 +5.4201e-01 -2.9886e+00
2496 0 +1.897509380e-01 -6.795202491e+02 -6.795202491e+02 +5.5593e-01 -2.9729e+00
2506 0 +1.730239683e-01 -6.795369760e+02 -6.795369760e+02 +5.8835e-01 -2.9419e+00
2509 0 +1.476585231e-01 -6.795623415e+02 -6.795623415e+02 +6.0547e-01 -2.9117e+00
2516 0 +1.393398834e-01 -6.795706601e+02 -6.795706601e+02 +6.1729e-01 -2.8983e+00
2517 0 +1.370224519e-01 -6.795729775e+02 -6.795729775e+02 +6.3853e-01 -2.8564e+00
2521 0 +1.347138670e-01 -6.795752861e+02 -6.795752861e+02 +6.2342e-01 -2.8848e+00
2522 0 +1.130520891e-01 -6.795969479e+02 -6.795969479e+02 +6.7171e-01 -2.8351e+00
2524 0 +7.203583579e-02 -6.796379642e+02 -6.796379642e+02 +7.2220e-01 -2.7501e+00
2529 0 +6.813573584e-02 -6.796418643e+02 -6.796418643e+02 +7.4000e-01 -2.7339e+00
2532 0 +3.847462005e-02 -6.796715254e+02 -6.796715254e+02 +8.1414e-01 -2.6182e+00
2579 0 +3.751272325e-02 -6.796724873e+02 -6.796724873e+02 +7.9910e-01 -2.6376e+00
2623 0 +3.414030020e-02 -6.796758597e+02 -6.796758597e+02 +8.1556e-01 -2.6133e+00
2627 0 +2.929003765e-02 -6.796807100e+02 -6.796807100e+02 +8.2524e-01 -2.5958e+00
2651 0 +2.562410168e-02 -6.796843759e+02 -6.796843759e+02 +8.3147e-01 -2.5831e+00
2668 0 +2.301329157e-02 -6.796869867e+02 -6.796869867e+02 +8.5780e-01 -2.5430e+00
2682 0 +2.144302313e-02 -6.796885570e+02 -6.796885570e+02 +8.4489e-01 -2.5601e+00
2694 0 +1.971611197e-02 -6.796902839e+02 -6.796902839e+02 +8.5500e-01 -2.5444e+00
2697 0 +1.855844649e-02 -6.796914416e+02 -6.796914416e+02 +9.0848e-01 -2.4559e+00
2702 0 +1.553423977e-02 -6.796944658e+02 -6.796944658e+02 +8.8806e-01 -2.4893e+00
2703 0 +1.441517594e-02 -6.796955848e+02 -6.796955848e+02 +8.8285e-01 -2.4969e+00
2708 0 +1.019278923e-02 -6.796998072e+02 -6.796998072e+02 +8.8882e-01 -2.4815e+00
2728 0 +4.190522179e-03 -6.797058095e+02 -6.797058095e+02 +9.2485e-01 -2.4150e+00
2816 0 +3.382055570e-03 -6.797066179e+02 -6.797066179e+02 +9.3176e-01 -2.4023e+00
2826 0 +2.112915907e-03 -6.797078871e+02 -6.797078871e+02 +9.4718e-01 -2.3704e+00
2827 0 +6.737034370e-04 -6.797093263e+02 -6.797093263e+02 +9.6479e-01 -2.3390e+00
2840 0 +4.612155443e-04 -6.797095388e+02 -6.797095388e+02 +9.8549e-01 -2.2995e+00
2844 0 +3.065917656e-04 -6.797096934e+02 -6.797096934e+02 +9.7999e-01 -2.3098e+00
2869 0 +1.377156548e-05 -6.797099862e+02 -6.797099862e+02 +9.9173e-01 -2.2852e+00
2919 0 +3.369779051e-07 -6.797099997e+02 -6.797099997e+02 +9.8887e-01 -2.2907e+00
3023 0 +3.978470886e-08 -6.797100000e+02 -6.797100000e+02 +9.8921e-01 -2.2900e+00
3102 0 +6.996970114e-09 -6.797100000e+02 -6.797100000e+02 +9.8941e-01 -2.2896e+00
3315 0 +0.000000000e+00 -6.797100000e+02 -6.797100000e+02 +9.8940e-01 -2.2896e+00
% f evaluations | g evaluations | best noise-free fitness - Fopt (1.000000000000e+03) + sum g_i+ | measured fitness | best measured fitness or single-digit g-values | x1 | x2...
1 0 +2.986587026e+03 +3.986587026e+03 +3.986587026e+03 +0.0000e+00 +0.0000e+00
5 0 +2.691231337e+03 +3.691231337e+03 +3.691231337e+03 -1.1375e-01 -3.0566e-01
9 0 +2.348456938e+03 +3.348456938e+03 +3.348456938e+03 -1.1781e-01 +1.5775e-02
11 0 +2.313224412e+03 +3.313224412e+03 +3.313224412e+03 -1.2536e-01 +1.4549e-02
16 0 +1.140097792e+03 +2.140097792e+03 +2.140097792e+03 -3.9445e-01 +1.7836e-01
40 0 +7.191798215e+02 +1.719179822e+03 +1.719179822e+03 -5.3216e-01 +2.7959e-01
65 0 +1.349149100e+02 +1.134914910e+03 +1.134914910e+03 -9.0094e-01 +3.9726e-01
74 0 +8.861850804e+00 +1.008861851e+03 +1.008861851e+03 -1.3550e+00 +4.9975e-01
96 0 +8.285429814e+00 +1.008285430e+03 +1.008285430e+03 -1.2048e+00 +3.2044e-01
100 0 +3.791356203e+00 +1.003791356e+03 +1.003791356e+03 -1.3100e+00 +5.1126e-01
133 0 +9.400031327e-01 +1.000940003e+03 +1.000940003e+03 -1.2058e+00 +5.1476e-01
165 0 +3.230981112e-01 +1.000323098e+03 +1.000323098e+03 -1.2771e+00 +3.6058e-01
169 0 +2.215714648e-01 +1.000221571e+03 +1.000221571e+03 -1.2651e+00 +4.6973e-01
181 0 +1.314875797e-01 +1.000131488e+03 +1.000131488e+03 -1.2566e+00 +4.5866e-01
829 0 +1.287008177e-01 +1.000128701e+03 +1.000128701e+03 -1.2599e+00 +4.5437e-01
861 0 +1.256987249e-01 +1.000125699e+03 +1.000125699e+03 -1.2638e+00 +4.4301e-01
878 0 +1.219386326e-01 +1.000121939e+03 +1.000121939e+03 -1.2691e+00 +4.2846e-01
879 0 +1.174889031e-01 +1.000117489e+03 +1.000117489e+03 -1.2755e+00 +4.0995e-01
887 0 +1.126682779e-01 +1.000112668e+03 +1.000112668e+03 -1.2842e+00 +3.9046e-01
891 0 +1.100218116e-01 +1.000110022e+03 +1.000110022e+03 -1.2877e+00 +3.8070e-01
892 0 +8.305504985e-02 +1.000083055e+03 +1.000083055e+03 -1.3390e+00 +2.3679e-01
906 0 +8.122313860e-02 +1.000081223e+03 +1.000081223e+03 -1.4064e+00 +5.6904e-02
922 0 +7.264781613e-02 +1.000072648e+03 +1.000072648e+03 -1.3553e+00 +1.9659e-01
939 0 +7.037474962e-02 +1.000070375e+03 +1.000070375e+03 -1.3706e+00 +1.5471e-01
946 0 +6.705744516e-02 +1.000067057e+03 +1.000067057e+03 -1.3742e+00 +1.4655e-01
951 0 +6.522640718e-02 +1.000065226e+03 +1.000065226e+03 -1.3984e+00 +8.2602e-02
962 0 +6.301771197e-02 +1.000063018e+03 +1.000063018e+03 -1.3826e+00 +1.2573e-01
965 0 +5.965892851e-02 +1.000059659e+03 +1.000059659e+03 -1.3869e+00 +1.1591e-01
976 0 +5.599368844e-02 +1.000055994e+03 +1.000055994e+03 -1.3969e+00 +9.0879e-02
987 0 +5.460366213e-02 +1.000054604e+03 +1.000054604e+03 -1.3901e+00 +1.1068e-01
1020 0 +5.358664462e-02 +1.000053587e+03 +1.000053587e+03 -1.3927e+00 +1.0436e-01
1024 0 +5.238655487e-02 +1.000052387e+03 +1.000052387e+03 -1.3982e+00 +8.9808e-02
1027 0 +5.102586092e-02 +1.000051026e+03 +1.000051026e+03 -1.4079e+00 +6.4114e-02
1032 0 +4.947050083e-02 +1.000049471e+03 +1.000049471e+03 -1.4096e+00 +6.0703e-02
1034 0 +4.785844556e-02 +1.000047858e+03 +1.000047858e+03 -1.4037e+00 +7.8319e-02
1038 0 +4.665531272e-02 +1.000046655e+03 +1.000046655e+03 -1.4110e+00 +5.8910e-02
1040 0 +4.189183172e-02 +1.000041892e+03 +1.000041892e+03 -1.4198e+00 +3.8829e-02
1045 0 +3.790080162e-02 +1.000037901e+03 +1.000037901e+03 -1.4506e+00 -3.9120e-02
1049 0 +3.418356798e-02 +1.000034184e+03 +1.000034184e+03 -1.4376e+00 -2.4424e-03
1055 0 +2.896052915e-02 +1.000028961e+03 +1.000028961e+03 -1.4500e+00 -2.5104e-02
1063 0 +2.448032916e-02 +1.000024480e+03 +1.000024480e+03 -1.4623e+00 -5.7472e-02
1064 0 +2.384703252e-02 +1.000023847e+03 +1.000023847e+03 -1.4640e+00 -6.1145e-02
1071 0 +1.850041762e-02 +1.000018500e+03 +1.000018500e+03 -1.4861e+00 -1.0748e-01
1073 0 +6.544053528e-03 +1.000006544e+03 +1.000006544e+03 -1.5396e+00 -2.3093e-01
1123 0 +6.272878238e-03 +1.000006273e+03 +1.000006273e+03 -1.5457e+00 -2.4537e-01
1126 0 +5.707232578e-03 +1.000005707e+03 +1.000005707e+03 -1.5512e+00 -2.5040e-01
1130 0 +3.636232305e-03 +1.000003636e+03 +1.000003636e+03 -1.5596e+00 -2.7328e-01
1133 0 +2.031107147e-03 +1.000002031e+03 +1.000002031e+03 -1.5921e+00 -3.4330e-01
1140 0 +1.514403673e-03 +1.000001514e+03 +1.000001514e+03 -1.5797e+00 -3.1331e-01
1192 0 +1.372799721e-03 +1.000001373e+03 +1.000001373e+03 -1.5812e+00 -3.1698e-01
1211 0 +1.032020363e-03 +1.000001032e+03 +1.000001032e+03 -1.5894e+00 -3.3551e-01
1251 0 +7.683311096e-04 +1.000000768e+03 +1.000000768e+03 -1.5925e+00 -3.4127e-01
1298 0 +7.396856311e-04 +1.000000740e+03 +1.000000740e+03 -1.5959e+00 -3.4885e-01
1301 0 +6.520748274e-04 +1.000000652e+03 +1.000000652e+03 -1.5959e+00 -3.4858e-01
1304 0 +4.278290133e-04 +1.000000428e+03 +1.000000428e+03 -1.6019e+00 -3.6074e-01
1315 0 +1.449733743e-04 +1.000000145e+03 +1.000000145e+03 -1.6149e+00 -3.8697e-01
1322 0 +6.245982649e-05 +1.000000062e+03 +1.000000062e+03 -1.6110e+00 -3.7839e-01
1342 0 +2.184871425e-05 +1.000000022e+03 +1.000000022e+03 -1.6181e+00 -3.9266e-01
1359 0 +7.714493677e-06 +1.000000008e+03 +1.000000008e+03 -1.6154e+00 -3.8692e-01
1368 0 +1.542410359e-06 +1.000000002e+03 +1.000000002e+03 -1.6174e+00 -3.9072e-01
1413 0 +5.338740721e-07 +1.000000001e+03 +1.000000001e+03 -1.6185e+00 -3.9314e-01
1417 0 +4.492682137e-07 +1.000000000e+03 +1.000000000e+03 -1.6177e+00 -3.9128e-01
1457 0 +1.241232894e-08 +1.000000000e+03 +1.000000000e+03 -1.6182e+00 -3.9247e-01
1513 0 +5.542574399e-09 +1.000000000e+03 +1.000000000e+03 -1.6183e+00 -3.9254e-01
1737 0 +0.000000000e+00 +1.000000000e+03 +1.000000000e+03 -1.6182e+00 -3.9240e-01
% f evaluations | g evaluations | best noise-free fitness - Fopt (1.007000000000e+01) + sum g_i+ | measured fitness | best measured fitness or single-digit g-values | x1 | x2...
1 0 +5.467747085e+02 +5.568447085e+02 +5.568447085e+02 +0.0000e+00 +0.0000e+00
2 0 +3.608536817e+02 +3.709236817e+02 +3.709236817e+02 +4.3379e-01 +3.0692e-02
13 0 +2.708834729e+02 +2.809534729e+02 +2.809534729e+02 +3.3015e-01 -3.6944e-01
18 0 +1.869848799e+02 +1.970548799e+02 +1.970548799e+02 +6.2926e-01 -1.6720e-01
27 0 +1.244514018e+02 +1.345214018e+02 +1.345214018e+02 +6.9868e-01 -2.8198e-01
30 0 +5.209290705e+01 +6.216290705e+01 +6.216290705e+01 +7.5538e-01 -5.5675e-01
34 0 +2.572948547e+00 +1.264294855e+01 +1.264294855e+01 +8.5561e-01 -8.9280e-01
43 0 +9.005952885e-01 +1.097059529e+01 +1.097059529e+01 +1.0485e+00 -6.4761e-01
93 0 +9.618093673e-02 +1.016618094e+01 +1.016618094e+01 +9.8673e-01 -7.2698e-01
698 0 +9.283312094e-02 +1.016283312e+01 +1.016283312e+01 +9.6414e-01 -7.9470e-01
702 0 +8.482619225e-02 +1.015482619e+01 +1.015482619e+01 +9.1966e-01 -9.1317e-01
713 0 +8.131251012e-02 +1.015131251e+01 +1.015131251e+01 +9.2815e-01 -8.8940e-01
714 0 +7.794291085e-02 +1.014794291e+01 +1.014794291e+01 +9.0835e-01 -9.4069e-01
737 0 +7.748166201e-02 +1.014748166e+01 +1.014748166e+01 +9.0590e-01 -9.4692e-01
744 0 +7.398395225e-02 +1.014398395e+01 +1.014398395e+01 +9.3361e-01 -8.7118e-01
776 0 +7.194197979e-02 +1.014194198e+01 +1.014194198e+01 +9.1544e-01 -9.1982e-01
783 0 +7.066095161e-02 +1.014066095e+01 +1.014066095e+01 +9.0526e-01 -9.4627e-01
853 0 +6.851188033e-02 +1.013851188e+01 +1.013851188e+01 +9.1283e-01 -9.2534e-01
881 0 +6.721940567e-02 +1.013721941e+01 +1.013721941e+01 +9.0403e-01 -9.4820e-01
893 0 +6.484345208e-02 +1.013484345e+01 +1.013484345e+01 +9.1342e-01 -9.2199e-01
899 0 +6.456361144e-02 +1.013456361e+01 +1.013456361e+01 +9.1704e-01 -9.1187e-01
952 0 +6.290500089e-02 +1.013290500e+01 +1.013290500e+01 +9.0242e-01 -9.5062e-01
964 0 +6.129157226e-02 +1.013129157e+01 +1.013129157e+01 +8.9107e-01 -9.7975e-01
980 0 +5.739846489e-02 +1.012739846e+01 +1.012739846e+01 +8.8449e-01 -9.9523e-01
1001 0 +4.909244126e-02 +1.011909244e+01 +1.011909244e+01 +8.7104e-01 -1.0263e+00
1031 0 +4.814381582e-02 +1.011814382e+01 +1.011814382e+01 +8.7712e-01 -1.0100e+00
1035 0 +4.525995720e-02 +1.011525996e+01 +1.011525996e+01 +8.5183e-01 -1.0732e+00
1039 0 +4.119386999e-02 +1.011119387e+01 +1.011119387e+01 +8.3777e-01 -1.1063e+00
1050 0 +2.842220909e-02 +1.009842221e+01 +1.009842221e+01 +8.3430e-01 -1.1080e+00
1056 0 +2.487219098e-02 +1.009487219e+01 +1.009487219e+01 +8.0933e-01 -1.1677e+00
1060 0 +1.796196466e-02 +1.008796196e+01 +1.008796196e+01 +7.7371e-01 -1.2478e+00
1061 0 +1.356958914e-02 +1.008356959e+01 +1.008356959e+01 +7.7501e-01 -1.2420e+00
1066 0 +1.288290096e-02 +1.008288290e+01 +1.008288290e+01 +7.8262e-01 -1.2231e+00
1067 0 +5.517049666e-03 +1.007551705e+01 +1.007551705e+01 +7.0678e-01 -1.3877e+00
1135 0 +1.395862298e-03 +1.007139586e+01 +1.007139586e+01 +6.4894e-01 -1.4942e+00
1136 0 +1.006308374e-03 +1.007100631e+01 +1.007100631e+01 +7.0183e-01 -1.3892e+00
1213 0 +5.736367448e-04 +1.007057364e+01 +1.007057364e+01 +6.7298e-01 -1.4471e+00
1228 0 +2.239372326e-04 +1.007022394e+01 +1.007022394e+01 +6.8488e-01 -1.4243e+00
1233 0 +7.143457441e-05 +1.007007143e+01 +1.007007143e+01 +6.8210e-01 -1.4305e+00
1260 0 +4.269111404e-06 +1.007000427e+01 +1.007000427e+01 +6.7756e-01 -1.4401e+00
1313 0 +1.771142268e-06 +1.007000177e+01 +1.007000177e+01 +6.7792e-01 -1.4396e+00
1338 0 +1.324742872e-06 +1.007000132e+01 +1.007000132e+01 +6.7741e-01 -1.4407e+00
1339 0 +2.170317472e-07 +1.007000022e+01 +1.007000022e+01 +6.7722e-01 -1.4410e+00
1348 0 +1.725246879e-07 +1.007000017e+01 +1.007000017e+01 +6.7717e-01 -1.4410e+00
1376 0 +5.761912014e-08 +1.007000006e+01 +1.007000006e+01 +6.7673e-01 -1.4419e+00
1409 0 +5.506818113e-09 +1.007000001e+01 +1.007000001e+01 +6.7673e-01 -1.4419e+00
1779 0 +0.000000000e+00 +1.007000000e+01 +1.007000000e+01 +6.7680e-01 -1.4418e+00
% f evaluations | g evaluations | best noise-free fitness - Fopt (-7.540000000000e+00) + sum g_i+ | measured fitness | best measured fitness or single-digit g-values | x1 | x2...
1 0 +7.765892630e+02 +7.690492630e+02 +7.690492630e+02 +0.0000e+00 +0.0000e+00
2 0 +2.572412484e+02 +2.497012484e+02 +2.497012484e+02 +4.3379e-01 +3.0692e-02
10 0 +1.617561826e+02 +1.542161826e+02 +1.542161826e+02 +5.3630e-01 +1.4690e-01
18 0 +3.523723120e+01 +2.769723120e+01 +2.769723120e+01 +9.8724e-01 +1.2127e-01
23 0 +3.677005366e+00 -3.862994634e+00 -3.862994634e+00 +1.0660e+00 +4.9024e-01
27 0 +2.055886533e+00 -5.484113467e+00 -5.484113467e+00 +1.3382e+00 +3.4684e-01
35 0 +1.580719506e+00 -5.959280494e+00 -5.959280494e+00 +1.4095e+00 +3.4564e-01
37 0 +9.025541492e-01 -6.637445851e+00 -6.637445851e+00 +2.3622e+00 +9.5041e-01
39 0 +2.739447547e-01 -7.266055245e+00 -7.266055245e+00 +2.1042e+00 +6.6203e-01
56 0 +1.061530947e-01 -7.433846905e+00 -7.433846905e+00 +2.6459e+00 +1.6173e+00
534 0 +1.026587573e-01 -7.437341243e+00 -7.437341243e+00 +2.2538e+00 +8.6598e-01
579 0 +9.550919273e-02 -7.444490807e+00 -7.444490807e+00 +2.2439e+00 +8.5911e-01
591 0 +8.888458930e-02 -7.451115411e+00 -7.451115411e+00 +2.2675e+00 +9.0851e-01
597 0 +7.191868776e-02 -7.468081312e+00 -7.468081312e+00 +2.3006e+00 +9.3660e-01
609 0 +5.661911520e-02 -7.483380885e+00 -7.483380885e+00 +2.3144e+00 +9.6328e-01
625 0 +5.229547429e-02 -7.487704526e+00 -7.487704526e+00 +2.3237e+00 +9.7765e-01
629 0 +4.115417909e-02 -7.498845821e+00 -7.498845821e+00 +2.3541e+00 +1.0243e+00
632 0 +3.768412028e-02 -7.502315880e+00 -7.502315880e+00 +2.3815e+00 +1.0653e+00
651 0 +3.668414569e-02 -7.503315854e+00 -7.503315854e+00 +2.3655e+00 +1.0430e+00
652 0 +3.626935480e-02 -7.503730645e+00 -7.503730645e+00 +2.3629e+00 +1.0401e+00
653 0 +2.821556379e-02 -7.511784436e+00 -7.511784436e+00 +2.3810e+00 +1.0768e+00
660 0 +2.716146204e-02 -7.512838538e+00 -7.512838538e+00 +2.4077e+00 +1.1111e+00
662 0 +2.348140259e-02 -7.516518597e+00 -7.516518597e+00 +2.3946e+00 +1.0966e+00
667 0 +1.886533429e-02 -7.521134666e+00 -7.521134666e+00 +2.4347e+00 +1.1592e+00
670 0 +1.461641195e-02 -7.525383588e+00 -7.525383588e+00 +2.4426e+00 +1.1751e+00
721 0 +1.328761243e-02 -7.526712388e+00 -7.526712388e+00 +2.4456e+00 +1.1810e+00
723 0 +1.276875547e-02 -7.527231245e+00 -7.527231245e+00 +2.4762e+00 +1.2336e+00
729 0 +1.231617111e-02 -7.527683829e+00 -7.527683829e+00 +2.4538e+00 +1.1952e+00
731 0 +9.407345639e-03 -7.530592654e+00 -7.530592654e+00 +2.4652e+00 +1.2170e+00
747 0 +8.775284452e-03 -7.531224716e+00 -7.531224716e+00 +2.4548e+00 +1.2017e+00
750 0 +8.618174608e-03 -7.531381825e+00 -7.531381825e+00 +2.4739e+00 +1.2324e+00
752 0 +6.338814407e-03 -7.533661186e+00 -7.533661186e+00 +2.5020e+00 +1.2843e+00
755 0 +4.954730507e-03 -7.535045269e+00 -7.535045269e+00 +2.4786e+00 +1.2454e+00
770 0 +4.469425037e-03 -7.535530575e+00 -7.535530575e+00 +2.4817e+00 +1.2537e+00
778 0 +4.000018341e-03 -7.535999982e+00 -7.535999982e+00 +2.4846e+00 +1.2585e+00
782 0 +3.900617760e-03 -7.536099382e+00 -7.536099382e+00 +2.4884e+00 +1.2671e+00
795 0 +3.417387258e-03 -7.536582613e+00 -7.536582613e+00 +2.4961e+00 +1.2768e+00
796 0 +9.965111995e-04 -7.539003489e+00 -7.539003489e+00 +2.5165e+00 +1.3183e+00
812 0 +6.699956437e-04 -7.539330004e+00 -7.539330004e+00 +2.5245e+00 +1.3332e+00
872 0 +2.333961432e-04 -7.539766604e+00 -7.539766604e+00 +2.5352e+00 +1.3562e+00
884 0 +2.209164466e-04 -7.539779084e+00 -7.539779084e+00 +2.5352e+00 +1.3545e+00
890 0 +1.053744745e-04 -7.539894626e+00 -7.539894626e+00 +2.5459e+00 +1.3775e+00
911 0 +5.184688504e-05 -7.539948153e+00 -7.539948153e+00 +2.5500e+00 +1.3856e+00
922 0 +3.595598854e-05 -7.539964044e+00 -7.539964044e+00 +2.5442e+00 +1.3728e+00
923 0 +2.404633680e-05 -7.539975954e+00 -7.539975954e+00 +2.5461e+00 +1.3775e+00
925 0 +1.300843027e-05 -7.539986992e+00 -7.539986992e+00 +2.5445e+00 +1.3740e+00
926 0 +8.121118506e-06 -7.539991879e+00 -7.539991879e+00 +2.5448e+00 +1.3744e+00
947 0 +7.710394240e-06 -7.539992290e+00 -7.539992290e+00 +2.5495e+00 +1.3837e+00
953 0 +6.719804930e-06 -7.539993280e+00 -7.539993280e+00 +2.5453e+00 +1.3752e+00
998 0 +6.058381439e-06 -7.539993942e+00 -7.539993942e+00 +2.5463e+00 +1.3772e+00
1002 0 +5.648850231e-06 -7.539994351e+00 -7.539994351e+00 +2.5458e+00 +1.3762e+00
1003 0 +8.790242640e-07 -7.539999121e+00 -7.539999121e+00 +2.5484e+00 +1.3814e+00
1013 0 +2.064658577e-08 -7.539999979e+00 -7.539999979e+00 +2.5477e+00 +1.3802e+00
1095 0 +7.567384053e-09 -7.539999992e+00 -7.539999992e+00 +2.5476e+00 +1.3801e+00
1562 0 +0.000000000e+00 -7.540000000e+00 -7.540000000e+00 +2.5476e+00 +1.3800e+00
