% f evaluations | g evaluations | best noise-free fitness - Fopt (-4.620900000000e+02) + sum g_i+ | measured fitness | best measured fitness or single-digit g-values | x1 | x2...
1 0 +2.351050127e+02 -2.269849873e+02 -2.269849873e+02 +0.0000e+00 +0.0000e+00 +0.0000e+00 +0.0000e+00 +0.0000e+00 +0.0000e+00 +0.0000e+00 +0.0000e+00 +0.0000e+00 +0.0000e+00
3 0 +2.294220811e+02 -2.326679189e+02 -2.326679189e+02 +2.4817e-01 +6.3376e-02 -2.2359e-01 +8.0318e-02 +2.1275e-01 +5.3256e-02 -2.3477e-01 +7.8699e-02 +1.0710e-01 +2.4729e-01
6 0 +2.128641118e+02 -2.492258882e+02 -2.492258882e+02 +1.8723e-01 -2.5702e-01 +1.5212e-01 +1.5671e-02 +5.1476e-01 -6.3323e-02 +3.7553e-01 -3.4671e-01 +9.3874e-02 -2.1343e-01
14 0 +1.873984445e+02 -2.746915555e+02 -2.746915555e+02 +6.1709e-01 -3.5116e-01 +7.6679e-02 -4.2089e-01 -1.4078e-01 +7.0942e-02 +1.9594e-01 +2.7089e-01 +1.5536e-01 +1.2497e-01
60 0 +1.783666922e+02 -2.837233078e+02 -2.837233078e+02 +7.2220e-01 +1.7552e-01 -2.2744e-01 -1.3835e-01 +5.6426e-01 -4.8609e-02 +1.7236e-01 +2.0953e-01 +1.3788e+00 +6.0687e-01
74 0 +1.759572980e+02 -2.861327020e+02 -2.861327020e+02 +6.9401e-01 +4.0209e-01 +5.8608e-02 +8.8074e-02 +5.2449e-01 +5.8791e-01 -4.3583e-01 +5.6963e-01 +9.7971e-01 +9.9480e-01
93 0 +1.683334749e+02 -2.937565251e+02 -2.937565251e+02 +5.1424e-01 +3.0240e-01 -3.8029e-01 -1.3279e-01 +5.3990e-01 +2.7253e-01 +1.1125e-01 +6.5432e-01 +1.3489e+00 +6.9292e-01
97 0 +1.362588491e+02 -3.258311509e+02 -3.258311509e+02 +6.0846e-01 +3.1477e-01 -2.2724e-01 +6.1238e-03 +7.1507e-01 +5.3646e-01 +8.9522e-02 +5.7180e-01 +1.4604e+00 +6.9326e-01
128 0 +1.271904158e+02 -3.348995842e+02 -3.348995842e+02 +6.4551e-01 +4.7645e-01 -6.4368e-02 +6.5491e-02 +5.6729e-01 +1.2861e-01 +2.7681e-02 +1.1408e+00 +1.5140e+00 +6.4880e-01
243 0 +1.220908924e+02 -3.399991076e+02 -3.399991076e+02 +6.2333e-01 +4.5273e-01 -2.3695e-01 -4.0415e-02 +6.6898e-01 +2.5992e-02 +1.6637e-01 +5.9230e-01 +1.4011e+00 +5.0602e-01
305 0 +1.186873765e+02 -3.434026235e+02 -3.434026235e+02 +6.1318e-01 +6.5988e-01 -2.8963e-01 -4.3148e-02 +7.1672e-01 +2.3257e-02 +2.2506e-01 +6.0184e-01 +1.3789e+00 +4.2881e-01
331 0 +1.169350185e+02 -3.451549815e+02 -3.451549815e+02 +6.4458e-01 +7.1885e-01 -3.9227e-01 -3.9891e-03 +6.7887e-01 +8.1478e-02 +2.2640e-01 +5.3904e-01 +1.4609e+00 +4.4519e-01
413 0 +1.121657421e+02 -3.499242579e+02 -3.499242579e+02 +5.9451e-01 +5.5764e-01 -3.1055e-01 -1.7193e-02 +6.5941e-01 +1.1193e-01 +2.2753e-01 +5.9878e-01 +1.4337e+00 +3.9687e-01
432 0 +1.089283201e+02 -3.531616799e+02 -3.531616799e+02 +6.0318e-01 +5.2908e-01 -2.3859e-01 +6.1649e-03 +7.1014e-01 +7.4250e-02 +2.0214e-01 +5.6781e-01 +1.4657e+00 +3.9473e-01
474 0 +1.066900080e+02 -3.553999920e+02 -3.553999920e+02 +6.1420e-01 +6.1562e-01 -2.7414e-01 +1.4800e-02 +6.2271e-01 +6.0707e-02 +2.0980e-01 +6.0819e-01 +1.4826e+00 +4.1193e-01
517 0 +1.046343003e+02 -3.574556997e+02 -3.574556997e+02 +6.1730e-01 +5.8483e-01 -2.4127e-01 +1.4492e-03 +6.6404e-01 +6.9537e-02 +1.8542e-01 +6.0068e-01 +1.4621e+00 +3.8751e-01
570 0 +1.020605807e+02 -3.600294193e+02 -3.600294193e+02 +6.3178e-01 +6.0144e-01 -2.0321e-01 -5.6109e-03 +6.0726e-01 +5.9989e-02 +1.8876e-01 +6.0594e-01 +1.4557e+00 +3.9289e-01
789 0 +9.998459322e+01 -3.621054068e+02 -3.621054068e+02 +6.8868e-01 +6.4720e-01 -1.9070e-01 -2.1142e-02 +6.1817e-01 +8.1579e-02 +1.7702e-01 +5.9345e-01 +1.4549e+00 +4.1338e-01
% f evaluations | g evaluations | best noise-free fitness - Fopt (7.766000000000e+01) + sum g_i+ | measured fitness | best measured fitness or single-digit g-values | x1 | x2...
1 0 +5.704655230e+02 +6.481255230e+02 +6.481255230e+02 +0.0000e+00 +0.0000e+00 +0.0000e+00 +0.0000e+00 +0.0000e+00 +0.0000e+00 +0.0000e+00 +0.0000e+00 +0.0000e+00 +0.0000e+00
2 0 +4.894831556e+02 +5.671431556e+02 +5.671431556e+02 +4.3379e-01 +3.0692e-02 +9.8026e-02 +3.4094e-01 +2.4727e-01 +1.7369e-01 -1.1375e-01 -3.0566e-01 +1.1285e-01 -1.5359e-01
8 0 +4.012797403e+02 +4.789397403e+02 +4.789397403e+02 +6.0234e-01 +2.6527e-01 +2.8700e-01 -7.0577e-01 +5.2611e-01 +2.0125e-02 -3.9010e-01 +9.9670e-02 +3.8961e-01 -4.6269e-01
16 0 +3.876657714e+02 +4.653257714e+02 +4.653257714e+02 +6.1156e-01 +7.1236e-01 -5.5273e-02 +4.9669e-01 +1.9917e-02 +6.4490e-01 +3.7865e-01 -4.7682e-01 +4.5598e-01 -5.9367e-01
33 0 +3.001473530e+02 +3.778073530e+02 +3.778073530e+02 +3.6343e-01 +2.6569e-01 -4.5704e-01 -7.7629e-02 +1.2554e-01 +3.3357e-03 +4.6735e-01 -8.3594e-01 +5.3614e-01 -9.3351e-01
85 0 +2.216540645e+02 +2.993140645e+02 +2.993140645e+02 +1.5223e+00 -1.3833e-02 -1.8376e-01 +7.6028e-02 -8.0779e-01 +4.5122e-01 +7.0469e-01 -2.3699e-01 +5.5175e-01 -1.6392e+00
170 0 +1.971690864e+02 +2.748290864e+02 +2.748290864e+02 +3.0290e-01 +2.0303e-02 -5.7327e-01 -7.3526e-02 -3.0134e-01 +7.3031e-02 +6.2230e-01 -2.1462e-01 +6.6077e-01 -1.6438e+00
180 0 +1.788437683e+02 +2.565037683e+02 +2.565037683e+02 +3.3795e-01 +8.8268e-03 -5.5906e-01 -2.4235e-01 -1.1701e-01 +3.0448e-02 +8.8050e-01 -2.8245e-01 +5.4254e-01 -1.8882e+00
188 0 +1.717383290e+02 +2.493983290e+02 +2.493983290e+02 +7.1924e-01 +1.3250e-02 -3.4483e-01 -5.0212e-02 +8.6243e-02 -4.3101e-02 +7.6597e-01 -2.8085e-01 +5.0775e-01 -1.7978e+00
196 0 +1.363727799e+02 +2.140327799e+02 +2.140327799e+02 +3.6925e-01 +8.0107e-02 -3.6539e-01 -3.8799e-01 -3.4038e-01 -1.5185e-02 +7.9649e-01 -3.2534e-01 +1.0101e+00 -2.2427e+00
233 0 +1.241366202e+02 +2.017966202e+02 +2.017966202e+02 +1.1005e+00 +1.6717e-01 -6.4762e-01 -2.3851e-02 -6.8962e-01 -5.5363e-02 +9.8875e-01 -3.3325e-01 +1.0396e+00 -2.4883e+00
281 0 +1.212632037e+02 +1.989232037e+02 +1.989232037e+02 +5.3212e-01 +1.9666e-01 -5.6066e-01 -4.4522e-01 -3.4683e-01 -4.5516e-01 +1.0006e+00 -3.1862e-01 +6.5875e-01 -2.8837e+00
298 0 +1.125926991e+02 +1.902526991e+02 +1.902526991e+02 +6.9034e-01 -7.1714e-02 -4.3924e-01 -1.7772e-01 -5.9622e-01 -2.6668e-02 +1.0865e+00 -4.9502e-01 +1.3586e+00 -2.8757e+00
408 0 +8.787454031e+01 +1.655345403e+02 +1.655345403e+02 +5.6925e-01 -1.5016e-01 -1.1619e+00 -8.5138e-02 -6.5583e-01 -8.9726e-02 +1.7460e+00 -3.4385e-01 +9.5235e-01 -3.2258e+00
559 0 +8.200206475e+01 +1.596620648e+02 +1.596620648e+02 +3.9949e-01 -1.4567e-01 -1.1644e+00 -1.4516e-01 -6.7026e-01 -5.4034e-01 +1.8303e+00 -2.5972e-01 +7.8282e-01 -3.4260e+00
562 0 +7.547648513e+01 +1.531364851e+02 +1.531364851e+02 +5.1869e-01 +2.8358e-02 -1.1663e+00 -1.3450e-01 -6.2319e-01 -5.3888e-01 +1.7320e+00 -3.2656e-01 +8.4629e-01 -3.5190e+00
659 0 +7.229450926e+01 +1.499545093e+02 +1.499545093e+02 +4.6023e-01 +1.2165e-03 -1.2189e+00 -1.8062e-02 -6.4106e-01 -5.3591e-01 +1.8017e+00 -2.9333e-01 +5.1648e-01 -3.2998e+00
669 0 +6.913353893e+01 +1.467935389e+02 +1.467935389e+02 +5.3983e-01 -3.1711e-02 -1.2056e+00 -7.0842e-02 -7.0770e-01 -5.5940e-01 +1.8296e+00 -2.8136e-01 +6.3519e-01 -3.4297e+00
680 0 +6.442038295e+01 +1.420803830e+02 +1.420803830e+02 +4.6553e-01 -3.1331e-02 -1.2732e+00 -9.5910e-02 -6.9218e-01 -5.0953e-01 +1.8182e+00 -2.4652e-01 +5.1807e-01 -3.2480e+00
743 0 +6.096506522e+01 +1.386250652e+02 +1.386250652e+02 +4.1516e-01 -3.9460e-02 -1.2768e+00 -1.1842e-01 -6.7341e-01 -5.3573e-01 +1.8066e+00 -2.6649e-01 +5.3504e-01 -3.2319e+00
748 0 +5.889140062e+01 +1.365514006e+02 +1.365514006e+02 +4.4911e-01 -1.7672e-02 -1.2869e+00 -6.8666e-02 -6.5292e-01 -5.3008e-01 +1.8069e+00 -2.8277e-01 +5.7357e-01 -3.2605e+00
825 0 +5.877974416e+01 +1.364397442e+02 +1.364397442e+02 +4.6435e-01 -6.3500e-03 -1.2344e+00 -8.4090e-02 -6.5499e-01 -5.4461e-01 +1.7810e+00 -3.0333e-01 +5.6460e-01 -3.2286e+00
871 0 +5.693977123e+01 +1.345997712e+02 +1.345997712e+02 +4.6040e-01 +1.2278e-04 -1.2310e+00 -8.8129e-02 -6.6674e-01 -5.2602e-01 +1.7977e+00 -2.7588e-01 +5.9530e-01 -3.2367e+00
982 0 +5.617761633e+01 +1.338376163e+02 +1.338376163e+02 +4.6592e-01 +1.3202e-02 -1.2507e+00 -8.5459e-02 -6.6694e-01 -5.4311e-01 +1.8018e+00 -2.9129e-01 +5.9035e-01 -3.2449e+00
1086 0 +5.494838738e+01 +1.326083874e+02 +1.326083874e+02 +4.6980e-01 +5.9033e-02 -1.2444e+00 -7.7204e-02 -6.6853e-01 -5.5957e-01 +1.8006e+00 -2.7225e-01 +5.8876e-01 -3.2266e+00
% f evaluations | g evaluations | best noise-free fitness - Fopt (1.156800000000e+02) + sum g_i+ | measured fitness | best measured fitness or single-digit g-values | x1 | x2...
1 0 +7.651383853e+02 +8.808183853e+02 +8.808183853e+02 +0.0000e+00 +0.0000e+00 +0.0000e+00 +0.0000e+00 +0.0000e+00 +0.0000e+00 +0.0000e+00 +0.0000e+00 +0.0000e+00 +0.0000e+00
2 0 +7.384821479e+02 +8.541621479e+02 +8.541621479e+02 +4.3379e-01 +3.0692e-02 +9.8026e-02 +3.4094e-01 +2.4727e-01 +1.7369e-01 -1.1375e-01 -3.0566e-01 +1.1285e-01 -1.5359e-01
10 0 +5.765519212e+02 +6.922319212e+02 +6.922319212e+02 +3.2216e-01 -3.3442e-01 +1.9285e-01 -3.1559e-01 -1.5896e-01 +1.8278e-01 -2.1053e-01 +1.4883e-01 -4.2076e-01 -2.0280e-01
20 0 +5.484570633e+02 +6.641370633e+02 +6.641370633e+02 +5.8161e-01 +4.3134e-01 -1.8141e-02 +4.2114e-01 +8.5427e-02 +3.1224e-01 -5.3394e-01 -2.1316e-01 -6.1979e-01 -4.2786e-01
47 0 +5.199137304e+02 +6.355937304e+02 +6.355937304e+02 +9.7616e-01 -1.9997e-01 -2.9301e-02 -2.1245e-01 -6.6304e-01 -2.1819e-01 -1.2510e-01 -2.0417e-01 -8.9980e-01 +8.9672e-02
62 0 +4.888249590e+02 +6.045049590e+02 +6.045049590e+02 +1.3385e+00 -6.5196e-02 -6.0867e-01 +3.8564e-01 -1.2713e+00 +4.5169e-02 +1.5131e-01 -4.3687e-01 -1.5646e+00 +3.0962e-03
80 0 +4.724732634e+02 +5.881532634e+02 +5.881532634e+02 +1.5061e+00 +2.4477e-01 -8.1006e-01 +3.9574e-01 -5.6728e-01 -1.6139e-01 -6.0602e-01 +8.2330e-01 -1.3512e+00 +2.6059e-01
85 0 +4.493635953e+02 +5.650435953e+02 +5.650435953e+02 +1.4294e+00 -9.2745e-02 -3.5040e-01 +1.5232e-01 -1.0619e+00 -9.6782e-03 -9.8211e-03 -1.3114e-01 -1.3355e+00 -4.3205e-01
113 0 +4.361337704e+02 +5.518137704e+02 +5.518137704e+02 +1.6240e+00 +2.4523e-01 -2.9383e-01 +3.1666e-01 -7.7628e-01 -3.3839e-01 -5.8686e-01 -3.6518e-01 -1.9606e+00 +1.0509e-01
117 0 +4.188267570e+02 +5.345067570e+02 +5.345067570e+02 +1.6979e+00 -2.5751e-01 -3.2568e-01 +3.6424e-01 -9.8939e-01 +3.6745e-02 -1.3029e+00 +2.4590e-01 -1.9008e+00 +3.6730e-01
122 0 +3.995005410e+02 +5.151805410e+02 +5.151805410e+02 +1.0074e+00 -4.1660e-01 -2.6131e-01 +2.1802e-01 -1.1129e+00 -2.2735e-01 -7.4870e-01 +2.0009e-01 -1.6563e+00 +8.0100e-02
130 0 +3.952775669e+02 +5.109575669e+02 +5.109575669e+02 +1.9430e+00 +2.0307e-01 -6.9171e-01 +1.1384e-01 -1.2057e+00 -1.9334e-01 -6.2477e-01 -3.2117e-01 -2.6421e+00 +3.0287e-01
139 0 +3.813988936e+02 +4.970788936e+02 +4.970788936e+02 +1.5748e+00 -2.9766e-01 -5.9220e-01 +3.7500e-01 -1.0178e+00 -5.2487e-01 -9.4117e-01 -3.1443e-01 -2.5614e+00 +1.6871e-01
143 0 +3.739139788e+02 +4.895939788e+02 +4.895939788e+02 +1.3240e+00 -7.5049e-03 -4.6892e-01 +3.5339e-01 -3.6248e-01 -1.5809e-01 -9.4559e-01 -2.0315e-01 -2.0792e+00 -9.8725e-02
144 0 +3.706117738e+02 +4.862917738e+02 +4.862917738e+02 +1.2057e+00 -1.9972e-01 -5.0552e-01 +1.6814e-01 -8.9593e-01 -5.2834e-02 -1.1111e+00 -1.1371e-01 -2.5607e+00 +1.7941e-01
153 0 +3.488952084e+02 +4.645752084e+02 +4.645752084e+02 +1.0190e+00 +1.6974e-01 -3.6234e-01 +3.4485e-01 -3.7309e-01 -3.8414e-02 -1.0402e+00 -5.2387e-01 -2.1292e+00 -4.5788e-01
159 0 +3.248190509e+02 +4.404990509e+02 +4.404990509e+02 +1.0994e+00 -3.6452e-01 -7.4269e-01 +1.9630e-01 -5.7382e-01 -2.1330e-01 -5.2027e-01 -1.4313e-01 -2.1731e+00 -1.5125e-01
170 0 +3.169181226e+02 +4.325981226e+02 +4.325981226e+02 +9.9050e-01 -7.5323e-02 -6.5612e-01 +3.6398e-01 -3.3508e-01 -2.5984e-01 -1.0630e+00 -1.8929e-01 -1.8519e+00 -6.8686e-01
176 0 +2.768757078e+02 +3.925557078e+02 +3.925557078e+02 +1.5008e+00 -2.5285e-01 -5.5391e-01 +2.6380e-01 -6.6433e-01 -1.4710e-01 -1.6578e+00 -1.4807e-01 -2.8434e+00 -3.8313e-01
198 0 +2.581904308e+02 +3.738704308e+02 +3.738704308e+02 +1.4400e+00 -3.4470e-01 -5.0955e-01 -1.3772e-01 -5.4578e-01 -6.3078e-01 -1.5252e+00 -1.6270e-01 -3.1520e+00 -3.6488e-01
205 0 +2.554240227e+02 +3.711040227e+02 +3.711040227e+02 +2.3521e+00 -3.0719e-01 -6.4475e-01 +3.3655e-01 -8.6329e-01 -6.5415e-01 -1.5265e+00 +2.2689e-01 -2.8660e+00 -4.5373e-01
231 0 +2.474645078e+02 +3.631445078e+02 +3.631445078e+02 +2.0547e+00 -2.7638e-01 -6.4144e-01 +2.9269e-01 -8.7176e-01 -8.6107e-01 -1.7644e+00 -5.1004e-01 -3.0873e+00 -4.5314e-01
233 0 +2.454118038e+02 +3.610918038e+02 +3.610918038e+02 +1.9363e+00 -3.6628e-01 -7.0746e-01 +1.8846e-01 -9.4303e-01 -8.0028e-01 -1.5219e+00 -6.8323e-02 -3.2267e+00 -5.6771e-01
243 0 +2.134934517e+02 +3.291734517e+02 +3.291734517e+02 +1.8007e+00 -1.0376e+00 -4.7684e-01 -1.1253e-02 -1.5486e+00 -1.0207e+00 -1.6783e+00 -1.8569e-01 -3.1515e+00 -6.1317e-01
255 0 +1.869076447e+02 +3.025876447e+02 +3.025876447e+02 +1.6457e+00 -6.6905e-01 -6.4152e-01 +2.6020e-01 -8.9670e-01 -1.0882e+00 -1.7531e+00 +4.7599e-01 -3.9139e+00 -1.2461e+00
291 0 +1.850211759e+02 +3.007011759e+02 +3.007011759e+02 +1.8658e+00 -1.0372e+00 -5.5548e-01 -3.8832e-01 -1.3135e+00 -1.2578e+00 -2.1903e+00 +2.0852e-01 -3.9055e+00 -5.1343e-01
367 0 +1.651888822e+02 +2.808688822e+02 +2.808688822e+02 +1.7792e+00 -7.9928e-01 -1.2385e+00 +3.2195e-01 -1.4677e+00 -1.0215e+00 -2.1343e+00 +2.8800e-01 -4.6352e+00 -8.3017e-01
430 0 +1.574589612e+02 +2.731389612e+02 +2.731389612e+02 +1.7797e+00 -9.5563e-01 -1.0282e+00 +2.4828e-01 -1.6741e+00 -1.2466e+00 -1.7768e+00 +4.3653e-01 -4.1967e+00 -1.3061e+00
464 0 +1.540716624e+02 +2.697516624e+02 +2.697516624e+02 +2.0206e+00 -1.1571e+00 -1.3104e+00 +2.9370e-01 -1.7586e+00 -1.3535e+00 -1.9836e+00 +9.5577e-01 -4.2389e+00 -1.5274e+00
474 0 +1.446196456e+02 +2.602996456e+02 +2.602996456e+02 +1.8266e+00 -9.4190e-01 -9.6208e-01 +4.2491e-01 -2.0313e+00 -1.4996e+00 -1.7779e+00 +8.8878e-01 -3.9481e+00 -1.2534e+00
503 0 +1.337040507e+02 +2.493840507e+02 +2.493840507e+02 +1.9503e+00 -1.0749e+00 -1.0677e+00 +3.3523e-01 -1.7672e+00 -1.7676e+00 -2.0205e+00 +1.1439e+00 -4.2254e+00 -1.4715e+00
518 0 +1.271204158e+02 +2.428004158e+02 +2.428004158e+02 +1.8955e+00 -1.0323e+00 -1.1463e+00 +1.9280e-01 -2.2359e+00 -1.7541e+00 -2.1055e+00 +1.1291e+00 -4.7149e+00 -1.5421e+00
569 0 +1.164288862e+02 +2.321088862e+02 +2.321088862e+02 +1.5528e+00 -9.6587e-01 -9.9229e-01 +4.2111e-01 -2.2796e+00 -2.2042e+00 -2.3581e+00 +1.8963e+00 -4.6885e+00 -1.9999e+00
583 0 +1.128895889e+02 +2.285695889e+02 +2.285695889e+02 +1.8183e+00 -8.9033e-01 -1.1444e+00 +4.7545e-01 -1.8543e+00 -1.5667e+00 -2.1129e+00 +1.2499e+00 -4.7262e+00 -1.5696e+00
590 0 +1.102202970e+02 +2.259002970e+02 +2.259002970e+02 +1.8512e+00 -9.1730e-01 -1.1050e+00 +3.4473e-01 -1.9208e+00 -1.7844e+00 -2.1848e+00 +1.2233e+00 -4.9772e+00 -1.5950e+00
614 0 +1.047386063e+02 +2.204186063e+02 +2.204186063e+02 +1.7936e+00 -1.0065e+00 -1.1292e+00 +3.2362e-01 -1.8761e+00 -1.6002e+00 -2.2806e+00 +1.4717e+00 -4.6670e+00 -1.7547e+00
645 0 +9.498185614e+01 +2.106618561e+02 +2.106618561e+02 +1.9355e+00 -1.0165e+00 -1.1324e+00 +4.0772e-01 -1.8344e+00 -1.6773e+00 -2.3291e+00 +1.4894e+00 -4.6539e+00 -1.8665e+00
680 0 +8.642770951e+01 +2.021077095e+02 +2.021077095e+02 +1.8640e+00 -8.7607e-01 -1.2031e+00 +2.6482e-01 -1.8731e+00 -1.6503e+00 -2.2926e+00 +1.4667e+00 -4.7041e+00 -1.5835e+00
722 0 +8.501025934e+01 +2.006902593e+02 +2.006902593e+02 +1.8399e+00 -9.6607e-01 -1.1897e+00 +2.9723e-01 -1.8015e+00 -1.5891e+00 -2.2971e+00 +1.4594e+00 -4.7410e+00 -1.6527e+00
877 0 +8.099285537e+01 +1.966728554e+02 +1.966728554e+02 +1.8208e+00 -9.9651e-01 -1.2479e+00 +2.8499e-01 -1.8457e+00 -1.6656e+00 -2.3612e+00 +1.5071e+00 -4.6521e+00 -1.5674e+00
926 0 +7.899667581e+01 +1.946766758e+02 +1.946766758e+02 +1.8132e+00 -9.6288e-01 -1.2549e+00 +2.9348e-01 -1.8312e+00 -1.6649e+00 -2.3678e+00 +1.4577e+00 -4.7066e+00 -1.6025e+00
969 0 +7.713122411e+01 +1.928112241e+02 +1.928112241e+02 +1.8431e+00 -9.7411e-01 -1.2256e+00 +2.9208e-01 -1.8313e+00 -1.6583e+00 -2.3485e+00 +1.4599e+00 -4.6957e+00 -1.5978e+00
1089 0 +7.519362618e+01 +1.908736262e+02 +1.908736262e+02 +1.8019e+00 -9.7943e-01 -1.2277e+00 +3.0682e-01 -1.8232e+00 -1.6756e+00 -2.3589e+00 +1.4991e+00 -4.7207e+00 -1.5952e+00
1167 0 +7.379082704e+01 +1.894708270e+02 +1.894708270e+02 +1.7977e+00 -1.0104e+00 -1.2135e+00 +3.0135e-01 -1.8129e+00 -1.6784e+00 -2.3490e+00 +1.4923e+00 -4.7026e+00 -1.5861e+00
1500 0 +7.243088121e+01 +1.881108812e+02 +1.881108812e+02 +1.8043e+00 -9.8730e-01 -1.2003e+00 +2.8916e-01 -1.7963e+00 -1.6511e+00 -2.3513e+00 +1.4917e+00 -4.7049e+00 -1.5840e+00
% f evaluations | g evaluations | best noise-free fitness - Fopt (-3.710000000000e+00) + sum g_i+ | measured fitness | best measured fitness or single-digit g-values | x1 | x2...
1 0 +3.211002619e+02 +3.173902619e+02 +3.173902619e+02 +0.0000e+00 +0.0000e+00 +0.0000e+00 +0.0000e+00 +0.0000e+00 +0.0000e+00 +0.0000e+00 +0.0000e+00 +0.0000e+00 +0.0000e+00
12 0 +2.625678243e+02 +2.588578243e+02 +2.588578243e+02 +1.9475e-01 -2.3121e-02 +2.9955e-01 +9.2698e-02 -1.8232e-01 -6.1134e-02 -2.2313e-01 -5.4534e-01 -5.5981e-01 +4.9638e-01
25 0 +2.385959444e+02 +2.348859444e+02 +2.348859444e+02 +4.3729e-02 -8.2687e-03 -3.8049e-01 -7.5254e-02 -3.7430e-02 +3.3949e-01 +2.8298e-02 -2.9877e-01 -8.8931e-01 +4.4497e-01
54 0 +2.159704989e+02 +2.122604989e+02 +2.122604989e+02 +1.1794e+00 -3.2619e-01 -1.7740e-01 +2.2480e-01 +1.0889e-02 +4.7235e-01 -3.0307e-01 -4.9338e-01 -9.8189e-01 +5.9282e-01
71 0 +2.000309308e+02 +1.963209308e+02 +1.963209308e+02 +8.5034e-01 +3.0508e-01 -5.4469e-01 +5.4162e-01 -1.3023e-01 +4.6406e-01 -2.5476e-01 -5.4031e-01 -1.3272e+00 +7.6419e-01
117 0 +1.896367366e+02 +1.859267366e+02 +1.859267366e+02 +1.0120e+00 +2.4670e-01 -5.8580e-01 +4.9425e-01 -4.5005e-01 +6.0693e-01 -4.4766e-01 -5.8750e-01 -1.1049e+00 +1.0592e+00
141 0 +1.780271934e+02 +1.743171934e+02 +1.743171934e+02 +1.0921e+00 +2.5345e-01 -6.5282e-01 +5.0602e-01 -3.2667e-01 +5.9896e-01 -1.7125e-01 -1.1701e+00 -1.2876e+00 +9.9241e-01
190 0 +1.776498347e+02 +1.739398347e+02 +1.739398347e+02 +7.5499e-01 +1.0658e-01 -2.9537e-01 +5.7335e-01 +1.2733e-02 +8.2718e-01 -3.2919e-01 -1.5389e+00 -1.7661e+00 +1.2372e+00
202 0 +1.656342263e+02 +1.619242263e+02 +1.619242263e+02 +1.2086e+00 +1.0313e-01 -4.3540e-01 +3.8610e-01 +2.6373e-01 +5.5248e-01 -3.4475e-01 -1.5475e+00 -1.4259e+00 +9.4091e-01
244 0 +1.579623048e+02 +1.542523048e+02 +1.542523048e+02 +1.1776e+00 +8.1212e-02 -5.8265e-01 +5.8628e-01 +5.9013e-02 +4.0288e-01 -5.3473e-01 -1.7980e+00 -1.8861e+00 +1.0257e+00
254 0 +1.510265203e+02 +1.473165203e+02 +1.473165203e+02 +1.1366e+00 +1.6531e-01 -4.9458e-01 +4.1848e-01 +4.0716e-02 +3.6059e-01 -1.9660e-01 -1.9217e+00 -1.6220e+00 +1.1095e+00
276 0 +1.431801191e+02 +1.394701191e+02 +1.394701191e+02 +1.2128e+00 +1.9383e-01 -5.9760e-01 +4.0359e-01 +1.2211e-01 +4.8907e-01 -3.4399e-01 -1.8047e+00 -1.5750e+00 +1.0740e+00
286 0 +1.374281063e+02 +1.337181063e+02 +1.337181063e+02 +1.2393e+00 +2.7237e-02 -4.7915e-01 +4.2777e-01 +1.3292e-01 +4.5378e-01 -2.6846e-01 -1.8680e+00 -1.6545e+00 +1.0605e+00
348 0 +1.331666440e+02 +1.294566440e+02 +1.294566440e+02 +1.1464e+00 +1.7061e-01 -6.0753e-01 +4.6362e-01 +1.0657e-01 +5.0771e-01 -1.3332e-01 -2.0273e+00 -1.9042e+00 +9.8458e-01
377 0 +1.264820412e+02 +1.227720412e+02 +1.227720412e+02 +1.2958e+00 +4.9681e-02 -5.9576e-01 +5.0220e-01 +1.3549e-01 +5.7874e-01 -2.5569e-01 -1.9316e+00 -1.9252e+00 +1.0689e+00
394 0 +1.186931069e+02 +1.149831069e+02 +1.149831069e+02 +1.2570e+00 +6.8719e-02 -6.7107e-01 +5.0324e-01 +7.3924e-02 +5.2545e-01 -2.8931e-01 -2.0235e+00 -1.9103e+00 +9.9119e-01
439 0 +1.147525421e+02 +1.110425421e+02 +1.110425421e+02 +1.2226e+00 +1.6328e-01 -6.0371e-01 +5.2387e-01 +1.4154e-01 +4.7867e-01 -2.6359e-01 -1.9893e+00 -1.9017e+00 +1.0054e+00
555 0 +1.118394105e+02 +1.081294105e+02 +1.081294105e+02 +1.2076e+00 +6.5670e-02 -5.6156e-01 +4.9530e-01 +1.0400e-01 +4.7669e-01 -2.9609e-01 -1.9699e+00 -1.9236e+00 +1.0267e+00
% f evaluations | g evaluations | best noise-free fitness - Fopt (1.321800000000e+02) + sum g_i+ | measured fitness | best measured fitness or single-digit g-values | x1 | x2...
1 0 +2.126387241e+02 +3.448187241e+02 +3.448187241e+02 +0.0000e+00 +0.0000e+00 +0.0000e+00 +0.0000e+00 +0.0000e+00 +0.0000e+00 +0.0000e+00 +0.0000e+00 +0.0000e+00 +0.0000e+00
3 0 +2.014583211e+02 +3.336383211e+02 +3.336383211e+02 +2.4817e-01 +6.3376e-02 -2.2359e-01 +8.0318e-02 +2.1275e-01 +5.3256e-02 -2.3477e-01 +7.8699e-02 +1.0710e-01 +2.4729e-01
6 0 +1.974559361e+02 +3.296359361e+02 +3.296359361e+02 +1.8723e-01 -2.5702e-01 +1.5212e-01 +1.5671e-02 +5.1476e-01 -6.3323e-02 +3.7553e-01 -3.4671e-01 +9.3874e-02 -2.1343e-01
10 0 +1.908485604e+02 +3.230285604e+02 +3.230285604e+02 +3.2216e-01 -3.3442e-01 +1.9285e-01 -3.1559e-01 -1.5896e-01 +1.8278e-01 -2.1053e-01 +1.4883e-01 -4.2076e-01 -2.0280e-01
35 0 +1.525738393e+02 +2.847538393e+02 +2.847538393e+02 +1.7831e-01 -7.0355e-02 -2.6137e-01 -6.8228e-03 -5.7817e-02 +2.1696e-01 -3.8999e-01 +1.4045e-01 +2.2400e-01 +3.6947e-01
42 0 +1.428467303e+02 +2.750267303e+02 +2.750267303e+02 +3.6175e-01 -2.5881e-01 +1.9017e-01 -1.6356e-01 -3.6520e-01 +3.3918e-01 -5.3214e-01 +2.7876e-02 +6.0126e-01 +1.5610e-01
58 0 +1.206041105e+02 +2.527841105e+02 +2.527841105e+02 +1.1614e-01 -3.6939e-01 -3.3065e-01 +3.1988e-02 -4.2202e-01 +5.5713e-01 -1.3621e+00 -1.9979e-01 +6.0939e-01 +8.0733e-01
219 0 +1.156639853e+02 +2.478439853e+02 +2.478439853e+02 +2.9843e-01 -6.2307e-02 -2.4017e-01 -1.0112e+00 -3.4049e-01 -7.1181e-02 -1.0696e+00 -2.4700e-01 +1.3528e+00 +7.3460e-01
237 0 +1.127128242e+02 +2.448928242e+02 +2.448928242e+02 +1.9184e-01 -1.6132e-01 -3.6454e-01 -1.0346e+00 -4.3141e-01 -1.0987e-01 -1.0272e+00 -2.6750e-01 +1.2829e+00 +7.3668e-01
323 0 +1.100702728e+02 +2.422502728e+02 +2.422502728e+02 +1.9352e-01 -2.0769e-01 -5.3150e-01 -1.0647e+00 -6.8346e-01 -5.7705e-02 -9.2476e-01 -3.0519e-01 +8.9255e-01 +9.6629e-01
330 0 +1.052094493e+02 +2.373894493e+02 +2.373894493e+02 +1.4331e-01 -9.4833e-02 -4.6736e-01 -1.1702e+00 -5.5670e-01 -1.5947e-04 -1.0900e+00 -3.3404e-01 +9.4116e-01 +1.0045e+00
387 0 +9.514904359e+01 +2.273290436e+02 +2.273290436e+02 +2.4830e-01 -2.4752e-01 -5.6090e-01 -1.2291e+00 -6.8673e-01 -4.1941e-02 -9.6137e-01 -2.9010e-01 +9.9533e-01 +1.0441e+00
404 0 +9.065374179e+01 +2.228337418e+02 +2.228337418e+02 +3.0105e-01 -2.0985e-01 -4.6627e-01 -1.0757e+00 -7.0372e-01 -4.5214e-02 -1.0009e+00 -3.4764e-01 +9.4078e-01 +1.0351e+00
450 0 +8.739778917e+01 +2.195777892e+02 +2.195777892e+02 +2.7156e-01 -2.3665e-01 -4.6620e-01 -1.1071e+00 -6.9104e-01 -3.6654e-02 -9.6146e-01 -3.1653e-01 +9.3638e-01 +1.0145e+00
459 0 +8.503529073e+01 +2.172152907e+02 +2.172152907e+02 +2.2075e-01 -2.0689e-01 -4.5874e-01 -1.1136e+00 -6.8335e-01 -4.8526e-02 -9.7530e-01 -2.8797e-01 +9.3151e-01 +1.0105e+00
508 0 +8.305485327e+01 +2.152348533e+02 +2.152348533e+02 +2.0753e-01 -2.6088e-01 -4.6042e-01 -1.1456e+00 -6.9899e-01 -6.0292e-02 -1.0238e+00 -3.1448e-01 +9.2952e-01 +1.0496e+00
522 0 +7.929115173e+01 +2.114711517e+02 +2.114711517e+02 +2.4205e-01 -2.5035e-01 -4.5197e-01 -1.1853e+00 -7.0030e-01 -4.9350e-02 -1.0550e+00 -3.1784e-01 +9.5683e-01 +1.0276e+00
545 0 +7.658375233e+01 +2.087637523e+02 +2.087637523e+02 +1.9797e-01 -2.4135e-01 -4.1095e-01 -1.1857e+00 -7.1429e-01 -3.6406e-02 -1.0488e+00 -3.0113e-01 +9.4344e-01 +1.0222e+00
614 0 +7.530449638e+01 +2.074844964e+02 +2.074844964e+02 +2.2206e-01 -1.9950e-01 -3.9936e-01 -1.1464e+00 -6.9560e-01 -4.0153e-02 -1.0532e+00 -2.9831e-01 +9.1365e-01 +1.0352e+00
739 0 +7.378860491e+01 +2.059686049e+02 +2.059686049e+02 +2.1090e-01 -1.9527e-01 -3.8617e-01 -1.1716e+00 -6.9120e-01 -3.3611e-02 -1.0707e+00 -2.8775e-01 +9.3001e-01 +1.0336e+00
% f evaluations | g evaluations | best noise-free fitness - Fopt (-3.930000000000e+01) + sum g_i+ | measured fitness | best measured fitness or single-digit g-values | x1 | x2...
1 0 +5.317474414e+02 +4.924474414e+02 +4.924474414e+02 +0.0000e+00 +0.0000e+00 +0.0000e+00 +0.0000e+00 +0.0000e+00 +0.0000e+00 +0.0000e+00 +0.0000e+00 +0.0000e+00 +0.0000e+00
2 0 +4.938837050e+02 +4.545837050e+02 +4.545837050e+02 +4.3379e-01 +3.0692e-02 +9.8026e-02 +3.4094e-01 +2.4727e-01 +1.7369e-01 -1.1375e-01 -3.0566e-01 +1.1285e-01 -1.5359e-01
6 0 +4.631545841e+02 +4.238545841e+02 +4.238545841e+02 +1.8723e-01 -2.5702e-01 +1.5212e-01 +1.5671e-02 +5.1476e-01 -6.3323e-02 +3.7553e-01 -3.4671e-01 +9.3874e-02 -2.1343e-01
16 0 +4.436879808e+02 +4.043879808e+02 +4.043879808e+02 +7.2719e-01 +5.8972e-01 +4.8107e-02 +4.4146e-01 +3.2311e-02 +6.4926e-01 +3.1754e-01 -2.9878e-01 +3.2272e-01 -5.8705e-01
33 0 +4.238623516e+02 +3.845623516e+02 +3.845623516e+02 +3.7871e-01 +2.5036e-01 -3.7450e-01 -1.5569e-01 +2.3285e-01 -5.8042e-02 +5.5334e-01 -7.0196e-01 +4.0214e-01 -9.2181e-01
44 0 +4.030767357e+02 +3.637767357e+02 +3.637767357e+02 +5.0134e-01 -1.8005e-01 +1.4113e-01 -1.3533e-01 +2.3190e-01 +6.3135e-02 +1.3207e-01 +2.1841e-02 +4.2351e-01 -5.0036e-01
59 0 +3.933764180e+02 +3.540764180e+02 +3.540764180e+02 +3.6066e-01 -4.8922e-01 -2.1140e-02 -1.1458e-01 +1.7251e-01 +3.6419e-01 +2.7410e-01 -1.4315e-01 +8.1651e-01 -8.3829e-01
85 0 +3.423607139e+02 +3.030607139e+02 +3.030607139e+02 +8.5359e-01 -7.6251e-02 -1.5524e-01 -2.5114e-01 -1.3305e-01 +1.5696e-01 +6.0856e-01 -2.3211e-01 +7.7091e-01 -1.2587e+00
106 0 +3.349558582e+02 +2.956558582e+02 +2.956558582e+02 +4.1072e-01 -2.3983e-01 -3.3407e-01 -4.1989e-01 +1.1677e-01 -4.5072e-02 +8.7334e-01 -2.4043e-02 +1.4033e+00 -1.1311e+00
112 0 +3.281983286e+02 +2.888983286e+02 +2.888983286e+02 +4.1797e-01 +1.7634e-01 -3.7116e-01 -3.4032e-01 +2.6968e-01 -1.6156e-01 +6.8473e-01 -3.9074e-01 +1.4542e+00 -1.2778e+00
131 0 +2.924399061e+02 +2.531399061e+02 +2.531399061e+02 +1.7162e-01 -3.0737e-01 +6.0296e-02 -4.8287e-01 +1.3489e-01 -3.6614e-01 +9.9852e-01 -1.2815e-01 +1.1030e+00 -1.3593e+00
142 0 +2.476003464e+02 +2.083003464e+02 +2.083003464e+02 -2.3284e-01 -2.8027e-01 +1.0085e-01 -1.8585e-01 +2.7118e-01 -6.9563e-01 +1.5206e+00 -8.2168e-02 +1.1378e+00 -1.4759e+00
156 0 +2.286098893e+02 +1.893098893e+02 +1.893098893e+02 +1.2882e-01 -2.4815e-01 -1.1271e-01 -6.6131e-01 +3.0583e-01 -6.3462e-01 +1.5115e+00 +3.3915e-01 +1.7595e+00 -1.6571e+00
166 0 +2.010808184e+02 +1.617808184e+02 +1.617808184e+02 +1.6265e-01 -6.3779e-02 -1.4662e-01 -2.5446e-01 +4.7270e-01 -1.0108e+00 +1.1610e+00 -4.5319e-01 +1.4967e+00 -1.9937e+00
180 0 +1.745330793e+02 +1.352330793e+02 +1.352330793e+02 -5.0653e-01 -5.7454e-01 -1.6191e-01 -7.2218e-01 +9.1511e-01 -1.0227e+00 +1.5535e+00 -3.0987e-01 +1.8394e+00 -2.8309e+00
196 0 +1.723185885e+02 +1.330185885e+02 +1.330185885e+02 -5.5025e-01 -4.9388e-01 +2.5931e-02 -8.5579e-01 +4.6962e-01 -1.0999e+00 +1.7535e+00 -3.5429e-01 +2.3953e+00 -2.8155e+00
206 0 +1.470874911e+02 +1.077874911e+02 +1.077874911e+02 -4.5801e-01 -2.7112e-01 +1.6595e-01 -7.1375e-01 +9.3005e-01 -1.4084e+00 +2.1843e+00 -3.6799e-01 +2.2782e+00 -2.9728e+00
282 0 +1.429527027e+02 +1.036527027e+02 +1.036527027e+02 +1.3976e-01 -4.7966e-01 -9.1096e-02 -6.5421e-01 +5.4099e-01 -1.0377e+00 +1.8105e+00 -2.1303e-02 +1.8471e+00 -2.7601e+00
373 0 +1.352311893e+02 +9.593118931e+01 +9.593118931e+01 -5.9984e-01 -5.6204e-01 -1.8207e-01 -5.7873e-02 +3.7486e-01 -5.8729e-01 +2.9368e+00 -1.0615e-01 +1.4825e+00 -2.7638e+00
402 0 +1.094915926e+02 +7.019159261e+01 +7.019159261e+01 -5.9508e-01 -5.3703e-01 -2.0644e-01 -1.5423e-02 +3.1562e-01 -8.5832e-01 +2.5673e+00 +5.6394e-02 +1.4727e+00 -2.6511e+00
457 0 +1.058399063e+02 +6.653990625e+01 +6.653990625e+01 -4.1865e-01 -2.8885e-01 -1.9437e-01 +4.3331e-01 +4.2811e-01 -8.9182e-01 +2.9664e+00 +5.3129e-02 +1.5163e+00 -3.0811e+00
596 0 +9.461147707e+01 +5.531147707e+01 +5.531147707e+01 -5.6909e-01 -3.9504e-01 -9.1979e-02 +8.7052e-02 +2.8788e-01 -9.2747e-01 +3.0945e+00 +6.0778e-02 +1.8233e+00 -3.0910e+00
638 0 +8.980153860e+01 +5.050153860e+01 +5.050153860e+01 -5.3171e-01 -3.5772e-01 -4.4400e-02 +7.2778e-02 +4.2273e-01 -9.3229e-01 +3.1034e+00 +9.7203e-02 +1.7702e+00 -3.0604e+00
694 0 +8.773847148e+01 +4.843847148e+01 +4.843847148e+01 -5.7910e-01 -3.1420e-01 -3.2198e-02 -8.6936e-03 +4.2021e-01 -9.6605e-01 +3.0690e+00 +1.3832e-01 +1.7701e+00 -3.0333e+00
699 0 +8.665096910e+01 +4.735096910e+01 +4.735096910e+01 -5.5022e-01 -3.3271e-01 -8.5908e-02 -1.3799e-02 +4.1612e-01 -1.0093e+00 +3.0251e+00 +9.6474e-02 +1.8156e+00 -3.0538e+00
727 0 +8.113682421e+01 +4.183682421e+01 +4.183682421e+01 -5.7606e-01 -3.0364e-01 -6.5059e-02 +3.0311e-03 +4.0259e-01 -9.6223e-01 +3.0911e+00 +7.6050e-02 +1.8180e+00 -3.0303e+00
904 0 +7.938904622e+01 +4.008904622e+01 +4.008904622e+01 -5.6129e-01 -3.2321e-01 -7.1642e-02 +2.2058e-03 +3.6787e-01 -9.4008e-01 +3.1062e+00 +7.2612e-02 +1.8024e+00 -3.0394e+00
1047 0 +7.758362200e+01 +3.828362200e+01 +3.828362200e+01 -5.3964e-01 -3.0823e-01 -6.1623e-02 -2.6775e-02 +3.3871e-01 -9.3145e-01 +3.1105e+00 +6.8641e-02 +1.7995e+00 -3.0102e+00
1350 0 +7.585449832e+01 +3.655449832e+01 +3.655449832e+01 -5.2890e-01 -3.0202e-01 -5.5419e-02 -4.2082e-02 +3.4669e-01 -8.7439e-01 +3.1218e+00 +6.2070e-02 +1.8086e+00 -3.0148e+00
% f evaluations | g evaluations | best noise-free fitness - Fopt (4.296000000000e+01) + sum g_i+ | measured fitness | best measured fitness or single-digit g-values | x1 | x2...
1 0 +2.365728505e+02 +2.795328505e+02 +2.795328505e+02 +0.0000e+00 +0.0000e+00 +0.0000e+00 +0.0000e+00 +0.0000e+00 +0.0000e+00 +0.0000e+00 +0.0000e+00 +0.0000e+00 +0.0000e+00
2 0 +1.628053850e+02 +2.057653850e+02 +2.057653850e+02 +4.3379e-01 +3.0692e-02 +9.8026e-02 +3.4094e-01 +2.4727e-01 +1.7369e-01 -1.1375e-01 -3.0566e-01 +1.1285e-01 -1.5359e-01
14 0 +1.580572026e+02 +2.010172026e+02 +2.010172026e+02 +5.1541e-01 -3.2001e-01 -4.6493e-04 -2.4952e-01 -2.7552e-01 +2.4311e-01 +2.2880e-01 +2.7733e-01 +9.9511e-02 +2.7124e-01
21 0 +1.463518025e+02 +1.893118025e+02 +1.893118025e+02 +4.8615e-01 +1.1273e-01 -1.4142e-01 -2.1077e-01 -2.0686e-01 +3.1405e-02 -3.4945e-01 -6.9067e-01 +4.5694e-01 +4.3684e-01
102 0 +1.136907182e+02 +1.566507182e+02 +1.566507182e+02 +5.1446e-01 +1.7091e-01 +3.2420e-01 +6.1370e-01 +2.6369e-01 -7.3552e-01 +2.4302e-01 -6.6827e-01 +1.0252e+00 +8.4819e-01
166 0 +1.068200404e+02 +1.497800404e+02 +1.497800404e+02 +8.4733e-01 +2.5717e-01 -5.9132e-02 +2.8940e-01 +1.5247e-01 -9.7700e-01 -1.5563e-01 -1.1288e+00 +1.0097e+00 +6.2744e-01
172 0 +7.562449060e+01 +1.185844906e+02 +1.185844906e+02 +5.5421e-01 +2.8033e-01 +4.8586e-02 +2.8009e-01 +1.9288e-01 -7.8488e-01 -1.1834e-01 -1.1510e+00 +1.4697e+00 +6.1933e-01
292 0 +5.277164278e+01 +9.573164278e+01 +9.573164278e+01 +5.7262e-01 +1.1251e-01 -3.6790e-02 +2.4917e-01 +3.6814e-01 -1.3137e+00 +1.6839e-01 -1.6063e+00 +1.5151e+00 +5.0308e-01
530 0 +4.742646670e+01 +9.038646670e+01 +9.038646670e+01 +4.9515e-01 +2.0662e-02 +4.1487e-03 +2.9828e-01 +3.0818e-01 -1.3832e+00 +6.5404e-01 -1.6339e+00 +1.4847e+00 +5.6103e-01
669 0 +4.676225859e+01 +8.972225859e+01 +8.972225859e+01 +5.2704e-01 +5.8613e-02 +3.5521e-02 +3.6518e-01 +2.8753e-01 -1.3678e+00 +6.5354e-01 -1.5698e+00 +1.4950e+00 +5.4405e-01
700 0 +4.563728565e+01 +8.859728565e+01 +8.859728565e+01 +4.8277e-01 +7.0196e-02 +1.5848e-02 +3.4620e-01 +3.0151e-01 -1.3498e+00 +6.5105e-01 -1.5979e+00 +1.4713e+00 +5.7362e-01
727 0 +4.402986933e+01 +8.698986933e+01 +8.698986933e+01 +5.0184e-01 +6.6358e-02 +2.8717e-02 +3.3192e-01 +2.9971e-01 -1.3404e+00 +6.5407e-01 -1.5952e+00 +1.4793e+00 +5.7201e-01
775 0 +4.322893255e+01 +8.618893255e+01 +8.618893255e+01 +5.1903e-01 +4.9422e-02 +2.1163e-02 +3.2998e-01 +2.5600e-01 -1.3350e+00 +6.5381e-01 -1.5885e+00 +1.4926e+00 +5.6356e-01
812 0 +4.233757703e+01 +8.529757703e+01 +8.529757703e+01 +4.9757e-01 +5.2224e-02 +2.8021e-02 +3.1809e-01 +2.6395e-01 -1.2910e+00 +6.4323e-01 -1.5805e+00 +1.4749e+00 +5.5667e-01
905 0 +4.165703137e+01 +8.461703137e+01 +8.461703137e+01 +5.1475e-01 +5.1940e-02 +2.9344e-02 +3.1758e-01 +2.5324e-01 -1.2971e+00 +6.5293e-01 -1.5890e+00 +1.4787e+00 +5.6037e-01
1037 0 +4.070512817e+01 +8.366512817e+01 +8.366512817e+01 +5.2093e-01 +5.9232e-02 +2.8276e-02 +3.0447e-01 +2.1951e-01 -1.2644e+00 +6.4807e-01 -1.6030e+00 +1.4794e+00 +5.6480e-01
1150 0 +3.981038245e+01 +8.277038245e+01 +8.277038245e+01 +5.1818e-01 +6.4418e-02 +3.6026e-02 +2.9951e-01 +2.1424e-01 -1.2409e+00 +6.5393e-01 -1.5892e+00 +1.4768e+00 +5.6395e-01
1258 0 +3.888592551e+01 +8.184592551e+01 +8.184592551e+01 +5.2274e-01 +6.0116e-02 +3.9067e-02 +2.8598e-01 +2.0438e-01 -1.2088e+00 +6.5319e-01 -1.5895e+00 +1.4868e+00 +5.6155e-01
1334 0 +3.799525552e+01 +8.095525552e+01 +8.095525552e+01 +5.1167e-01 +4.9024e-02 +4.6257e-02 +2.7357e-01 +2.2355e-01 -1.1692e+00 +6.5247e-01 -1.5835e+00 +1.4909e+00 +5.5092e-01
1492 0 +3.711488729e+01 +8.007488729e+01 +8.007488729e+01 +5.1523e-01 +7.2772e-02 +5.0310e-02 +2.8288e-01 +2.5029e-01 -1.1600e+00 +6.4986e-01 -1.5938e+00 +1.4879e+00 +5.5669e-01
% f evaluations | g evaluations | best noise-free fitness - Fopt (2.842200000000e+02) + sum g_i+ | measured fitness | best measured fitness or single-digit g-values | x1 | x2...
1 0 +4.397618850e+02 +7.239818850e+02 +7.239818850e+02 +0.0000e+00 +0.0000e+00 +0.0000e+00 +0.0000e+00 +0.0000e+00 +0.0000e+00 +0.0000e+00 +0.0000e+00 +0.0000e+00 +0.0000e+00
4 0 +4.199459769e+02 +7.041659769e+02 +7.041659769e+02 +2.1661e-01 -2.7248e-01 -1.4933e-01 +1.8171e-01 -5.0930e-01 +2.3317e-01 -2.5183e-01 -1.2653e-01 +4.3300e-01 -1.9345e-02
6 0 +4.103034270e+02 +6.945234270e+02 +6.945234270e+02 +1.8723e-01 -2.5702e-01 +1.5212e-01 +1.5671e-02 +5.1476e-01 -6.3323e-02 +3.7553e-01 -3.4671e-01 +9.3874e-02 -2.1343e-01
26 0 +3.961409001e+02 +6.803609001e+02 +6.803609001e+02 +3.7049e-01 +1.9444e-01 -1.8087e-01 -5.4691e-03 +3.8112e-01 -1.7862e-01 +4.2620e-01 -4.0456e-01 -1.4963e-01 -2.4051e-01
33 0 +3.315627806e+02 +6.157827806e+02 +6.157827806e+02 +3.9885e-01 -9.9969e-02 -3.9880e-01 -2.4615e-01 -1.1536e-02 -2.2613e-01 +5.7201e-01 -7.5715e-01 +4.6630e-01 -7.8329e-01
52 0 +3.301859823e+02 +6.144059823e+02 +6.144059823e+02 +5.7123e-01 -2.8280e-01 -3.1585e-01 -5.5976e-01 -4.3305e-02 -1.7913e-01 +1.4586e-02 -1.9905e-01 +2.2332e-01 -4.5179e-01
55 0 +3.200544982e+02 +6.042744982e+02 +6.042744982e+02 +8.6019e-01 -3.2872e-01 -2.4486e-02 -5.5724e-01 -4.6290e-02 -6.9232e-02 +5.5681e-01 -1.9008e-01 -1.5039e-01 -5.3588e-01
85 0 +2.766717470e+02 +5.608917470e+02 +5.608917470e+02 +1.3885e+00 -2.7767e-01 -4.3435e-01 -5.8283e-01 -2.9846e-01 -3.8010e-01 +7.1123e-01 -2.1956e-01 +5.2440e-01 -1.0143e+00
106 0 +2.236537870e+02 +5.078737870e+02 +5.078737870e+02 +9.2871e-01 -2.4295e-01 -5.0352e-01 -7.2894e-01 +1.8670e-01 -5.4419e-01 +9.1640e-01 +2.0980e-01 +1.0703e+00 -8.5238e-01
141 0 +2.183587349e+02 +5.025787349e+02 +5.025787349e+02 +1.0660e+00 -1.8457e-01 -2.7318e-01 -3.9194e-01 +4.5158e-01 -4.6578e-01 +6.1496e-01 -6.3626e-01 +6.1815e-01 -1.0813e+00
142 0 +2.137092679e+02 +4.979292679e+02 +4.979292679e+02 +3.6894e-01 -3.7249e-02 -2.0363e-01 -2.9903e-01 +5.1130e-01 -1.0492e+00 +1.5104e+00 -9.7318e-02 +7.6110e-01 -1.3558e+00
156 0 +1.947952930e+02 +4.790152930e+02 +4.790152930e+02 +6.7675e-01 -9.2433e-02 -4.7793e-01 -8.4474e-01 +5.0986e-01 -1.0650e+00 +1.4764e+00 +4.5020e-01 +1.3373e+00 -1.4507e+00
170 0 +1.507397227e+02 +4.349597227e+02 +4.349597227e+02 -9.0168e-02 -2.1115e-01 -5.5375e-01 -4.9268e-01 +9.7565e-01 -1.2969e+00 +9.7554e-01 -1.2056e-01 +1.3851e+00 -2.0330e+00
188 0 +1.374322044e+02 +4.216522044e+02 +4.216522044e+02 +4.7313e-01 -3.1449e-01 -2.9293e-01 -4.2866e-01 +1.7946e+00 -1.6073e+00 +1.7265e+00 -1.4910e-01 +1.1522e+00 -2.2384e+00
201 0 +1.142539327e+02 +3.984739327e+02 +3.984739327e+02 +1.4629e-01 -2.7871e-01 -2.4045e-01 -5.8828e-01 +1.2596e+00 -2.1463e+00 +2.4939e+00 +2.5240e-01 +1.9854e+00 -2.4602e+00
296 0 +1.081054341e+02 +3.923254341e+02 +3.923254341e+02 -2.7871e-01 +7.6138e-02 -9.3567e-01 -5.9411e-01 +1.8109e+00 -1.5704e+00 +2.8542e+00 -2.7632e-01 +1.4126e+00 -2.5581e+00
367 0 +8.891384468e+01 +3.731338447e+02 +3.731338447e+02 -2.3514e-01 -4.3694e-01 -1.0771e+00 -5.3152e-01 +1.3504e+00 -1.5316e+00 +2.9184e+00 +1.4878e-01 +1.2411e+00 -2.9245e+00
424 0 +8.374853214e+01 +3.679685321e+02 +3.679685321e+02 -4.8583e-03 -3.6608e-01 -9.4405e-01 -5.5247e-01 +1.3162e+00 -1.8766e+00 +2.9905e+00 -2.3701e-01 +1.3251e+00 -3.1499e+00
474 0 +7.763867902e+01 +3.618586790e+02 +3.618586790e+02 +8.1423e-02 -1.9983e-01 -1.0927e+00 -4.5838e-01 +1.1644e+00 -2.0641e+00 +3.4646e+00 +1.5531e-01 +1.4434e+00 -3.1389e+00
488 0 +7.725144543e+01 +3.614714454e+02 +3.614714454e+02 -4.4069e-02 -2.7437e-01 -1.0893e+00 -5.7924e-01 +1.3332e+00 -2.1063e+00 +3.4313e+00 +2.7856e-01 +1.2957e+00 -3.2152e+00
501 0 +7.370785726e+01 +3.579278573e+02 +3.579278573e+02 +7.1277e-03 -2.7605e-01 -1.0608e+00 -4.7243e-01 +1.2700e+00 -1.8882e+00 +3.4556e+00 +2.7393e-01 +1.3729e+00 -3.2078e+00
535 0 +6.949413282e+01 +3.537141328e+02 +3.537141328e+02 -1.8412e-01 -2.5394e-01 -1.0744e+00 -6.6089e-01 +1.2145e+00 -2.1206e+00 +3.4124e+00 +1.3417e-01 +1.3715e+00 -3.2342e+00
574 0 +6.738320967e+01 +3.516032097e+02 +3.516032097e+02 +2.7623e-03 -1.6857e-01 -1.0080e+00 -5.6789e-01 +1.2105e+00 -1.8366e+00 +3.3138e+00 +4.0946e-01 +1.3444e+00 -2.9529e+00
611 0 +6.191994234e+01 +3.461399423e+02 +3.461399423e+02 -2.0737e-01 -2.6555e-01 -1.0317e+00 -5.9520e-01 +1.3530e+00 -1.9668e+00 +3.4635e+00 +5.0955e-01 +1.3277e+00 -3.2075e+00
614 0 +5.442580069e+01 +3.386458007e+02 +3.386458007e+02 -1.1598e-01 -2.0458e-01 -9.7122e-01 -4.9641e-01 +1.2943e+00 -1.8542e+00 +3.4334e+00 +4.2697e-01 +1.3401e+00 -3.1718e+00
668 0 +5.069905799e+01 +3.349190580e+02 +3.349190580e+02 -6.6506e-02 -1.8719e-01 -1.0412e+00 -5.7427e-01 +1.2216e+00 -1.8804e+00 +3.3882e+00 +4.7094e-01 +1.2566e+00 -3.1358e+00
710 0 +4.551466377e+01 +3.297346638e+02 +3.297346638e+02 -1.0337e-01 -1.8344e-01 -1.0675e+00 -5.8666e-01 +1.2156e+00 -1.9475e+00 +3.3880e+00 +4.8089e-01 +1.2666e+00 -3.1930e+00
811 0 +4.423588092e+01 +3.284558809e+02 +3.284558809e+02 -7.3579e-02 -2.1368e-01 -1.1056e+00 -5.9524e-01 +1.2283e+00 -1.9029e+00 +3.4179e+00 +4.5311e-01 +1.3933e+00 -3.1666e+00
812 0 +4.362662695e+01 +3.278466270e+02 +3.278466270e+02 -7.6099e-02 -2.2250e-01 -1.0786e+00 -6.0883e-01 +1.1981e+00 -1.8330e+00 +3.3765e+00 +4.5994e-01 +1.3626e+00 -3.1816e+00
860 0 +4.204898052e+01 +3.262689805e+02 +3.262689805e+02 -7.4722e-02 -2.0223e-01 -1.1032e+00 -5.6754e-01 +1.2370e+00 -1.8773e+00 +3.3989e+00 +4.7704e-01 +1.3818e+00 -3.1754e+00
871 0 +4.159835898e+01 +3.258183590e+02 +3.258183590e+02 -9.4412e-02 -1.8650e-01 -1.0922e+00 -5.9326e-01 +1.2386e+00 -1.8779e+00 +3.4018e+00 +4.7800e-01 +1.3925e+00 -3.1755e+00
921 0 +4.068435174e+01 +3.249043517e+02 +3.249043517e+02 -7.7381e-02 -2.2051e-01 -1.0915e+00 -6.0687e-01 +1.2078e+00 -1.8827e+00 +3.3863e+00 +4.7095e-01 +1.4047e+00 -3.1867e+00
1036 0 +3.976672751e+01 +3.239867275e+02 +3.239867275e+02 -1.0611e-01 -2.0068e-01 -1.0873e+00 -5.8384e-01 +1.2085e+00 -1.8933e+00 +3.3875e+00 +4.7714e-01 +1.4116e+00 -3.1869e+00
1298 0 +3.887478795e+01 +3.230947880e+02 +3.230947880e+02 -1.0047e-01 -2.1461e-01 -1.0601e+00 -5.7243e-01 +1.1887e+00 -1.8806e+00 +3.3972e+00 +4.7510e-01 +1.4224e+00 -3.1879e+00
% f evaluations | g evaluations | best noise-free fitness - Fopt (-3.217000000000e+01) + sum g_i+ | measured fitness | best measured fitness or single-digit g-values | x1 | x2...
1 0 +4.126953313e+02 +3.805253313e+02 +3.805253313e+02 +0.0000e+00 +0.0000e+00 +0.0000e+00 +0.0000e+00 +0.0000e+00 +0.0000e+00 +0.0000e+00 +0.0000e+00 +0.0000e+00 +0.0000e+00
2 0 +3.978869538e+02 +3.657169538e+02 +3.657169538e+02 +4.3379e-01 +3.0692e-02 +9.8026e-02 +3.4094e-01 +2.4727e-01 +1.7369e-01 -1.1375e-01 -3.0566e-01 +1.1285e-01 -1.5359e-01
7 0 +3.476871168e+02 +3.155171168e+02 +3.155171168e+02 -2.6321e-01 +2.3560e-01 -2.9494e-01 -4.1433e-02 -2.1060e-01 +1.1878e-01 +8.3286e-02 -6.4943e-01 +2.1039e-01 -1.8282e-01
8 0 +2.954928020e+02 +2.633228020e+02 +2.633228020e+02 +6.0234e-01 +2.6527e-01 +2.8700e-01 -7.0577e-01 +5.2611e-01 +2.0125e-02 -3.9010e-01 +9.9670e-02 +3.8961e-01 -4.6269e-01
42 0 +2.911797686e+02 +2.590097686e+02 +2.590097686e+02 +4.7534e-01 -5.9638e-02 +1.2836e-01 -1.0491e-01 -3.2327e-01 +3.9347e-01 -1.7844e-01 +1.2579e-01 +7.3927e-01 -4.6855e-01
50 0 +2.358028776e+02 +2.036328776e+02 +2.036328776e+02 +3.0839e-01 -8.0628e-02 -2.7479e-01 -6.6913e-02 -6.4343e-01 +1.9362e-01 -3.4663e-01 +2.2500e-02 +5.4095e-01 -5.9853e-01
85 0 +1.815787593e+02 +1.494087593e+02 +1.494087593e+02 +9.2934e-01 +1.4559e-01 -4.3102e-01 -2.6527e-01 -9.2891e-01 +3.8013e-01 +9.8179e-02 +1.2242e-01 +1.0263e+00 -1.1459e+00
128 0 +1.545011089e+02 +1.223311089e+02 +1.223311089e+02 +3.2688e-01 +2.2643e-01 -3.5349e-01 -3.6153e-01 -1.1581e+00 +5.5600e-01 -1.7800e-01 +1.0930e+00 +1.8351e+00 -1.0292e+00
198 0 +1.499494488e+02 +1.177794488e+02 +1.177794488e+02 +4.0711e-01 +2.3565e-01 -2.2632e-01 -8.6246e-01 -6.9385e-01 +3.9854e-01 -3.3409e-01 +6.7824e-01 +1.8745e+00 -1.5696e+00
212 0 +1.427085503e+02 +1.105385503e+02 +1.105385503e+02 +6.6146e-01 +4.1865e-01 -3.7419e-01 -7.8637e-01 -6.6725e-01 +5.1064e-01 -2.0447e-01 +6.8761e-01 +2.1888e+00 -1.7551e+00
220 0 +1.367189517e+02 +1.045489517e+02 +1.045489517e+02 +6.1069e-01 +3.8748e-01 -4.2161e-01 -6.3814e-01 -7.1387e-01 +5.8791e-01 +1.0501e-01 +4.7232e-01 +2.0830e+00 -1.9045e+00
255 0 +1.034853830e+02 +7.131538302e+01 +7.131538302e+01 +5.5731e-01 +1.5173e-01 -2.7586e-01 -8.7988e-01 -7.3287e-01 +5.8498e-01 -3.0227e-01 +1.0743e+00 +2.1832e+00 -2.2696e+00
418 0 +1.015904566e+02 +6.942045660e+01 +6.942045660e+01 +4.9847e-01 +1.6084e-01 -2.8889e-01 -9.2663e-01 -7.1793e-01 +5.7673e-01 +1.1595e-01 +8.8705e-01 +2.1944e+00 -2.1511e+00
430 0 +9.966866422e+01 +6.749866422e+01 +6.749866422e+01 +5.7344e-01 +2.0561e-01 -3.4566e-01 -8.7325e-01 -7.5201e-01 +5.8066e-01 +9.4504e-02 +9.4696e-01 +2.1189e+00 -2.0876e+00
456 0 +8.955245857e+01 +5.738245857e+01 +5.738245857e+01 +4.1393e-01 +2.5551e-01 -3.9931e-01 -7.9507e-01 -5.9770e-01 +5.8579e-01 +1.7279e-01 +9.2597e-01 +2.1144e+00 -2.0817e+00
530 0 +8.735374298e+01 +5.518374298e+01 +5.518374298e+01 +4.1352e-01 +2.4098e-01 -3.4995e-01 -8.3641e-01 -6.2567e-01 +5.0469e-01 +1.6346e-01 +9.5730e-01 +2.0451e+00 -2.1188e+00
576 0 +8.491256277e+01 +5.274256277e+01 +5.274256277e+01 +3.9368e-01 +2.4582e-01 -4.0078e-01 -8.5910e-01 -6.3721e-01 +5.5892e-01 +1.4699e-01 +1.0080e+00 +2.0681e+00 -2.0697e+00
641 0 +8.096808770e+01 +4.879808770e+01 +4.879808770e+01 +4.5023e-01 +2.4963e-01 -3.5990e-01 -8.6573e-01 -5.7073e-01 +5.6102e-01 +1.2148e-01 +9.9068e-01 +2.1805e+00 -2.0966e+00
727 0 +7.926657818e+01 +4.709657818e+01 +4.709657818e+01 +4.3353e-01 +2.7685e-01 -3.8026e-01 -8.9105e-01 -6.0541e-01 +5.6930e-01 +1.4411e-01 +1.0087e+00 +2.1796e+00 -2.0964e+00
1309 0 +7.762232010e+01 +4.545232010e+01 +4.545232010e+01 +4.5044e-01 +2.2585e-01 -3.6469e-01 -8.8169e-01 -6.1299e-01 +5.6235e-01 +1.4463e-01 +9.9259e-01 +2.2111e+00 -2.1048e+00
% f evaluations | g evaluations | best noise-free fitness - Fopt (-5.858000000000e+01) + sum g_i+ | measured fitness | best measured fitness or single-digit g-values | x1 | x2...
1 0 +4.789634689e+02 +4.203834689e+02 +4.203834689e+02 +0.0000e+00 +0.0000e+00 +0.0000e+00 +0.0000e+00 +0.0000e+00 +0.0000e+00 +0.0000e+00 +0.0000e+00 +0.0000e+00 +0.0000e+00
3 0 +4.587704396e+02 +4.001904396e+02 +4.001904396e+02 +2.4817e-01 +6.3376e-02 -2.2359e-01 +8.0318e-02 +2.1275e-01 +5.3256e-02 -2.3477e-01 +7.8699e-02 +1.0710e-01 +2.4729e-01
9 0 +4.333495140e+02 +3.747695140e+02 +3.747695140e+02 +3.2075e-01 -8.8256e-02 -1.5931e-01 -1.1698e-01 -2.3584e-01 +6.5800e-02 +8.0156e-02 +3.1223e-01 +4.1734e-01 -8.7755e-02
28 0 +4.067027781e+02 +3.481227781e+02 +3.481227781e+02 +1.8038e-01 -2.0133e-01 +1.4504e-01 -9.4188e-02 -8.9672e-02 -2.0844e-01 -4.1152e-01 -2.2019e-01 +5.5024e-01 +2.1512e-01
37 0 +3.832928928e+02 +3.247128928e+02 +3.247128928e+02 +2.0106e-01 -7.3272e-01 +2.4991e-01 -1.7030e-01 -5.1797e-01 +2.8134e-01 -7.2617e-01 +2.0288e-01 +7.6192e-01 +1.6734e-01
38 0 +3.611807068e+02 +3.026007068e+02 +3.026007068e+02 +8.6469e-01 -1.0315e-01 +2.6922e-01 -4.6866e-02 -5.3839e-01 -2.4528e-01 -7.4182e-01 -2.3456e-01 +6.7775e-01 +7.8808e-01
41 0 +3.322619107e+02 +2.736819107e+02 +2.736819107e+02 +7.7682e-01 -2.0645e-01 +1.4496e-01 -1.9534e-01 -5.4219e-01 -2.2183e-01 -5.6896e-01 +6.7016e-02 +5.7284e-01 +6.0432e-01
67 0 +2.566589974e+02 +1.980789974e+02 +1.980789974e+02 +1.0522e+00 -6.7425e-01 +2.7831e-01 -1.7369e-01 -4.7861e-01 -5.2991e-01 -1.3427e+00 +2.2458e-01 +1.4932e+00 +1.3228e+00
80 0 +2.449264971e+02 +1.863464971e+02 +1.863464971e+02 +1.3665e+00 -1.2089e-01 -4.5183e-01 -6.4048e-02 -4.3311e-01 -5.2122e-01 -1.5620e+00 +1.1982e+00 +1.1613e+00 +1.0410e+00
89 0 +2.153021157e+02 +1.567221157e+02 +1.567221157e+02 +7.8955e-01 -9.5199e-02 +2.3058e-01 -2.6872e-01 -5.0818e-01 -8.6205e-01 -1.7243e+00 +7.0774e-01 +1.0742e+00 +1.5492e+00
119 0 +1.691991661e+02 +1.106191661e+02 +1.106191661e+02 +4.7596e-01 -1.1431e+00 -5.5063e-01 -8.3064e-02 -1.7806e+00 -8.2587e-01 -2.2353e+00 +1.8269e+00 +2.2479e+00 +2.7371e+00
199 0 +1.504799194e+02 +9.189991940e+01 +9.189991940e+01 -3.5903e-01 -9.5793e-01 +2.4646e-01 -1.7627e-02 -1.0125e+00 -1.6828e+00 -3.0453e+00 +1.6810e+00 +3.4714e+00 +1.7205e+00
201 0 +1.474004699e+02 +8.882046993e+01 +8.882046993e+01 -7.1841e-01 -1.3177e+00 +2.2611e-01 -1.5506e-01 -1.4798e+00 -2.3743e+00 -2.8639e+00 +2.4885e+00 +3.6445e+00 +2.0421e+00
205 0 +1.391508255e+02 +8.057082546e+01 +8.057082546e+01 +8.0634e-01 -1.2756e+00 +7.4359e-02 -1.0850e-01 -1.9683e+00 -2.2377e+00 -3.4715e+00 +2.7096e+00 +4.0673e+00 +1.9325e+00
257 0 +8.715572950e+01 +2.857572950e+01 +2.857572950e+01 -2.7363e-01 -1.5273e+00 +1.2846e-01 -3.6777e-01 -1.7763e+00 -2.2607e+00 -2.7606e+00 +1.6665e+00 +2.3543e+00 +1.0052e+00
412 0 +8.685155958e+01 +2.827155958e+01 +2.827155958e+01 -4.9568e-01 -1.7773e+00 -5.7066e-01 -1.5004e-01 -2.4655e+00 -2.6245e+00 -3.2496e+00 +2.9625e+00 +3.5597e+00 +1.2455e+00
430 0 +7.940565070e+01 +2.082565070e+01 +2.082565070e+01 +3.2160e-01 -1.7304e+00 -6.4431e-01 -8.9868e-02 -2.9983e+00 -2.8272e+00 -3.1698e+00 +2.7144e+00 +3.3876e+00 +1.3339e+00
557 0 +6.778431353e+01 +9.204313528e+00 +9.204313528e+00 -4.6294e-01 -2.4960e+00 -1.2668e+00 -1.6969e-01 -3.3466e+00 -2.9239e+00 -3.2629e+00 +3.2011e+00 +3.0493e+00 +1.0044e+00
594 0 +6.608606600e+01 +7.506065995e+00 +7.506065995e+00 -4.1220e-01 -2.5199e+00 -1.3061e+00 -5.7910e-02 -3.4375e+00 -2.8969e+00 -3.2738e+00 +3.3130e+00 +3.1000e+00 +1.0746e+00
595 0 +6.544289918e+01 +6.862899183e+00 +6.862899183e+00 -3.8624e-01 -2.5486e+00 -1.4057e+00 -1.6253e-01 -3.5123e+00 -2.9551e+00 -3.1837e+00 +3.5375e+00 +3.0938e+00 +9.9244e-01
636 0 +6.324630075e+01 +4.666300751e+00 +4.666300751e+00 -3.0848e-01 -2.6033e+00 -1.2897e+00 -1.2081e-01 -3.5107e+00 -3.0527e+00 -3.1972e+00 +3.2440e+00 +3.1160e+00 +9.6725e-01
647 0 +5.655278881e+01 -2.027211187e+00 -2.027211187e+00 -2.2744e-01 -2.5794e+00 -1.3705e+00 -1.1163e-01 -3.6595e+00 -2.8582e+00 -3.2051e+00 +3.2881e+00 +3.0150e+00 +1.0034e+00
772 0 +5.516731697e+01 -3.412683028e+00 -3.412683028e+00 -3.9266e-01 -2.5643e+00 -1.4110e+00 -1.4565e-01 -3.5904e+00 -2.8845e+00 -3.2231e+00 +3.3236e+00 +2.9647e+00 +9.9833e-01
776 0 +5.451002738e+01 -4.069972617e+00 -4.069972617e+00 -3.0484e-01 -2.5007e+00 -1.3801e+00 -1.1233e-01 -3.5591e+00 -2.8618e+00 -3.2017e+00 +3.3280e+00 +3.0415e+00 +1.0376e+00
788 0 +5.270032662e+01 -5.879673381e+00 -5.879673381e+00 -3.6837e-01 -2.5800e+00 -1.4341e+00 -1.5961e-01 -3.5749e+00 -2.9122e+00 -3.2806e+00 +3.3067e+00 +3.0780e+00 +1.0354e+00
800 0 +5.222794980e+01 -6.352050201e+00 -6.352050201e+00 -2.9197e-01 -2.5667e+00 -1.4508e+00 -1.1643e-01 -3.6216e+00 -2.8906e+00 -3.2812e+00 +3.3226e+00 +3.0664e+00 +9.8005e-01
811 0 +4.777551927e+01 -1.080448073e+01 -1.080448073e+01 -3.2017e-01 -2.5282e+00 -1.4004e+00 -1.1481e-01 -3.5647e+00 -2.9002e+00 -3.2376e+00 +3.2936e+00 +3.0687e+00 +1.0257e+00
815 0 +4.574250142e+01 -1.283749858e+01 -1.283749858e+01 -2.9390e-01 -2.5368e+00 -1.4025e+00 -1.1414e-01 -3.5891e+00 -2.8823e+00 -3.2335e+00 +3.3080e+00 +3.0565e+00 +1.0002e+00
844 0 +4.519314171e+01 -1.338685829e+01 -1.338685829e+01 -2.5374e-01 -2.4962e+00 -1.4473e+00 -8.7059e-02 -3.6039e+00 -2.8722e+00 -3.2325e+00 +3.2303e+00 +3.0647e+00 +9.8293e-01
847 0 +4.438879257e+01 -1.419120743e+01 -1.419120743e+01 -3.1483e-01 -2.5346e+00 -1.3911e+00 -1.1027e-01 -3.5540e+00 -2.8772e+00 -3.2407e+00 +3.2619e+00 +3.0294e+00 +9.9597e-01
852 0 +4.360769586e+01 -1.497230414e+01 -1.497230414e+01 -2.6313e-01 -2.4830e+00 -1.3792e+00 -6.0371e-02 -3.5611e+00 -2.8674e+00 -3.2011e+00 +3.2430e+00 +3.0959e+00 +9.9174e-01
871 0 +4.087159286e+01 -1.770840714e+01 -1.770840714e+01 -2.8413e-01 -2.4903e+00 -1.3816e+00 -8.9909e-02 -3.5728e+00 -2.8791e+00 -3.2012e+00 +3.2573e+00 +3.0957e+00 +9.9212e-01
921 0 +3.983267213e+01 -1.874732787e+01 -1.874732787e+01 -2.9203e-01 -2.5335e+00 -1.3894e+00 -1.0721e-01 -3.5974e+00 -2.8872e+00 -3.2218e+00 +3.2442e+00 +3.1059e+00 +9.8634e-01
925 0 +3.954858086e+01 -1.903141914e+01 -1.903141914e+01 -3.1295e-01 -2.5118e+00 -1.3925e+00 -8.9225e-02 -3.5841e+00 -2.8710e+00 -3.1926e+00 +3.2634e+00 +3.0960e+00 +9.8715e-01
940 0 +3.858092457e+01 -1.999907543e+01 -1.999907543e+01 -3.3341e-01 -2.5254e+00 -1.4250e+00 -9.9657e-02 -3.5714e+00 -2.8935e+00 -3.1949e+00 +3.2587e+00 +3.1164e+00 +9.7851e-01
967 0 +3.769892812e+01 -2.088107188e+01 -2.088107188e+01 -3.6677e-01 -2.5017e+00 -1.4080e+00 -1.0109e-01 -3.5818e+00 -2.8944e+00 -3.2026e+00 +3.2560e+00 +3.0812e+00 +9.9826e-01
976 0 +3.684674566e+01 -2.173325434e+01 -2.173325434e+01 -3.6133e-01 -2.5012e+00 -1.4170e+00 -8.4980e-02 -3.5953e+00 -2.8803e+00 -3.2086e+00 +3.2474e+00 +3.0954e+00 +9.9823e-01
1068 0 +3.618733022e+01 -2.239266978e+01 -2.239266978e+01 -4.0081e-01 -2.5013e+00 -1.4151e+00 -8.5551e-02 -3.5973e+00 -2.8885e+00 -3.2037e+00 +3.2562e+00 +3.1100e+00 +1.0075e+00
1138 0 +3.507743297e+01 -2.350256703e+01 -2.350256703e+01 -4.0701e-01 -2.4972e+00 -1.4200e+00 -8.6415e-02 -3.5988e+00 -2.8750e+00 -3.2007e+00 +3.2397e+00 +3.1007e+00 +9.9427e-01
1167 0 +3.455029185e+01 -2.402970815e+01 -2.402970815e+01 -4.2537e-01 -2.5259e+00 -1.3970e+00 -9.8792e-02 -3.5962e+00 -2.8750e+00 -3.2095e+00 +3.2440e+00 +3.0980e+00 +9.9804e-01
1226 0 +3.379251683e+01 -2.478748317e+01 -2.478748317e+01 -4.2198e-01 -2.5158e+00 -1.4107e+00 -1.1101e-01 -3.6036e+00 -2.8805e+00 -3.2084e+00 +3.2409e+00 +3.1133e+00 +9.9117e-01
1479 0 +3.305760513e+01 -2.552239487e+01 -2.552239487e+01 -4.6667e-01 -2.5225e+00 -1.4095e+00 -1.3128e-01 -3.5835e+00 -2.8806e+00 -3.2045e+00 +3.2396e+00 +3.1200e+00 +9.9123e-01
% f evaluations | g evaluations | best noise-free fitness - Fopt (-6.049200000000e+02) + sum g_i+ | measured fitness | best measured fitness or single-digit g-values | x1 | x2...
1 0 +2.154003094e+02 -3.895196906e+02 -3.895196906e+02 +0.0000e+00 +0.0000e+00 +0.0000e+00 +0.0000e+00 +0.0000e+00 +0.0000e+00 +0.0000e+00 +0.0000e+00 +0.0000e+00 +0.0000e+00
12 0 +1.909035232e+02 -4.140164768e+02 -4.140164768e+02 +1.6568e-01 -7.2566e-02 +2.0962e-01 +1.1409e-01 -3.5992e-01 -2.5277e-01 -2.3406e-01 -6.7004e-01 -3.0647e-01 +4.9300e-01
26 0 +1.758353708e+02 -4.290846292e+02 -4.290846292e+02 +3.3726e-01 +9.2222e-02 -2.9851e-01 +7.2781e-02 +4.2952e-01 -5.3832e-01 +4.0458e-01 -5.9419e-01 +3.2971e-02 +3.4543e-01
28 0 +1.675115894e+02 -4.374084106e+02 -4.374084106e+02 +3.0787e-02 -3.0674e-01 -5.7019e-03 -4.2870e-02 +1.4948e-01 -4.2414e-01 -2.4333e-02 -4.7723e-01 +5.8065e-01 +3.0925e-01
38 0 +1.543486398e+02 -4.505713602e+02 -4.505713602e+02 +8.0255e-01 -1.6103e-01 +3.0100e-02 -9.1032e-02 -4.5390e-02 -6.6749e-01 -6.8978e-02 -7.2342e-01 +4.7364e-01 +6.6187e-01
47 0 +1.326341722e+02 -4.722858278e+02 -4.722858278e+02 +1.0127e+00 -4.1237e-01 -1.8671e-01 -3.6730e-01 -2.3963e-01 -8.0329e-01 +3.0776e-01 -7.0715e-01 +2.1894e-01 +3.5676e-01
116 0 +1.130068428e+02 -4.919131572e+02 -4.919131572e+02 +1.0394e+00 -2.7136e-01 -2.5632e-01 -3.3374e-01 -3.2738e-01 -1.4862e+00 -7.6148e-02 -1.5894e+00 +9.5086e-01 +8.4811e-01
180 0 +1.101363324e+02 -4.947836676e+02 -4.947836676e+02 +7.1503e-01 -8.7460e-02 -2.2585e-01 -1.6813e-01 +1.1540e-01 -1.3887e+00 -1.6553e-01 -1.2522e+00 +5.6375e-01 +2.9662e-01
227 0 +1.026948044e+02 -5.022251956e+02 -5.022251956e+02 +9.7099e-01 -1.1260e-01 -1.7008e-01 -2.9557e-01 -5.2579e-02 -1.9572e+00 -4.5551e-01 -1.7455e+00 +6.1851e-01 +6.1049e-01
257 0 +9.702521373e+01 -5.078947863e+02 -5.078947863e+02 +9.0080e-01 -1.8472e-01 -3.7383e-01 -1.4701e-01 -1.7028e-01 -1.8733e+00 -1.7011e-01 -1.7946e+00 +4.2211e-01 +4.8867e-01
270 0 +9.439583506e+01 -5.105241649e+02 -5.105241649e+02 +6.9483e-01 -3.6413e-01 -2.8834e-01 -8.3790e-02 -1.0168e-01 -1.9135e+00 -1.1172e-01 -1.6433e+00 +5.2194e-01 +4.4866e-01
301 0 +8.933455919e+01 -5.155854408e+02 -5.155854408e+02 +1.0746e+00 -1.5437e-01 -5.1844e-01 -1.2434e-01 -3.2165e-01 -1.6714e+00 -2.7617e-01 -1.6716e+00 +4.9012e-01 +5.9207e-01
323 0 +8.215250462e+01 -5.227674954e+02 -5.227674954e+02 +1.0648e+00 -1.1719e-01 -4.2352e-01 -6.4191e-02 -3.1552e-01 -1.8396e+00 -2.3389e-01 -1.6695e+00 +4.9938e-01 +5.5055e-01
384 0 +6.167756749e+01 -5.432424325e+02 -5.432424325e+02 +1.0704e+00 -8.7998e-02 -4.4347e-01 -7.9615e-02 -2.8578e-01 -1.7060e+00 -1.1831e-01 -1.6417e+00 +5.0942e-01 +5.3104e-01
480 0 +6.117313527e+01 -5.437468647e+02 -5.437468647e+02 +1.0090e+00 -1.4235e-01 -4.1271e-01 -1.2324e-01 -2.7858e-01 -1.7026e+00 -1.1853e-01 -1.6097e+00 +5.2434e-01 +5.7128e-01
517 0 +5.910374048e+01 -5.458162595e+02 -5.458162595e+02 +1.0082e+00 -1.2302e-01 -4.0842e-01 -1.1263e-01 -2.5108e-01 -1.6954e+00 -8.9983e-02 -1.6111e+00 +5.1837e-01 +5.3556e-01
524 0 +5.783489133e+01 -5.470851087e+02 -5.470851087e+02 +1.0203e+00 -1.4686e-01 -3.7830e-01 -1.0476e-01 -2.9028e-01 -1.6840e+00 -1.3223e-01 -1.6167e+00 +5.0594e-01 +5.2835e-01
530 0 +5.745156914e+01 -5.474684309e+02 -5.474684309e+02 +9.9813e-01 -1.1511e-01 -4.0014e-01 -1.2256e-01 -2.6820e-01 -1.6916e+00 -8.1899e-02 -1.6212e+00 +5.0692e-01 +5.3222e-01
586 0 +5.456541119e+01 -5.503545888e+02 -5.503545888e+02 +1.0213e+00 -1.1650e-01 -3.3139e-01 -1.1656e-01 -2.8851e-01 -1.7018e+00 -1.1259e-01 -1.6391e+00 +4.9824e-01 +5.5057e-01
677 0 +5.354129503e+01 -5.513787050e+02 -5.513787050e+02 +1.0126e+00 -1.0568e-01 -3.1168e-01 -1.0817e-01 -2.8312e-01 -1.6984e+00 -1.0711e-01 -1.6385e+00 +4.9738e-01 +5.3205e-01
% f evaluations | g evaluations | best noise-free fitness - Fopt (1.337000000000e+02) + sum g_i+ | measured fitness | best measured fitness or single-digit g-values | x1 | x2...
1 0 +2.765168316e+02 +4.102168316e+02 +4.102168316e+02 +0.0000e+00 +0.0000e+00 +0.0000e+00 +0.0000e+00 +0.0000e+00 +0.0000e+00 +0.0000e+00 +0.0000e+00 +0.0000e+00 +0.0000e+00
2 0 +2.680096255e+02 +4.017096255e+02 +4.017096255e+02 +4.3379e-01 +3.0692e-02 +9.8026e-02 +3.4094e-01 +2.4727e-01 +1.7369e-01 -1.1375e-01 -3.0566e-01 +1.1285e-01 -1.5359e-01
3 0 +2.609751053e+02 +3.946751053e+02 +3.946751053e+02 +2.4817e-01 +6.3376e-02 -2.2359e-01 +8.0318e-02 +2.1275e-01 +5.3256e-02 -2.3477e-01 +7.8699e-02 +1.0710e-01 +2.4729e-01
5 0 +2.530819224e+02 +3.867819224e+02 +3.867819224e+02 -9.0564e-02 +8.4424e-02 -2.8183e-02 -1.8777e-01 +7.4957e-02 +6.4105e-01 +2.7589e-01 +1.3137e-01 +7.7185e-02 +2.3934e-01
7 0 +2.320824986e+02 +3.657824986e+02 +3.657824986e+02 -2.6321e-01 +2.3560e-01 -2.9494e-01 -4.1433e-02 -2.1060e-01 +1.1878e-01 +8.3286e-02 -6.4943e-01 +2.1039e-01 -1.8282e-01
21 0 +2.057588472e+02 +3.394588472e+02 +3.394588472e+02 +4.8615e-01 +1.1273e-01 -1.4142e-01 -2.1077e-01 -2.0686e-01 +3.1405e-02 -3.4945e-01 -6.9067e-01 +4.5694e-01 +4.3684e-01
35 0 +2.035602780e+02 +3.372602780e+02 +3.372602780e+02 +4.8520e-01 +3.2524e-02 -3.5604e-01 +2.6521e-01 +1.5325e-01 +1.5621e-02 -3.9706e-02 -2.5598e-01 +5.7509e-01 +6.1728e-01
42 0 +1.893491085e+02 +3.230491085e+02 +3.230491085e+02 +6.8018e-01 -4.7142e-02 -9.5047e-02 +1.1209e-01 -2.0488e-01 +1.2691e-01 +6.3325e-02 -5.1033e-01 +8.4382e-01 +3.5333e-01
45 0 +1.651172464e+02 +2.988172464e+02 +2.988172464e+02 +5.7990e-01 +6.4391e-02 -3.2728e-01 -3.5907e-02 -1.9339e-01 -2.6058e-02 -4.6495e-03 -5.5542e-01 +9.0564e-01 +6.2043e-01
100 0 +1.479409488e+02 +2.816409488e+02 +2.816409488e+02 +8.0876e-01 +5.3603e-01 -8.2525e-01 -6.3600e-02 -5.6713e-01 -1.8706e-01 +5.8360e-01 -1.0222e+00 +1.4298e+00 +1.3163e+00
136 0 +1.259579201e+02 +2.596579201e+02 +2.596579201e+02 +5.6953e-01 +8.8959e-01 -1.1157e+00 +1.6883e-03 -8.9239e-01 -8.1154e-02 +6.3634e-01 -1.1215e+00 +9.0898e-01 +1.3954e+00
230 0 +1.222163019e+02 +2.559163019e+02 +2.559163019e+02 +6.1245e-01 +1.0384e+00 -1.2557e+00 -8.5354e-02 -5.6590e-01 -6.1893e-02 +6.6059e-01 -1.0427e+00 +1.3262e+00 +1.2708e+00
397 0 +1.101321200e+02 +2.438321200e+02 +2.438321200e+02 +5.1369e-01 +1.0022e+00 -1.6707e+00 -1.5171e-01 -5.6270e-01 +7.6550e-02 +9.7980e-01 -1.0237e+00 +1.4511e+00 +1.5701e+00
483 0 +1.061567644e+02 +2.398567644e+02 +2.398567644e+02 +7.1236e-01 +8.9202e-01 -1.6535e+00 -1.4759e-01 -5.7470e-01 -7.0434e-02 +1.0299e+00 -1.0077e+00 +1.4406e+00 +1.3496e+00
502 0 +1.024469509e+02 +2.361469509e+02 +2.361469509e+02 +7.1024e-01 +9.3724e-01 -1.7331e+00 -9.6303e-02 -7.0468e-01 -4.9862e-02 +9.9267e-01 -1.0336e+00 +1.3714e+00 +1.3769e+00
509 0 +1.020006876e+02 +2.357006876e+02 +2.357006876e+02 +7.3301e-01 +8.8915e-01 -1.7575e+00 -5.6335e-02 -6.3365e-01 -1.6109e-01 +9.8112e-01 -1.0227e+00 +1.4594e+00 +1.4542e+00
536 0 +9.456350049e+01 +2.282635005e+02 +2.282635005e+02 +5.9904e-01 +1.0070e+00 -1.7517e+00 -9.8385e-02 -6.0718e-01 -1.2267e-01 +9.7685e-01 -1.0923e+00 +1.4368e+00 +1.4379e+00
594 0 +9.232185415e+01 +2.260218541e+02 +2.260218541e+02 +6.8341e-01 +1.0267e+00 -1.7757e+00 -6.2173e-02 -6.7329e-01 -1.8936e-02 +9.3898e-01 -1.0436e+00 +1.4583e+00 +1.4405e+00
597 0 +8.953763045e+01 +2.232376304e+02 +2.232376304e+02 +6.5549e-01 +9.9511e-01 -1.7622e+00 -8.7418e-02 -6.8469e-01 -6.0016e-03 +9.6734e-01 -1.0363e+00 +1.4231e+00 +1.4152e+00
614 0 +8.812521536e+01 +2.218252154e+02 +2.218252154e+02 +6.7700e-01 +9.8886e-01 -1.7510e+00 -1.0371e-01 -6.5360e-01 -3.5615e-02 +9.4844e-01 -1.0412e+00 +1.4595e+00 +1.4203e+00
657 0 +8.707073976e+01 +2.207707398e+02 +2.207707398e+02 +7.0106e-01 +9.9756e-01 -1.7472e+00 -1.1978e-01 -6.1230e-01 -3.7872e-02 +9.5364e-01 -1.0573e+00 +1.4251e+00 +1.3872e+00
708 0 +8.503150037e+01 +2.187315004e+02 +2.187315004e+02 +6.2194e-01 +9.8007e-01 -1.7650e+00 -1.5704e-01 -6.3375e-01 -3.7433e-02 +9.5969e-01 -1.0359e+00 +1.4318e+00 +1.4082e+00
943 0 +8.315226288e+01 +2.168522629e+02 +2.168522629e+02 +6.0629e-01 +9.7146e-01 -1.7835e+00 -1.5803e-01 -5.9824e-01 -3.1713e-02 +9.6118e-01 -1.0437e+00 +1.4387e+00 +1.3840e+00
% f evaluations | g evaluations | best noise-free fitness - Fopt (-2.098000000000e+01) + sum g_i+ | measured fitness | best measured fitness or single-digit g-values | x1 | x2...
1 0 +5.101331986e+02 +4.891531986e+02 +4.891531986e+02 +0.0000e+00 +0.0000e+00 +0.0000e+00 +0.0000e+00 +0.0000e+00 +0.0000e+00 +0.0000e+00 +0.0000e+00 +0.0000e+00 +0.0000e+00
3 0 +4.835668516e+02 +4.625868516e+02 +4.625868516e+02 +2.4817e-01 +6.3376e-02 -2.2359e-01 +8.0318e-02 +2.1275e-01 +5.3256e-02 -2.3477e-01 +7.8699e-02 +1.0710e-01 +2.4729e-01
10 0 +4.715056186e+02 +4.505256186e+02 +4.505256186e+02 +3.2216e-01 -3.3442e-01 +1.9285e-01 -3.1559e-01 -1.5896e-01 +1.8278e-01 -2.1053e-01 +1.4883e-01 -4.2076e-01 -2.0280e-01
12 0 +4.651602566e+02 +4.441802566e+02 +4.441802566e+02 +2.4520e-01 +3.1290e-02 +2.9604e-01 +1.5795e-01 -2.3722e-01 -2.0556e-02 -3.2119e-01 -5.4891e-01 -5.6575e-01 +5.1672e-01
23 0 +4.106279654e+02 +3.896479654e+02 +3.896479654e+02 +3.1612e-01 +2.3245e-01 -5.3425e-02 +1.3153e-01 +4.7926e-01 +6.9998e-01 -8.1223e-01 +1.9910e-01 -2.7057e-01 +6.4934e-01
25 0 +3.989391729e+02 +3.779591729e+02 +3.779591729e+02 +7.7144e-02 +1.9087e-01 -4.2963e-01 +7.3518e-02 +4.3942e-02 +3.5684e-01 -9.1127e-03 -8.2976e-02 -9.6557e-01 +5.6974e-01
34 0 +3.824210998e+02 +3.614410998e+02 +3.614410998e+02 +4.6702e-01 +1.8772e-01 -6.5906e-01 +3.7240e-02 -6.6304e-02 +6.4762e-02 -4.0731e-02 -1.9134e-01 -1.0668e+00 +6.9602e-01
46 0 +3.475856111e+02 +3.266056111e+02 +3.266056111e+02 +1.0671e+00 +4.2039e-01 -3.0272e-01 +5.2037e-01 +5.2255e-01 +8.5073e-03 -1.8377e-01 +4.7146e-01 -7.3958e-01 +9.7542e-01
56 0 +3.282935573e+02 +3.073135573e+02 +3.073135573e+02 +1.2770e+00 -4.5659e-02 -7.2948e-01 +6.4993e-01 +5.3461e-01 +2.0577e-01 -8.2598e-01 +9.1684e-01 -9.7820e-01 +1.1023e+00
67 0 +3.206459980e+02 +2.996659980e+02 +2.996659980e+02 +1.0845e+00 +1.1243e-02 -9.7318e-02 +5.9987e-01 +3.9845e-01 -1.3302e-01 -8.5661e-01 +7.9181e-01 -2.8709e-01 +1.6700e+00
68 0 +2.967493579e+02 +2.757693579e+02 +2.757693579e+02 +1.4906e+00 +6.9547e-01 -7.2700e-01 +3.5724e-01 -5.1896e-01 +4.2168e-01 -7.9577e-01 +9.8682e-01 -9.7245e-01 +1.7148e+00
72 0 +2.634073201e+02 +2.424273201e+02 +2.424273201e+02 +5.4895e-01 +3.6248e-01 -1.1935e-01 +1.2699e+00 +9.5389e-02 -2.1567e-01 -7.3135e-01 +6.3541e-01 -1.1200e+00 +2.0229e+00
74 0 +2.397381836e+02 +2.187581836e+02 +2.187581836e+02 +1.4483e+00 +1.0939e+00 -3.7870e-01 +1.0869e+00 +4.8167e-02 +9.2287e-01 -1.4494e+00 +1.1756e+00 -1.2016e+00 +1.9515e+00
80 0 +2.265441906e+02 +2.055641906e+02 +2.055641906e+02 +1.7777e+00 +8.4177e-01 -1.1804e+00 +1.0892e+00 +3.6567e-01 -1.3054e-01 -1.1288e+00 +1.8725e+00 -1.0394e+00 +1.6688e+00
89 0 +2.205112189e+02 +1.995312189e+02 +1.995312189e+02 +1.2326e+00 +8.4496e-01 -3.4712e-01 +8.7813e-01 +2.7305e-01 -2.8710e-01 -1.2383e+00 +1.7088e+00 -1.4912e+00 +2.1721e+00
91 0 +1.610024950e+02 +1.400224950e+02 +1.400224950e+02 +2.0836e+00 +9.4981e-01 -5.6668e-01 +1.4945e+00 -2.0957e-01 -2.6494e-01 -1.8685e+00 +1.4216e+00 -1.8121e+00 +2.8883e+00
105 0 +1.440654405e+02 +1.230854405e+02 +1.230854405e+02 +1.9621e+00 +2.0861e+00 -8.2367e-01 +2.4064e+00 -3.8436e-02 +2.9987e-01 -1.7984e+00 +2.5985e+00 -1.7041e+00 +4.1091e+00
118 0 +1.387157437e+02 +1.177357437e+02 +1.177357437e+02 +2.1345e+00 +9.9067e-01 -1.1162e+00 +1.5099e+00 -3.1063e-01 +8.6118e-02 -2.1128e+00 +1.7572e+00 -2.3803e+00 +3.5309e+00
121 0 +1.304538003e+02 +1.094738003e+02 +1.094738003e+02 +1.9898e+00 +1.0630e+00 -1.0734e+00 +1.6825e+00 -5.5921e-01 -1.5788e-01 -2.1448e+00 +2.2429e+00 -1.8950e+00 +3.4192e+00
158 0 +1.241035695e+02 +1.031235695e+02 +1.031235695e+02 +2.1292e+00 +1.0677e+00 -6.3209e-01 +1.3276e+00 +1.8900e-01 -9.6352e-02 -2.1583e+00 +2.3896e+00 -2.8155e+00 +3.8086e+00
176 0 +1.128623745e+02 +9.188237454e+01 +9.188237454e+01 +1.9002e+00 +6.9784e-01 -5.6095e-01 +1.7640e+00 +3.9444e-01 -2.0460e-01 -3.0114e+00 +3.0584e+00 -2.8174e+00 +4.1455e+00
184 0 +1.013179084e+02 +8.033790835e+01 +8.033790835e+01 +1.3257e+00 +8.3674e-01 -1.0956e+00 +1.5412e+00 +8.5351e-01 -5.1143e-01 -1.7799e+00 +3.0318e+00 -2.3391e+00 +4.2451e+00
188 0 +9.876012525e+01 +7.778012525e+01 +7.778012525e+01 +2.0638e+00 +6.6627e-01 -4.6433e-01 +1.7889e+00 +1.3230e+00 -7.8357e-01 -1.8206e+00 +2.7071e+00 -2.6097e+00 +3.5441e+00
243 0 +9.007679305e+01 +6.909679305e+01 +6.909679305e+01 +2.1048e+00 +3.2799e-01 -7.6313e-01 +1.5812e+00 +1.9519e-02 -7.0675e-01 -2.1914e+00 +2.7232e+00 -2.1126e+00 +4.1320e+00
247 0 +8.664864663e+01 +6.566864663e+01 +6.566864663e+01 +1.9015e+00 +1.0216e+00 -1.0421e+00 +1.8523e+00 +7.4873e-01 -6.9449e-01 -1.6583e+00 +2.3537e+00 -1.7177e+00 +4.0997e+00
255 0 +8.478601464e+01 +6.380601464e+01 +6.380601464e+01 +1.9600e+00 +8.4955e-01 -8.0726e-01 +1.9425e+00 +7.3247e-01 -6.3661e-01 -2.0737e+00 +3.3608e+00 -2.5035e+00 +3.8040e+00
276 0 +8.263258594e+01 +6.165258594e+01 +6.165258594e+01 +2.2840e+00 +9.6044e-01 -9.9718e-01 +1.7834e+00 +9.1606e-01 -6.5006e-01 -2.0593e+00 +2.9791e+00 -2.2252e+00 +4.5336e+00
377 0 +7.873885515e+01 +5.775885515e+01 +5.775885515e+01 +1.8244e+00 +9.2718e-01 -1.1752e+00 +1.9483e+00 +8.9988e-01 -5.3258e-01 -1.8256e+00 +3.0677e+00 -2.4798e+00 +4.4480e+00
395 0 +7.612245431e+01 +5.514245431e+01 +5.514245431e+01 +1.9211e+00 +9.7993e-01 -1.1677e+00 +1.9672e+00 +9.7205e-01 -6.8647e-01 -1.7994e+00 +3.3777e+00 -2.4860e+00 +4.4817e+00
558 0 +7.546766055e+01 +5.448766055e+01 +5.448766055e+01 +1.9191e+00 +1.0545e+00 -1.1319e+00 +1.9173e+00 +7.8867e-01 -5.7459e-01 -1.8056e+00 +3.0233e+00 -2.1512e+00 +4.0206e+00
566 0 +7.372499723e+01 +5.274499723e+01 +5.274499723e+01 +1.8838e+00 +9.8367e-01 -1.1104e+00 +1.8887e+00 +7.7874e-01 -5.7765e-01 -1.7618e+00 +3.0186e+00 -2.1816e+00 +4.0696e+00
568 0 +7.032087634e+01 +4.934087634e+01 +4.934087634e+01 +1.9218e+00 +1.0037e+00 -1.2292e+00 +1.9111e+00 +8.1072e-01 -6.8218e-01 -1.7701e+00 +3.0625e+00 -2.1442e+00 +4.1194e+00
571 0 +6.478401458e+01 +4.380401458e+01 +4.380401458e+01 +1.9487e+00 +1.0567e+00 -1.1018e+00 +1.9170e+00 +7.7607e-01 -7.0094e-01 -1.8134e+00 +3.0515e+00 -2.1475e+00 +4.1327e+00
584 0 +6.344422498e+01 +4.246422498e+01 +4.246422498e+01 +2.0130e+00 +9.8710e-01 -1.1768e+00 +1.8794e+00 +7.6951e-01 -7.0203e-01 -1.8371e+00 +3.0538e+00 -2.1363e+00 +4.1057e+00
591 0 +6.198365292e+01 +4.100365292e+01 +4.100365292e+01 +1.9265e+00 +1.0183e+00 -1.1917e+00 +1.9015e+00 +7.8184e-01 -6.0535e-01 -1.7964e+00 +3.0443e+00 -2.1299e+00 +4.1149e+00
619 0 +6.129017990e+01 +4.031017990e+01 +4.031017990e+01 +1.9011e+00 +9.7910e-01 -1.1863e+00 +1.9461e+00 +7.7080e-01 -6.1898e-01 -1.7684e+00 +2.9898e+00 -2.1188e+00 +4.1843e+00
656 0 +6.000524122e+01 +3.902524122e+01 +3.902524122e+01 +1.9316e+00 +1.0494e+00 -1.1210e+00 +1.9594e+00 +8.1561e-01 -5.8519e-01 -1.7531e+00 +2.9980e+00 -2.1402e+00 +4.1693e+00
678 0 +5.677085690e+01 +3.579085690e+01 +3.579085690e+01 +1.9804e+00 +9.9813e-01 -1.1049e+00 +1.9245e+00 +8.4818e-01 -6.4140e-01 -1.7940e+00 +3.0133e+00 -2.1492e+00 +4.1673e+00
699 0 +5.301687162e+01 +3.203687162e+01 +3.203687162e+01 +1.9918e+00 +1.0129e+00 -1.1631e+00 +1.8856e+00 +8.1571e-01 -6.5380e-01 -1.7882e+00 +2.9948e+00 -2.1225e+00 +4.1350e+00
743 0 +5.244531255e+01 +3.146531255e+01 +3.146531255e+01 +1.9851e+00 +1.0222e+00 -1.1855e+00 +1.8756e+00 +7.9416e-01 -6.5024e-01 -1.8112e+00 +2.9762e+00 -2.1377e+00 +4.1669e+00
789 0 +5.007927571e+01 +2.909927571e+01 +2.909927571e+01 +2.0193e+00 +1.0160e+00 -1.1679e+00 +1.8753e+00 +8.1993e-01 -5.9213e-01 -1.8201e+00 +2.9955e+00 -2.1417e+00 +4.1740e+00
925 0 +4.894932592e+01 +2.796932592e+01 +2.796932592e+01 +2.0014e+00 +9.9954e-01 -1.1434e+00 +1.8722e+00 +8.1254e-01 -5.7867e-01 -1.8084e+00 +2.9855e+00 -2.1225e+00 +4.1676e+00
1059 0 +4.779271800e+01 +2.681271800e+01 +2.681271800e+01 +2.0315e+00 +1.0039e+00 -1.1581e+00 +1.8559e+00 +7.9450e-01 -5.6278e-01 -1.8227e+00 +2.9804e+00 -2.1276e+00 +4.1686e+00
1171 0 +4.667454157e+01 +2.569454157e+01 +2.569454157e+01 +2.0417e+00 +1.0040e+00 -1.1437e+00 +1.8462e+00 +7.8676e-01 -5.3170e-01 -1.8118e+00 +2.9835e+00 -2.1342e+00 +4.1602e+00
1302 0 +4.567275035e+01 +2.469275035e+01 +2.469275035e+01 +2.0733e+00 +9.9491e-01 -1.1428e+00 +1.8167e+00 +7.9284e-01 -5.0812e-01 -1.8149e+00 +2.9845e+00 -2.1211e+00 +4.1661e+00
1541 0 +4.462077928e+01 +2.364077928e+01 +2.364077928e+01 +2.0587e+00 +1.0016e+00 -1.1363e+00 +1.7615e+00 +8.1539e-01 -5.0701e-01 -1.8169e+00 +2.9878e+00 -2.1213e+00 +4.1586e+00
1645 0 +4.350650930e+01 +2.252650930e+01 +2.252650930e+01 +2.0581e+00 +1.0180e+00 -1.1428e+00 +1.7035e+00 +8.1552e-01 -4.9908e-01 -1.8153e+00 +2.9861e+00 -2.1254e+00 +4.1473e+00
1665 0 +4.253203284e+01 +2.155203284e+01 +2.155203284e+01 +2.0608e+00 +1.0193e+00 -1.1395e+00 +1.6622e+00 +8.0196e-01 -5.0683e-01 -1.8217e+00 +2.9837e+00 -2.1307e+00 +4.1480e+00
1710 0 +4.143916972e+01 +2.045916972e+01 +2.045916972e+01 +2.0594e+00 +1.0294e+00 -1.1407e+00 +1.5827e+00 +8.0441e-01 -4.9270e-01 -1.8199e+00 +2.9917e+00 -2.1155e+00 +4.1458e+00
% f evaluations | g evaluations | best noise-free fitness - Fopt (1.353300000000e+02) + sum g_i+ | measured fitness | best measured fitness or single-digit g-values | x1 | x2...
1 0 +5.310119462e+02 +6.663419462e+02 +6.663419462e+02 +0.0000e+00 +0.0000e+00 +0.0000e+00 +0.0000e+00 +0.0000e+00 +0.0000e+00 +0.0000e+00 +0.0000e+00 +0.0000e+00 +0.0000e+00
2 0 +5.129493168e+02 +6.482793168e+02 +6.482793168e+02 +4.3379e-01 +3.0692e-02 +9.8026e-02 +3.4094e-01 +2.4727e-01 +1.7369e-01 -1.1375e-01 -3.0566e-01 +1.1285e-01 -1.5359e-01
6 0 +5.087172967e+02 +6.440472967e+02 +6.440472967e+02 +1.8723e-01 -2.5702e-01 +1.5212e-01 +1.5671e-02 +5.1476e-01 -6.3323e-02 +3.7553e-01 -3.4671e-01 +9.3874e-02 -2.1343e-01
8 0 +4.324262236e+02 +5.677562236e+02 +5.677562236e+02 +6.0234e-01 +2.6527e-01 +2.8700e-01 -7.0577e-01 +5.2611e-01 +2.0125e-02 -3.9010e-01 +9.9670e-02 +3.8961e-01 -4.6269e-01
20 0 +3.956138794e+02 +5.309438794e+02 +5.309438794e+02 +7.7234e-01 +4.5274e-01 +1.6287e-01 +2.5202e-01 +4.4834e-01 +2.4032e-01 -5.2068e-01 -1.1237e-01 -6.5614e-01 -5.4054e-01
30 0 +3.513815217e+02 +4.867115217e+02 +4.867115217e+02 +5.7092e-01 -2.0462e-01 -2.3636e-01 -2.7263e-01 +2.1984e-01 +1.9988e-01 -4.5826e-02 +4.2444e-01 -7.2505e-01 -5.3203e-01
130 0 +3.433816456e+02 +4.787116456e+02 +4.787116456e+02 +7.8978e-01 +2.0264e-01 -4.3466e-01 -2.4426e-01 -3.4873e-01 -7.4490e-02 +6.2074e-01 +2.8235e-01 -1.2222e+00 -4.5377e-01
131 0 +3.033103011e+02 +4.386403011e+02 +4.386403011e+02 +4.2027e-01 -5.7559e-02 +4.7345e-02 -2.0868e-01 -5.4211e-02 -1.8065e-01 +5.0473e-01 +6.2455e-01 -7.2868e-01 -6.8984e-01
153 0 +2.919306384e+02 +4.272606384e+02 +4.272606384e+02 -9.7924e-02 -2.1074e-02 +1.2061e-01 -2.1057e-01 +1.6362e-01 -1.1194e-01 +2.2429e-01 +3.6763e-01 -7.3623e-01 -9.1078e-01
174 0 +2.534548526e+02 +3.887848526e+02 +3.887848526e+02 +1.3831e-02 -3.4568e-01 +3.1392e-01 -6.6906e-01 +6.6434e-01 -5.1683e-01 +4.4020e-02 +5.1629e-01 -6.4855e-01 -1.0955e+00
188 0 +2.440669601e+02 +3.793969601e+02 +3.793969601e+02 +3.8805e-01 -2.3168e-01 +1.8204e-01 -2.6966e-01 +7.2371e-01 -4.1894e-01 +6.0054e-01 +6.5596e-01 -9.1200e-01 -1.1039e+00
202 0 +2.145920349e+02 +3.499220349e+02 +3.499220349e+02 +4.2725e-01 +2.5099e-03 +1.3779e-01 -6.8470e-01 +8.0725e-01 -4.4271e-01 +4.4375e-01 +2.8238e-01 -5.1602e-01 -1.3270e+00
203 0 +1.960379506e+02 +3.313679506e+02 +3.313679506e+02 +6.0652e-01 -7.3569e-02 +2.0086e-01 -6.8758e-01 +1.5947e-01 -6.3464e-01 +3.9562e-01 +2.5216e-01 -9.8752e-01 -1.4858e+00
206 0 +1.933183373e+02 +3.286483373e+02 +3.286483373e+02 -1.3174e-01 -3.2529e-02 +3.9844e-01 -7.7371e-01 +7.1935e-01 -7.1516e-01 +8.1790e-01 +6.3996e-01 -7.1200e-01 -1.6223e+00
256 0 +1.707563319e+02 +3.060863319e+02 +3.060863319e+02 +5.3533e-01 -1.5995e-01 +2.2152e-01 -1.1286e+00 +5.7061e-01 -6.3731e-01 +5.2619e-01 +8.7888e-01 -1.2692e+00 -1.9643e+00
305 0 +1.547622519e+02 +2.900922519e+02 +2.900922519e+02 +5.1539e-01 -1.1592e-01 +2.0284e-01 -1.1811e+00 +9.3072e-02 -5.6325e-01 +2.8472e-01 +8.9819e-01 -1.1606e+00 -1.8249e+00
315 0 +1.485736585e+02 +2.839036585e+02 +2.839036585e+02 +3.9584e-01 -2.1197e-01 +1.0033e-03 -1.1675e+00 +1.4073e-01 -6.8449e-01 +8.6545e-01 +1.0178e+00 -1.7799e+00 -1.6090e+00
330 0 +1.416181779e+02 +2.769481779e+02 +2.769481779e+02 +4.2070e-01 -1.3880e-01 +2.1726e-01 -1.3240e+00 +7.0001e-01 -7.1132e-01 +1.2057e-01 +9.9775e-01 -1.6481e+00 -1.9497e+00
360 0 +1.256713321e+02 +2.610013321e+02 +2.610013321e+02 +2.8282e-01 -1.7850e-01 +2.3044e-01 -1.3768e+00 +7.1982e-01 -5.4877e-01 +2.9550e-01 +7.8107e-01 -2.0819e+00 -2.4685e+00
400 0 +1.205815071e+02 +2.559115071e+02 +2.559115071e+02 +4.7593e-01 -3.2809e-01 +1.2045e-01 -1.2951e+00 +7.0453e-01 -6.3350e-01 +3.7983e-02 +1.0059e+00 -1.6786e+00 -2.1015e+00
432 0 +1.076090826e+02 +2.429390826e+02 +2.429390826e+02 +4.7649e-01 -6.5001e-01 +2.9154e-01 -1.2593e+00 +7.6770e-01 -6.2056e-01 +2.4795e-01 +9.4295e-01 -1.7286e+00 -2.5088e+00
561 0 +1.069699544e+02 +2.422999544e+02 +2.422999544e+02 +4.6290e-01 -6.3998e-01 +2.5430e-01 -1.4329e+00 +6.7002e-01 -6.5046e-01 +2.7143e-01 +1.2957e+00 -1.7698e+00 -2.8048e+00
568 0 +1.038966680e+02 +2.392266680e+02 +2.392266680e+02 +4.3916e-01 -6.8135e-01 +1.2919e-01 -1.3793e+00 +7.3196e-01 -6.4293e-01 +2.4297e-01 +1.1785e+00 -1.7843e+00 -2.7702e+00
586 0 +1.022024891e+02 +2.375324891e+02 +2.375324891e+02 +5.0974e-01 -6.5411e-01 +2.1971e-01 -1.3680e+00 +6.8608e-01 -5.8506e-01 +2.7825e-01 +1.1392e+00 -1.7880e+00 -2.7758e+00
588 0 +9.521250622e+01 +2.305425062e+02 +2.305425062e+02 +4.9921e-01 -7.8466e-01 +1.5840e-01 -1.3706e+00 +6.8160e-01 -6.1922e-01 +3.7486e-01 +1.3666e+00 -1.8278e+00 -2.8240e+00
627 0 +9.068994423e+01 +2.260199442e+02 +2.260199442e+02 +5.1863e-01 -7.7548e-01 +2.2146e-01 -1.3136e+00 +8.0406e-01 -5.7610e-01 +2.5785e-01 +1.3675e+00 -1.7639e+00 -2.8112e+00
629 0 +8.707544444e+01 +2.224054444e+02 +2.224054444e+02 +4.7090e-01 -8.0354e-01 +1.1094e-01 -1.3698e+00 +6.9408e-01 -5.0509e-01 +3.6935e-01 +1.3877e+00 -1.6624e+00 -2.7834e+00
665 0 +8.342688716e+01 +2.187568872e+02 +2.187568872e+02 +5.5994e-01 -7.6571e-01 +1.0131e-01 -1.3540e+00 +7.9799e-01 -5.9882e-01 +2.8963e-01 +1.4043e+00 -1.7466e+00 -2.7898e+00
666 0 +7.538146940e+01 +2.107114694e+02 +2.107114694e+02 +5.5181e-01 -8.4757e-01 +1.0944e-01 -1.4168e+00 +7.6204e-01 -5.6139e-01 +2.6841e-01 +1.5217e+00 -1.8562e+00 -2.8016e+00
695 0 +7.176928746e+01 +2.070992875e+02 +2.070992875e+02 +4.9626e-01 -9.4256e-01 +1.3040e-01 -1.3798e+00 +7.4832e-01 -5.8622e-01 +3.0081e-01 +1.4878e+00 -1.6941e+00 -2.7097e+00
716 0 +6.859446484e+01 +2.039244648e+02 +2.039244648e+02 +5.4623e-01 -8.5914e-01 +1.4185e-01 -1.3715e+00 +7.2403e-01 -5.8210e-01 +2.8853e-01 +1.5048e+00 -1.7216e+00 -2.7162e+00
723 0 +6.747756584e+01 +2.028075658e+02 +2.028075658e+02 +4.7463e-01 -9.1608e-01 +1.1800e-01 -1.4384e+00 +7.2376e-01 -6.0774e-01 +2.6982e-01 +1.5328e+00 -1.7770e+00 -2.7712e+00
747 0 +6.558016855e+01 +2.009101685e+02 +2.009101685e+02 +4.6323e-01 -8.8004e-01 +1.2827e-01 -1.4354e+00 +7.4466e-01 -6.0407e-01 +2.7425e-01 +1.4742e+00 -1.6692e+00 -2.7663e+00
785 0 +6.416759565e+01 +1.994975957e+02 +1.994975957e+02 +5.4665e-01 -8.8257e-01 +1.3020e-01 -1.4202e+00 +7.4548e-01 -5.8145e-01 +2.8136e-01 +1.5087e+00 -1.6865e+00 -2.7609e+00
860 0 +6.307192725e+01 +1.984019272e+02 +1.984019272e+02 +5.5269e-01 -8.8782e-01 +1.3512e-01 -1.4114e+00 +7.4049e-01 -5.7367e-01 +2.5293e-01 +1.5089e+00 -1.6676e+00 -2.7717e+00
% f evaluations | g evaluations | best noise-free fitness - Fopt (4.066000000000e+01) + sum g_i+ | measured fitness | best measured fitness or single-digit g-values | x1 | x2...
1 0 +3.571344595e+02 +3.977944595e+02 +3.977944595e+02 +0.0000e+00 +0.0000e+00 +0.0000e+00 +0.0000e+00 +0.0000e+00 +0.0000e+00 +0.0000e+00 +0.0000e+00 +0.0000e+00 +0.0000e+00
2 0 +3.438414540e+02 +3.845014540e+02 +3.845014540e+02 +4.3379e-01 +3.0692e-02 +9.8026e-02 +3.4094e-01 +2.4727e-01 +1.7369e-01 -1.1375e-01 -3.0566e-01 +1.1285e-01 -1.5359e-01
6 0 +3.363594054e+02 +3.770194054e+02 +3.770194054e+02 +1.8723e-01 -2.5702e-01 +1.5212e-01 +1.5671e-02 +5.1476e-01 -6.3323e-02 +3.7553e-01 -3.4671e-01 +9.3874e-02 -2.1343e-01
7 0 +3.307055089e+02 +3.713655089e+02 +3.713655089e+02 -2.6321e-01 +2.3560e-01 -2.9494e-01 -4.1433e-02 -2.1060e-01 +1.1878e-01 +8.3286e-02 -6.4943e-01 +2.1039e-01 -1.8282e-01
8 0 +3.214646867e+02 +3.621246867e+02 +3.621246867e+02 +6.0234e-01 +2.6527e-01 +2.8700e-01 -7.0577e-01 +5.2611e-01 +2.0125e-02 -3.9010e-01 +9.9670e-02 +3.8961e-01 -4.6269e-01
17 0 +2.620903367e+02 +3.027503367e+02 +3.027503367e+02 -1.4868e-01 -3.7861e-01 -2.8964e-01 -3.5145e-01 +7.0095e-02 +5.6811e-01 -1.3216e-01 -5.1265e-01 +4.3613e-01 -2.8094e-01
38 0 +2.441528387e+02 +2.848128387e+02 +2.848128387e+02 +9.2784e-01 +8.8336e-02 +8.9141e-02 -1.5905e-01 +2.6154e-02 -1.4426e-01 -3.6857e-01 -9.5957e-01 +1.0289e+00 +2.7758e-01
44 0 +2.321370092e+02 +2.727970092e+02 +2.727970092e+02 +7.7275e-01 -2.4839e-01 +1.2236e-02 -3.4607e-01 +4.1882e-03 -1.6646e-02 -3.8086e-01 -5.6975e-01 +1.3475e+00 +1.9570e-01
51 0 +2.252932641e+02 +2.659532641e+02 +2.659532641e+02 +6.4618e-01 +2.4645e-01 +6.6603e-02 -4.7235e-01 +2.8547e-01 +2.5931e-01 -3.0097e-01 -9.3936e-01 +1.1659e+00 +3.9765e-01
54 0 +2.019137245e+02 +2.425737245e+02 +2.425737245e+02 +1.3994e+00 -4.2258e-01 +2.9662e-02 -4.2033e-01 -8.2149e-02 +4.8543e-01 -5.4116e-01 -9.8043e-01 +1.0926e+00 +4.5825e-01
63 0 +1.734608361e+02 +2.141208361e+02 +2.141208361e+02 +1.3815e+00 -3.9089e-01 +2.1421e-01 -4.2739e-01 -3.8913e-01 +7.1677e-01 -9.2265e-01 -9.1423e-01 +2.4829e+00 +5.9819e-01
73 0 +1.616902504e+02 +2.023502504e+02 +2.023502504e+02 +1.2203e+00 -2.3223e-01 +6.7865e-02 -8.7174e-01 -5.0795e-01 +5.7232e-02 -3.7719e-01 -9.4585e-01 +2.1476e+00 +9.7156e-01
75 0 +1.556205559e+02 +1.962805559e+02 +1.962805559e+02 +1.2387e+00 -3.8874e-01 -2.5007e-02 -1.7989e+00 -6.0948e-01 +1.7765e-01 -1.4554e+00 -1.8729e+00 +2.4962e+00 +5.0671e-01
90 0 +1.406739300e+02 +1.813339300e+02 +1.813339300e+02 +1.2987e+00 -8.0109e-01 +8.5371e-01 -8.2372e-01 -1.0261e-01 +9.9388e-01 -1.7806e+00 -1.4522e+00 +3.2067e+00 +1.1207e+00
153 0 +1.347461155e+02 +1.754061155e+02 +1.754061155e+02 +8.3854e-01 -4.4737e-01 +8.6170e-01 -8.0508e-01 +6.3670e-01 -1.6014e-01 -1.5889e+00 -2.1586e+00 +2.9209e+00 +7.4428e-01
155 0 +1.189013006e+02 +1.595613006e+02 +1.595613006e+02 +1.2971e+00 -3.5601e-01 +7.5621e-01 -6.8933e-01 +2.7117e-02 -3.6563e-01 -1.0381e+00 -1.8860e+00 +2.9755e+00 +1.7248e+00
161 0 +1.165759689e+02 +1.572359689e+02 +1.572359689e+02 +1.1375e+00 -4.7031e-01 +8.3003e-01 -7.6385e-01 +9.0034e-02 -3.0233e-01 -1.4473e+00 -2.2189e+00 +2.5163e+00 +1.1713e+00
165 0 +1.004776638e+02 +1.411376638e+02 +1.411376638e+02 +1.2737e+00 -3.1422e-01 +8.7804e-01 -1.2964e+00 -5.5144e-02 -3.3302e-01 -2.1828e+00 -2.2713e+00 +3.1875e+00 +1.6612e+00
279 0 +9.252016929e+01 +1.331801693e+02 +1.331801693e+02 +1.0467e+00 -4.8066e-01 +7.3758e-01 -7.5351e-01 +4.1401e-02 -7.5639e-01 -1.4384e+00 -2.5146e+00 +2.9159e+00 +1.6075e+00
305 0 +8.618770474e+01 +1.268477047e+02 +1.268477047e+02 +1.1606e+00 -3.9064e-01 +7.9404e-01 -1.3249e+00 -5.9179e-02 -8.2877e-01 -1.8983e+00 -2.5474e+00 +3.2408e+00 +1.6240e+00
324 0 +8.336695597e+01 +1.240269560e+02 +1.240269560e+02 +1.3627e+00 -5.0657e-01 +7.1623e-01 -1.2563e+00 -1.3497e-01 -8.7489e-01 -2.0866e+00 -2.9741e+00 +3.2321e+00 +2.0317e+00
374 0 +7.070595743e+01 +1.113659574e+02 +1.113659574e+02 +9.1203e-01 -4.0593e-01 +8.2892e-01 -1.1770e+00 +9.2208e-02 -8.5076e-01 -1.6593e+00 -2.6047e+00 +2.8644e+00 +1.6392e+00
473 0 +6.385369507e+01 +1.045136951e+02 +1.045136951e+02 +1.1350e+00 -5.2986e-01 +7.7662e-01 -1.2002e+00 +7.1140e-02 -8.4825e-01 -1.6573e+00 -2.5805e+00 +2.9201e+00 +1.6558e+00
521 0 +6.291514141e+01 +1.035751414e+02 +1.035751414e+02 +1.0254e+00 -4.9976e-01 +8.2316e-01 -1.2170e+00 +8.8141e-02 -8.6497e-01 -1.6572e+00 -2.5268e+00 +2.9077e+00 +1.6264e+00
528 0 +6.090996087e+01 +1.015699609e+02 +1.015699609e+02 +1.0194e+00 -4.8427e-01 +8.0838e-01 -1.2265e+00 +4.9601e-02 -8.8471e-01 -1.6695e+00 -2.5085e+00 +2.9400e+00 +1.6550e+00
605 0 +5.979295760e+01 +1.004529576e+02 +1.004529576e+02 +1.0720e+00 -4.7348e-01 +8.1536e-01 -1.2319e+00 +3.4248e-02 -8.4995e-01 -1.6533e+00 -2.5376e+00 +2.9323e+00 +1.6312e+00
635 0 +5.868887090e+01 +9.934887090e+01 +9.934887090e+01 +1.0920e+00 -4.5799e-01 +8.0122e-01 -1.2179e+00 +6.7993e-02 -8.6147e-01 -1.6609e+00 -2.5506e+00 +2.9409e+00 +1.6549e+00
762 0 +5.740178562e+01 +9.806178562e+01 +9.806178562e+01 +1.0861e+00 -4.2931e-01 +7.8044e-01 -1.2432e+00 +5.6354e-02 -8.6037e-01 -1.6577e+00 -2.5354e+00 +2.9414e+00 +1.6488e+00
1066 0 +5.621248825e+01 +9.687248825e+01 +9.687248825e+01 +1.0816e+00 -3.9799e-01 +7.8221e-01 -1.2954e+00 +3.5891e-02 -8.7373e-01 -1.6631e+00 -2.5421e+00 +2.9308e+00 +1.6585e+00
1266 0 +5.485472154e+01 +9.551472154e+01 +9.551472154e+01 +1.0990e+00 -3.7068e-01 +7.6585e-01 -1.3953e+00 +1.2016e-02 -8.8058e-01 -1.6676e+00 -2.5479e+00 +2.9419e+00 +1.6492e+00
1310 0 +5.366248119e+01 +9.432248119e+01 +9.432248119e+01 +1.1006e+00 -3.3450e-01 +7.6303e-01 -1.4815e+00 +7.4914e-03 -8.7523e-01 -1.6585e+00 -2.5313e+00 +2.9498e+00 +1.6405e+00
1424 0 +5.243168031e+01 +9.309168031e+01 +9.309168031e+01 +1.0643e+00 -3.3567e-01 +7.9666e-01 -1.4945e+00 +3.7776e-02 -8.6800e-01 -1.6664e+00 -2.5425e+00 +2.9407e+00 +1.6476e+00
