% f evaluations | g evaluations | best noise-free fitness - Fopt (-5.235000000000e+01) + sum g_i+ | measured fitness | best measured fitness or single-digit g-values | x1 | x2...
1 0 +1.487914355e+00 -5.086208564e+01 -5.086208564e+01 +0.0000e+00 +0.0000e+00
5 0 +1.039946444e+00 -5.131005356e+01 -5.131005356e+01 -1.1375e-01 -3.0566e-01
40 0 +1.008570574e+00 -5.134142943e+01 -5.134142943e+01 -1.4932e-01 -3.1113e-01
44 0 +9.969796778e-01 -5.135302032e+01 -5.135302032e+01 -1.8036e-03 -6.4743e-01
53 0 +8.301528113e-01 -5.151984719e+01 -5.151984719e+01 -1.2225e-01 -8.3758e-01
62 0 +7.077463914e-01 -5.164225361e+01 -5.164225361e+01 -2.1469e-01 -9.6438e-01
67 0 +5.554713834e-01 -5.179452862e+01 -5.179452862e+01 -2.9707e-01 -1.2428e+00
74 0 +2.638475640e-01 -5.208615244e+01 -5.208615244e+01 -7.2283e-01 -8.0887e-01
79 0 +2.425979213e-01 -5.210740208e+01 -5.210740208e+01 -6.7710e-01 -1.0365e+00
89 0 +2.196869074e-01 -5.213031309e+01 -5.213031309e+01 -9.3571e-01 -1.7495e+00
90 0 +7.000551488e-02 -5.227999449e+01 -5.227999449e+01 -8.4528e-01 -1.5759e+00
114 0 +4.674432787e-02 -5.230325567e+01 -5.230325567e+01 -7.7664e-01 -1.4203e+00
120 0 +1.356669965e-02 -5.233643330e+01 -5.233643330e+01 -8.6940e-01 -1.2025e+00
124 0 +6.507818430e-03 -5.234349218e+01 -5.234349218e+01 -8.7211e-01 -1.2195e+00
168 0 +5.513687072e-03 -5.234448631e+01 -5.234448631e+01 -9.0951e-01 -1.1260e+00
195 0 +1.537192118e-03 -5.234846281e+01 -5.234846281e+01 -8.4784e-01 -1.3287e+00
198 0 +2.194268352e-05 -5.234997806e+01 -5.234997806e+01 -8.7529e-01 -1.2327e+00
576 0 +1.987593256e-05 -5.234998012e+01 -5.234998012e+01 -8.7863e-01 -1.2203e+00
581 0 +1.748406628e-05 -5.234998252e+01 -5.234998252e+01 -8.7850e-01 -1.2208e+00
582 0 +1.727426990e-05 -5.234998273e+01 -5.234998273e+01 -8.7870e-01 -1.2201e+00
584 0 +1.037467065e-05 -5.234998963e+01 -5.234998963e+01 -8.7724e-01 -1.2255e+00
587 0 +3.063052539e-06 -5.234999694e+01 -5.234999694e+01 -8.7532e-01 -1.2325e+00
600 0 +2.650576057e-06 -5.234999735e+01 -5.234999735e+01 -8.7382e-01 -1.2381e+00
631 0 +6.043650771e-07 -5.234999940e+01 -5.234999940e+01 -8.7339e-01 -1.2397e+00
638 0 +4.758076244e-07 -5.234999952e+01 -5.234999952e+01 -8.7296e-01 -1.2412e+00
642 0 +1.118177835e-07 -5.234999989e+01 -5.234999989e+01 -8.7292e-01 -1.2414e+00
681 0 +3.041400731e-08 -5.234999997e+01 -5.234999997e+01 -8.7168e-01 -1.2460e+00
695 0 +2.296970081e-08 -5.234999998e+01 -5.234999998e+01 -8.7176e-01 -1.2457e+00
703 0 +1.552499640e-08 -5.234999998e+01 -5.234999998e+01 -8.7197e-01 -1.2449e+00
708 0 +9.384045541e-09 -5.234999999e+01 -5.234999999e+01 -8.7203e-01 -1.2447e+00
1744 0 +0.000000000e+00 -5.235000000e+01 -5.235000000e+01 -8.7200e-01 -1.2448e+00
% f evaluations | g evaluations | best noise-free fitness - Fopt (-1.795400000000e+02) + sum g_i+ | measured fitness | best measured fitness or single-digit g-values | x1 | x2...
1 0 +7.250272884e-01 -1.788149727e+02 -1.788149727e+02 +0.0000e+00 +0.0000e+00
2 0 +2.314702737e-01 -1.793085297e+02 -1.793085297e+02 +4.3379e-01 +3.0692e-02
10 0 +1.061112616e-01 -1.794338887e+02 -1.794338887e+02 +5.3630e-01 +1.4690e-01
23 0 +4.863551192e-02 -1.794913645e+02 -1.794913645e+02 +7.8428e-01 +3.8978e-01
26 0 +3.153522031e-02 -1.795084648e+02 -1.795084648e+02 +6.4688e-01 +2.8254e-01
57 0 +1.279500568e-03 -1.795387205e+02 -1.795387205e+02 +7.4526e-01 +4.2148e-01
77 0 +1.242935486e-03 -1.795387571e+02 -1.795387571e+02 +7.4933e-01 +4.2624e-01
106 0 +1.185355671e-03 -1.795388146e+02 -1.795388146e+02 +7.6267e-01 +4.5631e-01
108 0 +1.163677578e-03 -1.795388363e+02 -1.795388363e+02 +7.8328e-01 +4.9618e-01
123 0 +4.335754892e-04 -1.795395664e+02 -1.795395664e+02 +7.9522e-01 +5.1579e-01
159 0 +9.969989549e-05 -1.795399003e+02 -1.795399003e+02 +7.7255e-01 +4.7285e-01
197 0 +7.911098513e-05 -1.795399209e+02 -1.795399209e+02 +7.7394e-01 +4.7562e-01
233 0 +5.774389464e-05 -1.795399423e+02 -1.795399423e+02 +7.7647e-01 +4.8054e-01
241 0 +5.285784115e-05 -1.795399471e+02 -1.795399471e+02 +7.7642e-01 +4.8040e-01
281 0 +4.761759160e-05 -1.795399524e+02 -1.795399524e+02 +7.7698e-01 +4.8149e-01
323 0 +4.622487819e-05 -1.795399538e+02 -1.795399538e+02 +7.7721e-01 +4.8190e-01
333 0 +4.524286322e-05 -1.795399548e+02 -1.795399548e+02 +7.7732e-01 +4.8215e-01
340 0 +4.410475947e-05 -1.795399559e+02 -1.795399559e+02 +7.7737e-01 +4.8222e-01
374 0 +4.350633876e-05 -1.795399565e+02 -1.795399565e+02 +7.7745e-01 +4.8237e-01
415 0 +4.264405175e-05 -1.795399574e+02 -1.795399574e+02 +7.7755e-01 +4.8257e-01
433 0 +4.140727367e-05 -1.795399586e+02 -1.795399586e+02 +7.7772e-01 +4.8290e-01
444 0 +4.073714433e-05 -1.795399593e+02 -1.795399593e+02 +7.7780e-01 +4.8307e-01
460 0 +3.866329280e-05 -1.795399613e+02 -1.795399613e+02 +7.7813e-01 +4.8370e-01
465 0 +3.734614705e-05 -1.795399627e+02 -1.795399627e+02 +7.7834e-01 +4.8411e-01
475 0 +3.301598369e-05 -1.795399670e+02 -1.795399670e+02 +7.7924e-01 +4.8586e-01
492 0 +3.006457663e-05 -1.795399699e+02 -1.795399699e+02 +7.7937e-01 +4.8611e-01
496 0 +2.935918681e-05 -1.795399706e+02 -1.795399706e+02 +7.7944e-01 +4.8622e-01
501 0 +2.714556547e-05 -1.795399729e+02 -1.795399729e+02 +7.8027e-01 +4.8786e-01
506 0 +2.386902690e-05 -1.795399761e+02 -1.795399761e+02 +7.8094e-01 +4.8916e-01
517 0 +1.784043883e-05 -1.795399822e+02 -1.795399822e+02 +7.8289e-01 +4.9292e-01
520 0 +1.679816984e-05 -1.795399832e+02 -1.795399832e+02 +7.8188e-01 +4.9096e-01
521 0 +1.176624207e-05 -1.795399882e+02 -1.795399882e+02 +7.8356e-01 +4.9420e-01
541 0 +1.154895097e-05 -1.795399885e+02 -1.795399885e+02 +7.8519e-01 +4.9737e-01
548 0 +5.398178729e-06 -1.795399946e+02 -1.795399946e+02 +7.8596e-01 +4.9883e-01
558 0 +3.059141704e-06 -1.795399969e+02 -1.795399969e+02 +7.8779e-01 +5.0238e-01
594 0 +1.625983003e-06 -1.795399984e+02 -1.795399984e+02 +7.8831e-01 +5.0337e-01
608 0 +9.406710149e-07 -1.795399991e+02 -1.795399991e+02 +7.8927e-01 +5.0524e-01
615 0 +6.345252075e-07 -1.795399994e+02 -1.795399994e+02 +7.9213e-01 +5.1077e-01
636 0 +5.942213477e-07 -1.795399994e+02 -1.795399994e+02 +7.9059e-01 +5.0778e-01
638 0 +4.673636340e-07 -1.795399995e+02 -1.795399995e+02 +7.9009e-01 +5.0682e-01
649 0 +1.405343539e-07 -1.795399999e+02 -1.795399999e+02 +7.9133e-01 +5.0921e-01
664 0 +1.246755517e-07 -1.795399999e+02 -1.795399999e+02 +7.9131e-01 +5.0917e-01
745 0 +1.191996546e-07 -1.795399999e+02 -1.795399999e+02 +7.9148e-01 +5.0949e-01
748 0 +7.632849020e-08 -1.795399999e+02 -1.795399999e+02 +7.9165e-01 +5.0984e-01
758 0 +6.678601494e-08 -1.795399999e+02 -1.795399999e+02 +7.9274e-01 +5.1194e-01
764 0 +3.891943834e-08 -1.795400000e+02 -1.795400000e+02 +7.9205e-01 +5.1060e-01
769 0 +2.258752829e-08 -1.795400000e+02 -1.795400000e+02 +7.9267e-01 +5.1180e-01
784 0 +1.428227847e-08 -1.795400000e+02 -1.795400000e+02 +7.9304e-01 +5.1253e-01
797 0 +1.246456804e-08 -1.795400000e+02 -1.795400000e+02 +7.9407e-01 +5.1451e-01
819 0 +6.524970786e-09 -1.795400000e+02 -1.795400000e+02 +7.9274e-01 +5.1194e-01
1674 0 +0.000000000e+00 -1.795400000e+02 -1.795400000e+02 +7.9359e-01 +5.1358e-01
% f evaluations | g evaluations | best noise-free fitness - Fopt (7.731000000000e+01) + sum g_i+ | measured fitness | best measured fitness or single-digit g-values | x1 | x2...
1 0 +9.434104222e-01 +7.825341042e+01 +7.825341042e+01 +0.0000e+00 +0.0000e+00
2 0 +5.464375689e-01 +7.785643757e+01 +7.785643757e+01 +4.3379e-01 +3.0692e-02
13 0 +4.056689032e-01 +7.771566890e+01 +7.771566890e+01 +5.2436e-01 -1.4160e-01
18 0 +3.975928088e-01 +7.770759281e+01 +7.770759281e+01 +9.8724e-01 +1.2127e-01
25 0 +1.750127169e-01 +7.748501272e+01 +7.748501272e+01 +8.1191e-01 -8.9951e-02
28 0 +1.446449456e-01 +7.745464495e+01 +7.745464495e+01 +1.0196e+00 -1.4101e-01
30 0 +1.313499080e-01 +7.744134991e+01 +7.744134991e+01 +1.0302e+00 -2.0790e-01
59 0 +8.494063072e-02 +7.739494063e+01 +7.739494063e+01 +8.4902e-01 -2.3075e-01
93 0 +5.071483370e-02 +7.736071483e+01 +7.736071483e+01 +9.1169e-01 -2.3856e-01
102 0 +4.925481914e-02 +7.735925482e+01 +7.735925482e+01 +9.5245e-01 -3.0761e-01
116 0 +4.665254153e-02 +7.735665254e+01 +7.735665254e+01 +8.6590e-01 -3.4940e-01
120 0 +4.135787467e-02 +7.735135787e+01 +7.735135787e+01 +8.8956e-01 -2.8316e-01
122 0 +3.332295849e-02 +7.734332296e+01 +7.734332296e+01 +9.3828e-01 -4.1811e-01
127 0 +2.318971594e-02 +7.733318972e+01 +7.733318972e+01 +9.0469e-01 -3.2624e-01
131 0 +9.384741829e-03 +7.731938474e+01 +7.731938474e+01 +8.9246e-01 -4.8974e-01
278 0 +9.117288384e-03 +7.731911729e+01 +7.731911729e+01 +9.0361e-01 -4.0290e-01
282 0 +8.047625747e-03 +7.731804763e+01 +7.731804763e+01 +9.0466e-01 -4.0901e-01
286 0 +7.319884318e-03 +7.731731988e+01 +7.731731988e+01 +9.0701e-01 -4.1503e-01
291 0 +6.895885821e-03 +7.731689589e+01 +7.731689589e+01 +9.0349e-01 -4.2070e-01
312 0 +6.116630550e-03 +7.731611663e+01 +7.731611663e+01 +9.0327e-01 -4.2816e-01
334 0 +5.903219033e-03 +7.731590322e+01 +7.731590322e+01 +9.0217e-01 -4.3390e-01
342 0 +5.808770685e-03 +7.731580877e+01 +7.731580877e+01 +9.0256e-01 -4.3325e-01
349 0 +5.098266075e-03 +7.731509827e+01 +7.731509827e+01 +9.0295e-01 -4.3888e-01
437 0 +4.826631818e-03 +7.731482663e+01 +7.731482663e+01 +9.0391e-01 -4.3963e-01
447 0 +4.649418309e-03 +7.731464942e+01 +7.731464942e+01 +9.0406e-01 -4.4146e-01
459 0 +4.221346809e-03 +7.731422135e+01 +7.731422135e+01 +9.0486e-01 -4.4772e-01
469 0 +4.136481564e-03 +7.731413648e+01 +7.731413648e+01 +9.0430e-01 -4.4785e-01
472 0 +3.670655650e-03 +7.731367066e+01 +7.731367066e+01 +9.0440e-01 -4.5518e-01
480 0 +3.547027463e-03 +7.731354703e+01 +7.731354703e+01 +9.0412e-01 -4.5639e-01
490 0 +3.111578725e-03 +7.731311158e+01 +7.731311158e+01 +9.0453e-01 -4.8128e-01
497 0 +2.912436842e-03 +7.731291244e+01 +7.731291244e+01 +9.0426e-01 -4.8136e-01
498 0 +2.857710366e-03 +7.731285771e+01 +7.731285771e+01 +9.0418e-01 -4.7965e-01
512 0 +2.412468217e-03 +7.731241247e+01 +7.731241247e+01 +9.0330e-01 -4.7742e-01
518 0 +1.726119509e-03 +7.731172612e+01 +7.731172612e+01 +9.0192e-01 -4.8834e-01
533 0 +1.204190178e-03 +7.731120419e+01 +7.731120419e+01 +9.0115e-01 -5.0189e-01
534 0 +3.218702684e-04 +7.731032187e+01 +7.731032187e+01 +8.9897e-01 -5.3957e-01
629 0 +3.107681697e-04 +7.731031077e+01 +7.731031077e+01 +8.9893e-01 -5.4037e-01
632 0 +2.750471381e-04 +7.731027505e+01 +7.731027505e+01 +8.9880e-01 -5.4317e-01
647 0 +2.475256415e-04 +7.731024753e+01 +7.731024753e+01 +8.9859e-01 -5.4568e-01
654 0 +2.177710253e-04 +7.731021777e+01 +7.731021777e+01 +8.9839e-01 -5.4894e-01
660 0 +2.080034671e-04 +7.731020800e+01 +7.731020800e+01 +8.9844e-01 -5.4890e-01
661 0 +2.032243009e-04 +7.731020322e+01 +7.731020322e+01 +8.9834e-01 -5.5009e-01
667 0 +1.695365691e-04 +7.731016954e+01 +7.731016954e+01 +8.9826e-01 -5.5326e-01
669 0 +1.300455465e-04 +7.731013005e+01 +7.731013005e+01 +8.9800e-01 -5.5750e-01
677 0 +1.192898447e-04 +7.731011929e+01 +7.731011929e+01 +8.9769e-01 -5.6159e-01
682 0 +6.069579770e-05 +7.731006070e+01 +7.731006070e+01 +8.9734e-01 -5.6899e-01
684 0 +5.993328809e-05 +7.731005993e+01 +7.731005993e+01 +8.9719e-01 -5.7263e-01
694 0 +5.846412812e-05 +7.731005846e+01 +7.731005846e+01 +8.9692e-01 -5.7585e-01
695 0 +3.995677001e-05 +7.731003996e+01 +7.731003996e+01 +8.9672e-01 -5.8102e-01
701 0 +3.480992899e-05 +7.731003481e+01 +7.731003481e+01 +8.9694e-01 -5.7626e-01
702 0 +2.855112591e-05 +7.731002855e+01 +7.731002855e+01 +8.9487e-01 -6.1344e-01
708 0 +2.041154805e-05 +7.731002041e+01 +7.731002041e+01 +8.9617e-01 -5.9068e-01
712 0 +8.071142886e-06 +7.731000807e+01 +7.731000807e+01 +8.9626e-01 -5.8887e-01
713 0 +7.329565619e-06 +7.731000733e+01 +7.731000733e+01 +8.9575e-01 -5.9809e-01
717 0 +4.683732428e-06 +7.731000468e+01 +7.731000468e+01 +8.9611e-01 -5.9159e-01
749 0 +1.115621217e-06 +7.731000112e+01 +7.731000112e+01 +8.9575e-01 -5.9801e-01
764 0 +5.982062561e-07 +7.731000060e+01 +7.731000060e+01 +8.9548e-01 -6.0288e-01
782 0 +5.243784926e-07 +7.731000052e+01 +7.731000052e+01 +8.9515e-01 -6.0887e-01
786 0 +1.014824278e-07 +7.731000010e+01 +7.731000010e+01 +8.9545e-01 -6.0340e-01
799 0 +8.148043662e-08 +7.731000008e+01 +7.731000008e+01 +8.9526e-01 -6.0686e-01
846 0 +5.523520485e-08 +7.731000006e+01 +7.731000006e+01 +8.9500e-01 -6.1156e-01
898 0 +4.151367250e-08 +7.731000004e+01 +7.731000004e+01 +8.9501e-01 -6.1146e-01
1033 0 +4.010483678e-08 +7.731000004e+01 +7.731000004e+01 +8.9504e-01 -6.1098e-01
1035 0 +2.647739450e-08 +7.731000003e+01 +7.731000003e+01 +8.9504e-01 -6.1098e-01
1039 0 +1.681647177e-08 +7.731000002e+01 +7.731000002e+01 +8.9507e-01 -6.1043e-01
1050 0 +5.306304729e-09 +7.731000001e+01 +7.731000001e+01 +8.9511e-01 -6.0971e-01
1745 0 +0.000000000e+00 +7.731000000e+01 +7.731000000e+01 +8.9520e-01 -6.0802e-01
% f evaluations | g evaluations | best noise-free fitness - Fopt (3.992000000000e+01) + sum g_i+ | measured fitness | best measured fitness or single-digit g-values | x1 | x2...
1 0 +9.795359042e+00 +4.971535904e+01 +4.971535904e+01 +0.0000e+00 +0.0000e+00
2 0 +8.622168740e+00 +4.854216874e+01 +4.854216874e+01 +4.3379e-01 +3.0692e-02
5 0 +7.138562117e+00 +4.705856212e+01 +4.705856212e+01 -1.1375e-01 -3.0566e-01
13 0 +5.550153664e+00 +4.547015366e+01 +4.547015366e+01 +3.3015e-01 -3.6944e-01
25 0 +5.251262801e+00 +4.517126280e+01 +4.517126280e+01 +3.6471e-01 -4.0693e-01
28 0 +4.707001099e+00 +4.462700110e+01 +4.462700110e+01 +4.8007e-01 -4.6522e-01
30 0 +4.075118026e+00 +4.399511803e+01 +4.399511803e+01 +5.9376e-01 -5.6927e-01
34 0 +3.322587807e+00 +4.324258781e+01 +4.324258781e+01 +6.7961e-01 -8.7903e-01
37 0 +2.839494656e+00 +4.275949466e+01 +4.275949466e+01 +1.2736e+00 -6.5251e-01
38 0 +2.520386908e+00 +4.244038691e+01 +4.244038691e+01 +1.5369e+00 -1.7977e+00
41 0 +2.479996756e+00 +4.239999676e+01 +4.239999676e+01 +1.5027e+00 -1.5244e+00
50 0 +2.374641256e+00 +4.229464126e+01 +4.229464126e+01 +1.6455e+00 -1.6447e+00
81 0 +2.311099625e+00 +4.223109963e+01 +4.223109963e+01 +2.1649e+00 -2.5738e+00
114 0 +2.272315685e+00 +4.219231568e+01 +4.219231568e+01 +1.8790e+00 -2.0960e+00
144 0 +2.145042113e+00 +4.206504211e+01 +4.206504211e+01 +2.1324e+00 -2.3661e+00
147 0 +2.126725978e+00 +4.204672598e+01 +4.204672598e+01 +2.2182e+00 -2.4359e+00
171 0 +2.052306346e+00 +4.197230635e+01 +4.197230635e+01 +2.3891e+00 -2.4762e+00
180 0 +1.978992140e+00 +4.189899214e+01 +4.189899214e+01 +2.3672e+00 -2.3941e+00
222 0 +1.947491513e+00 +4.186749151e+01 +4.186749151e+01 +2.5578e+00 -2.4672e+00
228 0 +1.889793655e+00 +4.180979366e+01 +4.180979366e+01 +2.4676e+00 -2.3762e+00
242 0 +1.844713992e+00 +4.176471399e+01 +4.176471399e+01 +2.4811e+00 -2.3377e+00
263 0 +1.763015104e+00 +4.168301510e+01 +4.168301510e+01 +2.5552e+00 -2.3071e+00
276 0 +1.727989138e+00 +4.164798914e+01 +4.164798914e+01 +2.6020e+00 -2.3066e+00
287 0 +1.674196428e+00 +4.159419643e+01 +4.159419643e+01 +2.6018e+00 -2.2397e+00
292 0 +1.653819289e+00 +4.157381929e+01 +4.157381929e+01 +2.6716e+00 -2.2805e+00
300 0 +1.608780647e+00 +4.152878065e+01 +4.152878065e+01 +2.6234e+00 -2.1646e+00
307 0 +1.527935980e+00 +4.144793598e+01 +4.144793598e+01 +2.6552e+00 -2.0554e+00
320 0 +1.390187050e+00 +4.131018705e+01 +4.131018705e+01 +2.7373e+00 -1.8829e+00
324 0 +1.173497763e+00 +4.109349776e+01 +4.109349776e+01 +3.0198e+00 -1.9923e+00
331 0 +9.107574174e-01 +4.083075742e+01 +4.083075742e+01 +3.2374e+00 -1.8437e+00
333 0 +7.359543842e-01 +4.065595438e+01 +4.065595438e+01 +3.3891e+00 -1.7532e+00
340 0 +3.833993266e-01 +4.030339933e+01 +4.030339933e+01 +3.7099e+00 -1.5972e+00
346 0 +1.478419816e-01 +4.006784198e+01 +4.006784198e+01 +3.8740e+00 -1.3434e+00
351 0 +9.668590834e-02 +4.001668591e+01 +4.001668591e+01 +3.9249e+00 -1.3336e+00
357 0 +7.903101631e-02 +3.999903102e+01 +3.999903102e+01 +4.1085e+00 -1.4013e+00
379 0 +7.067300832e-02 +3.999067301e+01 +3.999067301e+01 +4.0926e+00 -1.4336e+00
389 0 +6.353381458e-02 +3.998353381e+01 +3.998353381e+01 +4.0541e+00 -1.2056e+00
408 0 +5.637338700e-02 +3.997637339e+01 +3.997637339e+01 +4.0404e+00 -1.4392e+00
410 0 +4.989185436e-02 +3.996989185e+01 +3.996989185e+01 +4.0567e+00 -1.2694e+00
501 0 +4.837335823e-02 +3.996837336e+01 +3.996837336e+01 +4.0600e+00 -1.4122e+00
508 0 +4.113604089e-02 +3.996113604e+01 +3.996113604e+01 +4.0477e+00 -1.3999e+00
518 0 +4.045387157e-02 +3.996045387e+01 +3.996045387e+01 +4.0367e+00 -1.4007e+00
524 0 +2.905300972e-02 +3.994905301e+01 +3.994905301e+01 +4.0379e+00 -1.3622e+00
531 0 +2.507745709e-02 +3.994507746e+01 +3.994507746e+01 +4.0376e+00 -1.3182e+00
534 0 +1.595285017e-02 +3.993595285e+01 +3.993595285e+01 +4.0063e+00 -1.3015e+00
547 0 +8.548504880e-03 +3.992854850e+01 +3.992854850e+01 +4.0015e+00 -1.2635e+00
603 0 +8.407156582e-03 +3.992840716e+01 +3.992840716e+01 +4.0012e+00 -1.2624e+00
605 0 +7.101755891e-03 +3.992710176e+01 +3.992710176e+01 +4.0031e+00 -1.2463e+00
620 0 +6.596005953e-03 +3.992659601e+01 +3.992659601e+01 +4.0017e+00 -1.2484e+00
625 0 +6.432343031e-03 +3.992643234e+01 +3.992643234e+01 +4.0014e+00 -1.2431e+00
629 0 +5.395641908e-03 +3.992539564e+01 +3.992539564e+01 +3.9969e+00 -1.2384e+00
634 0 +5.095283537e-03 +3.992509528e+01 +3.992509528e+01 +3.9973e+00 -1.2336e+00
639 0 +3.645566840e-03 +3.992364557e+01 +3.992364557e+01 +3.9905e+00 -1.2048e+00
647 0 +3.014482061e-03 +3.992301448e+01 +3.992301448e+01 +3.9867e+00 -1.2046e+00
659 0 +2.563320242e-03 +3.992256332e+01 +3.992256332e+01 +3.9866e+00 -1.2010e+00
660 0 +2.433796971e-03 +3.992243380e+01 +3.992243380e+01 +3.9787e+00 -1.1784e+00
661 0 +1.618978737e-03 +3.992161898e+01 +3.992161898e+01 +3.9754e+00 -1.1644e+00
671 0 +4.864488438e-04 +3.992048645e+01 +3.992048645e+01 +3.9709e+00 -1.1425e+00
687 0 +3.303229830e-04 +3.992033032e+01 +3.992033032e+01 +3.9381e+00 -1.0268e+00
708 0 +2.911254320e-04 +3.992029113e+01 +3.992029113e+01 +3.9484e+00 -1.0615e+00
713 0 +3.909787767e-05 +3.992003910e+01 +3.992003910e+01 +3.9413e+00 -1.0371e+00
757 0 +4.808174111e-06 +3.992000481e+01 +3.992000481e+01 +3.9470e+00 -1.0574e+00
813 0 +2.546487842e-06 +3.992000255e+01 +3.992000255e+01 +3.9467e+00 -1.0564e+00
854 0 +2.476198766e-06 +3.992000248e+01 +3.992000248e+01 +3.9473e+00 -1.0584e+00
855 0 +8.045809352e-07 +3.992000080e+01 +3.992000080e+01 +3.9482e+00 -1.0617e+00
889 0 +4.340321382e-07 +3.992000043e+01 +3.992000043e+01 +3.9487e+00 -1.0634e+00
1042 0 +4.248176495e-07 +3.992000042e+01 +3.992000042e+01 +3.9486e+00 -1.0631e+00
1052 0 +3.769943646e-07 +3.992000038e+01 +3.992000038e+01 +3.9485e+00 -1.0627e+00
1054 0 +3.510032727e-07 +3.992000035e+01 +3.992000035e+01 +3.9486e+00 -1.0630e+00
1076 0 +3.314858574e-07 +3.992000033e+01 +3.992000033e+01 +3.9485e+00 -1.0629e+00
1080 0 +3.001100808e-07 +3.992000030e+01 +3.992000030e+01 +3.9487e+00 -1.0636e+00
1087 0 +2.868130906e-07 +3.992000029e+01 +3.992000029e+01 +3.9490e+00 -1.0644e+00
1089 0 +2.531836643e-07 +3.992000025e+01 +3.992000025e+01 +3.9490e+00 -1.0644e+00
1097 0 +2.151844214e-07 +3.992000022e+01 +3.992000022e+01 +3.9489e+00 -1.0640e+00
1102 0 +2.099489720e-07 +3.992000021e+01 +3.992000021e+01 +3.9488e+00 -1.0639e+00
1118 0 +2.065638824e-07 +3.992000021e+01 +3.992000021e+01 +3.9490e+00 -1.0645e+00
1123 0 +1.376698577e-07 +3.992000014e+01 +3.992000014e+01 +3.9491e+00 -1.0648e+00
1134 0 +1.110551935e-07 +3.992000011e+01 +3.992000011e+01 +3.9493e+00 -1.0656e+00
1138 0 +3.239889423e-08 +3.992000003e+01 +3.992000003e+01 +3.9496e+00 -1.0666e+00
1149 0 +1.579753217e-08 +3.992000002e+01 +3.992000002e+01 +3.9497e+00 -1.0672e+00
1151 0 +1.175532560e-08 +3.992000001e+01 +3.992000001e+01 +3.9499e+00 -1.0678e+00
1188 0 +7.069210994e-09 +3.992000001e+01 +3.992000001e+01 +3.9499e+00 -1.0679e+00
% f evaluations | g evaluations | best noise-free fitness - Fopt (-5.661000000000e+01) + sum g_i+ | measured fitness | best measured fitness or single-digit g-values | x1 | x2...
1 0 +2.106482508e+01 -3.554517492e+01 -3.554517492e+01 +0.0000e+00 +0.0000e+00
2 0 +1.292952950e+01 -4.368047050e+01 -4.368047050e+01 +4.3379e-01 +3.0692e-02
10 0 +1.089289488e+01 -4.571710512e+01 -4.571710512e+01 +5.3630e-01 +1.4690e-01
18 0 +6.119139942e+00 -5.049086006e+01 -5.049086006e+01 +9.8724e-01 +1.2127e-01
23 0 +4.518377104e+00 -5.209162290e+01 -5.209162290e+01 +1.0660e+00 +4.9024e-01
27 0 +3.452987592e+00 -5.315701241e+01 -5.315701241e+01 +1.3382e+00 +3.4684e-01
35 0 +3.010598006e+00 -5.359940199e+01 -5.359940199e+01 +1.6032e+00 +1.6207e-01
37 0 +2.741588076e+00 -5.386841192e+01 -5.386841192e+01 +3.2380e+00 +4.5903e-01
46 0 +2.491476019e+00 -5.411852398e+01 -5.411852398e+01 +3.3593e+00 +7.8020e-01
56 0 +1.900996979e+00 -5.470900302e+01 -5.470900302e+01 +3.2949e+00 +1.4478e+00
69 0 +1.420986635e+00 -5.518901337e+01 -5.518901337e+01 +2.2801e+00 +1.5347e+00
84 0 +8.820315582e-01 -5.572796844e+01 -5.572796844e+01 +2.9311e+00 +2.9559e+00
91 0 +1.786321856e-01 -5.643136781e+01 -5.643136781e+01 +1.8588e+00 +3.0797e+00
100 0 +3.542876298e-03 -5.660645712e+01 -5.660645712e+01 +2.0936e+00 +2.9690e+00
232 0 +2.145020933e-03 -5.660785498e+01 -5.660785498e+01 +1.8657e+00 +2.8920e+00
234 0 +6.345665942e-04 -5.660936543e+01 -5.660936543e+01 +1.9244e+00 +2.9125e+00
241 0 +7.178990641e-05 -5.660992821e+01 -5.660992821e+01 +1.9112e+00 +2.9089e+00
376 0 +6.003030040e-05 -5.660993997e+01 -5.660993997e+01 +1.9825e+00 +2.9321e+00
377 0 +1.847578309e-05 -5.660998152e+01 -5.660998152e+01 +1.9751e+00 +2.9296e+00
660 0 +1.780466739e-05 -5.660998220e+01 -5.660998220e+01 +1.9744e+00 +2.9294e+00
661 0 +1.634579038e-05 -5.660998365e+01 -5.660998365e+01 +1.9738e+00 +2.9292e+00
669 0 +1.608721458e-05 -5.660998391e+01 -5.660998391e+01 +1.9710e+00 +2.9283e+00
671 0 +1.418013551e-05 -5.660998582e+01 -5.660998582e+01 +1.9730e+00 +2.9289e+00
676 0 +7.214494524e-06 -5.660999279e+01 -5.660999279e+01 +1.9644e+00 +2.9261e+00
683 0 +4.582555050e-06 -5.660999542e+01 -5.660999542e+01 +1.9573e+00 +2.9238e+00
694 0 +3.245728720e-06 -5.660999675e+01 -5.660999675e+01 +1.9632e+00 +2.9257e+00
697 0 +1.523629102e-06 -5.660999848e+01 -5.660999848e+01 +1.9534e+00 +2.9226e+00
699 0 +8.287950877e-07 -5.660999917e+01 -5.660999917e+01 +1.9509e+00 +2.9218e+00
701 0 +1.404688419e-07 -5.660999986e+01 -5.660999986e+01 +1.9522e+00 +2.9222e+00
749 0 +9.881250662e-08 -5.660999990e+01 -5.660999990e+01 +1.9538e+00 +2.9227e+00
766 0 +9.608899632e-08 -5.660999990e+01 -5.660999990e+01 +1.9503e+00 +2.9216e+00
775 0 +3.729882536e-08 -5.660999996e+01 -5.660999996e+01 +1.9530e+00 +2.9224e+00
810 0 +9.991012462e-09 -5.660999999e+01 -5.660999999e+01 +1.9520e+00 +2.9221e+00
1584 0 +0.000000000e+00 -5.661000000e+01 -5.661000000e+01 +1.9504e+00 +2.9216e+00
% f evaluations | g evaluations | best noise-free fitness - Fopt (3.270000000000e+01) + sum g_i+ | measured fitness | best measured fitness or single-digit g-values | x1 | x2...
1 0 +2.865871095e+00 +3.556587110e+01 +3.556587110e+01 +0.0000e+00 +0.0000e+00
5 0 +2.688628781e+00 +3.538862878e+01 +3.538862878e+01 -1.1375e-01 -3.0566e-01
9 0 +2.608419899e+00 +3.530841990e+01 +3.530841990e+01 -1.1781e-01 +1.5775e-02
16 0 +2.368833072e+00 +3.506883307e+01 +3.506883307e+01 -3.9445e-01 +1.7836e-01
40 0 +2.310726523e+00 +3.501072652e+01 +3.501072652e+01 -5.0611e-01 +1.9222e-01
53 0 +2.249906040e+00 +3.494990604e+01 +3.494990604e+01 -4.2339e-01 +4.5825e-02
62 0 +2.190821665e+00 +3.489082166e+01 +3.489082166e+01 -4.9555e-01 +3.5782e-02
63 0 +2.182185471e+00 +3.488218547e+01 +3.488218547e+01 -4.5036e-01 -2.0004e-02
67 0 +2.119123682e+00 +3.481912368e+01 +3.481912368e+01 -5.6321e-01 -6.3301e-04
74 0 +2.059387969e+00 +3.475938797e+01 +3.475938797e+01 -1.0594e+00 +1.9507e-01
79 0 +2.007612203e+00 +3.470761220e+01 +3.470761220e+01 -1.2291e+00 +2.1877e-01
89 0 +1.750272992e+00 +3.445027299e+01 +3.445027299e+01 -1.6362e+00 +1.2751e-01
93 0 +1.718649945e+00 +3.441864995e+01 +3.441864995e+01 -1.7506e+00 +1.4463e-01
102 0 +1.583866736e+00 +3.428386674e+01 +3.428386674e+01 -1.6438e+00 -5.2904e-02
116 0 +1.426696341e+00 +3.412669634e+01 +3.412669634e+01 -1.8891e+00 -1.1407e-01
131 0 +1.372590755e+00 +3.407259075e+01 +3.407259075e+01 -2.3570e+00 -1.4747e-01
165 0 +1.236664718e+00 +3.393666472e+01 +3.393666472e+01 -2.2939e+00 -2.3631e-01
177 0 +1.120976478e+00 +3.382097648e+01 +3.382097648e+01 -2.4134e+00 -3.7580e-01
186 0 +9.555623958e-01 +3.365556240e+01 +3.365556240e+01 -2.3290e+00 -4.9554e-01
187 0 +9.048248854e-01 +3.360482489e+01 +3.360482489e+01 -2.3217e+00 -5.4285e-01
192 0 +5.989267139e-01 +3.329892671e+01 +3.329892671e+01 -2.2783e+00 -8.5645e-01
309 0 +5.821437354e-01 +3.328214374e+01 +3.328214374e+01 -1.8847e+00 -1.0478e+00
312 0 +2.735515157e-01 +3.297355152e+01 +3.297355152e+01 -2.1953e+00 -1.2421e+00
317 0 +1.612337247e-01 +3.286123372e+01 +3.286123372e+01 -1.8491e+00 -1.5314e+00
349 0 +6.829947891e-02 +3.276829948e+01 +3.276829948e+01 -2.1272e+00 -1.5015e+00
363 0 +2.117868122e-02 +3.272117868e+01 +3.272117868e+01 -1.8632e+00 -1.7205e+00
418 0 +1.170846452e-02 +3.271170846e+01 +3.271170846e+01 -1.9619e+00 -1.6433e+00
427 0 +8.826242667e-03 +3.270882624e+01 +3.270882624e+01 -1.8970e+00 -1.6820e+00
430 0 +4.624456577e-03 +3.270462446e+01 +3.270462446e+01 -1.9299e+00 -1.6692e+00
440 0 +2.504496238e-03 +3.270250450e+01 +3.270250450e+01 -1.9584e+00 -1.6564e+00
597 0 +2.367856249e-03 +3.270236786e+01 +3.270236786e+01 -1.9559e+00 -1.6592e+00
629 0 +2.329411151e-03 +3.270232941e+01 +3.270232941e+01 -1.9583e+00 -1.6586e+00
632 0 +2.276520532e-03 +3.270227652e+01 +3.270227652e+01 -1.9603e+00 -1.6578e+00
639 0 +2.000180501e-03 +3.270200018e+01 +3.270200018e+01 -1.9627e+00 -1.6560e+00
647 0 +1.954197687e-03 +3.270195420e+01 +3.270195420e+01 -1.9651e+00 -1.6552e+00
654 0 +1.757364445e-03 +3.270175736e+01 +3.270175736e+01 -1.9696e+00 -1.6531e+00
660 0 +1.686183799e-03 +3.270168618e+01 +3.270168618e+01 -1.9706e+00 -1.6525e+00
661 0 +1.552666620e-03 +3.270155267e+01 +3.270155267e+01 -1.9729e+00 -1.6513e+00
668 0 +1.535909234e-03 +3.270153591e+01 +3.270153591e+01 -1.9762e+00 -1.6500e+00
669 0 +1.411426297e-03 +3.270141143e+01 +3.270141143e+01 -1.9825e+00 -1.6472e+00
671 0 +1.371533310e-03 +3.270137153e+01 +3.270137153e+01 -1.9760e+00 -1.6495e+00
676 0 +4.524522599e-04 +3.270045245e+01 +3.270045245e+01 -2.0070e+00 -1.6345e+00
681 0 +3.576128264e-04 +3.270035761e+01 +3.270035761e+01 -2.0121e+00 -1.6322e+00
685 0 +2.824115115e-04 +3.270028241e+01 +3.270028241e+01 -2.0340e+00 -1.6214e+00
686 0 +2.608831940e-04 +3.270026088e+01 +3.270026088e+01 -2.0242e+00 -1.6262e+00
687 0 +2.393471041e-04 +3.270023935e+01 +3.270023935e+01 -2.0234e+00 -1.6266e+00
701 0 +1.222556689e-04 +3.270012226e+01 +3.270012226e+01 -2.0430e+00 -1.6172e+00
713 0 +5.743102955e-05 +3.270005743e+01 +3.270005743e+01 -2.0492e+00 -1.6144e+00
750 0 +4.142933953e-05 +3.270004143e+01 +3.270004143e+01 -2.0519e+00 -1.6131e+00
757 0 +2.872714688e-05 +3.270002873e+01 +3.270002873e+01 -2.0500e+00 -1.6140e+00
762 0 +1.511501779e-06 +3.270000151e+01 +3.270000151e+01 -2.0670e+00 -1.6059e+00
854 0 +1.381142269e-06 +3.270000138e+01 +3.270000138e+01 -2.0666e+00 -1.6061e+00
877 0 +1.201587608e-06 +3.270000120e+01 +3.270000120e+01 -2.0694e+00 -1.6048e+00
945 0 +8.805494929e-07 +3.270000088e+01 +3.270000088e+01 -2.0675e+00 -1.6057e+00
950 0 +5.097672684e-07 +3.270000051e+01 +3.270000051e+01 -2.0688e+00 -1.6050e+00
967 0 +4.496008472e-07 +3.270000045e+01 +3.270000045e+01 -2.0691e+00 -1.6049e+00
973 0 +3.999342439e-07 +3.270000040e+01 +3.270000040e+01 -2.0694e+00 -1.6048e+00
974 0 +3.593676752e-07 +3.270000036e+01 +3.270000036e+01 -2.0706e+00 -1.6042e+00
977 0 +1.982183662e-07 +3.270000020e+01 +3.270000020e+01 -2.0709e+00 -1.6040e+00
978 0 +1.614015659e-07 +3.270000016e+01 +3.270000016e+01 -2.0711e+00 -1.6039e+00
988 0 +1.121343303e-07 +3.270000011e+01 +3.270000011e+01 -2.0721e+00 -1.6035e+00
1024 0 +9.869983586e-08 +3.270000010e+01 +3.270000010e+01 -2.0720e+00 -1.6035e+00
1026 0 +7.517399325e-08 +3.270000008e+01 +3.270000008e+01 -2.0724e+00 -1.6033e+00
1027 0 +5.978780848e-08 +3.270000006e+01 +3.270000006e+01 -2.0728e+00 -1.6031e+00
1032 0 +4.150586363e-08 +3.270000004e+01 +3.270000004e+01 -2.0731e+00 -1.6030e+00
1076 0 +2.684750200e-08 +3.270000003e+01 +3.270000003e+01 -2.0733e+00 -1.6029e+00
1158 0 +2.507221097e-08 +3.270000003e+01 +3.270000003e+01 -2.0737e+00 -1.6027e+00
1167 0 +2.260323839e-08 +3.270000002e+01 +3.270000002e+01 -2.0734e+00 -1.6028e+00
1170 0 +2.182139980e-08 +3.270000002e+01 +3.270000002e+01 -2.0740e+00 -1.6026e+00
1173 0 +1.363898861e-08 +3.270000001e+01 +3.270000001e+01 -2.0739e+00 -1.6026e+00
1182 0 +1.010613460e-08 +3.270000001e+01 +3.270000001e+01 -2.0742e+00 -1.6024e+00
1199 0 +8.639226223e-09 +3.270000001e+01 +3.270000001e+01 -2.0743e+00 -1.6024e+00
1814 0 +0.000000000e+00 +3.270000000e+01 +3.270000000e+01 -2.0760e+00 -1.6016e+00
% f evaluations | g evaluations | best noise-free fitness - Fopt (-3.943000000000e+01) + sum g_i+ | measured fitness | best measured fitness or single-digit g-values | x1 | x2...
1 0 +5.834022758e+01 +1.891022758e+01 +1.891022758e+01 +0.0000e+00 +0.0000e+00
2 0 +4.090135174e+01 +1.471351741e+00 +1.471351741e+00 +4.3379e-01 +3.0692e-02
10 0 +3.724073860e+01 -2.189261397e+00 -2.189261397e+00 +5.3630e-01 +1.4690e-01
18 0 +2.423678294e+01 -1.519321706e+01 -1.519321706e+01 +9.8724e-01 +1.2127e-01
23 0 +2.197222823e+01 -1.745777177e+01 -1.745777177e+01 +1.0709e+00 +3.9901e-01
27 0 +1.632306310e+01 -2.310693690e+01 -2.310693690e+01 +1.3466e+00 +2.6187e-01
35 0 +1.167978799e+01 -2.775021201e+01 -2.775021201e+01 +1.6356e+00 +7.9478e-02
37 0 +3.054329544e+00 -3.637567046e+01 -3.637567046e+01 +3.3000e+00 +3.1229e-01
46 0 +2.850057979e+00 -3.657994202e+01 -3.657994202e+01 +3.2731e+00 +5.1753e-01
54 0 +2.627383723e+00 -3.680261628e+01 -3.680261628e+01 +4.1398e+00 +7.6217e-01
82 0 +1.427914231e+00 -3.800208577e+01 -3.800208577e+01 +4.5720e+00 +2.0467e+00
83 0 +1.259437477e+00 -3.817056252e+01 -3.817056252e+01 +4.4121e+00 +2.1596e+00
91 0 +3.037688369e-01 -3.912623116e+01 -3.912623116e+01 +3.4635e+00 +3.0659e+00
97 0 +2.591451107e-01 -3.917085489e+01 -3.917085489e+01 +3.1381e+00 +3.2898e+00
100 0 +2.235758728e-01 -3.920642413e+01 -3.920642413e+01 +4.0799e+00 +3.1671e+00
120 0 +6.688787725e-02 -3.936311212e+01 -3.936311212e+01 +3.5028e+00 +3.3053e+00
125 0 +4.799595833e-02 -3.938200404e+01 -3.938200404e+01 +3.5259e+00 +3.4165e+00
151 0 +1.127487699e-02 -3.941872512e+01 -3.941872512e+01 +3.7300e+00 +3.3659e+00
211 0 +5.546358370e-03 -3.942445364e+01 -3.942445364e+01 +3.6949e+00 +3.3816e+00
220 0 +2.477706302e-03 -3.942752229e+01 -3.942752229e+01 +3.6352e+00 +3.3751e+00
225 0 +1.390201396e-03 -3.942860980e+01 -3.942860980e+01 +3.7246e+00 +3.3784e+00
229 0 +6.004855790e-04 -3.942939951e+01 -3.942939951e+01 +3.7904e+00 +3.3786e+00
255 0 +4.078620806e-05 -3.942995921e+01 -3.942995921e+01 +3.7747e+00 +3.3787e+00
343 0 +4.438406357e-06 -3.942999556e+01 -3.942999556e+01 +3.7688e+00 +3.3785e+00
344 0 +1.534664051e-06 -3.942999847e+01 -3.942999847e+01 +3.7706e+00 +3.3786e+00
637 0 +1.495158699e-06 -3.942999850e+01 -3.942999850e+01 +3.7544e+00 +3.3780e+00
649 0 +1.417059835e-06 -3.942999858e+01 -3.942999858e+01 +3.7545e+00 +3.3780e+00
664 0 +1.302927991e-06 -3.942999870e+01 -3.942999870e+01 +3.7549e+00 +3.3780e+00
672 0 +1.189601392e-06 -3.942999881e+01 -3.942999881e+01 +3.7550e+00 +3.3780e+00
752 0 +1.128464646e-06 -3.942999887e+01 -3.942999887e+01 +3.7554e+00 +3.3781e+00
759 0 +1.092996030e-06 -3.942999891e+01 -3.942999891e+01 +3.7553e+00 +3.3781e+00
770 0 +1.034023974e-06 -3.942999897e+01 -3.942999897e+01 +3.7556e+00 +3.3781e+00
796 0 +1.002651473e-06 -3.942999900e+01 -3.942999900e+01 +3.7558e+00 +3.3781e+00
803 0 +9.967289145e-07 -3.942999900e+01 -3.942999900e+01 +3.7557e+00 +3.3781e+00
809 0 +9.680820057e-07 -3.942999903e+01 -3.942999903e+01 +3.7558e+00 +3.3781e+00
821 0 +9.236199290e-07 -3.942999908e+01 -3.942999908e+01 +3.7560e+00 +3.3781e+00
829 0 +8.837945842e-07 -3.942999912e+01 -3.942999912e+01 +3.7561e+00 +3.3781e+00
842 0 +8.269339418e-07 -3.942999917e+01 -3.942999917e+01 +3.7562e+00 +3.3781e+00
849 0 +8.110303540e-07 -3.942999919e+01 -3.942999919e+01 +3.7564e+00 +3.3781e+00
852 0 +7.824014645e-07 -3.942999922e+01 -3.942999922e+01 +3.7564e+00 +3.3781e+00
856 0 +7.117891343e-07 -3.942999929e+01 -3.942999929e+01 +3.7567e+00 +3.3781e+00
861 0 +5.621836010e-07 -3.942999944e+01 -3.942999944e+01 +3.7574e+00 +3.3781e+00
864 0 +5.129309244e-07 -3.942999949e+01 -3.942999949e+01 +3.7576e+00 +3.3781e+00
866 0 +3.748918829e-07 -3.942999963e+01 -3.942999963e+01 +3.7584e+00 +3.3782e+00
871 0 +3.474332928e-07 -3.942999965e+01 -3.942999965e+01 +3.7586e+00 +3.3782e+00
878 0 +1.729325021e-07 -3.942999983e+01 -3.942999983e+01 +3.7602e+00 +3.3782e+00
889 0 +7.953227055e-08 -3.942999992e+01 -3.942999992e+01 +3.7666e+00 +3.3784e+00
890 0 +6.614646963e-08 -3.942999993e+01 -3.942999993e+01 +3.7627e+00 +3.3783e+00
922 0 +4.928012487e-08 -3.942999995e+01 -3.942999995e+01 +3.7652e+00 +3.3784e+00
926 0 +2.613921879e-08 -3.942999997e+01 -3.942999997e+01 +3.7659e+00 +3.3784e+00
947 0 +6.091354976e-09 -3.942999999e+01 -3.942999999e+01 +3.7645e+00 +3.3784e+00
1516 0 +0.000000000e+00 -3.943000000e+01 -3.943000000e+01 +3.7656e+00 +3.3784e+00
% f evaluations | g evaluations | best noise-free fitness - Fopt (4.197200000000e+02) + sum g_i+ | measured fitness | best measured fitness or single-digit g-values | x1 | x2...
1 0 +1.799936567e+01 +4.377193657e+02 +4.377193657e+02 +0.0000e+00 +0.0000e+00
2 0 +1.650309982e+01 +4.362230998e+02 +4.362230998e+02 +4.3379e-01 +3.0692e-02
3 0 +1.176904594e+01 +4.314890459e+02 +4.314890459e+02 +9.8026e-02 +3.4094e-01
12 0 +1.027237065e+01 +4.299923706e+02 +4.299923706e+02 +3.1024e-01 +4.2322e-01
16 0 +9.929871071e+00 +4.296498711e+02 +4.296498711e+02 -1.3656e-01 +4.9199e-01
21 0 +4.942838637e+00 +4.246628386e+02 +4.246628386e+02 +3.9322e-01 +9.1478e-01
31 0 +4.204614491e+00 +4.239246145e+02 +4.239246145e+02 +2.8440e-01 +1.0222e+00
37 0 +2.786567850e+00 +4.225065679e+02 +4.225065679e+02 +8.6676e-01 +1.3285e+00
46 0 +2.227515674e+00 +4.219475157e+02 +4.219475157e+02 +6.9756e-01 +1.5464e+00
55 0 +1.821823686e+00 +4.215418237e+02 +4.215418237e+02 +4.7821e-01 +1.7640e+00
74 0 +1.633508744e+00 +4.213535087e+02 +4.213535087e+02 +5.0247e-01 +3.2615e+00
121 0 +1.584671170e+00 +4.213046712e+02 +4.213046712e+02 +4.5957e-01 +3.2091e+00
131 0 +1.511014009e+00 +4.212310140e+02 +4.212310140e+02 +2.3523e-01 +1.9348e+00
136 0 +1.190924200e+00 +4.209109242e+02 +4.209109242e+02 +6.3065e-02 +3.0599e+00
137 0 +9.297081538e-01 +4.206497082e+02 +4.206497082e+02 -2.0332e-01 +3.2734e+00
146 0 +7.662508262e-01 +4.204862508e+02 +4.204862508e+02 -4.1342e-01 +3.3909e+00
153 0 +6.271292022e-01 +4.203471292e+02 +4.203471292e+02 -5.2273e-01 +2.8635e+00
161 0 +1.976594718e-01 +4.199176595e+02 +4.199176595e+02 -9.6636e-01 +3.2553e+00
169 0 +9.158953110e-02 +4.198115895e+02 +4.198115895e+02 -1.1375e+00 +2.3649e+00
204 0 +3.402741427e-03 +4.197234027e+02 +4.197234027e+02 -1.1476e+00 +2.9022e+00
849 0 +3.262821070e-03 +4.197232628e+02 +4.197232628e+02 -1.1502e+00 +2.9047e+00
850 0 +3.212177976e-03 +4.197232122e+02 +4.197232122e+02 -1.1509e+00 +2.9012e+00
856 0 +2.739232905e-03 +4.197227392e+02 +4.197227392e+02 -1.1537e+00 +2.8810e+00
860 0 +2.480800943e-03 +4.197224808e+02 +4.197224808e+02 -1.1515e+00 +2.8913e+00
861 0 +1.287116875e-03 +4.197212871e+02 +4.197212871e+02 -1.1543e+00 +2.8626e+00
864 0 +1.134428100e-03 +4.197211344e+02 +4.197211344e+02 -1.1534e+00 +2.8625e+00
883 0 +9.920144374e-04 +4.197209920e+02 +4.197209920e+02 -1.1542e+00 +2.8587e+00
887 0 +7.778406269e-04 +4.197207778e+02 +4.197207778e+02 -1.1611e+00 +2.8011e+00
897 0 +7.155147168e-04 +4.197207155e+02 +4.197207155e+02 -1.1552e+00 +2.8489e+00
902 0 +6.837503205e-04 +4.197206838e+02 +4.197206838e+02 -1.1552e+00 +2.8460e+00
906 0 +3.201707443e-04 +4.197203202e+02 +4.197203202e+02 -1.1574e+00 +2.8280e+00
922 0 +2.841711700e-04 +4.197202842e+02 +4.197202842e+02 -1.1578e+00 +2.8247e+00
941 0 +1.776385923e-04 +4.197201776e+02 +4.197201776e+02 -1.1596e+00 +2.8065e+00
946 0 +1.197164021e-04 +4.197201197e+02 +4.197201197e+02 -1.1597e+00 +2.8065e+00
984 0 +1.092349409e-04 +4.197201092e+02 +4.197201092e+02 -1.1612e+00 +2.7937e+00
993 0 +1.036414070e-04 +4.197201036e+02 +4.197201036e+02 -1.1602e+00 +2.8031e+00
994 0 +8.342632668e-05 +4.197200834e+02 +4.197200834e+02 -1.1605e+00 +2.8003e+00
996 0 +7.017307934e-05 +4.197200702e+02 +4.197200702e+02 -1.1607e+00 +2.7982e+00
997 0 +4.357810639e-05 +4.197200436e+02 +4.197200436e+02 -1.1614e+00 +2.7917e+00
1002 0 +3.838964790e-05 +4.197200384e+02 +4.197200384e+02 -1.1612e+00 +2.7933e+00
1004 0 +2.826493335e-05 +4.197200283e+02 +4.197200283e+02 -1.1617e+00 +2.7881e+00
1005 0 +1.430431558e-05 +4.197200143e+02 +4.197200143e+02 -1.1622e+00 +2.7840e+00
1006 0 +1.275439138e-05 +4.197200128e+02 +4.197200128e+02 -1.1624e+00 +2.7817e+00
1172 0 +1.161591865e-05 +4.197200116e+02 +4.197200116e+02 -1.1626e+00 +2.7803e+00
1175 0 +8.510228952e-06 +4.197200085e+02 +4.197200085e+02 -1.1627e+00 +2.7798e+00
1182 0 +7.883437434e-06 +4.197200079e+02 +4.197200079e+02 -1.1626e+00 +2.7798e+00
1190 0 +7.288038319e-06 +4.197200073e+02 +4.197200073e+02 -1.1631e+00 +2.7754e+00
1191 0 +4.102365551e-06 +4.197200041e+02 +4.197200041e+02 -1.1631e+00 +2.7759e+00
1193 0 +1.622134789e-06 +4.197200016e+02 +4.197200016e+02 -1.1638e+00 +2.7690e+00
1194 0 +9.656748716e-07 +4.197200010e+02 +4.197200010e+02 -1.1640e+00 +2.7676e+00
1219 0 +3.625856948e-07 +4.197200004e+02 +4.197200004e+02 -1.1641e+00 +2.7668e+00
1243 0 +3.699176432e-08 +4.197200000e+02 +4.197200000e+02 -1.1644e+00 +2.7633e+00
1313 0 +1.850213494e-08 +4.197200000e+02 +4.197200000e+02 -1.1650e+00 +2.7585e+00
1352 0 +3.434649898e-09 +4.197200000e+02 +4.197200000e+02 -1.1646e+00 +2.7615e+00
2006 0 +0.000000000e+00 +4.197200000e+02 +4.197200000e+02 -1.1648e+00 +2.7600e+00
% f evaluations | g evaluations | best noise-free fitness - Fopt (7.640000000000e+00) + sum g_i+ | measured fitness | best measured fitness or single-digit g-values | x1 | x2...
1 0 +1.676394358e+01 +2.440394358e+01 +2.440394358e+01 +0.0000e+00 +0.0000e+00
2 0 +1.033289492e+01 +1.797289492e+01 +1.797289492e+01 +4.3379e-01 +3.0692e-02
10 0 +9.513153212e+00 +1.715315321e+01 +1.715315321e+01 +5.3630e-01 +1.4690e-01
13 0 +8.722951337e+00 +1.636295134e+01 +1.636295134e+01 +5.2436e-01 -1.4160e-01
18 0 +5.415728867e+00 +1.305572887e+01 +1.305572887e+01 +9.8724e-01 +1.2127e-01
23 0 +5.292472424e+00 +1.293247242e+01 +1.293247242e+01 +1.0709e+00 +3.9901e-01
27 0 +3.783587023e+00 +1.142358702e+01 +1.142358702e+01 +1.3466e+00 +2.6187e-01
30 0 +3.710300977e+00 +1.135030098e+01 +1.135030098e+01 +1.3600e+00 +1.7889e-02
35 0 +3.176868495e+00 +1.081686849e+01 +1.081686849e+01 +1.6356e+00 +7.9478e-02
37 0 +2.275684935e+00 +9.915684935e+00 +9.915684935e+00 +3.3000e+00 +3.1229e-01
46 0 +1.960014847e+00 +9.600014847e+00 +9.600014847e+00 +3.3653e+00 +6.2210e-01
54 0 +1.764635218e+00 +9.404635218e+00 +9.404635218e+00 +3.0183e+00 +9.3717e-01
75 0 +1.424981356e+00 +9.064981356e+00 +9.064981356e+00 +2.2805e+00 +1.7713e+00
84 0 +1.171943219e+00 +8.811943219e+00 +8.811943219e+00 +2.4426e+00 +1.8618e+00
91 0 +8.175843531e-03 +7.648175844e+00 +7.648175844e+00 +3.3922e+00 +2.6791e+00
120 0 +5.979576544e-03 +7.645979577e+00 +7.645979577e+00 +3.5234e+00 +2.6222e+00
136 0 +3.238075570e-03 +7.643238076e+00 +7.643238076e+00 +3.3821e+00 +2.6747e+00
169 0 +1.839335025e-03 +7.641839335e+00 +7.641839335e+00 +3.5715e+00 +2.6148e+00
220 0 +1.751895778e-03 +7.641751896e+00 +7.641751896e+00 +3.5835e+00 +2.6071e+00
241 0 +1.655157189e-03 +7.641655157e+00 +7.641655157e+00 +3.6274e+00 +2.5958e+00
244 0 +4.767553995e-04 +7.640476755e+00 +7.640476755e+00 +3.5892e+00 +2.6068e+00
360 0 +3.700829807e-04 +7.640370083e+00 +7.640370083e+00 +3.5788e+00 +2.6108e+00
365 0 +3.212637775e-04 +7.640321264e+00 +7.640321264e+00 +3.5857e+00 +2.6084e+00
375 0 +3.082166315e-04 +7.640308217e+00 +7.640308217e+00 +3.5495e+00 +2.6203e+00
386 0 +2.187702817e-04 +7.640218770e+00 +7.640218770e+00 +3.5779e+00 +2.6109e+00
393 0 +3.271771530e-05 +7.640032718e+00 +7.640032718e+00 +3.5486e+00 +2.6203e+00
445 0 +5.074867443e-06 +7.640005075e+00 +7.640005075e+00 +3.5359e+00 +2.6244e+00
454 0 +2.406043363e-06 +7.640002406e+00 +7.640002406e+00 +3.5273e+00 +2.6272e+00
491 0 +1.699153787e-07 +7.640000170e+00 +7.640000170e+00 +3.5228e+00 +2.6287e+00
568 0 +1.589076382e-07 +7.640000159e+00 +7.640000159e+00 +3.5176e+00 +2.6304e+00
615 0 +1.421529623e-07 +7.640000142e+00 +7.640000142e+00 +3.5187e+00 +2.6300e+00
624 0 +4.081792593e-08 +7.640000041e+00 +7.640000041e+00 +3.5191e+00 +2.6299e+00
646 0 +2.933927679e-08 +7.640000029e+00 +7.640000029e+00 +3.5195e+00 +2.6297e+00
793 0 +1.943875194e-08 +7.640000019e+00 +7.640000019e+00 +3.5203e+00 +2.6295e+00
812 0 +1.826031859e-08 +7.640000018e+00 +7.640000018e+00 +3.5213e+00 +2.6292e+00
820 0 +1.379622105e-08 +7.640000014e+00 +7.640000014e+00 +3.5202e+00 +2.6295e+00
821 0 +1.239028968e-08 +7.640000012e+00 +7.640000012e+00 +3.5216e+00 +2.6291e+00
827 0 +5.304127804e-09 +7.640000005e+00 +7.640000005e+00 +3.5214e+00 +2.6291e+00
1963 0 +0.000000000e+00 +7.640000000e+00 +7.640000000e+00 +3.5224e+00 +2.6288e+00
% f evaluations | g evaluations | best noise-free fitness - Fopt (-1.276800000000e+02) + sum g_i+ | measured fitness | best measured fitness or single-digit g-values | x1 | x2...
1 0 +4.381888344e+00 -1.232981117e+02 -1.232981117e+02 +0.0000e+00 +0.0000e+00
2 0 +4.179943959e+00 -1.235000560e+02 -1.235000560e+02 +4.3379e-01 +3.0692e-02
3 0 +4.033707785e+00 -1.236462922e+02 -1.236462922e+02 +9.8026e-02 +3.4094e-01
10 0 +3.962883815e+00 -1.237171162e+02 -1.237171162e+02 +4.7684e-01 +2.4785e-01
12 0 +3.838244315e+00 -1.238417557e+02 -1.238417557e+02 +3.8582e-01 +4.2141e-01
18 0 +3.744263313e+00 -1.239357367e+02 -1.239357367e+02 +7.3666e-01 +3.7681e-01
21 0 +3.323932881e+00 -1.243560671e+02 -1.243560671e+02 +4.9059e-01 +9.3781e-01
23 0 +3.307984730e+00 -1.243720153e+02 -1.243720153e+02 +8.3504e-01 +8.0827e-01
37 0 +2.276743480e+00 -1.254032565e+02 -1.254032565e+02 +1.7559e+00 +1.5440e+00
46 0 +1.871181713e+00 -1.258088183e+02 -1.258088183e+02 +2.0089e+00 +1.8818e+00
57 0 +1.594039041e+00 -1.260859610e+02 -1.260859610e+02 +2.0869e+00 +2.1486e+00
60 0 +1.480551358e+00 -1.261994486e+02 -1.261994486e+02 +2.2734e+00 +2.2109e+00
69 0 +9.223413924e-01 -1.267576586e+02 -1.267576586e+02 +2.2833e+00 +2.7932e+00
76 0 +4.664851104e-01 -1.272135149e+02 -1.272135149e+02 +2.0698e+00 +3.3724e+00
78 0 +2.184590728e-01 -1.274615409e+02 -1.274615409e+02 +2.8108e+00 +3.5497e+00
85 0 +6.037138448e-02 -1.276196286e+02 -1.276196286e+02 +2.5428e+00 +3.7424e+00
121 0 +4.445467507e-02 -1.276355453e+02 -1.276355453e+02 +2.1738e+00 +3.7862e+00
136 0 +3.078728455e-02 -1.276492127e+02 -1.276492127e+02 +2.0977e+00 +3.8983e+00
148 0 +2.596047016e-02 -1.276540395e+02 -1.276540395e+02 +2.0185e+00 +3.9167e+00
183 0 +2.095589741e-02 -1.276590441e+02 -1.276590441e+02 +2.0440e+00 +3.8695e+00
211 0 +1.532927013e-02 -1.276646707e+02 -1.276646707e+02 +2.0816e+00 +3.8865e+00
220 0 +1.513277021e-02 -1.276648672e+02 -1.276648672e+02 +2.0351e+00 +3.8937e+00
223 0 +1.166617816e-02 -1.276683338e+02 -1.276683338e+02 +2.2017e+00 +3.8353e+00
230 0 +4.467857836e-03 -1.276755321e+02 -1.276755321e+02 +2.1243e+00 +3.8579e+00
240 0 +2.648391801e-03 -1.276773516e+02 -1.276773516e+02 +2.1627e+00 +3.8363e+00
254 0 +2.385685823e-03 -1.276776143e+02 -1.276776143e+02 +2.1396e+00 +3.8489e+00
261 0 +2.057975132e-03 -1.276779420e+02 -1.276779420e+02 +2.1459e+00 +3.8453e+00
319 0 +1.846558464e-03 -1.276781534e+02 -1.276781534e+02 +2.1498e+00 +3.8438e+00
355 0 +1.731195280e-03 -1.276782688e+02 -1.276782688e+02 +2.1517e+00 +3.8432e+00
363 0 +1.659260452e-03 -1.276783407e+02 -1.276783407e+02 +2.1536e+00 +3.8423e+00
368 0 +1.552488038e-03 -1.276784475e+02 -1.276784475e+02 +2.1575e+00 +3.8416e+00
376 0 +1.527242318e-03 -1.276784728e+02 -1.276784728e+02 +2.1649e+00 +3.8390e+00
377 0 +1.512168178e-03 -1.276784878e+02 -1.276784878e+02 +2.1589e+00 +3.8410e+00
381 0 +1.217030488e-03 -1.276787830e+02 -1.276787830e+02 +2.1655e+00 +3.8381e+00
382 0 +1.111095969e-03 -1.276788889e+02 -1.276788889e+02 +2.1763e+00 +3.8341e+00
386 0 +9.988200815e-04 -1.276790012e+02 -1.276790012e+02 +2.1706e+00 +3.8358e+00
395 0 +5.444914408e-04 -1.276794555e+02 -1.276794555e+02 +2.1928e+00 +3.8268e+00
423 0 +5.344320812e-04 -1.276794656e+02 -1.276794656e+02 +2.1945e+00 +3.8261e+00
432 0 +4.869814800e-04 -1.276795130e+02 -1.276795130e+02 +2.1912e+00 +3.8269e+00
438 0 +4.535940572e-04 -1.276795464e+02 -1.276795464e+02 +2.1917e+00 +3.8268e+00
450 0 +4.194442923e-04 -1.276795806e+02 -1.276795806e+02 +2.1943e+00 +3.8259e+00
455 0 +2.658805916e-04 -1.276797341e+02 -1.276797341e+02 +2.2114e+00 +3.8185e+00
463 0 +2.474929809e-04 -1.276797525e+02 -1.276797525e+02 +2.2047e+00 +3.8214e+00
464 0 +2.299463971e-04 -1.276797701e+02 -1.276797701e+02 +2.2064e+00 +3.8209e+00
470 0 +1.816043654e-04 -1.276798184e+02 -1.276798184e+02 +2.2111e+00 +3.8189e+00
478 0 +1.152957658e-04 -1.276798847e+02 -1.276798847e+02 +2.2753e+00 +3.7924e+00
485 0 +8.762255744e-05 -1.276799124e+02 -1.276799124e+02 +2.2216e+00 +3.8145e+00
488 0 +4.665370287e-05 -1.276799533e+02 -1.276799533e+02 +2.2294e+00 +3.8113e+00
500 0 +2.853044700e-05 -1.276799715e+02 -1.276799715e+02 +2.2342e+00 +3.8093e+00
516 0 +1.373138882e-05 -1.276799863e+02 -1.276799863e+02 +2.2447e+00 +3.8049e+00
555 0 +1.146615372e-05 -1.276799885e+02 -1.276799885e+02 +2.2443e+00 +3.8051e+00
560 0 +1.024551504e-05 -1.276799898e+02 -1.276799898e+02 +2.2501e+00 +3.8027e+00
561 0 +9.494664454e-06 -1.276799905e+02 -1.276799905e+02 +2.2435e+00 +3.8054e+00
563 0 +4.657240041e-06 -1.276799953e+02 -1.276799953e+02 +2.2516e+00 +3.8021e+00
585 0 +4.073279811e-06 -1.276799959e+02 -1.276799959e+02 +2.2536e+00 +3.8013e+00
620 0 +3.732449841e-06 -1.276799963e+02 -1.276799963e+02 +2.2482e+00 +3.8035e+00
622 0 +2.187414879e-06 -1.276799978e+02 -1.276799978e+02 +2.2505e+00 +3.8025e+00
631 0 +1.993422345e-06 -1.276799980e+02 -1.276799980e+02 +2.2508e+00 +3.8024e+00
636 0 +1.943965458e-06 -1.276799981e+02 -1.276799981e+02 +2.2510e+00 +3.8023e+00
637 0 +1.168879251e-06 -1.276799988e+02 -1.276799988e+02 +2.2527e+00 +3.8016e+00
772 0 +9.915393235e-07 -1.276799990e+02 -1.276799990e+02 +2.2533e+00 +3.8014e+00
779 0 +1.484073664e-07 -1.276799999e+02 -1.276799999e+02 +2.2576e+00 +3.7996e+00
787 0 +2.013116784e-08 -1.276800000e+02 -1.276800000e+02 +2.2606e+00 +3.7984e+00
932 0 +1.845951658e-08 -1.276800000e+02 -1.276800000e+02 +2.2636e+00 +3.7971e+00
944 0 +7.995495821e-09 -1.276800000e+02 -1.276800000e+02 +2.2623e+00 +3.7976e+00
1652 0 +0.000000000e+00 -1.276800000e+02 -1.276800000e+02 +2.2624e+00 +3.7976e+00
% f evaluations | g evaluations | best noise-free fitness - Fopt (-3.650000000000e+01) + sum g_i+ | measured fitness | best measured fitness or single-digit g-values | x1 | x2...
1 0 +8.948084713e+00 -2.755191529e+01 -2.755191529e+01 +0.0000e+00 +0.0000e+00
2 0 +4.767866618e+00 -3.173213338e+01 -3.173213338e+01 +4.3379e-01 +3.0692e-02
10 0 +3.678527576e+00 -3.282147242e+01 -3.282147242e+01 +4.7684e-01 +2.4785e-01
18 0 +1.697097290e+00 -3.480290271e+01 -3.480290271e+01 +8.8811e-01 +2.3743e-01
23 0 +9.987717336e-01 -3.550122827e+01 -3.550122827e+01 +9.8169e-01 +6.3391e-01
27 0 +6.211027528e-01 -3.587889725e+01 -3.587889725e+01 +1.2194e+00 +4.8887e-01
35 0 +5.380366937e-01 -3.596196331e+01 -3.596196331e+01 +1.2793e+00 +4.8854e-01
39 0 +3.946764584e-01 -3.610532354e+01 -3.610532354e+01 +1.9285e+00 +8.5969e-01
41 0 +3.557470257e-01 -3.614425297e+01 -3.614425297e+01 +1.4452e+00 +2.2709e-01
43 0 +2.928766744e-01 -3.620712333e+01 -3.620712333e+01 +1.6280e+00 +5.6917e-01
49 0 +1.729111507e-01 -3.632708885e+01 -3.632708885e+01 +2.1136e+00 +3.1284e-01
50 0 +2.079134754e-02 -3.647920865e+01 -3.647920865e+01 +2.1929e+00 +5.7914e-01
115 0 +1.119526759e-02 -3.648880473e+01 -3.648880473e+01 +2.1299e+00 +5.0731e-01
166 0 +7.188591815e-03 -3.649281141e+01 -3.649281141e+01 +2.2483e+00 +5.8048e-01
191 0 +3.751152548e-03 -3.649624885e+01 -3.649624885e+01 +2.2307e+00 +5.7756e-01
215 0 +3.523846464e-03 -3.649647615e+01 -3.649647615e+01 +2.2147e+00 +5.7042e-01
220 0 +2.832442294e-03 -3.649716756e+01 -3.649716756e+01 +2.1988e+00 +5.6135e-01
221 0 +2.176949327e-03 -3.649782305e+01 -3.649782305e+01 +2.1707e+00 +5.4056e-01
225 0 +1.887120065e-03 -3.649811288e+01 -3.649811288e+01 +2.1918e+00 +5.5635e-01
283 0 +1.483850733e-03 -3.649851615e+01 -3.649851615e+01 +2.1881e+00 +5.5161e-01
287 0 +1.370502217e-03 -3.649862950e+01 -3.649862950e+01 +2.1886e+00 +5.5381e-01
288 0 +9.497558902e-04 -3.649905024e+01 -3.649905024e+01 +2.1762e+00 +5.4536e-01
303 0 +3.935598999e-04 -3.649960644e+01 -3.649960644e+01 +2.1597e+00 +5.3665e-01
341 0 +3.879468148e-04 -3.649961205e+01 -3.649961205e+01 +2.1595e+00 +5.3683e-01
354 0 +2.056057440e-04 -3.649979439e+01 -3.649979439e+01 +2.1381e+00 +5.2494e-01
356 0 +1.293610599e-04 -3.649987064e+01 -3.649987064e+01 +2.1405e+00 +5.2605e-01
410 0 +1.195460002e-04 -3.649988045e+01 -3.649988045e+01 +2.1345e+00 +5.2280e-01
418 0 +8.250551465e-05 -3.649991749e+01 -3.649991749e+01 +2.1347e+00 +5.2283e-01
440 0 +7.489898119e-05 -3.649992510e+01 -3.649992510e+01 +2.1335e+00 +5.2217e-01
445 0 +7.212153791e-05 -3.649992788e+01 -3.649992788e+01 +2.1331e+00 +5.2193e-01
448 0 +4.672948872e-05 -3.649995327e+01 -3.649995327e+01 +2.1281e+00 +5.1911e-01
453 0 +4.467808078e-05 -3.649995532e+01 -3.649995532e+01 +2.1274e+00 +5.1875e-01
463 0 +4.025630551e-05 -3.649995974e+01 -3.649995974e+01 +2.1266e+00 +5.1831e-01
467 0 +2.925199434e-05 -3.649997075e+01 -3.649997075e+01 +2.1221e+00 +5.1574e-01
470 0 +2.427990385e-05 -3.649997572e+01 -3.649997572e+01 +2.1221e+00 +5.1575e-01
471 0 +2.208850939e-05 -3.649997791e+01 -3.649997791e+01 +2.1183e+00 +5.1366e-01
477 0 +1.490118854e-05 -3.649998510e+01 -3.649998510e+01 +2.1182e+00 +5.1356e-01
493 0 +5.998031142e-06 -3.649999400e+01 -3.649999400e+01 +2.1125e+00 +5.1040e-01
512 0 +4.398190427e-06 -3.649999560e+01 -3.649999560e+01 +2.1078e+00 +5.0774e-01
533 0 +3.122772014e-06 -3.649999688e+01 -3.649999688e+01 +2.1027e+00 +5.0488e-01
534 0 +7.070920560e-08 -3.649999993e+01 -3.649999993e+01 +2.0955e+00 +5.0090e-01
685 0 +3.623306810e-08 -3.649999996e+01 -3.649999996e+01 +2.0991e+00 +5.0290e-01
700 0 +2.855897208e-08 -3.649999997e+01 -3.649999997e+01 +2.0964e+00 +5.0139e-01
715 0 +1.618240475e-08 -3.649999998e+01 -3.649999998e+01 +2.0946e+00 +5.0038e-01
741 0 +3.983849695e-09 -3.650000000e+01 -3.650000000e+01 +2.0975e+00 +5.0198e-01
1618 0 +0.000000000e+00 -3.650000000e+01 -3.650000000e+01 +2.0968e+00 +5.0159e-01
% f evaluations | g evaluations | best noise-free fitness - Fopt (1.728700000000e+02) + sum g_i+ | measured fitness | best measured fitness or single-digit g-values | x1 | x2...
1 0 +2.515275279e+01 +1.980227528e+02 +1.980227528e+02 +0.0000e+00 +0.0000e+00
2 0 +1.555778362e+01 +1.884277836e+02 +1.884277836e+02 +4.3379e-01 +3.0692e-02
10 0 +1.354262324e+01 +1.864126232e+02 +1.864126232e+02 +5.3630e-01 +1.4690e-01
18 0 +7.326535056e+00 +1.801965351e+02 +1.801965351e+02 +9.8724e-01 +1.2127e-01
23 0 +6.214592617e+00 +1.790845926e+02 +1.790845926e+02 +1.0709e+00 +3.9901e-01
27 0 +4.008269129e+00 +1.768782691e+02 +1.768782691e+02 +1.3466e+00 +2.6187e-01
35 0 +2.391618244e+00 +1.752616182e+02 +1.752616182e+02 +1.6356e+00 +7.9478e-02
37 0 +1.076813709e+00 +1.739468137e+02 +1.739468137e+02 +3.3000e+00 +3.1229e-01
38 0 +2.572546576e-01 +1.731272547e+02 +1.731272547e+02 +2.6445e+00 -1.0853e+00
41 0 +7.734550270e-02 +1.729473455e+02 +1.729473455e+02 +2.8866e+00 -7.3345e-01
50 0 +6.490654615e-02 +1.729349065e+02 +1.729349065e+02 +3.1285e+00 -8.5154e-01
59 0 +2.050652510e-02 +1.728905065e+02 +1.728905065e+02 +3.0368e+00 -7.7511e-01
106 0 +1.422631195e-02 +1.728842263e+02 +1.728842263e+02 +3.0554e+00 -8.0812e-01
205 0 +1.219728125e-02 +1.728821973e+02 +1.728821973e+02 +3.1609e+00 -7.9499e-01
232 0 +1.112828278e-02 +1.728811283e+02 +1.728811283e+02 +3.2442e+00 -7.7827e-01
233 0 +9.654455913e-03 +1.728796545e+02 +1.728796545e+02 +3.2046e+00 -7.7074e-01
241 0 +8.756028009e-03 +1.728787560e+02 +1.728787560e+02 +3.2306e+00 -7.7456e-01
244 0 +3.467931125e-03 +1.728734679e+02 +1.728734679e+02 +3.1333e+00 -7.8256e-01
309 0 +3.330713624e-03 +1.728733307e+02 +1.728733307e+02 +3.1728e+00 -7.8273e-01
316 0 +3.116422305e-03 +1.728731164e+02 +1.728731164e+02 +3.1717e+00 -7.8195e-01
318 0 +1.179056872e-03 +1.728711791e+02 +1.728711791e+02 +3.1189e+00 -7.8642e-01
344 0 +6.775284104e-04 +1.728706775e+02 +1.728706775e+02 +3.1138e+00 -7.8784e-01
364 0 +5.634818814e-04 +1.728705635e+02 +1.728705635e+02 +2.9446e+00 -8.0530e-01
381 0 +1.762843880e-05 +1.728700176e+02 +1.728700176e+02 +3.0190e+00 -7.9755e-01
470 0 +1.551912584e-05 +1.728700155e+02 +1.728700155e+02 +3.0083e+00 -7.9867e-01
478 0 +4.843623344e-06 +1.728700048e+02 +1.728700048e+02 +3.0294e+00 -7.9648e-01
487 0 +3.588459975e-06 +1.728700036e+02 +1.728700036e+02 +3.0113e+00 -7.9836e-01
524 0 +3.416113486e-06 +1.728700034e+02 +1.728700034e+02 +3.0118e+00 -7.9831e-01
526 0 +2.499576141e-06 +1.728700025e+02 +1.728700025e+02 +3.0157e+00 -7.9790e-01
543 0 +2.239866291e-06 +1.728700022e+02 +1.728700022e+02 +3.0150e+00 -7.9797e-01
545 0 +1.659917416e-06 +1.728700017e+02 +1.728700017e+02 +3.0149e+00 -7.9798e-01
551 0 +9.655442739e-07 +1.728700010e+02 +1.728700010e+02 +3.0167e+00 -7.9779e-01
577 0 +8.934777611e-07 +1.728700009e+02 +1.728700009e+02 +3.0171e+00 -7.9775e-01
578 0 +8.212768421e-07 +1.728700008e+02 +1.728700008e+02 +3.0171e+00 -7.9776e-01
583 0 +7.450846340e-07 +1.728700007e+02 +1.728700007e+02 +3.0175e+00 -7.9771e-01
892 0 +7.060455687e-07 +1.728700007e+02 +1.728700007e+02 +3.0176e+00 -7.9771e-01
906 0 +6.107818820e-07 +1.728700006e+02 +1.728700006e+02 +3.0180e+00 -7.9766e-01
913 0 +5.006001800e-07 +1.728700005e+02 +1.728700005e+02 +3.0197e+00 -7.9749e-01
917 0 +3.402353173e-07 +1.728700003e+02 +1.728700003e+02 +3.0195e+00 -7.9751e-01
936 0 +2.916593473e-07 +1.728700003e+02 +1.728700003e+02 +3.0201e+00 -7.9745e-01
939 0 +2.179625653e-07 +1.728700002e+02 +1.728700002e+02 +3.0205e+00 -7.9740e-01
945 0 +2.814834943e-08 +1.728700000e+02 +1.728700000e+02 +3.0234e+00 -7.9711e-01
963 0 +7.248104339e-09 +1.728700000e+02 +1.728700000e+02 +3.0270e+00 -7.9674e-01
1618 0 +0.000000000e+00 +1.728700000e+02 +1.728700000e+02 +3.0264e+00 -7.9680e-01
% f evaluations | g evaluations | best noise-free fitness - Fopt (1.577200000000e+02) + sum g_i+ | measured fitness | best measured fitness or single-digit g-values | x1 | x2...
1 0 +1.029104317e+01 +1.680110432e+02 +1.680110432e+02 +0.0000e+00 +0.0000e+00
3 0 +1.011416954e+01 +1.678341695e+02 +1.678341695e+02 +9.8026e-02 +3.4094e-01
9 0 +8.806573428e+00 +1.665265734e+02 +1.665265734e+02 -1.1781e-01 +1.5775e-02
16 0 +5.708314903e+00 +1.634283149e+02 +1.634283149e+02 -3.9445e-01 +1.7836e-01
40 0 +4.212074138e+00 +1.619320741e+02 +1.619320741e+02 -5.5956e-01 +4.7553e-01
62 0 +4.139924809e+00 +1.618599248e+02 +1.618599248e+02 -5.8989e-01 +4.0115e-01
65 0 +3.087253255e+00 +1.608072533e+02 +1.608072533e+02 -1.0985e+00 +9.3689e-01
81 0 +3.007523105e+00 +1.607275231e+02 +1.607275231e+02 -9.6903e-01 +6.4185e-01
89 0 +2.821750384e+00 +1.605417504e+02 +1.605417504e+02 -2.0103e+00 +1.0228e+00
116 0 +2.690246166e+00 +1.604102462e+02 +1.604102462e+02 -1.5681e+00 +7.2701e-01
131 0 +2.462168663e+00 +1.601821687e+02 +1.601821687e+02 -1.2620e+00 +2.8595e-01
170 0 +2.123293315e+00 +1.598432933e+02 +1.598432933e+02 -1.8014e+00 +2.0854e-01
185 0 +1.454988429e+00 +1.591749884e+02 +1.591749884e+02 -1.9496e+00 -4.5049e-01
191 0 +5.134678348e-01 +1.582334678e+02 +1.582334678e+02 -2.8680e+00 -1.1225e+00
205 0 +3.087923095e-01 +1.580287923e+02 +1.580287923e+02 -3.5136e+00 -1.4741e+00
211 0 +1.971056203e-01 +1.579171056e+02 +1.579171056e+02 -3.1795e+00 -1.3593e+00
221 0 +1.540943433e-01 +1.578740943e+02 +1.578740943e+02 -3.3645e+00 -1.5939e+00
225 0 +8.687050434e-02 +1.578068705e+02 +1.578068705e+02 -3.2548e+00 -1.4885e+00
503 0 +8.438985717e-02 +1.578043899e+02 +1.578043899e+02 -3.2020e+00 -1.4809e+00
507 0 +8.241885990e-02 +1.578024189e+02 +1.578024189e+02 -3.1960e+00 -1.4833e+00
518 0 +7.091317800e-02 +1.577909132e+02 +1.577909132e+02 -3.1672e+00 -1.4990e+00
524 0 +6.452628276e-02 +1.577845263e+02 +1.577845263e+02 -3.1949e+00 -1.5062e+00
531 0 +4.965493480e-02 +1.577696549e+02 +1.577696549e+02 -3.1148e+00 -1.5327e+00
534 0 +4.640448479e-02 +1.577664045e+02 +1.577664045e+02 -2.9679e+00 -1.5824e+00
544 0 +2.929278056e-02 +1.577492928e+02 +1.577492928e+02 -2.8138e+00 -1.6546e+00
546 0 +2.826876968e-02 +1.577482688e+02 +1.577482688e+02 -3.0872e+00 -1.5639e+00
553 0 +2.458911818e-02 +1.577445891e+02 +1.577445891e+02 -3.0146e+00 -1.5896e+00
597 0 +1.945046836e-02 +1.577394505e+02 +1.577394505e+02 -2.7012e+00 -1.7052e+00
605 0 +1.765589162e-02 +1.577376559e+02 +1.577376559e+02 -2.8302e+00 -1.6612e+00
606 0 +1.673948819e-02 +1.577367395e+02 +1.577367395e+02 -2.9108e+00 -1.6339e+00
612 0 +1.320795988e-02 +1.577332080e+02 +1.577332080e+02 -3.0583e+00 -1.5895e+00
620 0 +8.461322193e-03 +1.577284613e+02 +1.577284613e+02 -2.9318e+00 -1.6353e+00
625 0 +4.121614121e-03 +1.577241216e+02 +1.577241216e+02 -2.9497e+00 -1.6337e+00
634 0 +4.630728130e-04 +1.577204631e+02 +1.577204631e+02 -2.8978e+00 -1.6557e+00
652 0 +1.241576860e-04 +1.577201242e+02 +1.577201242e+02 -2.8977e+00 -1.6561e+00
657 0 +3.504031571e-05 +1.577200350e+02 +1.577200350e+02 -2.8957e+00 -1.6569e+00
703 0 +2.466468993e-05 +1.577200247e+02 +1.577200247e+02 -2.8416e+00 -1.6759e+00
730 0 +6.145115520e-06 +1.577200061e+02 +1.577200061e+02 -2.8680e+00 -1.6666e+00
743 0 +2.569920724e-06 +1.577200026e+02 +1.577200026e+02 -2.8690e+00 -1.6663e+00
785 0 +1.192768394e-06 +1.577200012e+02 +1.577200012e+02 -2.8572e+00 -1.6704e+00
1059 0 +9.736697280e-07 +1.577200010e+02 +1.577200010e+02 -2.8571e+00 -1.6704e+00
1083 0 +9.471815474e-07 +1.577200009e+02 +1.577200009e+02 -2.8585e+00 -1.6700e+00
1086 0 +8.801012825e-07 +1.577200009e+02 +1.577200009e+02 -2.8574e+00 -1.6704e+00
1088 0 +7.977450593e-07 +1.577200008e+02 +1.577200008e+02 -2.8583e+00 -1.6700e+00
1093 0 +7.600254435e-07 +1.577200008e+02 +1.577200008e+02 -2.8582e+00 -1.6701e+00
1094 0 +5.985158396e-07 +1.577200006e+02 +1.577200006e+02 -2.8596e+00 -1.6696e+00
1103 0 +2.514143205e-07 +1.577200003e+02 +1.577200003e+02 -2.8608e+00 -1.6692e+00
1125 0 +2.000362258e-07 +1.577200002e+02 +1.577200002e+02 -2.8610e+00 -1.6691e+00
1131 0 +1.303005490e-07 +1.577200001e+02 +1.577200001e+02 -2.8620e+00 -1.6687e+00
1189 0 +1.225843675e-07 +1.577200001e+02 +1.577200001e+02 -2.8621e+00 -1.6687e+00
1192 0 +9.857629379e-08 +1.577200001e+02 +1.577200001e+02 -2.8620e+00 -1.6687e+00
1225 0 +9.427287750e-08 +1.577200001e+02 +1.577200001e+02 -2.8621e+00 -1.6687e+00
1234 0 +8.069949331e-08 +1.577200001e+02 +1.577200001e+02 -2.8623e+00 -1.6686e+00
1246 0 +7.856937145e-08 +1.577200001e+02 +1.577200001e+02 -2.8624e+00 -1.6686e+00
1251 0 +6.143119435e-08 +1.577200001e+02 +1.577200001e+02 -2.8627e+00 -1.6685e+00
1301 0 +5.930638736e-08 +1.577200001e+02 +1.577200001e+02 -2.8627e+00 -1.6685e+00
1304 0 +5.033206207e-08 +1.577200001e+02 +1.577200001e+02 -2.8629e+00 -1.6684e+00
1315 0 +3.326061915e-08 +1.577200000e+02 +1.577200000e+02 -2.8634e+00 -1.6682e+00
1320 0 +3.298552542e-08 +1.577200000e+02 +1.577200000e+02 -2.8637e+00 -1.6682e+00
1322 0 +2.792515374e-08 +1.577200000e+02 +1.577200000e+02 -2.8636e+00 -1.6682e+00
1329 0 +2.456971515e-08 +1.577200000e+02 +1.577200000e+02 -2.8646e+00 -1.6678e+00
1332 0 +1.802044380e-08 +1.577200000e+02 +1.577200000e+02 -2.8641e+00 -1.6680e+00
1345 0 +1.263001081e-08 +1.577200000e+02 +1.577200000e+02 -2.8642e+00 -1.6680e+00
1347 0 +1.297195240e-09 +1.577200000e+02 +1.577200000e+02 -2.8655e+00 -1.6675e+00
2040 0 +0.000000000e+00 +1.577200000e+02 +1.577200000e+02 -2.8664e+00 -1.6672e+00
% f evaluations | g evaluations | best noise-free fitness - Fopt (2.819000000000e+01) + sum g_i+ | measured fitness | best measured fitness or single-digit g-values | x1 | x2...
1 0 +5.825869750e+00 +3.401586975e+01 +3.401586975e+01 +0.0000e+00 +0.0000e+00
2 0 +2.648150322e+00 +3.083815032e+01 +3.083815032e+01 +4.3379e-01 +3.0692e-02
10 0 +2.166800408e+00 +3.035680041e+01 +3.035680041e+01 +5.3630e-01 +1.4690e-01
18 0 +1.043846325e+00 +2.923384633e+01 +2.923384633e+01 +9.8724e-01 +1.2127e-01
28 0 +8.283103122e-01 +2.901831031e+01 +2.901831031e+01 +1.1154e+00 -1.4650e-02
30 0 +6.589358737e-01 +2.884893587e+01 +2.884893587e+01 +1.3216e+00 -1.1490e-01
34 0 +2.551196569e-01 +2.844511966e+01 +2.844511966e+01 +1.3001e+00 -5.6712e-01
81 0 +1.758453977e-01 +2.836584540e+01 +2.836584540e+01 +1.6300e+00 -9.1757e-01
92 0 +8.297564923e-02 +2.827297565e+01 +2.827297565e+01 +1.4644e+00 -6.9536e-01
99 0 +1.813700493e-02 +2.820813700e+01 +2.820813700e+01 +1.6137e+00 -7.5411e-01
125 0 +5.102514604e-03 +2.819510251e+01 +2.819510251e+01 +1.7185e+00 -7.3033e-01
155 0 +1.386166793e-03 +2.819138617e+01 +2.819138617e+01 +1.8894e+00 -7.1992e-01
190 0 +1.173890433e-03 +2.819117389e+01 +2.819117389e+01 +1.8636e+00 -7.2452e-01
211 0 +1.242750580e-04 +2.819012428e+01 +2.819012428e+01 +1.8798e+00 -7.2219e-01
255 0 +7.749234980e-05 +2.819007749e+01 +2.819007749e+01 +1.8739e+00 -7.2245e-01
306 0 +4.443817294e-05 +2.819004444e+01 +2.819004444e+01 +1.8710e+00 -7.2280e-01
328 0 +9.168945660e-06 +2.819000917e+01 +2.819000917e+01 +1.8662e+00 -7.2312e-01
344 0 +5.232592894e-06 +2.819000523e+01 +2.819000523e+01 +1.8664e+00 -7.2312e-01
376 0 +4.827275539e-06 +2.819000483e+01 +2.819000483e+01 +1.8699e+00 -7.2285e-01
418 0 +3.878413182e-06 +2.819000388e+01 +2.819000388e+01 +1.8704e+00 -7.2281e-01
591 0 +3.801622963e-06 +2.819000380e+01 +2.819000380e+01 +1.8706e+00 -7.2279e-01
609 0 +3.540281799e-06 +2.819000354e+01 +2.819000354e+01 +1.8704e+00 -7.2281e-01
629 0 +3.325156317e-06 +2.819000333e+01 +2.819000333e+01 +1.8699e+00 -7.2284e-01
632 0 +3.228097764e-06 +2.819000323e+01 +2.819000323e+01 +1.8696e+00 -7.2287e-01
639 0 +2.966007386e-06 +2.819000297e+01 +2.819000297e+01 +1.8694e+00 -7.2288e-01
647 0 +2.872689439e-06 +2.819000287e+01 +2.819000287e+01 +1.8690e+00 -7.2291e-01
654 0 +2.671171870e-06 +2.819000267e+01 +2.819000267e+01 +1.8683e+00 -7.2297e-01
660 0 +2.592053328e-06 +2.819000259e+01 +2.819000259e+01 +1.8682e+00 -7.2298e-01
661 0 +2.449694563e-06 +2.819000245e+01 +2.819000245e+01 +1.8679e+00 -7.2300e-01
671 0 +2.222360187e-06 +2.819000222e+01 +2.819000222e+01 +1.8676e+00 -7.2303e-01
680 0 +2.064279393e-06 +2.819000206e+01 +2.819000206e+01 +1.8661e+00 -7.2315e-01
683 0 +1.986218862e-06 +2.819000199e+01 +2.819000199e+01 +1.8624e+00 -7.2343e-01
689 0 +1.211847970e-06 +2.819000121e+01 +2.819000121e+01 +1.8654e+00 -7.2320e-01
705 0 +9.901882621e-07 +2.819000099e+01 +2.819000099e+01 +1.8631e+00 -7.2338e-01
724 0 +4.844038877e-07 +2.819000048e+01 +2.819000048e+01 +1.8622e+00 -7.2345e-01
730 0 +2.982439824e-07 +2.819000030e+01 +2.819000030e+01 +1.8618e+00 -7.2348e-01
736 0 +2.514929811e-07 +2.819000025e+01 +2.819000025e+01 +1.8609e+00 -7.2355e-01
737 0 +3.670199433e-08 +2.819000004e+01 +2.819000004e+01 +1.8582e+00 -7.2376e-01
838 0 +3.123730963e-08 +2.819000003e+01 +2.819000003e+01 +1.8583e+00 -7.2376e-01
881 0 +2.821008493e-08 +2.819000003e+01 +2.819000003e+01 +1.8582e+00 -7.2376e-01
940 0 +2.724457460e-08 +2.819000003e+01 +2.819000003e+01 +1.8582e+00 -7.2376e-01
949 0 +2.601663596e-08 +2.819000003e+01 +2.819000003e+01 +1.8581e+00 -7.2377e-01
952 0 +2.535819732e-08 +2.819000003e+01 +2.819000003e+01 +1.8581e+00 -7.2377e-01
956 0 +2.278801503e-08 +2.819000002e+01 +2.819000002e+01 +1.8579e+00 -7.2378e-01
964 0 +2.078939332e-08 +2.819000002e+01 +2.819000002e+01 +1.8579e+00 -7.2379e-01
980 0 +1.436432484e-08 +2.819000001e+01 +2.819000001e+01 +1.8576e+00 -7.2381e-01
992 0 +1.093326674e-08 +2.819000001e+01 +2.819000001e+01 +1.8568e+00 -7.2387e-01
993 0 +1.054078425e-08 +2.819000001e+01 +2.819000001e+01 +1.8572e+00 -7.2384e-01
995 0 +1.044290698e-08 +2.819000001e+01 +2.819000001e+01 +1.8571e+00 -7.2385e-01
996 0 +8.155328857e-09 +2.819000001e+01 +2.819000001e+01 +1.8571e+00 -7.2385e-01
1751 0 +0.000000000e+00 +2.819000000e+01 +2.819000000e+01 +1.8552e+00 -7.2400e-01
% f evaluations | g evaluations | best noise-free fitness - Fopt (-9.925000000000e+01) + sum g_i+ | measured fitness | best measured fitness or single-digit g-values | x1 | x2...
1 0 +7.355124039e+01 -2.569875961e+01 -2.569875961e+01 +0.0000e+00 +0.0000e+00
2 0 +6.148908579e+01 -3.776091421e+01 -3.776091421e+01 +4.3379e-01 +3.0692e-02
10 0 +5.981781941e+01 -3.943218059e+01 -3.943218059e+01 +3.2157e-01 -1.0275e-01
13 0 +5.046706658e+01 -4.878293342e+01 -4.878293342e+01 +3.3015e-01 -3.6944e-01
18 0 +4.946151720e+01 -4.978848280e+01 -4.978848280e+01 +6.2926e-01 -1.6720e-01
25 0 +4.644555279e+01 -5.280444721e+01 -5.280444721e+01 +4.8050e-01 -3.8003e-01
27 0 +4.427145435e+01 -5.497854565e+01 -5.497854565e+01 +6.9868e-01 -2.8198e-01
28 0 +4.148128209e+01 -5.776871791e+01 -5.776871791e+01 +6.1610e-01 -4.4283e-01
30 0 +3.548750610e+01 -6.376249390e+01 -6.376249390e+01 +7.5538e-01 -5.5675e-01
34 0 +2.592644128e+01 -7.332355872e+01 -7.332355872e+01 +8.5561e-01 -8.9280e-01
37 0 +1.913063045e+01 -8.011936955e+01 -8.011936955e+01 +1.6151e+00 -6.6348e-01
38 0 +3.563058709e+00 -9.568694129e+01 -9.568694129e+01 +1.9174e+00 -1.8950e+00
47 0 +2.142750921e+00 -9.710724908e+01 -9.710724908e+01 +4.3519e+00 -3.2206e+00
64 0 +1.122926254e+00 -9.812707375e+01 -9.812707375e+01 +3.2455e+00 -2.9822e+00
78 0 +9.978795024e-01 -9.825212050e+01 -9.825212050e+01 +2.7869e+00 -2.6030e+00
89 0 +4.994204307e-01 -9.875057957e+01 -9.875057957e+01 +2.2680e+00 -2.8085e+00
189 0 +4.161554019e-01 -9.883384460e+01 -9.883384460e+01 +2.4976e+00 -3.1729e+00
197 0 +3.574688668e-01 -9.889253113e+01 -9.889253113e+01 +2.6035e+00 -3.4037e+00
203 0 +2.160518389e-01 -9.903394816e+01 -9.903394816e+01 +2.1993e+00 -3.1263e+00
211 0 +3.805326404e-02 -9.921194674e+01 -9.921194674e+01 +2.0514e+00 -3.3108e+00
230 0 +4.750756241e-03 -9.924524924e+01 -9.924524924e+01 +2.2236e+00 -3.4905e+00
553 0 +3.557748215e-03 -9.924644225e+01 -9.924644225e+01 +2.1804e+00 -3.4389e+00
569 0 +3.421302507e-03 -9.924657870e+01 -9.924657870e+01 +2.2343e+00 -3.5062e+00
579 0 +2.675856989e-03 -9.924732414e+01 -9.924732414e+01 +2.2529e+00 -3.5313e+00
597 0 +6.950713890e-04 -9.924930493e+01 -9.924930493e+01 +2.2235e+00 -3.4991e+00
620 0 +6.113988242e-04 -9.924938860e+01 -9.924938860e+01 +2.2131e+00 -3.4852e+00
632 0 +4.696025995e-04 -9.924953040e+01 -9.924953040e+01 +2.2277e+00 -3.5041e+00
651 0 +2.725702825e-04 -9.924972743e+01 -9.924972743e+01 +2.2237e+00 -3.4983e+00
679 0 +1.830765270e-04 -9.924981692e+01 -9.924981692e+01 +2.2283e+00 -3.5041e+00
682 0 +1.570254558e-04 -9.924984297e+01 -9.924984297e+01 +2.2338e+00 -3.5110e+00
687 0 +1.258397073e-04 -9.924987416e+01 -9.924987416e+01 +2.2335e+00 -3.5107e+00
703 0 +7.685983476e-05 -9.924992314e+01 -9.924992314e+01 +2.2409e+00 -3.5202e+00
708 0 +7.130115806e-05 -9.924992870e+01 -9.924992870e+01 +2.2502e+00 -3.5321e+00
712 0 +3.688219481e-05 -9.924996312e+01 -9.924996312e+01 +2.2493e+00 -3.5310e+00
713 0 +9.189095451e-06 -9.924999081e+01 -9.924999081e+01 +2.2552e+00 -3.5386e+00
722 0 +5.896474505e-06 -9.924999410e+01 -9.924999410e+01 +2.2528e+00 -3.5355e+00
843 0 +4.635611106e-06 -9.924999536e+01 -9.924999536e+01 +2.2577e+00 -3.5418e+00
851 0 +3.587674087e-06 -9.924999641e+01 -9.924999641e+01 +2.2539e+00 -3.5369e+00
854 0 +2.227292981e-06 -9.924999777e+01 -9.924999777e+01 +2.2552e+00 -3.5385e+00
877 0 +9.711282587e-07 -9.924999903e+01 -9.924999903e+01 +2.2573e+00 -3.5412e+00
954 0 +7.411805427e-07 -9.924999926e+01 -9.924999926e+01 +2.2577e+00 -3.5417e+00
961 0 +5.934784326e-07 -9.924999941e+01 -9.924999941e+01 +2.2580e+00 -3.5422e+00
968 0 +5.870560926e-07 -9.924999941e+01 -9.924999941e+01 +2.2581e+00 -3.5423e+00
971 0 +1.788698540e-07 -9.924999982e+01 -9.924999982e+01 +2.2599e+00 -3.5446e+00
976 0 +1.468813480e-07 -9.924999985e+01 -9.924999985e+01 +2.2603e+00 -3.5451e+00
1021 0 +1.318762202e-07 -9.924999987e+01 -9.924999987e+01 +2.2603e+00 -3.5451e+00
1026 0 +1.272113792e-07 -9.924999987e+01 -9.924999987e+01 +2.2606e+00 -3.5455e+00
1045 0 +7.589727602e-08 -9.924999992e+01 -9.924999992e+01 +2.2607e+00 -3.5456e+00
1076 0 +4.975230183e-08 -9.924999995e+01 -9.924999995e+01 +2.2611e+00 -3.5461e+00
1085 0 +4.383353769e-08 -9.924999996e+01 -9.924999996e+01 +2.2610e+00 -3.5460e+00
1158 0 +2.868107174e-08 -9.924999997e+01 -9.924999997e+01 +2.2615e+00 -3.5467e+00
1167 0 +2.684046763e-08 -9.924999997e+01 -9.924999997e+01 +2.2614e+00 -3.5465e+00
1169 0 +2.617278483e-08 -9.924999997e+01 -9.924999997e+01 +2.2617e+00 -3.5469e+00
1170 0 +1.811582706e-08 -9.924999998e+01 -9.924999998e+01 +2.2619e+00 -3.5471e+00
1173 0 +1.321720333e-08 -9.924999999e+01 -9.924999999e+01 +2.2620e+00 -3.5473e+00
1175 0 +2.265352350e-09 -9.925000000e+01 -9.925000000e+01 +2.2627e+00 -3.5482e+00
1800 0 +0.000000000e+00 -9.925000000e+01 -9.925000000e+01 +2.2632e+00 -3.5488e+00
