% f evaluations | g evaluations | best noise-free fitness - Fopt (-1.694000000000e+01) + sum g_i+ | measured fitness | best measured fitness or single-digit g-values | x1 | x2...
1 0 +3.030607799e+01 +1.336607799e+01 +1.336607799e+01 +0.0000e+00 +0.0000e+00 +0.0000e+00 +0.0000e+00 +0.0000e+00 +0.0000e+00 +0.0000e+00 +0.0000e+00 +0.0000e+00 +0.0000e+00
2 0 +2.743623391e+01 +1.049623391e+01 +1.049623391e+01 +4.3379e-01 +3.0692e-02 +9.8026e-02 +3.4094e-01 +2.4727e-01 +1.7369e-01 -1.1375e-01 -3.0566e-01 +1.1285e-01 -1.5359e-01
12 0 +2.380625508e+01 +6.866255085e+00 +6.866255085e+00 +5.3320e-01 +4.3847e-01 -2.2909e-01 +3.6700e-01 +4.6240e-01 +6.6555e-01 -1.7600e-01 -2.5857e-01 +2.7284e-01 -4.3911e-01
17 0 +2.161152511e+01 +4.671525106e+00 +4.671525106e+00 +7.4809e-01 +5.6858e-01 +5.9657e-02 +3.9747e-01 +1.5842e-01 +4.7505e-01 +3.1544e-01 -3.0056e-01 +4.3818e-01 -4.5028e-01
28 0 +1.615725159e+01 -7.827484102e-01 -7.827484102e-01 +5.9300e-01 +5.2567e-01 -3.0354e-01 +2.9636e-01 +1.1242e+00 -2.7798e-01 +5.6182e-01 -5.3577e-01 +1.4620e-01 -1.1107e-01
66 0 +1.209460245e+01 -4.845397550e+00 -4.845397550e+00 +1.1304e+00 +7.4160e-01 -3.5410e-01 +3.9317e-01 +1.0953e+00 +5.1519e-02 +5.8106e-02 -1.5474e-01 +1.2804e+00 +3.4633e-01
103 0 +9.788945923e+00 -7.151054077e+00 -7.151054077e+00 +1.4608e+00 +1.9554e+00 -1.1146e+00 +8.7233e-01 +3.9740e-01 +3.7874e-01 +1.1289e+00 +4.2362e-02 +1.1695e+00 +3.6561e-01
124 0 +7.822709980e+00 -9.117290020e+00 -9.117290020e+00 +2.0981e+00 +3.0205e+00 -1.2639e+00 +1.3248e+00 +1.5458e+00 +2.7710e-01 +9.0247e-01 -2.9946e-01 +1.9834e+00 -3.6238e-02
143 0 +7.403691091e+00 -9.536308909e+00 -9.536308909e+00 +3.1431e+00 +2.8727e+00 -1.3284e+00 +2.2116e+00 +1.8025e+00 +3.7655e-01 +1.0009e+00 -1.7506e+00 +1.6980e+00 -2.1256e-02
151 0 +6.700770233e+00 -1.023922977e+01 -1.023922977e+01 +2.4075e+00 +2.6532e+00 -1.3402e+00 +1.3612e+00 +1.0079e+00 +6.4911e-02 +1.2332e+00 -8.9357e-01 +1.0754e+00 +1.8548e-01
178 0 +5.496568499e+00 -1.144343150e+01 -1.144343150e+01 +2.5373e+00 +3.5354e+00 -1.2034e+00 +1.7512e+00 +1.4882e+00 -3.7232e-02 +1.5266e+00 -2.3461e+00 +6.2786e-01 -4.4094e-01
181 0 +5.260188922e+00 -1.167981108e+01 -1.167981108e+01 +2.8664e+00 +3.2131e+00 -1.0257e+00 +1.4595e+00 +2.0844e+00 -2.3290e-01 +1.5394e+00 -1.8882e+00 +9.1926e-01 -5.9923e-01
225 0 +5.033853758e+00 -1.190614624e+01 -1.190614624e+01 +4.6755e+00 +3.9516e+00 -1.4124e+00 +1.9231e+00 +2.3633e+00 -7.8866e-01 +2.2079e+00 -2.1556e+00 +1.2886e+00 -1.5476e+00
237 0 +3.655686193e+00 -1.328431381e+01 -1.328431381e+01 +2.9847e+00 +3.0689e+00 -7.6106e-01 +1.6414e+00 +2.7501e+00 -1.1736e+00 +2.0496e+00 -1.4686e+00 +1.3377e+00 -1.2614e+00
250 0 +3.313676716e+00 -1.362632328e+01 -1.362632328e+01 +3.0805e+00 +3.6139e+00 -1.4567e+00 +1.8323e+00 +1.9525e+00 -1.3157e+00 +2.5373e+00 -1.6587e+00 +1.1736e+00 -1.2408e+00
257 0 +3.201376616e+00 -1.373862338e+01 -1.373862338e+01 +3.6625e+00 +3.3085e+00 -1.3354e+00 +1.7825e+00 +2.5521e+00 -1.3640e+00 +2.7835e+00 -1.4753e+00 +1.1285e+00 -1.7474e+00
269 0 +1.821013726e+00 -1.511898627e+01 -1.511898627e+01 +2.9630e+00 +2.5949e+00 -1.6076e+00 +1.5325e+00 +1.7936e+00 -1.3457e+00 +1.9579e+00 -1.9619e+00 +1.6476e-01 -1.8277e+00
337 0 +1.668647707e+00 -1.527135229e+01 -1.527135229e+01 +3.2079e+00 +3.2377e+00 -1.4305e+00 +1.4975e+00 +1.0835e+00 -1.0431e+00 +3.1311e+00 -2.3689e+00 +1.9255e-01 -1.8473e+00
357 0 +1.326337411e+00 -1.561366259e+01 -1.561366259e+01 +3.2506e+00 +2.5394e+00 -1.9624e+00 +1.8300e+00 +1.0721e+00 -1.6093e+00 +3.6627e+00 -2.5069e+00 -8.7690e-01 -2.2458e+00
441 0 +1.113650001e+00 -1.582635000e+01 -1.582635000e+01 +3.1693e+00 +2.4673e+00 -1.9043e+00 +1.7712e+00 +8.2919e-01 -1.2572e+00 +4.0171e+00 -2.6907e+00 -7.4201e-01 -1.9084e+00
523 0 +9.863435820e-01 -1.595365642e+01 -1.595365642e+01 +3.3115e+00 +2.0703e+00 -1.6213e+00 +1.4607e+00 +8.7145e-01 -1.6060e+00 +3.9661e+00 -2.4115e+00 -7.4128e-01 -2.2131e+00
527 0 +8.626830129e-01 -1.607731699e+01 -1.607731699e+01 +3.4060e+00 +2.4692e+00 -1.2124e+00 +2.0911e+00 +1.1950e+00 -1.4460e+00 +3.8821e+00 -1.9481e+00 -2.4180e-01 -2.1920e+00
611 0 +8.191153762e-01 -1.612088462e+01 -1.612088462e+01 +3.1160e+00 +2.3057e+00 -1.2520e+00 +1.7458e+00 +9.5693e-01 -1.5297e+00 +3.2936e+00 -2.3381e+00 -3.0875e-01 -2.4771e+00
661 0 +7.217436843e-01 -1.621825632e+01 -1.621825632e+01 +3.2784e+00 +2.3659e+00 -1.2604e+00 +1.9492e+00 +1.0556e+00 -1.2719e+00 +3.0714e+00 -2.1606e+00 -4.1212e-01 -2.2580e+00
736 0 +6.761473249e-01 -1.626385268e+01 -1.626385268e+01 +3.3832e+00 +2.5183e+00 -1.2167e+00 +1.9178e+00 +1.1580e+00 -1.3351e+00 +3.1829e+00 -2.1035e+00 -4.1402e-01 -2.2433e+00
753 0 +6.355300297e-01 -1.630446997e+01 -1.630446997e+01 +3.2477e+00 +2.4548e+00 -1.1457e+00 +1.8255e+00 +1.1972e+00 -1.4128e+00 +3.2378e+00 -2.1654e+00 -5.2461e-01 -2.2565e+00
796 0 +5.590483676e-01 -1.638095163e+01 -1.638095163e+01 +3.2585e+00 +2.5039e+00 -1.2458e+00 +1.7610e+00 +1.2071e+00 -1.4684e+00 +3.0925e+00 -2.0499e+00 -4.3090e-01 -2.2250e+00
814 0 +5.308413486e-01 -1.640915865e+01 -1.640915865e+01 +3.2969e+00 +2.4442e+00 -1.3529e+00 +1.8014e+00 +1.1648e+00 -1.4602e+00 +3.1525e+00 -2.1797e+00 -4.6281e-01 -2.2400e+00
841 0 +4.803296979e-01 -1.645967030e+01 -1.645967030e+01 +3.2795e+00 +2.4767e+00 -1.3593e+00 +1.7426e+00 +1.1836e+00 -1.5131e+00 +3.0827e+00 -2.1130e+00 -4.9547e-01 -2.1863e+00
847 0 +4.677684240e-01 -1.647223158e+01 -1.647223158e+01 +3.3224e+00 +2.5373e+00 -1.3949e+00 +1.8220e+00 +1.3193e+00 -1.6157e+00 +3.0852e+00 -2.0723e+00 -4.1475e-01 -2.2815e+00
861 0 +4.451712885e-01 -1.649482871e+01 -1.649482871e+01 +3.3034e+00 +2.4784e+00 -1.3959e+00 +1.7525e+00 +1.1708e+00 -1.5312e+00 +3.0535e+00 -2.1130e+00 -5.1116e-01 -2.2115e+00
881 0 +4.010530901e-01 -1.653894691e+01 -1.653894691e+01 +3.3398e+00 +2.4552e+00 -1.3853e+00 +1.6967e+00 +1.2171e+00 -1.5184e+00 +3.0594e+00 -2.1305e+00 -4.6003e-01 -2.2133e+00
897 0 +3.566672596e-01 -1.658333274e+01 -1.658333274e+01 +3.3506e+00 +2.4953e+00 -1.3748e+00 +1.7229e+00 +1.2520e+00 -1.5265e+00 +3.0700e+00 -2.1151e+00 -4.4094e-01 -2.2030e+00
1001 0 +3.348236877e-01 -1.660517631e+01 -1.660517631e+01 +3.3816e+00 +2.5063e+00 -1.3768e+00 +1.7611e+00 +1.2287e+00 -1.4935e+00 +3.0642e+00 -2.1147e+00 -4.7855e-01 -2.1749e+00
1041 0 +3.284282463e-01 -1.661157175e+01 -1.661157175e+01 +3.3824e+00 +2.5318e+00 -1.4005e+00 +1.7677e+00 +1.2359e+00 -1.4966e+00 +3.0506e+00 -2.1354e+00 -4.9485e-01 -2.1706e+00
1081 0 +3.196798714e-01 -1.662032013e+01 -1.662032013e+01 +3.3771e+00 +2.5257e+00 -1.4006e+00 +1.7652e+00 +1.2179e+00 -1.5085e+00 +3.0662e+00 -2.1396e+00 -5.1884e-01 -2.1793e+00
1085 0 +3.067497727e-01 -1.663325023e+01 -1.663325023e+01 +3.3828e+00 +2.5361e+00 -1.4102e+00 +1.7725e+00 +1.2214e+00 -1.5244e+00 +3.0530e+00 -2.1492e+00 -5.3762e-01 -2.1881e+00
1090 0 +2.923506043e-01 -1.664764940e+01 -1.664764940e+01 +3.3874e+00 +2.5359e+00 -1.3942e+00 +1.7729e+00 +1.2243e+00 -1.5007e+00 +3.0347e+00 -2.1289e+00 -4.9949e-01 -2.1710e+00
1098 0 +2.849109173e-01 -1.665508908e+01 -1.665508908e+01 +3.3828e+00 +2.5339e+00 -1.3891e+00 +1.7807e+00 +1.2220e+00 -1.5118e+00 +3.0501e+00 -2.1400e+00 -5.1843e-01 -2.1680e+00
1141 0 +2.774112034e-01 -1.666258880e+01 -1.666258880e+01 +3.3849e+00 +2.5430e+00 -1.3993e+00 +1.7850e+00 +1.2205e+00 -1.5249e+00 +3.0584e+00 -2.1339e+00 -5.0775e-01 -2.1732e+00
1143 0 +2.514441102e-01 -1.668855589e+01 -1.668855589e+01 +3.3948e+00 +2.5415e+00 -1.4050e+00 +1.7855e+00 +1.2153e+00 -1.5174e+00 +3.0556e+00 -2.1371e+00 -5.2073e-01 -2.1735e+00
1222 0 +2.491688619e-01 -1.669083114e+01 -1.669083114e+01 +3.3983e+00 +2.5392e+00 -1.4033e+00 +1.7900e+00 +1.2097e+00 -1.5272e+00 +3.0447e+00 -2.1413e+00 -5.1326e-01 -2.1646e+00
1265 0 +2.431612571e-01 -1.669683874e+01 -1.669683874e+01 +3.4031e+00 +2.5414e+00 -1.3991e+00 +1.7835e+00 +1.2171e+00 -1.5231e+00 +3.0420e+00 -2.1327e+00 -5.1197e-01 -2.1635e+00
1331 0 +2.374981756e-01 -1.670250182e+01 -1.670250182e+01 +3.4003e+00 +2.5400e+00 -1.3976e+00 +1.7829e+00 +1.2061e+00 -1.5286e+00 +3.0492e+00 -2.1350e+00 -5.1652e-01 -2.1669e+00
1361 0 +2.321825408e-01 -1.670781746e+01 -1.670781746e+01 +3.4014e+00 +2.5377e+00 -1.4011e+00 +1.7804e+00 +1.2034e+00 -1.5280e+00 +3.0486e+00 -2.1383e+00 -5.1708e-01 -2.1641e+00
1371 0 +2.265249173e-01 -1.671347508e+01 -1.671347508e+01 +3.4041e+00 +2.5401e+00 -1.4031e+00 +1.7812e+00 +1.2034e+00 -1.5278e+00 +3.0485e+00 -2.1365e+00 -5.1755e-01 -2.1627e+00
1746 0 +2.229055771e-01 -1.671709442e+01 -1.671709442e+01 +3.4011e+00 +2.5409e+00 -1.3995e+00 +1.7845e+00 +1.2060e+00 -1.5262e+00 +3.0508e+00 -2.1354e+00 -5.1613e-01 -2.1646e+00
5497 0 +2.187732327e-01 -1.672122677e+01 -1.672122677e+01 +3.3998e+00 +2.5406e+00 -1.3965e+00 +1.7850e+00 +1.2044e+00 -1.5239e+00 +3.0481e+00 -2.1353e+00 -5.1716e-01 -2.1655e+00
% f evaluations | g evaluations | best noise-free fitness - Fopt (1.881000000000e+01) + sum g_i+ | measured fitness | best measured fitness or single-digit g-values | x1 | x2...
1 0 +6.610359773e+00 +2.542035977e+01 +2.542035977e+01 +0.0000e+00 +0.0000e+00 +0.0000e+00 +0.0000e+00 +0.0000e+00 +0.0000e+00 +0.0000e+00 +0.0000e+00 +0.0000e+00 +0.0000e+00
6 0 +5.761199504e+00 +2.457119950e+01 +2.457119950e+01 +1.8723e-01 -2.5702e-01 +1.5212e-01 +1.5671e-02 +5.1476e-01 -6.3323e-02 +3.7553e-01 -3.4671e-01 +9.3874e-02 -2.1343e-01
29 0 +4.308226997e+00 +2.311822700e+01 +2.311822700e+01 +8.5549e-01 -6.1593e-01 -1.5196e-01 -1.1015e-01 +4.6630e-01 +1.7257e-01 +4.1825e-01 -4.1390e-01 +4.6304e-01 +5.0996e-01
86 0 +3.996159576e+00 +2.280615958e+01 +2.280615958e+01 +1.2536e+00 -8.8718e-02 -8.5092e-02 -3.0981e-01 -2.0030e-01 -4.2704e-01 +3.3837e-01 -4.3670e-02 +7.0377e-01 +1.6444e+00
111 0 +3.891349909e+00 +2.270134991e+01 +2.270134991e+01 +1.4620e+00 +4.0872e-01 -5.7972e-01 -2.4791e-02 -1.1705e-01 -4.4669e-01 +3.3607e-02 +1.0266e+00 +4.9674e-01 +1.8969e+00
136 0 +3.096403698e+00 +2.190640370e+01 +2.190640370e+01 +9.3800e-01 +3.0736e-01 -2.3349e-01 -3.4259e-01 +4.5244e-01 -1.1960e+00 +2.3435e-01 -2.0493e-01 +3.7217e-01 +1.4643e+00
221 0 +3.007216881e+00 +2.181721688e+01 +2.181721688e+01 +5.8049e-01 +3.6841e-01 -8.4116e-01 -1.1995e-01 +3.7129e-01 -1.9054e+00 +3.9045e-01 +2.1347e-01 +1.3867e-01 +1.5335e+00
241 0 +2.692183309e+00 +2.150218331e+01 +2.150218331e+01 +7.5814e-01 +5.7084e-01 -8.2493e-01 -2.6491e-01 +6.5037e-01 -2.2469e+00 +5.2435e-01 +3.4712e-02 +3.1169e-01 +1.5788e+00
251 0 +2.641808622e+00 +2.145180862e+01 +2.145180862e+01 +5.6603e-01 +5.2238e-01 -1.0124e+00 -4.7293e-01 +7.4135e-01 -2.2772e+00 +5.9086e-01 -9.3242e-02 +4.3137e-01 +1.5364e+00
262 0 +2.033067392e+00 +2.084306739e+01 +2.084306739e+01 +3.3014e-01 +7.4896e-01 -8.3223e-01 -5.6643e-01 +9.6025e-01 -2.5191e+00 +5.8028e-01 +1.3313e-03 +7.5579e-01 +1.1393e+00
270 0 +1.771872957e+00 +2.058187296e+01 +2.058187296e+01 +2.2491e-01 +1.1020e+00 -8.4261e-01 -4.9332e-01 +1.0476e+00 -2.7846e+00 +5.2309e-01 +3.1636e-01 +5.0579e-01 +1.4665e+00
276 0 +1.663877365e+00 +2.047387736e+01 +2.047387736e+01 +2.6309e-01 +8.5121e-01 -7.3607e-01 -2.0491e-01 +9.0579e-01 -2.3422e+00 +4.7623e-01 +4.0105e-01 +1.1558e-01 +1.4560e+00
334 0 +1.560215430e+00 +2.037021543e+01 +2.037021543e+01 +4.8558e-02 +1.2330e+00 -1.2430e+00 -5.2308e-01 +9.9881e-01 -3.2944e+00 +6.7937e-01 +3.8135e-02 +5.8011e-01 +1.4349e+00
443 0 +1.508951404e+00 +2.031895140e+01 +2.031895140e+01 +5.8532e-01 +1.3930e+00 -1.3995e+00 -6.3236e-01 +7.7286e-01 -2.8949e+00 +6.7028e-01 +1.7830e-01 +7.0484e-01 +2.3399e+00
642 0 +1.412829669e+00 +2.022282967e+01 +2.022282967e+01 +6.5118e-01 +1.1659e+00 -1.3028e+00 -8.1470e-01 +5.5282e-01 -2.8880e+00 +6.8804e-01 +1.5573e-01 +6.9532e-01 +2.0188e+00
658 0 +1.393714378e+00 +2.020371438e+01 +2.020371438e+01 +6.5355e-01 +1.2839e+00 -1.2554e+00 -7.9102e-01 +5.4074e-01 -2.8030e+00 +7.0052e-01 +2.5170e-01 +8.0589e-01 +1.9238e+00
713 0 +1.330607897e+00 +2.014060790e+01 +2.014060790e+01 +5.9514e-01 +1.2284e+00 -1.0726e+00 -7.4807e-01 +5.5225e-01 -2.6853e+00 +6.1054e-01 +2.1815e-01 +7.7266e-01 +1.7756e+00
751 0 +1.294508813e+00 +2.010450881e+01 +2.010450881e+01 +5.6991e-01 +1.2361e+00 -1.0773e+00 -8.0929e-01 +5.4903e-01 -2.6738e+00 +5.8959e-01 +2.5494e-01 +7.1939e-01 +1.8178e+00
819 0 +1.233859025e+00 +2.004385902e+01 +2.004385902e+01 +5.8685e-01 +1.2472e+00 -1.0962e+00 -8.0064e-01 +5.2963e-01 -2.6464e+00 +5.5735e-01 +3.6037e-01 +7.3764e-01 +1.8454e+00
952 0 +1.188971413e+00 +1.999897141e+01 +1.999897141e+01 +5.8938e-01 +1.2792e+00 -1.1374e+00 -7.7612e-01 +5.3359e-01 -2.6424e+00 +4.9774e-01 +3.5975e-01 +7.1436e-01 +1.8485e+00
955 0 +1.147632660e+00 +1.995763266e+01 +1.995763266e+01 +6.0669e-01 +1.2703e+00 -1.1332e+00 -7.8003e-01 +5.4476e-01 -2.6239e+00 +4.8533e-01 +3.3454e-01 +7.2278e-01 +1.8369e+00
1013 0 +1.119201643e+00 +1.992920164e+01 +1.992920164e+01 +6.0830e-01 +1.2727e+00 -1.1354e+00 -7.8789e-01 +5.3779e-01 -2.6548e+00 +5.0010e-01 +3.5196e-01 +7.0927e-01 +1.8477e+00
1105 0 +1.095293866e+00 +1.990529387e+01 +1.990529387e+01 +6.1420e-01 +1.2519e+00 -1.1253e+00 -7.7074e-01 +5.2587e-01 -2.6467e+00 +5.1062e-01 +3.5869e-01 +7.1189e-01 +1.8553e+00
1122 0 +1.044988134e+00 +1.985498813e+01 +1.985498813e+01 +5.9557e-01 +1.2509e+00 -1.1231e+00 -7.6952e-01 +5.3438e-01 -2.6381e+00 +5.1611e-01 +3.5758e-01 +7.0191e-01 +1.8500e+00
1175 0 +9.993029419e-01 +1.980930294e+01 +1.980930294e+01 +6.0857e-01 +1.2501e+00 -1.1200e+00 -7.5735e-01 +5.3515e-01 -2.6370e+00 +5.0667e-01 +3.8693e-01 +6.9648e-01 +1.8575e+00
1265 0 +9.689173092e-01 +1.977891731e+01 +1.977891731e+01 +6.1631e-01 +1.2485e+00 -1.1129e+00 -7.5578e-01 +5.3662e-01 -2.6332e+00 +5.1522e-01 +3.8979e-01 +7.0133e-01 +1.8565e+00
1364 0 +9.499149637e-01 +1.975991496e+01 +1.975991496e+01 +6.1763e-01 +1.2471e+00 -1.1223e+00 -7.5038e-01 +5.3254e-01 -2.6217e+00 +5.1821e-01 +3.9322e-01 +6.9459e-01 +1.8536e+00
1415 0 +9.303111906e-01 +1.974031119e+01 +1.974031119e+01 +6.2329e-01 +1.2465e+00 -1.1217e+00 -7.4315e-01 +5.3823e-01 -2.6083e+00 +5.1756e-01 +4.0138e-01 +6.9394e-01 +1.8465e+00
1537 0 +9.099618285e-01 +1.971996183e+01 +1.971996183e+01 +6.1856e-01 +1.2468e+00 -1.1161e+00 -7.4195e-01 +5.4202e-01 -2.6070e+00 +5.1595e-01 +4.0693e-01 +6.8962e-01 +1.8451e+00
1850 0 +8.902489864e-01 +1.970024899e+01 +1.970024899e+01 +6.1706e-01 +1.2512e+00 -1.1211e+00 -7.3305e-01 +5.4407e-01 -2.6061e+00 +5.1617e-01 +4.1470e-01 +6.8325e-01 +1.8472e+00
% f evaluations | g evaluations | best noise-free fitness - Fopt (2.731500000000e+02) + sum g_i+ | measured fitness | best measured fitness or single-digit g-values | x1 | x2...
1 0 +2.717862980e+01 +3.003286298e+02 +3.003286298e+02 +0.0000e+00 +0.0000e+00 +0.0000e+00 +0.0000e+00 +0.0000e+00 +0.0000e+00 +0.0000e+00 +0.0000e+00 +0.0000e+00 +0.0000e+00
2 0 +2.468271081e+01 +2.978327108e+02 +2.978327108e+02 +4.3379e-01 +3.0692e-02 +9.8026e-02 +3.4094e-01 +2.4727e-01 +1.7369e-01 -1.1375e-01 -3.0566e-01 +1.1285e-01 -1.5359e-01
6 0 +1.866138561e+01 +2.918113856e+02 +2.918113856e+02 +1.8723e-01 -2.5702e-01 +1.5212e-01 +1.5671e-02 +5.1476e-01 -6.3323e-02 +3.7553e-01 -3.4671e-01 +9.3874e-02 -2.1343e-01
76 0 +1.795463674e+01 +2.911046367e+02 +2.911046367e+02 +6.1124e-01 +8.9744e-01 -5.2172e-01 +1.0139e+00 +1.6240e-01 +1.2342e-01 +3.8832e-01 -1.1527e+00 +5.7501e-01 +7.8491e-01
85 0 +1.424898151e+01 +2.873989815e+02 +2.873989815e+02 +4.5279e-01 +8.5426e-01 -5.6023e-01 +9.1980e-01 -2.0304e-01 +2.9073e-01 +2.8632e-01 -1.1772e+00 +2.9858e-01 +1.4164e+00
92 0 +1.099272651e+01 +2.841427265e+02 +2.841427265e+02 +4.3905e-01 +1.0949e+00 -8.3059e-01 +1.3239e+00 +2.4575e-01 +1.8501e-01 +7.3639e-01 -1.2546e+00 +6.2342e-01 +9.5330e-01
136 0 +8.952216887e+00 +2.821022169e+02 +2.821022169e+02 +6.1946e-01 +1.4786e+00 -9.3852e-01 +8.5510e-01 -8.3868e-02 -5.6282e-01 +3.2877e-01 -2.1168e+00 +1.8571e-01 +1.5093e+00
164 0 +7.998459355e+00 +2.811484594e+02 +2.811484594e+02 +5.8002e-01 +1.9488e+00 -1.3606e+00 +1.1756e+00 -2.6250e-01 -8.6255e-01 +5.4417e-01 -3.0351e+00 -3.4544e-01 +1.5049e+00
177 0 +7.909007121e+00 +2.810590071e+02 +2.810590071e+02 +7.1124e-01 +1.6474e+00 -1.6484e+00 +1.3500e+00 -2.5850e-01 -8.5167e-01 +1.4255e+00 -2.8483e+00 -2.8851e-03 +1.9361e+00
185 0 +7.017077384e+00 +2.801670774e+02 +2.801670774e+02 +2.0427e-01 +1.8625e+00 -1.7861e+00 +1.2676e+00 -7.7862e-01 -7.8648e-01 +1.0758e+00 -4.0859e+00 -1.5919e+00 +2.2783e+00
199 0 +6.490311547e+00 +2.796403115e+02 +2.796403115e+02 +6.1326e-03 +1.3770e+00 -1.7332e+00 +1.1217e+00 -9.6516e-02 -7.6928e-01 +1.1599e+00 -3.0980e+00 -7.9132e-01 +1.3375e+00
206 0 +5.595081155e+00 +2.787450812e+02 +2.787450812e+02 -6.0151e-01 +1.9869e+00 -1.9829e+00 +7.8794e-01 -7.4276e-01 -1.1552e+00 +9.6798e-01 -4.2493e+00 -6.2355e-01 +2.3263e+00
235 0 +5.400169091e+00 +2.785501691e+02 +2.785501691e+02 +3.2580e-01 +1.6634e+00 -2.4376e+00 +1.5402e+00 -8.8223e-01 -1.6414e+00 +8.9000e-01 -4.7029e+00 -2.5220e+00 +3.0216e+00
245 0 +4.394302919e+00 +2.775443029e+02 +2.775443029e+02 -1.1454e-01 +2.1128e+00 -2.2087e+00 +1.1891e+00 +7.6556e-02 -1.6231e+00 +9.7067e-01 -4.9912e+00 -1.6023e+00 +3.0666e+00
250 0 +4.149836498e+00 +2.772998365e+02 +2.772998365e+02 +9.8553e-02 +2.5540e+00 -2.1430e+00 +1.5713e+00 -7.7374e-01 -1.7958e+00 +1.2663e+00 -5.0260e+00 -1.6495e+00 +2.9000e+00
324 0 +3.889277565e+00 +2.770392776e+02 +2.770392776e+02 -7.3902e-01 +2.7856e+00 -2.7109e+00 +1.1285e+00 +5.0576e-01 -2.0423e+00 +1.2282e+00 -5.1708e+00 -8.0723e-01 +3.2417e+00
366 0 +3.757609132e+00 +2.769076091e+02 +2.769076091e+02 +3.0600e-01 +2.8851e+00 -2.4914e+00 +1.5069e+00 -2.5137e-01 -1.6893e+00 +8.9698e-01 -4.6209e+00 -4.5038e-01 +3.3452e+00
438 0 +3.569690460e+00 +2.767196905e+02 +2.767196905e+02 -4.0430e-01 +2.3631e+00 -2.4226e+00 +9.0625e-01 +1.9996e-01 -1.9014e+00 +1.2847e+00 -4.6682e+00 -5.5774e-01 +2.8060e+00
471 0 +3.545914325e+00 +2.766959143e+02 +2.766959143e+02 -1.4776e-02 +2.4660e+00 -2.1247e+00 +1.1879e+00 +1.6205e-01 -1.6632e+00 +1.2150e+00 -4.4807e+00 -3.5826e-01 +2.7603e+00
488 0 +3.359689331e+00 +2.765096893e+02 +2.765096893e+02 -8.0140e-02 +2.4618e+00 -2.2446e+00 +1.2799e+00 +1.1877e-01 -1.7403e+00 +1.2675e+00 -4.7019e+00 -5.0961e-01 +2.8065e+00
511 0 +3.067708854e+00 +2.762177089e+02 +2.762177089e+02 -1.3670e-01 +2.2354e+00 -2.0011e+00 +1.1555e+00 +9.6410e-02 -1.6045e+00 +1.2302e+00 -4.2107e+00 -3.0261e-01 +2.4285e+00
529 0 +2.944899636e+00 +2.760948996e+02 +2.760948996e+02 +1.0399e-01 +2.2742e+00 -1.8803e+00 +1.1139e+00 +1.3047e-01 -1.7374e+00 +1.3074e+00 -4.0840e+00 -2.0298e-01 +2.1990e+00
618 0 +2.576861490e+00 +2.757268615e+02 +2.757268615e+02 -3.5753e-01 +1.9640e+00 -1.6430e+00 +8.9169e-01 +9.6739e-02 -2.0446e+00 +1.1766e+00 -4.2015e+00 -1.6471e-01 +2.3190e+00
719 0 +2.393418194e+00 +2.755434182e+02 +2.755434182e+02 -2.6610e-01 +1.9749e+00 -1.6347e+00 +8.8609e-01 +1.3175e-01 -1.9496e+00 +1.0142e+00 -4.3051e+00 -3.4242e-01 +2.4353e+00
740 0 +2.343285588e+00 +2.754932856e+02 +2.754932856e+02 -3.1200e-01 +1.9283e+00 -1.5108e+00 +7.6053e-01 +1.1880e-01 -1.9419e+00 +9.9782e-01 -4.3226e+00 -3.3018e-01 +2.4491e+00
852 0 +2.215737305e+00 +2.753657373e+02 +2.753657373e+02 -2.8843e-01 +2.0338e+00 -1.6596e+00 +7.5212e-01 +9.3887e-02 -2.0752e+00 +9.6848e-01 -4.2658e+00 -2.3917e-01 +2.5349e+00
1046 0 +2.085585124e+00 +2.752355851e+02 +2.752355851e+02 -2.4236e-01 +2.0397e+00 -1.6786e+00 +8.3835e-01 +8.0213e-02 -2.0068e+00 +9.0861e-01 -4.4350e+00 -2.9517e-01 +2.6452e+00
1251 0 +2.028085419e+00 +2.751780854e+02 +2.751780854e+02 -2.4748e-01 +2.0397e+00 -1.6574e+00 +8.3591e-01 +7.2267e-02 -2.0128e+00 +8.8545e-01 -4.4255e+00 -3.0069e-01 +2.6579e+00
1323 0 +1.994230709e+00 +2.751442307e+02 +2.751442307e+02 -2.5099e-01 +2.0332e+00 -1.6572e+00 +8.4253e-01 +6.9748e-02 -2.0055e+00 +8.9075e-01 -4.4280e+00 -3.0546e-01 +2.6551e+00
2021 0 +1.949563999e+00 +2.750995640e+02 +2.750995640e+02 -2.4925e-01 +2.0324e+00 -1.6532e+00 +8.4392e-01 +6.8952e-02 -2.0029e+00 +8.8646e-01 -4.4394e+00 -3.0575e-01 +2.6542e+00
% f evaluations | g evaluations | best noise-free fitness - Fopt (3.718000000000e+01) + sum g_i+ | measured fitness | best measured fitness or single-digit g-values | x1 | x2...
1 0 +1.593285058e+01 +5.311285058e+01 +5.311285058e+01 +0.0000e+00 +0.0000e+00 +0.0000e+00 +0.0000e+00 +0.0000e+00 +0.0000e+00 +0.0000e+00 +0.0000e+00 +0.0000e+00 +0.0000e+00
7 0 +1.493412072e+01 +5.211412072e+01 +5.211412072e+01 -2.6321e-01 +2.3560e-01 -2.9494e-01 -4.1433e-02 -2.1060e-01 +1.1878e-01 +8.3286e-02 -6.4943e-01 +2.1039e-01 -1.8282e-01
9 0 +1.363021974e+01 +5.081021974e+01 +5.081021974e+01 +3.2075e-01 -8.8256e-02 -1.5931e-01 -1.1698e-01 -2.3584e-01 +6.5800e-02 +8.0156e-02 +3.1223e-01 +4.1734e-01 -8.7755e-02
30 0 +1.333823071e+01 +5.051823071e+01 +5.051823071e+01 +7.2091e-02 -1.4287e-01 +1.3694e-01 -2.3242e-01 +9.3192e-03 -2.0170e-01 -3.0613e-02 -2.0858e-01 +3.1329e-01 -6.2192e-02
32 0 +1.256136677e+01 +4.974136677e+01 +4.974136677e+01 +2.7193e-01 -8.3307e-02 +1.2729e-04 +2.3825e-02 -5.5778e-01 +6.7554e-02 +4.2333e-03 +1.2980e-01 +1.4949e-01 +4.2770e-01
50 0 +1.140343098e+01 +4.858343098e+01 +4.858343098e+01 +6.4548e-01 +1.0846e-01 +9.9246e-02 +4.1141e-02 -1.0646e-01 -1.2182e-01 +1.8819e-01 +8.7838e-02 +3.9779e-02 +3.0603e-01
104 0 +1.013035533e+01 +4.731035533e+01 +4.731035533e+01 +7.6442e-01 +4.2171e-02 +7.7881e-02 -1.7851e-01 -8.5898e-01 +3.8600e-02 +1.7334e-01 -2.8820e-01 +5.7274e-01 +6.6149e-01
155 0 +9.562860441e+00 +4.674286044e+01 +4.674286044e+01 +7.4981e-01 +1.9483e-01 -5.6532e-03 +1.6450e-01 -6.4547e-01 -2.3197e-01 -4.1058e-02 -9.9453e-02 +5.2038e-01 +6.8163e-01
218 0 +8.983682004e+00 +4.616368200e+01 +4.616368200e+01 +6.3076e-01 +3.2676e-01 -2.7119e-01 -8.5424e-03 -7.5135e-01 -3.0111e-01 +2.8166e-02 -4.6009e-01 +5.7741e-01 +2.9143e-01
255 0 +8.833531920e+00 +4.601353192e+01 +4.601353192e+01 +5.5419e-01 +3.4918e-01 -3.1019e-01 -3.9518e-02 -6.6740e-01 -2.9142e-01 -1.9439e-01 -4.0826e-01 +6.9054e-01 +3.8804e-01
421 0 +8.564631916e+00 +4.574463192e+01 +4.574463192e+01 +4.3698e-01 +3.0639e-01 -3.7715e-01 -7.8748e-02 -6.2298e-01 -3.0064e-01 -7.1542e-04 -6.0565e-01 +7.0047e-01 +3.1786e-01
461 0 +8.406350327e+00 +4.558635033e+01 +4.558635033e+01 +4.5162e-01 +2.7872e-01 -3.9067e-01 -7.6663e-02 -6.5679e-01 -3.6460e-01 -6.9449e-02 -5.7166e-01 +7.4436e-01 +3.5105e-01
802 0 +8.314027052e+00 +4.549402705e+01 +4.549402705e+01 +5.0341e-01 +2.3914e-01 -3.8010e-01 -6.6243e-02 -7.1295e-01 -3.5741e-01 -6.6927e-02 -5.4909e-01 +7.2710e-01 +3.4480e-01
1672 0 +8.128218262e+00 +4.530821826e+01 +4.530821826e+01 +7.8808e-01 +8.6787e-02 -2.9472e-01 -1.6868e-02 -9.1528e-01 -4.1749e-01 -2.6258e-01 -3.8380e-01 +8.1991e-01 +3.7337e-01
3362 0 +7.943243060e+00 +4.512324306e+01 +4.512324306e+01 +5.2361e-01 +6.6365e-01 -2.0246e-01 -1.7250e-01 -8.1330e-01 -6.3726e-01 -1.1074e+00 -2.4161e-02 +9.5643e-01 +9.1813e-01
% f evaluations | g evaluations | best noise-free fitness - Fopt (-1.479000000000e+02) + sum g_i+ | measured fitness | best measured fitness or single-digit g-values | x1 | x2...
1 0 +8.318189476e+00 -1.395818105e+02 -1.395818105e+02 +0.0000e+00 +0.0000e+00 +0.0000e+00 +0.0000e+00 +0.0000e+00 +0.0000e+00 +0.0000e+00 +0.0000e+00 +0.0000e+00 +0.0000e+00
2 0 +7.179532498e+00 -1.407204675e+02 -1.407204675e+02 +4.3379e-01 +3.0692e-02 +9.8026e-02 +3.4094e-01 +2.4727e-01 +1.7369e-01 -1.1375e-01 -3.0566e-01 +1.1285e-01 -1.5359e-01
17 0 +6.558853293e+00 -1.413411467e+02 -1.413411467e+02 +5.4157e-01 +5.7674e-01 -1.7359e-01 +5.0399e-01 -2.1224e-01 +5.1169e-01 +3.3657e-01 -3.2032e-01 +4.6880e-01 -3.3328e-01
90 0 +5.738249762e+00 -1.421617502e+02 -1.421617502e+02 +2.6046e-01 +3.0701e-01 -5.7987e-01 +3.1727e-01 -6.4328e-01 +5.1231e-01 -3.3018e-02 -1.2665e-01 +1.2375e+00 +1.4647e-01
126 0 +4.900941673e+00 -1.429990583e+02 -1.429990583e+02 -2.9968e-02 +4.5265e-01 -2.8235e-01 +4.3058e-01 -3.8360e-01 +1.8156e-01 +4.9529e-01 -6.0090e-01 +1.0364e+00 -4.8821e-01
158 0 +4.630601719e+00 -1.432693983e+02 -1.432693983e+02 -9.3797e-02 +5.1221e-01 -4.4294e-01 +2.4669e-01 -2.2775e-01 +1.3242e-01 +4.3386e-01 -3.7617e-01 +1.0649e+00 -6.0076e-01
161 0 +4.405080906e+00 -1.434949191e+02 -1.434949191e+02 +4.5517e-02 +4.5093e-01 -4.0187e-01 +2.7370e-01 -4.1610e-01 +7.8753e-02 +4.4017e-01 -4.1420e-01 +8.9292e-01 -4.1665e-01
349 0 +4.117300827e+00 -1.437826992e+02 -1.437826992e+02 -1.3025e-01 +8.0079e-01 -4.7180e-01 +2.5189e-01 -3.9532e-01 -1.3651e-01 +7.7290e-01 -9.4586e-01 +9.1537e-01 -7.4711e-01
411 0 +4.038498130e+00 -1.438615019e+02 -1.438615019e+02 +3.5915e-02 +8.8799e-01 -5.1224e-01 +2.9329e-01 -3.5548e-01 +1.0001e-01 +8.3493e-01 -8.8874e-01 +8.0781e-01 -6.1510e-01
527 0 +3.890784632e+00 -1.440092154e+02 -1.440092154e+02 +1.4574e-01 +8.7840e-01 -4.0053e-01 +4.1974e-01 -2.7096e-01 +2.2301e-04 +7.0842e-01 -9.3162e-01 +8.7854e-01 -7.5522e-01
532 0 +3.861826839e+00 -1.440381732e+02 -1.440381732e+02 +8.9500e-02 +9.0286e-01 -4.8603e-01 +3.2528e-01 -3.5472e-01 +3.6641e-02 +7.6850e-01 -9.2421e-01 +9.1151e-01 -7.5638e-01
656 0 +3.798349201e+00 -1.441016508e+02 -1.441016508e+02 +1.2244e-01 +8.0867e-01 -4.6861e-01 +3.7991e-01 -3.1331e-01 -3.2969e-02 +6.8774e-01 -9.3424e-01 +8.0099e-01 -7.4094e-01
731 0 +3.711955821e+00 -1.441880442e+02 -1.441880442e+02 +1.2277e-01 +8.6915e-01 -4.3558e-01 +4.0870e-01 -2.4903e-01 -1.5091e-02 +6.8621e-01 -9.4270e-01 +8.2140e-01 -7.0893e-01
2306 0 +3.630571674e+00 -1.442694283e+02 -1.442694283e+02 +7.2089e-02 +8.2868e-01 -4.7258e-01 +4.0715e-01 -2.7151e-01 +1.8361e-02 +6.6983e-01 -9.6404e-01 +8.3133e-01 -7.4611e-01
% f evaluations | g evaluations | best noise-free fitness - Fopt (4.817100000000e+02) + sum g_i+ | measured fitness | best measured fitness or single-digit g-values | x1 | x2...
1 0 +2.325448000e+01 +5.049644800e+02 +5.049644800e+02 +0.0000e+00 +0.0000e+00 +0.0000e+00 +0.0000e+00 +0.0000e+00 +0.0000e+00 +0.0000e+00 +0.0000e+00 +0.0000e+00 +0.0000e+00
2 0 +1.341468984e+01 +4.951246898e+02 +4.951246898e+02 +4.3379e-01 +3.0692e-02 +9.8026e-02 +3.4094e-01 +2.4727e-01 +1.7369e-01 -1.1375e-01 -3.0566e-01 +1.1285e-01 -1.5359e-01
10 0 +1.317526146e+01 +4.948852615e+02 +4.948852615e+02 +3.2216e-01 -3.3442e-01 +1.9285e-01 -3.1559e-01 -1.5896e-01 +1.8278e-01 -2.1053e-01 +1.4883e-01 -4.2076e-01 -2.0280e-01
15 0 +1.136783244e+01 +4.930778324e+02 +4.930778324e+02 +6.8945e-01 -5.1733e-01 +1.7788e-01 -2.4273e-01 -9.9244e-02 +1.2202e-01 +1.6287e-01 +2.5193e-01 -1.2253e-01 +1.7669e-01
16 0 +9.975705359e+00 +4.916857054e+02 +4.916857054e+02 +4.5817e-01 -1.2608e-01 -1.9348e-01 +5.3544e-02 +1.1460e+00 -1.5719e-01 -8.5424e-02 -3.5379e-01 +3.4476e-01 +3.9139e-01
68 0 +9.313224609e+00 +4.910232246e+02 +4.910232246e+02 +1.1344e+00 -2.5041e-01 -4.5353e-01 +2.7602e-01 -2.3862e-01 -3.3364e-01 +1.6182e-01 -4.4319e-01 -4.3484e-01 +1.0529e-01
100 0 +9.055519000e+00 +4.907655190e+02 +4.907655190e+02 +1.2415e+00 +2.0940e-01 -1.6531e-01 +6.3065e-01 -7.1082e-02 -6.0256e-01 -9.6415e-01 -3.3797e-01 -1.4886e-01 +1.2771e+00
128 0 +8.449196046e+00 +4.901591960e+02 +4.901591960e+02 +9.6328e-01 -6.0833e-02 -2.9082e-01 +4.9445e-01 +1.7544e-01 -1.0351e+00 -6.7036e-01 -7.2486e-01 +1.7146e-02 +1.1841e+00
213 0 +8.104268889e+00 +4.898142689e+02 +4.898142689e+02 +1.7380e+00 +1.3063e-01 -1.0556e-01 +9.9033e-01 +6.7710e-01 -4.9005e-01 -7.6049e-01 -6.9615e-01 -5.7262e-01 +9.3731e-01
243 0 +6.987507888e+00 +4.886975079e+02 +4.886975079e+02 +1.5677e+00 -6.1464e-02 -1.6211e-02 +8.7949e-01 +6.5653e-01 -8.0054e-01 -3.3922e-01 -1.0094e+00 -8.0209e-01 +6.8822e-01
339 0 +6.814994377e+00 +4.885249944e+02 +4.885249944e+02 +1.4733e+00 -4.9572e-01 -7.5616e-01 +4.9391e-01 +5.3720e-01 -7.2756e-01 -5.8680e-01 -1.0421e+00 -8.3181e-01 +1.4860e+00
378 0 +6.685090930e+00 +4.883950909e+02 +4.883950909e+02 +1.0685e+00 -3.6873e-01 -5.3467e-01 +7.2363e-01 +1.5784e-01 -8.6438e-01 -5.4480e-01 -7.7512e-01 -8.5238e-01 +9.8241e-01
401 0 +5.777511731e+00 +4.874875117e+02 +4.874875117e+02 +1.6846e+00 -2.9842e-01 -8.4775e-01 +8.8802e-01 +2.6897e-01 -8.9765e-01 -4.9625e-01 -1.3985e+00 -9.4667e-01 +1.0690e+00
403 0 +5.616226636e+00 +4.873262266e+02 +4.873262266e+02 +1.8693e+00 -1.2041e-01 -8.4370e-01 +1.1308e+00 +2.3041e-01 -8.8636e-01 -5.8569e-01 -1.5651e+00 -6.3091e-01 +1.0499e+00
416 0 +5.347144014e+00 +4.870571440e+02 +4.870571440e+02 +1.6597e+00 -1.1532e-01 -8.5424e-01 +1.1468e+00 +1.6505e-01 -6.3648e-01 -5.6885e-01 -1.3336e+00 -6.6356e-01 +8.3948e-01
461 0 +5.092951934e+00 +4.868029519e+02 +4.868029519e+02 +1.8705e+00 -4.2703e-01 -7.9094e-01 +9.5423e-01 +3.4571e-01 -7.5452e-01 -6.4059e-01 -1.3964e+00 -8.6931e-01 +8.7137e-01
520 0 +4.996311080e+00 +4.867063111e+02 +4.867063111e+02 +1.8922e+00 -2.4092e-01 -6.5746e-01 +1.1937e+00 +3.2450e-01 -8.6287e-01 -4.6216e-01 -1.1820e+00 -9.2213e-01 +7.7187e-01
521 0 +4.674902308e+00 +4.863849023e+02 +4.863849023e+02 +1.8015e+00 -3.2945e-01 -7.0904e-01 +1.0523e+00 +3.7975e-01 -7.3050e-01 -4.9913e-01 -1.1579e+00 -8.9532e-01 +7.2684e-01
573 0 +4.469582897e+00 +4.861795829e+02 +4.861795829e+02 +1.8570e+00 -2.9327e-01 -7.7631e-01 +1.1606e+00 +8.1804e-02 -7.3927e-01 -5.3428e-01 -1.0961e+00 -8.9112e-01 +6.6248e-01
591 0 +4.452236589e+00 +4.861622366e+02 +4.861622366e+02 +1.8078e+00 -3.2338e-01 -6.8221e-01 +1.1795e+00 +1.8091e-01 -6.8619e-01 -5.2106e-01 -1.1572e+00 -9.0172e-01 +6.1808e-01
630 0 +4.310030918e+00 +4.860200309e+02 +4.860200309e+02 +1.8655e+00 -3.1253e-01 -6.4101e-01 +1.2186e+00 +1.0032e-01 -7.0485e-01 -4.4646e-01 -1.0993e+00 -8.7399e-01 +6.4120e-01
681 0 +4.215530024e+00 +4.859255300e+02 +4.859255300e+02 +1.8202e+00 -3.2359e-01 -6.7320e-01 +1.1861e+00 +1.2851e-01 -6.7151e-01 -4.7676e-01 -1.0808e+00 -9.1844e-01 +6.2965e-01
691 0 +4.066327675e+00 +4.857763277e+02 +4.857763277e+02 +1.8556e+00 -3.3457e-01 -6.6797e-01 +1.2038e+00 +1.4806e-01 -6.9363e-01 -4.7785e-01 -1.1131e+00 -9.4738e-01 +6.3683e-01
822 0 +3.942504011e+00 +4.856525040e+02 +4.856525040e+02 +1.8542e+00 -3.2027e-01 -7.0410e-01 +1.1527e+00 +1.5215e-01 -7.0880e-01 -4.6129e-01 -1.0695e+00 -9.6370e-01 +6.5799e-01
904 0 +3.815160101e+00 +4.855251601e+02 +4.855251601e+02 +1.8753e+00 -3.2655e-01 -6.9313e-01 +1.1567e+00 +1.5190e-01 -7.2042e-01 -4.5625e-01 -1.0858e+00 -9.3321e-01 +6.5264e-01
991 0 +3.800154677e+00 +4.855101547e+02 +4.855101547e+02 +1.8737e+00 -3.3169e-01 -6.9078e-01 +1.1672e+00 +1.4970e-01 -7.2445e-01 -4.4168e-01 -1.0776e+00 -9.5400e-01 +6.5730e-01
3277 0 +3.712370507e+00 +4.854223705e+02 +4.854223705e+02 +1.8766e+00 -3.4199e-01 -6.8069e-01 +1.1554e+00 +1.3852e-01 -7.3601e-01 -4.2679e-01 -1.0757e+00 -9.4519e-01 +6.5675e-01
32695 0 +3.630094178e+00 +4.853400942e+02 +4.853400942e+02 +1.8761e+00 -3.2838e-01 -6.9098e-01 +1.1175e+00 +1.6420e-01 -7.7031e-01 -4.1247e-01 -1.0467e+00 -1.0068e+00 +6.7681e-01
% f evaluations | g evaluations | best noise-free fitness - Fopt (-3.646000000000e+01) + sum g_i+ | measured fitness | best measured fitness or single-digit g-values | x1 | x2...
1 0 +4.560330923e+01 +9.143309232e+00 +9.143309232e+00 +0.0000e+00 +0.0000e+00 +0.0000e+00 +0.0000e+00 +0.0000e+00 +0.0000e+00 +0.0000e+00 +0.0000e+00 +0.0000e+00 +0.0000e+00
2 0 +3.257437287e+01 -3.885627134e+00 -3.885627134e+00 +4.3379e-01 +3.0692e-02 +9.8026e-02 +3.4094e-01 +2.4727e-01 +1.7369e-01 -1.1375e-01 -3.0566e-01 +1.1285e-01 -1.5359e-01
11 0 +3.187502598e+01 -4.584974023e+00 -4.584974023e+00 +1.6964e-01 -1.9747e-02 -5.1028e-02 +4.9550e-02 +7.8899e-02 +7.3735e-02 +1.0630e-01 -2.4739e-01 +2.0861e-01 -1.5940e-01
33 0 +2.520132501e+01 -1.125867499e+01 -1.125867499e+01 +2.9074e-01 -1.5888e-01 -5.9546e-01 -1.6002e-01 -1.4707e-01 +2.5045e-01 +8.6912e-02 +2.3471e-01 -4.2166e-01 -1.4415e-01
262 0 +2.403135912e+01 -1.242864088e+01 -1.242864088e+01 +1.9532e-01 -2.1816e-01 -2.8642e-01 +4.5986e-01 -2.0240e-01 +9.1170e-02 +2.3672e-01 +4.4918e-01 +1.8587e-01 +2.8289e-01
270 0 +2.380340132e+01 -1.265659868e+01 -1.265659868e+01 +1.5653e-01 -1.6051e-01 -2.7714e-01 +4.7996e-01 -1.8057e-01 +6.6561e-02 +2.2939e-01 +4.9653e-01 +1.1700e-01 +3.3644e-01
275 0 +2.317185971e+01 -1.328814029e+01 -1.328814029e+01 +1.5087e-01 -2.9697e-01 -2.8662e-01 +3.7851e-01 -2.5892e-01 +3.2267e-02 +1.9483e-01 +5.0513e-01 +9.5421e-02 +3.0105e-01
292 0 +2.195092152e+01 -1.450907848e+01 -1.450907848e+01 +7.9314e-02 -3.7585e-01 -3.4115e-01 +3.0737e-01 -1.4746e-01 -6.6430e-02 +2.3468e-01 +4.6389e-01 +1.1462e-01 +2.6854e-01
433 0 +2.182275899e+01 -1.463724101e+01 -1.463724101e+01 +1.8718e-01 -2.5920e-01 -4.0191e-01 +2.7070e-01 -4.5981e-02 +9.2874e-02 +2.0290e-01 +4.8823e-01 -1.7145e-03 +3.4880e-01
476 0 +2.125672359e+01 -1.520327641e+01 -1.520327641e+01 +1.3179e-01 -2.6164e-01 -3.3743e-01 +2.6551e-01 -2.7041e-05 +9.1152e-02 +2.1254e-01 +5.1682e-01 +2.4560e-02 +2.3253e-01
512 0 +2.087776229e+01 -1.558223771e+01 -1.558223771e+01 +8.5621e-02 -2.4534e-01 -3.1181e-01 +3.3368e-01 +4.0512e-02 +4.1384e-02 +2.4590e-01 +6.0337e-01 +6.0752e-02 +2.7737e-01
536 0 +2.021573285e+01 -1.624426715e+01 -1.624426715e+01 +7.7590e-02 -1.7987e-01 -3.0599e-01 +3.7852e-01 -1.2352e-02 +2.4273e-02 +2.4585e-01 +6.0350e-01 +1.6490e-01 +2.1141e-01
562 0 +1.970171807e+01 -1.675828193e+01 -1.675828193e+01 +4.3008e-02 -1.8240e-01 -2.9152e-01 +4.5555e-01 +1.0624e-01 -5.7836e-02 +1.5502e-01 +5.8681e-01 +1.1712e-01 +2.2986e-01
575 0 +1.946321921e+01 -1.699678079e+01 -1.699678079e+01 -1.6132e-03 -1.1491e-01 -3.2530e-01 +4.1060e-01 +4.5014e-02 -7.0983e-02 +2.4357e-01 +6.0848e-01 +1.0011e-01 +2.2266e-01
713 0 +1.902764513e+01 -1.743235487e+01 -1.743235487e+01 +5.4122e-02 -6.8849e-02 -2.9720e-01 +5.2620e-01 +9.0536e-02 -1.3408e-01 +2.0804e-01 +6.2566e-01 +1.6041e-01 +1.7395e-01
785 0 +1.860067119e+01 -1.785932881e+01 -1.785932881e+01 +5.3651e-02 -2.1121e-02 -3.5113e-01 +5.2268e-01 +4.7980e-02 -1.5739e-01 +1.8076e-01 +5.9043e-01 +5.6246e-02 +2.2491e-01
962 0 +1.818460117e+01 -1.827539883e+01 -1.827539883e+01 -3.9210e-03 +1.1482e-01 -4.3561e-01 +5.8065e-01 +1.0363e-01 -2.6218e-01 +1.1105e-01 +5.2348e-01 -2.9405e-02 +2.7817e-01
1380 0 +1.778182030e+01 -1.867817970e+01 -1.867817970e+01 +6.8317e-02 +7.0442e-02 -4.7586e-01 +6.3364e-01 +8.0450e-02 -3.7244e-01 -6.7640e-04 +4.0737e-01 -1.9293e-01 +3.6492e-01
% f evaluations | g evaluations | best noise-free fitness - Fopt (3.920000000000e+01) + sum g_i+ | measured fitness | best measured fitness or single-digit g-values | x1 | x2...
1 0 +2.481444877e+01 +6.401444877e+01 +6.401444877e+01 +0.0000e+00 +0.0000e+00 +0.0000e+00 +0.0000e+00 +0.0000e+00 +0.0000e+00 +0.0000e+00 +0.0000e+00 +0.0000e+00 +0.0000e+00
2 0 +1.858749663e+01 +5.778749663e+01 +5.778749663e+01 +4.3379e-01 +3.0692e-02 +9.8026e-02 +3.4094e-01 +2.4727e-01 +1.7369e-01 -1.1375e-01 -3.0566e-01 +1.1285e-01 -1.5359e-01
7 0 +1.366358176e+01 +5.286358176e+01 +5.286358176e+01 -2.6321e-01 +2.3560e-01 -2.9494e-01 -4.1433e-02 -2.1060e-01 +1.1878e-01 +8.3286e-02 -6.4943e-01 +2.1039e-01 -1.8282e-01
29 0 +1.277122641e+01 +5.197122641e+01 +5.197122641e+01 +8.2215e-01 -2.2622e-01 -1.9382e-01 +1.1920e-01 -1.1092e-02 +2.0840e-01 +2.7394e-01 -5.7489e-01 +1.9300e-01 +1.4356e-01
80 0 +1.243501770e+01 +5.163501770e+01 +5.163501770e+01 +1.3581e+00 -6.7476e-02 -2.4990e-01 -1.2651e-01 -5.3132e-01 -2.9609e-01 +4.7890e-01 -4.4710e-01 +5.7172e-01 +4.0133e-01
110 0 +1.174037725e+01 +5.094037725e+01 +5.094037725e+01 +1.6515e+00 +5.4714e-02 -4.0643e-01 +2.7855e-01 -6.6771e-01 -5.1100e-01 +5.9851e-01 -6.2563e-01 +9.7663e-01 +8.0316e-01
180 0 +9.518782926e+00 +4.871878293e+01 +4.871878293e+01 +1.5407e+00 +4.2474e-01 +2.2033e-01 +3.1919e-01 +2.0334e-01 -2.9346e-01 +2.3529e-01 -1.0047e+00 +7.6787e-01 +1.6546e-01
225 0 +8.871966769e+00 +4.807196677e+01 +4.807196677e+01 +1.9544e+00 +6.2232e-01 -3.6399e-01 +6.9852e-01 -2.7166e-01 -2.6420e-01 +6.4127e-01 -1.3368e+00 +9.4960e-01 +2.3157e-01
254 0 +8.280142876e+00 +4.748014288e+01 +4.748014288e+01 +2.0016e+00 +1.1680e+00 -6.9096e-01 +1.1024e+00 -1.1634e-01 -5.6833e-02 +1.0824e+00 -1.2534e+00 +1.5729e+00 +4.0909e-01
273 0 +7.083518748e+00 +4.628351875e+01 +4.628351875e+01 +2.4272e+00 +1.4076e+00 -9.5026e-01 +1.5080e+00 +2.5395e-01 -3.1277e-01 +1.4684e+00 -1.8235e+00 +2.2979e+00 +5.2672e-01
329 0 +7.027365710e+00 +4.622736571e+01 +4.622736571e+01 +2.7670e+00 +1.3069e+00 -7.8548e-01 +1.5860e+00 +2.3760e-01 -4.0063e-02 +1.7682e+00 -1.5391e+00 +2.3571e+00 +9.1318e-01
333 0 +6.007456018e+00 +4.520745602e+01 +4.520745602e+01 +2.9978e+00 +1.5698e+00 -1.1426e+00 +1.9713e+00 +9.9445e-02 -4.8739e-03 +2.1716e+00 -1.7121e+00 +2.2122e+00 +1.0855e+00
337 0 +5.716686865e+00 +4.491668686e+01 +4.491668686e+01 +2.9286e+00 +1.6416e+00 -7.5433e-01 +1.6187e+00 -9.0282e-02 -7.8589e-02 +2.0015e+00 -1.5364e+00 +2.2245e+00 +1.1488e+00
395 0 +5.534622146e+00 +4.473462215e+01 +4.473462215e+01 +2.4041e+00 +1.8065e+00 -1.2408e+00 +1.7753e+00 -2.4424e-01 +6.2113e-01 +2.9775e+00 -1.4850e+00 +2.1439e+00 +1.1130e+00
410 0 +5.485136043e+00 +4.468513604e+01 +4.468513604e+01 +2.7800e+00 +2.1044e+00 -1.5762e+00 +2.1653e+00 +2.9983e-01 +5.1261e-01 +3.0087e+00 -1.6236e+00 +1.9873e+00 +7.0149e-01
423 0 +4.241316231e+00 +4.344131623e+01 +4.344131623e+01 +2.6123e+00 +1.6165e+00 -1.4978e+00 +1.7827e+00 -1.1518e-01 +4.6852e-01 +3.2661e+00 -1.2018e+00 +2.2399e+00 +8.1494e-01
470 0 +3.842755714e+00 +4.304275571e+01 +4.304275571e+01 +4.0019e+00 +1.7601e+00 -1.3679e+00 +2.4718e+00 -2.5476e-01 +6.1339e-01 +3.2238e+00 -1.4675e+00 +3.2651e+00 +3.7467e-01
482 0 +3.140438569e+00 +4.234043857e+01 +4.234043857e+01 +3.1383e+00 +1.6909e+00 -9.2378e-01 +1.7602e+00 -3.5308e-01 +7.2336e-01 +3.4804e+00 -1.1216e+00 +3.0129e+00 +3.2783e-01
611 0 +2.777960353e+00 +4.197796035e+01 +4.197796035e+01 +3.0194e+00 +1.9456e+00 -1.6725e+00 +2.2376e+00 -5.3299e-01 +6.9678e-01 +3.6673e+00 -1.1749e+00 +2.5678e+00 +3.2558e-01
848 0 +2.713713298e+00 +4.191371330e+01 +4.191371330e+01 +2.9951e+00 +1.9764e+00 -1.6238e+00 +2.2518e+00 -4.8269e-01 +6.9727e-01 +3.7070e+00 -1.1582e+00 +2.3921e+00 +5.7335e-01
864 0 +2.582965168e+00 +4.178296517e+01 +4.178296517e+01 +3.0535e+00 +1.8997e+00 -1.5648e+00 +2.2388e+00 -5.4730e-01 +7.7817e-01 +3.7634e+00 -1.1114e+00 +2.5065e+00 +4.6214e-01
1021 0 +2.552186900e+00 +4.175218690e+01 +4.175218690e+01 +3.0524e+00 +1.9654e+00 -1.6151e+00 +2.3205e+00 -5.6062e-01 +7.6153e-01 +3.7473e+00 -1.1448e+00 +2.4486e+00 +5.6716e-01
1178 0 +2.495998541e+00 +4.169599854e+01 +4.169599854e+01 +3.0452e+00 +1.9759e+00 -1.6102e+00 +2.3299e+00 -5.6887e-01 +7.5717e-01 +3.7498e+00 -1.1448e+00 +2.4407e+00 +5.8104e-01
1404 0 +2.451085207e+00 +4.165108521e+01 +4.165108521e+01 +3.0507e+00 +1.9618e+00 -1.6069e+00 +2.3292e+00 -5.6197e-01 +7.5977e-01 +3.7520e+00 -1.1425e+00 +2.4506e+00 +5.7853e-01
1678 0 +2.397856190e+00 +4.159785619e+01 +4.159785619e+01 +3.0420e+00 +1.9627e+00 -1.6041e+00 +2.3271e+00 -5.5300e-01 +7.6279e-01 +3.7494e+00 -1.1442e+00 +2.4459e+00 +5.7561e-01
8105 0 +2.344225806e+00 +4.154422581e+01 +4.154422581e+01 +3.0520e+00 +1.9297e+00 -1.5913e+00 +2.3282e+00 -5.2645e-01 +7.6115e-01 +3.7434e+00 -1.1403e+00 +2.4612e+00 +5.6730e-01
% f evaluations | g evaluations | best noise-free fitness - Fopt (-3.225000000000e+01) + sum g_i+ | measured fitness | best measured fitness or single-digit g-values | x1 | x2...
1 0 +4.686105722e+01 +1.461105722e+01 +1.461105722e+01 +0.0000e+00 +0.0000e+00 +0.0000e+00 +0.0000e+00 +0.0000e+00 +0.0000e+00 +0.0000e+00 +0.0000e+00 +0.0000e+00 +0.0000e+00
29 0 +4.243186646e+01 +1.018186646e+01 +1.018186646e+01 +8.7165e-01 -3.0996e-01 -4.2336e-01 -1.1034e-01 +2.5951e-01 +2.4821e-01 -1.0946e-01 -3.1298e-01 +5.5059e-01 +3.7027e-01
43 0 +3.474922808e+01 +2.499228077e+00 +2.499228077e+00 +6.5708e-01 +4.2806e-01 -1.1386e+00 -3.7384e-01 -5.1812e-02 +1.8799e-02 -3.0801e-01 -5.8118e-01 +6.9692e-01 +4.5459e-01
66 0 +3.349005461e+01 +1.240054609e+00 +1.240054609e+00 +9.2122e-01 +1.6900e-01 -9.9723e-01 -4.3584e-02 +2.9898e-01 -6.4089e-02 -3.0004e-01 -5.1915e-01 +1.0835e+00 +8.2055e-01
83 0 +2.769627211e+01 -4.553727895e+00 -4.553727895e+00 +8.4992e-01 +1.9730e-01 -1.0521e+00 -9.4096e-01 -2.6024e-01 +4.7093e-02 -6.7465e-01 -9.4400e-01 +1.2019e+00 +7.6773e-01
96 0 +2.656160550e+01 -5.688394497e+00 -5.688394497e+00 +8.8255e-01 +4.0900e-02 -1.2363e+00 -2.7393e-01 +3.6578e-01 +8.9338e-02 -5.7103e-01 -3.0301e-01 +1.5371e+00 +1.0229e+00
110 0 +2.321556088e+01 -9.034439117e+00 -9.034439117e+00 +1.2518e+00 +3.9763e-01 -1.2934e+00 -2.7998e-01 +2.7088e-01 -3.9871e-01 -5.9715e-01 -3.3876e-01 +1.6221e+00 +1.2996e+00
155 0 +1.976746989e+01 -1.248253011e+01 -1.248253011e+01 +1.0285e+00 +4.0222e-01 -1.1977e+00 +4.0949e-02 +8.8421e-01 -6.7409e-01 -1.1536e+00 +2.0710e-01 +1.3935e+00 +9.9730e-01
173 0 +1.535243590e+01 -1.689756410e+01 -1.689756410e+01 +1.1990e+00 +2.7288e-01 -1.1599e+00 -6.5311e-01 +1.2254e+00 -7.9549e-01 -9.1294e-01 +7.2519e-01 +1.7452e+00 +5.3903e-01
202 0 +1.485924351e+01 -1.739075649e+01 -1.739075649e+01 +1.3142e+00 -3.9669e-01 -1.5079e+00 -7.6382e-01 +1.5239e+00 -8.5114e-01 -1.9717e+00 +1.8851e-01 +1.6378e+00 +1.3057e+00
225 0 +1.408100126e+01 -1.816899874e+01 -1.816899874e+01 +1.7870e+00 +6.0991e-02 -1.6428e+00 -1.1141e+00 +1.0448e+00 -1.0008e+00 -1.6787e+00 -2.9891e-01 +1.4657e+00 +7.8979e-01
233 0 +1.338468089e+01 -1.886531911e+01 -1.886531911e+01 +2.1329e+00 +3.7670e-01 -1.8706e+00 -1.2166e+00 +1.6429e+00 -1.3087e+00 -1.9401e+00 +6.0171e-04 +2.5047e+00 +1.1229e+00
242 0 +1.141631528e+01 -2.083368472e+01 -2.083368472e+01 +2.1828e+00 +2.6841e-01 -2.2683e+00 -1.3588e+00 +1.9404e+00 -1.2528e+00 -1.7011e+00 -1.2760e-01 +2.9682e+00 +9.9984e-01
246 0 +1.000303552e+01 -2.224696448e+01 -2.224696448e+01 +1.9198e+00 -4.4791e-01 -2.2475e+00 -1.9562e+00 +1.0781e+00 -1.0858e+00 -1.4449e+00 +3.1644e-01 +2.1724e+00 +1.3227e+00
256 0 +7.222943556e+00 -2.502705644e+01 -2.502705644e+01 +2.1633e+00 -3.3614e-01 -2.3656e+00 -1.8681e+00 +1.5374e+00 -8.3230e-01 -2.3982e+00 -8.5470e-02 +2.9645e+00 +1.4912e+00
285 0 +6.305585074e+00 -2.594441493e+01 -2.594441493e+01 +1.6608e+00 -2.9720e-01 -2.5705e+00 -2.7044e+00 +2.3248e+00 -1.8253e+00 -2.0258e+00 -6.6626e-01 +3.5218e+00 +1.5929e+00
384 0 +6.098706158e+00 -2.615129384e+01 -2.615129384e+01 +1.4637e+00 -4.5473e-02 -1.8786e+00 -2.6932e+00 +2.6852e+00 -1.4401e+00 -5.3559e-01 -6.1800e-01 +2.8493e+00 +1.3535e+00
462 0 +4.911664117e+00 -2.733833588e+01 -2.733833588e+01 +2.3877e+00 -9.5751e-01 -1.7912e+00 -2.7454e+00 +2.7689e+00 -1.4396e+00 -6.7960e-01 -9.3187e-02 +3.8467e+00 +1.6879e+00
463 0 +3.921995651e+00 -2.832800435e+01 -2.832800435e+01 +2.4291e+00 -5.0988e-01 -2.0348e+00 -2.5453e+00 +2.7430e+00 -1.2717e+00 -6.9334e-01 -6.7773e-01 +3.3651e+00 +2.0358e+00
632 0 +3.448181718e+00 -2.880181828e+01 -2.880181828e+01 +2.5416e+00 -4.3214e-01 -3.2642e-01 -1.9209e+00 +3.5006e+00 -2.5246e+00 -7.2812e-01 +7.4144e-01 +3.4386e+00 +1.4291e+00
672 0 +3.059097626e+00 -2.919090237e+01 -2.919090237e+01 +2.5559e+00 -6.7399e-01 -2.9751e-01 -1.6738e+00 +3.7339e+00 -2.1225e+00 -1.1026e+00 +1.3880e+00 +3.9453e+00 +1.6507e+00
695 0 +2.908414373e+00 -2.934158563e+01 -2.934158563e+01 +2.6584e+00 -1.0097e+00 -4.4645e-01 -2.0316e+00 +3.5602e+00 -2.1763e+00 -7.7387e-01 +1.8763e+00 +4.3121e+00 +1.7758e+00
701 0 +2.533366813e+00 -2.971663319e+01 -2.971663319e+01 +2.8120e+00 -8.6706e-01 -4.5775e-01 -1.7702e+00 +3.6052e+00 -2.2930e+00 -1.1391e+00 +1.6649e+00 +3.7530e+00 +1.8989e+00
705 0 +2.279098474e+00 -2.997090153e+01 -2.997090153e+01 +2.8153e+00 -9.7496e-01 -3.9132e-01 -2.3686e+00 +3.8205e+00 -2.2391e+00 -8.8401e-01 +1.6184e+00 +3.9459e+00 +1.8925e+00
764 0 +1.675867279e+00 -3.057413272e+01 -3.057413272e+01 +2.5632e+00 -4.9515e-01 -1.2994e+00 -1.9776e+00 +3.2935e+00 -1.8668e+00 -1.0371e+00 +1.5556e+00 +3.6097e+00 +2.6816e+00
865 0 +1.379596427e+00 -3.087040357e+01 -3.087040357e+01 +2.9185e+00 -1.3737e-01 -1.0677e+00 -2.2875e+00 +3.2437e+00 -1.8998e+00 -6.9921e-01 +2.2437e+00 +3.7984e+00 +2.9092e+00
940 0 +1.344235240e+00 -3.090576476e+01 -3.090576476e+01 +3.4128e+00 +1.5418e-01 -4.9845e-01 -2.2184e+00 +3.6906e+00 -2.1454e+00 +6.0637e-02 +2.7366e+00 +4.3440e+00 +2.9564e+00
944 0 +1.057434785e+00 -3.119256522e+01 -3.119256522e+01 +3.5017e+00 +1.6365e-01 -6.3906e-01 -2.1877e+00 +3.2616e+00 -1.7568e+00 +2.4321e-01 +2.7366e+00 +4.2249e+00 +2.9990e+00
1098 0 +1.033871599e+00 -3.121612840e+01 -3.121612840e+01 +3.2058e+00 +4.3020e-01 -5.5900e-01 -1.9194e+00 +3.1465e+00 -2.0940e+00 +1.9183e-02 +2.1170e+00 +3.7112e+00 +2.8580e+00
1131 0 +1.001970603e+00 -3.124802940e+01 -3.124802940e+01 +3.3438e+00 +2.7128e-01 -6.7522e-01 -2.1112e+00 +3.3912e+00 -2.4135e+00 -8.7160e-02 +2.1837e+00 +3.8102e+00 +2.8728e+00
1166 0 +8.401557365e-01 -3.140984426e+01 -3.140984426e+01 +3.2795e+00 +3.7905e-01 -7.2631e-01 -2.5815e+00 +3.4798e+00 -2.5579e+00 -5.0670e-02 +2.2616e+00 +3.8347e+00 +3.0296e+00
1191 0 +7.670149957e-01 -3.148298500e+01 -3.148298500e+01 +3.3520e+00 +3.4597e-01 -8.9593e-01 -2.3701e+00 +3.2168e+00 -2.2548e+00 -1.3247e-01 +2.2352e+00 +3.6790e+00 +3.1166e+00
1262 0 +6.544689875e-01 -3.159553101e+01 -3.159553101e+01 +3.4409e+00 +3.0820e-01 -7.0437e-01 -2.2697e+00 +3.1784e+00 -2.5717e+00 -1.4798e-01 +2.1565e+00 +3.5362e+00 +2.9888e+00
1293 0 +5.137565104e-01 -3.173624349e+01 -3.173624349e+01 +3.5215e+00 +4.8036e-01 -7.6680e-01 -2.2990e+00 +3.1500e+00 -2.5083e+00 -9.4522e-02 +2.1121e+00 +3.5551e+00 +2.9912e+00
1438 0 +4.839442491e-01 -3.176605575e+01 -3.176605575e+01 +3.5767e+00 +3.5321e-01 -7.7776e-01 -2.4707e+00 +3.0740e+00 -2.4463e+00 -7.6091e-02 +2.1388e+00 +3.6370e+00 +3.0031e+00
1473 0 +4.568279616e-01 -3.179317204e+01 -3.179317204e+01 +3.5825e+00 +3.5299e-01 -7.7450e-01 -2.3998e+00 +3.0967e+00 -2.4287e+00 -5.2096e-02 +2.1539e+00 +3.6542e+00 +2.9861e+00
1475 0 +4.015955946e-01 -3.184840441e+01 -3.184840441e+01 +3.5285e+00 +3.0745e-01 -7.8076e-01 -2.4613e+00 +3.1365e+00 -2.4404e+00 -1.1955e-01 +2.1453e+00 +3.6348e+00 +3.0071e+00
1520 0 +3.941337377e-01 -3.185586626e+01 -3.185586626e+01 +3.5937e+00 +3.8664e-01 -7.9239e-01 -2.4201e+00 +3.1017e+00 -2.4401e+00 -8.2106e-02 +2.1479e+00 +3.6045e+00 +3.0517e+00
1711 0 +3.884503407e-01 -3.186154966e+01 -3.186154966e+01 +3.5714e+00 +3.9407e-01 -7.8175e-01 -2.4448e+00 +3.1055e+00 -2.4404e+00 -7.0592e-02 +2.1526e+00 +3.6121e+00 +3.0326e+00
1721 0 +3.777092747e-01 -3.187229073e+01 -3.187229073e+01 +3.5724e+00 +3.9611e-01 -7.8042e-01 -2.4413e+00 +3.1021e+00 -2.4374e+00 -6.8570e-02 +2.1504e+00 +3.6118e+00 +3.0308e+00
1741 0 +3.706858815e-01 -3.187931412e+01 -3.187931412e+01 +3.5713e+00 +4.0157e-01 -7.8306e-01 -2.4429e+00 +3.1010e+00 -2.4378e+00 -6.9269e-02 +2.1545e+00 +3.6122e+00 +3.0330e+00
1781 0 +3.617626752e-01 -3.188823732e+01 -3.188823732e+01 +3.5742e+00 +4.0183e-01 -7.8169e-01 -2.4401e+00 +3.1029e+00 -2.4392e+00 -6.6860e-02 +2.1542e+00 +3.6140e+00 +3.0388e+00
2001 0 +3.548092840e-01 -3.189519072e+01 -3.189519072e+01 +3.5788e+00 +4.0170e-01 -7.8109e-01 -2.4397e+00 +3.1061e+00 -2.4401e+00 -6.8162e-02 +2.1544e+00 +3.6179e+00 +3.0449e+00
2233 0 +3.461953336e-01 -3.190380467e+01 -3.190380467e+01 +3.5823e+00 +3.9880e-01 -7.7977e-01 -2.4342e+00 +3.1064e+00 -2.4332e+00 -7.3778e-02 +2.1510e+00 +3.6233e+00 +3.0471e+00
2397 0 +3.383914416e-01 -3.191160856e+01 -3.191160856e+01 +3.5857e+00 +3.9145e-01 -7.7691e-01 -2.4335e+00 +3.1088e+00 -2.4258e+00 -8.0387e-02 +2.1450e+00 +3.6279e+00 +3.0501e+00
% f evaluations | g evaluations | best noise-free fitness - Fopt (3.681200000000e+02) + sum g_i+ | measured fitness | best measured fitness or single-digit g-values | x1 | x2...
1 0 +1.815804055e+01 +3.862780406e+02 +3.862780406e+02 +0.0000e+00 +0.0000e+00 +0.0000e+00 +0.0000e+00 +0.0000e+00 +0.0000e+00 +0.0000e+00 +0.0000e+00 +0.0000e+00 +0.0000e+00
4 0 +1.344653550e+01 +3.815665355e+02 +3.815665355e+02 +2.1661e-01 -2.7248e-01 -1.4933e-01 +1.8171e-01 -5.0930e-01 +2.3317e-01 -2.5183e-01 -1.2653e-01 +4.3300e-01 -1.9345e-02
7 0 +1.250503402e+01 +3.806250340e+02 +3.806250340e+02 -2.6321e-01 +2.3560e-01 -2.9494e-01 -4.1433e-02 -2.1060e-01 +1.1878e-01 +8.3286e-02 -6.4943e-01 +2.1039e-01 -1.8282e-01
13 0 +1.205798857e+01 +3.801779886e+02 +3.801779886e+02 +1.3535e-01 +5.5490e-02 +2.9809e-01 -7.3086e-02 -3.6688e-01 -1.0400e-01 -3.1153e-01 -6.7455e-01 -3.0141e-01 +4.6043e-01
105 0 +1.175135587e+01 +3.798713559e+02 +3.798713559e+02 -5.2786e-01 -2.5901e-01 -5.3543e-01 -2.0801e-01 -4.5806e-01 +4.9153e-01 +8.3655e-02 -4.7389e-01 +6.1883e-01 +6.4316e-01
112 0 +1.070974301e+01 +3.788297430e+02 +3.788297430e+02 -4.9954e-01 -1.8549e-01 -5.3829e-01 -3.0584e-01 +1.6608e-01 +2.0521e-01 +1.9402e-01 -3.4030e-01 +6.7024e-01 +5.1075e-01
144 0 +1.028357719e+01 +3.784035772e+02 +3.784035772e+02 -3.2755e-01 +2.1379e-01 -8.6230e-01 -3.8518e-01 -2.7828e-01 +3.3019e-01 +9.6431e-02 -1.0611e+00 +1.5110e-01 +6.9420e-01
150 0 +9.154447094e+00 +3.772744471e+02 +3.772744471e+02 -5.7858e-01 +2.4448e-01 -7.9725e-01 -1.1612e-02 -2.1161e-01 +2.8852e-01 +9.3901e-02 -8.9447e-01 +1.2383e-01 +9.3970e-01
152 0 +8.036854789e+00 +3.761568548e+02 +3.761568548e+02 -5.3377e-01 +2.1018e-01 -5.1936e-01 -2.8725e-01 +3.1058e-02 +1.5707e-01 +4.7654e-01 -1.0448e+00 +2.3218e-01 +6.6671e-01
156 0 +7.909270588e+00 +3.760292706e+02 +3.760292706e+02 -3.0006e-01 +7.3733e-02 -7.4727e-01 -2.6899e-01 -4.3295e-02 +3.4582e-01 -1.7036e-01 -1.0989e+00 +1.4904e-01 +6.9388e-01
161 0 +7.545713039e+00 +3.756657130e+02 +3.756657130e+02 -5.4486e-01 +9.2165e-02 -7.5176e-01 -2.5498e-01 -5.4029e-02 +1.7703e-01 +6.4557e-02 -9.7547e-01 +1.4576e-01 +6.6933e-01
269 0 +6.562021268e+00 +3.746820213e+02 +3.746820213e+02 -8.2379e-01 -7.1693e-02 -1.6512e+00 -2.0561e-01 +1.7076e-01 -5.7668e-02 +2.3720e-01 -1.3194e+00 -4.6482e-02 +4.2603e-01
302 0 +6.430791252e+00 +3.745507913e+02 +3.745507913e+02 -6.3101e-01 +5.0613e-02 -1.6670e+00 -3.6123e-01 +1.6043e-01 -4.8272e-02 +4.4844e-01 -1.5911e+00 -2.3299e-01 +6.6674e-01
311 0 +5.119576765e+00 +3.732395768e+02 +3.732395768e+02 -6.5203e-01 +3.4238e-02 -1.6494e+00 -2.5714e-01 +2.1078e-01 -2.4111e-03 +5.5428e-01 -1.6088e+00 -2.0308e-01 +6.9852e-01
511 0 +4.896075517e+00 +3.730160755e+02 +3.730160755e+02 -1.0101e+00 +3.9818e-01 -2.0427e+00 -2.2446e-01 +4.1531e-01 +3.8592e-01 +7.4673e-01 -1.8768e+00 -1.5626e-01 +3.3853e-01
683 0 +4.731914347e+00 +3.728519143e+02 +3.728519143e+02 -1.0137e+00 +3.9944e-01 -2.0735e+00 -2.7994e-01 +4.2555e-01 +3.5890e-01 +7.6821e-01 -1.8701e+00 -1.3486e-01 +3.9480e-01
1774 0 +4.677093195e+00 +3.727970932e+02 +3.727970932e+02 -1.0170e+00 +4.0471e-01 -2.0851e+00 -2.5748e-01 +5.2534e-01 +3.4369e-01 +7.5152e-01 -1.8765e+00 -1.0814e-01 +4.4361e-01
% f evaluations | g evaluations | best noise-free fitness - Fopt (4.739000000000e+01) + sum g_i+ | measured fitness | best measured fitness or single-digit g-values | x1 | x2...
1 0 +1.077884651e+01 +5.816884651e+01 +5.816884651e+01 +0.0000e+00 +0.0000e+00 +0.0000e+00 +0.0000e+00 +0.0000e+00 +0.0000e+00 +0.0000e+00 +0.0000e+00 +0.0000e+00 +0.0000e+00
6 0 +1.063761433e+01 +5.802761433e+01 +5.802761433e+01 +1.8723e-01 -2.5702e-01 +1.5212e-01 +1.5671e-02 +5.1476e-01 -6.3323e-02 +3.7553e-01 -3.4671e-01 +9.3874e-02 -2.1343e-01
10 0 +9.862104745e+00 +5.725210475e+01 +5.725210475e+01 +3.2216e-01 -3.3442e-01 +1.9285e-01 -3.1559e-01 -1.5896e-01 +1.8278e-01 -2.1053e-01 +1.4883e-01 -4.2076e-01 -2.0280e-01
14 0 +8.582985887e+00 +5.597298589e+01 +5.597298589e+01 +1.1226e-01 +2.5054e-01 -9.2509e-02 -3.6947e-01 -3.2677e-01 +3.9564e-01 -1.4331e-01 +5.1530e-01 -7.8868e-02 +1.2904e-01
45 0 +7.810582855e+00 +5.520058286e+01 +5.520058286e+01 +1.1476e+00 +3.9078e-02 +1.7879e-01 -4.4823e-01 -4.5750e-01 -4.2923e-02 -3.3589e-01 +3.0468e-01 -2.4102e-01 +4.2236e-01
267 0 +6.967673385e+00 +5.435767339e+01 +5.435767339e+01 +1.1135e+00 +6.5212e-01 -4.3743e-01 -6.1418e-01 -8.6874e-01 +9.2820e-02 +4.5037e-01 +7.9069e-01 +4.3198e-01 +1.0205e+00
351 0 +6.566064120e+00 +5.395606412e+01 +5.395606412e+01 +3.3544e-01 +8.0834e-01 -7.6417e-01 -8.6182e-01 -6.2225e-01 -2.0634e-01 +6.6697e-01 +9.8813e-01 +4.6595e-01 +9.8402e-01
361 0 +6.271511827e+00 +5.366151183e+01 +5.366151183e+01 +4.0767e-01 +8.8979e-01 -7.7918e-01 -7.3235e-01 -5.9359e-01 -1.3587e-01 +6.7255e-01 +1.0047e+00 +3.8808e-01 +1.0273e+00
381 0 +5.946038393e+00 +5.333603839e+01 +5.333603839e+01 +2.3027e-01 +9.6690e-01 -7.7952e-01 -6.9237e-01 -7.0735e-01 -9.3697e-02 +6.6904e-01 +1.1397e+00 +2.9345e-01 +1.0114e+00
391 0 +5.810141504e+00 +5.320014150e+01 +5.320014150e+01 +3.9332e-01 +9.9823e-01 -8.0150e-01 -7.1857e-01 -7.2605e-01 -2.9096e-02 +6.4865e-01 +1.0555e+00 +3.2597e-01 +8.6837e-01
411 0 +5.448065430e+00 +5.283806543e+01 +5.283806543e+01 +3.9364e-01 +8.8276e-01 -9.6006e-01 -6.9263e-01 -7.5413e-01 -4.7876e-04 +6.9204e-01 +1.2062e+00 +2.7401e-01 +8.1339e-01
463 0 +5.192734326e+00 +5.258273433e+01 +5.258273433e+01 +4.5684e-01 +9.5827e-01 -9.2905e-01 -7.2264e-01 -6.7179e-01 -2.4121e-01 +8.2381e-01 +1.1042e+00 +4.2916e-01 +8.6889e-01
511 0 +5.013706189e+00 +5.240370619e+01 +5.240370619e+01 +5.7919e-01 +1.0705e+00 -1.0494e+00 -4.4319e-01 -7.1433e-01 -7.0296e-02 +1.0208e+00 +1.2346e+00 +3.7635e-01 +7.3328e-01
571 0 +4.934100686e+00 +5.232410069e+01 +5.232410069e+01 +8.2457e-01 +1.1245e+00 -1.0185e+00 -4.3575e-01 -8.7189e-01 -2.0806e-01 +1.0718e+00 +1.3361e+00 +4.2027e-01 +7.0027e-01
635 0 +4.890813446e+00 +5.228081345e+01 +5.228081345e+01 +8.6538e-01 +1.2433e+00 -1.1141e+00 -4.8066e-01 -8.5213e-01 -1.9237e-01 +1.0904e+00 +1.3784e+00 +4.5029e-01 +7.7286e-01
961 0 +4.784062086e+00 +5.217406209e+01 +5.217406209e+01 +8.5398e-01 +1.1950e+00 -1.0717e+00 -4.7753e-01 -8.4857e-01 -2.0570e-01 +1.0635e+00 +1.3455e+00 +4.4650e-01 +7.4521e-01
% f evaluations | g evaluations | best noise-free fitness - Fopt (-3.428900000000e+02) + sum g_i+ | measured fitness | best measured fitness or single-digit g-values | x1 | x2...
1 0 +1.559598098e+01 -3.272940190e+02 -3.272940190e+02 +0.0000e+00 +0.0000e+00 +0.0000e+00 +0.0000e+00 +0.0000e+00 +0.0000e+00 +0.0000e+00 +0.0000e+00 +0.0000e+00 +0.0000e+00
2 0 +1.328107276e+01 -3.296089272e+02 -3.296089272e+02 +4.3379e-01 +3.0692e-02 +9.8026e-02 +3.4094e-01 +2.4727e-01 +1.7369e-01 -1.1375e-01 -3.0566e-01 +1.1285e-01 -1.5359e-01
3 0 +1.196894657e+01 -3.309210534e+02 -3.309210534e+02 +2.4817e-01 +6.3376e-02 -2.2359e-01 +8.0318e-02 +2.1275e-01 +5.3256e-02 -2.3477e-01 +7.8699e-02 +1.0710e-01 +2.4729e-01
5 0 +8.670293235e+00 -3.342197068e+02 -3.342197068e+02 -9.0564e-02 +8.4424e-02 -2.8183e-02 -1.8777e-01 +7.4957e-02 +6.4105e-01 +2.7589e-01 +1.3137e-01 +7.7185e-02 +2.3934e-01
32 0 +7.789090007e+00 -3.351009100e+02 -3.351009100e+02 +1.9905e-01 -2.4809e-01 -7.3202e-02 -2.5970e-01 -4.0018e-01 +3.4776e-01 +9.1001e-02 +1.7872e-01 +2.4843e-01 +8.2322e-01
99 0 +5.778977605e+00 -3.371110224e+02 -3.371110224e+02 +1.0799e+00 -7.1597e-01 +7.2956e-01 -8.9970e-01 -5.5975e-01 +5.7035e-01 -6.0938e-01 +2.8399e-01 +3.9816e-01 +9.7897e-01
154 0 +4.246785776e+00 -3.386432142e+02 -3.386432142e+02 +5.9196e-02 -1.6408e+00 +8.6746e-01 -9.4867e-01 -1.1229e+00 -9.7537e-01 +2.4535e-01 +9.1541e-01 -3.1584e-02 +1.1918e+00
227 0 +4.045121642e+00 -3.388448784e+02 -3.388448784e+02 +1.5529e+00 -1.3612e+00 +1.5486e+00 -1.8741e+00 -8.2340e-01 -1.4219e+00 +5.5156e-01 +2.3123e+00 +1.0139e+00 +5.9199e-01
231 0 +3.747917897e+00 -3.391420821e+02 -3.391420821e+02 +5.5433e-01 -1.1533e+00 +1.7641e+00 -1.8759e+00 -4.2282e-01 -1.4688e+00 +9.5456e-01 +2.0852e+00 +8.9715e-01 +4.8842e-01
233 0 +3.537552875e+00 -3.393524471e+02 -3.393524471e+02 +1.4682e+00 -7.9244e-01 +1.8953e+00 -2.0578e+00 -1.5682e-01 -1.7242e+00 +5.4969e-01 +2.1155e+00 +1.4639e+00 +5.2867e-01
237 0 +2.934992582e+00 -3.399550074e+02 -3.399550074e+02 +4.9940e-02 -1.3624e+00 +2.0306e+00 -2.0401e+00 -2.3059e-01 -1.7667e+00 +7.9770e-01 +2.0642e+00 +8.6828e-01 +5.6328e-01
271 0 +2.827706734e+00 -3.400622933e+02 -3.400622933e+02 +7.7593e-01 -1.4013e+00 +1.7595e+00 -2.2165e+00 -4.7263e-01 -1.6131e+00 +7.8743e-01 +1.9637e+00 +1.4188e+00 +4.0020e-01
431 0 +2.674357884e+00 -3.402156421e+02 -3.402156421e+02 +1.9629e+00 -1.2285e+00 +1.2293e+00 -2.4353e+00 -1.3538e+00 -1.6520e+00 +1.2487e+00 +2.1794e+00 +1.4705e+00 +9.2564e-01
522 0 +2.519250777e+00 -3.403707492e+02 -3.403707492e+02 +2.2149e+00 -1.3135e+00 +1.2101e+00 -2.2806e+00 -1.6391e+00 -1.7604e+00 +1.0244e+00 +2.2642e+00 +1.5105e+00 +1.2083e+00
541 0 +2.501449985e+00 -3.403885500e+02 -3.403885500e+02 +2.3939e+00 -1.2700e+00 +1.1392e+00 -2.2402e+00 -1.6996e+00 -1.7093e+00 +1.0121e+00 +2.2706e+00 +1.5441e+00 +1.0614e+00
552 0 +2.106497407e+00 -3.407835026e+02 -3.407835026e+02 +2.1827e+00 -1.3087e+00 +1.1094e+00 -2.2690e+00 -1.5358e+00 -1.9080e+00 +9.7669e-01 +2.1410e+00 +1.5835e+00 +1.1276e+00
685 0 +2.062291964e+00 -3.408277080e+02 -3.408277080e+02 +1.7436e+00 -1.2805e+00 +1.3124e+00 -2.2258e+00 -1.3585e+00 -1.9020e+00 +1.0011e+00 +2.1446e+00 +1.5413e+00 +1.1748e+00
697 0 +1.717515706e+00 -3.411724843e+02 -3.411724843e+02 +2.0129e+00 -1.3611e+00 +1.2764e+00 -2.1904e+00 -1.4636e+00 -1.9183e+00 +8.9491e-01 +2.2485e+00 +1.4890e+00 +1.4012e+00
1250 0 +1.686152814e+00 -3.412038472e+02 -3.412038472e+02 +1.8933e+00 -1.3022e+00 +1.3487e+00 -2.2009e+00 -1.4384e+00 -2.0180e+00 +9.7513e-01 +2.3206e+00 +1.4190e+00 +1.2596e+00
1630 0 +1.658922981e+00 -3.412310770e+02 -3.412310770e+02 +1.9092e+00 -1.2983e+00 +1.3374e+00 -2.1955e+00 -1.4390e+00 -2.0110e+00 +9.8561e-01 +2.3129e+00 +1.4147e+00 +1.2515e+00
% f evaluations | g evaluations | best noise-free fitness - Fopt (9.102000000000e+01) + sum g_i+ | measured fitness | best measured fitness or single-digit g-values | x1 | x2...
1 0 +1.052333079e+01 +1.015433308e+02 +1.015433308e+02 +0.0000e+00 +0.0000e+00 +0.0000e+00 +0.0000e+00 +0.0000e+00 +0.0000e+00 +0.0000e+00 +0.0000e+00 +0.0000e+00 +0.0000e+00
3 0 +6.737470670e+00 +9.775747067e+01 +9.775747067e+01 +2.4817e-01 +6.3376e-02 -2.2359e-01 +8.0318e-02 +2.1275e-01 +5.3256e-02 -2.3477e-01 +7.8699e-02 +1.0710e-01 +2.4729e-01
31 0 +6.478977595e+00 +9.749897760e+01 +9.749897760e+01 +4.4496e-01 +1.0325e-01 -9.4157e-02 -1.1171e-01 -1.8926e-01 +2.5644e-01 -2.4423e-01 -2.1525e-01 -1.7221e-01 +3.3105e-01
38 0 +6.128817014e+00 +9.714881701e+01 +9.714881701e+01 +5.3186e-01 +1.0001e-01 -1.6668e-01 +5.0608e-02 -9.7740e-02 +2.4014e-01 -3.8846e-01 +4.2395e-02 +1.7522e-01 +4.3625e-01
46 0 +5.687044427e+00 +9.670704443e+01 +9.670704443e+01 +4.9348e-01 -3.0902e-01 +2.3936e-01 -2.4193e-02 -3.7369e-01 +4.1869e-01 -3.8319e-01 +2.2445e-01 +2.5792e-01 +1.0334e-01
82 0 +4.464288595e+00 +9.548428859e+01 +9.548428859e+01 +9.0335e-01 -2.4036e-01 +1.7091e-01 +2.1152e-01 -7.6897e-01 +8.0339e-01 -9.4387e-01 +5.1251e-01 -6.7010e-02 +9.7189e-01
85 0 +4.238059228e+00 +9.525805923e+01 +9.525805923e+01 +4.3070e-01 -3.9732e-01 -1.3632e-01 +9.5331e-02 -9.5534e-01 +5.7257e-01 -3.2486e-01 +3.5492e-02 +1.5795e-02 +1.1524e+00
160 0 +3.899490856e+00 +9.491949086e+01 +9.491949086e+01 +5.9029e-01 -9.0317e-01 +5.1477e-01 +1.0397e-01 -8.0156e-01 +4.7996e-01 -3.7888e-01 +1.2657e-01 +1.9472e-01 +5.2136e-01
161 0 +3.584954247e+00 +9.460495425e+01 +9.460495425e+01 +5.6507e-01 -9.6371e-01 +3.4879e-01 +8.5763e-02 -6.9484e-01 +3.7663e-01 -3.9117e-01 +1.7712e-01 +8.5970e-02 +4.9096e-01
181 0 +3.424199587e+00 +9.444419959e+01 +9.444419959e+01 +5.1502e-01 -8.7515e-01 +2.2714e-01 -2.6755e-02 -6.3379e-01 +3.3517e-01 -3.6010e-01 -6.1752e-02 -2.7624e-03 +3.2740e-01
191 0 +3.316728954e+00 +9.433672895e+01 +9.433672895e+01 +4.6889e-01 -8.4030e-01 +2.5159e-01 +3.6908e-02 -5.9803e-01 +3.4306e-01 -4.0635e-01 -9.0916e-02 +7.6114e-02 +2.7046e-01
591 0 +3.309175854e+00 +9.432917585e+01 +9.432917585e+01 +6.3574e-01 -9.0087e-01 +1.4406e-01 -2.7657e-02 -6.5179e-01 +3.8444e-01 -4.0197e-01 +6.8672e-02 +1.7159e-01 +2.5075e-01
2434 0 +3.235573982e+00 +9.425557398e+01 +9.425557398e+01 +7.8457e-01 -9.2344e-01 +3.8446e-02 -1.4118e-01 -6.0087e-01 +2.5616e-01 -4.4152e-01 +1.4722e-01 +1.5296e-01 +3.1524e-01
% f evaluations | g evaluations | best noise-free fitness - Fopt (7.324200000000e+02) + sum g_i+ | measured fitness | best measured fitness or single-digit g-values | x1 | x2...
1 0 +9.876226536e+00 +7.422962265e+02 +7.422962265e+02 +0.0000e+00 +0.0000e+00 +0.0000e+00 +0.0000e+00 +0.0000e+00 +0.0000e+00 +0.0000e+00 +0.0000e+00 +0.0000e+00 +0.0000e+00
11 0 +8.892958044e+00 +7.413129580e+02 +7.413129580e+02 +2.1948e-01 -2.6508e-02 +8.8931e-03 -2.2027e-01 -8.8186e-02 +1.3871e-01 -1.9230e-01 -1.3187e-01 +1.5306e-01 -2.1691e-01
13 0 +7.860934351e+00 +7.402809344e+02 +7.402809344e+02 +2.3944e-01 -4.7655e-02 +3.5413e-01 -1.1103e-01 -4.2627e-01 -2.0540e-01 -4.3096e-01 -6.7167e-01 -4.2426e-01 +3.5431e-01
31 0 +6.784647561e+00 +7.392046476e+02 +7.392046476e+02 +3.4792e-01 -1.8600e-01 -1.7493e-01 -1.9655e-01 -3.2092e-01 +4.1161e-01 -1.5893e-01 -3.5577e-01 -2.9260e-02 +2.6922e-01
79 0 +5.980663237e+00 +7.384006632e+02 +7.384006632e+02 +2.8941e-01 -3.2051e-01 +9.7050e-02 +1.5920e-01 -6.7660e-01 -1.4881e-01 -9.1228e-03 +2.1452e-02 -1.6345e-02 +7.9787e-01
229 0 +5.417439711e+00 +7.378374397e+02 +7.378374397e+02 +7.5760e-01 +5.0188e-01 -4.8987e-02 -4.7661e-01 -8.5604e-01 -5.3560e-01 +1.1832e-01 +1.6208e-01 -4.1692e-01 +1.2352e+00
489 0 +5.287808494e+00 +7.377078085e+02 +7.377078085e+02 +7.8989e-01 +4.6599e-01 -1.5867e-01 -4.6913e-01 -7.2377e-01 -3.9381e-01 +2.6941e-01 +3.1495e-01 -2.9921e-01 +1.1624e+00
509 0 +5.087603675e+00 +7.375076037e+02 +7.375076037e+02 +7.5048e-01 +4.5037e-01 -1.0690e-01 -5.1385e-01 -6.7449e-01 -4.5197e-01 +3.1526e-01 +3.2594e-01 -3.2509e-01 +1.1404e+00
537 0 +4.953007640e+00 +7.373730076e+02 +7.373730076e+02 +8.3124e-01 +4.6258e-01 -1.0054e-01 -4.9985e-01 -7.0656e-01 -4.8530e-01 +3.7139e-01 +4.6138e-01 -3.2311e-01 +1.1438e+00
628 0 +4.814811384e+00 +7.372348114e+02 +7.372348114e+02 +7.3927e-01 +4.5454e-01 -1.6084e-01 -5.3079e-01 -6.6767e-01 -5.1223e-01 +3.1757e-01 +3.7286e-01 -3.3692e-01 +1.1920e+00
745 0 +4.718161345e+00 +7.371381613e+02 +7.371381613e+02 +7.2352e-01 +4.5384e-01 -8.0137e-02 -5.4141e-01 -6.2469e-01 -4.7546e-01 +2.9842e-01 +4.2908e-01 -3.2625e-01 +1.1905e+00
943 0 +4.676660646e+00 +7.370966606e+02 +7.370966606e+02 +6.9512e-01 +4.4442e-01 -8.8510e-02 -5.4196e-01 -6.3042e-01 -4.7098e-01 +3.1202e-01 +4.5149e-01 -3.4624e-01 +1.2214e+00
% f evaluations | g evaluations | best noise-free fitness - Fopt (3.542000000000e+01) + sum g_i+ | measured fitness | best measured fitness or single-digit g-values | x1 | x2...
1 0 +3.535326095e+01 +7.077326095e+01 +7.077326095e+01 +0.0000e+00 +0.0000e+00 +0.0000e+00 +0.0000e+00 +0.0000e+00 +0.0000e+00 +0.0000e+00 +0.0000e+00 +0.0000e+00 +0.0000e+00
4 0 +2.857978158e+01 +6.399978158e+01 +6.399978158e+01 +2.1661e-01 -2.7248e-01 -1.4933e-01 +1.8171e-01 -5.0930e-01 +2.3317e-01 -2.5183e-01 -1.2653e-01 +4.3300e-01 -1.9345e-02
10 0 +2.741245917e+01 +6.283245917e+01 +6.283245917e+01 +3.2216e-01 -3.3442e-01 +1.9285e-01 -3.1559e-01 -1.5896e-01 +1.8278e-01 -2.1053e-01 +1.4883e-01 -4.2076e-01 -2.0280e-01
16 0 +2.568233523e+01 +6.110233523e+01 +6.110233523e+01 +2.5667e-01 -1.5386e-01 -2.6692e-01 -2.4254e-02 +8.3926e-01 -1.3233e-01 -3.1257e-02 -4.7982e-01 +4.3903e-01 +3.1447e-01
19 0 +2.264264855e+01 +5.806264855e+01 +5.806264855e+01 +1.3550e-01 -5.9319e-02 +8.2837e-02 -2.2483e-01 -1.6567e-01 +3.5891e-01 -1.0703e-01 -3.1326e-01 +1.5484e-01 -5.0560e-02
34 0 +1.644886905e+01 +5.186886905e+01 +5.186886905e+01 +7.8212e-01 +2.5113e-02 -2.7146e-01 -5.7778e-01 +3.1846e-01 +2.1845e-01 +1.9653e-01 -8.0970e-01 -4.7868e-02 +4.9097e-01
99 0 +1.296969056e+01 +4.838969056e+01 +4.838969056e+01 +1.0455e+00 -4.3306e-01 +9.9114e-02 -2.1840e-01 -3.0851e-02 +9.7125e-01 -1.1585e+00 -8.5099e-01 +1.7424e-01 +1.2391e+00
152 0 +1.147726749e+01 +4.689726749e+01 +4.689726749e+01 +1.0943e+00 +1.3790e-01 -3.1013e-01 -5.5338e-03 +6.3386e-02 +1.9290e-01 -1.5793e-01 -1.6726e+00 -4.8653e-01 +1.4487e+00
153 0 +1.046757407e+01 +4.588757407e+01 +4.588757407e+01 +8.7867e-01 -1.9234e-01 -5.5505e-01 -3.2125e-01 -3.1549e-01 +4.2286e-01 -9.2939e-01 -1.6207e+00 -8.2366e-01 +1.4947e+00
196 0 +8.885909345e+00 +4.430590935e+01 +4.430590935e+01 +8.7459e-01 +5.5702e-03 -5.5897e-01 -2.3720e-01 +4.6428e-01 +1.9240e-01 -7.4925e-01 -1.9241e+00 -8.9828e-01 +8.2290e-01
511 0 +8.158542091e+00 +4.357854209e+01 +4.357854209e+01 +2.8867e+00 +4.4662e-01 -2.1330e+00 -7.4343e-01 +9.8317e-03 +1.4213e+00 +1.2815e+00 -3.9816e+00 -6.8112e-01 -7.2341e-02
516 0 +8.034543977e+00 +4.345454398e+01 +4.345454398e+01 +2.8974e+00 +2.4578e-01 -2.3230e+00 -1.0443e+00 -3.6602e-03 +1.4597e+00 +1.2389e+00 -4.3660e+00 -7.8989e-01 -2.9004e-02
549 0 +7.541548112e+00 +4.296154811e+01 +4.296154811e+01 +2.8878e+00 +3.1227e-01 -1.9990e+00 -6.2763e-01 -1.7493e-01 +1.3625e+00 +9.8453e-01 -3.7107e+00 -5.2600e-01 +7.6169e-02
628 0 +7.354628175e+00 +4.277462817e+01 +4.277462817e+01 +2.9668e+00 +4.9784e-01 -2.2483e+00 -7.8049e-01 +3.7729e-02 +1.4484e+00 +1.1371e+00 -3.9962e+00 -5.1549e-01 -1.2892e-01
698 0 +6.868664428e+00 +4.228866443e+01 +4.228866443e+01 +3.0147e+00 +4.5074e-01 -2.1288e+00 -7.7361e-01 +2.1133e-02 +1.4655e+00 +1.1075e+00 -4.0248e+00 -6.6349e-01 -1.1470e-01
710 0 +6.687909078e+00 +4.210790908e+01 +4.210790908e+01 +3.0046e+00 +5.0229e-01 -2.1267e+00 -7.2854e-01 -3.8271e-02 +1.4638e+00 +9.9013e-01 -3.9413e+00 -6.7018e-01 -6.1068e-02
711 0 +6.506782237e+00 +4.192678224e+01 +4.192678224e+01 +3.0579e+00 +4.7362e-01 -2.1562e+00 -7.3646e-01 -1.7036e-02 +1.4793e+00 +1.0316e+00 -3.9735e+00 -6.9166e-01 -8.5359e-02
731 0 +6.330625228e+00 +4.175062523e+01 +4.175062523e+01 +3.0517e+00 +4.8107e-01 -2.1209e+00 -7.1339e-01 -6.4410e-03 +1.5003e+00 +1.0041e+00 -3.9783e+00 -7.2043e-01 -8.4956e-02
746 0 +6.202129864e+00 +4.162212986e+01 +4.162212986e+01 +3.0243e+00 +4.8050e-01 -2.1355e+00 -7.8528e-01 +2.8119e-02 +1.4371e+00 +1.0614e+00 -3.9647e+00 -7.8400e-01 -1.0596e-01
979 0 +6.161206903e+00 +4.158120690e+01 +4.158120690e+01 +3.0569e+00 +5.1308e-01 -2.1452e+00 -7.8454e-01 +3.3694e-02 +1.4170e+00 +9.6158e-01 -3.9734e+00 -7.0695e-01 -8.5052e-02
1122 0 +6.024887341e+00 +4.144488734e+01 +4.144488734e+01 +3.0292e+00 +5.0540e-01 -2.1249e+00 -7.8488e-01 +3.6088e-02 +1.4117e+00 +9.6124e-01 -3.9731e+00 -7.5016e-01 -8.9038e-02
5744 0 +5.887995620e+00 +4.130799562e+01 +4.130799562e+01 +3.0019e+00 +5.2703e-01 -2.1157e+00 -7.7630e-01 +8.0908e-02 +1.4028e+00 +9.4969e-01 -3.9802e+00 -7.9063e-01 -1.0078e-01
14492 0 +5.753942340e+00 +4.117394234e+01 +4.117394234e+01 +2.9568e+00 +6.0592e-01 -2.1255e+00 -6.7202e-01 +7.2596e-02 +1.4633e+00 +9.1053e-01 -3.9774e+00 -8.4506e-01 -1.0747e-01
15338 0 +5.623127168e+00 +4.104312717e+01 +4.104312717e+01 +2.9060e+00 +6.4891e-01 -2.1888e+00 -5.7838e-01 +1.7789e-02 +1.5481e+00 +8.6276e-01 -3.9800e+00 -9.1263e-01 -1.2925e-01
