% f evaluations | g evaluations | best noise-free fitness - Fopt (-1.694000000000e+01) + sum g_i+ | measured fitness | best measured fitness or single-digit g-values | x1 | x2...
1 0 +2.668714155e+01 +9.747141552e+00 +9.747141552e+00 +0.0000e+00 +0.0000e+00 +0.0000e+00 +0.0000e+00 +0.0000e+00
2 0 +7.998158395e+00 -8.941841605e+00 -8.941841605e+00 +4.3379e-01 +3.0692e-02 +9.8026e-02 +3.4094e-01 +2.4727e-01
37 0 +5.462262579e+00 -1.147773742e+01 -1.147773742e+01 +1.3074e+00 -2.7953e-01 -1.8492e-01 +8.2050e-01 -1.0128e-03
71 0 +4.872792116e+00 -1.206720788e+01 -1.206720788e+01 +1.6922e+00 +2.3757e-01 -1.5967e-01 +1.0861e+00 +5.0968e-01
78 0 +4.132447925e+00 -1.280755208e+01 -1.280755208e+01 +1.6884e+00 -2.7689e-01 -2.8911e-01 +1.4542e+00 +6.8513e-01
106 0 +3.868356088e+00 -1.307164391e+01 -1.307164391e+01 +1.8263e+00 +7.2937e-02 -5.2671e-01 +1.7275e+00 +1.2915e-01
134 0 +3.182047066e+00 -1.375795293e+01 -1.375795293e+01 +2.9500e+00 +2.8708e-01 -9.8245e-01 +2.3707e+00 +5.5315e-01
177 0 +2.511329995e+00 -1.442867001e+01 -1.442867001e+01 +3.3764e+00 +2.4542e-01 -1.5168e+00 +2.9403e+00 +6.1243e-01
261 0 +2.267117416e+00 -1.467288258e+01 -1.467288258e+01 +2.8521e+00 +8.1623e-01 -1.6282e+00 +3.0342e+00 +8.0924e-01
325 0 +2.161228532e+00 -1.477877147e+01 -1.477877147e+01 +3.0530e+00 +5.9640e-01 -1.9235e+00 +3.1015e+00 +6.7672e-01
334 0 +2.112360330e+00 -1.482763967e+01 -1.482763967e+01 +3.0230e+00 +5.8582e-01 -1.9355e+00 +3.0708e+00 +6.9308e-01
339 0 +2.028318674e+00 -1.491168133e+01 -1.491168133e+01 +2.9430e+00 +5.5812e-01 -1.9989e+00 +3.0841e+00 +6.9564e-01
357 0 +1.693287546e+00 -1.524671245e+01 -1.524671245e+01 +2.9687e+00 +5.9720e-01 -1.9882e+00 +3.1010e+00 +6.3939e-01
406 0 +1.610020200e+00 -1.532997980e+01 -1.532997980e+01 +3.0076e+00 +5.5763e-01 -2.0254e+00 +3.1322e+00 +6.5144e-01
437 0 +1.579111989e+00 -1.536088801e+01 -1.536088801e+01 +3.0262e+00 +5.9785e-01 -2.0613e+00 +3.1555e+00 +6.5304e-01
472 0 +1.547754941e+00 -1.539224506e+01 -1.539224506e+01 +3.0320e+00 +5.9003e-01 -2.0569e+00 +3.1533e+00 +6.3785e-01
612 0 +1.509173270e+00 -1.543082673e+01 -1.543082673e+01 +3.0279e+00 +5.7771e-01 -2.0788e+00 +3.1396e+00 +6.3219e-01
% f evaluations | g evaluations | best noise-free fitness - Fopt (1.881000000000e+01) + sum g_i+ | measured fitness | best measured fitness or single-digit g-values | x1 | x2...
1 0 +7.554084938e+00 +2.636408494e+01 +2.636408494e+01 +0.0000e+00 +0.0000e+00 +0.0000e+00 +0.0000e+00 +0.0000e+00
2 0 +6.252516865e+00 +2.506251686e+01 +2.506251686e+01 +4.3379e-01 +3.0692e-02 +9.8026e-02 +3.4094e-01 +2.4727e-01
3 0 +5.629362162e+00 +2.443936216e+01 +2.443936216e+01 +1.7369e-01 -1.1375e-01 -3.0566e-01 +1.1285e-01 -1.5359e-01
4 0 +5.082861778e+00 +2.389286178e+01 +2.389286178e+01 +2.4817e-01 +6.3376e-02 -2.2359e-01 +8.0318e-02 +2.1275e-01
10 0 +4.586875224e+00 +2.339687522e+01 +2.339687522e+01 +8.8317e-01 +2.3614e-01 -3.9118e-02 +2.7025e-01 +3.3010e-01
11 0 +4.413928475e+00 +2.322392847e+01 +2.322392847e+01 +4.6687e-01 -2.2938e-01 -1.3363e-02 +2.0369e-01 +5.6254e-01
19 0 +3.303626815e+00 +2.211362681e+01 +2.211362681e+01 +7.9364e-01 +1.5274e-01 +3.1051e-01 +4.3028e-01 +4.0451e-01
69 0 +2.760523854e+00 +2.157052385e+01 +2.157052385e+01 +3.2781e-01 +9.6238e-01 -1.2581e+00 -1.1562e+00 +9.1264e-01
71 0 +2.506962192e+00 +2.131696219e+01 +2.131696219e+01 +7.5899e-01 +1.3676e+00 -2.6170e-01 -1.2325e+00 +1.2799e+00
159 0 +2.129310655e+00 +2.093931065e+01 +2.093931065e+01 +3.3117e-01 +8.7158e-01 -6.8721e-01 -2.3706e-01 +1.2655e+00
165 0 +1.791254765e+00 +2.060125477e+01 +2.060125477e+01 +3.0737e-01 +1.0636e+00 -5.0526e-01 -3.2321e-01 +1.7633e+00
171 0 +1.519994078e+00 +2.032999408e+01 +2.032999408e+01 +3.5210e-01 +1.2650e+00 -6.7863e-01 -5.9018e-01 +2.3952e+00
177 0 +1.342960759e+00 +2.015296076e+01 +2.015296076e+01 -7.0443e-02 +9.9304e-01 -5.7237e-01 -3.6841e-01 +1.9714e+00
178 0 +1.289579410e+00 +2.009957941e+01 +2.009957941e+01 -3.7055e-01 +1.1514e+00 -6.0470e-01 -1.1906e-01 +1.6425e+00
192 0 +1.044665685e+00 +1.985466568e+01 +1.985466568e+01 -2.7778e-01 +1.3688e+00 -7.8681e-01 -1.2329e-02 +7.7142e-01
201 0 +9.906846334e-01 +1.980068463e+01 +1.980068463e+01 +2.1183e-01 +1.6967e+00 -7.4561e-01 +5.6106e-02 +1.6544e+00
213 0 +9.601289412e-01 +1.977012894e+01 +1.977012894e+01 -1.2026e-01 +1.4839e+00 -8.6858e-01 +1.8046e-01 +1.6621e+00
217 0 +8.248153676e-01 +1.963481537e+01 +1.963481537e+01 -2.5730e-01 +1.4164e+00 -8.2815e-01 +1.7298e-02 +1.9078e+00
257 0 +6.438916701e-01 +1.945389167e+01 +1.945389167e+01 -5.3334e-01 +1.7825e+00 -9.3449e-01 +9.0242e-02 +2.1753e+00
267 0 +3.945734799e-01 +1.920457348e+01 +1.920457348e+01 -2.2646e-01 +1.6427e+00 -9.6901e-01 +1.2129e-01 +1.8757e+00
421 0 +3.810389013e-01 +1.919103890e+01 +1.919103890e+01 -2.1770e-01 +1.4985e+00 -8.5220e-01 -2.5670e-01 +2.2087e+00
433 0 +3.790578359e-01 +1.918905784e+01 +1.918905784e+01 -2.2124e-01 +1.5497e+00 -8.4275e-01 -2.6968e-01 +2.2303e+00
441 0 +3.428877116e-01 +1.915288771e+01 +1.915288771e+01 -2.0670e-01 +1.5655e+00 -8.4788e-01 -2.6168e-01 +2.2331e+00
489 0 +3.212589003e-01 +1.913125890e+01 +1.913125890e+01 -2.1179e-01 +1.5636e+00 -8.4934e-01 -2.6321e-01 +2.2319e+00
525 0 +3.144250915e-01 +1.912442509e+01 +1.912442509e+01 -2.1452e-01 +1.5604e+00 -8.5101e-01 -2.6124e-01 +2.2305e+00
601 0 +3.089237726e-01 +1.911892377e+01 +1.911892377e+01 -2.1086e-01 +1.5639e+00 -8.4733e-01 -2.6797e-01 +2.2416e+00
649 0 +3.015856571e-01 +1.911158566e+01 +1.911158566e+01 -2.1082e-01 +1.5612e+00 -8.4760e-01 -2.6841e-01 +2.2391e+00
% f evaluations | g evaluations | best noise-free fitness - Fopt (2.731500000000e+02) + sum g_i+ | measured fitness | best measured fitness or single-digit g-values | x1 | x2...
1 0 +1.688902988e+01 +2.900390299e+02 +2.900390299e+02 +0.0000e+00 +0.0000e+00 +0.0000e+00 +0.0000e+00 +0.0000e+00
2 0 +1.517446273e+01 +2.883244627e+02 +2.883244627e+02 +4.3379e-01 +3.0692e-02 +9.8026e-02 +3.4094e-01 +2.4727e-01
4 0 +1.281824079e+01 +2.859682408e+02 +2.859682408e+02 +2.4817e-01 +6.3376e-02 -2.2359e-01 +8.0318e-02 +2.1275e-01
5 0 +1.025333198e+01 +2.834033320e+02 +2.834033320e+02 +5.3256e-02 -2.3477e-01 +7.8699e-02 +1.0710e-01 +2.4729e-01
9 0 +1.018385178e+01 +2.833338518e+02 +2.833338518e+02 +7.0288e-02 -2.8990e-02 -5.7691e-02 -1.1821e-04 +1.7833e-01
28 0 +9.378742481e+00 +2.825287425e+02 +2.825287425e+02 +9.2654e-01 -4.1428e-02 +1.1973e-01 -4.0993e-01 +3.7498e-01
38 0 +9.137218171e+00 +2.822872182e+02 +2.822872182e+02 +8.0328e-01 +1.8143e-01 +3.8286e-03 -5.0129e-01 +4.6498e-01
68 0 +7.646932422e+00 +2.807969324e+02 +2.807969324e+02 +2.0354e+00 +1.3168e+00 -7.1606e-01 -1.1506e+00 +2.0815e+00
136 0 +7.404725771e+00 +2.805547258e+02 +2.805547258e+02 -2.8585e-01 +5.0337e-01 -2.3849e-01 +8.5132e-01 -1.2192e-01
145 0 +6.361541633e+00 +2.795115416e+02 +2.795115416e+02 +1.9147e-02 +4.5601e-01 -8.0043e-02 +1.1077e+00 -2.1334e-02
237 0 +5.465093002e+00 +2.786150930e+02 +2.786150930e+02 -5.3968e-02 +1.5422e+00 -2.8763e-01 +1.1923e+00 -1.0333e-01
263 0 +4.712662634e+00 +2.778626626e+02 +2.778626626e+02 -3.9105e-01 +1.8573e+00 -8.1434e-01 +7.5265e-01 -6.2806e-02
298 0 +4.365716062e+00 +2.775157161e+02 +2.775157161e+02 -2.1300e-01 +2.0918e+00 -5.4316e-01 +6.5317e-01 -1.4127e-01
387 0 +3.930707909e+00 +2.770807079e+02 +2.770807079e+02 -6.8519e-01 +2.6541e+00 -9.3027e-01 +7.7383e-01 -3.0582e-01
463 0 +3.817633742e+00 +2.769676337e+02 +2.769676337e+02 -3.9783e-01 +2.9467e+00 -9.2663e-01 +8.0719e-01 -5.0309e-02
513 0 +3.783481847e+00 +2.769334818e+02 +2.769334818e+02 -3.5902e-01 +2.7829e+00 -8.5345e-01 +6.6560e-01 +3.4147e-02
536 0 +3.641920927e+00 +2.767919209e+02 +2.767919209e+02 -3.5918e-01 +2.7342e+00 -8.3955e-01 +6.7428e-01 +5.9527e-02
547 0 +3.535397957e+00 +2.766853980e+02 +2.766853980e+02 -4.5430e-01 +2.7772e+00 -9.1630e-01 +6.2183e-01 +3.5295e-02
681 0 +3.461324594e+00 +2.766113246e+02 +2.766113246e+02 -4.0957e-01 +2.7486e+00 -8.9345e-01 +6.5145e-01 +5.6878e-02
% f evaluations | g evaluations | best noise-free fitness - Fopt (3.718000000000e+01) + sum g_i+ | measured fitness | best measured fitness or single-digit g-values | x1 | x2...
1 0 +3.440707979e+01 +7.158707979e+01 +7.158707979e+01 +0.0000e+00 +0.0000e+00 +0.0000e+00 +0.0000e+00 +0.0000e+00
2 0 +3.292374092e+01 +7.010374092e+01 +7.010374092e+01 +4.3379e-01 +3.0692e-02 +9.8026e-02 +3.4094e-01 +2.4727e-01
4 0 +2.376582502e+01 +6.094582502e+01 +6.094582502e+01 +2.4817e-01 +6.3376e-02 -2.2359e-01 +8.0318e-02 +2.1275e-01
6 0 +1.342151373e+01 +5.060151373e+01 +5.060151373e+01 +2.1661e-01 -2.7248e-01 -1.4933e-01 +1.8171e-01 -5.0930e-01
153 0 +1.285878818e+01 +5.003878818e+01 +5.003878818e+01 +1.7881e-01 -2.4535e-01 -2.0146e-01 +7.3422e-02 -5.7964e-01
462 0 +1.256250405e+01 +4.974250405e+01 +4.974250405e+01 +4.5032e-02 -3.3016e-01 -2.9822e-01 +1.4298e-01 -6.3690e-01
547 0 +1.227234888e+01 +4.945234888e+01 +4.945234888e+01 -2.1274e-02 -4.0466e-01 -4.7281e-01 +6.0963e-02 -8.4438e-01
% f evaluations | g evaluations | best noise-free fitness - Fopt (-1.479000000000e+02) + sum g_i+ | measured fitness | best measured fitness or single-digit g-values | x1 | x2...
1 0 +1.645177782e+01 -1.314482222e+02 -1.314482222e+02 +0.0000e+00 +0.0000e+00 +0.0000e+00 +0.0000e+00 +0.0000e+00
2 0 +9.095774388e+00 -1.388042256e+02 -1.388042256e+02 +4.3379e-01 +3.0692e-02 +9.8026e-02 +3.4094e-01 +2.4727e-01
7 0 +8.094027297e+00 -1.398059727e+02 -1.398059727e+02 +2.3317e-01 -2.5183e-01 -1.2653e-01 +4.3300e-01 -1.9345e-02
16 0 +7.624688645e+00 -1.402753114e+02 -1.402753114e+02 +3.3367e-01 -4.1304e-01 +3.6821e-03 +6.5336e-01 -2.7033e-01
25 0 +6.623090616e+00 -1.412769094e+02 -1.412769094e+02 +6.2596e-01 -1.3051e-01 +1.3332e-01 +4.0512e-02 -8.8603e-02
217 0 +6.482272245e+00 -1.414177278e+02 -1.414177278e+02 +1.2756e+00 +1.4772e-01 -1.9232e-01 +7.9261e-01 +2.9923e-02
218 0 +6.289081034e+00 -1.416109190e+02 -1.416109190e+02 +1.2672e+00 +1.0749e-01 -1.4118e-01 +9.1644e-01 -5.1169e-02
% f evaluations | g evaluations | best noise-free fitness - Fopt (4.817100000000e+02) + sum g_i+ | measured fitness | best measured fitness or single-digit g-values | x1 | x2...
1 0 +1.884784609e+01 +5.005578461e+02 +5.005578461e+02 +0.0000e+00 +0.0000e+00 +0.0000e+00 +0.0000e+00 +0.0000e+00
3 0 +1.758870495e+01 +4.992987049e+02 +4.992987049e+02 +1.7369e-01 -1.1375e-01 -3.0566e-01 +1.1285e-01 -1.5359e-01
6 0 +1.624856061e+01 +4.979585606e+02 +4.979585606e+02 +2.1661e-01 -2.7248e-01 -1.4933e-01 +1.8171e-01 -5.0930e-01
7 0 +1.396990736e+01 +4.956799074e+02 +4.956799074e+02 +2.3317e-01 -2.5183e-01 -1.2653e-01 +4.3300e-01 -1.9345e-02
12 0 +1.245689161e+01 +4.941668916e+02 +4.941668916e+02 +6.7741e-02 +1.6770e-01 -3.9431e-01 +2.2207e-01 -3.3431e-01
20 0 +9.870607194e+00 +4.915806072e+02 +4.915806072e+02 +3.0332e-01 -3.7357e-01 -9.4280e-02 +2.8696e-02 -5.3420e-01
45 0 +8.375019896e+00 +4.900850199e+02 +4.900850199e+02 +9.6531e-01 -5.4568e-01 -6.0472e-01 -3.7097e-01 -6.2156e-01
51 0 +6.917043256e+00 +4.886270433e+02 +4.886270433e+02 +1.3029e+00 -1.0096e+00 -4.2056e-01 -2.4758e-01 +3.2409e-01
82 0 +6.397363250e+00 +4.881073632e+02 +4.881073632e+02 +1.2715e+00 -1.5664e+00 -3.6641e-01 -2.5535e-02 -2.7790e-01
99 0 +5.804769369e+00 +4.875147694e+02 +4.875147694e+02 +1.0916e+00 -1.5063e+00 -5.9911e-02 +8.6691e-01 -1.2806e-01
146 0 +4.614378559e+00 +4.863243786e+02 +4.863243786e+02 +1.7310e+00 -2.0566e+00 -9.2864e-01 +7.2968e-01 -1.2750e-01
202 0 +4.292735968e+00 +4.860027360e+02 +4.860027360e+02 +1.2149e+00 -1.5653e+00 -7.0300e-01 +7.2254e-01 +4.5883e-01
225 0 +3.974095327e+00 +4.856840953e+02 +4.856840953e+02 +1.6584e+00 -1.6960e+00 -1.0405e+00 +9.6528e-01 +6.1346e-02
226 0 +3.817342280e+00 +4.855273423e+02 +4.855273423e+02 +1.9019e+00 -1.6851e+00 -1.2051e+00 +9.7753e-01 +1.5793e-01
271 0 +3.608479386e+00 +4.853184794e+02 +4.853184794e+02 +1.0932e+00 -1.5470e+00 -8.8426e-01 +1.0195e+00 -1.5643e-01
273 0 +3.120405702e+00 +4.848304057e+02 +4.848304057e+02 +1.4187e+00 -1.6422e+00 -9.9356e-01 +9.6372e-01 -2.8694e-02
380 0 +3.025667991e+00 +4.847356680e+02 +4.847356680e+02 +1.4100e+00 -1.5739e+00 -1.0790e+00 +9.1787e-01 -5.9364e-02
406 0 +3.018838936e+00 +4.847288389e+02 +4.847288389e+02 +1.3497e+00 -1.5555e+00 -1.0294e+00 +9.8406e-01 -6.2253e-02
718 0 +2.950590281e+00 +4.846605903e+02 +4.846605903e+02 +1.3834e+00 -1.5375e+00 -1.0376e+00 +9.9268e-01 -3.0682e-02
% f evaluations | g evaluations | best noise-free fitness - Fopt (-3.646000000000e+01) + sum g_i+ | measured fitness | best measured fitness or single-digit g-values | x1 | x2...
1 0 +9.679645913e+00 -2.678035409e+01 -2.678035409e+01 +0.0000e+00 +0.0000e+00 +0.0000e+00 +0.0000e+00 +0.0000e+00
7 0 +7.941626739e+00 -2.851837326e+01 -2.851837326e+01 +2.3317e-01 -2.5183e-01 -1.2653e-01 +4.3300e-01 -1.9345e-02
26 0 +6.685105171e+00 -2.977489483e+01 -2.977489483e+01 +1.1395e-01 -4.7122e-01 -6.9683e-01 -4.1606e-01 +1.9217e-01
44 0 +6.196993215e+00 -3.026300679e+01 -3.026300679e+01 +3.9175e-01 -7.1715e-01 -5.5364e-01 -8.3323e-01 +1.4590e-01
48 0 +5.968245537e+00 -3.049175446e+01 -3.049175446e+01 +5.6096e-01 -3.7943e-01 -9.9740e-01 -4.7290e-02 +9.6648e-01
51 0 +4.355760754e+00 -3.210423925e+01 -3.210423925e+01 +9.7497e-01 -1.1018e+00 -5.4261e-01 -5.8980e-01 +1.0129e+00
126 0 +3.319183157e+00 -3.314081684e+01 -3.314081684e+01 +2.1968e-01 -1.8699e+00 +4.2422e-01 +4.2154e-01 -1.5450e-01
158 0 +2.748648207e+00 -3.371135179e+01 -3.371135179e+01 +7.1350e-01 -2.0708e+00 -1.7473e-01 +3.6283e-01 +1.0254e+00
250 0 +2.257404676e+00 -3.420259532e+01 -3.420259532e+01 +3.0594e-01 -2.0304e+00 -5.4603e-02 +4.4371e-01 +1.0965e+00
262 0 +2.004545244e+00 -3.445545476e+01 -3.445545476e+01 +3.5009e-01 -1.9756e+00 -2.1649e-01 +4.2926e-01 +9.6025e-01
275 0 +1.867668235e+00 -3.459233176e+01 -3.459233176e+01 +3.5646e-01 -2.1094e+00 -2.2158e-01 +4.1084e-01 +9.2097e-01
276 0 +1.774989766e+00 -3.468501023e+01 -3.468501023e+01 +2.6263e-01 -2.1881e+00 -1.3193e-01 +5.3075e-01 +7.3344e-01
287 0 +1.723584611e+00 -3.473641539e+01 -3.473641539e+01 +3.5465e-01 -2.2021e+00 -1.3271e-01 +5.8874e-01 +7.2192e-01
289 0 +1.463288759e+00 -3.499671124e+01 -3.499671124e+01 +3.5950e-01 -2.1623e+00 -1.6138e-01 +5.6966e-01 +7.9554e-01
301 0 +1.444362830e+00 -3.501563717e+01 -3.501563717e+01 +3.1797e-01 -2.1697e+00 -1.1842e-01 +5.2079e-01 +7.8147e-01
424 0 +1.296690919e+00 -3.516330908e+01 -3.516330908e+01 +3.2990e-01 -2.1374e+00 -1.4266e-01 +5.1857e-01 +7.9245e-01
443 0 +1.202013172e+00 -3.525798683e+01 -3.525798683e+01 +3.2416e-01 -2.1551e+00 -1.5118e-01 +5.3857e-01 +7.9776e-01
649 0 +1.168370699e+00 -3.529162930e+01 -3.529162930e+01 +3.2794e-01 -2.1545e+00 -1.5397e-01 +5.3828e-01 +8.0168e-01
% f evaluations | g evaluations | best noise-free fitness - Fopt (3.920000000000e+01) + sum g_i+ | measured fitness | best measured fitness or single-digit g-values | x1 | x2...
1 0 +1.883092179e+01 +5.803092179e+01 +5.803092179e+01 +0.0000e+00 +0.0000e+00 +0.0000e+00 +0.0000e+00 +0.0000e+00
2 0 +1.423199756e+01 +5.343199756e+01 +5.343199756e+01 +4.3379e-01 +3.0692e-02 +9.8026e-02 +3.4094e-01 +2.4727e-01
5 0 +1.068313477e+01 +4.988313477e+01 +4.988313477e+01 +5.3256e-02 -2.3477e-01 +7.8699e-02 +1.0710e-01 +2.4729e-01
12 0 +1.011825882e+01 +4.931825882e+01 +4.931825882e+01 +1.7257e-01 +1.9302e-01 -2.9646e-01 +3.6520e-01 -4.2790e-02
35 0 +6.674150996e+00 +4.587415100e+01 +4.587415100e+01 +1.9495e+00 +6.0394e-01 -6.8065e-02 +8.5399e-01 +2.4489e-01
43 0 +6.246979325e+00 +4.544697932e+01 +4.544697932e+01 +3.1653e+00 +8.8819e-01 +5.9256e-02 +1.3791e+00 +9.3154e-01
69 0 +4.593114451e+00 +4.379311445e+01 +4.379311445e+01 +3.7812e+00 +1.3035e+00 -5.0184e-01 +1.6445e+00 +1.9729e+00
113 0 +3.198425903e+00 +4.239842590e+01 +4.239842590e+01 +3.7025e+00 +1.7782e-01 +5.5099e-01 +2.1321e+00 +1.5584e+00
203 0 +2.973703141e+00 +4.217370314e+01 +4.217370314e+01 +4.3658e+00 +8.2974e-01 +9.3590e-01 +2.6342e+00 +2.5767e+00
211 0 +2.756371595e+00 +4.195637160e+01 +4.195637160e+01 +3.8891e+00 +7.0671e-01 +1.0078e+00 +2.6456e+00 +2.4427e+00
265 0 +2.747832433e+00 +4.194783243e+01 +4.194783243e+01 +3.8759e+00 +9.2484e-01 +1.0973e+00 +2.7868e+00 +2.6344e+00
270 0 +2.605024009e+00 +4.180502401e+01 +4.180502401e+01 +4.0599e+00 +1.1129e+00 +1.5801e+00 +2.9668e+00 +3.0431e+00
284 0 +2.274137643e+00 +4.147413764e+01 +4.147413764e+01 +3.7871e+00 +9.1297e-01 +1.0308e+00 +2.7882e+00 +2.6829e+00
315 0 +1.942795528e+00 +4.114279553e+01 +4.114279553e+01 +3.8169e+00 +8.3881e-01 +1.0932e+00 +2.7067e+00 +2.6591e+00
358 0 +1.904633517e+00 +4.110463352e+01 +4.110463352e+01 +3.8219e+00 +8.2893e-01 +1.1368e+00 +2.6422e+00 +2.6816e+00
396 0 +1.855145357e+00 +4.105514536e+01 +4.105514536e+01 +3.8215e+00 +8.1413e-01 +1.0874e+00 +2.7222e+00 +2.6424e+00
550 0 +1.817824935e+00 +4.101782493e+01 +4.101782493e+01 +3.7846e+00 +7.8432e-01 +1.1092e+00 +2.6733e+00 +2.6495e+00
% f evaluations | g evaluations | best noise-free fitness - Fopt (-3.225000000000e+01) + sum g_i+ | measured fitness | best measured fitness or single-digit g-values | x1 | x2...
1 0 +1.255272141e+01 -1.969727859e+01 -1.969727859e+01 +0.0000e+00 +0.0000e+00 +0.0000e+00 +0.0000e+00 +0.0000e+00
16 0 +1.232899063e+01 -1.992100937e+01 -1.992100937e+01 +1.9278e-01 -3.1795e-01 -7.8305e-04 +4.0882e-01 -3.2083e-01
19 0 +9.923981835e+00 -2.232601816e+01 -2.232601816e+01 +3.5125e-01 +8.4323e-02 +1.2458e-01 +5.1595e-01 -1.2367e-01
72 0 +9.354745540e+00 -2.289525446e+01 -2.289525446e+01 +3.7508e-01 +2.5575e-01 -5.1692e-01 +3.5127e-01 +3.2957e-01
133 0 +9.231686793e+00 -2.301831321e+01 -2.301831321e+01 +8.0286e-01 -1.4542e-01 -1.0656e-01 +8.1647e-01 +2.0317e-01
194 0 +8.513872701e+00 -2.373612730e+01 -2.373612730e+01 +8.5550e-01 +8.0234e-02 -7.9580e-02 +8.6000e-01 +2.8796e-01
219 0 +7.951845001e+00 -2.429815500e+01 -2.429815500e+01 +8.0204e-01 +7.6120e-02 +7.7327e-03 +8.4952e-01 +3.2921e-01
273 0 +7.926383740e+00 -2.432361626e+01 -2.432361626e+01 +7.2804e-01 +1.2104e-02 +1.1635e-01 +7.8064e-01 +2.8396e-01
298 0 +7.726152147e+00 -2.452384785e+01 -2.452384785e+01 +7.4931e-01 +2.1645e-02 +1.5449e-01 +8.0183e-01 +2.3568e-01
374 0 +7.567675956e+00 -2.468232404e+01 -2.468232404e+01 +7.3479e-01 +5.3675e-02 +1.7150e-01 +7.8049e-01 +2.4088e-01
520 0 +7.410910283e+00 -2.483908972e+01 -2.483908972e+01 +7.5318e-01 +1.1004e-01 +2.3027e-01 +7.8733e-01 +2.4150e-01
% f evaluations | g evaluations | best noise-free fitness - Fopt (3.681200000000e+02) + sum g_i+ | measured fitness | best measured fitness or single-digit g-values | x1 | x2...
1 0 +1.181838941e+01 +3.799383894e+02 +3.799383894e+02 +0.0000e+00 +0.0000e+00 +0.0000e+00 +0.0000e+00 +0.0000e+00
2 0 +1.173447956e+01 +3.798544796e+02 +3.798544796e+02 +4.3379e-01 +3.0692e-02 +9.8026e-02 +3.4094e-01 +2.4727e-01
3 0 +8.376088173e+00 +3.764960882e+02 +3.764960882e+02 +1.7369e-01 -1.1375e-01 -3.0566e-01 +1.1285e-01 -1.5359e-01
28 0 +8.147223807e+00 +3.762672238e+02 +3.762672238e+02 +5.1046e-01 -3.5215e-02 +1.7208e-01 +1.5756e-01 +1.3478e-01
45 0 +7.283261002e+00 +3.754032610e+02 +3.754032610e+02 +5.5924e-01 -2.1745e-01 -1.9174e-01 -2.0119e-01 -9.1708e-02
68 0 +7.045386649e+00 +3.751653866e+02 +3.751653866e+02 +8.4173e-01 -3.0207e-01 -4.4820e-01 -5.4464e-01 +7.6724e-02
73 0 +6.450647262e+00 +3.745706473e+02 +3.745706473e+02 +6.3975e-01 -2.7797e-01 -2.9303e-01 -2.7636e-01 -7.1183e-02
120 0 +5.830534165e+00 +3.739505342e+02 +3.739505342e+02 +1.0055e+00 -7.4264e-01 -7.0392e-02 +2.1898e-01 -2.1259e-01
141 0 +5.677249430e+00 +3.737972494e+02 +3.737972494e+02 +9.5005e-01 -7.2386e-01 -9.5054e-02 +2.0992e-01 -1.6819e-01
262 0 +5.616920726e+00 +3.737369207e+02 +3.737369207e+02 +9.5467e-01 -6.9408e-01 -1.3186e-01 +1.3783e-01 -4.0192e-02
% f evaluations | g evaluations | best noise-free fitness - Fopt (4.739000000000e+01) + sum g_i+ | measured fitness | best measured fitness or single-digit g-values | x1 | x2...
1 0 +8.165228910e+00 +5.555522891e+01 +5.555522891e+01 +0.0000e+00 +0.0000e+00 +0.0000e+00 +0.0000e+00 +0.0000e+00
2 0 +7.402773323e+00 +5.479277332e+01 +5.479277332e+01 +4.3379e-01 +3.0692e-02 +9.8026e-02 +3.4094e-01 +2.4727e-01
7 0 +5.245547807e+00 +5.263554781e+01 +5.263554781e+01 +2.3317e-01 -2.5183e-01 -1.2653e-01 +4.3300e-01 -1.9345e-02
17 0 +4.887600117e+00 +5.227760012e+01 +5.227760012e+01 +1.2996e-01 +1.4861e-01 -3.8155e-01 +2.6609e-01 -7.1507e-02
22 0 +3.943184389e+00 +5.133318439e+01 +5.133318439e+01 +2.8090e-01 +5.2877e-01 -7.2051e-01 +6.8410e-01 -2.5944e-02
34 0 +2.190482859e+00 +4.958048286e+01 +4.958048286e+01 +7.2918e-01 +8.3881e-01 -6.1158e-01 +1.0055e+00 -3.7951e-01
58 0 +2.021435858e+00 +4.941143586e+01 +4.941143586e+01 +1.6536e-01 +1.1873e+00 -1.2158e+00 +6.7511e-01 +3.4073e-02
% f evaluations | g evaluations | best noise-free fitness - Fopt (-3.428900000000e+02) + sum g_i+ | measured fitness | best measured fitness or single-digit g-values | x1 | x2...
1 0 +3.139104561e+01 -3.114989544e+02 -3.114989544e+02 +0.0000e+00 +0.0000e+00 +0.0000e+00 +0.0000e+00 +0.0000e+00
2 0 +3.020352902e+01 -3.126864710e+02 -3.126864710e+02 +4.3379e-01 +3.0692e-02 +9.8026e-02 +3.4094e-01 +2.4727e-01
3 0 +2.890908160e+01 -3.139809184e+02 -3.139809184e+02 +1.7369e-01 -1.1375e-01 -3.0566e-01 +1.1285e-01 -1.5359e-01
4 0 +2.108142510e+01 -3.218085749e+02 -3.218085749e+02 +2.4817e-01 +6.3376e-02 -2.2359e-01 +8.0318e-02 +2.1275e-01
5 0 +1.994615801e+01 -3.229438420e+02 -3.229438420e+02 +5.3256e-02 -2.3477e-01 +7.8699e-02 +1.0710e-01 +2.4729e-01
18 0 +1.873616240e+01 -3.241538376e+02 -3.241538376e+02 +5.4227e-01 -1.9491e-01 -7.1220e-02 +5.1393e-02 +8.6767e-02
25 0 +1.583815368e+01 -3.270518463e+02 -3.270518463e+02 +5.6088e-01 -1.7998e-01 +6.8343e-02 +1.6148e-01 +3.4466e-02
54 0 +1.496786116e+01 -3.279221388e+02 -3.279221388e+02 +8.1221e-01 -3.4891e-01 -5.5444e-01 +1.3069e-01 -4.6029e-02
75 0 +1.434153718e+01 -3.285484628e+02 -3.285484628e+02 +2.0073e+00 -9.7322e-01 -8.4957e-01 -3.1036e-01 -1.5127e-01
76 0 +1.216495426e+01 -3.307250457e+02 -3.307250457e+02 +9.0865e-01 -5.7419e-01 -6.8954e-01 -8.0223e-01 +4.6277e-01
82 0 +9.639302964e+00 -3.332506970e+02 -3.332506970e+02 +1.1138e+00 -1.4042e+00 -2.1393e-01 -4.2500e-01 -6.1871e-02
98 0 +9.163079281e+00 -3.337269207e+02 -3.337269207e+02 +2.2199e+00 -1.9124e+00 +1.3657e-01 +4.0547e-02 +3.3185e-01
99 0 +8.644172073e+00 -3.342458279e+02 -3.342458279e+02 +1.7625e+00 -1.5906e+00 +1.0684e-01 +3.4977e-01 +3.0365e-01
104 0 +7.215843625e+00 -3.356741564e+02 -3.356741564e+02 +2.5846e+00 -2.0630e+00 +2.3888e-02 -3.5405e-01 -2.5732e-02
106 0 +6.724157006e+00 -3.361658430e+02 -3.361658430e+02 +1.2124e+00 -1.4161e+00 -4.8675e-02 -2.9056e-01 +1.1158e-02
164 0 +5.529528414e+00 -3.373604716e+02 -3.373604716e+02 +2.9885e+00 -2.1012e+00 -3.5581e-01 -5.8914e-01 -2.3534e-01
205 0 +5.106142848e+00 -3.377838572e+02 -3.377838572e+02 +2.5445e+00 -1.7711e+00 -1.6263e-02 -5.5731e-01 -4.6904e-01
230 0 +4.604042631e+00 -3.382859574e+02 -3.382859574e+02 +2.2228e+00 -2.1502e+00 +5.4946e-01 -2.6491e-01 -3.0549e-02
318 0 +4.538913376e+00 -3.383510866e+02 -3.383510866e+02 +1.8112e+00 -2.0707e+00 +6.5641e-01 -6.9360e-01 -3.1773e-01
338 0 +4.141820940e+00 -3.387481791e+02 -3.387481791e+02 +1.7128e+00 -1.9992e+00 +6.3508e-01 -7.7164e-01 -3.5918e-01
353 0 +4.054385335e+00 -3.388356147e+02 -3.388356147e+02 +1.7390e+00 -2.0354e+00 +6.2450e-01 -7.5794e-01 -3.6237e-01
401 0 +3.863539467e+00 -3.390264605e+02 -3.390264605e+02 +1.6686e+00 -2.0574e+00 +5.5447e-01 -9.0329e-01 -4.4057e-01
421 0 +3.771850710e+00 -3.391181493e+02 -3.391181493e+02 +1.6954e+00 -2.1638e+00 +4.8632e-01 -8.9311e-01 -4.0177e-01
425 0 +3.681121365e+00 -3.392088786e+02 -3.392088786e+02 +1.7139e+00 -2.1116e+00 +4.8835e-01 -9.0047e-01 -4.1972e-01
476 0 +3.529788169e+00 -3.393602118e+02 -3.393602118e+02 +1.7409e+00 -2.1159e+00 +5.1925e-01 -9.0375e-01 -4.5022e-01
550 0 +3.433426111e+00 -3.394565739e+02 -3.394565739e+02 +1.7537e+00 -2.1746e+00 +4.7728e-01 -8.9843e-01 -4.6567e-01
612 0 +3.375821410e+00 -3.395141786e+02 -3.395141786e+02 +1.7866e+00 -2.2213e+00 +4.6411e-01 -9.1632e-01 -4.5406e-01
% f evaluations | g evaluations | best noise-free fitness - Fopt (9.102000000000e+01) + sum g_i+ | measured fitness | best measured fitness or single-digit g-values | x1 | x2...
1 0 +1.631214308e+01 +1.073321431e+02 +1.073321431e+02 +0.0000e+00 +0.0000e+00 +0.0000e+00 +0.0000e+00 +0.0000e+00
4 0 +1.290294060e+01 +1.039229406e+02 +1.039229406e+02 +2.4817e-01 +6.3376e-02 -2.2359e-01 +8.0318e-02 +2.1275e-01
7 0 +1.222830130e+01 +1.032483013e+02 +1.032483013e+02 +2.3317e-01 -2.5183e-01 -1.2653e-01 +4.3300e-01 -1.9345e-02
9 0 +1.061468408e+01 +1.016346841e+02 +1.016346841e+02 +1.3026e-01 -3.4678e-02 -1.2610e-01 +1.0852e-01 +8.9456e-02
67 0 +9.188597659e+00 +1.002085977e+02 +1.002085977e+02 +8.9838e-01 +8.1853e-02 +1.1550e-01 -1.1816e-01 -3.5939e-01
201 0 +9.002103357e+00 +1.000221034e+02 +1.000221034e+02 +1.9455e+00 +6.7140e-01 -5.1349e-02 -1.3913e-03 -3.0797e-01
244 0 +7.588326826e+00 +9.860832683e+01 +9.860832683e+01 +1.7143e+00 +8.1947e-01 +4.9718e-02 -6.6914e-02 -3.3664e-01
261 0 +6.857990357e+00 +9.787799036e+01 +9.787799036e+01 +1.7711e+00 +8.6434e-01 +4.3844e-03 -6.8944e-02 -2.8302e-01
352 0 +6.665560707e+00 +9.768556071e+01 +9.768556071e+01 +1.7857e+00 +8.7383e-01 +1.2662e-03 -1.1397e-01 -2.7094e-01
404 0 +6.582541917e+00 +9.760254192e+01 +9.760254192e+01 +1.7891e+00 +8.8377e-01 +7.0589e-04 -8.5380e-02 -2.5566e-01
432 0 +6.413035800e+00 +9.743303580e+01 +9.743303580e+01 +1.7700e+00 +8.5348e-01 +4.4998e-03 -1.0909e-01 -2.0359e-01
% f evaluations | g evaluations | best noise-free fitness - Fopt (7.324200000000e+02) + sum g_i+ | measured fitness | best measured fitness or single-digit g-values | x1 | x2...
1 0 +2.499022759e+01 +7.574102276e+02 +7.574102276e+02 +0.0000e+00 +0.0000e+00 +0.0000e+00 +0.0000e+00 +0.0000e+00
2 0 +2.198960303e+01 +7.544096030e+02 +7.544096030e+02 +4.3379e-01 +3.0692e-02 +9.8026e-02 +3.4094e-01 +2.4727e-01
6 0 +1.611245919e+01 +7.485324592e+02 +7.485324592e+02 +2.1661e-01 -2.7248e-01 -1.4933e-01 +1.8171e-01 -5.0930e-01
23 0 +1.538038057e+01 +7.478003806e+02 +7.478003806e+02 +7.9765e-01 -1.6136e-01 -4.4362e-01 +4.9181e-01 -7.3857e-01
86 0 +1.479324453e+01 +7.472132445e+02 +7.472132445e+02 +1.6398e+00 +3.2199e-01 -7.2408e-01 +2.1360e-02 -8.9628e-01
90 0 +1.453073256e+01 +7.469507326e+02 +7.469507326e+02 +1.3664e+00 -1.0390e-01 -1.7127e-01 +4.5641e-01 -4.2336e-01
98 0 +1.397895451e+01 +7.463989545e+02 +7.463989545e+02 +1.6072e+00 -2.8228e-01 +2.5602e-02 +2.5548e-01 -7.4140e-01
100 0 +1.371774977e+01 +7.461377498e+02 +7.461377498e+02 +1.6451e+00 -2.0383e-01 +3.8178e-02 +2.1412e-01 -8.1301e-01
105 0 +1.334223130e+01 +7.457622313e+02 +7.457622313e+02 +1.7083e+00 -2.6703e-01 -1.9617e-03 +1.7531e-01 -8.8222e-01
146 0 +1.185158485e+01 +7.442715849e+02 +7.442715849e+02 +2.1355e+00 -6.4347e-01 -1.7759e-01 +5.2981e-01 -1.6466e+00
155 0 +1.043829087e+01 +7.428582909e+02 +7.428582909e+02 +1.6014e+00 -1.2962e-02 -2.5386e-01 +5.8521e-01 -1.2416e+00
194 0 +8.154864335e+00 +7.405748643e+02 +7.405748643e+02 +2.4775e+00 +8.3724e-02 -4.0814e-01 +7.0441e-01 -2.4130e+00
% f evaluations | g evaluations | best noise-free fitness - Fopt (3.542000000000e+01) + sum g_i+ | measured fitness | best measured fitness or single-digit g-values | x1 | x2...
1 0 +3.624426383e+01 +7.166426383e+01 +7.166426383e+01 +0.0000e+00 +0.0000e+00 +0.0000e+00 +0.0000e+00 +0.0000e+00
2 0 +2.341021507e+01 +5.883021507e+01 +5.883021507e+01 +4.3379e-01 +3.0692e-02 +9.8026e-02 +3.4094e-01 +2.4727e-01
6 0 +2.162240261e+01 +5.704240261e+01 +5.704240261e+01 +2.1661e-01 -2.7248e-01 -1.4933e-01 +1.8171e-01 -5.0930e-01
10 0 +1.655487391e+01 +5.197487391e+01 +5.197487391e+01 +9.1006e-01 +8.0561e-02 +6.1412e-02 +4.1870e-01 +1.3254e-01
31 0 +1.366354580e+01 +4.908354580e+01 +4.908354580e+01 +9.6868e-01 +7.8035e-02 -6.7305e-01 +5.2758e-01 +6.9870e-01
34 0 +7.904358062e+00 +4.332435806e+01 +4.332435806e+01 +1.5740e+00 +4.7754e-01 -7.4734e-01 +1.2044e+00 -1.9060e-01
46 0 +6.786075441e+00 +4.220607544e+01 +4.220607544e+01 +1.5608e+00 -2.3970e-01 -1.7753e+00 +1.5320e+00 +5.1242e-01
47 0 +5.566550912e+00 +4.098655091e+01 +4.098655091e+01 +1.5596e+00 +5.1342e-01 -1.3765e+00 +1.2610e+00 -7.3033e-01
54 0 +3.405255107e+00 +3.882525511e+01 +3.882525511e+01 +1.6031e+00 +1.4973e-01 -2.3795e+00 +1.5602e+00 -2.5684e-02
89 0 +3.286134816e+00 +3.870613482e+01 +3.870613482e+01 +3.5135e+00 -4.8492e-02 -3.2837e+00 +1.9024e+00 +1.9018e-01
167 0 +3.058703475e+00 +3.847870347e+01 +3.847870347e+01 +3.3461e+00 -1.0241e+00 -2.1917e+00 +1.0581e+00 -5.9808e-02
169 0 +2.268794641e+00 +3.768879464e+01 +3.768879464e+01 +2.6851e+00 -6.8433e-01 -2.2023e+00 +9.7255e-01 +5.3884e-02
174 0 +2.232905199e+00 +3.765290520e+01 +3.765290520e+01 +3.0174e+00 -5.2677e-01 -2.4614e+00 +1.1223e+00 +4.5511e-01
176 0 +1.546038568e+00 +3.696603857e+01 +3.696603857e+01 +2.3013e+00 -8.2485e-01 -2.2185e+00 +1.0222e+00 +3.5527e-01
256 0 +1.371458232e+00 +3.679145823e+01 +3.679145823e+01 +2.3006e+00 -4.6228e-01 -2.4823e+00 +9.0366e-01 +6.1593e-01
262 0 +1.338316801e+00 +3.675831680e+01 +3.675831680e+01 +2.3242e+00 -6.1960e-01 -2.3774e+00 +9.6885e-01 +5.4197e-01
265 0 +8.923882957e-01 +3.631238830e+01 +3.631238830e+01 +2.1369e+00 -5.0789e-01 -2.4042e+00 +9.3442e-01 +6.5300e-01
268 0 +7.142297565e-01 +3.613422976e+01 +3.613422976e+01 +2.1717e+00 -5.5964e-01 -2.5582e+00 +8.0041e-01 +7.0150e-01
329 0 +7.071190564e-01 +3.612711906e+01 +3.612711906e+01 +2.2084e+00 -5.8486e-01 -2.4487e+00 +7.4451e-01 +7.4579e-01
362 0 +6.333216194e-01 +3.605332162e+01 +3.605332162e+01 +2.2001e+00 -5.5325e-01 -2.4215e+00 +7.2700e-01 +7.1490e-01
377 0 +4.618043714e-01 +3.588180437e+01 +3.588180437e+01 +2.2275e+00 -5.2990e-01 -2.4671e+00 +7.5346e-01 +7.1264e-01
401 0 +4.107315046e-01 +3.583073150e+01 +3.583073150e+01 +2.2159e+00 -5.1953e-01 -2.4792e+00 +7.3453e-01 +7.2842e-01
473 0 +3.825272418e-01 +3.580252724e+01 +3.580252724e+01 +2.2225e+00 -5.0276e-01 -2.5000e+00 +7.3059e-01 +7.0791e-01
582 0 +3.708897841e-01 +3.579088978e+01 +3.579088978e+01 +2.2184e+00 -4.9093e-01 -2.5095e+00 +7.4062e-01 +7.0761e-01
