% f evaluations | g evaluations | best noise-free fitness - Fopt (2.997000000000e+01) + sum g_i+ | measured fitness | best measured fitness or single-digit g-values | x1 | x2...
1 0 +3.715498553e+02 +4.015198553e+02 +4.015198553e+02 +0.0000e+00 +0.0000e+00
2 0 +2.598438823e+02 +2.898138823e+02 +2.898138823e+02 +4.3379e-01 +3.0692e-02
9 0 +2.431976014e+02 +2.731676014e+02 +2.731676014e+02 +5.3630e-01 +1.4690e-01
12 0 +2.207949579e+02 +2.507649579e+02 +2.507649579e+02 +5.2436e-01 -1.4160e-01
16 0 +1.223989025e+02 +1.523689025e+02 +1.523689025e+02 +9.8724e-01 +1.2127e-01
24 0 +4.051050543e+01 +7.048050543e+01 +7.048050543e+01 +1.3466e+00 +2.6187e-01
26 0 +1.596917899e+01 +4.593917899e+01 +4.593917899e+01 +1.3600e+00 +1.7889e-02
30 0 +2.781423193e+00 +3.275142319e+01 +3.275142319e+01 +1.2626e+00 -4.3738e-01
592 0 +1.856138903e+00 +3.182613890e+01 +3.182613890e+01 +1.0159e+00 -1.2246e+00
830 0 +1.818474217e+00 +3.178847422e+01 +3.178847422e+01 +9.7957e-01 -1.3415e+00
846 0 +1.763099386e+00 +3.173309939e+01 +3.173309939e+01 +9.7883e-01 -1.3445e+00
860 0 +1.713027310e+00 +3.168302731e+01 +3.168302731e+01 +1.0123e+00 -1.2381e+00
866 0 +1.633332873e+00 +3.160333287e+01 +3.160333287e+01 +9.9526e-01 -1.2935e+00
872 0 +1.555957847e+00 +3.152595785e+01 +3.152595785e+01 +9.9935e-01 -1.2814e+00
894 0 +1.516831867e+00 +3.148683187e+01 +3.148683187e+01 +1.0454e+00 -1.1350e+00
896 0 +1.411987346e+00 +3.138198735e+01 +3.138198735e+01 +1.0263e+00 -1.1969e+00
902 0 +1.280828169e+00 +3.125082817e+01 +3.125082817e+01 +1.0413e+00 -1.1508e+00
931 0 +1.252818280e+00 +3.122281828e+01 +3.122281828e+01 +1.0645e+00 -1.0776e+00
932 0 +1.189355543e+00 +3.115935554e+01 +3.115935554e+01 +1.1140e+00 -9.2158e-01
934 0 +1.157763661e+00 +3.112776366e+01 +3.112776366e+01 +1.1173e+00 -9.1156e-01
941 0 +1.125714899e+00 +3.109571490e+01 +3.109571490e+01 +1.1075e+00 -9.4269e-01
945 0 +1.099338506e+00 +3.106933851e+01 +3.106933851e+01 +1.1225e+00 -8.9565e-01
993 0 +1.094398693e+00 +3.106439869e+01 +3.106439869e+01 +1.1176e+00 -9.1119e-01
999 0 +1.024498480e+00 +3.099449848e+01 +3.099449848e+01 +1.1147e+00 -9.2133e-01
1005 0 +1.014397183e+00 +3.098439718e+01 +3.098439718e+01 +1.1217e+00 -8.9922e-01
1010 0 +8.763088722e-01 +3.084630887e+01 +3.084630887e+01 +1.1049e+00 -9.5423e-01
1019 0 +8.089753894e-01 +3.077897539e+01 +3.077897539e+01 +1.0763e+00 -1.0455e+00
1026 0 +7.565174624e-01 +3.072651746e+01 +3.072651746e+01 +1.0790e+00 -1.0396e+00
1029 0 +6.856573806e-01 +3.065565738e+01 +3.065565738e+01 +1.0752e+00 -1.0504e+00
1034 0 +6.688382329e-01 +3.063883823e+01 +3.063883823e+01 +1.0625e+00 -1.0911e+00
1036 0 +5.461094558e-01 +3.051610946e+01 +3.051610946e+01 +1.0548e+00 -1.1176e+00
1038 0 +4.626903426e-01 +3.043269034e+01 +3.043269034e+01 +1.0335e+00 -1.1872e+00
1048 0 +1.236237186e-01 +3.009362372e+01 +3.009362372e+01 +9.5346e-01 -1.4472e+00
1066 0 +5.890570778e-02 +3.002890571e+01 +3.002890571e+01 +8.4054e-01 -1.8146e+00
1112 0 +5.224568511e-02 +3.002224569e+01 +3.002224569e+01 +8.3822e-01 -1.8221e+00
1113 0 +1.076009632e-02 +2.998076010e+01 +2.998076010e+01 +8.7653e-01 -1.6972e+00
1138 0 +6.623470538e-03 +2.997662347e+01 +2.997662347e+01 +8.6677e-01 -1.7287e+00
1180 0 +1.095551709e-03 +2.997109555e+01 +2.997109555e+01 +8.8168e-01 -1.6803e+00
1233 0 +5.467112266e-04 +2.997054671e+01 +2.997054671e+01 +8.7688e-01 -1.6960e+00
1243 0 +2.486006712e-04 +2.997024860e+01 +2.997024860e+01 +8.7490e-01 -1.7024e+00
1262 0 +1.967818232e-04 +2.997019678e+01 +2.997019678e+01 +8.7105e-01 -1.7149e+00
1264 0 +1.114644435e-04 +2.997011146e+01 +2.997011146e+01 +8.7426e-01 -1.7044e+00
1300 0 +1.071269273e-04 +2.997010713e+01 +2.997010713e+01 +8.7195e-01 -1.7120e+00
1366 0 +9.817891498e-05 +2.997009818e+01 +2.997009818e+01 +8.7276e-01 -1.7093e+00
1367 0 +8.221255697e-05 +2.997008221e+01 +2.997008221e+01 +8.7342e-01 -1.7072e+00
1369 0 +6.984065105e-05 +2.997006984e+01 +2.997006984e+01 +8.7246e-01 -1.7103e+00
1379 0 +5.894121971e-05 +2.997005894e+01 +2.997005894e+01 +8.7414e-01 -1.7048e+00
1382 0 +2.852016432e-05 +2.997002852e+01 +2.997002852e+01 +8.7479e-01 -1.7027e+00
1419 0 +1.303547347e-05 +2.997001304e+01 +2.997001304e+01 +8.7352e-01 -1.7069e+00
1425 0 +7.045953474e-06 +2.997000705e+01 +2.997000705e+01 +8.7412e-01 -1.7049e+00
1460 0 +3.800804940e-06 +2.997000380e+01 +2.997000380e+01 +8.7403e-01 -1.7052e+00
1477 0 +3.434250520e-06 +2.997000343e+01 +2.997000343e+01 +8.7409e-01 -1.7050e+00
1496 0 +1.141280848e-06 +2.997000114e+01 +2.997000114e+01 +8.7444e-01 -1.7039e+00
1518 0 +5.097296381e-07 +2.997000051e+01 +2.997000051e+01 +8.7433e-01 -1.7042e+00
1551 0 +4.105628264e-07 +2.997000041e+01 +2.997000041e+01 +8.7440e-01 -1.7040e+00
1556 0 +2.565956230e-07 +2.997000026e+01 +2.997000026e+01 +8.7437e-01 -1.7041e+00
1575 0 +1.381986117e-07 +2.997000014e+01 +2.997000014e+01 +8.7444e-01 -1.7039e+00
1584 0 +1.026269203e-07 +2.997000010e+01 +2.997000010e+01 +8.7447e-01 -1.7038e+00
1593 0 +9.742582563e-08 +2.997000010e+01 +2.997000010e+01 +8.7446e-01 -1.7038e+00
1596 0 +5.752902865e-08 +2.997000006e+01 +2.997000006e+01 +8.7440e-01 -1.7040e+00
1602 0 +2.766763885e-08 +2.997000003e+01 +2.997000003e+01 +8.7444e-01 -1.7039e+00
1644 0 +2.249305098e-08 +2.997000002e+01 +2.997000002e+01 +8.7443e-01 -1.7039e+00
1659 0 +1.501558700e-08 +2.997000002e+01 +2.997000002e+01 +8.7443e-01 -1.7039e+00
1668 0 +1.264870164e-08 +2.997000001e+01 +2.997000001e+01 +8.7441e-01 -1.7040e+00
1669 0 +5.726889185e-09 +2.997000001e+01 +2.997000001e+01 +8.7441e-01 -1.7040e+00
2285 0 +0.000000000e+00 +2.997000000e+01 +2.997000000e+01 +8.7440e-01 -1.7040e+00
% f evaluations | g evaluations | best noise-free fitness - Fopt (-5.171000000000e+01) + sum g_i+ | measured fitness | best measured fitness or single-digit g-values | x1 | x2...
1 0 +8.787843953e+01 +3.616843953e+01 +3.616843953e+01 +0.0000e+00 +0.0000e+00
3 0 +5.744439279e+01 +5.734392794e+00 +5.734392794e+00 +9.8026e-02 +3.4094e-01
32 0 +5.586125830e+01 +4.151258301e+00 +4.151258301e+00 +2.7688e-01 +4.4240e-01
40 0 +5.055650151e+01 -1.153498487e+00 -1.153498487e+00 +2.8902e-01 +4.8875e-01
47 0 +4.966678540e+01 -2.043214603e+00 -2.043214603e+00 +2.7642e-01 +5.3695e-01
53 0 +4.640792580e+01 -5.302074204e+00 -5.302074204e+00 +4.0542e-01 +6.1705e-01
75 0 +4.124713504e+01 -1.046286496e+01 -1.046286496e+01 +6.1208e-01 +8.3316e-01
92 0 +2.800980145e+01 -2.370019855e+01 -2.370019855e+01 +9.4267e-01 +1.3041e+00
101 0 +1.617996172e+01 -3.553003828e+01 -3.553003828e+01 +1.4111e+00 +1.8272e+00
109 0 +1.445894424e+01 -3.725105576e+01 -3.725105576e+01 +1.6114e+00 +2.0750e+00
120 0 +9.838856724e+00 -4.187114328e+01 -4.187114328e+01 +2.9417e+00 +3.5926e+00
133 0 +2.237919494e+00 -4.947208051e+01 -4.947208051e+01 +2.9078e+00 +3.4623e+00
175 0 +1.485108468e+00 -5.022489153e+01 -5.022489153e+01 +2.2161e+00 +2.6927e+00
182 0 +9.246728652e-01 -5.078532713e+01 -5.078532713e+01 +2.7433e+00 +3.2831e+00
183 0 +7.638509073e-01 -5.094614909e+01 -5.094614909e+01 +2.7281e+00 +3.2672e+00
197 0 +9.641870868e-03 -5.170035813e+01 -5.170035813e+01 +2.5909e+00 +3.1180e+00
302 0 +5.963136542e-03 -5.170403686e+01 -5.170403686e+01 +2.6013e+00 +3.1298e+00
307 0 +3.156982171e-03 -5.170684302e+01 -5.170684302e+01 +2.5988e+00 +3.1269e+00
359 0 +2.977188772e-03 -5.170702281e+01 -5.170702281e+01 +2.6052e+00 +3.1342e+00
363 0 +1.787088203e-03 -5.170821291e+01 -5.170821291e+01 +2.6162e+00 +3.1466e+00
371 0 +1.401418767e-03 -5.170859858e+01 -5.170859858e+01 +2.6130e+00 +3.1429e+00
390 0 +4.120353715e-04 -5.170958796e+01 -5.170958796e+01 +2.6098e+00 +3.1394e+00
468 0 +3.998486954e-04 -5.170960015e+01 -5.170960015e+01 +2.6105e+00 +3.1402e+00
485 0 +3.946572913e-04 -5.170960534e+01 -5.170960534e+01 +2.6107e+00 +3.1404e+00
488 0 +3.797195146e-04 -5.170962028e+01 -5.170962028e+01 +2.6105e+00 +3.1401e+00
497 0 +3.418223263e-04 -5.170965818e+01 -5.170965818e+01 +2.6103e+00 +3.1399e+00
542 0 +3.385797679e-04 -5.170966142e+01 -5.170966142e+01 +2.6102e+00 +3.1398e+00
566 0 +3.295650047e-04 -5.170967043e+01 -5.170967043e+01 +2.6101e+00 +3.1397e+00
572 0 +3.213496823e-04 -5.170967865e+01 -5.170967865e+01 +2.6100e+00 +3.1396e+00
574 0 +3.113276865e-04 -5.170968867e+01 -5.170968867e+01 +2.6100e+00 +3.1395e+00
584 0 +3.019501882e-04 -5.170969805e+01 -5.170969805e+01 +2.6097e+00 +3.1393e+00
585 0 +2.797718887e-04 -5.170972023e+01 -5.170972023e+01 +2.6096e+00 +3.1391e+00
587 0 +2.671917035e-04 -5.170973281e+01 -5.170973281e+01 +2.6095e+00 +3.1391e+00
592 0 +2.068234427e-04 -5.170979318e+01 -5.170979318e+01 +2.6085e+00 +3.1379e+00
599 0 +1.729981566e-04 -5.170982700e+01 -5.170982700e+01 +2.6076e+00 +3.1368e+00
602 0 +1.039196820e-04 -5.170989608e+01 -5.170989608e+01 +2.6049e+00 +3.1338e+00
608 0 +9.982899725e-05 -5.170990017e+01 -5.170990017e+01 +2.6067e+00 +3.1358e+00
615 0 +8.156270422e-05 -5.170991844e+01 -5.170991844e+01 +2.6059e+00 +3.1349e+00
619 0 +6.911987739e-05 -5.170993088e+01 -5.170993088e+01 +2.6036e+00 +3.1323e+00
627 0 +5.398576889e-05 -5.170994601e+01 -5.170994601e+01 +2.6041e+00 +3.1329e+00
648 0 +4.664557964e-05 -5.170995335e+01 -5.170995335e+01 +2.6044e+00 +3.1332e+00
661 0 +3.407925607e-05 -5.170996592e+01 -5.170996592e+01 +2.6051e+00 +3.1340e+00
681 0 +3.088475654e-05 -5.170996912e+01 -5.170996912e+01 +2.6055e+00 +3.1345e+00
683 0 +1.769582629e-05 -5.170998230e+01 -5.170998230e+01 +2.6040e+00 +3.1328e+00
697 0 +4.786304714e-06 -5.170999521e+01 -5.170999521e+01 +2.6044e+00 +3.1332e+00
724 0 +3.871686403e-06 -5.170999613e+01 -5.170999613e+01 +2.6042e+00 +3.1330e+00
726 0 +2.983270626e-06 -5.170999702e+01 -5.170999702e+01 +2.6044e+00 +3.1333e+00
730 0 +2.443821494e-06 -5.170999756e+01 -5.170999756e+01 +2.6039e+00 +3.1327e+00
749 0 +1.742424502e-06 -5.170999826e+01 -5.170999826e+01 +2.6038e+00 +3.1326e+00
755 0 +1.567547045e-06 -5.170999843e+01 -5.170999843e+01 +2.6040e+00 +3.1328e+00
758 0 +8.626839829e-07 -5.170999914e+01 -5.170999914e+01 +2.6037e+00 +3.1325e+00
774 0 +4.014105528e-07 -5.170999960e+01 -5.170999960e+01 +2.6039e+00 +3.1327e+00
797 0 +9.328985584e-08 -5.170999991e+01 -5.170999991e+01 +2.6039e+00 +3.1327e+00
901 0 +6.746171266e-08 -5.170999993e+01 -5.170999993e+01 +2.6039e+00 +3.1327e+00
906 0 +4.254120967e-08 -5.170999996e+01 -5.170999996e+01 +2.6039e+00 +3.1327e+00
909 0 +7.033428062e-09 -5.170999999e+01 -5.170999999e+01 +2.6040e+00 +3.1328e+00
% f evaluations | g evaluations | best noise-free fitness - Fopt (-2.799500000000e+02) + sum g_i+ | measured fitness | best measured fitness or single-digit g-values | x1 | x2...
1 0 +5.395532116e+02 +2.596032116e+02 +2.596032116e+02 +0.0000e+00 +0.0000e+00
2 0 +5.188194087e+02 +2.388694087e+02 +2.388694087e+02 +4.3379e-01 +3.0692e-02
5 0 +4.872143335e+02 +2.072643335e+02 +2.072643335e+02 -1.1375e-01 -3.0566e-01
12 0 +4.481428169e+02 +1.681928169e+02 +1.681928169e+02 +3.3015e-01 -3.6944e-01
22 0 +4.389750482e+02 +1.590250482e+02 +1.590250482e+02 +3.6471e-01 -4.0693e-01
25 0 +4.212972346e+02 +1.413472346e+02 +1.413472346e+02 +4.8007e-01 -4.6522e-01
26 0 +3.952768180e+02 +1.153268180e+02 +1.153268180e+02 +5.9376e-01 -5.6927e-01
30 0 +3.324594208e+02 +5.250942079e+01 +5.250942079e+01 +6.7961e-01 -8.7903e-01
33 0 +1.257765697e+02 -1.541734303e+02 -1.541734303e+02 +1.5369e+00 -1.7977e+00
62 0 +9.532354099e+01 -1.846264590e+02 -1.846264590e+02 +1.5555e+00 -1.9651e+00
80 0 +8.028097043e+01 -1.996690296e+02 -1.996690296e+02 +1.5571e+00 -2.1863e+00
107 0 +7.856815196e+01 -2.013818480e+02 -2.013818480e+02 +1.4383e+00 -2.0846e+00
125 0 +7.152137501e+01 -2.084286250e+02 -2.084286250e+02 +1.6185e+00 -2.1183e+00
146 0 +6.764985867e+01 -2.123001413e+02 -2.123001413e+02 +1.4772e+00 -2.1674e+00
163 0 +6.750424970e+01 -2.124457503e+02 -2.124457503e+02 +1.5149e+00 -2.1309e+00
640 0 +6.597992109e+01 -2.139700789e+02 -2.139700789e+02 +1.5242e+00 -2.1375e+00
667 0 +6.396624661e+01 -2.159837534e+02 -2.159837534e+02 +1.4370e+00 -2.1673e+00
682 0 +6.289493474e+01 -2.170550653e+02 -2.170550653e+02 +1.3898e+00 -2.1834e+00
686 0 +6.011871811e+01 -2.198312819e+02 -2.198312819e+02 +1.2654e+00 -2.2258e+00
693 0 +5.872326435e+01 -2.212267356e+02 -2.212267356e+02 +1.2014e+00 -2.2476e+00
700 0 +5.153143738e+01 -2.284185626e+02 -2.284185626e+02 +8.5563e-01 -2.3657e+00
706 0 +4.940947393e+01 -2.305405261e+02 -2.305405261e+02 +7.4750e-01 -2.4025e+00
707 0 +4.700767041e+01 -2.329423296e+02 -2.329423296e+02 +6.2093e-01 -2.4457e+00
710 0 +4.415319959e+01 -2.357968004e+02 -2.357968004e+02 +4.6502e-01 -2.4989e+00
712 0 +2.861275876e+01 -2.513372412e+02 -2.513372412e+02 -5.4966e-01 -2.8451e+00
716 0 +2.130027298e+01 -2.586497270e+02 -2.586497270e+02 -1.2128e+00 -3.0714e+00
723 0 +1.300452151e+01 -2.669454785e+02 -2.669454785e+02 -3.3443e+00 -3.7988e+00
781 0 +1.279214935e+01 -2.671578506e+02 -2.671578506e+02 -3.1724e+00 -3.7402e+00
1084 0 +1.250545946e+01 -2.674445405e+02 -2.674445405e+02 -3.2680e+00 -3.7747e+00
1099 0 +1.222464519e+01 -2.677253548e+02 -2.677253548e+02 -3.3008e+00 -3.7875e+00
1117 0 +1.198430714e+01 -2.679656929e+02 -2.679656929e+02 -3.1483e+00 -3.7360e+00
1146 0 +1.169686264e+01 -2.682531374e+02 -2.682531374e+02 -3.0948e+00 -3.7191e+00
1160 0 +1.137507668e+01 -2.685749233e+02 -2.685749233e+02 -3.0499e+00 -3.7053e+00
1170 0 +1.114300140e+01 -2.688069986e+02 -2.688069986e+02 -2.8872e+00 -3.6513e+00
1174 0 +1.091326889e+01 -2.690367311e+02 -2.690367311e+02 -3.1058e+00 -3.7268e+00
1178 0 +1.059982443e+01 -2.693501756e+02 -2.693501756e+02 -3.0603e+00 -3.7128e+00
1184 0 +9.129128943e+00 -2.708208711e+02 -2.708208711e+02 -2.8943e+00 -3.6639e+00
1191 0 +8.555408497e+00 -2.713945915e+02 -2.713945915e+02 -2.7856e+00 -3.6304e+00
1192 0 +6.914563865e+00 -2.730354361e+02 -2.730354361e+02 -2.7327e+00 -3.6211e+00
1199 0 +6.634390358e+00 -2.733156096e+02 -2.733156096e+02 -2.4406e+00 -3.5266e+00
1203 0 +3.757444395e+00 -2.761925556e+02 -2.761925556e+02 -2.5464e+00 -3.5758e+00
1220 0 +2.501043365e+00 -2.774489566e+02 -2.774489566e+02 -2.9948e+00 -3.7315e+00
1247 0 +2.396648543e+00 -2.775533515e+02 -2.775533515e+02 -2.7136e+00 -3.6378e+00
1272 0 +2.243149599e+00 -2.777068504e+02 -2.777068504e+02 -2.6871e+00 -3.6306e+00
1278 0 +1.878222609e+00 -2.780717774e+02 -2.780717774e+02 -2.8082e+00 -3.6719e+00
1280 0 +1.675819203e+00 -2.782741808e+02 -2.782741808e+02 -2.8370e+00 -3.6826e+00
1293 0 +1.565291869e+00 -2.783847081e+02 -2.783847081e+02 -2.9652e+00 -3.7262e+00
1306 0 +1.280118517e+00 -2.786698815e+02 -2.786698815e+02 -2.9352e+00 -3.7176e+00
1307 0 +8.966652421e-01 -2.790533348e+02 -2.790533348e+02 -3.0233e+00 -3.7495e+00
1311 0 +8.788969959e-01 -2.790711030e+02 -2.790711030e+02 -3.1090e+00 -3.7809e+00
1314 0 +5.387772380e-01 -2.794112228e+02 -2.794112228e+02 -3.1928e+00 -3.8090e+00
1321 0 +3.797117056e-01 -2.795702883e+02 -2.795702883e+02 -3.7234e+00 -3.9993e+00
1324 0 +2.467168012e-01 -2.797032832e+02 -2.797032832e+02 -3.8137e+00 -4.0303e+00
1346 0 +6.058010753e-02 -2.798894199e+02 -2.798894199e+02 -3.7527e+00 -4.0080e+00
1417 0 +3.116999435e-02 -2.799188300e+02 -2.799188300e+02 -3.6854e+00 -3.9839e+00
1483 0 +2.525077905e-02 -2.799247492e+02 -2.799247492e+02 -3.5187e+00 -3.9250e+00
1486 0 +2.298007719e-02 -2.799270199e+02 -2.799270199e+02 -3.5218e+00 -3.9260e+00
1595 0 +2.282748125e-02 -2.799271725e+02 -2.799271725e+02 -3.5235e+00 -3.9267e+00
1604 0 +2.176509730e-02 -2.799282349e+02 -2.799282349e+02 -3.5267e+00 -3.9278e+00
1606 0 +2.092062142e-02 -2.799290794e+02 -2.799290794e+02 -3.5268e+00 -3.9278e+00
1610 0 +1.791555705e-02 -2.799320844e+02 -2.799320844e+02 -3.5436e+00 -3.9338e+00
1614 0 +1.620901266e-02 -2.799337910e+02 -2.799337910e+02 -3.5407e+00 -3.9327e+00
1661 0 +1.552128828e-02 -2.799344787e+02 -2.799344787e+02 -3.5451e+00 -3.9343e+00
1665 0 +1.125896839e-02 -2.799387410e+02 -2.799387410e+02 -3.5729e+00 -3.9441e+00
1671 0 +1.079578484e-02 -2.799392042e+02 -2.799392042e+02 -3.5621e+00 -3.9403e+00
1673 0 +9.923226814e-03 -2.799400768e+02 -2.799400768e+02 -3.6118e+00 -3.9579e+00
1685 0 +9.014025593e-03 -2.799409860e+02 -2.799409860e+02 -3.5599e+00 -3.9396e+00
1724 0 +8.800604924e-03 -2.799411994e+02 -2.799411994e+02 -3.5909e+00 -3.9505e+00
1730 0 +7.411593086e-03 -2.799425884e+02 -2.799425884e+02 -3.5979e+00 -3.9530e+00
1737 0 +6.854145241e-03 -2.799431459e+02 -2.799431459e+02 -3.5822e+00 -3.9474e+00
1743 0 +5.784534506e-03 -2.799442155e+02 -2.799442155e+02 -3.6087e+00 -3.9568e+00
1746 0 +3.699692511e-03 -2.799463003e+02 -2.799463003e+02 -3.6075e+00 -3.9564e+00
1749 0 +1.926405605e-03 -2.799480736e+02 -2.799480736e+02 -3.6028e+00 -3.9548e+00
1750 0 +7.420981161e-04 -2.799492579e+02 -2.799492579e+02 -3.6073e+00 -3.9564e+00
1799 0 +7.005460684e-04 -2.799492995e+02 -2.799492995e+02 -3.6140e+00 -3.9587e+00
1809 0 +4.757994685e-04 -2.799495242e+02 -2.799495242e+02 -3.6189e+00 -3.9605e+00
1826 0 +4.351627624e-04 -2.799495648e+02 -2.799495648e+02 -3.6183e+00 -3.9603e+00
1827 0 +3.423032478e-04 -2.799496577e+02 -2.799496577e+02 -3.6240e+00 -3.9623e+00
1832 0 +3.366242120e-04 -2.799496634e+02 -2.799496634e+02 -3.6087e+00 -3.9569e+00
1860 0 +2.547300468e-04 -2.799497453e+02 -2.799497453e+02 -3.6128e+00 -3.9583e+00
1861 0 +1.875875603e-04 -2.799498124e+02 -2.799498124e+02 -3.6099e+00 -3.9573e+00
1865 0 +1.325740915e-04 -2.799498674e+02 -2.799498674e+02 -3.6156e+00 -3.9593e+00
1888 0 +4.362805782e-05 -2.799499564e+02 -2.799499564e+02 -3.6135e+00 -3.9585e+00
1907 0 +1.947816457e-05 -2.799499805e+02 -2.799499805e+02 -3.6153e+00 -3.9592e+00
1919 0 +6.345338591e-06 -2.799499937e+02 -2.799499937e+02 -3.6167e+00 -3.9597e+00
1934 0 +2.229924917e-06 -2.799499978e+02 -2.799499978e+02 -3.6178e+00 -3.9601e+00
1985 0 +9.856234442e-07 -2.799499990e+02 -2.799499990e+02 -3.6173e+00 -3.9599e+00
2042 0 +7.617603615e-07 -2.799499992e+02 -2.799499992e+02 -3.6173e+00 -3.9599e+00
2081 0 +7.355719163e-07 -2.799499993e+02 -2.799499993e+02 -3.6171e+00 -3.9598e+00
2091 0 +5.860715078e-07 -2.799499994e+02 -2.799499994e+02 -3.6172e+00 -3.9598e+00
2127 0 +5.722841934e-07 -2.799499994e+02 -2.799499994e+02 -3.6172e+00 -3.9598e+00
2134 0 +5.312109579e-07 -2.799499995e+02 -2.799499995e+02 -3.6172e+00 -3.9599e+00
2138 0 +5.090706168e-07 -2.799499995e+02 -2.799499995e+02 -3.6173e+00 -3.9599e+00
2153 0 +3.309448857e-07 -2.799499997e+02 -2.799499997e+02 -3.6173e+00 -3.9599e+00
2159 0 +1.408176331e-07 -2.799499999e+02 -2.799499999e+02 -3.6174e+00 -3.9599e+00
2168 0 +3.214353228e-08 -2.799500000e+02 -2.799500000e+02 -3.6175e+00 -3.9600e+00
2216 0 +2.782525144e-08 -2.799500000e+02 -2.799500000e+02 -3.6176e+00 -3.9600e+00
2224 0 +2.690939027e-08 -2.799500000e+02 -2.799500000e+02 -3.6176e+00 -3.9600e+00
2240 0 +3.801858384e-09 -2.799500000e+02 -2.799500000e+02 -3.6176e+00 -3.9600e+00
2966 0 +0.000000000e+00 -2.799500000e+02 -2.799500000e+02 -3.6176e+00 -3.9600e+00
% f evaluations | g evaluations | best noise-free fitness - Fopt (9.319900000000e+02) + sum g_i+ | measured fitness | best measured fitness or single-digit g-values | x1 | x2...
1 0 +2.054759652e+02 +1.137465965e+03 +1.137465965e+03 +0.0000e+00 +0.0000e+00
2 0 +1.680391219e+02 +1.100029122e+03 +1.100029122e+03 +4.3379e-01 +3.0692e-02
3 0 +1.518492528e+02 +1.083839253e+03 +1.083839253e+03 +9.8026e-02 +3.4094e-01
9 0 +1.361409271e+02 +1.068130927e+03 +1.068130927e+03 +4.7684e-01 +2.4785e-01
11 0 +1.196830374e+02 +1.051673037e+03 +1.051673037e+03 +3.8582e-01 +4.2141e-01
16 0 +1.013046620e+02 +1.033294662e+03 +1.033294662e+03 +7.3666e-01 +3.7681e-01
19 0 +4.433387999e+01 +9.763238800e+02 +9.763238800e+02 +4.9059e-01 +9.3781e-01
20 0 +3.883420511e+01 +9.708242051e+02 +9.708242051e+02 +8.3504e-01 +8.0827e-01
27 0 +3.543891545e+01 +9.674289154e+02 +9.674289154e+02 +5.5914e-01 +9.7077e-01
37 0 +1.179694876e+01 +9.437869488e+02 +9.437869488e+02 +1.1450e+00 +8.7458e-01
57 0 +9.353536577e+00 +9.413435366e+02 +9.413435366e+02 +7.8963e-01 +1.0579e+00
61 0 +3.837509963e+00 +9.358275100e+02 +9.358275100e+02 +8.4633e-01 +1.0737e+00
83 0 +1.574800959e+00 +9.335648010e+02 +9.335648010e+02 +1.3679e+00 +8.5829e-01
98 0 +9.777745225e-01 +9.329677745e+02 +9.329677745e+02 +1.3397e+00 +8.7492e-01
103 0 +4.334275003e-01 +9.324234275e+02 +9.324234275e+02 +1.1986e+00 +9.4492e-01
151 0 +2.636621042e-01 +9.322536621e+02 +9.322536621e+02 +1.3410e+00 +8.8418e-01
173 0 +1.928968091e-01 +9.321828968e+02 +9.321828968e+02 +1.3291e+00 +8.8563e-01
193 0 +3.423372073e-02 +9.320242337e+02 +9.320242337e+02 +1.3452e+00 +8.8006e-01
202 0 +2.565577297e-02 +9.320156558e+02 +9.320156558e+02 +1.3881e+00 +8.6204e-01
204 0 +2.047869869e-03 +9.319920479e+02 +9.319920479e+02 +1.3447e+00 +8.8050e-01
302 0 +9.038143841e-04 +9.319909038e+02 +9.319909038e+02 +1.3486e+00 +8.7890e-01
378 0 +6.797837713e-04 +9.319906798e+02 +9.319906798e+02 +1.3391e+00 +8.8291e-01
387 0 +4.100077655e-04 +9.319904100e+02 +9.319904100e+02 +1.3370e+00 +8.8379e-01
390 0 +2.008003510e-04 +9.319902008e+02 +9.319902008e+02 +1.3398e+00 +8.8262e-01
405 0 +1.851124391e-04 +9.319901851e+02 +9.319901851e+02 +1.3384e+00 +8.8322e-01
442 0 +1.117207293e-04 +9.319901117e+02 +9.319901117e+02 +1.3348e+00 +8.8474e-01
502 0 +1.051528939e-04 +9.319901052e+02 +9.319901052e+02 +1.3346e+00 +8.8480e-01
505 0 +7.826934302e-05 +9.319900783e+02 +9.319900783e+02 +1.3355e+00 +8.8444e-01
506 0 +5.805888338e-05 +9.319900581e+02 +9.319900581e+02 +1.3356e+00 +8.8438e-01
547 0 +5.433938077e-05 +9.319900543e+02 +9.319900543e+02 +1.3360e+00 +8.8422e-01
550 0 +1.350458740e-05 +9.319900135e+02 +9.319900135e+02 +1.3371e+00 +8.8376e-01
577 0 +8.308066526e-06 +9.319900083e+02 +9.319900083e+02 +1.3380e+00 +8.8336e-01
697 0 +7.484023058e-06 +9.319900075e+02 +9.319900075e+02 +1.3373e+00 +8.8366e-01
704 0 +6.799173548e-06 +9.319900068e+02 +9.319900068e+02 +1.3374e+00 +8.8364e-01
741 0 +6.744000530e-06 +9.319900067e+02 +9.319900067e+02 +1.3374e+00 +8.8364e-01
743 0 +6.340292998e-06 +9.319900063e+02 +9.319900063e+02 +1.3374e+00 +8.8363e-01
753 0 +6.124328706e-06 +9.319900061e+02 +9.319900061e+02 +1.3374e+00 +8.8362e-01
754 0 +5.154885230e-06 +9.319900052e+02 +9.319900052e+02 +1.3375e+00 +8.8358e-01
765 0 +1.884356152e-06 +9.319900019e+02 +9.319900019e+02 +1.3380e+00 +8.8336e-01
770 0 +1.621656907e-06 +9.319900016e+02 +9.319900016e+02 +1.3380e+00 +8.8337e-01
779 0 +3.515921208e-07 +9.319900004e+02 +9.319900004e+02 +1.3386e+00 +8.8311e-01
792 0 +2.917932989e-07 +9.319900003e+02 +9.319900003e+02 +1.3383e+00 +8.8323e-01
794 0 +1.000665861e-07 +9.319900001e+02 +9.319900001e+02 +1.3384e+00 +8.8320e-01
860 0 +8.528979833e-08 +9.319900001e+02 +9.319900001e+02 +1.3385e+00 +8.8318e-01
864 0 +6.999755442e-08 +9.319900001e+02 +9.319900001e+02 +1.3384e+00 +8.8320e-01
873 0 +3.080276656e-08 +9.319900000e+02 +9.319900000e+02 +1.3384e+00 +8.8320e-01
1023 0 +2.923889042e-08 +9.319900000e+02 +9.319900000e+02 +1.3384e+00 +8.8322e-01
1024 0 +2.552758360e-08 +9.319900000e+02 +9.319900000e+02 +1.3384e+00 +8.8322e-01
1029 0 +1.578564479e-08 +9.319900000e+02 +9.319900000e+02 +1.3384e+00 +8.8322e-01
1033 0 +8.868596524e-09 +9.319900000e+02 +9.319900000e+02 +1.3384e+00 +8.8321e-01
1411 0 +0.000000000e+00 +9.319900000e+02 +9.319900000e+02 +1.3384e+00 +8.8320e-01
% f evaluations | g evaluations | best noise-free fitness - Fopt (1.133100000000e+02) + sum g_i+ | measured fitness | best measured fitness or single-digit g-values | x1 | x2...
1 0 +6.153732223e+02 +7.286832223e+02 +7.286832223e+02 +0.0000e+00 +0.0000e+00
3 0 +5.385582628e+02 +6.518682628e+02 +6.518682628e+02 +9.8026e-02 +3.4094e-01
11 0 +5.350802644e+02 +6.483902644e+02 +6.483902644e+02 +3.1024e-01 +4.2322e-01
14 0 +4.693865043e+02 +5.826965043e+02 +5.826965043e+02 -2.5179e-01 +5.1030e-01
19 0 +4.125332533e+02 +5.258432533e+02 +5.258432533e+02 +2.2170e-01 +8.8965e-01
21 0 +3.991961854e+02 +5.125061854e+02 +5.125061854e+02 +7.4398e-02 +8.9743e-01
27 0 +3.420304718e+02 +4.553404718e+02 +4.553404718e+02 -5.8733e-02 +1.0887e+00
35 0 +3.124442197e+02 +4.257542197e+02 +4.257542197e+02 -3.9850e-01 +1.1061e+00
40 0 +2.516962878e+02 +3.650062878e+02 +3.650062878e+02 +2.2462e-01 +1.5446e+00
44 0 +2.494224132e+02 +3.627324132e+02 +3.627324132e+02 -6.8116e-02 +1.4645e+00
47 0 +1.802117411e+02 +2.935217411e+02 +2.935217411e+02 +1.7798e-01 +1.8228e+00
48 0 +1.420526230e+02 +2.553626230e+02 +2.553626230e+02 -2.0029e-01 +1.8665e+00
49 0 +9.940956592e+01 +2.127195659e+02 +2.127195659e+02 +1.1794e-01 +2.1367e+00
82 0 +9.628428735e+01 +2.095942873e+02 +2.095942873e+02 -1.4273e-01 +2.0725e+00
86 0 +1.156941253e+01 +1.248794125e+02 +1.248794125e+02 -1.7205e-01 +2.4383e+00
158 0 +9.511570714e+00 +1.228215707e+02 +1.228215707e+02 -2.7221e-01 +2.3952e+00
216 0 +9.186461794e+00 +1.224964618e+02 +1.224964618e+02 -2.2228e-01 +2.4103e+00
444 0 +9.102754719e+00 +1.224127547e+02 +1.224127547e+02 -2.2880e-01 +2.4087e+00
470 0 +8.873586602e+00 +1.221835866e+02 +1.221835866e+02 -1.9425e-01 +2.4196e+00
479 0 +8.692718350e+00 +1.220027184e+02 +1.220027184e+02 -1.6956e-01 +2.4275e+00
487 0 +8.392009260e+00 +1.217020093e+02 +1.217020093e+02 -1.2938e-01 +2.4404e+00
495 0 +8.304555913e+00 +1.216145559e+02 +1.216145559e+02 -1.1069e-01 +2.4462e+00
500 0 +7.958925674e+00 +1.212689257e+02 +1.212689257e+02 -5.1013e-02 +2.4649e+00
503 0 +7.538003349e+00 +1.208480033e+02 +1.208480033e+02 +1.0575e-02 +2.4846e+00
517 0 +6.783020101e+00 +1.200930201e+02 +1.200930201e+02 +1.2916e-01 +2.5224e+00
518 0 +5.927348428e+00 +1.192373484e+02 +1.192373484e+02 +2.9112e-01 +2.5736e+00
525 0 +4.855473740e+00 +1.181654737e+02 +1.181654737e+02 +5.0408e-01 +2.6412e+00
536 0 +4.777565496e+00 +1.180875655e+02 +1.180875655e+02 +5.1845e-01 +2.6458e+00
541 0 +4.237671982e+00 +1.175476720e+02 +1.175476720e+02 +6.6776e-01 +2.6928e+00
545 0 +2.732563548e+00 +1.160425635e+02 +1.160425635e+02 +1.0789e+00 +2.8237e+00
552 0 +1.804316862e+00 +1.151143169e+02 +1.151143169e+02 +1.5880e+00 +2.9851e+00
557 0 +1.753487671e+00 +1.150634877e+02 +1.150634877e+02 +2.0915e+00 +3.1446e+00
563 0 +1.709589945e+00 +1.150195899e+02 +1.150195899e+02 +2.0214e+00 +3.1224e+00
571 0 +1.644672202e+00 +1.149546722e+02 +1.149546722e+02 +1.9638e+00 +3.1043e+00
656 0 +1.620827543e+00 +1.149308275e+02 +1.149308275e+02 +1.8761e+00 +3.0765e+00
707 0 +1.580652222e+00 +1.148906522e+02 +1.148906522e+02 +1.8123e+00 +3.0565e+00
737 0 +1.547719948e+00 +1.148577199e+02 +1.148577199e+02 +1.7674e+00 +3.0425e+00
756 0 +1.501649141e+00 +1.148116491e+02 +1.148116491e+02 +1.7519e+00 +3.0378e+00
766 0 +1.413345431e+00 +1.147233454e+02 +1.147233454e+02 +1.9091e+00 +3.0878e+00
771 0 +1.401313060e+00 +1.147113131e+02 +1.147113131e+02 +1.9683e+00 +3.1067e+00
841 0 +1.350078194e+00 +1.146600782e+02 +1.146600782e+02 +1.7267e+00 +3.0304e+00
851 0 +1.343357395e+00 +1.146533574e+02 +1.146533574e+02 +1.6692e+00 +3.0124e+00
859 0 +1.234687570e+00 +1.145446876e+02 +1.145446876e+02 +1.7348e+00 +3.0335e+00
874 0 +1.209278898e+00 +1.145192789e+02 +1.145192789e+02 +1.7492e+00 +3.0381e+00
879 0 +1.147561228e+00 +1.144575612e+02 +1.144575612e+02 +1.7779e+00 +3.0474e+00
883 0 +1.078350125e+00 +1.143883501e+02 +1.143883501e+02 +1.5842e+00 +2.9868e+00
884 0 +1.013613850e+00 +1.143236138e+02 +1.143236138e+02 +1.8409e+00 +3.0678e+00
888 0 +8.478357493e-01 +1.141578357e+02 +1.141578357e+02 +1.7192e+00 +3.0301e+00
891 0 +5.515233229e-01 +1.138615233e+02 +1.138615233e+02 +1.7177e+00 +3.0308e+00
901 0 +2.345500161e-01 +1.135445500e+02 +1.135445500e+02 +1.9334e+00 +3.1017e+00
903 0 +1.982932404e-01 +1.135082932e+02 +1.135082932e+02 +1.9158e+00 +3.0949e+00
927 0 +6.935314885e-02 +1.133793531e+02 +1.133793531e+02 +2.1157e+00 +3.1591e+00
959 0 +1.796012703e-02 +1.133279601e+02 +1.133279601e+02 +2.1897e+00 +3.1831e+00
1065 0 +6.312583936e-03 +1.133163126e+02 +1.133163126e+02 +2.1824e+00 +3.1807e+00
1074 0 +2.047608524e-03 +1.133120476e+02 +1.133120476e+02 +2.1135e+00 +3.1586e+00
1147 0 +1.545309982e-04 +1.133101545e+02 +1.133101545e+02 +2.1266e+00 +3.1628e+00
1184 0 +6.908813667e-05 +1.133100691e+02 +1.133100691e+02 +2.1311e+00 +3.1643e+00
1191 0 +3.745093524e-05 +1.133100375e+02 +1.133100375e+02 +2.1320e+00 +3.1646e+00
1205 0 +3.255531610e-05 +1.133100326e+02 +1.133100326e+02 +2.1317e+00 +3.1645e+00
1257 0 +1.930228535e-05 +1.133100193e+02 +1.133100193e+02 +2.1383e+00 +3.1666e+00
1274 0 +1.841963086e-05 +1.133100184e+02 +1.133100184e+02 +2.1368e+00 +3.1661e+00
1277 0 +1.574496588e-05 +1.133100157e+02 +1.133100157e+02 +2.1361e+00 +3.1659e+00
1282 0 +1.538443637e-05 +1.133100154e+02 +1.133100154e+02 +2.1355e+00 +3.1657e+00
1288 0 +4.392706828e-06 +1.133100044e+02 +1.133100044e+02 +2.1368e+00 +3.1661e+00
1358 0 +2.947871749e-06 +1.133100029e+02 +1.133100029e+02 +2.1365e+00 +3.1660e+00
1374 0 +2.590198378e-06 +1.133100026e+02 +1.133100026e+02 +2.1362e+00 +3.1659e+00
1415 0 +2.482576733e-06 +1.133100025e+02 +1.133100025e+02 +2.1360e+00 +3.1659e+00
1427 0 +2.356031828e-06 +1.133100024e+02 +1.133100024e+02 +2.1357e+00 +3.1658e+00
1437 0 +1.681936425e-06 +1.133100017e+02 +1.133100017e+02 +2.1357e+00 +3.1657e+00
1442 0 +1.255883802e-06 +1.133100013e+02 +1.133100013e+02 +2.1358e+00 +3.1658e+00
1443 0 +9.627496667e-07 +1.133100010e+02 +1.133100010e+02 +2.1359e+00 +3.1658e+00
1455 0 +1.849677318e-07 +1.133100002e+02 +1.133100002e+02 +2.1355e+00 +3.1657e+00
1508 0 +1.318239100e-07 +1.133100001e+02 +1.133100001e+02 +2.1352e+00 +3.1656e+00
1516 0 +3.126135084e-08 +1.133100000e+02 +1.133100000e+02 +2.1353e+00 +3.1656e+00
1523 0 +2.212706818e-08 +1.133100000e+02 +1.133100000e+02 +2.1352e+00 +3.1656e+00
1556 0 +1.741145184e-08 +1.133100000e+02 +1.133100000e+02 +2.1353e+00 +3.1656e+00
1570 0 +1.632474778e-08 +1.133100000e+02 +1.133100000e+02 +2.1353e+00 +3.1656e+00
1575 0 +1.507660841e-08 +1.133100000e+02 +1.133100000e+02 +2.1353e+00 +3.1656e+00
1655 0 +1.452663412e-08 +1.133100000e+02 +1.133100000e+02 +2.1353e+00 +3.1656e+00
1659 0 +1.432469787e-08 +1.133100000e+02 +1.133100000e+02 +2.1353e+00 +3.1656e+00
1665 0 +1.313505038e-08 +1.133100000e+02 +1.133100000e+02 +2.1353e+00 +3.1656e+00
1672 0 +1.192447030e-08 +1.133100000e+02 +1.133100000e+02 +2.1353e+00 +3.1656e+00
1679 0 +1.158883833e-08 +1.133100000e+02 +1.133100000e+02 +2.1353e+00 +3.1656e+00
1683 0 +4.649905350e-09 +1.133100000e+02 +1.133100000e+02 +2.1353e+00 +3.1656e+00
2062 0 +0.000000000e+00 +1.133100000e+02 +1.133100000e+02 +2.1352e+00 +3.1656e+00
% f evaluations | g evaluations | best noise-free fitness - Fopt (2.849000000000e+01) + sum g_i+ | measured fitness | best measured fitness or single-digit g-values | x1 | x2...
1 0 +3.356594126e+02 +3.641494126e+02 +3.641494126e+02 +0.0000e+00 +0.0000e+00
5 0 +2.759471145e+02 +3.044371145e+02 +3.044371145e+02 -1.1375e-01 -3.0566e-01
14 0 +2.445024088e+02 +2.729924088e+02 +2.729924088e+02 -3.9445e-01 +1.7836e-01
35 0 +2.209702343e+02 +2.494602343e+02 +2.494602343e+02 -4.6009e-01 +1.1895e-01
54 0 +2.011229779e+02 +2.296129779e+02 +2.296129779e+02 -4.9114e-01 -2.7717e-03
56 0 +1.429543152e+02 +1.714443152e+02 +1.714443152e+02 -7.7294e-01 +1.9863e-01
64 0 +4.652579161e+01 +7.501579161e+01 +7.501579161e+01 -1.1166e+00 +1.6904e-01
68 0 +1.653495465e+01 +4.502495465e+01 +4.502495465e+01 -1.3166e+00 +1.9983e-01
107 0 +9.416012347e+00 +3.790601235e+01 +3.790601235e+01 -1.3178e+00 +2.9609e-01
135 0 +7.472973140e+00 +3.596297314e+01 +3.596297314e+01 -1.2954e+00 +2.7374e-01
137 0 +6.642543310e+00 +3.513254331e+01 +3.513254331e+01 -1.2964e+00 +2.6751e-01
148 0 +6.342997873e+00 +3.483299787e+01 +3.483299787e+01 -1.2992e+00 +2.7253e-01
513 0 +6.281394029e+00 +3.477139403e+01 +3.477139403e+01 -1.2958e+00 +2.6200e-01
530 0 +6.139878822e+00 +3.462987882e+01 +3.462987882e+01 -1.2875e+00 +2.3576e-01
542 0 +5.970539911e+00 +3.446053991e+01 +3.446053991e+01 -1.2774e+00 +2.0403e-01
543 0 +5.773991012e+00 +3.426399101e+01 +3.426399101e+01 -1.2644e+00 +1.6332e-01
550 0 +5.617623333e+00 +3.410762333e+01 +3.410762333e+01 -1.2540e+00 +1.3080e-01
556 0 +5.158008840e+00 +3.364800884e+01 +3.364800884e+01 -1.2239e+00 +3.6113e-02
560 0 +4.315354603e+00 +3.280535460e+01 +3.280535460e+01 -1.1644e+00 -1.5103e-01
568 0 +3.826327215e+00 +3.231632721e+01 +3.231632721e+01 -1.1271e+00 -2.6858e-01
572 0 +2.702914615e+00 +3.119291462e+01 +3.119291462e+01 -1.0244e+00 -5.9161e-01
574 0 +2.297140605e+00 +3.078714061e+01 +3.078714061e+01 -9.7998e-01 -7.3153e-01
575 0 +2.130317372e+00 +3.062031737e+01 +3.062031737e+01 -9.5657e-01 -8.0494e-01
581 0 +2.064594679e+00 +3.055459468e+01 +3.055459468e+01 -9.5248e-01 -8.1820e-01
583 0 +2.014711217e+00 +3.050471122e+01 +3.050471122e+01 -9.4418e-01 -8.4417e-01
584 0 +1.314357497e+00 +2.980435750e+01 +2.980435750e+01 -8.2866e-01 -1.2081e+00
588 0 +9.832829781e-01 +2.947328298e+01 +2.947328298e+01 -6.9169e-01 -1.6393e+00
594 0 +9.225347351e-01 +2.941253474e+01 +2.941253474e+01 -6.2407e-01 -1.8533e+00
766 0 +8.955502452e-01 +2.938555025e+01 +2.938555025e+01 -6.7390e-01 -1.6963e+00
797 0 +8.891529893e-01 +2.937915299e+01 +2.937915299e+01 -6.5976e-01 -1.7409e+00
804 0 +8.555502369e-01 +2.934555024e+01 +2.934555024e+01 -6.6677e-01 -1.7192e+00
841 0 +8.042191029e-01 +2.929421910e+01 +2.929421910e+01 -6.5047e-01 -1.7712e+00
851 0 +7.811867393e-01 +2.927118674e+01 +2.927118674e+01 -5.9893e-01 -1.9346e+00
854 0 +7.684990599e-01 +2.925849906e+01 +2.925849906e+01 -6.1907e-01 -1.8709e+00
859 0 +5.994319638e-01 +2.908943196e+01 +2.908943196e+01 -6.4168e-01 -1.8014e+00
884 0 +5.358020331e-01 +2.902580203e+01 +2.902580203e+01 -6.5599e-01 -1.7570e+00
888 0 +4.304469612e-01 +2.892044696e+01 +2.892044696e+01 -5.9996e-01 -1.9355e+00
891 0 +2.665327555e-01 +2.875653276e+01 +2.875653276e+01 -5.7707e-01 -2.0102e+00
901 0 +2.473302551e-01 +2.873733026e+01 +2.873733026e+01 -5.9821e-01 -1.9488e+00
903 0 +3.473339289e-02 +2.852473339e+01 +2.852473339e+01 -6.1609e-01 -1.8898e+00
914 0 +2.939768316e-02 +2.851939768e+01 +2.851939768e+01 -5.8812e-01 -1.9779e+00
934 0 +8.067736190e-03 +2.849806774e+01 +2.849806774e+01 -6.3963e-01 -1.8149e+00
967 0 +7.064517432e-03 +2.849706452e+01 +2.849706452e+01 -6.2400e-01 -1.8645e+00
980 0 +4.922441849e-03 +2.849492244e+01 +2.849492244e+01 -6.3557e-01 -1.8277e+00
987 0 +3.053352048e-04 +2.849030534e+01 +2.849030534e+01 -6.2279e-01 -1.8682e+00
996 0 +1.377708838e-04 +2.849013777e+01 +2.849013777e+01 -6.2458e-01 -1.8626e+00
1183 0 +1.224221878e-04 +2.849012242e+01 +2.849012242e+01 -6.2933e-01 -1.8475e+00
1222 0 +1.111717257e-04 +2.849011117e+01 +2.849011117e+01 -6.2902e-01 -1.8485e+00
1223 0 +1.024662721e-04 +2.849010247e+01 +2.849010247e+01 -6.2903e-01 -1.8485e+00
1231 0 +1.007962640e-04 +2.849010080e+01 +2.849010080e+01 -6.2905e-01 -1.8484e+00
1235 0 +9.993617549e-05 +2.849009994e+01 +2.849009994e+01 -6.2866e-01 -1.8496e+00
1237 0 +7.658677228e-05 +2.849007659e+01 +2.849007659e+01 -6.2858e-01 -1.8499e+00
1241 0 +5.267528143e-05 +2.849005268e+01 +2.849005268e+01 -6.2799e-01 -1.8518e+00
1249 0 +3.295438609e-05 +2.849003295e+01 +2.849003295e+01 -6.2719e-01 -1.8543e+00
1273 0 +2.071146166e-05 +2.849002071e+01 +2.849002071e+01 -6.2747e-01 -1.8534e+00
1281 0 +1.623648795e-05 +2.849001624e+01 +2.849001624e+01 -6.2721e-01 -1.8542e+00
1286 0 +4.258735345e-06 +2.849000426e+01 +2.849000426e+01 -6.2648e-01 -1.8566e+00
1292 0 +3.603290399e-06 +2.849000360e+01 +2.849000360e+01 -6.2625e-01 -1.8573e+00
1319 0 +2.182041712e-06 +2.849000218e+01 +2.849000218e+01 -6.2662e-01 -1.8561e+00
1356 0 +1.758174001e-06 +2.849000176e+01 +2.849000176e+01 -6.2667e-01 -1.8559e+00
1362 0 +1.479466437e-06 +2.849000148e+01 +2.849000148e+01 -6.2656e-01 -1.8563e+00
1364 0 +4.078362856e-07 +2.849000041e+01 +2.849000041e+01 -6.2652e-01 -1.8564e+00
1381 0 +2.676125384e-07 +2.849000027e+01 +2.849000027e+01 -6.2650e-01 -1.8565e+00
1419 0 +4.981536250e-08 +2.849000005e+01 +2.849000005e+01 -6.2639e-01 -1.8568e+00
1466 0 +4.076192184e-08 +2.849000004e+01 +2.849000004e+01 -6.2636e-01 -1.8569e+00
1483 0 +3.442888286e-08 +2.849000003e+01 +2.849000003e+01 -6.2637e-01 -1.8569e+00
1490 0 +7.867679841e-09 +2.849000001e+01 +2.849000001e+01 -6.2640e-01 -1.8568e+00
2002 0 +0.000000000e+00 +2.849000000e+01 +2.849000000e+01 -6.2640e-01 -1.8568e+00
% f evaluations | g evaluations | best noise-free fitness - Fopt (-7.405800000000e+02) + sum g_i+ | measured fitness | best measured fitness or single-digit g-values | x1 | x2...
1 0 +3.202022222e+02 -4.203777778e+02 -4.203777778e+02 +0.0000e+00 +0.0000e+00
5 0 +2.279009821e+02 -5.126790179e+02 -5.126790179e+02 -1.1375e-01 -3.0566e-01
30 0 +1.985330091e+02 -5.420469909e+02 -5.420469909e+02 +7.5367e-02 -5.7981e-01
33 0 +1.511076955e+02 -5.894723045e+02 -5.894723045e+02 +1.8510e-01 -8.6904e-01
38 0 +1.431995439e+02 -5.973804561e+02 -5.973804561e+02 -5.4099e-03 -7.5316e-01
42 0 +1.250069289e+02 -6.155730711e+02 -6.155730711e+02 +3.4901e-01 -1.1099e+00
43 0 +1.201893790e+02 -6.203906210e+02 -6.203906210e+02 +2.6256e-01 -1.0623e+00
46 0 +2.809430252e+01 -7.124856975e+02 -7.124856975e+02 -4.5307e-02 -1.2147e+00
51 0 +1.313188019e+01 -7.274481198e+02 -7.274481198e+02 +1.7929e-01 -1.4548e+00
85 0 +1.069455552e+01 -7.298854445e+02 -7.298854445e+02 -8.0283e-04 -1.3240e+00
103 0 +7.597026700e+00 -7.329829733e+02 -7.329829733e+02 -2.7739e-01 -1.1521e+00
133 0 +5.099505238e+00 -7.354804948e+02 -7.354804948e+02 -1.7864e-01 -1.2091e+00
154 0 +4.836142759e+00 -7.357438572e+02 -7.357438572e+02 -4.2588e-01 -1.0179e+00
198 0 +4.237840810e+00 -7.363421592e+02 -7.363421592e+02 -2.6427e-01 -1.1472e+00
210 0 +3.729571844e+00 -7.368504282e+02 -7.368504282e+02 -3.5035e-01 -1.0820e+00
334 0 +3.527915571e+00 -7.370520844e+02 -7.370520844e+02 -4.0196e-01 -1.0421e+00
344 0 +3.174676451e+00 -7.374053235e+02 -7.374053235e+02 -5.8997e-01 -8.9793e-01
351 0 +2.675291488e+00 -7.379047085e+02 -7.379047085e+02 -9.7825e-01 -6.0105e-01
359 0 +2.309581344e+00 -7.382704187e+02 -7.382704187e+02 -9.4348e-01 -6.2930e-01
370 0 +2.074433371e+00 -7.385055666e+02 -7.385055666e+02 -1.3762e+00 -2.9965e-01
382 0 +1.987339652e+00 -7.385926603e+02 -7.385926603e+02 -9.0777e-01 -6.5810e-01
390 0 +1.752472189e+00 -7.388275278e+02 -7.388275278e+02 -1.3414e+00 -3.2749e-01
412 0 +1.700698351e+00 -7.388793016e+02 -7.388793016e+02 -1.3661e+00 -3.0891e-01
421 0 +1.278633333e+00 -7.393013667e+02 -7.393013667e+02 -9.9946e-01 -5.9078e-01
427 0 +1.211397243e+00 -7.393686028e+02 -7.393686028e+02 -1.1685e+00 -4.6165e-01
428 0 +1.183914021e+00 -7.393960860e+02 -7.393960860e+02 -1.1632e+00 -4.6586e-01
432 0 +7.775469320e-01 -7.398024531e+02 -7.398024531e+02 -1.2687e+00 -3.8705e-01
433 0 +7.533463356e-01 -7.398266537e+02 -7.398266537e+02 -1.2548e+00 -3.9780e-01
435 0 +6.726018713e-01 -7.399073981e+02 -7.399073981e+02 -1.2890e+00 -3.7207e-01
456 0 +3.653366781e-01 -7.402146633e+02 -7.402146633e+02 -1.7090e+00 -5.4672e-02
466 0 +3.053665315e-01 -7.402746335e+02 -7.402746335e+02 -1.4213e+00 -2.7291e-01
485 0 +2.298717577e-01 -7.403501282e+02 -7.403501282e+02 -1.4333e+00 -2.6451e-01
488 0 +2.100342442e-01 -7.403699658e+02 -7.403699658e+02 -1.4837e+00 -2.2594e-01
489 0 +1.860082710e-01 -7.403939917e+02 -7.403939917e+02 -1.4372e+00 -2.6141e-01
497 0 +1.133016924e-01 -7.404666983e+02 -7.404666983e+02 -1.5097e+00 -2.0670e-01
561 0 +9.906778611e-02 -7.404809322e+02 -7.404809322e+02 -1.5606e+00 -1.6813e-01
566 0 +9.167476059e-02 -7.404883252e+02 -7.404883252e+02 -1.5549e+00 -1.7248e-01
567 0 +9.009272188e-02 -7.404899073e+02 -7.404899073e+02 -1.5675e+00 -1.6291e-01
568 0 +8.723769579e-02 -7.404927623e+02 -7.404927623e+02 -1.5395e+00 -1.8415e-01
572 0 +7.276702551e-02 -7.405072330e+02 -7.405072330e+02 -1.5663e+00 -1.6399e-01
573 0 +6.246317397e-02 -7.405175368e+02 -7.405175368e+02 -1.5704e+00 -1.6083e-01
574 0 +5.733615032e-02 -7.405226638e+02 -7.405226638e+02 -1.5934e+00 -1.4357e-01
580 0 +2.292857585e-02 -7.405570714e+02 -7.405570714e+02 -1.6901e+00 -7.0485e-02
584 0 +5.348302256e-03 -7.405746517e+02 -7.405746517e+02 -1.7059e+00 -5.8568e-02
588 0 +3.113598494e-03 -7.405768864e+02 -7.405768864e+02 -1.7867e+00 +2.3820e-03
615 0 +1.503624871e-03 -7.405784964e+02 -7.405784964e+02 -1.7637e+00 -1.4942e-02
628 0 +8.000720335e-04 -7.405791999e+02 -7.405791999e+02 -1.7329e+00 -3.8231e-02
665 0 +7.018547275e-04 -7.405792981e+02 -7.405792981e+02 -1.7634e+00 -1.5174e-02
682 0 +6.256426356e-04 -7.405793744e+02 -7.405793744e+02 -1.7468e+00 -2.7747e-02
685 0 +4.660708838e-04 -7.405795339e+02 -7.405795339e+02 -1.7461e+00 -2.8277e-02
688 0 +2.217557819e-04 -7.405797782e+02 -7.405797782e+02 -1.7499e+00 -2.5375e-02
698 0 +1.358729362e-04 -7.405798641e+02 -7.405798641e+02 -1.7580e+00 -1.9309e-02
728 0 +1.065708404e-04 -7.405798934e+02 -7.405798934e+02 -1.7558e+00 -2.0940e-02
729 0 +4.542828708e-05 -7.405799546e+02 -7.405799546e+02 -1.7563e+00 -2.0539e-02
779 0 +3.456222885e-06 -7.405799965e+02 -7.405799965e+02 -1.7534e+00 -2.2745e-02
869 0 +3.069296099e-06 -7.405799969e+02 -7.405799969e+02 -1.7533e+00 -2.2804e-02
877 0 +1.576075420e-06 -7.405799984e+02 -7.405799984e+02 -1.7535e+00 -2.2694e-02
897 0 +9.829299188e-07 -7.405799990e+02 -7.405799990e+02 -1.7530e+00 -2.3047e-02
917 0 +8.893794075e-07 -7.405799991e+02 -7.405799991e+02 -1.7525e+00 -2.3409e-02
926 0 +5.357129567e-07 -7.405799995e+02 -7.405799995e+02 -1.7526e+00 -2.3371e-02
939 0 +1.268381311e-07 -7.405799999e+02 -7.405799999e+02 -1.7528e+00 -2.3217e-02
986 0 +5.175445494e-08 -7.405799999e+02 -7.405799999e+02 -1.7526e+00 -2.3314e-02
1065 0 +1.480464107e-08 -7.405800000e+02 -7.405800000e+02 -1.7527e+00 -2.3265e-02
1087 0 +1.032947239e-08 -7.405800000e+02 -7.405800000e+02 -1.7528e+00 -2.3170e-02
1120 0 +3.952095540e-09 -7.405800000e+02 -7.405800000e+02 -1.7528e+00 -2.3225e-02
% f evaluations | g evaluations | best noise-free fitness - Fopt (-5.177000000000e+01) + sum g_i+ | measured fitness | best measured fitness or single-digit g-values | x1 | x2...
1 0 +3.606311853e+02 +3.088611853e+02 +3.088611853e+02 +0.0000e+00 +0.0000e+00
3 0 +3.016705612e+02 +2.499005612e+02 +2.499005612e+02 +9.8026e-02 +3.4094e-01
11 0 +2.926430191e+02 +2.408730191e+02 +2.408730191e+02 +3.1024e-01 +4.2322e-01
14 0 +2.628697173e+02 +2.110997173e+02 +2.110997173e+02 -2.4803e-01 +5.1068e-01
19 0 +2.094464505e+02 +1.576764505e+02 +1.576764505e+02 +2.2590e-01 +8.9116e-01
21 0 +2.038553536e+02 +1.520853536e+02 +1.520853536e+02 +7.8827e-02 +8.9882e-01
27 0 +1.673566310e+02 +1.155866310e+02 +1.155866310e+02 -5.3681e-02 +1.0900e+00
32 0 +1.594420650e+02 +1.076720650e+02 +1.076720650e+02 +4.5199e-01 +1.2312e+00
35 0 +1.548036303e+02 +1.030336303e+02 +1.030336303e+02 -3.9291e-01 +1.1059e+00
40 0 +1.001710660e+02 +4.840106595e+01 +4.840106595e+01 +2.3065e-01 +1.5477e+00
47 0 +5.359663955e+01 +1.826639553e+00 +1.826639553e+00 +1.8489e-01 +1.8262e+00
48 0 +3.358395411e+01 -1.818604589e+01 -1.818604589e+01 -1.9284e-01 +1.8683e+00
85 0 +3.217736238e+01 -1.959263762e+01 -1.959263762e+01 -1.9083e-01 +2.0767e+00
86 0 +1.875635305e+01 -3.301364695e+01 -3.301364695e+01 -5.7876e-02 +1.9897e+00
99 0 +1.632402986e+01 -3.544597014e+01 -3.544597014e+01 -2.2022e-01 +1.9691e+00
133 0 +1.534930581e+01 -3.642069419e+01 -3.642069419e+01 -1.3209e-01 +1.9954e+00
157 0 +1.448869885e+01 -3.728130115e+01 -3.728130115e+01 -1.9993e-01 +1.9866e+00
656 0 +1.444570568e+01 -3.732429432e+01 -3.732429432e+01 -1.9316e-01 +1.9868e+00
700 0 +1.388079301e+01 -3.788920699e+01 -3.788920699e+01 -2.4460e-01 +1.9804e+00
706 0 +1.378678745e+01 -3.798321255e+01 -3.798321255e+01 -2.5331e-01 +1.9794e+00
712 0 +1.270825856e+01 -3.906174144e+01 -3.906174144e+01 -3.5650e-01 +1.9666e+00
716 0 +1.217557562e+01 -3.959442438e+01 -3.959442438e+01 -4.0987e-01 +1.9600e+00
723 0 +1.054906261e+01 -4.122093739e+01 -4.122093739e+01 -5.8484e-01 +1.9384e+00
733 0 +1.019141618e+01 -4.157858382e+01 -4.157858382e+01 -6.2619e-01 +1.9333e+00
734 0 +9.962979360e+00 -4.180702064e+01 -4.180702064e+01 -6.5312e-01 +1.9299e+00
735 0 +7.372034590e+00 -4.439796541e+01 -4.439796541e+01 -1.0093e+00 +1.8859e+00
737 0 +6.833586832e+00 -4.493641317e+01 -4.493641317e+01 -1.1007e+00 +1.8746e+00
740 0 +4.300200261e+00 -4.746979974e+01 -4.746979974e+01 -1.8528e+00 +1.7817e+00
765 0 +4.263206876e+00 -4.750679312e+01 -4.750679312e+01 -2.1809e+00 +1.7411e+00
1060 0 +4.166813049e+00 -4.760318695e+01 -4.760318695e+01 -2.0517e+00 +1.7569e+00
1076 0 +3.983828477e+00 -4.778617152e+01 -4.778617152e+01 -2.1200e+00 +1.7473e+00
1084 0 +3.794531055e+00 -4.797546895e+01 -4.797546895e+01 -2.2581e+00 +1.7285e+00
1121 0 +3.691077942e+00 -4.807892206e+01 -4.807892206e+01 -2.2530e+00 +1.7286e+00
1160 0 +3.585460596e+00 -4.818453940e+01 -4.818453940e+01 -2.3288e+00 +1.7180e+00
1161 0 +3.534387154e+00 -4.823561285e+01 -4.823561285e+01 -2.2352e+00 +1.7300e+00
1170 0 +3.380154516e+00 -4.838984548e+01 -4.838984548e+01 -2.2179e+00 +1.7314e+00
1178 0 +3.305640079e+00 -4.846435992e+01 -4.846435992e+01 -2.3410e+00 +1.7148e+00
1181 0 +3.016227167e+00 -4.875377283e+01 -4.875377283e+01 -2.0842e+00 +1.7465e+00
1184 0 +2.666384603e+00 -4.910361540e+01 -4.910361540e+01 -2.3534e+00 +1.7095e+00
1188 0 +2.603372029e+00 -4.916662797e+01 -4.916662797e+01 -2.2407e+00 +1.7241e+00
1191 0 +2.329471016e+00 -4.944052898e+01 -4.944052898e+01 -2.3282e+00 +1.7110e+00
1192 0 +1.792119111e+00 -4.997788089e+01 -4.997788089e+01 -2.4214e+00 +1.6954e+00
1197 0 +6.104912259e-01 -5.115950877e+01 -5.115950877e+01 -2.2717e+00 +1.7023e+00
1203 0 +3.980155294e-01 -5.137198447e+01 -5.137198447e+01 -2.3912e+00 +1.6917e+00
1206 0 +1.825378302e-01 -5.158746217e+01 -5.158746217e+01 -2.3443e+00 +1.6948e+00
1221 0 +6.198715766e-02 -5.170801284e+01 -5.170801284e+01 -2.4379e+00 +1.6830e+00
1236 0 +2.032387862e-02 -5.174967612e+01 -5.174967612e+01 -2.4179e+00 +1.6859e+00
1304 0 +1.047126349e-02 -5.175952874e+01 -5.175952874e+01 -2.3677e+00 +1.6927e+00
1400 0 +6.510306316e-03 -5.176348969e+01 -5.176348969e+01 -2.3435e+00 +1.6959e+00
1407 0 +1.752401586e-03 -5.176824760e+01 -5.176824760e+01 -2.3376e+00 +1.6967e+00
1449 0 +1.279295401e-03 -5.176872070e+01 -5.176872070e+01 -2.3257e+00 +1.6984e+00
1476 0 +9.797626250e-04 -5.176902024e+01 -5.176902024e+01 -2.3258e+00 +1.6984e+00
1483 0 +5.651096789e-04 -5.176943489e+01 -5.176943489e+01 -2.3462e+00 +1.6956e+00
1508 0 +8.972229763e-05 -5.176991028e+01 -5.176991028e+01 -2.3425e+00 +1.6961e+00
1516 0 +7.861753734e-05 -5.176992138e+01 -5.176992138e+01 -2.3402e+00 +1.6964e+00
1527 0 +7.553474208e-05 -5.176992447e+01 -5.176992447e+01 -2.3447e+00 +1.6958e+00
1531 0 +2.718274550e-05 -5.176997282e+01 -5.176997282e+01 -2.3424e+00 +1.6961e+00
1535 0 +1.358722211e-05 -5.176998641e+01 -5.176998641e+01 -2.3452e+00 +1.6957e+00
1574 0 +3.031638954e-06 -5.176999697e+01 -5.176999697e+01 -2.3428e+00 +1.6960e+00
1590 0 +2.568312048e-06 -5.176999743e+01 -5.176999743e+01 -2.3431e+00 +1.6960e+00
1591 0 +2.230969550e-06 -5.176999777e+01 -5.176999777e+01 -2.3427e+00 +1.6961e+00
1763 0 +2.079660277e-06 -5.176999792e+01 -5.176999792e+01 -2.3424e+00 +1.6961e+00
1769 0 +1.466346383e-06 -5.176999853e+01 -5.176999853e+01 -2.3427e+00 +1.6961e+00
1770 0 +1.279222815e-06 -5.176999872e+01 -5.176999872e+01 -2.3426e+00 +1.6961e+00
1771 0 +6.979465113e-07 -5.176999930e+01 -5.176999930e+01 -2.3429e+00 +1.6960e+00
1778 0 +5.340337310e-07 -5.176999947e+01 -5.176999947e+01 -2.3428e+00 +1.6960e+00
1783 0 +3.829063786e-07 -5.176999962e+01 -5.176999962e+01 -2.3429e+00 +1.6960e+00
1799 0 +1.565267311e-07 -5.176999984e+01 -5.176999984e+01 -2.3432e+00 +1.6960e+00
1848 0 +9.122254596e-08 -5.176999991e+01 -5.176999991e+01 -2.3430e+00 +1.6960e+00
1851 0 +6.503680083e-08 -5.176999993e+01 -5.176999993e+01 -2.3433e+00 +1.6960e+00
1865 0 +5.944058756e-08 -5.176999994e+01 -5.176999994e+01 -2.3433e+00 +1.6960e+00
1875 0 +4.108838425e-08 -5.176999996e+01 -5.176999996e+01 -2.3431e+00 +1.6960e+00
1893 0 +3.631721057e-08 -5.176999996e+01 -5.176999996e+01 -2.3431e+00 +1.6960e+00
1901 0 +2.527269061e-08 -5.176999997e+01 -5.176999997e+01 -2.3432e+00 +1.6960e+00
1912 0 +2.195702820e-08 -5.176999998e+01 -5.176999998e+01 -2.3432e+00 +1.6960e+00
1919 0 +9.944635337e-09 -5.176999999e+01 -5.176999999e+01 -2.3432e+00 +1.6960e+00
% f evaluations | g evaluations | best noise-free fitness - Fopt (-2.229800000000e+02) + sum g_i+ | measured fitness | best measured fitness or single-digit g-values | x1 | x2...
1 0 +1.669401275e+02 -5.603987251e+01 -5.603987251e+01 +0.0000e+00 +0.0000e+00
2 0 +1.367719687e+02 -8.620803129e+01 -8.620803129e+01 +4.3379e-01 +3.0692e-02
5 0 +1.326885047e+02 -9.029149534e+01 -9.029149534e+01 -1.1375e-01 -3.0566e-01
9 0 +1.266263810e+02 -9.635361901e+01 -9.635361901e+01 +3.2157e-01 -1.0275e-01
12 0 +8.856501650e+01 -1.344149835e+02 -1.344149835e+02 +3.3015e-01 -3.6944e-01
22 0 +7.596676649e+01 -1.470132335e+02 -1.470132335e+02 +4.8050e-01 -3.8003e-01
24 0 +7.398993758e+01 -1.489900624e+02 -1.489900624e+02 +6.9868e-01 -2.8198e-01
25 0 +5.759654354e+01 -1.653834565e+02 -1.653834565e+02 +6.1610e-01 -4.4283e-01
32 0 +4.854191791e+01 -1.744380821e+02 -1.744380821e+02 +1.2500e+00 -4.6076e-01
40 0 +3.658907615e+01 -1.863909238e+02 -1.863909238e+02 +1.2045e+00 -3.1333e-01
106 0 +3.006058619e+01 -1.929194138e+02 -1.929194138e+02 +1.4909e+00 -2.9833e-01
112 0 +2.720139058e+01 -1.957786094e+02 -1.957786094e+02 +1.8753e+00 -2.6755e-01
114 0 +2.527905919e+01 -1.977009408e+02 -1.977009408e+02 +1.7690e+00 -2.5378e-01
116 0 +1.276985257e+01 -2.102101474e+02 -2.102101474e+02 +2.2712e+00 -6.1566e-02
122 0 +6.424987846e+00 -2.165550122e+02 -2.165550122e+02 +2.7576e+00 +4.8579e-02
141 0 +3.777229211e+00 -2.192027708e+02 -2.192027708e+02 +3.8308e+00 +2.9122e-01
151 0 +2.947544186e+00 -2.200324558e+02 -2.200324558e+02 +3.3191e+00 +1.2789e-01
156 0 +2.511804256e-01 -2.227288196e+02 -2.227288196e+02 +3.3464e+00 +1.5610e-01
219 0 +2.280182373e-01 -2.227519818e+02 -2.227519818e+02 +3.6355e+00 +2.2323e-01
229 0 +7.334342327e-02 -2.229066566e+02 -2.229066566e+02 +3.4969e+00 +1.9220e-01
261 0 +2.506587678e-02 -2.229549341e+02 -2.229549341e+02 +3.4582e+00 +1.8311e-01
269 0 +2.136503950e-02 -2.229586350e+02 -2.229586350e+02 +3.4975e+00 +1.9190e-01
308 0 +1.700950238e-02 -2.229629905e+02 -2.229629905e+02 +3.4983e+00 +1.9204e-01
319 0 +1.460335295e-02 -2.229653966e+02 -2.229653966e+02 +3.4999e+00 +1.9237e-01
324 0 +1.094332707e-02 -2.229690567e+02 -2.229690567e+02 +3.4952e+00 +1.9129e-01
412 0 +1.008569089e-02 -2.229699143e+02 -2.229699143e+02 +3.4935e+00 +1.9090e-01
427 0 +9.397696071e-03 -2.229706023e+02 -2.229706023e+02 +3.4914e+00 +1.9044e-01
432 0 +7.614569754e-03 -2.229723854e+02 -2.229723854e+02 +3.4882e+00 +1.8972e-01
435 0 +7.266913768e-03 -2.229727331e+02 -2.229727331e+02 +3.4876e+00 +1.8957e-01
445 0 +6.572873701e-03 -2.229734271e+02 -2.229734271e+02 +3.4841e+00 +1.8880e-01
449 0 +4.012531663e-03 -2.229759875e+02 -2.229759875e+02 +3.4762e+00 +1.8697e-01
452 0 +1.500155343e-03 -2.229784998e+02 -2.229784998e+02 +3.4676e+00 +1.8505e-01
482 0 +7.492331516e-04 -2.229792508e+02 -2.229792508e+02 +3.4665e+00 +1.8478e-01
489 0 +7.190741178e-04 -2.229792809e+02 -2.229792809e+02 +3.4625e+00 +1.8387e-01
498 0 +6.766175508e-04 -2.229793234e+02 -2.229793234e+02 +3.4597e+00 +1.8323e-01
502 0 +7.202147600e-05 -2.229799280e+02 -2.229799280e+02 +3.4552e+00 +1.8221e-01
557 0 +2.633465562e-05 -2.229799737e+02 -2.229799737e+02 +3.4572e+00 +1.8267e-01
564 0 +2.097806905e-05 -2.229799790e+02 -2.229799790e+02 +3.4552e+00 +1.8222e-01
597 0 +1.695894002e-05 -2.229799830e+02 -2.229799830e+02 +3.4546e+00 +1.8209e-01
616 0 +1.427263538e-05 -2.229799857e+02 -2.229799857e+02 +3.4546e+00 +1.8207e-01
618 0 +1.345062023e-05 -2.229799865e+02 -2.229799865e+02 +3.4550e+00 +1.8216e-01
622 0 +1.090109922e-05 -2.229799891e+02 -2.229799891e+02 +3.4548e+00 +1.8213e-01
631 0 +7.961167881e-06 -2.229799920e+02 -2.229799920e+02 +3.4550e+00 +1.8218e-01
633 0 +5.773994388e-06 -2.229799942e+02 -2.229799942e+02 +3.4554e+00 +1.8226e-01
642 0 +3.627250180e-06 -2.229799964e+02 -2.229799964e+02 +3.4561e+00 +1.8241e-01
660 0 +3.242495438e-06 -2.229799968e+02 -2.229799968e+02 +3.4561e+00 +1.8242e-01
666 0 +1.413752102e-06 -2.229799986e+02 -2.229799986e+02 +3.4559e+00 +1.8239e-01
670 0 +1.221362965e-06 -2.229799988e+02 -2.229799988e+02 +3.4557e+00 +1.8234e-01
732 0 +1.044236598e-06 -2.229799990e+02 -2.229799990e+02 +3.4556e+00 +1.8232e-01
771 0 +1.007677980e-06 -2.229799990e+02 -2.229799990e+02 +3.4557e+00 +1.8233e-01
774 0 +8.953348924e-07 -2.229799991e+02 -2.229799991e+02 +3.4556e+00 +1.8232e-01
775 0 +3.781912881e-07 -2.229799996e+02 -2.229799996e+02 +3.4559e+00 +1.8237e-01
799 0 +2.275540965e-07 -2.229799998e+02 -2.229799998e+02 +3.4558e+00 +1.8237e-01
814 0 +1.838431274e-07 -2.229799998e+02 -2.229799998e+02 +3.4559e+00 +1.8237e-01
821 0 +4.476018489e-08 -2.229800000e+02 -2.229800000e+02 +3.4559e+00 +1.8238e-01
882 0 +2.948030442e-08 -2.229800000e+02 -2.229800000e+02 +3.4560e+00 +1.8240e-01
886 0 +2.083854156e-08 -2.229800000e+02 -2.229800000e+02 +3.4560e+00 +1.8241e-01
890 0 +3.587672381e-09 -2.229800000e+02 -2.229800000e+02 +3.4560e+00 +1.8240e-01
1508 0 +0.000000000e+00 -2.229800000e+02 -2.229800000e+02 +3.4560e+00 +1.8240e-01
% f evaluations | g evaluations | best noise-free fitness - Fopt (5.860000000000e+00) + sum g_i+ | measured fitness | best measured fitness or single-digit g-values | x1 | x2...
1 0 +5.889704843e+02 +5.948304843e+02 +5.948304843e+02 +0.0000e+00 +0.0000e+00
5 0 +5.571668020e+02 +5.630268020e+02 +5.630268020e+02 -1.1375e-01 -3.0566e-01
14 0 +5.251541155e+02 +5.310141155e+02 +5.310141155e+02 -3.9445e-01 +1.7836e-01
35 0 +5.057553617e+02 +5.116153617e+02 +5.116153617e+02 -5.0611e-01 +1.9222e-01
54 0 +4.968767315e+02 +5.027367315e+02 +5.027367315e+02 -5.2859e-01 +5.8749e-02
56 0 +4.471414649e+02 +4.530014649e+02 +4.530014649e+02 -8.5847e-01 +2.9842e-01
64 0 +3.804344413e+02 +3.862944413e+02 +3.862944413e+02 -1.2371e+00 +2.8840e-01
68 0 +3.429415437e+02 +3.488015437e+02 +3.488015437e+02 -1.4620e+00 +3.3546e-01
74 0 +2.672878314e+02 +2.731478314e+02 +2.731478314e+02 -1.9704e+00 +7.2782e-01
77 0 +2.567713741e+02 +2.626313741e+02 +2.626313741e+02 -1.9547e+00 +2.6819e-01
80 0 +2.327229855e+02 +2.385829855e+02 +2.385829855e+02 -2.1022e+00 +2.9961e-01
84 0 +2.055682802e+02 +2.114282802e+02 +2.114282802e+02 -2.3238e+00 +6.8589e-01
85 0 +1.995536188e+02 +2.054136188e+02 +2.054136188e+02 -2.3242e+00 +4.6205e-01
87 0 +1.343242496e+02 +1.401842496e+02 +1.401842496e+02 -2.7471e+00 +6.8834e-01
98 0 +1.265277918e+02 +1.323877918e+02 +1.323877918e+02 -2.7727e+00 +5.3781e-01
99 0 +3.410007786e+01 +3.996007786e+01 +3.996007786e+01 -3.6991e+00 +7.6261e-01
102 0 +9.750845860e+00 +1.561084586e+01 +1.561084586e+01 -3.6021e+00 +9.4157e-01
133 0 +5.273874942e+00 +1.113387494e+01 +1.113387494e+01 -3.5743e+00 +1.0410e+00
138 0 +3.606507570e+00 +9.466507570e+00 +9.466507570e+00 -3.6003e+00 +1.1621e+00
173 0 +3.409329839e+00 +9.269329839e+00 +9.269329839e+00 -3.5891e+00 +1.0675e+00
204 0 +3.346186030e+00 +9.206186030e+00 +9.206186030e+00 -3.5901e+00 +1.0566e+00
215 0 +3.301828615e+00 +9.161828615e+00 +9.161828615e+00 -3.5923e+00 +1.0685e+00
282 0 +3.232279559e+00 +9.092279559e+00 +9.092279559e+00 -3.5895e+00 +1.0626e+00
284 0 +3.150897242e+00 +9.010897242e+00 +9.010897242e+00 -3.5902e+00 +1.0642e+00
1025 0 +3.079650097e+00 +8.939650097e+00 +8.939650097e+00 -3.5916e+00 +1.0714e+00
1037 0 +2.973626806e+00 +8.833626806e+00 +8.833626806e+00 -3.5945e+00 +1.0886e+00
1042 0 +2.899410612e+00 +8.759410612e+00 +8.759410612e+00 -3.5966e+00 +1.1008e+00
1046 0 +2.807050227e+00 +8.667050227e+00 +8.667050227e+00 -3.5992e+00 +1.1163e+00
1060 0 +2.700545249e+00 +8.560545249e+00 +8.560545249e+00 -3.6023e+00 +1.1345e+00
1064 0 +2.664760205e+00 +8.524760205e+00 +8.524760205e+00 -3.6034e+00 +1.1406e+00
1067 0 +2.597589897e+00 +8.457589897e+00 +8.457589897e+00 -3.6054e+00 +1.1524e+00
1070 0 +2.511618242e+00 +8.371618242e+00 +8.371618242e+00 -3.6079e+00 +1.1677e+00
1071 0 +2.225852435e+00 +8.085852435e+00 +8.085852435e+00 -3.6170e+00 +1.2207e+00
1072 0 +2.152342098e+00 +8.012342098e+00 +8.012342098e+00 -3.6194e+00 +1.2349e+00
1076 0 +1.258818029e+00 +7.118818029e+00 +7.118818029e+00 -3.6537e+00 +1.4368e+00
1084 0 +3.215110107e-01 +6.181511011e+00 +6.181511011e+00 -3.7200e+00 +1.8272e+00
1086 0 +2.509643856e-01 +6.110964386e+00 +6.110964386e+00 -3.7361e+00 +1.9222e+00
1142 0 +2.401907732e-01 +6.100190773e+00 +6.100190773e+00 -3.7424e+00 +1.9591e+00
1173 0 +2.394417344e-01 +6.099441734e+00 +6.099441734e+00 -3.7433e+00 +1.9642e+00
1673 0 +2.331682978e-01 +6.093168298e+00 +6.093168298e+00 -3.7428e+00 +1.9615e+00
1713 0 +2.287940686e-01 +6.088794069e+00 +6.088794069e+00 -3.7442e+00 +1.9698e+00
1731 0 +2.235481782e-01 +6.083548178e+00 +6.083548178e+00 -3.7425e+00 +1.9603e+00
1740 0 +2.187391683e-01 +6.078739168e+00 +6.078739168e+00 -3.7431e+00 +1.9641e+00
1743 0 +2.092013387e-01 +6.069201339e+00 +6.069201339e+00 -3.7437e+00 +1.9675e+00
1746 0 +2.058317020e-01 +6.065831702e+00 +6.065831702e+00 -3.7461e+00 +1.9819e+00
1750 0 +2.005544882e-01 +6.060554488e+00 +6.060554488e+00 -3.7498e+00 +2.0039e+00
1752 0 +1.918714671e-01 +6.051871467e+00 +6.051871467e+00 -3.7435e+00 +1.9672e+00
1753 0 +1.853098555e-01 +6.045309855e+00 +6.045309855e+00 -3.7476e+00 +1.9917e+00
1759 0 +1.612237095e-01 +6.021223710e+00 +6.021223710e+00 -3.7323e+00 +1.9032e+00
1761 0 +5.830460678e-02 +5.918304607e+00 +5.918304607e+00 -3.7381e+00 +1.9400e+00
1770 0 +3.054733205e-02 +5.890547332e+00 +5.890547332e+00 -3.7514e+00 +2.0216e+00
1782 0 +2.229339797e-02 +5.882293398e+00 +5.882293398e+00 -3.7605e+00 +2.0740e+00
1794 0 +5.508796705e-03 +5.865508797e+00 +5.865508797e+00 -3.7480e+00 +2.0006e+00
1846 0 +1.548283562e-03 +5.861548284e+00 +5.861548284e+00 -3.7539e+00 +2.0353e+00
2001 0 +1.334470607e-03 +5.861334471e+00 +5.861334471e+00 -3.7545e+00 +2.0386e+00
2003 0 +1.211542537e-03 +5.861211543e+00 +5.861211543e+00 -3.7540e+00 +2.0357e+00
2009 0 +5.117701608e-04 +5.860511770e+00 +5.860511770e+00 -3.7532e+00 +2.0313e+00
2014 0 +3.696050724e-04 +5.860369605e+00 +5.860369605e+00 -3.7509e+00 +2.0175e+00
2030 0 +4.683117043e-05 +5.860046831e+00 +5.860046831e+00 -3.7506e+00 +2.0157e+00
2055 0 +1.858175396e-05 +5.860018582e+00 +5.860018582e+00 -3.7513e+00 +2.0197e+00
2081 0 +1.260710661e-05 +5.860012607e+00 +5.860012607e+00 -3.7513e+00 +2.0197e+00
2088 0 +4.063820976e-06 +5.860004064e+00 +5.860004064e+00 -3.7513e+00 +2.0200e+00
2135 0 +1.716903543e-06 +5.860001717e+00 +5.860001717e+00 -3.7513e+00 +2.0198e+00
2153 0 +1.145944827e-06 +5.860001146e+00 +5.860001146e+00 -3.7513e+00 +2.0197e+00
2176 0 +2.913366437e-08 +5.860000029e+00 +5.860000029e+00 -3.7512e+00 +2.0191e+00
2248 0 +2.875618588e-08 +5.860000029e+00 +5.860000029e+00 -3.7512e+00 +2.0192e+00
2271 0 +1.388904280e-08 +5.860000014e+00 +5.860000014e+00 -3.7512e+00 +2.0192e+00
2277 0 +9.618578822e-09 +5.860000010e+00 +5.860000010e+00 -3.7512e+00 +2.0192e+00
% f evaluations | g evaluations | best noise-free fitness - Fopt (2.048600000000e+02) + sum g_i+ | measured fitness | best measured fitness or single-digit g-values | x1 | x2...
1 0 +4.922389930e+02 +6.970989930e+02 +6.970989930e+02 +0.0000e+00 +0.0000e+00
5 0 +4.681283819e+02 +6.729883819e+02 +6.729883819e+02 -1.1375e-01 -3.0566e-01
8 0 +4.571080644e+02 +6.619680644e+02 +6.619680644e+02 -1.1781e-01 +1.5775e-02
10 0 +4.549253056e+02 +6.597853056e+02 +6.597853056e+02 -1.2536e-01 +1.4549e-02
14 0 +3.709086721e+02 +5.757686721e+02 +5.757686721e+02 -3.9445e-01 +1.7836e-01
35 0 +3.377421828e+02 +5.426021828e+02 +5.426021828e+02 -5.0611e-01 +1.9222e-01
56 0 +2.313466996e+02 +4.362066996e+02 +4.362066996e+02 -8.5847e-01 +2.9842e-01
64 0 +1.048319120e+02 +3.096919120e+02 +3.096919120e+02 -1.2833e+00 +3.8336e-01
68 0 +1.264191018e+01 +2.175019102e+02 +2.175019102e+02 -1.6468e+00 +6.3294e-01
112 0 +6.846808505e+00 +2.117068085e+02 +2.117068085e+02 -1.6251e+00 +6.4196e-01
116 0 +6.558032745e+00 +2.114180327e+02 +2.114180327e+02 -1.5848e+00 +7.1002e-01
133 0 +6.287942166e+00 +2.111479422e+02 +2.111479422e+02 -1.6191e+00 +6.7180e-01
142 0 +5.512214798e+00 +2.103722148e+02 +2.103722148e+02 -1.6007e+00 +6.0105e-01
144 0 +3.894666121e+00 +2.087546661e+02 +2.087546661e+02 -1.6127e+00 +6.5637e-01
156 0 +2.588751472e+00 +2.074487515e+02 +2.074487515e+02 -1.6033e+00 +6.6710e-01
167 0 +2.343428785e+00 +2.072034288e+02 +2.072034288e+02 -1.6036e+00 +6.7170e-01
238 0 +2.233440345e+00 +2.070934403e+02 +2.070934403e+02 -1.6023e+00 +6.8935e-01
264 0 +2.184725979e+00 +2.070447260e+02 +2.070447260e+02 -1.6025e+00 +6.8677e-01
560 0 +2.096913602e+00 +2.069569136e+02 +2.069569136e+02 -1.6071e+00 +6.4842e-01
566 0 +2.078281908e+00 +2.069382819e+02 +2.069382819e+02 -1.6079e+00 +6.4221e-01
572 0 +1.983031223e+00 +2.068430312e+02 +2.068430312e+02 -1.6132e+00 +5.9856e-01
574 0 +1.940095202e+00 +2.068000952e+02 +2.068000952e+02 -1.6155e+00 +5.7960e-01
580 0 +1.869059489e+00 +2.067290595e+02 +2.067290595e+02 -1.6190e+00 +5.5064e-01
584 0 +1.780462936e+00 +2.066404629e+02 +2.066404629e+02 -1.6245e+00 +5.0604e-01
585 0 +1.577641134e+00 +2.064376411e+02 +2.064376411e+02 -1.6381e+00 +3.9323e-01
587 0 +1.463530837e+00 +2.063235308e+02 +2.063235308e+02 -1.6469e+00 +3.2062e-01
592 0 +9.979911194e-01 +2.058579911e+02 +2.058579911e+02 -1.7039e+00 -1.4826e-01
624 0 +9.444780873e-01 +2.058044781e+02 +2.058044781e+02 -1.7325e+00 -3.8263e-01
859 0 +9.263408879e-01 +2.057863409e+02 +2.057863409e+02 -1.7319e+00 -3.7677e-01
901 0 +8.987843518e-01 +2.057587844e+02 +2.057587844e+02 -1.7390e+00 -4.3400e-01
909 0 +8.900956756e-01 +2.057500957e+02 +2.057500957e+02 -1.7520e+00 -5.3968e-01
915 0 +8.523297650e-01 +2.057123298e+02 +2.057123298e+02 -1.7632e+00 -6.2891e-01
921 0 +7.935127273e-01 +2.056535127e+02 +2.056535127e+02 -1.7512e+00 -5.3043e-01
932 0 +6.590965839e-01 +2.055190966e+02 +2.055190966e+02 -1.7710e+00 -6.8689e-01
948 0 +5.070590584e-01 +2.053670591e+02 +2.053670591e+02 -1.7919e+00 -8.4932e-01
959 0 +4.895555003e-01 +2.053495555e+02 +2.053495555e+02 -1.7815e+00 -7.6564e-01
967 0 +2.780759735e-01 +2.051380760e+02 +2.051380760e+02 -1.8035e+00 -9.3474e-01
976 0 +1.149211626e-01 +2.049749212e+02 +2.049749212e+02 -1.7546e+00 -5.3897e-01
983 0 +1.003700936e-01 +2.049603701e+02 +2.049603701e+02 -1.7733e+00 -6.8408e-01
987 0 +6.441611300e-02 +2.049244161e+02 +2.049244161e+02 -1.7844e+00 -7.7446e-01
989 0 +5.422157647e-02 +2.049142216e+02 +2.049142216e+02 -1.7619e+00 -5.9380e-01
995 0 +1.738110638e-02 +2.048773811e+02 +2.048773811e+02 -1.7559e+00 -5.4706e-01
1034 0 +1.060714366e-02 +2.048706071e+02 +2.048706071e+02 -1.7608e+00 -5.8646e-01
1081 0 +1.019130650e-02 +2.048701913e+02 +2.048701913e+02 -1.7682e+00 -6.4554e-01
1082 0 +6.323802737e-03 +2.048663238e+02 +2.048663238e+02 -1.7760e+00 -7.0846e-01
1087 0 +3.863643788e-03 +2.048638636e+02 +2.048638636e+02 -1.7718e+00 -6.7471e-01
1091 0 +1.782555193e-03 +2.048617826e+02 +2.048617826e+02 -1.7686e+00 -6.4913e-01
1106 0 +6.043924366e-04 +2.048606044e+02 +2.048606044e+02 -1.7710e+00 -6.6847e-01
1125 0 +2.819070581e-04 +2.048602819e+02 +2.048602819e+02 -1.7696e+00 -6.5677e-01
1126 0 +1.335150702e-04 +2.048601335e+02 +2.048601335e+02 -1.7698e+00 -6.5857e-01
1186 0 +1.220651077e-04 +2.048601221e+02 +2.048601221e+02 -1.7698e+00 -6.5841e-01
1208 0 +6.942153649e-05 +2.048600694e+02 +2.048600694e+02 -1.7697e+00 -6.5738e-01
1232 0 +6.662772071e-05 +2.048600666e+02 +2.048600666e+02 -1.7696e+00 -6.5666e-01
1245 0 +4.635191610e-05 +2.048600464e+02 +2.048600464e+02 -1.7695e+00 -6.5630e-01
1271 0 +3.981890578e-05 +2.048600398e+02 +2.048600398e+02 -1.7694e+00 -6.5512e-01
1276 0 +2.581586642e-05 +2.048600258e+02 +2.048600258e+02 -1.7693e+00 -6.5450e-01
1280 0 +1.869279399e-05 +2.048600187e+02 +2.048600187e+02 -1.7693e+00 -6.5418e-01
1290 0 +1.612962788e-05 +2.048600161e+02 +2.048600161e+02 -1.7691e+00 -6.5250e-01
1293 0 +1.393865134e-05 +2.048600139e+02 +2.048600139e+02 -1.7688e+00 -6.5021e-01
1300 0 +1.206138722e-05 +2.048600121e+02 +2.048600121e+02 -1.7689e+00 -6.5142e-01
1303 0 +1.108016448e-05 +2.048600111e+02 +2.048600111e+02 -1.7691e+00 -6.5319e-01
1306 0 +2.795252129e-06 +2.048600028e+02 +2.048600028e+02 -1.7688e+00 -6.5058e-01
1320 0 +1.341869051e-06 +2.048600013e+02 +2.048600013e+02 -1.7687e+00 -6.4940e-01
1362 0 +1.185822299e-06 +2.048600012e+02 +2.048600012e+02 -1.7688e+00 -6.5073e-01
1373 0 +5.033532204e-07 +2.048600005e+02 +2.048600005e+02 -1.7688e+00 -6.5034e-01
1382 0 +4.228982675e-08 +2.048600000e+02 +2.048600000e+02 -1.7688e+00 -6.5030e-01
1468 0 +4.162237133e-08 +2.048600000e+02 +2.048600000e+02 -1.7688e+00 -6.5056e-01
1485 0 +3.956441219e-08 +2.048600000e+02 +2.048600000e+02 -1.7688e+00 -6.5055e-01
1486 0 +3.712554530e-08 +2.048600000e+02 +2.048600000e+02 -1.7688e+00 -6.5055e-01
1496 0 +3.407524218e-08 +2.048600000e+02 +2.048600000e+02 -1.7688e+00 -6.5057e-01
1677 0 +3.385903824e-08 +2.048600000e+02 +2.048600000e+02 -1.7688e+00 -6.5057e-01
1695 0 +3.295852480e-08 +2.048600000e+02 +2.048600000e+02 -1.7688e+00 -6.5056e-01
1712 0 +3.175827601e-08 +2.048600000e+02 +2.048600000e+02 -1.7688e+00 -6.5056e-01
1713 0 +3.144515404e-08 +2.048600000e+02 +2.048600000e+02 -1.7688e+00 -6.5056e-01
1720 0 +3.068399224e-08 +2.048600000e+02 +2.048600000e+02 -1.7688e+00 -6.5055e-01
1724 0 +2.982918090e-08 +2.048600000e+02 +2.048600000e+02 -1.7688e+00 -6.5055e-01
1730 0 +2.760154416e-08 +2.048600000e+02 +2.048600000e+02 -1.7688e+00 -6.5054e-01
1736 0 +2.675324140e-08 +2.048600000e+02 +2.048600000e+02 -1.7688e+00 -6.5053e-01
1737 0 +2.602010341e-08 +2.048600000e+02 +2.048600000e+02 -1.7688e+00 -6.5053e-01
1743 0 +2.198916604e-08 +2.048600000e+02 +2.048600000e+02 -1.7688e+00 -6.5051e-01
1746 0 +1.997182153e-08 +2.048600000e+02 +2.048600000e+02 -1.7688e+00 -6.5049e-01
1749 0 +1.887082135e-08 +2.048600000e+02 +2.048600000e+02 -1.7688e+00 -6.5048e-01
1750 0 +1.797170057e-08 +2.048600000e+02 +2.048600000e+02 -1.7688e+00 -6.5045e-01
1756 0 +1.730896315e-08 +2.048600000e+02 +2.048600000e+02 -1.7688e+00 -6.5046e-01
1780 0 +1.516738735e-08 +2.048600000e+02 +2.048600000e+02 -1.7688e+00 -6.5048e-01
1797 0 +1.314532483e-08 +2.048600000e+02 +2.048600000e+02 -1.7688e+00 -6.5045e-01
1807 0 +1.288182716e-08 +2.048600000e+02 +2.048600000e+02 -1.7688e+00 -6.5046e-01
1819 0 +1.107116532e-08 +2.048600000e+02 +2.048600000e+02 -1.7688e+00 -6.5043e-01
1820 0 +6.676714293e-09 +2.048600000e+02 +2.048600000e+02 -1.7688e+00 -6.5042e-01
2530 0 +0.000000000e+00 +2.048600000e+02 +2.048600000e+02 -1.7688e+00 -6.5040e-01
% f evaluations | g evaluations | best noise-free fitness - Fopt (1.154900000000e+02) + sum g_i+ | measured fitness | best measured fitness or single-digit g-values | x1 | x2...
1 0 +3.069623969e+02 +4.224523969e+02 +4.224523969e+02 +0.0000e+00 +0.0000e+00
5 0 +2.916747563e+02 +4.071647563e+02 +4.071647563e+02 -1.1375e-01 -3.0566e-01
14 0 +2.607889176e+02 +3.762789176e+02 +3.762789176e+02 -3.9445e-01 +1.7836e-01
35 0 +2.477482612e+02 +3.632382612e+02 +3.632382612e+02 -5.0611e-01 +1.9222e-01
54 0 +2.435475130e+02 +3.590375130e+02 +3.590375130e+02 -5.2859e-01 +5.8749e-02
56 0 +2.083572583e+02 +3.238472583e+02 +3.238472583e+02 -8.5847e-01 +2.9842e-01
64 0 +1.620853470e+02 +2.775753470e+02 +2.775753470e+02 -1.2833e+00 +3.8336e-01
68 0 +1.287975285e+02 +2.442875285e+02 +2.442875285e+02 -1.6468e+00 +6.3294e-01
74 0 +1.062327415e+02 +2.217227415e+02 +2.217227415e+02 -2.8564e+00 +1.4892e+00
77 0 +8.879069570e+01 +2.042806957e+02 +2.042806957e+02 -1.9796e+00 +4.6720e-01
82 0 +8.659142088e+01 +2.020814209e+02 +2.020814209e+02 -2.1385e+00 +9.0438e-01
85 0 +5.660753332e+01 +1.720975333e+02 +1.720975333e+02 -2.4048e+00 +8.1398e-01
100 0 +5.124331738e+01 +1.667333174e+02 +1.667333174e+02 -2.6596e+00 +6.4281e-01
113 0 +4.903071756e+01 +1.645207176e+02 +1.645207176e+02 -2.4450e+00 +7.1716e-01
148 0 +4.670778285e+01 +1.621977828e+02 +1.621977828e+02 -2.5592e+00 +9.5136e-01
542 0 +4.556694363e+01 +1.610569436e+02 +1.610569436e+02 -2.5607e+00 +9.2656e-01
555 0 +4.400866328e+01 +1.594986633e+02 +1.594986633e+02 -2.5530e+00 +8.6816e-01
556 0 +4.334412152e+01 +1.588341215e+02 +1.588341215e+02 -2.5492e+00 +8.4154e-01
560 0 +4.014999781e+01 +1.556399978e+02 +1.556399978e+02 -2.5322e+00 +7.1311e-01
566 0 +3.885478762e+01 +1.543447876e+02 +1.543447876e+02 -2.5253e+00 +6.5912e-01
568 0 +3.763169035e+01 +1.531216903e+02 +1.531216903e+02 -2.5180e+00 +6.0457e-01
572 0 +3.251171596e+01 +1.480017160e+02 +1.480017160e+02 -2.4850e+00 +3.5404e-01
574 0 +3.005946946e+01 +1.455494695e+02 +1.455494695e+02 -2.4667e+00 +2.1470e-01
580 0 +2.661197859e+01 +1.421019786e+02 +1.421019786e+02 -2.4371e+00 -1.4635e-02
584 0 +2.325338783e+01 +1.387433878e+02 +1.387433878e+02 -2.3956e+00 -3.2932e-01
585 0 +2.136926615e+01 +1.368592661e+02 +1.368592661e+02 -2.2904e+00 -1.1256e+00
624 0 +2.074805102e+01 +1.362380510e+02 +1.362380510e+02 -2.3231e+00 -8.9033e-01
933 0 +2.018990665e+01 +1.356799066e+02 +1.356799066e+02 -2.3326e+00 -8.5550e-01
938 0 +1.956738815e+01 +1.350573881e+02 +1.350573881e+02 -2.3425e+00 -8.2344e-01
944 0 +1.878750042e+01 +1.342775004e+02 +1.342775004e+02 -2.3808e+00 -6.2090e-01
946 0 +1.846305837e+01 +1.339530584e+02 +1.339530584e+02 -2.3631e+00 -7.4839e-01
953 0 +1.662407881e+01 +1.321140788e+02 +1.321140788e+02 -2.4375e+00 -4.1841e-01
958 0 +1.527019159e+01 +1.307601916e+02 +1.307601916e+02 -2.4071e+00 -6.4940e-01
966 0 +1.484955955e+01 +1.303395595e+02 +1.303395595e+02 -2.3833e+00 -8.2518e-01
978 0 +1.302080121e+01 +1.285108012e+02 +1.285108012e+02 -2.5013e+00 -2.7256e-01
1073 0 +1.064815127e+01 +1.261381513e+02 +1.261381513e+02 -2.4482e+00 -6.4877e-01
1109 0 +1.046844371e+01 +1.259584437e+02 +1.259584437e+02 -2.4437e+00 -6.8482e-01
1116 0 +9.405517811e+00 +1.248955178e+02 +1.248955178e+02 -2.4202e+00 -8.9972e-01
1118 0 +7.978271662e+00 +1.234682717e+02 +1.234682717e+02 -2.4023e+00 -1.1437e+00
1128 0 +4.929718020e+00 +1.204197180e+02 +1.204197180e+02 -2.4004e+00 -1.4439e+00
1134 0 +2.633110473e+00 +1.181231105e+02 +1.181231105e+02 -2.4225e+00 -1.4055e+00
1142 0 +6.892210747e-01 +1.161792211e+02 +1.161792211e+02 -2.4178e+00 -1.7364e+00
1172 0 +4.635960038e-01 +1.159535960e+02 +1.159535960e+02 -2.4289e+00 -1.5658e+00
1177 0 +4.962481974e-02 +1.155396248e+02 +1.155396248e+02 -2.4261e+00 -1.6736e+00
1244 0 +1.569831168e-02 +1.155056983e+02 +1.155056983e+02 -2.4294e+00 -1.6177e+00
1304 0 +1.233262272e-02 +1.155023326e+02 +1.155023326e+02 -2.4292e+00 -1.6233e+00
1376 0 +9.003231805e-03 +1.154990032e+02 +1.154990032e+02 -2.4284e+00 -1.6362e+00
1381 0 +6.986144994e-03 +1.154969861e+02 +1.154969861e+02 -2.4288e+00 -1.6296e+00
1382 0 +2.671276358e-03 +1.154926713e+02 +1.154926713e+02 -2.4283e+00 -1.6403e+00
1386 0 +2.484743632e-03 +1.154924847e+02 +1.154924847e+02 -2.4273e+00 -1.6594e+00
1450 0 +2.376631270e-03 +1.154923766e+02 +1.154923766e+02 -2.4262e+00 -1.6776e+00
1454 0 +1.855250739e-03 +1.154918553e+02 +1.154918553e+02 -2.4271e+00 -1.6629e+00
1456 0 +1.484343237e-03 +1.154914843e+02 +1.154914843e+02 -2.4267e+00 -1.6700e+00
1464 0 +1.295900906e-03 +1.154912959e+02 +1.154912959e+02 -2.4269e+00 -1.6652e+00
1477 0 +1.542102774e-04 +1.154901542e+02 +1.154901542e+02 -2.4272e+00 -1.6609e+00
1516 0 +1.396833339e-04 +1.154901397e+02 +1.154901397e+02 -2.4272e+00 -1.6599e+00
1521 0 +1.073736584e-04 +1.154901074e+02 +1.154901074e+02 -2.4273e+00 -1.6573e+00
1539 0 +6.233551822e-05 +1.154900623e+02 +1.154900623e+02 -2.4272e+00 -1.6608e+00
1541 0 +1.039360886e-05 +1.154900104e+02 +1.154900104e+02 -2.4273e+00 -1.6590e+00
1556 0 +9.264746595e-06 +1.154900093e+02 +1.154900093e+02 -2.4272e+00 -1.6602e+00
1564 0 +3.217663917e-06 +1.154900032e+02 +1.154900032e+02 -2.4272e+00 -1.6600e+00
1590 0 +1.876028563e-06 +1.154900019e+02 +1.154900019e+02 -2.4272e+00 -1.6598e+00
1615 0 +7.532679405e-07 +1.154900008e+02 +1.154900008e+02 -2.4272e+00 -1.6601e+00
1623 0 +1.844498883e-07 +1.154900002e+02 +1.154900002e+02 -2.4272e+00 -1.6601e+00
1773 0 +1.728522392e-07 +1.154900002e+02 +1.154900002e+02 -2.4272e+00 -1.6601e+00
1782 0 +1.497694058e-07 +1.154900001e+02 +1.154900001e+02 -2.4272e+00 -1.6601e+00
1788 0 +1.343055516e-07 +1.154900001e+02 +1.154900001e+02 -2.4272e+00 -1.6601e+00
1792 0 +6.268709285e-08 +1.154900001e+02 +1.154900001e+02 -2.4272e+00 -1.6601e+00
1805 0 +1.754027323e-08 +1.154900000e+02 +1.154900000e+02 -2.4272e+00 -1.6600e+00
1860 0 +1.425797791e-08 +1.154900000e+02 +1.154900000e+02 -2.4272e+00 -1.6600e+00
1870 0 +1.258976567e-08 +1.154900000e+02 +1.154900000e+02 -2.4272e+00 -1.6600e+00
1875 0 +4.020321853e-09 +1.154900000e+02 +1.154900000e+02 -2.4272e+00 -1.6600e+00
2401 0 +0.000000000e+00 +1.154900000e+02 +1.154900000e+02 -2.4272e+00 -1.6600e+00
% f evaluations | g evaluations | best noise-free fitness - Fopt (1.950500000000e+02) + sum g_i+ | measured fitness | best measured fitness or single-digit g-values | x1 | x2...
1 0 +1.870699115e+02 +3.821199115e+02 +3.821199115e+02 +0.0000e+00 +0.0000e+00
2 0 +9.207613895e+01 +2.871261390e+02 +2.871261390e+02 +4.3379e-01 +3.0692e-02
9 0 +7.201909150e+01 +2.670690915e+02 +2.670690915e+02 +5.3630e-01 +1.4690e-01
12 0 +6.912089641e+01 +2.641708964e+02 +2.641708964e+02 +5.2436e-01 -1.4160e-01
16 0 +2.587780098e+01 +2.209278010e+02 +2.209278010e+02 +9.8724e-01 +1.2127e-01
21 0 +1.529298803e+01 +2.103429880e+02 +2.103429880e+02 +8.3208e-01 +4.6459e-01
22 0 +5.749699091e+00 +2.007996991e+02 +2.007996991e+02 +8.8675e-01 +3.6155e-02
23 0 +1.730272738e+00 +1.967802727e+02 +1.967802727e+02 +8.8963e-01 +2.7553e-01
38 0 +3.076157668e-01 +1.953576158e+02 +1.953576158e+02 +8.2263e-01 -3.6738e-01
543 0 +2.587235359e-01 +1.953087235e+02 +1.953087235e+02 +8.7976e-01 +2.4083e-01
550 0 +2.087999223e-01 +1.952587999e+02 +1.952587999e+02 +8.7635e-01 +2.0495e-01
556 0 +1.075675613e-01 +1.951575676e+02 +1.951575676e+02 +8.6746e-01 +1.1172e-01
560 0 +1.739299920e-02 +1.950673930e+02 +1.950673930e+02 +8.4912e-01 -8.0629e-02
668 0 +1.629656668e-02 +1.950662966e+02 +1.950662966e+02 +8.5046e-01 -6.6667e-02
675 0 +1.226459332e-02 +1.950622646e+02 +1.950622646e+02 +8.4628e-01 -1.1069e-01
678 0 +9.362142287e-03 +1.950593621e+02 +1.950593621e+02 +8.4802e-01 -9.2483e-02
679 0 +8.349254446e-03 +1.950583493e+02 +1.950583493e+02 +8.4680e-01 -1.0540e-01
705 0 +6.690981666e-03 +1.950566910e+02 +1.950566910e+02 +8.5032e-01 -6.9081e-02
709 0 +4.231049433e-03 +1.950542310e+02 +1.950542310e+02 +8.4411e-01 -1.3399e-01
714 0 +2.850919688e-03 +1.950528509e+02 +1.950528509e+02 +8.4707e-01 -1.0281e-01
717 0 +8.775730005e-04 +1.950508776e+02 +1.950508776e+02 +8.4730e-01 -1.0048e-01
732 0 +3.852131418e-04 +1.950503852e+02 +1.950503852e+02 +8.4834e-01 -8.9607e-02
771 0 +3.187592176e-04 +1.950503188e+02 +1.950503188e+02 +8.4701e-01 -1.0357e-01
908 0 +2.329826200e-04 +1.950502330e+02 +1.950502330e+02 +8.4672e-01 -1.0665e-01
918 0 +1.331102900e-04 +1.950501331e+02 +1.950501331e+02 +8.4647e-01 -1.0923e-01
936 0 +1.127981166e-04 +1.950501128e+02 +1.950501128e+02 +8.4702e-01 -1.0350e-01
939 0 +1.050062337e-04 +1.950501050e+02 +1.950501050e+02 +8.4728e-01 -1.0073e-01
963 0 +5.310643328e-05 +1.950500531e+02 +1.950500531e+02 +8.4725e-01 -1.0106e-01
981 0 +6.881305609e-06 +1.950500069e+02 +1.950500069e+02 +8.4714e-01 -1.0227e-01
987 0 +6.711265229e-06 +1.950500067e+02 +1.950500067e+02 +8.4715e-01 -1.0213e-01
1031 0 +2.770535303e-06 +1.950500028e+02 +1.950500028e+02 +8.4714e-01 -1.0222e-01
1074 0 +1.549839027e-06 +1.950500015e+02 +1.950500015e+02 +8.4713e-01 -1.0231e-01
1118 0 +1.072800131e-06 +1.950500011e+02 +1.950500011e+02 +8.4714e-01 -1.0224e-01
1128 0 +2.417448854e-07 +1.950500002e+02 +1.950500002e+02 +8.4717e-01 -1.0191e-01
1172 0 +8.319696576e-08 +1.950500001e+02 +1.950500001e+02 +8.4719e-01 -1.0166e-01
1212 0 +5.010346626e-08 +1.950500001e+02 +1.950500001e+02 +8.4719e-01 -1.0170e-01
1230 0 +1.874303734e-08 +1.950500000e+02 +1.950500000e+02 +8.4719e-01 -1.0168e-01
1273 0 +1.038793584e-08 +1.950500000e+02 +1.950500000e+02 +8.4720e-01 -1.0159e-01
1281 0 +5.400892178e-09 +1.950500000e+02 +1.950500000e+02 +8.4720e-01 -1.0162e-01
% f evaluations | g evaluations | best noise-free fitness - Fopt (-2.144800000000e+02) + sum g_i+ | measured fitness | best measured fitness or single-digit g-values | x1 | x2...
1 0 +3.673824357e+02 +1.529024357e+02 +1.529024357e+02 +0.0000e+00 +0.0000e+00
2 0 +2.639274510e+02 +4.944745101e+01 +4.944745101e+01 +4.3379e-01 +3.0692e-02
9 0 +2.063795260e+02 -8.100473996e+00 -8.100473996e+00 +4.7684e-01 +2.4785e-01
11 0 +1.884540891e+02 -2.602591088e+01 -2.602591088e+01 +3.8582e-01 +4.2141e-01
16 0 +1.200325267e+02 -9.444747327e+01 -9.444747327e+01 +7.3666e-01 +3.7681e-01
19 0 +5.190090339e+01 -1.625790966e+02 -1.625790966e+02 +4.9059e-01 +9.3781e-01
20 0 +2.444292485e+01 -1.900370751e+02 -1.900370751e+02 +8.3504e-01 +8.0827e-01
76 0 +1.523378224e+01 -1.992462178e+02 -1.992462178e+02 +8.7580e-01 +7.1249e-01
99 0 +1.511707212e+01 -1.993629279e+02 -1.993629279e+02 +7.9779e-01 +7.9246e-01
104 0 +1.391036582e+01 -2.005696342e+02 -2.005696342e+02 +7.5735e-01 +8.4326e-01
212 0 +1.380006710e+01 -2.006799329e+02 -2.006799329e+02 +7.8204e-01 +8.1492e-01
334 0 +1.340925707e+01 -2.010707429e+02 -2.010707429e+02 +7.4861e-01 +8.5041e-01
338 0 +1.294652494e+01 -2.015334751e+02 -2.015334751e+02 +6.9744e-01 +9.0587e-01
344 0 +1.169423750e+01 -2.027857625e+02 -2.027857625e+02 +5.7436e-01 +1.0378e+00
351 0 +7.852475250e+00 -2.066275248e+02 -2.066275248e+02 +1.0657e-01 +1.5409e+00
356 0 +3.400080820e+00 -2.110799192e+02 -2.110799192e+02 -8.3692e-01 +2.5566e+00
364 0 +3.285564667e+00 -2.111944353e+02 -2.111944353e+02 -1.8186e+00 +3.6143e+00
366 0 +2.878816401e+00 -2.116011836e+02 -2.116011836e+02 -1.1245e+00 +2.8663e+00
390 0 +2.503930983e+00 -2.119760690e+02 -2.119760690e+02 -1.6245e+00 +3.4030e+00
396 0 +2.438795426e+00 -2.120412046e+02 -2.120412046e+02 -1.4593e+00 +3.2254e+00
542 0 +2.392810610e+00 -2.120871894e+02 -2.120871894e+02 -1.3694e+00 +3.1284e+00
566 0 +2.338797902e+00 -2.121412021e+02 -2.121412021e+02 -1.3967e+00 +3.1576e+00
574 0 +2.283198978e+00 -2.121968010e+02 -2.121968010e+02 -1.3819e+00 +3.1414e+00
580 0 +2.167382357e+00 -2.123126176e+02 -2.123126176e+02 -1.4638e+00 +3.2289e+00
585 0 +2.105879610e+00 -2.123741204e+02 -2.123741204e+02 -1.4331e+00 +3.1956e+00
586 0 +2.061160476e+00 -2.124188395e+02 -2.124188395e+02 -1.5188e+00 +3.2875e+00
592 0 +1.539453401e+00 -2.129405466e+02 -2.129405466e+02 -1.6273e+00 +3.4014e+00
599 0 +1.163465673e+00 -2.133165343e+02 -2.133165343e+02 -1.8648e+00 +3.6535e+00
604 0 +1.131764186e+00 -2.133482358e+02 -2.133482358e+02 -2.1673e+00 +3.9750e+00
610 0 +4.371725567e-01 -2.140428274e+02 -2.140428274e+02 -2.0444e+00 +3.8412e+00
620 0 +4.169360027e-01 -2.140630640e+02 -2.140630640e+02 -2.0113e+00 +3.8059e+00
753 0 +4.018069676e-01 -2.140781930e+02 -2.140781930e+02 -2.0960e+00 +3.8959e+00
754 0 +3.943724262e-01 -2.140856276e+02 -2.140856276e+02 -2.0759e+00 +3.8742e+00
762 0 +3.442427934e-01 -2.141357572e+02 -2.141357572e+02 -2.0535e+00 +3.8504e+00
770 0 +3.232057789e-01 -2.141567942e+02 -2.141567942e+02 -2.0122e+00 +3.8065e+00
776 0 +2.256030347e-01 -2.142543970e+02 -2.142543970e+02 -1.9455e+00 +3.7351e+00
782 0 +9.765896401e-02 -2.143823410e+02 -2.143823410e+02 -1.8491e+00 +3.6317e+00
790 0 +3.726538383e-02 -2.144427346e+02 -2.144427346e+02 -1.7849e+00 +3.5629e+00
822 0 +2.219998629e-02 -2.144578000e+02 -2.144578000e+02 -1.6999e+00 +3.4720e+00
879 0 +1.249451713e-02 -2.144675055e+02 -2.144675055e+02 -1.6601e+00 +3.4291e+00
882 0 +4.418972808e-03 -2.144755810e+02 -2.144755810e+02 -1.6765e+00 +3.4467e+00
939 0 +1.164258052e-03 -2.144788357e+02 -2.144788357e+02 -1.6764e+00 +3.4467e+00
969 0 +3.077068738e-04 -2.144796923e+02 -2.144796923e+02 -1.6677e+00 +3.4373e+00
1053 0 +2.098610655e-04 -2.144797901e+02 -2.144797901e+02 -1.6691e+00 +3.4388e+00
1062 0 +1.684380392e-04 -2.144798316e+02 -2.144798316e+02 -1.6730e+00 +3.4430e+00
1081 0 +9.959430972e-05 -2.144799004e+02 -2.144799004e+02 -1.6723e+00 +3.4422e+00
1098 0 +9.242240020e-05 -2.144799076e+02 -2.144799076e+02 -1.6729e+00 +3.4430e+00
1108 0 +2.721906026e-05 -2.144799728e+02 -2.144799728e+02 -1.6774e+00 +3.4478e+00
1174 0 +2.648372467e-05 -2.144799735e+02 -2.144799735e+02 -1.6756e+00 +3.4458e+00
1176 0 +2.365255966e-05 -2.144799763e+02 -2.144799763e+02 -1.6760e+00 +3.4462e+00
1179 0 +2.327123423e-05 -2.144799767e+02 -2.144799767e+02 -1.6753e+00 +3.4455e+00
1180 0 +1.861310707e-05 -2.144799814e+02 -2.144799814e+02 -1.6764e+00 +3.4467e+00
1196 0 +1.405792119e-05 -2.144799859e+02 -2.144799859e+02 -1.6772e+00 +3.4475e+00
1209 0 +1.286951567e-05 -2.144799871e+02 -2.144799871e+02 -1.6762e+00 +3.4465e+00
1216 0 +9.898432808e-06 -2.144799901e+02 -2.144799901e+02 -1.6766e+00 +3.4469e+00
1242 0 +7.964973548e-06 -2.144799920e+02 -2.144799920e+02 -1.6766e+00 +3.4468e+00
1245 0 +7.755830723e-06 -2.144799922e+02 -2.144799922e+02 -1.6766e+00 +3.4468e+00
1273 0 +5.861630200e-06 -2.144799941e+02 -2.144799941e+02 -1.6768e+00 +3.4471e+00
1274 0 +3.843599018e-06 -2.144799962e+02 -2.144799962e+02 -1.6772e+00 +3.4475e+00
1282 0 +3.180367770e-06 -2.144799968e+02 -2.144799968e+02 -1.6778e+00 +3.4482e+00
1283 0 +2.969380091e-06 -2.144799970e+02 -2.144799970e+02 -1.6776e+00 +3.4479e+00
1288 0 +1.682878548e-06 -2.144799983e+02 -2.144799983e+02 -1.6779e+00 +3.4483e+00
1289 0 +1.344498145e-06 -2.144799987e+02 -2.144799987e+02 -1.6782e+00 +3.4486e+00
1300 0 +3.605088637e-07 -2.144799996e+02 -2.144799996e+02 -1.6785e+00 +3.4489e+00
1338 0 +2.997955733e-07 -2.144799997e+02 -2.144799997e+02 -1.6785e+00 +3.4489e+00
1344 0 +2.418252620e-08 -2.144800000e+02 -2.144800000e+02 -1.6783e+00 +3.4487e+00
1356 0 +2.158589041e-08 -2.144800000e+02 -2.144800000e+02 -1.6784e+00 +3.4488e+00
1419 0 +1.581318543e-08 -2.144800000e+02 -2.144800000e+02 -1.6784e+00 +3.4488e+00
1420 0 +6.163162425e-09 -2.144800000e+02 -2.144800000e+02 -1.6784e+00 +3.4488e+00
1999 0 +0.000000000e+00 -2.144800000e+02 -2.144800000e+02 -1.6784e+00 +3.4488e+00
% f evaluations | g evaluations | best noise-free fitness - Fopt (-4.590000000000e+01) + sum g_i+ | measured fitness | best measured fitness or single-digit g-values | x1 | x2...
1 0 +3.351869082e+02 +2.892869082e+02 +2.892869082e+02 +0.0000e+00 +0.0000e+00
5 0 +2.699844895e+02 +2.240844895e+02 +2.240844895e+02 -1.1375e-01 -3.0566e-01
12 0 +2.648471324e+02 +2.189471324e+02 +2.189471324e+02 +3.3015e-01 -3.6944e-01
22 0 +2.623837888e+02 +2.164837888e+02 +2.164837888e+02 +2.1166e-01 -3.7060e-01
25 0 +2.542480103e+02 +2.083480103e+02 +2.083480103e+02 +3.0804e-01 -4.1861e-01
26 0 +2.389077819e+02 +1.930077819e+02 +1.930077819e+02 +3.9271e-01 -5.0042e-01
30 0 +1.859919619e+02 +1.400919619e+02 +1.400919619e+02 +4.4898e-01 -7.6245e-01
33 0 +4.777091264e+01 +1.870912644e+00 +1.870912644e+00 +1.0648e+00 -1.4893e+00
46 0 +2.795774659e+01 -1.794225341e+01 -1.794225341e+01 +5.5708e-01 -1.5532e+00
54 0 +1.804765934e+01 -2.785234066e+01 -2.785234066e+01 +2.6076e-01 -1.5867e+00
78 0 +1.180109081e+00 -4.471989092e+01 -4.471989092e+01 +6.8351e-01 -1.6955e+00
682 0 +9.327301286e-01 -4.496726987e+01 -4.496726987e+01 +4.8724e-01 -1.6898e+00
686 0 +7.673947216e-01 -4.513260528e+01 -4.513260528e+01 -1.7630e-02 -1.6703e+00
687 0 +6.980728564e-01 -4.520192714e+01 -4.520192714e+01 +2.7492e-01 -1.6816e+00
690 0 +6.717259740e-01 -4.522827403e+01 -4.522827403e+01 +1.9663e-01 -1.6785e+00
1009 0 +6.571468554e-01 -4.524285314e+01 -4.524285314e+01 +1.7092e-01 -1.6775e+00
1031 0 +6.404926911e-01 -4.525950731e+01 -4.525950731e+01 +1.3706e-01 -1.6761e+00
1035 0 +6.299196191e-01 -4.527008038e+01 -4.527008038e+01 +1.1767e-01 -1.6752e+00
1040 0 +6.143417597e-01 -4.528565824e+01 -4.528565824e+01 +8.6876e-02 -1.6739e+00
1058 0 +5.704564382e-01 -4.532954356e+01 -4.532954356e+01 +1.0328e-01 -1.6744e+00
1073 0 +4.947999820e-01 -4.540520002e+01 -4.540520002e+01 +8.4744e-02 -1.6732e+00
1118 0 +4.705948421e-01 -4.542940516e+01 -4.542940516e+01 +2.0382e-04 -1.6695e+00
1128 0 +3.955339151e-01 -4.550446608e+01 -4.550446608e+01 -4.2709e-02 -1.6673e+00
1129 0 +3.824801997e-01 -4.551751980e+01 -4.551751980e+01 -8.8226e-02 -1.6651e+00
1132 0 +3.770904849e-01 -4.552290952e+01 -4.552290952e+01 -8.7033e-02 -1.6652e+00
1134 0 +3.695938170e-01 -4.553040618e+01 -4.553040618e+01 +7.0164e-03 -1.6693e+00
1136 0 +3.117572745e-01 -4.558824273e+01 -4.558824273e+01 +8.8840e-02 -1.6724e+00
1139 0 +2.245136745e-01 -4.567548633e+01 -4.567548633e+01 -2.2688e-01 -1.6577e+00
1142 0 +1.464306127e-01 -4.575356939e+01 -4.575356939e+01 -5.7482e-02 -1.6653e+00
1154 0 +6.355221297e-02 -4.583644779e+01 -4.583644779e+01 -1.0802e-01 -1.6626e+00
1163 0 +3.850137005e-02 -4.586149863e+01 -4.586149863e+01 -4.3921e-03 -1.6671e+00
1178 0 +2.532424370e-02 -4.587467576e+01 -4.587467576e+01 -1.7229e-02 -1.6665e+00
1205 0 +1.879899768e-02 -4.588120100e+01 -4.588120100e+01 -2.2645e-02 -1.6661e+00
1224 0 +4.103746899e-03 -4.589589625e+01 -4.589589625e+01 +1.4137e-02 -1.6677e+00
1264 0 +3.734855320e-03 -4.589626514e+01 -4.589626514e+01 +6.3021e-03 -1.6674e+00
1272 0 +2.889613349e-03 -4.589711039e+01 -4.589711039e+01 +9.9930e-03 -1.6675e+00
1312 0 +2.509222135e-03 -4.589749078e+01 -4.589749078e+01 +1.0555e-02 -1.6676e+00
1334 0 +2.449510567e-03 -4.589755049e+01 -4.589755049e+01 +1.0879e-02 -1.6676e+00
1351 0 +2.186744397e-03 -4.589781326e+01 -4.589781326e+01 +1.1442e-02 -1.6676e+00
1394 0 +2.103655150e-03 -4.589789634e+01 -4.589789634e+01 +1.2133e-02 -1.6676e+00
1424 0 +2.081128084e-03 -4.589791887e+01 -4.589791887e+01 +1.2198e-02 -1.6676e+00
1425 0 +1.992220958e-03 -4.589800778e+01 -4.589800778e+01 +1.2736e-02 -1.6677e+00
1430 0 +1.927597410e-03 -4.589807240e+01 -4.589807240e+01 +1.3762e-02 -1.6677e+00
1454 0 +1.852971299e-03 -4.589814703e+01 -4.589814703e+01 +1.4177e-02 -1.6677e+00
1460 0 +1.726938777e-03 -4.589827306e+01 -4.589827306e+01 +1.5580e-02 -1.6678e+00
1469 0 +1.545725396e-03 -4.589845427e+01 -4.589845427e+01 +2.0775e-02 -1.6680e+00
1475 0 +1.216222725e-03 -4.589878378e+01 -4.589878378e+01 +2.9298e-02 -1.6683e+00
1485 0 +1.195595170e-03 -4.589880440e+01 -4.589880440e+01 +2.1402e-02 -1.6680e+00
1490 0 +9.927084070e-04 -4.589900729e+01 -4.589900729e+01 +3.4110e-02 -1.6685e+00
1496 0 +9.729416973e-04 -4.589902706e+01 -4.589902706e+01 +2.6864e-02 -1.6682e+00
1499 0 +8.663234052e-04 -4.589913368e+01 -4.589913368e+01 +3.7730e-02 -1.6687e+00
1574 0 +8.479246856e-04 -4.589915208e+01 -4.589915208e+01 +3.2965e-02 -1.6685e+00
1576 0 +8.285766139e-04 -4.589917142e+01 -4.589917142e+01 +3.0064e-02 -1.6684e+00
1582 0 +7.912362025e-04 -4.589920876e+01 -4.589920876e+01 +3.2241e-02 -1.6685e+00
1585 0 +7.718520604e-04 -4.589922815e+01 -4.589922815e+01 +2.9239e-02 -1.6683e+00
1586 0 +7.417463924e-04 -4.589925825e+01 -4.589925825e+01 +2.6467e-02 -1.6682e+00
1588 0 +6.880494532e-04 -4.589931195e+01 -4.589931195e+01 +3.1136e-02 -1.6684e+00
1592 0 +6.453333877e-04 -4.589935467e+01 -4.589935467e+01 +3.2992e-02 -1.6685e+00
1595 0 +5.243741693e-04 -4.589947563e+01 -4.589947563e+01 +2.8264e-02 -1.6683e+00
1604 0 +4.438812163e-04 -4.589955612e+01 -4.589955612e+01 +2.7195e-02 -1.6683e+00
1606 0 +4.342549552e-04 -4.589956575e+01 -4.589956575e+01 +2.8613e-02 -1.6683e+00
1661 0 +4.125037932e-04 -4.589958750e+01 -4.589958750e+01 +2.7569e-02 -1.6683e+00
1680 0 +4.017296978e-04 -4.589959827e+01 -4.589959827e+01 +2.8992e-02 -1.6683e+00
1685 0 +3.776199681e-04 -4.589962238e+01 -4.589962238e+01 +2.9598e-02 -1.6684e+00
1699 0 +3.633067756e-04 -4.589963669e+01 -4.589963669e+01 +2.8572e-02 -1.6683e+00
1707 0 +3.334396865e-04 -4.589966656e+01 -4.589966656e+01 +2.9534e-02 -1.6684e+00
1712 0 +3.034755120e-04 -4.589969652e+01 -4.589969652e+01 +2.9421e-02 -1.6684e+00
1720 0 +2.959741696e-04 -4.589970403e+01 -4.589970403e+01 +2.9653e-02 -1.6684e+00
1728 0 +2.879286265e-04 -4.589971207e+01 -4.589971207e+01 +2.9725e-02 -1.6684e+00
1730 0 +2.488406847e-04 -4.589975116e+01 -4.589975116e+01 +3.0688e-02 -1.6684e+00
1736 0 +2.356219941e-04 -4.589976438e+01 -4.589976438e+01 +3.0613e-02 -1.6684e+00
1737 0 +2.215777691e-04 -4.589977842e+01 -4.589977842e+01 +3.1591e-02 -1.6684e+00
1743 0 +1.929339612e-04 -4.589980707e+01 -4.589980707e+01 +3.2044e-02 -1.6685e+00
1746 0 +1.421120832e-04 -4.589985789e+01 -4.589985789e+01 +3.3407e-02 -1.6685e+00
1749 0 +9.697489978e-05 -4.589990303e+01 -4.589990303e+01 +3.4650e-02 -1.6686e+00
1750 0 +7.416011591e-05 -4.589992584e+01 -4.589992584e+01 +3.6276e-02 -1.6686e+00
1756 0 +9.903763811e-06 -4.589999010e+01 -4.589999010e+01 +4.0445e-02 -1.6688e+00
1870 0 +8.812285579e-06 -4.589999119e+01 -4.589999119e+01 +4.1314e-02 -1.6689e+00
1880 0 +8.495051816e-06 -4.589999150e+01 -4.589999150e+01 +4.1389e-02 -1.6689e+00
1887 0 +5.819421290e-06 -4.589999418e+01 -4.589999418e+01 +4.0881e-02 -1.6688e+00
1902 0 +3.149760730e-06 -4.589999685e+01 -4.589999685e+01 +4.0827e-02 -1.6688e+00
1910 0 +1.508459242e-06 -4.589999849e+01 -4.589999849e+01 +3.9282e-02 -1.6688e+00
1921 0 +1.454806089e-06 -4.589999855e+01 -4.589999855e+01 +3.9851e-02 -1.6688e+00
1945 0 +7.296615934e-07 -4.589999927e+01 -4.589999927e+01 +4.0003e-02 -1.6688e+00
1951 0 +6.452363692e-07 -4.589999935e+01 -4.589999935e+01 +4.0344e-02 -1.6688e+00
1966 0 +3.296803968e-07 -4.589999967e+01 -4.589999967e+01 +3.9977e-02 -1.6688e+00
1975 0 +2.259305134e-07 -4.589999977e+01 -4.589999977e+01 +4.0232e-02 -1.6688e+00
1996 0 +1.300137740e-07 -4.589999987e+01 -4.589999987e+01 +4.0214e-02 -1.6688e+00
2016 0 +8.940549634e-08 -4.589999991e+01 -4.589999991e+01 +4.0140e-02 -1.6688e+00
2041 0 +7.138349645e-08 -4.589999993e+01 -4.589999993e+01 +3.9967e-02 -1.6688e+00
2044 0 +1.482604262e-09 -4.590000000e+01 -4.590000000e+01 +4.0007e-02 -1.6688e+00
