% f evaluations | g evaluations | best noise-free fitness - Fopt (4.078000000000e+01) + sum g_i+ | measured fitness | best measured fitness or single-digit g-values | x1 | x2...
1 0 +3.454477296e+01 +7.532477296e+01 +7.532477296e+01 +0.0000e+00 +0.0000e+00 +0.0000e+00 +0.0000e+00 +0.0000e+00
8 0 +2.815551820e+01 +6.893551820e+01 +6.893551820e+01 -9.0564e-02 +8.4424e-02 -2.8183e-02 -1.8777e-01 +7.4957e-02
33 0 +2.739571204e+01 +6.817571204e+01 +6.817571204e+01 +9.4915e-02 +2.4536e-01 -3.9845e-02 -3.3900e-01 +1.4114e-01
36 0 +2.513856492e+01 +6.591856492e+01 +6.591856492e+01 -1.6987e-01 -2.2320e-03 -2.6908e-01 -5.5468e-01 +1.3843e-01
40 0 +2.251298790e+01 +6.329298790e+01 +6.329298790e+01 +4.6816e-02 +3.5389e-01 -6.0865e-02 -6.1745e-01 +2.8061e-01
42 0 +1.592357229e+01 +5.670357229e+01 +5.670357229e+01 -1.3843e-01 +7.7640e-01 -6.5545e-02 -6.6668e-01 +3.2588e-01
55 0 +1.368704707e+01 +5.446704707e+01 +5.446704707e+01 -1.3525e-01 +6.5208e-01 -2.2915e-01 -1.5815e+00 +4.2585e-01
58 0 +1.077401619e+01 +5.155401619e+01 +5.155401619e+01 -6.2756e-01 +9.5628e-01 -7.0212e-01 -1.7386e+00 +2.5060e-01
67 0 +9.474619986e+00 +5.025461999e+01 +5.025461999e+01 -5.1553e-01 +6.7203e-01 +3.6288e-02 -2.2484e+00 +2.0152e-01
73 0 +9.190997548e+00 +4.997099755e+01 +4.997099755e+01 -3.9816e-01 +8.2362e-01 -1.9154e-01 -1.6105e+00 +2.5040e-01
103 0 +6.364161479e+00 +4.714416148e+01 +4.714416148e+01 -6.8568e-01 +6.7606e-01 +3.7196e-01 -1.5693e+00 +1.7375e-01
121 0 +5.952246021e+00 +4.673224602e+01 +4.673224602e+01 -8.4734e-01 +8.6066e-01 +3.2297e-01 -1.9506e+00 -7.0023e-02
130 0 +5.658883986e+00 +4.643888399e+01 +4.643888399e+01 -8.4191e-01 +6.9549e-01 +3.5279e-01 -1.8750e+00 +1.0658e-01
137 0 +4.622328798e+00 +4.540232880e+01 +4.540232880e+01 -8.7371e-01 +8.3700e-01 +4.1509e-01 -1.7079e+00 -1.1346e-02
148 0 +2.842816260e+00 +4.362281626e+01 +4.362281626e+01 -1.0044e+00 +1.0533e+00 +6.4124e-01 -1.7522e+00 +1.1359e-02
155 0 +2.028990419e+00 +4.280899042e+01 +4.280899042e+01 -1.1168e+00 +1.3041e+00 +4.3775e-01 -1.5088e+00 +2.7359e-01
165 0 +1.981316792e+00 +4.276131679e+01 +4.276131679e+01 -1.2104e+00 +1.4989e+00 +5.6174e-01 -1.6779e+00 +4.5889e-01
169 0 +1.907712139e+00 +4.268771214e+01 +4.268771214e+01 -1.2723e+00 +1.2993e+00 +6.8929e-01 -1.7109e+00 +4.9856e-01
176 0 +1.619697687e+00 +4.239969769e+01 +4.239969769e+01 -1.5621e+00 +1.1488e+00 +5.8529e-01 -1.4103e+00 +7.7713e-01
201 0 +1.338652024e+00 +4.211865202e+01 +4.211865202e+01 -1.6135e+00 +1.2371e+00 +4.8620e-01 -1.5953e+00 +4.6896e-01
260 0 +1.279560932e+00 +4.205956093e+01 +4.205956093e+01 -1.7516e+00 +1.2853e+00 +5.3102e-01 -1.5713e+00 +4.8012e-01
354 0 +1.257923720e+00 +4.203792372e+01 +4.203792372e+01 -1.7126e+00 +1.3108e+00 +5.4944e-01 -1.5295e+00 +5.2256e-01
% f evaluations | g evaluations | best noise-free fitness - Fopt (-1.600000000000e+00) + sum g_i+ | measured fitness | best measured fitness or single-digit g-values | x1 | x2...
1 0 +4.431357451e+01 +4.271357451e+01 +4.271357451e+01 +0.0000e+00 +0.0000e+00 +0.0000e+00 +0.0000e+00 +0.0000e+00
2 0 +3.227263784e+01 +3.067263784e+01 +3.067263784e+01 +4.3379e-01 +3.0692e-02 +9.8026e-02 +3.4094e-01 +2.4727e-01
10 0 +2.585051681e+01 +2.425051681e+01 +2.425051681e+01 +8.4680e-01 +8.4917e-02 +1.3836e-01 +3.9604e-01 +3.9198e-01
15 0 +2.128579377e+01 +1.968579377e+01 +1.968579377e+01 +7.8122e-01 +9.2881e-02 +2.7956e-01 -3.4594e-01 +6.3570e-01
20 0 +1.547528874e+01 +1.387528874e+01 +1.387528874e+01 +1.0666e+00 -3.9361e-01 +4.0285e-01 -1.9452e-01 +4.5787e-01
28 0 +8.044687563e+00 +6.444687563e+00 +6.444687563e+00 +2.0058e+00 -4.4150e-01 +9.4987e-01 -3.8346e-01 +1.0594e+00
161 0 +7.870906749e+00 +6.270906749e+00 +6.270906749e+00 +1.7670e+00 -7.5997e-01 +1.2296e+00 +1.8260e-02 +9.5320e-01
164 0 +7.578329511e+00 +5.978329511e+00 +5.978329511e+00 +1.9066e+00 -7.0194e-01 +1.2513e+00 -2.6074e-01 +8.6794e-01
188 0 +7.336215744e+00 +5.736215744e+00 +5.736215744e+00 +1.7996e+00 -3.5096e-01 +1.2386e+00 -2.2415e-01 +1.0073e+00
193 0 +7.181236115e+00 +5.581236115e+00 +5.581236115e+00 +1.8246e+00 -4.3878e-01 +1.3423e+00 -3.1312e-01 +9.9535e-01
213 0 +7.057596667e+00 +5.457596667e+00 +5.457596667e+00 +1.9262e+00 -2.6816e-01 +1.4364e+00 -3.2788e-01 +9.7424e-01
% f evaluations | g evaluations | best noise-free fitness - Fopt (-3.708400000000e+02) + sum g_i+ | measured fitness | best measured fitness or single-digit g-values | x1 | x2...
1 0 +6.618478373e+01 -3.046552163e+02 -3.046552163e+02 +0.0000e+00 +0.0000e+00 +0.0000e+00 +0.0000e+00 +0.0000e+00
8 0 +6.457696469e+01 -3.062630353e+02 -3.062630353e+02 -9.0564e-02 +8.4424e-02 -2.8183e-02 -1.8777e-01 +7.4957e-02
12 0 +6.387557379e+01 -3.069644262e+02 -3.069644262e+02 +6.3001e-02 +3.1593e-01 -4.7364e-01 +7.9085e-02 -1.2824e-01
27 0 +5.995785166e+01 -3.108821483e+02 -3.108821483e+02 -3.6829e-02 +4.4691e-01 -5.0031e-01 +2.7678e-02 -6.7494e-01
42 0 +5.035935058e+01 -3.204806494e+02 -3.204806494e+02 -1.0222e-01 +1.0070e+00 -3.7430e-01 -1.9228e-01 -1.0745e-01
58 0 +4.607602364e+01 -3.247639764e+02 -3.247639764e+02 -3.7688e-01 +1.3842e+00 -1.0612e+00 -8.0366e-01 -3.1477e-01
71 0 +4.060577725e+01 -3.302342227e+02 -3.302342227e+02 -2.2690e-02 +1.5329e+00 -4.8353e-01 -4.9537e-01 -1.9042e-01
81 0 +3.893990300e+01 -3.319000970e+02 -3.319000970e+02 -4.3478e-01 +1.6650e+00 -9.6274e-01 -9.6134e-01 -5.2069e-01
84 0 +3.624700477e+01 -3.345929952e+02 -3.345929952e+02 -5.9973e-02 +1.5408e+00 -5.0672e-01 -7.7241e-01 -7.2263e-01
109 0 +3.138322288e+01 -3.394567771e+02 -3.394567771e+02 -4.0804e-01 +1.6904e+00 -4.6880e-01 -6.2857e-01 -1.1039e+00
114 0 +3.026091934e+01 -3.405790807e+02 -3.405790807e+02 -6.0937e-01 +1.9932e+00 -2.4067e-01 -1.3850e+00 -5.2471e-01
128 0 +2.894567359e+01 -3.418943264e+02 -3.418943264e+02 -4.8509e-01 +2.2897e+00 -2.7867e-01 -1.5748e+00 -4.8774e-01
129 0 +2.825587280e+01 -3.425841272e+02 -3.425841272e+02 -4.2638e-01 +2.1261e+00 -3.9211e-01 -1.3308e+00 -6.8518e-01
137 0 +2.614964509e+01 -3.446903549e+02 -3.446903549e+02 -3.9211e-01 +2.3251e+00 -5.7624e-01 -1.1241e+00 -8.5896e-01
141 0 +2.416652160e+01 -3.466734784e+02 -3.466734784e+02 -2.5236e-01 +2.2871e+00 -2.6419e-01 -1.0495e+00 -1.0770e+00
144 0 +2.192776495e+01 -3.489122350e+02 -3.489122350e+02 -1.1148e-01 +2.7044e+00 -4.3105e-01 -9.9157e-01 -9.5401e-01
155 0 +2.088668847e+01 -3.499533115e+02 -3.499533115e+02 -7.1193e-01 +3.1844e+00 -5.1344e-01 -9.0691e-01 -9.4268e-01
166 0 +1.678251004e+01 -3.540574900e+02 -3.540574900e+02 -4.3908e-01 +3.7283e+00 -2.7286e-01 -1.1082e+00 -1.0631e+00
185 0 +1.370212458e+01 -3.571378754e+02 -3.571378754e+02 -5.7470e-01 +3.6159e+00 -7.6237e-02 -6.9219e-01 -8.5623e-01
200 0 +1.320877411e+01 -3.576312259e+02 -3.576312259e+02 -6.4327e-01 +3.8997e+00 +5.5944e-02 -8.2314e-01 -8.4700e-01
201 0 +1.178766958e+01 -3.590523304e+02 -3.590523304e+02 -4.5650e-01 +3.7713e+00 +3.0257e-02 -4.0785e-01 -1.0709e+00
205 0 +1.098279362e+01 -3.598572064e+02 -3.598572064e+02 -1.6949e-01 +4.2467e+00 +1.3905e-01 -1.7726e-01 -1.4144e+00
209 0 +1.077719295e+01 -3.600628070e+02 -3.600628070e+02 -4.6096e-01 +3.7134e+00 +3.9257e-01 -4.5455e-01 -9.7858e-01
212 0 +1.029807738e+01 -3.605419226e+02 -3.605419226e+02 -5.3668e-01 +3.8932e+00 +5.3165e-01 -5.3183e-01 -8.4175e-01
216 0 +9.666534358e+00 -3.611734656e+02 -3.611734656e+02 -5.1775e-01 +5.0705e+00 +8.4374e-01 -5.7538e-01 -8.7082e-01
217 0 +9.251116387e+00 -3.615888836e+02 -3.615888836e+02 -4.6077e-01 +4.5744e+00 +6.5214e-01 -4.4931e-01 -1.0735e+00
226 0 +8.965004559e+00 -3.618749954e+02 -3.618749954e+02 -2.2640e-01 +4.7529e+00 +8.4027e-01 -1.0765e-01 -1.1704e+00
278 0 +8.801643702e+00 -3.620383563e+02 -3.620383563e+02 -3.7931e-01 +4.5639e+00 +4.9042e-01 -4.7400e-01 -9.3493e-01
296 0 +8.598059293e+00 -3.622419407e+02 -3.622419407e+02 -3.1776e-01 +4.4256e+00 +7.9447e-01 -2.9511e-01 -8.6029e-01
303 0 +8.488621789e+00 -3.623513782e+02 -3.623513782e+02 -1.2489e-01 +4.6900e+00 +9.6528e-01 -1.6937e-01 -8.9049e-01
309 0 +8.316583213e+00 -3.625234168e+02 -3.625234168e+02 -2.5690e-01 +4.6667e+00 +7.0474e-01 -5.1145e-01 -8.6539e-01
582 0 +8.127811803e+00 -3.627121882e+02 -3.627121882e+02 -1.1138e-01 +4.8221e+00 +8.2594e-01 -4.2136e-01 -7.8569e-01
% f evaluations | g evaluations | best noise-free fitness - Fopt (-3.256000000000e+01) + sum g_i+ | measured fitness | best measured fitness or single-digit g-values | x1 | x2...
1 0 +5.577473827e+01 +2.321473827e+01 +2.321473827e+01 +0.0000e+00 +0.0000e+00 +0.0000e+00 +0.0000e+00 +0.0000e+00
3 0 +5.362447403e+01 +2.106447403e+01 +2.106447403e+01 +1.7369e-01 -1.1375e-01 -3.0566e-01 +1.1285e-01 -1.5359e-01
22 0 +5.158028413e+01 +1.902028413e+01 +1.902028413e+01 +1.0879e-01 +3.0106e-01 -4.4688e-01 +3.2911e-01 +1.2108e-01
27 0 +5.012394620e+01 +1.756394620e+01 +1.756394620e+01 +1.0177e-01 +3.2783e-01 -5.2031e-01 +5.9184e-02 -3.6025e-01
34 0 +4.338922463e+01 +1.082922463e+01 +1.082922463e+01 +3.5432e-01 +4.8968e-01 -6.3382e-01 +4.1237e-01 -1.0387e-01
47 0 +3.847870258e+01 +5.918702581e+00 +5.918702581e+00 +7.9226e-02 +4.5770e-01 -1.0842e+00 +2.6146e-01 -3.5303e-01
54 0 +3.704132729e+01 +4.481327289e+00 +4.481327289e+00 +9.6404e-03 +6.6047e-01 -1.3241e+00 +2.7060e-01 -1.5214e-01
62 0 +3.455984124e+01 +1.999841241e+00 +1.999841241e+00 -1.0644e-01 +7.6236e-01 -1.3571e+00 +5.7860e-01 -1.8252e-03
63 0 +3.260935189e+01 +4.935189180e-02 +4.935189180e-02 +7.8505e-02 +5.2227e-01 -1.0879e+00 +5.1585e-01 -3.8272e-01
69 0 +3.059785838e+01 -1.962141621e+00 -1.962141621e+00 +1.5256e-01 +1.4677e+00 -2.1460e+00 +5.9247e-01 -2.6122e-01
72 0 +2.807410209e+01 -4.485897908e+00 -4.485897908e+00 -2.2880e-01 +1.1719e+00 -1.9550e+00 +4.9831e-01 -3.9616e-01
81 0 +2.735018298e+01 -5.209817021e+00 -5.209817021e+00 +1.8751e-01 +1.4029e+00 -1.9259e+00 +7.0977e-01 -3.0797e-01
83 0 +2.304374877e+01 -9.516251233e+00 -9.516251233e+00 +3.1970e-01 +6.4404e-01 -1.1851e+00 +9.7207e-01 -6.6379e-01
89 0 +2.215640196e+01 -1.040359804e+01 -1.040359804e+01 +5.2662e-01 +1.1132e+00 -1.6399e+00 +8.6279e-01 -6.1348e-01
94 0 +1.703942992e+01 -1.552057008e+01 -1.552057008e+01 +8.6059e-01 +1.1365e+00 -1.5627e+00 +1.3968e+00 -9.5652e-01
107 0 +1.604648564e+01 -1.651351436e+01 -1.651351436e+01 +5.2270e-01 +8.0883e-01 -1.3998e+00 +1.6672e+00 -1.0062e+00
109 0 +1.462946490e+01 -1.793053510e+01 -1.793053510e+01 +4.1365e-01 +1.9363e+00 -1.7668e+00 +2.2391e+00 -1.4256e+00
113 0 +1.092069064e+01 -2.163930936e+01 -2.163930936e+01 +4.9415e-01 +1.1114e+00 -1.4411e+00 +1.8865e+00 -1.2417e+00
141 0 +1.031349500e+01 -2.224650500e+01 -2.224650500e+01 +1.1016e+00 +1.2214e+00 -1.0150e+00 +2.4006e+00 -1.6097e+00
157 0 +9.580040316e+00 -2.297995968e+01 -2.297995968e+01 +1.2233e+00 +1.1837e+00 -1.3055e+00 +2.7587e+00 -2.0231e+00
189 0 +9.258270287e+00 -2.330172971e+01 -2.330172971e+01 +6.3286e-01 +9.3414e-01 -7.9773e-01 +2.3201e+00 -1.5643e+00
193 0 +8.252069736e+00 -2.430793026e+01 -2.430793026e+01 +8.3044e-01 +1.3720e+00 -1.1867e+00 +2.5070e+00 -1.7591e+00
198 0 +7.780792946e+00 -2.477920705e+01 -2.477920705e+01 +6.6934e-01 +1.2305e+00 -1.2627e+00 +2.2846e+00 -1.7130e+00
210 0 +7.682780371e+00 -2.487721963e+01 -2.487721963e+01 +6.6416e-01 +1.4694e+00 -1.1765e+00 +2.3053e+00 -1.6888e+00
217 0 +7.585514940e+00 -2.497448506e+01 -2.497448506e+01 +8.2036e-01 +1.4541e+00 -1.0156e+00 +2.5154e+00 -1.8557e+00
218 0 +7.218064876e+00 -2.534193512e+01 -2.534193512e+01 +8.3953e-01 +1.4045e+00 -9.0308e-01 +2.6579e+00 -2.0056e+00
225 0 +6.872448282e+00 -2.568755172e+01 -2.568755172e+01 +7.0040e-01 +1.3115e+00 -9.2814e-01 +2.4773e+00 -1.8925e+00
229 0 +6.549836772e+00 -2.601016323e+01 -2.601016323e+01 +6.6204e-01 +1.7145e+00 -1.0549e+00 +2.7566e+00 -2.2150e+00
235 0 +5.149645352e+00 -2.741035465e+01 -2.741035465e+01 +1.9209e-01 +1.6913e+00 -1.1743e+00 +2.4035e+00 -2.1042e+00
244 0 +4.742243284e+00 -2.781775672e+01 -2.781775672e+01 +3.0246e-01 +1.7116e+00 -9.6472e-01 +2.5806e+00 -2.1831e+00
248 0 +3.711329950e+00 -2.884867005e+01 -2.884867005e+01 +1.7817e-01 +1.3569e+00 -7.2848e-01 +2.2202e+00 -2.1213e+00
262 0 +3.432631704e+00 -2.912736830e+01 -2.912736830e+01 +2.7468e-01 +1.4622e+00 -1.2279e+00 +2.4083e+00 -2.3943e+00
267 0 +3.121700233e+00 -2.943829977e+01 -2.943829977e+01 +3.9236e-01 +1.6244e+00 -1.3246e+00 +2.4316e+00 -2.4130e+00
272 0 +2.931143005e+00 -2.962885700e+01 -2.962885700e+01 +3.4318e-01 +1.7150e+00 -1.1905e+00 +2.5508e+00 -2.5215e+00
273 0 +2.742313231e+00 -2.981768677e+01 -2.981768677e+01 +2.9527e-01 +1.5637e+00 -9.5459e-01 +2.4036e+00 -2.3087e+00
277 0 +2.306311226e+00 -3.025368877e+01 -3.025368877e+01 +3.1541e-01 +1.6272e+00 -8.1509e-01 +2.5734e+00 -2.5764e+00
298 0 +2.239630183e+00 -3.032036982e+01 -3.032036982e+01 +4.0465e-01 +1.8499e+00 -9.5348e-01 +2.6988e+00 -2.8972e+00
300 0 +2.167671996e+00 -3.039232800e+01 -3.039232800e+01 +1.3960e-01 +1.6880e+00 -8.8578e-01 +2.0923e+00 -2.3948e+00
305 0 +2.088348370e+00 -3.047165163e+01 -3.047165163e+01 +2.9343e-01 +1.7162e+00 -8.6624e-01 +2.4560e+00 -2.6399e+00
320 0 +2.041164448e+00 -3.051883555e+01 -3.051883555e+01 +2.4484e-01 +1.6077e+00 -1.0159e+00 +2.1372e+00 -2.5243e+00
348 0 +1.980611961e+00 -3.057938804e+01 -3.057938804e+01 +2.3455e-01 +1.6542e+00 -8.4282e-01 +2.4156e+00 -3.0205e+00
369 0 +1.943245062e+00 -3.061675494e+01 -3.061675494e+01 +2.6822e-01 +1.7529e+00 -1.0361e+00 +2.1500e+00 -2.7999e+00
377 0 +1.887517569e+00 -3.067248243e+01 -3.067248243e+01 +2.7290e-01 +1.7676e+00 -1.0375e+00 +2.1817e+00 -2.9191e+00
403 0 +1.782145789e+00 -3.077785421e+01 -3.077785421e+01 +2.6170e-01 +1.7238e+00 -1.1782e+00 +2.0162e+00 -3.0188e+00
420 0 +1.746994376e+00 -3.081300562e+01 -3.081300562e+01 +4.3104e-01 +1.7271e+00 -1.1671e+00 +2.1598e+00 -2.9651e+00
466 0 +1.718296902e+00 -3.084170310e+01 -3.084170310e+01 +4.4768e-01 +1.7466e+00 -1.2124e+00 +2.2206e+00 -3.0341e+00
474 0 +1.680020359e+00 -3.087997964e+01 -3.087997964e+01 +3.5585e-01 +1.7096e+00 -1.1505e+00 +2.1716e+00 -3.0618e+00
482 0 +1.564166490e+00 -3.099583351e+01 -3.099583351e+01 +3.9265e-01 +1.6904e+00 -1.2987e+00 +2.1016e+00 -3.1176e+00
491 0 +1.545398294e+00 -3.101460171e+01 -3.101460171e+01 +5.3696e-01 +1.6949e+00 -1.3476e+00 +2.1577e+00 -3.0996e+00
508 0 +1.490980464e+00 -3.106901954e+01 -3.106901954e+01 +5.8331e-01 +1.6372e+00 -1.5317e+00 +2.0171e+00 -3.1182e+00
521 0 +1.469903370e+00 -3.109009663e+01 -3.109009663e+01 +5.9193e-01 +1.6785e+00 -1.6198e+00 +2.0115e+00 -3.2085e+00
522 0 +1.432967232e+00 -3.112703277e+01 -3.112703277e+01 +6.3905e-01 +1.6622e+00 -1.6238e+00 +1.9817e+00 -3.2269e+00
528 0 +1.384006652e+00 -3.117599335e+01 -3.117599335e+01 +5.4613e-01 +1.6888e+00 -1.4966e+00 +2.0560e+00 -3.2392e+00
537 0 +1.342351423e+00 -3.121764858e+01 -3.121764858e+01 +5.9443e-01 +1.6132e+00 -1.4986e+00 +1.9821e+00 -3.2486e+00
551 0 +1.295483439e+00 -3.126451656e+01 -3.126451656e+01 +5.6196e-01 +1.6447e+00 -1.4532e+00 +2.0492e+00 -3.3202e+00
632 0 +1.283917831e+00 -3.127608217e+01 -3.127608217e+01 +6.2774e-01 +1.6551e+00 -1.5880e+00 +2.0345e+00 -3.3862e+00
684 0 +1.258300893e+00 -3.130169911e+01 -3.130169911e+01 +6.5821e-01 +1.6372e+00 -1.5582e+00 +2.0416e+00 -3.4056e+00
% f evaluations | g evaluations | best noise-free fitness - Fopt (5.154000000000e+02) + sum g_i+ | measured fitness | best measured fitness or single-digit g-values | x1 | x2...
1 0 +2.019037433e+01 +5.355903743e+02 +5.355903743e+02 +0.0000e+00 +0.0000e+00 +0.0000e+00 +0.0000e+00 +0.0000e+00
9 0 +2.016959899e+01 +5.355695990e+02 +5.355695990e+02 +1.1043e-01 +1.1350e-02 -1.8581e-01 +1.7985e-03 +4.4708e-02
12 0 +1.684786864e+01 +5.322478686e+02 +5.322478686e+02 +6.3001e-02 +3.1593e-01 -4.7364e-01 +7.9085e-02 -1.2824e-01
13 0 +1.524314197e+01 +5.306431420e+02 +5.306431420e+02 -1.0307e-01 +2.0245e-01 -4.2703e-01 -3.2328e-02 -1.2697e-01
27 0 +1.470600348e+01 +5.301060035e+02 +5.301060035e+02 -3.0739e-04 +5.0427e-01 -6.2459e-01 +1.1625e-01 -7.1212e-01
47 0 +1.020984197e+01 +5.256098420e+02 +5.256098420e+02 -2.2944e-01 +4.3275e-01 -9.1275e-01 -1.9877e-01 -4.7844e-01
63 0 +9.593162507e+00 +5.249931625e+02 +5.249931625e+02 -3.6281e-01 +2.6144e-01 -1.0192e+00 -2.7181e-02 -3.9533e-01
72 0 +8.479732484e+00 +5.238797325e+02 +5.238797325e+02 -8.2015e-01 +6.5786e-01 -1.7740e+00 -2.8726e-01 -3.6458e-01
89 0 +7.588958794e+00 +5.229889588e+02 +5.229889588e+02 -7.0475e-01 +4.0054e-01 -1.9154e+00 -2.6493e-01 -6.1760e-01
92 0 +6.191520935e+00 +5.215915209e+02 +5.215915209e+02 -1.0545e+00 +2.1443e-01 -1.7690e+00 -8.3167e-02 -5.9244e-01
106 0 +4.600922302e+00 +5.200009223e+02 +5.200009223e+02 -9.7290e-01 +2.6814e-01 -1.6361e+00 -1.8603e-01 -8.6758e-01
136 0 +3.495433473e+00 +5.188954335e+02 +5.188954335e+02 -1.0671e+00 +6.8529e-01 -2.0697e+00 -1.8979e-01 -1.1795e+00
146 0 +2.676868526e+00 +5.180768685e+02 +5.180768685e+02 -1.2357e+00 +5.0955e-01 -2.2301e+00 -1.9564e-01 -1.1721e+00
148 0 +2.449506360e+00 +5.178495064e+02 +5.178495064e+02 -1.2633e+00 +6.3549e-01 -2.0252e+00 -2.5440e-01 -1.1045e+00
170 0 +2.191500291e+00 +5.175915003e+02 +5.175915003e+02 -1.5167e+00 +4.8953e-01 -2.4305e+00 -1.0009e-01 -1.2579e+00
177 0 +2.180959586e+00 +5.175809596e+02 +5.175809596e+02 -1.4138e+00 +5.5313e-01 -2.0793e+00 -1.6085e-01 -1.1250e+00
181 0 +2.117120896e+00 +5.175171209e+02 +5.175171209e+02 -1.4636e+00 +3.3945e-01 -1.4009e+00 -4.4552e-02 -1.0892e+00
184 0 +2.047059057e+00 +5.174470591e+02 +5.174470591e+02 -1.7024e+00 +6.8211e-01 -2.3903e+00 -2.4740e-01 -1.2798e+00
185 0 +2.012252495e+00 +5.174122525e+02 +5.174122525e+02 -1.5171e+00 +4.8749e-01 -1.9359e+00 -1.3192e-01 -1.1737e+00
189 0 +1.633672035e+00 +5.170336720e+02 +5.170336720e+02 -1.6518e+00 +2.9896e-01 -1.7200e+00 -8.0024e-02 -1.3034e+00
198 0 +1.270139424e+00 +5.166701394e+02 +5.166701394e+02 -1.7590e+00 +4.8389e-01 -2.2339e+00 -2.1550e-01 -1.5099e+00
209 0 +1.096375140e+00 +5.164963751e+02 +5.164963751e+02 -1.8665e+00 +3.0926e-01 -1.9207e+00 -1.3364e-01 -1.3269e+00
211 0 +9.761465533e-01 +5.163761466e+02 +5.163761466e+02 -1.8797e+00 +2.5017e-01 -1.7236e+00 +1.6529e-02 -1.4009e+00
214 0 +4.645416770e-01 +5.158645417e+02 +5.158645417e+02 -2.4691e+00 +2.0966e-01 -2.0807e+00 -1.6071e-01 -1.6692e+00
225 0 +3.616607784e-01 +5.157616608e+02 +5.157616608e+02 -2.4235e+00 +1.8619e-01 -2.0462e+00 -7.2337e-02 -1.7056e+00
233 0 +2.209116947e-01 +5.156209117e+02 +5.156209117e+02 -2.7085e+00 +2.0161e-01 -2.0869e+00 -2.9685e-02 -1.8988e+00
242 0 +1.682224666e-01 +5.155682225e+02 +5.155682225e+02 -2.8072e+00 +5.2422e-03 -1.9617e+00 +5.4641e-02 -1.9074e+00
246 0 +1.324442610e-01 +5.155324443e+02 +5.155324443e+02 -2.6590e+00 +7.8312e-02 -2.1700e+00 +1.0572e-01 -1.9229e+00
254 0 +9.943117768e-02 +5.154994312e+02 +5.154994312e+02 -3.2615e+00 -1.4923e-01 -2.2964e+00 +3.4498e-01 -2.4419e+00
257 0 +8.842766099e-02 +5.154884277e+02 +5.154884277e+02 -2.9432e+00 +1.0520e-01 -2.5567e+00 +9.8516e-02 -2.2095e+00
262 0 +4.646553565e-02 +5.154464655e+02 +5.154464655e+02 -3.3021e+00 -7.0511e-02 -2.7385e+00 +6.2111e-02 -2.5100e+00
288 0 +3.084448966e-02 +5.154308445e+02 +5.154308445e+02 -2.9560e+00 -1.8726e-01 -2.4681e+00 +1.9112e-01 -2.3519e+00
289 0 +2.234565404e-02 +5.154223457e+02 +5.154223457e+02 -3.2468e+00 -2.9309e-01 -2.4882e+00 +2.4381e-01 -2.5449e+00
377 0 +2.014650660e-02 +5.154201465e+02 +5.154201465e+02 -3.2829e+00 -2.0761e-01 -2.4622e+00 +1.3649e-01 -2.4531e+00
384 0 +1.752774968e-02 +5.154175277e+02 +5.154175277e+02 -3.1767e+00 -2.0724e-01 -2.4006e+00 +1.0822e-01 -2.3034e+00
385 0 +1.664622303e-02 +5.154166462e+02 +5.154166462e+02 -3.3185e+00 -2.3838e-01 -2.4616e+00 +1.5748e-01 -2.4562e+00
386 0 +1.518678764e-02 +5.154151868e+02 +5.154151868e+02 -3.3761e+00 -2.3966e-01 -2.5329e+00 +1.6115e-01 -2.4663e+00
393 0 +1.498791951e-02 +5.154149879e+02 +5.154149879e+02 -3.3028e+00 -2.5141e-01 -2.4346e+00 +1.6457e-01 -2.4172e+00
402 0 +1.414664207e-02 +5.154141466e+02 +5.154141466e+02 -3.3018e+00 -2.3983e-01 -2.5022e+00 +1.4136e-01 -2.3948e+00
404 0 +1.299851541e-02 +5.154129985e+02 +5.154129985e+02 -3.1989e+00 -2.1144e-01 -2.4710e+00 +1.7452e-01 -2.3500e+00
405 0 +1.263803294e-02 +5.154126380e+02 +5.154126380e+02 -3.2879e+00 -2.8427e-01 -2.4458e+00 +1.7854e-01 -2.4099e+00
412 0 +9.408887236e-03 +5.154094089e+02 +5.154094089e+02 -3.2747e+00 -2.8579e-01 -2.4699e+00 +1.6906e-01 -2.3318e+00
413 0 +7.316907230e-03 +5.154073169e+02 +5.154073169e+02 -3.2665e+00 -3.4183e-01 -2.4139e+00 +1.9794e-01 -2.3636e+00
421 0 +3.628923205e-03 +5.154036289e+02 +5.154036289e+02 -3.3803e+00 -4.2046e-01 -2.4744e+00 +2.3659e-01 -2.3936e+00
438 0 +3.018260473e-03 +5.154030183e+02 +5.154030183e+02 -3.1370e+00 -4.3412e-01 -2.5568e+00 +2.6317e-01 -2.2486e+00
444 0 +2.823071498e-03 +5.154028231e+02 +5.154028231e+02 -3.2072e+00 -4.3544e-01 -2.4008e+00 +2.7391e-01 -2.2971e+00
453 0 +1.458551902e-03 +5.154014586e+02 +5.154014586e+02 -3.3182e+00 -4.4703e-01 -2.4875e+00 +2.8961e-01 -2.4017e+00
460 0 +7.895370525e-04 +5.154007895e+02 +5.154007895e+02 -3.2658e+00 -4.9474e-01 -2.5045e+00 +3.1808e-01 -2.3503e+00
478 0 +6.476626722e-04 +5.154006477e+02 +5.154006477e+02 -3.3637e+00 -6.2569e-01 -2.4005e+00 +3.8131e-01 -2.3461e+00
484 0 +6.168727733e-04 +5.154006169e+02 +5.154006169e+02 -3.2886e+00 -6.3535e-01 -2.4097e+00 +3.8644e-01 -2.3256e+00
489 0 +5.164400617e-04 +5.154005164e+02 +5.154005164e+02 -3.3830e+00 -6.5149e-01 -2.4470e+00 +3.5789e-01 -2.3855e+00
496 0 +1.403021147e-04 +5.154001403e+02 +5.154001403e+02 -3.4075e+00 -7.0017e-01 -2.5122e+00 +4.3786e-01 -2.4145e+00
502 0 +1.077101170e-04 +5.154001077e+02 +5.154001077e+02 -3.3500e+00 -6.3658e-01 -2.5211e+00 +3.5774e-01 -2.2907e+00
505 0 +8.854889984e-05 +5.154000885e+02 +5.154000885e+02 -3.3559e+00 -7.1380e-01 -2.5219e+00 +4.3841e-01 -2.3422e+00
513 0 +9.791964089e-06 +5.154000098e+02 +5.154000098e+02 -3.4060e+00 -7.0232e-01 -2.5799e+00 +4.0441e-01 -2.3337e+00
545 0 +2.159491714e-06 +5.154000022e+02 +5.154000022e+02 -3.4944e+00 -7.4153e-01 -2.5919e+00 +4.2061e-01 -2.3783e+00
641 0 +3.137072326e-07 +5.154000003e+02 +5.154000003e+02 -3.4772e+00 -7.4595e-01 -2.5897e+00 +4.1484e-01 -2.3815e+00
657 0 +2.210285857e-07 +5.154000002e+02 +5.154000002e+02 -3.4731e+00 -7.0790e-01 -2.6149e+00 +4.0314e-01 -2.4012e+00
673 0 +1.357643669e-07 +5.154000001e+02 +5.154000001e+02 -3.4871e+00 -7.3103e-01 -2.6049e+00 +4.0806e-01 -2.3999e+00
674 0 +4.751996130e-08 +5.154000000e+02 +5.154000000e+02 -3.4864e+00 -7.3895e-01 -2.6062e+00 +4.1560e-01 -2.4042e+00
753 0 +1.118178261e-08 +5.154000000e+02 +5.154000000e+02 -3.4739e+00 -7.2534e-01 -2.6059e+00 +4.1308e-01 -2.3969e+00
779 0 +1.060584509e-09 +5.154000000e+02 +5.154000000e+02 -3.4720e+00 -7.2847e-01 -2.5998e+00 +4.1569e-01 -2.3944e+00
954 0 +0.000000000e+00 +5.154000000e+02 +5.154000000e+02 -3.4732e+00 -7.2931e-01 -2.5936e+00 +4.1586e-01 -2.3949e+00
% f evaluations | g evaluations | best noise-free fitness - Fopt (-8.628000000000e+01) + sum g_i+ | measured fitness | best measured fitness or single-digit g-values | x1 | x2...
1 0 +6.603546277e+01 -2.024453723e+01 -2.024453723e+01 +0.0000e+00 +0.0000e+00 +0.0000e+00 +0.0000e+00 +0.0000e+00
2 0 +6.557875443e+01 -2.070124557e+01 -2.070124557e+01 +4.3379e-01 +3.0692e-02 +9.8026e-02 +3.4094e-01 +2.4727e-01
10 0 +5.889095322e+01 -2.738904678e+01 -2.738904678e+01 +6.8102e-01 +1.8594e-01 +1.6348e-01 +1.6612e-01 +4.0371e-01
15 0 +5.055159453e+01 -3.572840547e+01 -3.572840547e+01 +6.4001e-01 +1.7800e-01 +2.8964e-01 -4.8852e-01 +6.3655e-01
30 0 +4.656602558e+01 -3.971397442e+01 -3.971397442e+01 +9.5316e-01 +2.4671e-01 +6.3790e-01 -2.9837e-01 +8.8683e-01
34 0 +4.398689621e+01 -4.229310379e+01 -4.229310379e+01 +1.6423e+00 +5.7210e-01 +5.5537e-01 +1.4581e-01 +5.1785e-01
35 0 +4.031207143e+01 -4.596792857e+01 -4.596792857e+01 +1.7287e+00 +4.0518e-01 +4.0532e-01 -1.0782e-01 +4.3105e-01
42 0 +2.693577568e+01 -5.934422432e+01 -5.934422432e+01 +1.2739e+00 +1.4801e+00 +6.0757e-01 -3.2628e-01 +9.6608e-01
58 0 +2.411001334e+01 -6.216998666e+01 -6.216998666e+01 +6.0639e-01 +1.6700e+00 -2.8648e-01 -5.3420e-01 +6.3103e-01
69 0 +1.838205340e+01 -6.789794660e+01 -6.789794660e+01 +1.4810e+00 +1.8147e+00 -5.2096e-01 -2.0618e-01 +9.3881e-01
75 0 +1.740336041e+01 -6.887663959e+01 -6.887663959e+01 +1.4100e+00 +1.5705e+00 -7.0325e-01 -7.2948e-01 +2.3440e-01
86 0 +1.678118123e+01 -6.949881877e+01 -6.949881877e+01 +1.3694e+00 +2.8198e+00 -1.4050e+00 -1.3233e+00 +3.2117e-01
136 0 +1.499445306e+01 -7.128554694e+01 -7.128554694e+01 +1.1549e+00 +2.1835e+00 -6.5795e-01 -7.4129e-01 +4.4835e-01
137 0 +1.455482362e+01 -7.172517638e+01 -7.172517638e+01 +1.3018e+00 +2.0333e+00 -4.9512e-01 -8.0779e-01 +8.4800e-01
153 0 +1.430771386e+01 -7.197228614e+01 -7.197228614e+01 +1.3122e+00 +2.0189e+00 -5.9627e-01 -7.6153e-01 +8.5928e-01
155 0 +1.370493160e+01 -7.257506840e+01 -7.257506840e+01 +9.8873e-01 +2.3579e+00 -6.7920e-01 -4.9782e-01 +1.0182e+00
156 0 +1.296618995e+01 -7.331381005e+01 -7.331381005e+01 +1.1323e+00 +2.2399e+00 -7.4520e-01 -5.7699e-01 +9.4679e-01
177 0 +1.253626809e+01 -7.374373191e+01 -7.374373191e+01 +1.1579e+00 +2.7547e+00 -8.1687e-01 -7.3883e-01 +1.2448e+00
210 0 +1.204649581e+01 -7.423350419e+01 -7.423350419e+01 +1.0525e+00 +2.7059e+00 -9.8607e-01 -6.5139e-01 +1.1030e+00
228 0 +1.200058861e+01 -7.427941139e+01 -7.427941139e+01 +9.8315e-01 +2.5306e+00 -7.7714e-01 -6.8625e-01 +1.2648e+00
245 0 +1.167352860e+01 -7.460647140e+01 -7.460647140e+01 +1.0778e+00 +2.6760e+00 -8.7961e-01 -6.5795e-01 +1.3201e+00
315 0 +1.144902055e+01 -7.483097945e+01 -7.483097945e+01 +1.0323e+00 +2.6863e+00 -1.0293e+00 -6.9676e-01 +1.2601e+00
421 0 +1.121403442e+01 -7.506596558e+01 -7.506596558e+01 +1.0030e+00 +2.7384e+00 -1.1211e+00 -6.3865e-01 +1.3921e+00
% f evaluations | g evaluations | best noise-free fitness - Fopt (2.224000000000e+01) + sum g_i+ | measured fitness | best measured fitness or single-digit g-values | x1 | x2...
1 0 +4.904064728e+01 +7.128064728e+01 +7.128064728e+01 +0.0000e+00 +0.0000e+00 +0.0000e+00 +0.0000e+00 +0.0000e+00
3 0 +3.877255729e+01 +6.101255729e+01 +6.101255729e+01 +1.7369e-01 -1.1375e-01 -3.0566e-01 +1.1285e-01 -1.5359e-01
10 0 +3.796784388e+01 +6.020784388e+01 +6.020784388e+01 +7.8041e-01 +1.3458e-01 -1.1855e-01 +1.9502e-01 +6.3613e-02
12 0 +2.962541563e+01 +5.186541563e+01 +5.186541563e+01 +1.6584e-01 +2.1624e-01 -5.3875e-01 +2.1210e-01 -3.4320e-01
14 0 +2.640063634e+01 +4.864063634e+01 +4.864063634e+01 +3.4354e-01 -4.9686e-02 -8.2328e-01 +3.2518e-01 -3.3153e-01
18 0 +2.421528193e+01 +4.645528193e+01 +4.645528193e+01 +4.7109e-01 +7.8986e-03 -8.1435e-01 +1.2907e-01 -5.8240e-01
22 0 +2.175446538e+01 +4.399446538e+01 +4.399446538e+01 +3.3060e-01 +5.0501e-01 -1.0252e+00 +6.5505e-01 -3.1898e-01
27 0 +1.827589616e+01 +4.051589616e+01 +4.051589616e+01 +3.4765e-01 +5.9369e-01 -1.2738e+00 +3.2200e-01 -1.1070e+00
34 0 +1.634848643e+01 +3.858848643e+01 +3.858848643e+01 +1.1099e+00 +8.3155e-01 -1.4845e+00 +1.0377e+00 -1.1270e+00
42 0 +1.370491662e+01 +3.594491662e+01 +3.594491662e+01 +4.2499e-01 +1.4862e+00 -1.3693e+00 +5.6821e-01 -6.7901e-01
43 0 +1.233022357e+01 +3.457022357e+01 +3.457022357e+01 +1.4687e+00 +1.0495e+00 -1.6887e+00 +1.1579e+00 -9.7127e-01
48 0 +1.027703819e+01 +3.251703819e+01 +3.251703819e+01 +1.2038e+00 +5.0068e-01 -2.1499e+00 +9.3511e-01 -5.9842e-01
49 0 +9.054258419e+00 +3.129425842e+01 +3.129425842e+01 +1.0325e+00 +1.0121e+00 -1.7360e+00 +8.8708e-01 -7.4957e-01
52 0 +8.446820032e+00 +3.068682003e+01 +3.068682003e+01 +1.2862e+00 +1.4874e+00 -2.1084e+00 +5.0930e-01 -7.6803e-01
54 0 +7.997634827e+00 +3.023763483e+01 +3.023763483e+01 +8.5011e-01 +1.0457e+00 -2.6594e+00 +9.8593e-01 -1.0675e+00
57 0 +7.428515415e+00 +2.966851542e+01 +2.966851542e+01 +1.1313e+00 +1.3653e+00 -2.3769e+00 +9.6631e-01 -7.0409e-01
164 0 +7.209205830e+00 +2.944920583e+01 +2.944920583e+01 +1.1158e+00 +1.5709e+00 -2.6496e+00 +1.3736e+00 -8.8318e-01
177 0 +7.071971836e+00 +2.931197184e+01 +2.931197184e+01 +9.7256e-01 +1.5698e+00 -2.6261e+00 +1.2995e+00 -8.9345e-01
% f evaluations | g evaluations | best noise-free fitness - Fopt (-2.301000000000e+01) + sum g_i+ | measured fitness | best measured fitness or single-digit g-values | x1 | x2...
1 0 +5.294176883e+01 +2.993176883e+01 +2.993176883e+01 +0.0000e+00 +0.0000e+00 +0.0000e+00 +0.0000e+00 +0.0000e+00
2 0 +4.988975027e+01 +2.687975027e+01 +2.687975027e+01 +4.3379e-01 +3.0692e-02 +9.8026e-02 +3.4094e-01 +2.4727e-01
3 0 +4.486054756e+01 +2.185054756e+01 +2.185054756e+01 +1.7369e-01 -1.1375e-01 -3.0566e-01 +1.1285e-01 -1.5359e-01
4 0 +4.144548379e+01 +1.843548379e+01 +1.843548379e+01 +2.4817e-01 +6.3376e-02 -2.2359e-01 +8.0318e-02 +2.1275e-01
10 0 +3.933201186e+01 +1.632201186e+01 +1.632201186e+01 +8.8317e-01 +2.3614e-01 -3.9118e-02 +2.7025e-01 +3.3010e-01
12 0 +3.484659518e+01 +1.183659518e+01 +1.183659518e+01 +2.3188e-01 +3.2050e-01 -4.5195e-01 +2.6053e-01 -8.5509e-02
14 0 +2.896981074e+01 +5.959810741e+00 +5.959810741e+00 +4.1041e-01 +6.4141e-02 -7.2795e-01 +3.7434e-01 -5.3074e-02
18 0 +2.829637941e+01 +5.286379414e+00 +5.286379414e+00 +8.2566e-01 +1.4464e-01 -5.7991e-01 +2.2285e-01 -1.3886e-01
22 0 +2.320190855e+01 +1.919085542e-01 +1.919085542e-01 +7.5694e-01 +6.4158e-01 -7.9034e-01 +7.7158e-01 +1.4484e-01
26 0 +2.127446134e+01 -1.735538662e+00 -1.735538662e+00 +3.6337e-01 -1.6060e-02 -1.1342e+00 -2.1660e-01 +5.4527e-01
31 0 +1.885019770e+01 -4.159802298e+00 -4.159802298e+00 +1.1922e+00 +3.6144e-01 -9.7971e-01 +5.5974e-01 +9.8365e-01
35 0 +1.312695597e+01 -9.883044031e+00 -9.883044031e+00 +1.7257e+00 +8.9898e-01 -1.5285e+00 +9.9735e-01 +2.2924e-01
37 0 +1.269300435e+01 -1.031699565e+01 -1.031699565e+01 +1.7497e+00 +2.7076e-01 -1.6465e+00 +8.6622e-01 +6.2538e-01
41 0 +1.236950495e+01 -1.064049505e+01 -1.064049505e+01 +1.5732e+00 +4.3676e-01 -1.4845e+00 +8.2574e-01 +5.7888e-01
47 0 +9.789858701e+00 -1.322014130e+01 -1.322014130e+01 +1.4499e+00 +8.1409e-01 -2.0994e+00 +1.0477e+00 -7.6276e-02
49 0 +9.188775356e+00 -1.382122464e+01 -1.382122464e+01 +1.6605e+00 +1.0153e+00 -1.7016e+00 +7.8668e-01 +3.4239e-01
52 0 +8.147855031e+00 -1.486214497e+01 -1.486214497e+01 +2.1587e+00 +1.5845e+00 -2.2813e+00 +3.6198e-01 +5.6785e-01
54 0 +6.514117820e+00 -1.649588218e+01 -1.649588218e+01 +1.4533e+00 +1.0326e+00 -2.6692e+00 +8.4686e-01 +3.0700e-01
73 0 +5.614882575e+00 -1.739511743e+01 -1.739511743e+01 +1.1458e+00 +1.3230e+00 -2.7845e+00 +6.8314e-01 +6.9758e-01
134 0 +4.556892915e+00 -1.845310708e+01 -1.845310708e+01 +1.4004e+00 +8.0398e-01 -2.2307e+00 +3.4817e-01 +7.4128e-01
140 0 +3.023133257e+00 -1.998686674e+01 -1.998686674e+01 +1.3724e+00 +1.3056e+00 -2.8708e+00 +1.8185e-01 +5.0459e-01
160 0 +2.963938409e+00 -2.004606159e+01 -2.004606159e+01 +1.4495e+00 +1.1408e+00 -2.9090e+00 +7.2511e-02 +7.6569e-01
169 0 +2.722326005e+00 -2.028767399e+01 -2.028767399e+01 +1.2220e+00 +1.2379e+00 -2.7392e+00 -8.8072e-02 +6.8491e-01
266 0 +2.658457288e+00 -2.035154271e+01 -2.035154271e+01 +1.1141e+00 +1.0661e+00 -2.5694e+00 +5.0141e-02 +4.5324e-01
289 0 +2.624388993e+00 -2.038561101e+01 -2.038561101e+01 +1.1844e+00 +1.1507e+00 -2.7440e+00 +1.1158e-01 +4.4475e-01
314 0 +2.545112543e+00 -2.046488746e+01 -2.046488746e+01 +1.1492e+00 +1.1242e+00 -2.7160e+00 -3.6598e-02 +5.0010e-01
348 0 +2.506251299e+00 -2.050374870e+01 -2.050374870e+01 +1.1751e+00 +1.0576e+00 -2.7137e+00 -7.8976e-03 +4.8204e-01
% f evaluations | g evaluations | best noise-free fitness - Fopt (-3.323700000000e+02) + sum g_i+ | measured fitness | best measured fitness or single-digit g-values | x1 | x2...
1 0 +3.411457941e+01 -2.982554206e+02 -2.982554206e+02 +0.0000e+00 +0.0000e+00 +0.0000e+00 +0.0000e+00 +0.0000e+00
3 0 +3.385992784e+01 -2.985100722e+02 -2.985100722e+02 +1.7369e-01 -1.1375e-01 -3.0566e-01 +1.1285e-01 -1.5359e-01
9 0 +3.246578431e+01 -2.999042157e+02 -2.999042157e+02 +4.5460e-02 -8.8033e-02 -8.5049e-02 +1.0726e-02 +5.6219e-02
13 0 +3.064304638e+01 -3.017269536e+02 -3.017269536e+02 -1.6133e-01 +9.9766e-02 -3.1781e-01 -2.3352e-02 -1.1238e-01
32 0 +2.876292002e+01 -3.036070800e+02 -3.036070800e+02 +4.9199e-02 -2.3082e-01 -4.2483e-01 +1.5460e-01 +3.1387e-01
51 0 +2.768052134e+01 -3.046894787e+02 -3.046894787e+02 +8.2900e-01 -7.2202e-01 -5.9801e-01 -1.0553e-01 +1.0998e+00
61 0 +2.435364569e+01 -3.080163543e+02 -3.080163543e+02 +3.7419e-01 -5.0378e-01 -5.6275e-01 +5.1779e-02 +1.0550e+00
64 0 +2.163451579e+01 -3.107354842e+02 -3.107354842e+02 +7.2093e-01 -2.0172e-01 -1.4651e-01 +1.7858e-01 +1.3222e+00
70 0 +1.817401363e+01 -3.141959864e+02 -3.141959864e+02 +5.3005e-01 -6.8388e-01 -2.1992e-01 +5.4811e-01 +5.3815e-01
78 0 +1.241272079e+01 -3.199572792e+02 -3.199572792e+02 +5.0056e-01 -4.2730e-01 -9.3772e-02 +6.9358e-01 +9.6174e-01
83 0 +1.067505230e+01 -3.216949477e+02 -3.216949477e+02 +9.4175e-01 -6.0014e-01 +4.2139e-02 +1.0696e+00 +5.2181e-01
92 0 +8.063091249e+00 -3.243069088e+02 -3.243069088e+02 +3.4932e-01 -6.2790e-01 +1.1033e-01 +1.1348e+00 +7.5685e-01
98 0 +7.500335224e+00 -3.248696648e+02 -3.248696648e+02 +9.6271e-01 -8.2578e-01 +5.8382e-01 +1.3452e+00 +7.3794e-01
115 0 +7.054319210e+00 -3.253156808e+02 -3.253156808e+02 +8.7473e-01 -8.8061e-01 +2.5273e-01 +1.4750e+00 +6.1806e-01
129 0 +4.456273014e+00 -3.279137270e+02 -3.279137270e+02 +1.2253e+00 -1.2994e+00 +7.1553e-01 +1.3973e+00 +7.6216e-01
146 0 +3.789100196e+00 -3.285808998e+02 -3.285808998e+02 +1.1119e+00 -1.7753e+00 +6.5656e-01 +1.9224e+00 +4.0852e-01
153 0 +2.461514840e+00 -3.299084852e+02 -3.299084852e+02 +1.0212e+00 -1.5354e+00 +5.2971e-01 +1.4708e+00 +6.6113e-01
206 0 +1.960991898e+00 -3.304090081e+02 -3.304090081e+02 +4.6100e-01 -1.5516e+00 +4.7810e-01 +1.3364e+00 +8.6516e-01
221 0 +1.879133366e+00 -3.304908666e+02 -3.304908666e+02 +4.1175e-01 -1.8850e+00 +8.8320e-01 +1.6270e+00 +4.9128e-01
228 0 +1.031507167e+00 -3.313384928e+02 -3.313384928e+02 +3.5901e-02 -1.8444e+00 +6.3910e-01 +1.2504e+00 +8.0647e-01
234 0 +5.308833470e-01 -3.318391167e+02 -3.318391167e+02 +2.5866e-01 -2.1000e+00 +8.9621e-01 +1.5033e+00 +9.1486e-01
242 0 +5.232789154e-01 -3.318467211e+02 -3.318467211e+02 +2.4548e-01 -2.2937e+00 +9.1387e-01 +1.5478e+00 +1.0468e+00
243 0 +5.078900502e-01 -3.318621099e+02 -3.318621099e+02 -2.1066e-02 -1.9792e+00 +5.2687e-01 +1.5395e+00 +7.8207e-01
262 0 +3.151307692e-01 -3.320548692e+02 -3.320548692e+02 +1.4017e-01 -2.3119e+00 +5.7924e-01 +1.5723e+00 +6.3766e-01
266 0 +6.830148137e-02 -3.323016985e+02 -3.323016985e+02 +9.6160e-02 -2.8945e+00 +6.0326e-01 +1.4123e+00 +8.4906e-01
296 0 +5.323467950e-02 -3.323167653e+02 -3.323167653e+02 +6.1678e-02 -2.6625e+00 +8.6810e-01 +1.5108e+00 +9.3083e-01
315 0 +5.215763593e-02 -3.323178424e+02 -3.323178424e+02 +2.4880e-02 -2.6055e+00 +7.9227e-01 +1.4692e+00 +8.9806e-01
327 0 +3.069269343e-02 -3.323393073e+02 -3.323393073e+02 +1.0101e-01 -2.8699e+00 +8.5056e-01 +1.2914e+00 +8.5515e-01
340 0 +1.597722445e-02 -3.323540228e+02 -3.323540228e+02 -4.8802e-02 -2.9168e+00 +9.3553e-01 +1.3763e+00 +8.6114e-01
345 0 +1.463478231e-02 -3.323553652e+02 -3.323553652e+02 -6.6019e-02 -2.9487e+00 +8.3638e-01 +1.3263e+00 +8.9223e-01
353 0 +1.370457880e-02 -3.323562954e+02 -3.323562954e+02 -2.8751e-02 -2.8704e+00 +9.3448e-01 +1.3744e+00 +9.3707e-01
356 0 +8.561135415e-03 -3.323614389e+02 -3.323614389e+02 -1.0577e-01 -3.2048e+00 +1.0389e+00 +1.3972e+00 +1.0759e+00
361 0 +3.875683484e-03 -3.323661243e+02 -3.323661243e+02 -2.9323e-02 -3.0219e+00 +9.5518e-01 +1.3047e+00 +9.8962e-01
375 0 +1.006920044e-03 -3.323689931e+02 -3.323689931e+02 -6.0883e-02 -3.2662e+00 +9.8868e-01 +1.3243e+00 +1.0062e+00
420 0 +8.508482809e-04 -3.323691492e+02 -3.323691492e+02 +1.4329e-02 -3.1371e+00 +9.7121e-01 +1.3810e+00 +9.8080e-01
461 0 +5.984814920e-04 -3.323694015e+02 -3.323694015e+02 -7.8173e-03 -3.2133e+00 +1.0135e+00 +1.3860e+00 +9.7353e-01
476 0 +3.569210700e-04 -3.323696431e+02 -3.323696431e+02 +9.6956e-03 -3.3260e+00 +1.0400e+00 +1.3957e+00 +1.0040e+00
479 0 +3.010160195e-04 -3.323696990e+02 -3.323696990e+02 +1.3701e-02 -3.2482e+00 +1.0101e+00 +1.3817e+00 +9.9120e-01
577 0 +2.878906158e-04 -3.323697121e+02 -3.323697121e+02 +4.9136e-03 -3.3031e+00 +1.0502e+00 +1.3714e+00 +1.0018e+00
580 0 +2.273689940e-04 -3.323697726e+02 -3.323697726e+02 +2.4054e-02 -3.3017e+00 +1.0593e+00 +1.3511e+00 +1.0207e+00
592 0 +2.117636103e-04 -3.323697882e+02 -3.323697882e+02 +3.0931e-02 -3.2753e+00 +1.0523e+00 +1.3591e+00 +1.0058e+00
595 0 +2.004470100e-04 -3.323697996e+02 -3.323697996e+02 +3.9885e-02 -3.2944e+00 +1.0369e+00 +1.3498e+00 +1.0235e+00
600 0 +1.981655408e-04 -3.323698018e+02 -3.323698018e+02 +5.7323e-02 -3.2879e+00 +1.0939e+00 +1.3561e+00 +1.0003e+00
601 0 +1.597590062e-04 -3.323698402e+02 -3.323698402e+02 +4.7415e-02 -3.2869e+00 +1.0651e+00 +1.3539e+00 +1.0062e+00
605 0 +8.533092438e-05 -3.323699147e+02 -3.323699147e+02 +9.4649e-02 -3.3130e+00 +1.0712e+00 +1.3264e+00 +1.0118e+00
633 0 +7.579230834e-05 -3.323699242e+02 -3.323699242e+02 +1.2421e-01 -3.2897e+00 +1.0517e+00 +1.3204e+00 +1.0132e+00
635 0 +2.848905865e-05 -3.323699715e+02 -3.323699715e+02 +2.4426e-01 -3.2785e+00 +1.1533e+00 +1.3015e+00 +1.0198e+00
641 0 +2.351736811e-05 -3.323699765e+02 -3.323699765e+02 +1.6829e-01 -3.3368e+00 +1.1418e+00 +1.3109e+00 +1.0268e+00
648 0 +1.137458457e-05 -3.323699886e+02 -3.323699886e+02 +2.3440e-01 -3.3909e+00 +1.1641e+00 +1.2937e+00 +1.0488e+00
649 0 +1.001440660e-05 -3.323699900e+02 -3.323699900e+02 +2.0700e-01 -3.3796e+00 +1.1500e+00 +1.2995e+00 +1.0430e+00
650 0 +6.347400472e-06 -3.323699937e+02 -3.323699937e+02 +1.9686e-01 -3.3623e+00 +1.1387e+00 +1.3066e+00 +1.0428e+00
655 0 +5.438217954e-06 -3.323699946e+02 -3.323699946e+02 +2.5649e-01 -3.3235e+00 +1.1400e+00 +1.2800e+00 +1.0428e+00
657 0 +9.832688193e-07 -3.323699990e+02 -3.323699990e+02 +2.3870e-01 -3.3445e+00 +1.1619e+00 +1.2910e+00 +1.0498e+00
674 0 +8.747442166e-07 -3.323699991e+02 -3.323699991e+02 +2.1787e-01 -3.3413e+00 +1.1378e+00 +1.2927e+00 +1.0656e+00
737 0 +8.644311151e-07 -3.323699991e+02 -3.323699991e+02 +2.7847e-01 -3.3146e+00 +1.1710e+00 +1.2784e+00 +1.0580e+00
745 0 +6.444301448e-07 -3.323699994e+02 -3.323699994e+02 +2.6087e-01 -3.2923e+00 +1.1504e+00 +1.2832e+00 +1.0638e+00
748 0 +3.129310926e-07 -3.323699997e+02 -3.323699997e+02 +2.6343e-01 -3.3021e+00 +1.1552e+00 +1.2627e+00 +1.0742e+00
753 0 +2.110140827e-07 -3.323699998e+02 -3.323699998e+02 +2.5211e-01 -3.3089e+00 +1.1531e+00 +1.2828e+00 +1.0681e+00
758 0 +1.788131385e-07 -3.323699998e+02 -3.323699998e+02 +2.2112e-01 -3.3163e+00 +1.1423e+00 +1.2958e+00 +1.0555e+00
761 0 +1.519899229e-07 -3.323699998e+02 -3.323699998e+02 +2.4494e-01 -3.3098e+00 +1.1417e+00 +1.2911e+00 +1.0604e+00
765 0 +7.994316320e-08 -3.323699999e+02 -3.323699999e+02 +2.2880e-01 -3.3240e+00 +1.1401e+00 +1.2805e+00 +1.0676e+00
769 0 +4.393365316e-08 -3.323700000e+02 -3.323700000e+02 +2.3950e-01 -3.3227e+00 +1.1397e+00 +1.2866e+00 +1.0597e+00
809 0 +1.181081188e-08 -3.323700000e+02 -3.323700000e+02 +2.6103e-01 -3.3225e+00 +1.1578e+00 +1.2718e+00 +1.0644e+00
825 0 +8.953350061e-09 -3.323700000e+02 -3.323700000e+02 +2.5931e-01 -3.3166e+00 +1.1550e+00 +1.2735e+00 +1.0649e+00
1059 0 +0.000000000e+00 -3.323700000e+02 -3.323700000e+02 +2.5041e-01 -3.3264e+00 +1.1537e+00 +1.2757e+00 +1.0663e+00
% f evaluations | g evaluations | best noise-free fitness - Fopt (-1.231300000000e+02) + sum g_i+ | measured fitness | best measured fitness or single-digit g-values | x1 | x2...
1 0 +4.870488075e+01 -7.442511925e+01 -7.442511925e+01 +0.0000e+00 +0.0000e+00 +0.0000e+00 +0.0000e+00 +0.0000e+00
2 0 +4.561051370e+01 -7.751948630e+01 -7.751948630e+01 +4.3379e-01 +3.0692e-02 +9.8026e-02 +3.4094e-01 +2.4727e-01
3 0 +3.687694966e+01 -8.625305034e+01 -8.625305034e+01 +1.7369e-01 -1.1375e-01 -3.0566e-01 +1.1285e-01 -1.5359e-01
6 0 +3.474874223e+01 -8.838125777e+01 -8.838125777e+01 +2.1661e-01 -2.7248e-01 -1.4933e-01 +1.8171e-01 -5.0930e-01
10 0 +3.212717881e+01 -9.100282119e+01 -9.100282119e+01 +7.9772e-01 +3.8768e-02 -7.4736e-02 +3.1723e-01 -6.1082e-03
14 0 +2.730265672e+01 -9.582734328e+01 -9.582734328e+01 +3.4550e-01 -1.6544e-01 -8.1721e-01 +4.6804e-01 -4.2752e-01
18 0 +1.910843796e+01 -1.040215620e+02 -1.040215620e+02 +8.2153e-01 -3.5915e-01 -5.3508e-01 +4.2487e-01 -6.4561e-01
23 0 +1.290165226e+01 -1.102283477e+02 -1.102283477e+02 +1.2066e+00 -3.8935e-01 -5.6339e-01 +6.8866e-01 -7.6461e-01
29 0 +1.070841120e+01 -1.124215888e+02 -1.124215888e+02 +1.5219e+00 -7.3484e-01 -5.4153e-01 +4.8572e-01 -1.0642e+00
34 0 +8.353862128e+00 -1.147761379e+02 -1.147761379e+02 +1.7256e+00 +3.0667e-01 -1.0719e+00 +1.5537e+00 -1.2367e+00
35 0 +5.981689271e+00 -1.171483107e+02 -1.171483107e+02 +1.8503e+00 +1.2676e-01 -1.2753e+00 +1.3493e+00 -1.3750e+00
37 0 +5.249475654e+00 -1.178805243e+02 -1.178805243e+02 +1.9024e+00 -4.5545e-01 -1.3238e+00 +1.2576e+00 -1.1071e+00
48 0 +1.999567535e+00 -1.211304325e+02 -1.211304325e+02 +2.5340e+00 +1.8439e-02 -1.9780e+00 +1.8961e+00 -7.8376e-01
57 0 +1.888554042e+00 -1.212414460e+02 -1.212414460e+02 +2.7372e+00 +3.5849e-01 -2.1112e+00 +2.0540e+00 -9.3172e-01
266 0 +1.844296119e+00 -1.212857039e+02 -1.212857039e+02 +2.6220e+00 +1.9861e-01 -2.0936e+00 +2.2335e+00 -9.6611e-01
377 0 +1.816542941e+00 -1.213134571e+02 -1.213134571e+02 +2.6699e+00 +3.0473e-01 -2.1411e+00 +2.2080e+00 -9.5408e-01
% f evaluations | g evaluations | best noise-free fitness - Fopt (-1.537900000000e+02) + sum g_i+ | measured fitness | best measured fitness or single-digit g-values | x1 | x2...
1 0 +2.690004999e+01 -1.268899500e+02 -1.268899500e+02 +0.0000e+00 +0.0000e+00 +0.0000e+00 +0.0000e+00 +0.0000e+00
8 0 +2.414309568e+01 -1.296469043e+02 -1.296469043e+02 -9.0564e-02 +8.4424e-02 -2.8183e-02 -1.8777e-01 +7.4957e-02
12 0 +2.105894887e+01 -1.327310511e+02 -1.327310511e+02 +5.0993e-02 +2.1054e-01 -4.5822e-01 +1.1670e-01 -3.8243e-01
13 0 +1.938487732e+01 -1.344051227e+02 -1.344051227e+02 -1.1912e-01 +9.5341e-02 -4.1205e-01 +1.3064e-03 -3.7627e-01
27 0 +1.500445447e+01 -1.387855455e+02 -1.387855455e+02 +2.8792e-02 +3.1871e-01 -7.0291e-01 -8.2591e-02 -1.1024e+00
42 0 +1.130159204e+01 -1.424884080e+02 -1.424884080e+02 -3.3569e-01 +7.7535e-01 -5.3403e-01 -5.9227e-01 -2.1519e-01
49 0 +1.025047219e+01 -1.435395278e+02 -1.435395278e+02 -2.3180e-01 +2.4664e-01 -7.6113e-01 -7.4400e-01 -5.9837e-01
54 0 +1.008340436e+01 -1.437065956e+02 -1.437065956e+02 -4.8071e-01 +2.4163e-01 -1.3309e+00 -8.6645e-01 -7.8182e-01
67 0 +9.202819832e+00 -1.445871802e+02 -1.445871802e+02 -6.2583e-01 +1.3105e-02 -6.1295e-01 -1.4180e+00 -8.9774e-01
73 0 +8.292951203e+00 -1.454970488e+02 -1.454970488e+02 -5.2419e-01 +2.6339e-01 -9.0897e-01 -8.8780e-01 -8.0184e-01
106 0 +8.099378355e+00 -1.456906216e+02 -1.456906216e+02 -9.1222e-01 -3.9755e-02 -5.6978e-01 -1.1809e+00 -1.1342e+00
109 0 +7.629529175e+00 -1.461604708e+02 -1.461604708e+02 -6.7488e-01 +2.1446e-01 -3.9585e-01 -6.4763e-01 -1.3629e+00
124 0 +7.544295938e+00 -1.462457041e+02 -1.462457041e+02 -8.3626e-01 +4.2511e-01 -5.8804e-01 -1.3909e+00 -1.1361e+00
137 0 +6.947533318e+00 -1.468424667e+02 -1.468424667e+02 -7.4849e-01 +3.6452e-01 -6.5501e-01 -1.0539e+00 -1.1370e+00
148 0 +6.139754918e+00 -1.476502451e+02 -1.476502451e+02 -8.2803e-01 +4.9638e-01 -4.2218e-01 -9.6228e-01 -1.0819e+00
169 0 +5.926588851e+00 -1.478634111e+02 -1.478634111e+02 -1.0527e+00 +7.8444e-01 -5.5874e-01 -7.1746e-01 -7.7867e-01
177 0 +5.400260816e+00 -1.483897392e+02 -1.483897392e+02 -1.2046e+00 +7.2640e-01 -6.6337e-01 -7.8726e-01 -9.2172e-01
185 0 +5.128315567e+00 -1.486616844e+02 -1.486616844e+02 -1.1151e+00 +8.4232e-01 -5.7510e-01 -7.5506e-01 -1.0184e+00
193 0 +4.999071597e+00 -1.487909284e+02 -1.487909284e+02 -1.0268e+00 +7.1713e-01 -5.7079e-01 -6.4808e-01 -1.1105e+00
201 0 +4.749466292e+00 -1.490405337e+02 -1.490405337e+02 -1.1123e+00 +7.1306e-01 -5.1045e-01 -7.1230e-01 -1.0893e+00
213 0 +4.617115072e+00 -1.491728849e+02 -1.491728849e+02 -1.0702e+00 +8.0467e-01 -4.2598e-01 -6.8170e-01 -1.1274e+00
217 0 +4.531671205e+00 -1.492583288e+02 -1.492583288e+02 -1.1032e+00 +8.4453e-01 -3.8678e-01 -6.9112e-01 -1.1450e+00
218 0 +4.326079678e+00 -1.494639203e+02 -1.494639203e+02 -1.1267e+00 +7.9953e-01 -2.9628e-01 -6.1651e-01 -1.2099e+00
260 0 +4.244560706e+00 -1.495454393e+02 -1.495454393e+02 -1.3001e+00 +7.6487e-01 -3.5209e-01 -6.4537e-01 -1.2771e+00
329 0 +4.167539073e+00 -1.496224609e+02 -1.496224609e+02 -1.3058e+00 +8.3409e-01 -2.4702e-01 -5.7507e-01 -1.2792e+00
% f evaluations | g evaluations | best noise-free fitness - Fopt (-4.860000000000e+01) + sum g_i+ | measured fitness | best measured fitness or single-digit g-values | x1 | x2...
1 0 +6.245396759e+01 +1.385396759e+01 +1.385396759e+01 +0.0000e+00 +0.0000e+00 +0.0000e+00 +0.0000e+00 +0.0000e+00
3 0 +6.233926576e+01 +1.373926576e+01 +1.373926576e+01 +1.7369e-01 -1.1375e-01 -3.0566e-01 +1.1285e-01 -1.5359e-01
12 0 +5.978864502e+01 +1.118864502e+01 +1.118864502e+01 +6.3001e-02 +3.1593e-01 -4.7364e-01 +7.9085e-02 -1.2824e-01
13 0 +5.846982386e+01 +9.869823860e+00 +9.869823860e+00 -1.0307e-01 +2.0245e-01 -4.2703e-01 -3.2328e-02 -1.2697e-01
33 0 +5.723966007e+01 +8.639660067e+00 +8.639660067e+00 +1.7244e-01 +4.5929e-01 -3.9042e-01 +1.4727e-01 +2.2372e-01
42 0 +5.611916698e+01 +7.519166980e+00 +7.519166980e+00 -6.9664e-02 +1.0662e+00 -4.5461e-01 -1.4088e-01 +4.4315e-01
52 0 +5.323172294e+01 +4.631722940e+00 +4.631722940e+00 +2.9400e-01 +1.0543e+00 -6.8950e-01 -2.8884e-01 +6.1979e-01
55 0 +2.410207606e+01 -2.449792394e+01 -2.449792394e+01 +2.2153e-01 +1.0888e+00 -5.9096e-01 -6.4724e-01 +9.0316e-01
64 0 +1.521285136e+01 -3.338714864e+01 -3.338714864e+01 +3.9377e-01 +1.2563e+00 -1.2508e-01 -1.4342e-01 +1.1525e+00
68 0 +4.852531124e+00 -4.374746888e+01 -4.374746888e+01 +1.1136e+00 +1.5223e+00 -8.6930e-01 -7.5421e-01 +1.5661e+00
71 0 +2.482458709e+00 -4.611754129e+01 -4.611754129e+01 +6.8886e-01 +1.8468e+00 -4.4054e-01 -4.1467e-01 +1.2672e+00
203 0 +2.308058731e+00 -4.629194127e+01 -4.629194127e+01 +1.1786e+00 +1.8206e+00 -2.3179e-01 -1.7558e-01 +8.7759e-01
212 0 +2.284421744e+00 -4.631557826e+01 -4.631557826e+01 +1.1885e+00 +1.8150e+00 -2.4740e-01 -1.8184e-01 +9.0338e-01
337 0 +2.232843915e+00 -4.636715609e+01 -4.636715609e+01 +1.1792e+00 +1.9525e+00 -3.2200e-01 -2.5215e-01 +7.9896e-01
374 0 +2.177110403e+00 -4.642288960e+01 -4.642288960e+01 +1.0441e+00 +2.0465e+00 -3.8712e-01 -4.0537e-01 +8.4820e-01
408 0 +2.132684020e+00 -4.646731598e+01 -4.646731598e+01 +9.2974e-01 +1.9989e+00 -5.3629e-01 -5.3336e-01 +9.4132e-01
568 0 +2.086460157e+00 -4.651353984e+01 -4.651353984e+01 +6.4575e-01 +1.9884e+00 -6.4873e-01 -7.3010e-01 +1.2434e+00
% f evaluations | g evaluations | best noise-free fitness - Fopt (2.770000000000e+01) + sum g_i+ | measured fitness | best measured fitness or single-digit g-values | x1 | x2...
1 0 +6.975185162e+01 +9.745185162e+01 +9.745185162e+01 +0.0000e+00 +0.0000e+00 +0.0000e+00 +0.0000e+00 +0.0000e+00
3 0 +6.775860496e+01 +9.545860496e+01 +9.545860496e+01 +1.7369e-01 -1.1375e-01 -3.0566e-01 +1.1285e-01 -1.5359e-01
10 0 +6.752601102e+01 +9.522601102e+01 +9.522601102e+01 +7.8041e-01 +1.3458e-01 -1.1855e-01 +1.9502e-01 +6.3613e-02
12 0 +6.315366172e+01 +9.085366172e+01 +9.085366172e+01 +1.6584e-01 +2.1624e-01 -5.3875e-01 +2.1210e-01 -3.4320e-01
14 0 +6.291686212e+01 +9.061686212e+01 +9.061686212e+01 +3.4354e-01 -4.9686e-02 -8.2328e-01 +3.2518e-01 -3.3153e-01
18 0 +6.048596760e+01 +8.818596760e+01 +8.818596760e+01 +4.7109e-01 +7.8986e-03 -8.1435e-01 +1.2907e-01 -5.8240e-01
22 0 +5.545115612e+01 +8.315115612e+01 +8.315115612e+01 +3.3060e-01 +5.0501e-01 -1.0252e+00 +6.5505e-01 -3.1898e-01
27 0 +4.244936006e+01 +7.014936006e+01 +7.014936006e+01 +3.4765e-01 +5.9369e-01 -1.2738e+00 +3.2200e-01 -1.1070e+00
34 0 +3.595589556e+01 +6.365589556e+01 +6.365589556e+01 +1.0693e+00 +7.7197e-01 -1.4636e+00 +7.2083e-01 -1.1007e+00
35 0 +3.538979164e+01 +6.308979164e+01 +6.308979164e+01 +1.1830e+00 +6.1615e-01 -1.7395e+00 +4.9521e-01 -1.2360e+00
42 0 +3.324721183e+01 +6.094721183e+01 +6.094721183e+01 +6.8551e-01 +1.6547e+00 -1.4416e+00 +4.3617e-01 -6.8587e-01
47 0 +3.170381488e+01 +5.940381488e+01 +5.940381488e+01 +1.2594e+00 +9.5575e-01 -2.7208e+00 +8.5267e-01 -1.9907e+00
49 0 +2.807764523e+01 +5.577764523e+01 +5.577764523e+01 +1.3055e+00 +1.2668e+00 -2.0074e+00 +8.0672e-01 -1.2567e+00
52 0 +2.714800928e+01 +5.484800928e+01 +5.484800928e+01 +1.7004e+00 +1.8837e+00 -2.6413e+00 +3.5967e-01 -1.3826e+00
81 0 +2.565700706e+01 +5.335700706e+01 +5.335700706e+01 +1.9954e+00 +2.0141e+00 -3.8022e+00 +1.2071e+00 -2.1490e+00
83 0 +2.369732066e+01 +5.139732066e+01 +5.139732066e+01 +1.8943e+00 +8.7684e-01 -2.6818e+00 +1.7195e+00 -2.5130e+00
84 0 +2.068803289e+01 +4.838803289e+01 +4.838803289e+01 +2.7682e+00 +2.1126e+00 -3.3032e+00 +1.4121e+00 -2.6155e+00
94 0 +1.250071514e+01 +4.020071514e+01 +4.020071514e+01 +2.4055e+00 +1.4072e+00 -3.2474e+00 +2.4270e+00 -2.8503e+00
115 0 +1.073931180e+01 +3.843931180e+01 +3.843931180e+01 +2.8021e+00 +1.2291e+00 -3.5878e+00 +2.5503e+00 -2.8972e+00
122 0 +9.841051061e+00 +3.754105106e+01 +3.754105106e+01 +3.2085e+00 +9.0100e-01 -3.7795e+00 +1.7565e+00 -2.6210e+00
124 0 +9.337440750e+00 +3.703744075e+01 +3.703744075e+01 +3.1929e+00 +2.0332e+00 -4.0109e+00 +2.0679e+00 -3.3100e+00
129 0 +8.264418505e+00 +3.596441850e+01 +3.596441850e+01 +3.0132e+00 +1.3616e+00 -3.6911e+00 +1.7957e+00 -2.8136e+00
164 0 +8.091089381e+00 +3.579108938e+01 +3.579108938e+01 +3.1683e+00 +1.7963e+00 -3.9321e+00 +2.1677e+00 -2.6000e+00
327 0 +7.929629245e+00 +3.562962924e+01 +3.562962924e+01 +3.1451e+00 +1.4283e+00 -3.6785e+00 +2.2435e+00 -2.4295e+00
354 0 +7.756226197e+00 +3.545622620e+01 +3.545622620e+01 +3.4809e+00 +1.6467e+00 -3.8748e+00 +2.3232e+00 -2.5183e+00
380 0 +7.536140312e+00 +3.523614031e+01 +3.523614031e+01 +3.5588e+00 +1.4572e+00 -3.8855e+00 +1.9693e+00 -2.5219e+00
461 0 +7.412766659e+00 +3.511276666e+01 +3.511276666e+01 +3.7344e+00 +1.4723e+00 -3.8413e+00 +2.1043e+00 -2.5374e+00
% f evaluations | g evaluations | best noise-free fitness - Fopt (2.993000000000e+01) + sum g_i+ | measured fitness | best measured fitness or single-digit g-values | x1 | x2...
1 0 +6.962862681e+01 +9.955862681e+01 +9.955862681e+01 +0.0000e+00 +0.0000e+00 +0.0000e+00 +0.0000e+00 +0.0000e+00
2 0 +6.947383845e+01 +9.940383845e+01 +9.940383845e+01 +4.3379e-01 +3.0692e-02 +9.8026e-02 +3.4094e-01 +2.4727e-01
4 0 +6.901109830e+01 +9.894109830e+01 +9.894109830e+01 +2.4817e-01 +6.3376e-02 -2.2359e-01 +8.0318e-02 +2.1275e-01
5 0 +6.731254002e+01 +9.724254002e+01 +9.724254002e+01 +5.3256e-02 -2.3477e-01 +7.8699e-02 +1.0710e-01 +2.4729e-01
11 0 +6.483993725e+01 +9.476993725e+01 +9.476993725e+01 +3.5237e-01 -3.7450e-01 +3.5319e-02 +2.3515e-01 +6.0369e-01
26 0 +6.374043608e+01 +9.367043608e+01 +9.367043608e+01 +1.2143e-01 -4.2005e-01 -5.0648e-01 -1.6628e-01 +4.7255e-01
36 0 +5.876899154e+01 +8.869899154e+01 +8.869899154e+01 +1.5456e-01 -7.3887e-01 -5.2290e-01 -2.2618e-01 +3.6285e-01
37 0 +5.519351485e+01 +8.512351485e+01 +8.512351485e+01 +8.8002e-01 -5.2470e-01 -4.7588e-01 +2.5716e-01 +3.1088e-01
44 0 +5.415940252e+01 +8.408940252e+01 +8.408940252e+01 +6.1371e-01 -1.0489e+00 -4.7013e-01 -6.3180e-01 +2.1020e-01
46 0 +5.338329687e+01 +8.331329687e+01 +8.331329687e+01 +5.1945e-01 -1.0345e+00 -1.1005e+00 +2.5084e-01 +9.5165e-01
51 0 +3.658063938e+01 +6.651063938e+01 +6.651063938e+01 +1.1984e+00 -1.7119e+00 -5.7317e-01 -3.4648e-01 +1.0565e+00
61 0 +3.602139101e+01 +6.595139101e+01 +6.595139101e+01 +4.7886e-01 -1.4752e+00 -7.5397e-01 -1.8233e-01 +9.8258e-01
70 0 +3.018714524e+01 +6.011714524e+01 +6.011714524e+01 +1.1438e+00 -2.3427e+00 -8.9445e-01 +3.4949e-01 +6.1103e-01
73 0 +2.718070955e+01 +5.711070955e+01 +5.711070955e+01 +1.0443e+00 -2.3345e+00 -1.0723e+00 -4.6512e-01 +9.0403e-01
78 0 +2.300040962e+01 +5.293040962e+01 +5.293040962e+01 +1.0050e+00 -2.4801e+00 -6.5283e-01 +1.8183e-01 +1.0301e+00
82 0 +2.279327886e+01 +5.272327886e+01 +5.272327886e+01 +1.1371e+00 -4.2200e+00 -8.8042e-01 -9.2903e-01 +9.0069e-01
85 0 +1.957210488e+01 +4.950210488e+01 +4.950210488e+01 +7.9040e-01 -3.4066e+00 -1.4692e+00 -1.2975e-01 +1.5237e+00
89 0 +1.875996852e+01 +4.868996852e+01 +4.868996852e+01 +1.1216e+00 -3.6245e+00 -9.9062e-01 -3.1906e-01 +9.3952e-01
92 0 +1.046011828e+01 +4.039011828e+01 +4.039011828e+01 +4.5611e-01 -4.0811e+00 -7.5447e-01 +2.9417e-02 +9.3044e-01
113 0 +8.892003211e+00 +3.882200321e+01 +3.882200321e+01 +1.3925e-01 -3.6672e+00 -4.5250e-01 +1.7480e-01 +9.4144e-01
184 0 +8.690239116e+00 +3.862023912e+01 +3.862023912e+01 +1.3292e-02 -3.5076e+00 -6.5487e-01 -6.1049e-02 +1.3543e+00
210 0 +8.360838753e+00 +3.829083875e+01 +3.829083875e+01 -7.2764e-02 -3.6253e+00 -2.4999e-01 +9.5953e-03 +1.1529e+00
222 0 +8.243381757e+00 +3.817338176e+01 +3.817338176e+01 -2.3232e-01 -4.0592e+00 -2.8323e-01 -1.1947e-03 +1.2457e+00
243 0 +8.088067062e+00 +3.801806706e+01 +3.801806706e+01 -4.1845e-01 -4.0329e+00 -4.0055e-01 +2.6761e-02 +1.2794e+00
265 0 +7.927978985e+00 +3.785797899e+01 +3.785797899e+01 -3.0542e-01 -3.7757e+00 -4.6866e-01 -1.3619e-01 +1.2079e+00
% f evaluations | g evaluations | best noise-free fitness - Fopt (-1.983000000000e+01) + sum g_i+ | measured fitness | best measured fitness or single-digit g-values | x1 | x2...
1 0 +1.500691314e+01 -4.823086858e+00 -4.823086858e+00 +0.0000e+00 +0.0000e+00 +0.0000e+00 +0.0000e+00 +0.0000e+00
2 0 +6.524979972e+00 -1.330502003e+01 -1.330502003e+01 +4.3379e-01 +3.0692e-02 +9.8026e-02 +3.4094e-01 +2.4727e-01
10 0 +6.105250835e+00 -1.372474916e+01 -1.372474916e+01 +8.4680e-01 +8.4917e-02 +1.3836e-01 +3.9604e-01 +3.9198e-01
19 0 +2.432810271e+00 -1.739718973e+01 -1.739718973e+01 +6.3265e-01 -2.3284e-01 +4.2311e-01 +8.9291e-01 +2.0055e-01
25 0 +2.278317575e+00 -1.755168243e+01 -1.755168243e+01 +6.3349e-01 -1.3968e-01 +2.4876e-01 +7.9318e-01 +1.5866e-01
34 0 +1.330327043e+00 -1.849967296e+01 -1.849967296e+01 +1.2512e+00 +2.8173e-01 +3.8340e-01 +1.4720e+00 +1.6258e-01
35 0 +7.019783052e-01 -1.912802169e+01 -1.912802169e+01 +1.2528e+00 +1.5483e-01 +2.1781e-01 +1.2050e+00 +6.5284e-02
42 0 +5.296599467e-01 -1.930034005e+01 -1.930034005e+01 +7.6848e-01 +1.0749e+00 +3.8272e-01 +9.5135e-01 +3.7289e-01
49 0 +2.128847052e-01 -1.961711529e+01 -1.961711529e+01 +1.0271e+00 +5.4353e-01 +2.3066e-01 +9.7407e-01 -2.0074e-02
73 0 +1.454907440e-01 -1.968450926e+01 -1.968450926e+01 +1.0782e+00 +5.6011e-01 +1.2961e-01 +1.5174e+00 +3.5192e-02
155 0 +1.267535218e-01 -1.970324648e+01 -1.970324648e+01 +9.4860e-01 +5.7012e-01 +2.3148e-01 +1.4207e+00 +8.3159e-02
165 0 +9.212151509e-02 -1.973787848e+01 -1.973787848e+01 +9.1315e-01 +7.7493e-01 +1.6928e-01 +1.5129e+00 +9.5730e-02
177 0 +7.893449699e-02 -1.975106550e+01 -1.975106550e+01 +8.9016e-01 +7.0911e-01 +2.0588e-01 +1.3788e+00 +4.2564e-02
185 0 +6.160827192e-02 -1.976839173e+01 -1.976839173e+01 +9.6915e-01 +8.1498e-01 +2.4015e-01 +1.4203e+00 -1.5372e-02
200 0 +4.291146464e-02 -1.978708854e+01 -1.978708854e+01 +8.3174e-01 +9.4617e-01 +2.8877e-01 +1.4242e+00 +8.6035e-02
210 0 +3.914847413e-02 -1.979085153e+01 -1.979085153e+01 +8.0490e-01 +9.1656e-01 +2.7603e-01 +1.4298e+00 +6.9908e-02
225 0 +3.632246505e-02 -1.979367753e+01 -1.979367753e+01 +7.6759e-01 +9.6853e-01 +3.1225e-01 +1.4713e+00 +7.0349e-02
233 0 +3.063749418e-02 -1.979936251e+01 -1.979936251e+01 +5.9140e-01 +9.6219e-01 +3.4381e-01 +1.4348e+00 +1.3449e-01
236 0 +2.683856788e-02 -1.980316143e+01 -1.980316143e+01 +6.2111e-01 +1.0740e+00 +3.1394e-01 +1.4575e+00 +1.1276e-01
244 0 +2.502701654e-02 -1.980497298e+01 -1.980497298e+01 +5.0632e-01 +1.0607e+00 +3.8028e-01 +1.4307e+00 +1.6349e-01
277 0 +2.183198024e-02 -1.980816802e+01 -1.980816802e+01 +6.4347e-01 +1.1067e+00 +3.0589e-01 +1.4143e+00 +9.6447e-02
298 0 +1.761469096e-02 -1.981238531e+01 -1.981238531e+01 +6.0932e-01 +1.1381e+00 +3.3253e-01 +1.3865e+00 +1.1366e-01
305 0 +1.711470248e-02 -1.981288530e+01 -1.981288530e+01 +5.6863e-01 +1.1359e+00 +3.3727e-01 +1.3504e+00 +1.4494e-01
313 0 +1.603214791e-02 -1.981396785e+01 -1.981396785e+01 +5.3010e-01 +1.1482e+00 +3.4218e-01 +1.2984e+00 +1.5554e-01
323 0 +1.395321371e-02 -1.981604679e+01 -1.981604679e+01 +4.4175e-01 +1.2255e+00 +3.7296e-01 +1.2289e+00 +1.5986e-01
345 0 +1.373008004e-02 -1.981626992e+01 -1.981626992e+01 +5.2066e-01 +1.1065e+00 +3.9165e-01 +1.2490e+00 +1.3712e-01
351 0 +1.291203488e-02 -1.981708797e+01 -1.981708797e+01 +5.2665e-01 +1.1450e+00 +3.8665e-01 +1.2815e+00 +1.2423e-01
358 0 +1.220473634e-02 -1.981779526e+01 -1.981779526e+01 +5.7590e-01 +1.1015e+00 +3.7377e-01 +1.2199e+00 +1.0246e-01
362 0 +1.037016772e-02 -1.981962983e+01 -1.981962983e+01 +5.3313e-01 +1.1740e+00 +3.8218e-01 +1.2496e+00 +1.0767e-01
371 0 +8.598712418e-03 -1.982140129e+01 -1.982140129e+01 +5.2116e-01 +1.1264e+00 +3.8266e-01 +1.2005e+00 +7.9620e-02
377 0 +8.430573201e-03 -1.982156943e+01 -1.982156943e+01 +5.2227e-01 +1.1454e+00 +3.8633e-01 +1.2169e+00 +8.9487e-02
387 0 +8.192585178e-03 -1.982180741e+01 -1.982180741e+01 +5.0848e-01 +1.1106e+00 +3.9500e-01 +1.2020e+00 +5.0764e-02
390 0 +7.992566745e-03 -1.982200743e+01 -1.982200743e+01 +4.9881e-01 +1.1944e+00 +3.8233e-01 +1.2151e+00 +9.4738e-02
393 0 +7.852304681e-03 -1.982214770e+01 -1.982214770e+01 +4.8974e-01 +1.1522e+00 +3.8976e-01 +1.1906e+00 +8.6956e-02
397 0 +6.818588441e-03 -1.982318141e+01 -1.982318141e+01 +5.2604e-01 +1.1541e+00 +3.7713e-01 +1.1608e+00 +7.8493e-02
401 0 +6.407135554e-03 -1.982359286e+01 -1.982359286e+01 +5.2846e-01 +1.1856e+00 +3.7984e-01 +1.1890e+00 +8.3803e-02
403 0 +5.842957963e-03 -1.982415704e+01 -1.982415704e+01 +5.4732e-01 +1.1372e+00 +3.6750e-01 +1.1170e+00 +3.6163e-02
410 0 +4.071561097e-03 -1.982592844e+01 -1.982592844e+01 +5.1233e-01 +1.2028e+00 +3.8898e-01 +1.1514e+00 +4.5789e-02
426 0 +3.801122715e-03 -1.982619888e+01 -1.982619888e+01 +5.6945e-01 +1.2978e+00 +4.1802e-01 +1.1718e+00 +2.9087e-02
428 0 +3.688611449e-03 -1.982631139e+01 -1.982631139e+01 +5.0344e-01 +1.2384e+00 +4.0116e-01 +1.1408e+00 +5.3116e-02
437 0 +3.542423116e-03 -1.982645758e+01 -1.982645758e+01 +5.1300e-01 +1.2880e+00 +4.1404e-01 +1.1346e+00 +4.3441e-02
442 0 +3.344402950e-03 -1.982665560e+01 -1.982665560e+01 +5.2305e-01 +1.2379e+00 +4.1195e-01 +1.0522e+00 +4.5070e-02
445 0 +2.849011687e-03 -1.982715099e+01 -1.982715099e+01 +4.7480e-01 +1.2799e+00 +4.2062e-01 +1.0811e+00 +3.5863e-02
450 0 +2.242487157e-03 -1.982775751e+01 -1.982775751e+01 +4.5403e-01 +1.2231e+00 +4.4596e-01 +9.7840e-01 +3.1406e-02
457 0 +2.235196854e-03 -1.982776480e+01 -1.982776480e+01 +4.9224e-01 +1.2458e+00 +4.2799e-01 +1.0415e+00 +3.5135e-02
458 0 +1.862859924e-03 -1.982813714e+01 -1.982813714e+01 +4.2383e-01 +1.3040e+00 +4.4936e-01 +1.0585e+00 +4.8501e-02
461 0 +8.562851979e-04 -1.982914371e+01 -1.982914371e+01 +5.4089e-01 +1.2905e+00 +4.5155e-01 +9.7425e-01 -2.4095e-02
469 0 +4.876126309e-04 -1.982951239e+01 -1.982951239e+01 +4.5046e-01 +1.3819e+00 +4.8249e-01 +9.8340e-01 -4.9246e-03
475 0 +2.467561768e-04 -1.982975324e+01 -1.982975324e+01 +4.9879e-01 +1.3977e+00 +4.7915e-01 +8.7336e-01 -5.0541e-02
481 0 +2.306511845e-04 -1.982976935e+01 -1.982976935e+01 +4.6647e-01 +1.3341e+00 +4.8634e-01 +8.9626e-01 -2.5692e-02
506 0 +1.808809688e-04 -1.982981912e+01 -1.982981912e+01 +4.3530e-01 +1.4279e+00 +5.0021e-01 +8.6461e-01 -2.0434e-02
522 0 +1.138025579e-04 -1.982988620e+01 -1.982988620e+01 +4.1034e-01 +1.4699e+00 +5.2368e-01 +7.7615e-01 -3.5685e-02
528 0 +5.593556164e-05 -1.982994406e+01 -1.982994406e+01 +3.8475e-01 +1.4848e+00 +5.3734e-01 +7.7440e-01 -3.8605e-02
535 0 +3.047267360e-05 -1.982996953e+01 -1.982996953e+01 +3.4940e-01 +1.5258e+00 +5.6368e-01 +7.1160e-01 -5.7572e-02
537 0 +2.778976058e-05 -1.982997221e+01 -1.982997221e+01 +3.6873e-01 +1.5035e+00 +5.5222e-01 +7.2053e-01 -6.1105e-02
538 0 +2.651193242e-05 -1.982997349e+01 -1.982997349e+01 +3.5208e-01 +1.5416e+00 +5.6291e-01 +7.3922e-01 -7.6450e-02
545 0 +2.360276821e-05 -1.982997640e+01 -1.982997640e+01 +3.6355e-01 +1.5233e+00 +5.6983e-01 +7.2548e-01 -6.2214e-02
550 0 +2.143819014e-05 -1.982997856e+01 -1.982997856e+01 +3.4747e-01 +1.4558e+00 +5.8957e-01 +6.5250e-01 -1.1403e-01
551 0 +8.014542022e-06 -1.982999199e+01 -1.982999199e+01 +3.6794e-01 +1.4989e+00 +5.6086e-01 +7.6031e-01 -5.7840e-02
553 0 +2.526048778e-06 -1.982999747e+01 -1.982999747e+01 +3.6931e-01 +1.4665e+00 +5.6010e-01 +7.2880e-01 -7.6647e-02
612 0 +2.277868568e-06 -1.982999772e+01 -1.982999772e+01 +3.5928e-01 +1.4621e+00 +5.6108e-01 +7.4338e-01 -7.7403e-02
640 0 +1.600794018e-06 -1.982999840e+01 -1.982999840e+01 +3.6767e-01 +1.4555e+00 +5.7921e-01 +7.1406e-01 -7.8768e-02
644 0 +1.028581163e-06 -1.982999897e+01 -1.982999897e+01 +3.8386e-01 +1.4725e+00 +5.5870e-01 +7.5017e-01 -8.4069e-02
649 0 +4.799834450e-07 -1.982999952e+01 -1.982999952e+01 +3.7869e-01 +1.4642e+00 +5.6722e-01 +7.2787e-01 -8.3238e-02
665 0 +2.270289130e-07 -1.982999977e+01 -1.982999977e+01 +3.7633e-01 +1.4696e+00 +5.7463e-01 +7.2197e-01 -8.6162e-02
674 0 +2.179382470e-07 -1.982999978e+01 -1.982999978e+01 +3.8016e-01 +1.4596e+00 +5.6792e-01 +7.4171e-01 -8.0005e-02
684 0 +1.622798145e-07 -1.982999984e+01 -1.982999984e+01 +3.8562e-01 +1.4736e+00 +5.7422e-01 +7.3996e-01 -8.9666e-02
697 0 +1.143762844e-07 -1.982999989e+01 -1.982999989e+01 +3.8331e-01 +1.4741e+00 +5.7081e-01 +7.4411e-01 -9.3041e-02
734 0 +7.347367870e-08 -1.982999993e+01 -1.982999993e+01 +3.9319e-01 +1.4631e+00 +5.7313e-01 +7.3441e-01 -9.8884e-02
750 0 +4.786519980e-08 -1.982999995e+01 -1.982999995e+01 +3.9350e-01 +1.4452e+00 +5.6864e-01 +7.4972e-01 -9.1415e-02
758 0 +1.587940091e-08 -1.982999998e+01 -1.982999998e+01 +3.8508e-01 +1.4574e+00 +5.6932e-01 +7.4176e-01 -9.1508e-02
776 0 +1.296810126e-08 -1.982999999e+01 -1.982999999e+01 +3.7142e-01 +1.4628e+00 +5.7607e-01 +7.2887e-01 -9.4842e-02
777 0 +1.256043802e-08 -1.982999999e+01 -1.982999999e+01 +3.8165e-01 +1.4591e+00 +5.7040e-01 +7.4235e-01 -9.3421e-02
779 0 +4.460378733e-09 -1.983000000e+01 -1.983000000e+01 +3.7523e-01 +1.4704e+00 +5.7646e-01 +7.3900e-01 -9.2540e-02
1065 0 +0.000000000e+00 -1.983000000e+01 -1.983000000e+01 +3.7412e-01 +1.4625e+00 +5.7869e-01 +7.3689e-01 -9.2408e-02
